0.177751 0.111290 -0.227134 0.184867 0.156831 -0.209202 0.146442 0.039528 -0.169212 0.200237
0.217457 -0.115702 0.067564 0.050308 -0.012719 -0.040738 -0.071157 -0.397342 0.137262 -0.381972
-0.285768 0.008357 -0.184582 -0.257589 0.090868 -0.246204 -0.129435 0.039563 -0.130929 -0.348955
-0.076636 -0.362617 -0.016242 -0.051482 -0.333585 -0.005595 -0.029904 0.056036 -0.046501 -0.306261
0.158254 0.092576 0.070232 -0.132779 -0.031843 -0.223149 0.091579 -0.027004 -0.100688 -0.220872
-0.062690 0.030153 -0.138187 -0.226849 -0.013493 -0.150142 0.058918 -0.057922 -0.138970 0.011163
0.091579 -0.115132 -0.065394 0.211479 0.202087 -0.027324 0.181878 -0.141888 -0.181166 0.012550
0.031185 0.022859 -0.056748 -0.060270 0.129222 0.057282 0.406166 0.070410 0.171347 0.122035
0.128083 -0.033177 -0.093999 0.090512 -0.291175 -0.101826 -0.126304 -0.089943 0.004630 -0.104103
-0.107163 0.120398 -0.145872 -0.293168 0.129008 0.086243 -0.311384 0.305407 0.075498 0.257020
0.165512 0.183586 0.304553 0.133633 -0.159677 0.226422 0.058349 -0.028374 -0.183728 -0.150569
-0.009597 -0.277371 0.035472 0.363187 -0.103178 0.118406 0.162523 -0.255739 -0.039706 -0.187997
-0.474192 -0.126162 -0.130645 -0.155834 0.059737 -0.269971 0.061373 -0.013893 -0.067137 -0.168927
-0.018430 0.082827 -0.160958 0.083183 0.008663 0.064255 0.107732 -0.012897 0.021418 -0.017567
-0.287475 0.021240 -0.008663 -0.294876 -0.325331 -0.276375 0.147296 -0.317077 -0.240085 0.407304
0.081546 -0.115275 0.413281 -0.259439 0.427513 0.028321 -0.473053 0.166935 0.174620 -0.070944
0.115631 -0.047284 -0.014632 -0.287333 0.167789 0.209202 0.236811 0.478177 0.206783 0.174478
0.297722 0.005154 -0.070517 -0.005848 -0.135768 -0.069521 0.164800 0.066212 0.156973 0.055823
0.211906 0.228984 0.156973 0.274240 0.364325 -0.003769 0.387095 0.194544 -0.110507 -0.034814
-0.184155 -0.091152 -0.167789 -0.126589 0.313377 0.004937 -0.116200 -0.044936 0.128866 -0.208633
0.006373 0.016918 0.104032 0.025030 -0.062903 0.167931 0.211479 0.154411 -0.007156 -0.051304
0.187997 -0.121679 -0.052301 0.136053 0.131783 -0.094283 0.149288 -0.290322 -0.144947 -0.052550
-0.079411 -0.050664 -0.242077 0.244639 -0.024211 -0.028979 -0.064077 -0.230976 -0.028072 -0.088448
-0.246631 0.141674 -0.239231 0.122675 -0.087452 -0.173339 0.058135 0.028534 -0.284629 0.368879
0.005034 -0.095991 0.216887 0.064433 -0.068987 -0.167646 -0.081689 -0.297437 0.101613 0.029886
-0.195967 0.261147 0.120896 -0.231403 -0.001512 -0.141247 -0.377418 -0.083539 -0.176328 -0.080479
0.101755 0.257589 0.398196 0.214041 0.273528 0.268121 0.093501 0.100901 0.217884 -0.099691
-0.038176 -0.139611 -0.236811 -0.219591 -0.210199 -0.339847 -0.078202 -0.047391 -0.127300 -0.187997
-0.073648 -0.027947 -0.117694 0.306261 0.428936 0.005439 0.100403 -0.158538 -0.110909 -0.149538
-0.277131 -0.007635 0.374636 0.202023 0.079576 0.325544 -0.020516 -0.056359 0.193200 -0.172726
-0.053164 0.048922 -0.117413 -0.126915 -0.456983 -0.161528 -0.180531 -0.045302 -0.046094 0.210846
0.413999 0.170803 -0.130082 0.092132 0.127706 -0.017943 0.075447 0.196593 -0.050421 0.066342
0.029014 -0.234600 -0.276226 -0.026723 0.137434 0.131326 0.031474 -0.024108 -0.091057 -0.050986
0.076013 -0.183133 -0.046716 -0.212882 0.070923 -0.031135 -0.165487 0.213334 -0.030880 -0.034726
0.117413 0.055483 -0.049205 0.031700 -0.056840 -0.059498 -0.049233 -0.113793 0.121259 -0.092811
-0.145918 -0.098636 0.004153 0.020728 -0.024419 0.054238 0.144560 -0.011156 0.017787 0.034783
-0.097052 -0.013588 -0.110513 0.014358 0.140149 -0.308577 -0.012004 0.020898 -0.115829 -0.066285
-0.000991 0.073581 -0.107289 -0.242518 -0.028873 -0.098466 0.003673 0.181662 0.035405 0.182341
0.052287 0.010718 -0.096770 0.031333 -0.013326 -0.037413 -0.013758 -0.174536 -0.274642 -0.204964
0.031304 -0.009205 -0.182567 0.008561 0.089417 -0.038855 -0.011432 -0.034047 0.077936 -0.069848
0.107459 0.001976 -0.089361 0.006239 -0.049657 0.084214 -0.064758 0.127028 -0.150669 -0.037893
0.329163 -0.119223 -0.032322 0.237767 0.058593 0.185508 0.120580 0.020149 0.050138 0.006285
-0.009544 0.024899 0.026370 0.016430 0.196141 -0.027077 0.046547 0.136190 0.037837 0.015341
-0.121938 0.054182 0.041768 -0.135059 0.030626 0.035857 -0.200552 -0.159944 0.158360 0.210506
0.162319 0.152139 0.044228 -0.065097 0.021859 -0.300659 -0.237767 0.179287 0.099088 -0.028123
-0.049544 0.005309 0.039618 0.154741 -0.008738 -0.214239 0.155193 0.039109 -0.092302 0.110061
0.193426 0.113171 0.290026 0.128385 -0.062722 0.153157 0.204851 -0.050675 -0.193200 -0.063457
-0.213787 0.160397 0.168428 -0.244328 0.227021 0.109665 0.070357 -0.197951 -0.106893 0.081612
-0.070357 -0.355406 0.240482 0.053418 -0.129290 0.187318 0.157682 0.174762 0.048696 -0.044595
-0.331426 -0.105875 0.063966 -0.092132 0.115716 0.237541 -0.073920 -0.043379 0.087664 -0.087381
-0.131552 0.100389 -0.118997 -0.100446 -0.108420 0.015313 0.067699 0.012506 0.029353 0.139357
-0.042984 -0.273511 0.078558 -0.061138 0.023471 -0.113284 0.040523 -0.076579 -0.015129 -0.185169
-0.600412 -0.201910 0.003028 0.049912 0.046914 0.034952 0.205190 0.216728 0.045444 -0.002291
0.008879 -0.154967 -0.292741 -0.265819 -0.085967 -0.013673 -0.044878 0.205303 0.082743 0.073920
-0.023372 -0.043379 -0.108138 -0.007147 -0.082178 -0.145918 -0.074090 -0.060686 -0.083252 0.186300
0.038855 -0.062552 0.212542 -0.001613 -0.183924 0.027685 -0.138113 -0.196480 -0.032492 -0.039901
0.022510 -0.129290 0.227473 0.234600 -0.032040 0.017999 0.191051 0.028406 -0.031135 0.056981
-0.015073 -0.009353 -0.050421 -0.042475 -0.113850 -0.073807 0.021085 0.227119 -0.033323 -0.028551
0.033859 -0.316765 -0.050533 0.008237 -0.214680 0.170714 0.440940 0.151412 0.179615 0.024355
0.173395 -0.068522 -0.106589 0.122460 0.261004 0.194198 -0.022251 0.024436 0.125784 0.089271
0.119564 0.108466 -0.007392 -0.059997 0.095169 -0.123854 0.129108 -0.088842 -0.184226 -0.075545
0.085035 0.022130 -0.010864 -0.280520 -0.125248 -0.121066 -0.238914 0.019382 0.026326 0.014517
0.073079 0.074848 0.031660 -0.092220 -0.118921 -0.203206 -0.106375 -0.102568 0.050292 -0.048978
0.056458 0.181652 -0.034583 0.035682 -0.165674 0.037210 0.074044 -0.056083 0.103908 0.267009
-0.025669 -0.178864 0.165889 -0.122674 -0.073454 -0.031419 -0.084660 -0.144871 -0.034180 0.030669
0.097582 -0.066699 -0.123425 0.122460 0.021822 0.195807 -0.081765 0.020535 -0.157846 -0.029596
-0.027988 0.251568 0.134470 -0.012090 0.070720 0.007278 -0.352366 -0.178650 -0.032786 -0.245563
-0.134684 -0.121816 -0.193126 0.000452 -0.047772 0.106643 0.301538 0.165245 0.077529 0.221114
0.071471 0.001091 0.066484 0.086108 0.041740 0.046673 -0.088038 0.064876 0.099941 -0.181438
0.056190 0.032599 -0.091898 -0.132218 0.015133 0.101067 -0.092542 0.104445 0.236770 -0.022117
0.066913 -0.082355 0.180258 -0.014838 -0.066699 0.317623 0.068307 -0.025495 0.063964 0.007345
-0.115168 0.170822 0.269368 0.120315 -0.029114 -0.219398 0.075760 -0.115168 -0.147981 -0.038416
0.193448 0.322556 0.156131 -0.114203 0.146372 0.048308 -0.114846 0.162457 0.032197 0.003904
-0.221757 -0.070130 -0.075170 -0.139188 -0.114846 -0.010623 0.059460 0.050828 0.077422 0.010268
-0.087823 0.019516 -0.058978 -0.110128 -0.059085 0.014865 -0.039944 -0.148303 -0.212213 -0.129751
-0.075438 0.008156 -0.029060 0.029248 -0.044582 -0.025950 0.079567 0.124712 0.156452 -0.069165
0.101442 0.083802 -0.019382 -0.098922 -0.036566 0.017908 -0.151305 -0.100638 -0.189694 -0.258431
-0.384536 0.038899 0.103587 -0.028604 -0.154522 -0.148303 0.131467 -0.074419 -0.256715 0.070130
-0.018417 0.124926 -0.001294 -0.108466 -0.039917 0.041660 0.006545 -0.105356 0.018457 -0.022144
0.028015 0.064768 0.086858 0.197630 0.156345 -0.013954 0.004879 0.008103 -0.088360 -0.011588
-0.026031 0.079727 0.386895 0.039033 0.224760 0.232695 0.063482 0.116884 -0.038497 -0.164173
-0.050078 -0.026473 -0.133612 0.011595 -0.113238 -0.142834 0.025146 0.004222 0.042839 0.297463
0.065197 -0.080532 0.288456 0.010951 -0.162136 -0.061980 -0.012600 -0.140046 0.010857 -0.041901
0.181759 0.099458 -0.016621 0.078548 -0.085411 -0.059782 -0.017693 0.147445 -0.063428 -0.118492
-0.235912 0.001418 -0.039515 -0.074044 0.061766 0.002575 0.070934 0.028283 -0.114095 0.044341
-0.121173 -0.154093 -0.053858 -0.140046 -0.047879 0.019744 0.090826 -0.135220 -0.291673 -0.097528
-0.127821 0.007855 0.113988 -0.019597 -0.017504 0.047238 0.080512 -0.029325 0.044253 0.215533
0.041797 0.253863 0.008282 0.002165 0.066499 -0.078441 0.106900 -0.015987 0.026677 0.064621
-0.111234 0.063851 -0.128376 0.070833 0.188664 -0.127028 -0.068570 0.001227 -0.194827 -0.129339
-0.035994 -0.002653 -0.011123 0.044879 -0.156979 -0.220156 0.108922 0.000156 -0.023210 0.140414
-0.006922 0.017829 -0.015710 -0.108633 -0.047527 -0.103914 -0.063851 -0.077527 0.033250 -0.183463
-0.042254 0.028531 -0.089998 -0.127221 0.104492 -0.023089 0.044301 0.095488 0.031372 0.022259
-0.049550 0.076804 -0.082727 0.029229 0.026869 -0.132806 0.000358 0.037246 -0.070544 -0.044951
-0.034718 -0.127606 -0.025666 -0.100062 0.079982 0.169403 -0.070641 0.051476 0.031155 0.091250
-0.187316 0.028362 -0.009962 -0.023294 0.030385 -0.029470 0.038691 0.006567 -0.121346 0.021573
-0.083016 -0.219386 -0.017311 0.002590 0.062936 0.039726 -0.115953 -0.075456 -0.103529 -0.350555
0.177107 -0.012213 -0.089757 -0.271391 -0.073722 -0.052150 -0.446861 0.003997 0.071315 -0.151297
0.110656 0.056050 0.058843 0.003308 0.184426 -0.153512 0.036067 0.150045 -0.110848 -0.122309
0.143304 0.042278 0.063851 0.058121 -0.016095 -0.000588 -0.162950 -0.032239 0.007127 -0.120190
-0.080753 -0.057832 0.011436 -0.049983 -0.144556 0.085279 -0.176529 -0.071700 0.076563 0.169210
0.365771 0.042784 0.290845 0.110078 0.206866 0.251552 0.189338 0.028531 0.100929 0.085375
0.179033 0.005836 -0.104011 -0.008397 0.063369 -0.107189 0.005923 -0.015891 0.149082 0.181152
-0.173062 0.043843 0.167958 -0.041291 -0.081957 -0.077864 0.147060 -0.063899 0.001535 0.205325
0.046733 0.143785 0.054846 -0.004427 -0.039341 -0.027231 -0.096980 -0.079453 -0.018274 0.083931
0.040112 -0.004993 0.059614 0.008517 -0.027399 -0.007626 0.063081 -0.241921 -0.175566 0.034285
-0.195791 -0.055617 -0.092502 -0.020248 -0.165743 -0.159868 -0.053980 -0.029879 -0.068281 0.092117
0.042303 -0.011466 0.009980 0.158135 0.023150 -0.046829 -0.116434 -0.026268 -0.141859 0.014542
0.190205 -0.117975 -0.017431 0.058699 -0.314343 -0.184715 -0.089035 -0.153897 -0.095343 -0.026701
0.176337 -0.171907 -0.064718 0.035826 -0.038017 -0.014915 0.011009 0.073530 -0.030361 0.070930
0.000953 0.019261 0.106900 0.020886 0.103625 0.069678 -0.049405 -0.010558 -0.040954 -0.102951
-0.056484 0.122790 -0.098473 0.083738 0.094332 -0.042254 0.029903 -0.041267 0.109789 0.007939
0.156209 -0.129821 0.140800 0.278710 0.016649 0.273702 -0.104492 -0.098425 0.018106 -0.161698
-0.078441 -0.039437 -0.089517 -0.148504 0.173544 -0.057495 0.026532 0.091684 -0.009944 0.042977
0.099581 0.009107 0.052776 0.108152 0.101122 -0.116531 -0.009522 0.004541 -0.317040 -0.025377
-0.024654 0.013098 0.017203 0.140029 0.308565 0.158038 -0.326478 -0.147349 -0.043314 -0.085616
0.116049 0.187412 -0.078149 -0.144123 -0.101662 -0.167712 -0.048472 0.041510 0.066430 0.206825
0.146482 0.033995 -0.059430 0.006040 0.076094 0.031142 0.023703 0.028707 -0.048092 0.021021
0.060419 -0.141079 -0.093216 0.108815 0.073317 -0.018386 0.085302 0.008394 0.108206 0.148689
0.134839 0.117185 0.022067 -0.066583 -0.025339 -0.175017 -0.226609 -0.127002 -0.056120 -0.004002
-0.038161 0.006530 0.054065 0.033444 0.022543 0.023703 -0.029068 -0.052201 0.033424 -0.013887
0.010254 -0.028288 0.015352 0.026557 0.009017 -0.086748 -0.056158 0.045581 -0.034908 0.022657
-0.038599 -0.019414 -0.011129 -0.034014 -0.076437 -0.064262 -0.045200 -0.028592 -0.077084 -0.023000
-0.056652 0.009455 0.047483 -0.010558 0.006573 0.056919 -0.083856 0.025282 -0.057832 0.070425
-0.024103 0.056538 0.055207 0.034528 0.071148 0.043374 -0.027584 0.135600 0.062017 0.136894
0.097020 -0.107978 -0.024883 0.170299 0.051782 0.005217 -0.024483 0.007576 -0.128676 -0.313509
-0.079290 -0.048358 -0.062512 0.010149 -0.041624 -0.074535 -0.085302 0.126241 0.130654 -0.058859
0.032645 0.091998 0.007510 -0.057832 0.009826 -0.084313 -0.067153 0.078529 -0.088346 -0.027166
-0.072023 -0.099760 0.096792 0.110565 0.108511 -0.015552 -0.111250 -0.077692 0.029962 0.003434
-0.064033 -0.008323 -0.034737 -0.031123 -0.045581 0.024065 0.121827 0.057718 0.110870 0.045657
-0.000181 -0.052733 0.083628 -0.028669 -0.029867 0.078529 0.033386 0.213825 0.106304 -0.021306
0.007381 -0.004385 -0.054027 -0.044211 -0.115587 0.052277 -0.009260 0.046570 -0.057984 -0.112163
0.018976 0.097020 0.162386 0.071339 -0.088574 -0.001791 0.003186 -0.127002 0.057337 0.041662
-0.020222 -0.081497 -0.025891 -0.018168 -0.064756 -0.064566 -0.005056 -0.015904 0.045466 -0.031180
0.018453 0.002908 -0.086824 -0.049499 -0.042689 -0.056272 -0.043146 -0.046760 0.054027 0.078149
-0.003752 -0.041928 -0.127610 -0.092150 -0.149221 -0.088498 -0.038047 -0.080127 0.037667 0.070844
-0.157059 -0.130274 0.012670 -0.037457 -0.006925 0.041586 0.089639 0.275310 0.121218 0.089868
-0.034071 0.006363 -0.101053 -0.127534 -0.049880 -0.068409 -0.058174 -0.006335 -0.071757 -0.017083
0.054217 0.011528 -0.088726 0.014810 0.144656 0.043260 -0.038123 0.082715 0.188258 -0.039531
0.143514 -0.015419 0.021934 -0.165734 -0.322336 -0.156298 -0.040825 0.092683 -0.016807 0.026272
-0.001210 0.011928 -0.009074 0.047255 -0.006525 0.058479 -0.010644 -0.024179 0.083171 -0.048586
-0.058593 0.050565 -0.268461 -0.124795 -0.073850 -0.018044 -0.118707 -0.043602 -0.079367 -0.114979
-0.064110 -0.067876 -0.043488 0.033253 0.147699 0.042917 -0.049576 0.035574 -0.024502 0.044858
-0.124491 -0.155765 -0.008109 -0.065479 -0.109804 -0.129589 -0.100064 -0.070197 -0.039493 0.102119
0.054103 0.010796 -0.131415 0.002787 0.227370 0.173952 0.245937 -0.013193 0.058555 0.088346
0.018730 0.096553 0.133635 0.053333 0.175195 0.234666 0.034415 0.002836 -0.089006 -0.094843
0.311547 0.015572 -0.021409 0.665760 0.175295 -0.101434 0.019761 -0.152654 -0.128302 0.179019
0.049585 -0.061333 0.040553 -0.070843 -0.266666 -0.148327 -0.068880 -0.180427 -0.034440 -0.019648
-0.118943 0.149635 -0.135648 -0.032629 0.110994 0.067522 0.090717 0.135446 0.034918 0.069132
0.167446 -0.039748 -0.061182 -0.160302 -0.130918 0.090465 0.020868 0.012579 -0.068780 -0.136352
-0.006025 -0.055849 -0.075170 -0.052981 0.132226 0.085132 -0.045006 0.031346 0.045358 -0.004648
0.059019 0.075472 0.062490 0.017421 0.034088 -0.004921 -0.007541 -0.029836 0.022730 -0.052981
-0.083321 -0.021962 0.021711 0.056201 0.013459 -0.043774 0.009277 -0.033057 -0.097912 0.012069
-0.101383 -0.006572 -0.037862 -0.019585 0.056855 0.003698 0.031195 -0.118339 -0.141786 0.129509
-0.030792 -0.148025 0.057107 0.273710 -0.121560 0.121962 0.252981 0.346163 0.094994 -0.013635
0.049535 0.018843 0.028352 0.210717 0.077635 -0.206289 0.103144 0.043296 -0.093434 -0.053484
-0.146515 0.023962 -0.004318 0.055346 0.006396 0.066868 -0.023384 0.069434 0.052880 0.036855
0.198641 0.113912 -0.014415 0.000773 0.076880 0.060579 0.055346 0.234666 0.114817 0.069635
0.277132 -0.005811 0.032302 0.008088 -0.008346 0.087446 0.089962 0.050264 0.080553 -0.004821
0.047346 0.110390 0.224603 0.112805 -0.064000 -0.050717 -0.115421 0.016252 0.000735 -0.087094
-0.081912 0.013094 -0.059472 0.019761 0.196629 -0.175597 0.058063 0.376955 -0.144402 -0.115321
-0.025409 -0.149434 0.007465 0.000641 0.102541 0.011679 0.148528 0.192100 0.105660 -0.050239
-0.108780 -0.045736 -0.011415 -0.091824 -0.075119 -0.173283 -0.335899 -0.020755 -0.012931 -0.195421
0.165333 0.099472 -0.051723 0.034667 -0.027421 0.023849 0.019371 0.028050 0.034742 -0.011553
0.402918 0.012635 -0.039446 -0.072251 0.133333 0.010440 0.145107 0.013308 -0.047673 -0.368704
-0.086189 0.134943 -0.024075 -0.068126 -0.041711 0.145710 -0.040855 0.004516 0.061836 0.210515
0.024302 0.046490 0.218163 -0.142390 -0.009264 0.089610 -0.037711 0.191497 0.138566 0.053031
-0.027698 -0.024541 -0.087396 0.004909 0.106063 -0.135547 0.123572 -0.083321 -0.070340 0.207899
0.043950 0.116226 -0.116729 0.053434 0.086742 0.090012 0.158390 -0.006255 -0.017698 0.100126
0.068830 -0.025698 0.088100 0.129308 0.107270 0.102843 0.302289 0.132729 0.158792 0.138666
0.300477 0.123975 0.007962 -0.052780 -0.014113 0.038390 0.002310 -0.108377 -0.007333 0.016516
-0.056453 0.142490 0.013182 -0.145409 0.056101 -0.266062 -0.171471 -0.087497 0.065610 -0.190289
0.032931 0.053887 0.080201 0.111396 0.021421 -0.066264 0.018491 -0.060780 -0.083220 0.073207
0.146515 -0.152654 -0.027296 -0.210918 -0.438741 -0.154566 0.057157 -0.300679 -0.044406 -0.173729
-0.085696 -0.045380 0.024384 0.026468 0.030987 0.021872 0.031532 0.088267 0.050249 0.133997
0.108288 0.031201 0.056949 0.083670 -0.086942 -0.061078 -0.189933 -0.000898 0.089357 -0.026916
0.074555 0.113196 -0.021463 0.106263 0.109301 0.006564 -0.132828 -0.060221 0.011851 0.050327
0.095434 0.068167 0.140697 0.179805 -0.024871 0.070933 -0.073426 0.036908 0.190868 -0.174196
0.084371 0.057260 -0.051963 -0.029078 -0.093253 0.005819 0.122623 0.086942 0.074322 0.030403
0.050288 0.083514 0.067388 0.019194 -0.060143 0.017646 -0.075023 -0.116390 -0.056248 -0.067778
-0.036187 0.004845 -0.067193 -0.108756 0.070504 -0.072374 -0.021482 0.106263 0.087254 0.057338
-0.060883 -0.061272 0.021794 0.037200 -0.007450 0.024443 0.069764 0.000634 -0.014237 -0.009178
0.086085 -0.033480 0.032077 0.122623 -0.174196 -0.074750 -0.065168 -0.076074 0.014763 -0.018084
0.085228 0.058780 -0.035057 -0.071478 0.047288 0.102212 0.034200 -0.040121 -0.023352 0.033499
0.114910 0.073075 -0.136880 0.053560 -0.014461 -0.005682 0.026877 -0.096525 -0.046743 0.148176
0.080165 0.053677 0.117559 0.257087 0.154642 0.040199 -0.052158 0.010157 0.239948 0.120442
-0.205358 0.191803 -0.009821 -0.235897 -0.006559 0.102368 0.001564 0.029409 0.186194 0.014997
-0.134464 0.069219 0.032934 -0.009276 -0.086319 -0.085150 -0.037024 -0.044367 -0.179338 -0.048574
-0.150046 -0.171080 0.010692 -0.028202 -0.022631 0.126284 0.088656 0.059130 0.160173 0.193361
0.129089 0.062597 -0.091071 -0.124648 0.119585 0.170457 -0.095668 0.053326 0.066064 -0.010488
-0.031824 -0.049820 -0.027949 -0.092707 0.039459 0.220784 -0.150747 -0.033168 0.171080 -0.004915
0.044640 0.015932 -0.031727 -0.043043 0.008716 0.114754 0.098005 0.011676 0.068479 -0.045068
-0.020314 0.075062 0.076036 0.018444 -0.033246 -0.053871 -0.023196 0.026585 -0.020002 0.036908
0.033986 -0.131115 0.217511 0.070348 0.168431 0.114754 -0.065401 -0.260983 0.004107 -0.102835
0.118883 0.016243 0.043198 0.221563 0.115845 -0.122000 0.018045 0.056131 -0.087566 -0.057027
0.038193 -0.193672 -0.104549 0.098784 -0.062947 -0.062090 0.032039 -0.030461 -0.020177 -0.018853
0.182454 0.154097 -0.077633 -0.007679 -0.021813 -0.108600 -0.011140 -0.011403 -0.168275 0.001939
-0.200684 -0.060688 -0.010615 -0.009772 -0.122467 0.059675 -0.072958 0.000575 -0.019642 -0.035875
0.019574 -0.194140 -0.120753 -0.117170 -0.146150 -0.062714 -0.020742 0.028942 0.197879 0.190712
-0.076464 -0.054417 -0.049626 -0.032370 0.015873 0.063493 -0.024482 0.035739 0.102445 0.028338
-0.071322 0.051612 0.146774 0.107198 0.004058 0.142021 0.126051 0.072725 -0.023995 -0.027247
0.032701 -0.031785 -0.037433 0.050833 -0.017879 -0.012251 -0.007094 0.023858 -0.051379 0.010274
0.116157 0.006948 0.123246 0.085852 0.051534 0.117403 0.144303 0.313503 0.406717 -0.185134
-0.145398 0.053628 -0.130560 0.011073 -0.107754 0.132751 0.159739 0.005919 0.257534 0.049122
0.004746 0.000673 -0.156552 -0.054375 -0.044889 -0.119804 -0.071653 -0.198877 -0.194097 -0.039536
-0.161532 -0.202661 0.035279 0.087388 -0.002877 -0.090177 0.076085 0.110941 0.154062 0.105563
-0.026441 -0.016656 -0.013793 0.138128 0.061944 0.067720 0.268290 0.125182 -0.122792 0.202861
0.036350 0.024548 -0.013930 0.133647 0.094907 -0.005798 -0.003968 0.117016 0.057661 -0.062890
0.002479 -0.001502 -0.152071 -0.093314 -0.064633 -0.120501 -0.155357 -0.079820 -0.016681 0.057462
0.243791 0.169897 -0.094708 0.103870 0.085048 -0.053678 -0.132651 -0.015038 0.022743 -0.025133
-0.120402 0.094260 -0.071952 -0.013382 0.112236 -0.011116 0.189815 0.001889 0.080168 0.105563
0.012710 0.313104 0.080417 0.064682 -0.052284 -0.069562 -0.150179 -0.388194 -0.259526 -0.062940
-0.202661 -0.176370 0.035329 0.043321 -0.021063 0.236621 0.276854 0.160635 -0.111041 -0.165117
-0.092866 -0.220089 -0.271477 0.006816 -0.048524 0.038341 0.106061 -0.039163 0.036225 -0.028109
-0.062989 -0.034955 -0.062641 0.001134 -0.112734 -0.182146 0.036350 -0.066176 0.028233 -0.137133
-0.056068 0.122194 -0.146593 0.055670 -0.044839 0.044566 0.113132 -0.062242 -0.057213 0.166909
0.077131 0.169299 0.245185 0.361305 -0.098542 -0.159341 0.084401 -0.180852 -0.008397 -0.177167
-0.066425 -0.004880 0.065180 -0.016818 -0.007581 0.012374 -0.012542 -0.045088 -0.057363 0.069164
0.017640 0.061197 0.055371 -0.074193 -0.219890 -0.063686 -0.200371 -0.079770 -0.062940 -0.092019
-0.015125 -0.121099 0.027959 0.059056 -0.028706 -0.221284 0.004790 0.140917 -0.033337 0.052433
0.241401 0.135539 0.159141 0.060101 -0.024075 0.139722 0.059105 0.092069 0.169897 -0.198180
-0.098941 0.066226 -0.158544 0.094708 0.135738 0.016917 -0.021075 0.025071 -0.239210 -0.121696
0.052881 -0.182047 -0.188221 -0.006791 -0.113929 -0.265900 -0.035030 -0.065130 -0.193001 0.007650
-0.015125 -0.092567 0.088235 -0.055421 0.046881 0.079670 0.097447 0.104766 -0.141315 0.067072
0.039686 0.010500 0.071902 0.163324 -0.063039 0.012486 -0.000796 -0.063537 0.095853 -0.062840
-0.055221 0.327246 0.439780 0.224869 0.040507 0.187624 0.057512 -0.058408 -0.027586 -0.009853
-0.019681 -0.188022 -0.165216 -0.049396 -0.074044 -0.149183 -0.029677 0.053777 0.010426 0.193300
0.200072 0.184536 -0.030200 0.028706 0.083455 -0.053777 -0.079023 -0.090476 0.107953 0.244588
0.078973 0.081712 0.001905 -0.004898 -0.149183 -0.102675 0.002536 0.080816 0.049371 0.187026
0.014029 0.077778 0.123190 0.094111 -0.032117 -0.053628 0.067819 0.053877 0.028283 -0.018859
0.087339 0.008782 0.113530 0.032366 0.032192 -0.119008 -0.351147 -0.104069 0.143905 -0.046433
0.036648 0.091272 0.000239 0.101380 0.022895 -0.276263 -0.136138 0.074753 0.102015 -0.282360
-0.127930 -0.164515 -0.147160 -0.242961 -0.406889 -0.177296 -0.088062 -0.219978 -0.164280 0.016358
0.163811 0.028523 -0.106999 0.048369 -0.252576 -0.105416 -0.223379 -0.017120 -0.029549 0.027365
-0.201217 -0.014657 0.204617 0.169322 -0.171316 0.011206 -0.034474 0.047050 0.264537 0.137897
0.095977 0.169322 0.153023 0.136607 -0.224669 0.271103 0.044265 0.044705 0.206962 -0.276028
0.008450 -0.020139 -0.071176 0.060682 -0.013258 -0.169205 -0.068186 -0.092517 0.068597 -0.077919
-0.034034 0.047461 0.064786 -0.034973 0.072466 0.049835 0.064199 -0.055991 -0.022162 0.048457
-0.103481 0.064668 -0.068010 -0.011272 0.037054 -0.076922 -0.137545 -0.141649 -0.115793 -0.163577
-0.050715 0.012825 -0.114679 0.012041 0.046874 0.199223 0.061620 0.286347 0.107234 0.021048
0.154313 0.070707 0.094452 0.026999 -0.064375 -0.170847 -0.093397 0.067424 0.074577 0.018043
0.027351 0.179524 -0.077860 -0.029872 0.056636 0.230883 -0.192891 0.014115 0.128633 0.002704
0.082492 0.015317 -0.200630 0.114797 -0.039546 -0.026134 0.103950 -0.079736 -0.084368 -0.239326
-0.014789 -0.000794 0.138483 0.121363 0.060213 0.021297 0.003318 0.205086 0.174130 -0.087299
0.037670 0.175772 0.051623 0.070180 -0.088120 0.100198 0.121481 0.044588 0.034240 0.081788
0.061620 0.187615 -0.114035 -0.144346 0.210949 -0.176123 -0.227131 -0.128164 -0.046992 -0.653837
-0.158417 -0.067717 -0.015859 0.018439 -0.039135 0.316834 0.093573 0.029608 -0.014701 0.062030
0.004819 0.166156 0.164866 0.040132 0.110869 0.054115 0.030370 -0.022734 -0.113331 0.007578
-0.033243 0.015595 -0.038168 0.111748 0.160176 0.024287 0.110224 -0.018248 0.197582 0.229007
0.131565 0.070766 0.090465 0.065900 -0.024463 -0.198168 -0.222323 0.051623 -0.127226 -0.248120
-0.110751 -0.216109 -0.026589 -0.065900 -0.031484 0.084251 0.010018 -0.159824 -0.059040 0.072290
0.077098 -0.019597 0.095156 0.062499 0.010224 0.187849 0.306750 0.106823 0.208956 0.258205
0.119428 0.029549 0.050128 -0.122888 0.402434 0.215288 -0.125233 0.214350 0.173544 0.037318
-0.074635 -0.138835 -0.165804 -0.176944 -0.039487 -0.084251 0.097853 0.021810 -0.124412 0.070297
-0.043474 0.106823 0.197699 0.124647 0.045995 0.157010 -0.155134 -0.012730 -0.166743 -0.301825
-0.258908 -0.044998 0.046523 -0.005797 0.005328 -0.051154 -0.046024 0.175537 0.204265 0.301591
0.011008 -0.225255 -0.033243 -0.108289 0.128047 0.044500 0.153023 0.024302 -0.096622 -0.167563
0.067072 -0.092107 -0.010260 0.097501 -0.103071 -0.187146 -0.050421 0.011191 -0.000197 -0.185739
-0.106471 -0.151264 0.098615 0.013309 -0.178468 -0.010737 0.019582 -0.184214 0.140594 -0.019318
-0.157948 -0.122301 -0.133558 -0.239912 -0.050890 -0.107058 -0.085423 0.014775 -0.119604 -0.131448
0.060682 -0.136490 0.126855 0.106744 -0.023566 0.124277 0.098802 0.089056 0.181928 0.296820
0.138509 -0.130568 -0.124173 -0.095812 -0.057755 -0.169037 0.054816 -0.040300 0.152742 -0.008328
-0.043471 -0.012215 0.101175 0.165530 0.125824 0.046513 0.126958 0.071523 0.073741 0.029728
-0.106228 -0.127886 0.011048 0.085189 -0.098390 0.052676 -0.036020 -0.050072 -0.056260 -0.125308
0.094883 -0.011628 0.153773 0.081682 0.005347 0.129949 -0.006807 -0.069822 -0.213075 -0.003091
-0.053836 -0.134487 0.055744 -0.039165 -0.042955 -0.027563 -0.003070 0.103186 -0.041202 -0.032719
0.022084 0.000215 0.116748 0.083693 0.050871 -0.165014 0.076732 0.129536 -0.127886 -0.069048
0.179556 -0.112726 -0.090603 0.096843 -0.091428 -0.127164 -0.025693 -0.139540 -0.073792 -0.084054
-0.045508 -0.022096 -0.102000 -0.155423 -0.020524 -0.137684 0.090758 0.220913 0.016888 0.024520
-0.013117 0.077712 -0.117470 -0.020769 -0.063273 -0.181619 0.033003 -0.016231 0.069409 0.265673
-0.033390 -0.314353 0.016024 0.242778 -0.360350 -0.008122 0.054094 0.062602 0.268767 0.197502
-0.029316 0.038237 -0.041847 0.039861 -0.061880 0.019647 -0.131187 -0.067347 -0.006665 -0.139231
-0.047622 0.141500 -0.175844 0.107672 0.034782 0.086994 0.111694 -0.005747 0.065903 -0.178009
-0.186157 0.031972 0.077969 -0.098596 -0.108600 0.040119 -0.007445 0.100659 -0.166665 0.112107
-0.122008 -0.100195 -0.060643 -0.059818 -0.006165 0.073431 0.043394 -0.091119 0.100298 0.020098
-0.039036 0.036329 -0.156454 0.090449 -0.141294 -0.126030 0.029471 0.146554 -0.060282 0.043832
0.201008 0.040351 -0.031843 0.123864 0.108084 0.015676 -0.136859 -0.042208 0.161405 -0.160992
0.029367 0.047700 -0.021284 -0.080806 -0.099885 -0.189457 -0.045250 -0.185023 -0.055641 0.046952
0.052753 -0.132218 -0.176978 -0.257423 0.014684 -0.017584 -0.166561 0.130361 0.068945 0.120976
0.107775 0.124173 0.058632 -0.032513 0.279906 0.022419 -0.220913 0.065490 0.053269 -0.024726
0.176256 0.578376 0.204205 -0.127267 0.128402 -0.100762 0.066779 -0.092253 -0.146554 -0.183269
-0.147379 -0.240715 0.141397 0.069615 0.092202 -0.074102 0.031920 -0.042285 0.141500 0.026789
-0.088283 -0.047725 -0.020769 0.082404 -0.033338 0.030296 0.077247 -0.224007 -0.622517 -0.192861
-0.001006 -0.106022 -0.069048 0.098132 0.056621 0.031507 -0.048086 -0.175844 -0.234114 -0.010558
0.116851 0.007909 0.118295 0.048293 0.017378 -0.044116 -0.019183 0.054403 -0.073844 -0.153257
0.166458 0.182650 -0.059044 0.102412 0.116438 0.063582 -0.206784 -0.129021 -0.250409 -0.160270
-0.076061 -0.155732 -0.164396 -0.451727 -0.219676 -0.009224 -0.158826 -0.009198 -0.122730 -0.080290
-0.009024 0.153773 0.049685 -0.134177 -0.112622 0.122833 -0.121286 -0.090913 0.064046 0.015844
0.033725 -0.240509 -0.091635 -0.297439 -0.053681 0.094935 -0.298264 -0.129433 -0.023914 -0.134074
-0.100783 -0.154139 -0.002038 -0.075938 -0.026947 0.118030 0.118030 0.200596 0.266671 0.077824
0.162115 0.093615 0.096040 0.050499 -0.188632 -0.131503 -0.243389 -0.256539 0.297930 -0.016653
-0.304613 0.075938 0.111670 -0.120185 0.174835 -0.087579 -0.135923 -0.012591 -0.207171 -0.236706
0.031852 -0.133336 -0.299655 0.166535 -0.033711 -0.233688 0.099867 0.026422 0.110269 0.114796
0.092915 0.179793 0.026462 -0.069309 0.067368 0.231748 -0.024495 -0.065698 0.195099 0.006319
-0.001128 0.130210 0.078147 0.115335 0.143468 0.097226 0.034897 0.160283 0.130749 -0.071518
0.016236 0.105688 -0.066668 0.010334 0.105903 0.084022 0.095879 0.288445 0.122772 0.079549
-0.015239 0.074483 -0.102831 -0.073890 0.042873 -0.127838 -0.040152 0.040637 -0.126760 -0.227652
0.076207 -0.078417 -0.277450 -0.199842 -0.007181 -0.327896 -0.094639 -0.101160 -0.145408 0.088872
0.040798 0.118676 0.018944 -0.079656 0.244036 -0.059554 -0.041176 0.101538 0.117059 0.065752
0.107304 0.124066 0.029400 0.164810 0.296421 -0.035840 -0.010051 0.108760 -0.061171 -0.002525
0.089304 0.014525 -0.027042 0.108113 0.055943 -0.152522 0.024185 0.031609 0.024711 0.018661
0.030693 -0.101646 -0.113287 0.081381 0.068446 0.101268 0.018216 -0.091944 -0.216334 -0.005841
-0.176128 -0.122665 -0.005427 -0.223987 -0.008077 -0.130102 0.050095 0.181518 -0.205662 0.122341
0.055943 -0.115658 -0.194237 -0.002826 0.042280 -0.035112 0.104071 0.017839 -0.002146 0.087148
0.118892 -0.071842 0.026435 -0.032229 -0.003587 0.238646 0.033415 0.256324 0.231101 -0.023902
-0.073351 0.051766 0.155433 0.125036 0.005740 0.040583 0.104125 -0.019928 -0.161792 -0.056859
-0.119539 0.069955 -0.102400 -0.187123 -0.113718 -0.275726 -0.428787 -0.145947 -0.198764 -0.256755
-0.065644 -0.008805 0.129240 -0.129563 -0.143360 0.180224 -0.099759 0.084938 -0.065590 0.071680
0.085423 -0.146809 -0.165888 0.189171 -0.343202 0.171601 0.253952 0.170523 -0.037996 0.365622
-0.134090 -0.052682 0.077393 -0.189494 -0.083537 -0.383084 -0.233472 -0.036433 -0.233903 -0.157049
-0.096256 0.124281 -0.005356 0.046862 0.022865 -0.031313 0.194452 0.127192 -0.179470 0.170523
0.044517 -0.106604 -0.260204 -0.090489 0.144330 -0.013790 -0.090597 -0.037834 -0.047724 0.009041
-0.021396 -0.129455 0.087094 -0.192189 0.059446 -0.192189 -0.067261 0.085747 0.133228 -0.106712
0.130533 0.213747 -0.054919 -0.240155 -0.322506 -0.109514 -0.222693 -0.045999 0.074590 0.061817
0.155540 -0.159744 -0.137971 -0.138617 -0.169014 -0.173757 -0.254168 -0.237137 0.091244 -0.002733
-0.166535 -0.062680 0.083214 0.283918 -0.084507 0.100244 0.434392 -0.133767 -0.073027 0.264084
0.056428 -0.061171 0.023929 0.256108 0.162762 0.090759 0.055889 -0.023080 0.078040 0.181625
-0.093507 -0.223340 0.032606 0.043628 -0.578183 -0.110161 -0.219136 -0.126222 0.051163 -0.003998
-0.206516 -0.020988 -0.007220 -0.330219 -0.015346 -0.234155 -0.247405 -0.015709 0.185295 0.000699
0.034238 0.013056 0.050490 0.011212 -0.293367 -0.040915 -0.089749 -0.094304 0.133019 -0.023861
0.022230 -0.179395 -0.018788 0.127843 -0.057814 -0.310758 -0.084315 0.179291 -0.652985 -0.082814
0.568101 -0.303305 0.058435 0.199684 -0.007654 -0.137677 -0.203307 0.085453 0.160658 -0.057090
0.067027 0.064232 0.095339 -0.126187 0.020328 -0.067079 0.238089 0.350094 -0.095494 0.053466
0.224839 0.060868 -0.075723 -0.124738 -0.112833 0.010928 -0.060299 -0.016912 0.060402 -0.027147
0.062731 0.122150 -0.067959 -0.016149 0.083124 -0.063870 -0.079812 0.139023 0.202790 0.028933
0.001156 0.063456 0.004254 0.051810 0.147201 -0.204860 0.044150 0.060195 0.046505 0.023110
0.093269 0.122771 -0.131984 -0.163660 -0.022903 -0.131570 -0.275148 -0.069305 -0.140265 -0.100049
-0.150203 0.090733 -0.094925 0.030641 0.041769 0.207862 0.162729 -0.058228 -0.019901 -0.116042
0.160451 0.136435 -0.173805 0.027121 0.144613 0.155793 -0.118423 0.088973 -0.134054 -0.031262
0.104759 0.046350 0.028907 0.136849 -0.210967 -0.013923 -0.118009 -0.107036 0.099946 0.101964
-0.070029 -0.086488 -0.178463 -0.089542 0.081105 -0.057141 0.036283 0.024391 0.028415 0.067855
0.040268 -0.060092 -0.274527 0.030382 0.060609 -0.029218 0.075774 0.159727 -0.231878 0.210139
0.148029 -0.073652 0.032711 -0.112730 -0.009627 0.038094 -0.022386 0.010617 0.038508 -0.012131
-0.125152 -0.077172 -0.053622 -0.140369 -0.033772 0.069098 -0.333738 0.019034 -0.122357 -0.160969
-0.018103 -0.065112 0.019694 -0.015748 0.085971 0.230015 -0.004797 -0.059626 -0.026216 -0.003685
0.013082 0.174426 -0.038379 0.142750 0.409513 0.142439 0.122771 0.220905 0.118216 0.177531
-0.171217 0.023899 0.182604 -0.234155 -0.020276 -0.131881 -0.129810 0.094511 0.152584 -0.094097
0.116249 0.199477 0.363551 0.113040 0.372868 0.110763 0.181776 -0.240780 -0.053829 0.189125
0.077172 0.020561 0.092751 0.025789 0.009711 -0.054139 0.018335 0.132605 0.044098 -0.008255
0.119769 -0.076499 0.052043 0.067027 -0.103155 0.005913 0.106622 -0.015321 -0.099480 -0.011238
0.167283 0.201547 -0.058176 -0.112316 -0.121011 -0.193473 -0.070495 0.055899 -0.086644 -0.036593
0.024702 0.121736 -0.042416 0.005425 0.050930 0.059729 -0.008715 -0.168940 -0.071116 -0.102326
-0.243886 0.022942 -0.117699 -0.132605 0.082141 -0.009142 0.142025 0.018426 0.249062 0.094873
0.059315 0.093735 0.053001 -0.074894 -0.157242 0.150410 -0.058435 0.189850 0.161176 0.204963
0.203307 0.028415 0.197924 0.267902 0.011600 -0.004273 -0.058901 -0.085919 -0.037447 -0.013820
0.050050 -0.195129 -0.107554 0.174426 -0.020910 0.076551 0.204446 -0.086540 -0.067286 -0.065267
-0.038508 0.155379 0.186330 -0.051940 0.094356 -0.010572 -0.155087 -0.439518 0.020210 0.102266
0.173453 -0.098813 0.102266 0.328383 -0.258845 -0.019474 -0.084529 -0.106191 0.062435 0.076916
-0.191190 -0.010105 -0.057255 -0.015422 -0.179104 0.141509 0.100540 -0.280507 -0.234043 -0.237026
-0.076680 -0.092691 -0.293064 0.346591 0.360091 -0.089552 0.247386 -0.081389 0.133818 -0.224939
-0.301698 0.362288 0.222428 -0.136800 -0.176435 -0.095909 -0.149593 -0.266536 -0.016884 -0.175964
-0.120318 -0.065653 -0.186795 -0.268106 -0.182714 -0.074875 -0.083508 -0.008702 -0.199981 0.016394
-0.217718 0.140332 -0.299971 0.002529 -0.057412 -0.221643 0.045835 -0.126675 0.109880 -0.137428
-0.214422 -0.079820 -0.013696 -0.147003 0.013833 -0.074600 -0.027176 -0.059924 0.026685 0.000275
-0.236869 0.036025 -0.185853 -0.012793 -0.098578 0.095360 -0.063730 0.369823 0.142451 -0.034985
-0.030236 -0.031767 0.289611 0.026194 0.328383 0.285687 0.283018 0.083351 -0.023035 0.270147
-0.008256 -0.167645 0.237026 -0.068165 0.039341 -0.212538 -0.314412 -0.016296 -0.279565 0.034396
0.046149 -0.113176 0.185853 -0.003699 -0.140410 -0.102502 -0.025312 -0.120946 -0.094732 0.198725
-0.149122 0.000344 0.128088 0.390857 -0.200609 0.231532 0.023722 -0.166860 0.037830 -0.315982
-0.026469 -0.318651 0.059139 -0.001225 -0.177063 0.182243 -0.211754 -0.119062 0.017532 -0.028176
0.034494 -0.023094 -0.051643 -0.147474 0.309546 -0.257746 -0.006186 0.121731 0.237968 -0.020681
0.094025 -0.032257 -0.489749 -0.032081 -0.028000 -0.177534 0.036927 -0.100932 0.140724 0.332150
-0.099049 -0.335603 -0.380183 0.280036 0.216934 -0.144649 0.127539 0.118748 -0.127068 0.010380
-0.717042 0.079192 -0.011449 0.043363 0.299657 0.156029 0.435751 -0.124949 -0.140332 -0.009041
0.221957 0.085078 -0.113568 -0.000404 0.101874 0.046699 -0.052978 -0.375474 -0.029000 -0.029138
0.143785 -0.091749 -0.023860 0.113333 -0.077230 -0.074169 -0.119690 -0.233886 0.053527 0.169057
-0.002297 0.021152 0.014304 0.022231 -0.100304 0.175336 0.481900 -0.116551 0.052821 0.132954
-0.125498 -0.144727 0.178633 0.003083 -0.139390 -0.093241 -0.060591 -0.075856 -0.018581 -0.010252
-0.030393 -0.010694 -0.245188 0.232160 0.217718 -0.031061 0.116158 0.209399 -0.317552 -0.037869
0.015834 0.115373 -0.291338 -0.579850 0.291181 -0.267321 -0.509841 0.229491 0.052978 -0.179104
-0.048582 0.119612 -0.181144 0.106426 -0.221329 0.225410 0.105563 -0.254920 0.095203 0.105406
0.357893 -0.147396 0.005234 0.343766 0.045757 0.042657 -0.342824 0.341254 -0.004177 0.131149
-0.261513 0.175179 0.227451 -0.248328 -0.042461 -0.206573 0.175493 -0.288669 -0.548770 -0.110978
-0.213323 0.168901 0.126754 -0.047915 0.196527 0.284117 0.095360 0.062906 -0.042461 0.030649
-0.034691 -0.166703 -0.051369 -0.134288 -0.104307 0.125655 -0.026960 -0.412519 -0.396508 -0.164819
0.210812 -0.375160 -0.015776 0.328069 -0.197576 -0.146760 -0.247303 -0.051300 -0.063580 -0.438225
-0.199391 -0.138412 -0.273195 -0.083241 0.033877 0.054022 0.071626 0.377488 -0.030822 -0.146398
0.304410 0.064306 -0.309250 -0.239197 0.284326 -0.201811 -0.486136 0.315783 -0.181485 -0.188381
0.087173 0.154867 0.150027 0.011456 -0.147849 0.378214 0.231816 -0.197576 0.003732 0.039443
0.075921 0.055232 0.040199 0.036206 -0.063701 -0.120687 0.049727 0.313605 0.034815 -0.014988
-0.045613 0.049334 -0.076344 -0.138896 -0.193099 0.099756 0.145551 0.035964 0.198544 0.006118
-0.058317 0.033242 -0.008696 -0.051905 -0.088020 0.018557 0.060979 0.082696 0.067815 0.015335
0.030641 -0.257224 -0.136476 -0.141437 -0.063036 -0.022852 0.089532 -0.041711 0.044494 -0.141800
-0.015313 0.073138 0.125466 0.117723 0.041923 -0.041167 0.207255 0.198302 -0.057742 0.100966
-0.008915 0.171079 -0.103930 -0.007184 -0.112097 -0.196124 0.157529 -0.158013 0.251417 -0.016122
0.122200 0.087173 -0.045220 -0.022791 0.106350 -0.108467 -0.214273 0.099877 0.065818 0.004492
-0.043798 -0.225162 0.074893 -0.006046 -0.091892 0.058922 0.055958 -0.098909 0.128370 0.001389
-0.019358 0.011411 0.192495 0.127765 -0.137323 0.012999 -0.055413 -0.017377 0.004496 -0.004378
0.065879 0.047004 0.136597 -0.049727 -0.110706 -0.057410 0.051269 0.254562 -0.029083 0.103749
-0.094372 -0.156803 -0.139138 -0.027843 -0.174467 -0.167329 -0.105624 -0.378698 -0.062794 -0.041711
-0.095521 -0.044706 -0.017952 0.110827 0.112399 -0.234236 -0.028675 -0.106955 -0.015411 -0.050906
-0.119417 -0.249965 -0.258192 -0.144583 -0.167934 -0.266419 -0.062007 -0.013528 -0.074711 0.115848
-0.205561 -0.274405 0.065334 0.130427 -0.007259 -0.116876 -0.001696 0.020825 -0.078583 0.094916
0.130185 -0.072049 0.001657 0.299812 0.009445 0.050574 -0.139985 0.016318 0.087718 0.043496
0.055353 0.059829 0.095945 -0.040078 0.145551 -0.206287 0.027041 0.745296 -0.607852 0.009808
-0.003996 -0.084935 -0.067331 -0.042407 0.079430 0.071444 -0.051239 -0.055867 0.126797 0.067936
0.115424 -0.132968 -0.000000 0.123833 -0.120324 0.305136 -0.106713 0.186082 -0.043556 -0.166724
0.090682 -0.038928 0.012598 -0.081366 0.097457 0.039806 -0.236172 0.098788 0.157045 0.022534
-0.107802 0.056381 0.055565 0.163578 -0.079914 -0.139864 0.078704 -0.132605 0.009634 -0.130548
-0.134057 0.018239 0.244278 0.059073 0.004046 0.247666 0.176040 0.162610 -0.092799 -0.129822
-0.227098 -0.027071 -0.408461 -0.182089 -0.187413 -0.121292 0.180759 0.097518 0.082152 0.030278
-0.174225 0.079914 -0.163215 -0.344095 -0.296909 0.060828 -0.100663 -0.056744 0.069690 0.060071
-0.143373 0.224194 0.192253 0.067573 -0.032516 0.074167 -0.070476 -0.247666 -0.203142 -0.107983
0.146156 0.078462 0.015759 -0.023986 0.109980 0.002930 -0.419350 0.167692 -0.356436 -0.029612
-0.054445 0.092860 0.003064 0.136749 0.059587 -0.261307 -0.044245 0.118056 -0.093774 0.094891
0.185719 0.025691 0.227780 -0.047344 -0.112468 0.072540 -0.109420 -0.046633 -0.032613 0.006270
-0.299914 -0.333644 -0.045084 0.011303 -0.232047 -0.054151 -0.070254 0.055370 0.295850 -0.012439
0.106778 0.036295 0.070965 0.174137 0.079296 -0.235298 -0.021297 -0.064260 -0.031876 0.011874
0.062380 -0.041477 -0.007753 -0.067460 0.027558 0.122018 0.202686 0.080820 -0.058317 -0.027406
-0.044423 -0.105661 -0.118665 0.049782 -0.230015 -0.107388 0.066140 0.023799 -0.122119 0.143760
0.110741 -0.025539 -0.031698 -0.071880 -0.114195 0.104442 0.000099 -0.052119 0.003451 -0.059790
-0.004083 -0.076807 -0.145893 0.035508 0.047014 0.031368 0.095907 -0.169159 -0.111858 0.102968
-0.097482 -0.216604 0.055319 -0.104238 -0.079347 -0.086154 -0.137765 -0.133193 0.099311 0.033578
0.167432 0.015227 0.036372 -0.016268 -0.025666 -0.030581 -0.047446 -0.089507 -0.154935 -0.344210
-0.213557 -0.076452 0.075486 0.000084 -0.388913 -0.161336 -0.006890 -0.196183 -0.129638 -0.041705
-0.179420 0.126894 -0.044880 -0.164688 -0.085697 -0.114398 -0.167330 -0.306010 -0.113992 -0.002626
0.043712 0.009023 -0.208070 0.023177 0.215995 0.038581 0.050925 0.138883 0.036676 -0.069187
0.051510 -0.116024 -0.023367 -0.046938 0.061568 0.209289 0.170378 0.001273 0.103273 0.035026
-0.164079 -0.014998 0.101546 -0.142032 -0.140712 0.027457 -0.050570 -0.038632 -0.117243 -0.010185
-0.046455 -0.138273 0.025437 0.310480 0.095044 -0.022402 0.131263 0.060095 -0.010210 0.059942
-0.081582 -0.009582 0.256430 0.035737 -0.003623 -0.013169 0.041909 0.190291 0.048843 -0.258462
0.021246 0.065428 0.095755 -0.042798 -0.021031 -0.051383 0.129942 0.032613 -0.110029 0.034721
0.135429 0.045846 -0.004877 0.056539 -0.039242 -0.144166 -0.140915 -0.053084 -0.083970 0.041121
0.080973 0.083005 0.162860 -0.021069 -0.040131 0.021424 -0.140407 -0.105254 0.071880 -0.211525
0.021285 -0.219043 -0.018275 -0.008331 -0.051103 -0.014363 0.083767 0.259072 0.058672 0.014846
0.119173 0.110639 -0.086357 -0.015443 -0.117243 0.050011 -0.036905 -0.112671 -0.047725 0.045033
0.046125 0.031165 -0.034365 -0.054811 0.042315 0.027507 -0.156256 -0.086408 0.155951 -0.095958
-0.019126 0.149347 0.072591 -0.014109 -0.287316 -0.051281 -0.031343 0.138070 0.126691 -0.069848
0.049732 -0.091386 0.010598 -0.084579 0.001034 0.048055 -0.031724 0.025196 -0.071829 -0.145588
-0.164587 -0.212541 -0.113687 -0.152802 -0.135124 -0.124355 0.125167 -0.185109 -0.142032 0.030149
-0.116024 -0.083716 -0.043509 0.037235 0.042391 0.024866 -0.090726 -0.081938 -0.104848 -0.032054
-0.269435 -0.296256 -0.063092 -0.009480 0.072032 -0.122119 0.138273 0.037718 -0.018414 0.037286
0.063092 -0.070356 0.082700 -0.095552 0.019176 0.152598 -0.192526 -0.168448 -0.117040 -0.030504
0.094922 0.060999 0.237913 0.075755 0.070329 0.195726 -0.064295 0.056081 -0.015174 0.163274
0.087519 0.086403 0.218848 -0.161144 0.035596 0.051315 -0.113886 0.038080 0.090916 0.260427
0.171995 -0.066019 0.078290 0.185077 -0.029486 -0.060492 -0.024985 -0.124838 -0.218036 -0.318637
-0.018673 0.042948 -0.163679 -0.049565 0.092843 0.114292 0.160738 0.109018 0.016289 0.164389
-0.046624 -0.187613 -0.043633 0.273610 0.148772 0.099587 -0.139645 0.007447 0.122303 0.163679
0.083919 0.034404 -0.056182 0.034911 -0.038030 -0.004982 -0.122100 -0.154755 -0.079558 0.073067
-0.123520 -0.114190 -0.004164 -0.072510 0.022387 -0.043683 -0.042618 -0.135690 -0.020853 -0.051872
0.009197 0.035266 -0.106280 -0.180919 -0.154654 0.022577 0.196030 -0.092539 0.090713 0.070177
-0.080217 -0.000638 0.040489 0.034759 -0.079710 0.098877 -0.037041 0.036813 0.051720 -0.079456
-0.022323 0.033618 0.188018 -0.087468 -0.199579 -0.054610 -0.120275 -0.152524 -0.131734 0.230611
0.242578 0.175443 0.326953 0.167026 -0.121289 0.050731 -0.015136 -0.065259 0.012531 -0.017912
-0.001217 -0.015136 -0.078797 -0.130213 -0.149887 -0.059884 -0.174429 -0.095784 -0.098370 0.074031
-0.010655 -0.039728 0.197957 -0.008455 0.018837 -0.024339 0.015554 -0.083107 -0.103948 -0.098218
-0.164491 -0.007124 -0.074944 0.135690 0.127171 0.064549 0.182339 0.070735 0.126562 0.232842
0.139442 -0.013285 -0.166417 0.035241 -0.165099 -0.498948 -0.276044 -0.036661 0.015402 -0.044064
0.113176 0.177167 0.082144 0.003432 -0.084223 -0.019725 0.032680 0.106888 0.079355 -0.096899
-0.120681 -0.067743 -0.030474 0.034911 -0.196030 -0.116928 -0.132039 -0.105773 -0.073220 -0.144715
0.152321 -0.240955 -0.141977 -0.165302 -0.055067 -0.056233 -0.187815 -0.033948 0.005232 0.007327
-0.146135 -0.141267 -0.125345 -0.074183 0.068403 -0.030373 -0.113784 -0.036027 -0.059681 0.022450
0.055675 -0.105367 0.020105 -0.092285 0.073473 -0.099384 0.009590 0.184469 -0.052684 0.267525
0.171995 -0.111046 -0.088786 -0.069772 -0.183150 -0.027229 -0.019547 0.025061 -0.114292 -0.188424
0.082144 -0.133053 0.015136 -0.032604 0.050808 0.006443 0.193697 0.353929 0.012055 0.071343
0.104962 0.148062 0.065614 0.016594 0.017126 -0.066222 -0.247243 -0.221484 -0.015263 0.069772
-0.227366 0.028776 0.245012 0.036306 0.047385 0.078899 -0.054661 -0.067135 0.066324 0.207692
-0.154045 -0.269148 -0.248460 0.044621 0.130518 0.118348 0.157797 -0.020004 0.006158 0.055777
-0.081180 0.046624 -0.025505 -0.054864 -0.191365 -0.086809 -0.134270 -0.016251 0.033897 -0.011688
-0.044900 -0.035849 -0.220064 0.042213 0.047309 0.040210 -0.174328 0.026240 0.038182 -0.064802
-0.028776 -0.083665 -0.012993 0.004190 0.112669 0.090003 -0.095226 -0.028446 0.107903 -0.131227
-0.262049 -0.197652 0.160130 -0.024491 0.093502 -0.022539 -0.097102 0.107396 0.049817 0.030166
-0.187276 -0.051339 -0.077318 0.027168 -0.045320 -0.141885 0.055955 -0.036423 0.033211 -0.042180
-0.154065 0.169196 -0.002944 0.035328 0.237521 -0.097730 -0.110862 0.051815 -0.080030 -0.069991
0.089118 -0.059523 -0.006394 0.012216 -0.025408 0.232763 0.230670 0.155493 -0.043417 0.064709
-0.135319 0.023207 0.027430 0.072703 -0.198505 -0.105058 0.023338 -0.095541 -0.157301 0.065804
0.169481 0.159394 0.098682 -0.116191 0.146928 0.072084 -0.108198 -0.186896 0.176143 0.177856
-0.031403 0.080268 0.018663 -0.104772 0.092401 0.016368 -0.151115 -0.038992 0.046438 0.119236
0.007898 -0.066089 0.060094 -0.005501 -0.074416 0.207831 0.023184 -0.022101 -0.002566 0.057953
0.053005 -0.010795 -0.062711 -0.013073 -0.161393 -0.060808 0.065375 0.011039 0.040063 0.039706
-0.031213 -0.126088 0.088404 -0.073702 0.025218 0.024456 0.001769 -0.028929 0.048009 -0.096445
0.099633 0.140457 -0.032712 0.145025 0.130370 -0.161868 -0.008231 -0.224008 -0.121711 -0.212209
-0.024266 -0.066327 -0.013263 0.121806 0.085930 -0.109816 -0.074416 -0.131512 -0.062235 0.008743
0.103154 -0.062473 0.050959 0.009790 0.105248 -0.164438 -0.076271 0.244373 -0.121235 -0.119712
-0.019234 0.288718 0.075986 -0.099538 -0.038231 -0.137222 -0.166722 -0.053480 0.020424 -0.043560
0.169577 0.260170 0.080506 -0.117619 -0.067659 -0.159965 0.001213 0.059713 0.084217 0.001766
-0.281105 -0.152067 0.046462 0.067659 0.142456 -0.002125 0.012359 0.077508 0.038873 0.034163
0.065518 -0.104867 -0.002913 -0.048342 0.096017 -0.117143 -0.103154 0.106104 0.193081 -0.094828
0.151496 -0.071989 -0.170909 0.219060 -0.135794 -0.208212 -0.001554 0.066470 0.081505 0.072893
0.025931 0.012763 0.042442 0.149973 -0.151020 -0.123043 0.000434 0.138840 -0.113146 0.088785
-0.125041 0.284340 0.007791 -0.071228 0.201360 0.195841 0.077984 -0.248560 -0.344101 -0.110387
0.037065 0.075796 0.158062 0.030285 -0.069800 0.000322 0.140933 0.234857 -0.090165 0.093400
0.246847 -0.025479 0.131512 0.180235 0.004187 -0.228386 -0.086168 0.164914 0.090260 0.192225
-0.005403 0.191749 -0.072513 -0.065518 0.015535 -0.124565 -0.019496 -0.191083 0.023826 0.043750
-0.217728 -0.074749 0.094590 -0.165770 -0.411475 -0.096588 -0.131893 -0.543558 -0.032069 -0.233144
-0.173478 -0.160346 0.010616 -0.065946 0.053147 0.087548 -0.209544 -0.091830 0.068230 0.165865
0.163106 -0.109911 -0.049817 0.013739 -0.139791 0.106295 0.098396 0.105628 0.288528 0.000470
-0.008868 0.018223 -0.082171 0.083932 0.131798 -0.034757 -0.045106 -0.109911 -0.038897 -0.048056
0.183851 -0.019841 -0.052243 -0.137222 -0.014619 0.069610 -0.037303 0.005314 0.005041 -0.012204
-0.107341 0.039872 0.038326 0.068040 0.062806 0.063805 -0.022827 0.071513 0.020650 0.206118
-0.074796 -0.117238 -0.263405 0.091973 -0.011996 0.011889 -0.030783 0.296082 -0.075400 -0.171981
0.237612 -0.054257 -0.017927 -0.155574 -0.015858 -0.012893 0.015531 -0.004636 -0.000311 0.114928
-0.006512 0.187046 0.013518 -0.221801 0.027613 -0.448673 -0.033710 0.112989 0.022262 -0.088303
0.177202 0.065257 -0.035127 0.017871 -0.094045 -0.014618 -0.378866 -0.132006 0.278481 0.118880
-0.022430 -0.122236 0.013285 0.012632 -0.128501 0.275647 -0.099490 -0.131634 0.576950 0.217027
-0.124847 -0.245219 0.191819 -0.057315 0.082933 0.017284 -0.003601 0.135363 0.035127 -0.046314
0.142448 -0.008698 0.095537 0.053586 -0.231347 -0.156916 -0.109856 -0.010637 -0.174964 -0.057427
-0.080845 -0.036190 -0.133200 0.197488 0.130813 -0.161838 0.166164 0.306971 -0.012716 -0.060969
0.193162 -0.228513 -0.095089 0.013732 -0.023567 -0.211210 -0.156767 -0.109558 -0.031473 -0.137824
-0.209122 -0.229706 -0.459114 -0.032722 -0.086214 -0.019335 -0.014329 -0.077489 0.132752 0.113436
0.080770 0.091659 0.151323 -0.022318 -0.043070 -0.238506 0.024667 -0.054630 -0.557261 -0.061864
-0.091957 -0.213298 -0.186151 -0.001757 -0.063542 -0.177202 -0.035164 -0.275051 -0.142671 0.364248
-0.021311 -0.320097 -0.050304 -0.033412 0.090242 0.242832 -0.119030 -0.316219 -0.088153 0.388412
0.061827 0.325765 0.079353 0.005379 -0.174964 0.211509 -0.164076 -0.261328 0.058396 -0.318307
-0.279824 0.019559 -0.127532 -0.163330 -0.229855 0.230452 0.064698 -0.127755 0.305778 0.060037
-0.188836 0.034978 -0.116867 0.063169 -0.134095 -0.140210 0.243280 0.210315 -0.093076 -0.241937
0.055674 0.117240 -0.051311 -0.068017 -0.059888 0.217027 -0.065220 -0.206288 -0.172578 0.043741
0.141926 -0.056904 0.017881 -0.040646 -0.179887 -0.021945 -0.363652 0.145505 0.095462 0.233137
0.112392 0.017834 -0.122609 0.080994 -0.081814 -0.237015 -0.105158 0.061305 0.206288 -0.261477
0.244175 0.283851 -0.276542 -0.123355 -0.128501 0.098669 0.018887 0.050080 0.062200 0.265504
0.298170 -0.028676 -0.062200 0.188240 0.149756 0.006265 -0.065108 0.252378 -0.261925 -0.171981
0.244025 -0.030317 -0.125070 -0.064213 0.116941 -0.010842 -0.015531 0.080024 0.137898 0.192864
0.322483 0.280719 0.100310 -0.106649 -0.066712 0.027054 -0.082933 0.269383 0.153635 -0.314727
0.198830 -0.070180 -0.264013 -0.108812 0.154828 0.124250 -0.032293 -0.292204 0.197786 0.319500
-0.032778 -0.145207 -0.021069 0.145655 -0.106798 0.007882 -0.073014 0.067905 -0.163330 -0.070031
0.049372 0.255958 -0.317710 -0.482084 0.306673 -0.052019 -0.213149 -0.029534 -0.118507 -0.028806
0.014543 -0.219563 0.017312 0.247754 -0.283553 -0.057389 -0.132678 -0.222099 0.007178 0.113511
-0.023847 0.114406 0.261775 0.183616 -0.072007 -0.096506 -0.229259 -0.166910 -0.178693 -0.084648
-0.083977 -0.004524 -0.140509 -0.037048 -0.006106 -0.080024 0.124474 0.162286 -0.198979 -0.015960
0.356790 0.311446 -0.001481 -0.264759 -0.050852 0.025230 0.122532 0.038476 -0.085014 0.020981
0.207241 0.221708 0.253953 0.065972 0.061092 0.128720 -0.079001 -0.192251 -0.014118 -0.203058
-0.468863 -0.264062 0.061440 -0.113556 0.135169 0.195912 0.244890 -0.030001 0.070591 0.155039
0.145888 -0.049675 -0.111725 -0.029348 0.313389 -0.076779 -0.002425 0.175257 0.042246 0.110680
0.106322 0.087716 -0.080134 0.065580 -0.074338 -0.033335 -0.035993 -0.186500 -0.024685 0.121138
-0.061222 0.033923 0.001235 -0.072247 -0.062922 -0.023073 0.005008 -0.021482 -0.012887 0.041374
0.063096 -0.051375 -0.024489 -0.021221 -0.067192 -0.127848 -0.124101 0.046407 0.039675 -0.146847
-0.028367 -0.055427 -0.112161 -0.045100 -0.051418 0.155649 0.022180 0.056211 0.207938 0.063532
0.098827 0.056691 0.017517 -0.010240 0.003971 -0.043074 0.067933 0.208461 -0.029631 -0.069937
-0.072595 0.032942 -0.114253 -0.246981 0.108588 0.247504 0.104056 -0.056429 -0.028280 -0.047758
-0.126628 -0.129330 -0.097259 -0.041657 0.008633 -0.021755 -0.017855 -0.042420 -0.093773 0.094557
0.242972 0.090374 0.039152 -0.089851 0.007577 0.092030 0.114776 0.025905 0.096997 0.203407
0.083751 0.169070 0.040699 -0.132903 0.091943 -0.091594 -0.097259 -0.101703 -0.066190 -0.062312
0.024881 0.113033 0.139003 0.038280 0.009194 0.122358 0.001803 -0.065928 0.021885 -0.020393
-0.149200 -0.010856 -0.068107 -0.129853 -0.094993 -0.080482 -0.223625 0.150943 0.036603 0.080657
0.050852 0.019478 0.062660 0.007833 -0.012430 -0.151727 -0.117739 0.065841 -0.033313 0.236698
-0.018476 -0.143448 0.357312 -0.077345 -0.008486 0.101616 0.002958 0.000861 0.114863 -0.041832
-0.031330 0.135430 0.075297 -0.022180 -0.080526 -0.009581 -0.052725 0.183885 -0.071550 -0.029674
0.427032 -0.032942 -0.010017 0.082661 -0.085101 -0.010523 0.151640 -0.049849 0.103708 0.062573
0.036951 0.083315 -0.057039 0.147631 0.115560 0.050721 -0.077301 -0.141095 0.027975 0.083663
0.143448 0.132031 -0.060961 -0.084186 -0.065536 -0.107455 -0.033313 -0.014499 -0.156084 -0.114340
-0.010207 0.120266 -0.051331 -0.167327 0.051723 -0.205150 -0.313563 -0.060787 -0.042180 -0.170900
0.058826 -0.028476 -0.165845 -0.025273 -0.028498 -0.155823 -0.005324 -0.067976 0.101790 -0.035688
0.237569 -0.038411 0.074295 0.054207 0.013029 -0.005741 -0.148241 -0.032703 -0.024184 0.025339
-0.036668 -0.052115 -0.156520 -0.221882 -0.063575 -0.184408 -0.120440 -0.054904 -0.052943 -0.127587
0.078870 0.020938 -0.035470 0.222231 -0.032006 0.057214 -0.104143 -0.032725 0.024772 0.024358
0.017179 -0.022615 -0.047671 -0.047932 0.012223 0.075994 0.032376 -0.067671 0.047453 0.052377
0.223277 0.002122 0.038585 0.293868 -0.020426 0.022419 -0.043901 -0.043357 0.011427 -0.021689
-0.036341 0.147718 0.083315 -0.027844 -0.125757 0.242449 0.045274 0.007266 0.428775 -0.003129
-0.016286 0.097956 -0.023902 0.183202 0.573330 -0.021555 0.123233 0.396498 -0.242073 -0.194954
0.099179 0.094072 0.305337 0.109669 -0.125649 0.119279 0.202862 -0.122025 -0.017862 0.030863
-0.096818 -0.251738 -0.190341 0.128175 -0.330159 -0.205937 0.124661 -0.090667 -0.184849 -0.134106
-0.225598 -0.081661 0.028337 0.158489 -0.230211 0.243830 0.052802 -0.202203 -0.034900 -0.082100
0.065680 0.027348 -0.141905 0.048217 -0.090722 -0.002766 -0.075455 -0.081936 -0.135644 0.053791
0.061397 0.167276 -0.011430 -0.027870 0.008615 -0.007984 -0.162114 -0.035229 0.014045 -0.219667
0.104342 0.132459 -0.119059 0.009226 0.001385 -0.014567 -0.052802 0.037920 0.027033 -0.181554
0.109119 -0.023765 -0.100223 -0.046212 -0.058816 0.114995 0.102969 -0.104616 0.096818 0.021006
0.107087 0.161235 0.000859 -0.113128 -0.132459 -0.126857 0.068865 -0.071831 0.134875 0.046844
-0.127187 0.017409 0.138390 0.365525 -0.065625 -0.023793 0.303579 -0.183531 -0.019138 0.101486
-0.146737 -0.146957 -0.138390 -0.246686 -0.262062 -0.210660 -0.024040 0.058102 -0.125210 -0.047338
0.001771 0.170571 0.027348 -0.132679 0.072106 0.083748 0.007469 0.115435 0.133667 0.064088
0.086274 0.063484 -0.115654 -0.068152 -0.178479 -0.091876 -0.028941 -0.165409 0.045416 0.166068
0.295452 0.008135 0.099564 0.108570 0.124002 0.058651 -0.028721 -0.075401 -0.043878 0.017491
-0.194625 0.023243 -0.040885 -0.142234 -0.125100 0.002971 0.069964 -0.067712 0.002597 0.100058
0.116423 -0.101706 -0.103902 -0.088581 0.011333 -0.082924 -0.084517 0.124002 0.004194 -0.000312
0.131361 -0.056674 0.109119 0.166617 0.026648 -0.021527 -0.055438 -0.120048 0.100827 0.163652
-0.132349 0.034103 0.020031 -0.046240 0.030863 0.134436 0.119389 0.101431 0.281393 -0.066284
0.006024 0.052583 -0.105769 0.028996 0.161565 0.028049 0.127846 0.177710 -0.077707 -0.010674
0.108460 0.144980 -0.095500 0.202862 -0.037590 0.018644 0.054038 0.048464 -0.044373 -0.024163
0.108076 0.139488 -0.225598 -0.033279 0.166288 -0.053022 -0.104451 -0.069634 -0.017628 -0.063703
-0.109174 -0.319395 0.228893 0.222962 -0.143882 0.226037 -0.048629 -0.066229 -0.066229 0.018548
-0.026909 -0.094347 -0.122464 -0.107692 -0.132349 -0.174196 -0.055823 -0.034295 0.094182 0.045581
-0.068042 -0.112030 0.090228 -0.125759 -0.059969 -0.080453 0.050166 -0.155085 -0.052885 -0.017340
0.222962 0.067987 0.031302 -0.231968 -0.036794 -0.097916 -0.168155 -0.098575 -0.174964 0.175953
-0.029023 -0.202752 -0.069909 -0.210770 -0.056619 -0.163761 0.109614 -0.057992 0.029188 0.184520
-0.148824 0.181774 0.186717 -0.088800 -0.204290 -0.119608 -0.140806 -0.200995 -0.038249 -0.050084
0.103847 0.125979 -0.115984 0.002852 0.075785 0.132020 0.161125 -0.039238 0.016859 -0.158050
0.041627 -0.116863 0.123453 0.217580 0.014086 0.056399 0.258767 -0.006926 -0.148275 0.054532
-0.051347 -0.058141 0.020147 0.045710 -0.179493 -0.285338 -0.150349 -0.229216 -0.194459 0.030646
0.001474 0.064787 0.054301 -0.083888 0.177130 0.051692 -0.125242 0.067396 0.009335 0.085857
-0.024972 -0.095310 -0.215234 -0.084578 -0.056418 -0.163641 -0.315664 -0.004520 -0.064885 -0.125734
0.128589 0.114608 0.223505 0.017747 -0.076799 0.016357 -0.013329 -0.201844 -0.167186 0.218779
0.128491 0.066953 -0.031237 0.029883 0.110374 0.297154 0.000502 -0.110177 0.096442 -0.039138
0.056369 0.035372 -0.127309 -0.189339 0.014868 0.207948 -0.025895 -0.114017 0.129279 -0.020640
-0.043741 0.058978 0.026781 -0.010541 0.015717 -0.021809 0.072811 -0.140011 -0.070153 -0.037489
-0.001706 0.085365 -0.250089 -0.078867 0.183826 0.012357 0.038055 0.069513 -0.060110 -0.071138
0.053070 0.121303 0.107913 -0.062079 0.081624 -0.099445 -0.019987 0.020738 -0.127014 -0.142768
0.002891 0.044701 -0.007077 0.125340 0.254422 0.098657 0.101217 -0.081968 0.096737 0.159703
-0.126620 -0.052578 0.279628 0.028603 -0.102793 -0.142768 -0.184416 -0.144343 0.049870 0.138928
0.036923 0.014523 -0.180872 0.114903 -0.044529 -0.360168 0.030424 -0.009741 0.048763 0.051839
0.328661 0.091617 -0.229216 0.066855 0.030104 0.049329 -0.231579 -0.265055 -0.077488 0.044898
0.186582 0.162164 0.300304 0.137451 0.077833 -0.180970 -0.140011 -0.204207 -0.119728 0.070153
-0.231973 0.101020 0.246151 -0.074978 0.032984 0.143654 0.045316 0.079753 0.004375 0.036209
0.035717 0.040221 0.205979 0.104467 -0.013415 -0.027347 0.406838 0.020947 0.203025 -0.062572
-0.080393 -0.085808 0.055532 0.035101 -0.127211 -0.184318 -0.062572 0.204207 -0.072122 -0.110079
0.102497 -0.019569 -0.056418 0.041747 0.159900 -0.007532 0.102497 0.043396 -0.030793 0.056467
0.062621 -0.003711 0.153500 0.095851 -0.064295 0.008068 -0.121796 -0.179690 -0.062079 -0.072319
-0.072368 0.112343 -0.079556 -0.086399 0.389903 -0.116282 -0.298138 0.064344 0.005385 0.162657
-0.014917 -0.019827 -0.177130 0.010941 0.032763 -0.186681 0.060159 0.085414 0.006169 -0.032763
0.399552 0.001482 -0.004009 0.201056 -0.126128 -0.006960 0.057698 0.130854 0.066215 0.006492
-0.084528 -0.093833 0.050289 0.005101 0.081427 -0.222717 -0.188453 -0.125734 -0.141783 -0.104860
-0.132626 0.126325 0.030350 0.214841 0.037612 0.083691 0.078030 0.006237 -0.003631 0.181561
-0.029612 -0.020307 0.096540 -0.129574 -0.283763 -0.255800 -0.152909 0.208145 0.183924 -0.021231
-0.055335 0.106534 -0.082313 -0.057599 -0.041723 0.061193 0.000135 0.144540 0.268009 0.122189
0.193081 -0.005911 0.028012 0.005609 0.096737 0.030227 0.017501 -0.166004 -0.056073 0.108799
0.114313 0.002097 -0.040467 0.005840 -0.009631 -0.020467 -0.129869 -0.141291 -0.091224 0.110866
0.000804 0.049944 0.228822 -0.069956 0.367257 0.048246 -0.078325 0.047803 -0.073361 -0.050216
0.110118 -0.028600 0.033265 -0.056435 0.050573 0.256738 -0.033137 0.103643 0.057914 0.087686
-0.194745 -0.168337 -0.084475 -0.005162 -0.000950 0.007571 0.105020 -0.134486 -0.084322 -0.003970
-0.128879 0.044047 0.012490 -0.011866 0.028167 -0.224722 -0.152941 -0.054957 0.057098 -0.090847
-0.025274 0.142541 0.063420 0.108181 -0.040555 0.008431 -0.051414 -0.031302 0.141930 0.074533
0.004547 0.365836 0.244298 -0.045424 0.041778 -0.029849 0.035967 0.128573 0.206573 -0.282228
0.124596 0.130918 -0.026433 -0.029135 0.065816 0.035075 0.025924 -0.016033 -0.081212 0.019882
0.010196 -0.065408 -0.101706 -0.036171 -0.103541 0.131428 0.004340 -0.058780 -0.036375 0.029237
-0.086106 0.031480 -0.013045 0.119192 0.099208 -0.147639 0.165381 0.125004 -0.417428 0.180267
0.014963 -0.090031 0.240832 -0.069792 -0.129388 0.197090 -0.067039 -0.245522 0.043002 0.289365
0.100941 -0.113381 -0.328926 -0.204534 -0.047820 -0.352377 0.013739 0.092530 -0.034718 -0.094722
0.161302 -0.035151 -0.115318 0.214526 0.086310 0.055365 0.013663 -0.005710 -0.060361 0.128981
0.021603 0.103949 0.175883 0.478401 0.091306 0.080753 0.039357 -0.103439 0.062808 0.029110
-0.097832 0.314244 0.104306 -0.185773 0.003078 0.017716 0.045143 0.097067 0.131530 0.078510
0.270400 0.400706 0.203106 -0.021374 -0.120314 0.036680 -0.182204 -0.100279 -0.030767 -0.050751
0.059698 -0.130816 0.037114 -0.131122 -0.038082 0.011923 0.025885 0.033316 0.206267 0.260000
0.239812 -0.001655 -0.100075 0.072800 -0.117561 -0.143561 -0.092632 -0.059188 -0.120620 -0.143051
0.000760 -0.117255 -0.118275 0.051949 0.077541 0.117051 -0.191279 0.128369 0.321789 -0.019997
0.002786 -0.050929 -0.047157 -0.098647 0.139381 -0.019882 -0.081875 0.095639 -0.037904 0.016683
0.040453 -0.000045 0.029671 0.081671 -0.023986 -0.222275 -0.180573 0.030869 0.013599 0.088706
-0.087839 -0.097984 -0.080345 0.093447 -0.018404 0.015868 -0.104408 -0.290589 -0.088094 0.124902
0.182102 -0.000918 0.176290 0.568126 0.131326 -0.024980 -0.078612 0.022024 0.141726 -0.144683
-0.095639 -0.011330 -0.181185 -0.034463 -0.029314 -0.012930 0.058780 -0.036782 -0.158039 -0.058067
0.078306 -0.142643 -0.114298 -0.130306 -0.235734 -0.080600 -0.131937 -0.290181 -0.175475 0.118886
0.401522 0.092682 0.024853 0.088145 0.001843 0.175475 0.327702 0.195867 -0.079326 0.138259
-0.114808 0.014032 -0.177820 -0.116745 -0.074992 -0.398463 -0.306698 -0.008476 -0.179655 -0.126839
-0.076420 -0.044480 -0.064847 -0.036935 -0.013574 -0.198824 -0.170479 -0.255514 -0.172008 0.056945
-0.095435 -0.121537 -0.043665 0.061228 0.166298 0.135710 0.178432 0.173028 -0.017945 0.036833
0.003467 0.066020 0.057965 -0.027529 0.063267 -0.058322 -0.041167 -0.020099 0.018837 -0.085341
0.072800 -0.158141 0.352173 -0.055416 -0.017461 0.026459 -0.067721 0.006802 0.179207 -0.290741
-0.204753 0.326987 -0.064250 0.033330 0.085555 0.012568 0.060057 0.107389 0.105076 -0.117415
-0.113752 0.024618 0.235793 0.034174 0.241577 0.122138 0.025233 0.162337 -0.072637 -0.115005
-0.039186 -0.080204 -0.166000 -0.059334 -0.035692 0.096882 -0.049043 -0.039717 -0.018195 0.060587
-0.003425 0.128983 0.060780 0.071673 0.087724 -0.041042 0.056876 -0.002440 0.014376 -0.010471
0.075915 -0.133995 0.056828 0.110281 -0.040319 -0.049549 0.029233 -0.033884 0.039837 0.064732
0.033836 0.132164 -0.080879 -0.016014 0.007549 -0.128597 -0.000013 0.033089 0.046296 0.000102
0.030896 0.065937 -0.013882 0.053598 0.201282 -0.050224 -0.006007 0.014785 0.032318 0.119535
-0.121174 -0.031282 -0.082566 0.121271 -0.004455 0.100930 -0.032414 0.061407 0.095436 0.035909
-0.117029 -0.033716 0.056490 -0.041259 -0.141225 -0.044392 -0.090616 -0.048007 -0.152697 0.006148
-0.196848 -0.238685 -0.123295 -0.139490 -0.288813 0.178146 0.129561 0.092736 0.110667 0.226346
0.004733 -0.004236 0.055430 0.031209 0.056972 0.102569 0.089121 -0.042970 -0.028992 -0.030679
-0.040199 -0.007332 0.013267 0.055526 0.058852 -0.098617 -0.073360 0.048585 -0.096159 -0.089893
-0.085747 -0.114234 -0.061262 0.004471 -0.014123 0.135731 0.011460 -0.049549 0.119246 -0.045428
0.053695 -0.039958 -0.084012 0.085217 -0.149227 -0.030800 -0.122813 -0.115776 -0.061166 -0.057888
0.018930 0.118089 0.087338 -0.131778 0.080253 -0.191835 -0.020135 0.060057 -0.071143 0.175640
0.018244 0.136791 0.163879 0.106811 0.133899 0.013002 0.020111 0.080253 -0.060250 -0.052490
0.034294 0.156746 0.078855 -0.072830 -0.010857 -0.045380 -0.075529 0.148841 0.262785 0.167639
-0.015219 -0.015834 -0.071191 0.061503 0.084301 0.191257 0.000796 -0.004205 -0.022063 -0.000313
0.056972 0.147781 -0.028414 0.024522 -0.006971 0.127151 0.000430 0.115487 0.037355 -0.294404
0.419531 0.056538 0.019714 0.066323 -0.094472 -0.309635 -0.045790 0.092881 -0.088157 0.002890
-0.164361 -0.062563 0.040054 0.039524 0.053598 0.021642 0.083482 0.031836 -0.093363 0.130139
0.075143 -0.091435 0.048971 -0.125898 -0.009899 -0.039861 0.021738 0.166868 0.025281 -0.055382
0.065552 0.186437 0.216321 0.140165 0.052538 0.132260 0.099581 0.156649 -0.032800 0.025184
-0.033692 0.061262 -0.050803 0.091339 -0.134381 -0.036102 0.058852 -0.006585 0.127440 0.127247
-0.024823 -0.070757 0.237529 -0.114716 -0.100256 -0.041042 -0.320818 -0.130814 0.102858 0.142864
0.079192 0.100738 0.256230 0.132453 -0.186533 -0.068926 0.148359 0.219405 0.047380 -0.055719
-0.041741 -0.039524 0.000780 -0.008182 -0.004561 0.240999 0.016364 0.011598 0.038367 0.005519
0.058418 0.061069 0.061792 0.057020 0.088688 -0.198198 0.148648 -0.158095 -0.341833 0.039042
-0.077120 -0.033161 0.099581 0.246205 -0.080537 -0.100478 0.072057 -0.178959 -0.166008 0.205068
0.113687 0.288432 0.050933 0.064553 0.187491 0.119135 -0.233130 -0.214217 -0.062960 -0.287609
-0.288432 -0.131573 -0.088863 -0.015457 -0.082438 -0.089685 -0.033124 0.131367 0.012476 0.029655
0.082130 -0.007272 0.091792 -0.020083 0.133320 0.138048 -0.184407 0.087167 0.057717 -0.079201
-0.160046 -0.221412 0.048183 0.038110 -0.139796 0.037776 -0.176903 -0.349078 0.029578 -0.051935
-0.070617 0.044226 -0.109781 0.096624 0.112762 -0.130545 0.280003 0.231691 0.026186 0.028011
0.003986 -0.008673 0.055918 0.061520 -0.066866 -0.026983 -0.018862 -0.018194 0.026597 0.016369
0.044791 -0.031069 0.008011 0.028807 0.119238 0.085471 -0.063833 -0.116359 -0.035848 -0.044174
0.148739 0.120574 0.190472 0.248960 -0.091073 0.064553 0.026083 0.035334 0.096212 -0.166933
0.050111 -0.042581 -0.098474 0.033150 0.057666 0.144730 -0.020391 -0.048029 0.019145 -0.057563
0.060236 0.180193 -0.053606 0.023231 0.054839 0.001143 -0.136095 -0.118929 -0.043198 0.031223
0.170119 -0.011943 -0.018824 0.072416 0.103819 0.161896 0.340650 0.124583 0.144833 0.929231
0.261089 -0.083004 -0.052244 -0.008660 0.256155 0.116154 -0.076065 0.093591 0.054942 -0.176492
-0.022614 -0.064039 -0.138254 0.041990 0.129620 0.118724 0.090816 0.058694 -0.060904 0.024888
0.000306 0.028345 -0.047669 0.094465 -0.005756 -0.029193 0.090045 0.080023 0.009315 -0.071337
0.004497 0.055918 0.104025 0.000113 0.040577 0.006334 0.056638 0.058796 -0.056895 -0.104950
-0.011776 0.232308 0.042067 0.039112 0.016729 0.056329 -0.044123 -0.082644 -0.096058 -0.073547
0.202910 0.083929 -0.026366 -0.012849 0.123452 0.009033 -0.018914 -0.070052 0.008538 -0.117079
-0.117490 0.096726 -0.011230 -0.045459 -0.039189 -0.044766 -0.115434 0.031531 -0.105875 -0.006360
0.232925 0.043326 -0.014699 -0.148327 0.283292 -0.057563 -0.317624 0.222645 -0.183790 0.031557
0.198387 0.149047 -0.063679 -0.207535 -0.025531 0.009373 0.047155 0.082438 -0.002377 -0.106697
0.046462 0.142571 0.054428 -0.125302 0.353190 0.052449 -0.237242 -0.021124 -0.144524 -0.126227
0.031017 0.048363 -0.031788 -0.069641 -0.181529 0.001759 0.083312 -0.009354 -0.132600 -0.149253
-0.303028 -0.148327 -0.022383 -0.083518 -0.179782 0.201265 0.152645 -0.047669 0.096058 0.192014
0.077196 0.024927 -0.013735 -0.051575 0.046847 -0.138562 -0.091638 -0.079406 -0.127255 -0.094311
-0.180296 -0.099296 -0.149972 0.104847 0.224496 0.010491 -0.105875 -0.094054 -0.020610 -0.156448
0.015586 -0.089942 0.090867 0.176492 -0.064296 0.009990 0.136609 0.053451 -0.038598 -0.115229
-0.143496 -0.130236 -0.148122 -0.038033 -0.079766 -0.013825 0.014159 0.049288 0.044766 0.049417
-0.116359 -0.055353 0.190677 -0.127358 -0.109575 -0.072673 0.136404 -0.011718 -0.071902 -0.020738
-0.020918 -0.022781 -0.140941 -0.159345 -0.143504 0.026791 0.090971 0.135467 0.066976 0.140010
0.040128 -0.344782 -0.466155 -0.207452 0.043010 0.138961 -0.055095 0.048864 0.047437 -0.131274
-0.554913 0.101222 0.102911 -0.201861 -0.015798 0.210946 -0.180428 -0.029804 -0.107162 0.124867
0.144086 -0.033168 0.132438 0.498537 0.053756 -0.286542 0.087652 -0.036429 0.049184 -0.115549
-0.017443 -0.073907 -0.035905 -0.094640 0.006057 -0.024796 -0.020850 0.120557 0.125683 -0.120208
-0.077693 0.167383 -0.107104 -0.026412 0.098659 0.009610 -0.076004 0.203724 0.271400 -0.131623
0.080954 0.082818 -0.086662 -0.017094 0.026033 -0.032352 -0.127430 0.095106 0.010003 -0.071752
0.049592 0.214091 0.081595 -0.093243 0.084623 0.183457 -0.027955 0.074606 0.206520 -0.074315
-0.030664 0.057046 -0.070354 0.045369 0.062841 -0.136865 0.006625 -0.230631 -0.171692 -0.029397
-0.078683 0.037711 0.180545 -0.073208 -0.001508 0.376465 0.338492 0.142689 0.071461 0.203724
-0.122538 0.001848 -0.072393 -0.125566 0.255325 0.149445 0.040535 -0.050844 -0.107104 0.015696
-0.208850 -0.045660 -0.222594 -0.160044 0.072509 -0.199648 -0.137214 -0.174138 -0.001714 0.239950
0.034915 -0.045719 0.105648 0.075188 -0.038468 -0.033605 0.009624 0.073557 -0.196270 -0.065870
0.049592 -0.044496 0.028465 -0.045107 -0.126148 -0.035090 -0.068199 -0.172741 -0.445189 -0.099358
-0.202793 -0.285377 -0.263712 0.048456 -0.179264 -0.099766 0.060453 0.082002 -0.121955 -0.082119
0.112753 -0.041030 -0.058124 0.140592 -0.014298 -0.100814 -0.062667 -0.088933 -0.181826 0.011539
-0.375766 -0.136166 -0.033343 -0.076178 -0.156317 0.047611 0.064821 0.091321 0.139544 -0.091670
0.118402 0.066510 -0.030984 0.113394 -0.012973 0.139777 0.142689 -0.005700 -0.001239 -0.023136
0.098251 0.095456 0.112113 0.227487 -0.138146 0.283747 0.094000 -0.143038 0.004390 0.026252
0.036109 -0.207335 0.227370 -0.275127 0.080430 0.433541 -0.096621 -0.208267 0.060628 -0.048805
-0.131972 -0.193241 0.036983 0.207452 -0.000429 -0.032294 0.051339 0.030023 -0.022321 -0.039953
0.133953 0.167033 -0.202210 0.156666 0.271400 -0.007429 -0.011364 0.008110 -0.363419 -0.355499
-0.032993 0.032964 -0.182641 -0.112287 0.138262 0.229117 0.062259 0.001350 -0.003713 -0.048864
-0.109026 0.058531 -0.277224 -0.226555 0.031974 -0.211645 -0.080896 -0.109492 -0.163888 -0.057862
0.017574 -0.158414 0.027824 0.075246 0.064647 -0.112229 -0.131972 -0.075246 -0.317293 0.231447
0.121023 -0.269070 0.041147 0.003418 -0.032352 -0.093650 -0.061036 0.049679 0.202094 -0.054833
-0.050436 0.188698 0.063657 0.158414 0.150959 -0.032120 0.213392 0.141990 -0.088118 0.072567
0.026106 -0.394170 -0.026543 0.096912 0.142805 -0.062550 0.279553 0.301452 -0.144552 0.037711
0.160510 -0.073616 -0.196969 -0.205472 0.048339 0.196386 -0.076295 -0.063482 0.201162 -0.016730
-0.006241 -0.266277 -0.039101 0.131846 0.111380 0.054343 0.196584 -0.071578 -0.147896 -0.176549
-0.110518 0.025704 -0.072871 -0.091236 0.249473 -0.001699 -0.222975 0.026404 0.219959 0.093983
-0.121613 0.096946 0.139925 -0.117412 0.007803 0.007756 -0.025691 0.152420 -0.182042 -0.170732
0.094306 0.064092 0.026835 -0.114827 -0.300316 -0.177949 -0.181934 0.027172 -0.082027 -0.074594
-0.067216 0.046776 0.120859 -0.063122 -0.080034 -0.326168 -0.152851 -0.102870 0.142941 -0.137555
0.062853 0.141540 -0.261753 -0.057952 0.070393 -0.177949 -0.056067 0.046265 -0.059891 0.143802
0.013135 0.133246 -0.063068 -0.088867 0.011256 0.048877 -0.064092 -0.072763 -0.065277 -0.028087
0.050681 0.090105 0.052755 -0.175148 0.095222 0.069801 0.054289 0.149835 0.008463 0.028249
0.122367 0.181504 0.245380 0.042521 -0.056605 -0.025179 -0.151881 0.014475 0.109333 0.024815
-0.136909 -0.133354 -0.019726 -0.015323 -0.041740 0.040179 -0.050277 0.284373 0.020399 -0.133031
0.032988 -0.016575 -0.002021 0.119782 -0.059945 0.166208 0.235039 0.155113 0.075617 0.188290
0.114827 0.034281 0.076318 0.012280 -0.096838 -0.403293 -0.033312 -0.065277 -0.002604 -0.001117
-0.045295 -0.013815 -0.106101 0.006170 -0.171486 -0.043222 0.130984 0.106101 0.034012 0.158344
0.021193 -0.011236 0.004649 0.012946 -0.054828 0.147680 0.040179 -0.134539 0.230946 0.099154
-0.172455 0.050896 -0.120536 -0.021126 -0.090536 -0.442933 0.001194 0.057575 -0.247319 -0.091614
0.137663 0.220497 0.264554 -0.204986 -0.085312 0.004733 -0.219851 0.199600 0.045834 -0.054882
-0.127429 -0.151127 -0.121828 -0.163299 0.111487 -0.039882 -0.091775 0.101793 0.049361 -0.037324
-0.105886 -0.109118 0.016333 0.116658 -0.201970 -0.120212 -0.083804 -0.200031 -0.189044 -0.061722
0.054128 -0.150589 0.087736 0.188074 0.268000 0.124737 0.113319 0.104917 -0.022001 -0.000110
0.153928 -0.003408 0.135508 0.058598 -0.095007 0.015215 -0.024735 0.007042 -0.063715 0.152743
-0.108902 -0.103462 -0.311303 -0.129045 -0.036004 -0.301177 -0.136262 -0.078903 0.129261 0.238486
-0.387136 -0.150912 0.007783 -0.113534 -0.116335 0.020884 0.113749 0.015525 -0.092314 -0.050896
0.060376 0.067808 -0.235901 -0.050358 0.032558 -0.072655 -0.103301 0.115796 -0.007311 0.169439
0.087305 -0.092529 -0.023078 0.099854 0.111810 -0.138309 0.014838 0.122474 -0.066785 0.184089
0.000893 -0.260891 0.014286 0.066462 0.131846 -0.031400 0.246888 -0.051085 0.082242 0.173748
0.007675 0.000929 0.170516 0.013458 -0.093876 0.072278 0.091129 0.064146 -0.011465 0.021517
0.119135 -0.210479 0.077179 0.156836 -0.148650 -0.171486 0.104701 -0.161899 -0.229653 -0.025206
0.138740 -0.045026 -0.074271 0.054774 -0.234608 -0.059621 -0.006749 -0.024048 -0.089298 -0.234393
-0.086766 0.021880 -0.086066 0.156621 0.129476 -0.047099 -0.188721 -0.032073 0.103680 0.246319
0.173042 0.189154 0.221560 0.098946 0.045172 0.062945 0.109506 0.048517 0.206267 0.029516
0.176046 0.213732 0.213185 0.136450 -0.090071 0.170312 -0.105318 0.020026 0.168127 -0.125708
-0.148647 0.115604 -0.038391 -0.096307 -0.037230 -0.032497 -0.013722 -0.024668 0.002761 0.043807
-0.002768 0.083153 -0.020925 -0.027604 -0.269804 -0.221378 0.035569 -0.176319 -0.163667 -0.083836
-0.016476 0.007925 0.015088 0.084428 0.058075 0.097490 0.043465 0.203901 0.036798 0.002941
0.061352 -0.019650 -0.002819 0.019946 -0.064174 -0.079057 0.097854 0.000628 0.007208 0.004850
-0.030084 -0.035455 0.047152 0.034590 0.013028 0.160845 0.076099 0.017454 0.085702 0.025715
0.042669 0.068407 0.073277 -0.002179 0.085156 -0.036365 0.013335 0.012323 0.029948 -0.067679
-0.290922 -0.077236 0.099675 -0.158023 0.024941 -0.047152 -0.082334 0.062445 -0.109597 -0.276540
-0.164486 0.014360 -0.159935 -0.040006 -0.114603 -0.015315 -0.114148 -0.000398 0.187334 0.087887
-0.104954 -0.010997 -0.064356 0.017443 0.054434 0.171131 -0.020538 -0.131534 0.042009 0.136905
0.090982 0.104954 -0.029038 0.126710 -0.004122 -0.110325 -0.085793 -0.167217 -0.002260 -0.068316
-0.203901 0.049246 -0.020322 -0.123433 -0.026967 -0.335526 -0.204447 -0.000311 -0.158478 -0.172587
-0.059896 0.019719 -0.026421 0.127165 0.173133 0.129714 -0.017238 0.134174 -0.130806 -0.159843
-0.136996 -0.235214 -0.076281 0.054298 -0.061807 0.033794 0.026830 0.026534 0.066814 0.054434
0.026944 -0.165305 -0.144824 0.070728 0.043556 0.062080 0.024190 -0.012880 -0.071411 -0.060578
-0.102770 -0.069226 0.015566 -0.130351 -0.008585 0.178322 -0.071320 -0.018843 -0.014075 -0.033748
0.066313 -0.119336 0.003564 -0.178777 -0.124980 0.093303 0.049610 0.195526 0.031336 0.102405
-0.035956 0.005541 0.095214 -0.117880 -0.011913 -0.143732 -0.136085 0.053706 0.046970 -0.092711
0.060442 0.003542 0.050201 0.012334 0.061170 -0.056391 0.012505 0.035227 -0.028628 -0.173862
-0.200077 -0.055572 0.081060 -0.194070 0.007680 -0.113602 -0.159024 -0.196436 0.042532 0.039460
0.111599 0.003294 -0.065130 -0.142093 0.086976 0.067223 -0.035410 -0.035273 -0.038072 0.068862
0.053023 -0.087659 0.023576 0.000799 -0.160754 -0.096216 -0.021084 0.343718 -0.034454 -0.086294
0.110689 0.001954 0.050839 0.300753 0.127165 -0.001002 0.161027 0.159935 -0.075188 0.003658
-0.093212 0.050429 0.089115 0.040120 -0.132626 -0.005032 0.046128 0.006998 0.020948 0.010992
0.048608 0.120520 0.084701 0.062445 0.078010 0.068634 -0.067997 0.071320 -0.010929 0.019616
0.084428 0.039893 0.010747 0.122795 0.064902 0.022973 0.049928 0.060897 -0.138270 0.104044
0.056801 -0.059031 0.135903 0.017534 -0.038504 0.013449 0.078875 -0.101586 -0.109323 0.018353
0.112874 0.051840 0.259609 0.056300 0.124434 0.154837 0.182640 0.112053 0.019532 0.016104
-0.009053 -0.139289 -0.001685 0.066157 -0.047992 0.068372 0.129959 0.118556 -0.064461 0.051362
0.043021 -0.051644 0.053718 0.077796 -0.219583 0.042338 0.040712 -0.194891 0.049006 0.057252
-0.098859 0.073131 0.168692 0.020863 0.011321 0.050466 0.014018 0.054519 0.124776 -0.018837
0.103854 0.010137 -0.091367 0.062435 -0.057958 -0.172839 -0.061728 -0.126472 -0.115163 -0.014808
0.016822 0.115069 -0.015562 -0.047663 0.084252 0.153142 0.057723 -0.118650 0.058053 -0.056215
-0.078315 0.005501 -0.159080 -0.062953 -0.030605 -0.133823 -0.088728 0.052869 -0.011344 0.106964
0.055367 -0.028037 -0.057864 0.007139 0.031783 0.007969 -0.070304 0.045071 -0.165771 -0.005434
0.116105 0.049430 0.092451 0.062623 0.025775 0.111865 -0.088634 0.000096 -0.004736 -0.034280
0.019744 -0.062388 -0.120817 -0.001841 -0.068372 -0.007946 0.047757 -0.210535 -0.065451 -0.001356
-0.224672 -0.057063 -0.021558 -0.349447 -0.137781 -0.005101 0.010054 0.170483 -0.057770 -0.073885
-0.116859 -0.085100 -0.088681 -0.200546 -0.216755 -0.024644 -0.144566 -0.027801 -0.046060 -0.051644
-0.092309 0.070116 0.014207 -0.157477 0.033621 0.045000 -0.425217 -0.022076 0.165394 0.061681
-0.142870 -0.011309 -0.132032 -0.062906 -0.013806 -0.147299 -0.047286 -0.139572 -0.016457 -0.031076
0.005528 0.073461 0.166619 0.041348 -0.013783 -0.202808 0.072472 -0.058995 0.022712 -0.030157
-0.104891 0.124964 -0.161718 -0.064320 -0.077985 -0.229949 -0.087409 -0.107718 -0.034327 0.061068
0.038168 -0.011656 0.036307 -0.046155 -0.143812 0.094571 -0.025799 0.015350 0.113184 -0.085430
-0.186033 0.227310 -0.012805 -0.346620 0.016751 -0.015868 -0.033738 0.011763 -0.009112 0.145603
0.078974 -0.027401 0.128074 0.001542 -0.045613 0.070398 -0.158797 -0.016551 0.050419 0.140797
0.181980 0.059749 0.024043 -0.051597 0.003293 0.143718 -0.133163 0.056828 -0.045448 -0.073932
0.171142 -0.046060 -0.238431 -0.112618 0.104985 0.056027 0.152671 -0.009878 0.220336 0.004783
0.018801 0.029333 -0.076760 -0.035058 0.035694 -0.052445 0.114503 -0.002294 0.059419 -0.096597
-0.067335 -0.059843 0.002740 0.040807 0.011126 -0.047427 0.035977 0.179247 0.042479 -0.096597
-0.037202 0.052398 0.347939 0.012004 0.065356 0.032584 -0.027848 -0.073744 -0.277070 -0.077608
-0.037720 -0.071812 -0.040406 -0.098294 -0.164734 -0.054660 -0.101404 0.342850 0.092545 0.150598
0.325133 0.243897 -0.144378 -0.075252 -0.017918 -0.161341 -0.011521 0.007033 0.035341 0.066676
0.197342 0.068561 0.023124 0.140420 -0.061445 -0.114975 -0.086325 -0.074545 -0.035930 0.052587
-0.057157 0.056215 -0.073461 -0.040854 0.352274 0.080482 -0.084770 -0.048040 -0.016693 0.045613
0.206766 0.132786 0.024785 0.066534 -0.010149 -0.171614 -0.182169 0.113749 0.280839 -0.056875
0.445573 0.083592 -0.034587 0.095844 0.118920 -0.033243 -0.256927 0.209631 0.251264 0.066329
0.229242 0.052408 -0.036678 0.044333 -0.091917 -0.012899 0.089662 -0.108224 0.358019 0.077393
0.079385 0.111894 -0.079962 -0.017893 -0.000112 -0.068531 0.187714 0.186980 0.051333 0.014419
0.056052 -0.001244 0.179534 0.116404 0.157722 -0.007859 0.069685 0.238050 0.098628 -0.027475
0.183834 0.141886 -0.157302 0.069999 0.109272 -0.037779 -0.092022 0.004018 -0.180792 0.209317
0.078179 -0.085834 0.119759 -0.150695 0.032352 -0.013338 0.085258 0.137272 -0.058307 0.197991
0.062396 -0.134965 0.089715 -0.054164 -0.068426 0.095849 0.165691 0.038880 -0.134021 -0.036232
0.030595 -0.046011 -0.039561 0.033846 0.003821 -0.085730 0.017133 -0.023989 -0.151534 0.016137
-0.053011 -0.084996 0.179954 0.180897 -0.011365 0.095273 0.068059 -0.091760 0.092231 -0.091288
-0.019610 -0.005892 -0.024329 -0.100568 0.100883 0.289436 0.116613 0.113992 0.051045 0.217077
0.040191 -0.028524 0.014590 0.073145 -0.105288 -0.111789 -0.048318 -0.046666 0.008894 0.066067
-0.066119 0.157407 -0.056000 0.061610 0.077865 -0.014223 0.076396 0.028970 0.217287 0.166530
0.042970 0.226725 -0.097055 -0.254200 0.146081 0.038644 0.073880 0.040322 0.024644 -0.020135
-0.235114 0.193167 0.173347 -0.177961 -0.021236 0.030097 0.044884 0.206695 0.044123 -0.092808
-0.095587 -0.095587 -0.151220 0.060719 0.073145 -0.025824 -0.009150 0.007295 0.024356 0.208058
0.008317 -0.000715 0.045722 -0.172927 -0.097632 0.226725 -0.051202 0.015691 0.268882 -0.037621
0.196732 -0.175444 -0.154051 0.115565 -0.014891 -0.035891 -0.124583 0.070996 0.144928 0.002256
0.158665 0.171249 -0.082846 -0.042393 0.092756 0.075662 -0.000707 -0.019414 0.315653 -0.161602
-0.248747 0.025273 -0.067378 -0.148913 0.070209 -0.022481 -0.051333 0.073565 -0.215609 -0.210994
0.169257 0.188448 -0.026728 -0.008894 -0.047715 0.205332 -0.164643 -0.248747 0.246859 -0.015114
-0.106441 0.045408 -0.287968 -0.435832 -0.154051 0.142830 -0.036782 0.019623 0.202081 0.138321
-0.110846 0.124793 0.047820 0.246650 0.284192 0.084261 0.226934 0.103872 0.116823 0.062606
-0.156463 0.030386 -0.020685 -0.152373 -0.079805 -0.029520 0.046771 -0.129093 0.017434 0.076659
0.196628 0.164957 0.104344 0.324252 0.343128 -0.160658 -0.059722 0.120598 -0.157197 0.147025
0.075086 -0.137797 0.173452 0.069160 0.005083 0.091130 -0.059408 -0.077550 -0.093542 -0.009805
-0.088194 -0.078861 0.119969 -0.012066 0.233436 -0.062921 -0.198830 -0.226515 -0.025771 0.034554
-0.067378 0.052486 0.252942 0.094171 0.000611 0.205332 -0.028865 -0.084629 0.035078 0.035603
0.017670 -0.038355 -0.204598 -0.459741 -0.030359 0.066067 0.067692 0.076501 0.073565 -0.019859
-0.167789 0.020279 0.030150 0.296147 0.089610 -0.109902 0.221901 -0.276222 -0.237841 0.229451
0.142516 0.000304 0.076582 0.097621 0.244428 -0.112761 0.020421 0.468110 0.082814 0.070309
0.150237 0.008046 0.043206 -0.086160 -0.039441 -0.029006 0.007372 -0.046468 0.040905 0.018654
0.131583 0.030156 -0.042035 0.050692 0.041491 -0.282573 0.028274 0.062905 -0.071605 -0.138526
-0.096031 -0.090510 0.063826 0.033105 0.047012 0.112009 0.016301 -0.064704 -0.084906 -0.119453
0.022732 -0.042055 -0.022188 -0.055251 -0.048768 0.073738 -0.028630 -0.042955 -0.004020 0.026726
0.126982 -0.044628 0.155591 -0.038228 0.036744 0.020003 0.051738 0.066042 -0.094358 0.047054
0.137689 -0.110586 -0.069848 0.136518 0.044293 0.007450 -0.008119 -0.017933 0.051947 0.007246
0.023799 0.020871 -0.167218 -0.118031 -0.023443 -0.003861 -0.021686 0.060647 -0.093522 0.031055
0.123385 0.007685 -0.039358 -0.084320 -0.105316 -0.053620 -0.001425 -0.006703 -0.130663 0.153416
-0.011596 0.014168 -0.044460 -0.194739 -0.023255 -0.125225 -0.259485 -0.160777 -0.039881 -0.040550
-0.054875 0.058932 0.063449 0.159188 0.322725 -0.182861 -0.211804 0.207956 -0.085115 0.129492
0.052115 -0.239743 -0.161112 0.056339 -0.070894 -0.038647 -0.031202 0.135598 -0.150404 0.034736
-0.036890 -0.150404 0.215987 -0.106404 -0.247272 0.046677 -0.115522 -0.032854 0.077670 -0.057677
-0.039441 0.045046 0.030428 -0.073445 0.138777 0.118952 0.033607 0.151074 0.300809 0.306664
0.063909 0.026831 0.311014 0.014743 0.053076 0.126229 -0.069556 -0.077586 -0.100548 0.034882
0.145134 -0.034694 0.041867 0.109499 -0.045422 0.069723 -0.013395 -0.098206 0.247774 0.155172
-0.213310 0.049019 0.064035 -0.086746 -0.148982 -0.114769 -0.029278 -0.335440 -0.012610 0.182694
-0.108746 -0.098708 0.010896 -0.076917 -0.027458 0.005657 -0.018424 -0.040215 0.152914 0.055042
-0.104647 0.032833 -0.012767 -0.109248 -0.130830 0.060480 -0.157515 -0.207287 -0.043708 -0.083484
-0.062362 0.144465 0.125142 0.072149 -0.192899 -0.124807 0.275044 -0.017786 0.048936 -0.047221
0.087415 -0.039630 0.067297 -0.042536 -0.095195 0.034966 0.146054 0.038479 -0.041846 -0.057343
-0.090343 -0.010022 0.064788 -0.099043 -0.019198 0.054206 0.087499 0.077837 -0.100883 0.100465
0.105233 -0.095780 -0.096449 0.153332 0.181522 -0.111339 0.004295 -0.079887 0.073696 -0.098875
-0.038479 0.225021 0.144549 -0.046510 -0.001495 0.133423 0.082731 -0.028880 -0.035175 -0.054457
0.098122 0.100799 -0.126480 0.113180 0.043373 0.086579 -0.028232 0.092602 0.176336 -0.084989
-0.054331 0.068510 -0.000612 -0.119704 -0.003662 0.030156 -0.027187 0.005589 -0.073822 0.038814
0.031181 0.026810 0.104982 -0.136518 -0.082856 -0.025576 0.082689 -0.153248 -0.073780 0.155089
0.069514 -0.184367 -0.117446 -0.108997 0.187545 -0.045171 0.022899 0.134176 -0.078465 -0.058096
0.029675 -0.116191 0.008057 -0.160108 0.123887 0.196914 -0.001694 0.123887 0.117780 0.045088
0.033875 0.034597 0.146908 0.074722 -0.017430 -0.293535 -0.033787 -0.088032 0.106625 0.079018
-0.041551 -0.280154 0.072961 0.254941 0.036797 0.013117 0.014173 -0.179304 -0.281421 -0.392131
-0.035952 -0.296352 -0.257617 -0.245786 -0.106061 -0.077257 -0.187333 0.048066 0.030688 -0.039157
0.230997 0.001864 0.083807 0.002729 -0.009173 0.255646 -0.288182 0.195220 0.143739 0.084511
-0.111273 0.220010 -0.052855 0.028117 0.311845 0.185220 -0.116836 0.008843 0.287760 -0.146626
0.001228 0.006972 -0.096483 -0.118527 0.040741 0.013689 0.073595 0.093878 0.058136 -0.041410
-0.028522 0.099371 0.098103 -0.098807 -0.078032 0.111132 -0.143598 -0.026551 0.120428 0.053911
0.090427 0.135077 0.000663 0.161838 -0.088666 0.155641 0.030635 -0.079229 0.081553 -0.112188
-0.142471 0.080145 -0.014120 0.194798 -0.093948 0.083314 0.119442 -0.187192 0.226771 0.028980
0.090920 0.010238 -0.191276 0.172825 0.028399 -0.058559 0.240715 0.036586 0.027519 -0.090286
-0.042784 -0.276210 -0.288746 -0.004741 -0.073595 -0.057573 -0.009886 -0.071729 0.065707 -0.132541
-0.090215 0.166487 -0.023082 -0.008059 0.025336 -0.148176 0.035389 -0.000778 -0.000643 -0.002070
-0.059510 -0.041129 -0.282548 -0.012386 -0.035336 -0.162402 -0.168036 -0.215080 0.033100 -0.113245
-0.179445 -0.063911 -0.211982 -0.015370 0.021480 0.056552 -0.058277 -0.312409 0.244096 0.083243
-0.458331 -0.068348 -0.044720 -0.239588 0.048629 0.033171 -0.018064 0.152683 -0.028487 -0.005075
-0.102962 0.025934 0.022483 -0.383680 -0.225081 0.100145 -0.419174 -0.267336 0.394948 -0.175924
-0.147612 0.115357 0.047291 0.008900 -0.028382 -0.013821 -0.154796 0.309592 0.083102 -0.029491
0.247899 0.155641 -0.033452 0.234236 -0.021304 -0.009965 0.390159 0.104794 0.101624 0.279168
-0.079088 -0.021762 0.003933 0.002185 0.100216 0.117400 -0.115498 -0.084652 0.223250 -0.051763
0.243391 0.115076 -0.036340 0.405934 0.501713 0.052538 0.112259 0.226771 -0.006849 0.039438
-0.097469 -0.208319 -0.068700 0.075074 0.095356 0.145640 0.067996 -0.634959 -0.116132 -0.368749
-0.708765 -0.205221 -0.173952 -0.327057 -0.209728 -0.226208 0.000848 0.014384 -0.088948 -0.032801
-0.062256 -0.126766 -0.115076 -0.107399 -0.053136 0.152261 -0.133316 -0.050812 -0.085708 -0.011127
0.062397 -0.234940 0.099934 0.166346 0.060390 -0.047256 -0.028135 0.049967 0.013715 -0.113526
-0.030265 -0.097047 0.038734 -0.116907 -0.183670 -0.006941 -0.170853 -0.260716 -0.014472 -0.076130
-0.092117 0.068313 -0.216771 -0.056341 0.022466 0.107822 -0.084018 -0.220151 -0.035054 -0.042995
-0.099159 -0.032766 -0.138598 0.016981 -0.108949 -0.238884 0.042784 0.004012 0.089159 0.224376
0.033135 -0.042255 -0.041657 0.309592 -0.022167 -0.120710 -0.057432 0.238884 -0.037467 0.076342
-0.009296 -0.140429 0.120287 -0.082257 -0.054721 0.193530 0.263956 -0.009789 0.163016 0.122699
-0.094753 -0.093152 0.050542 0.175242 -0.041518 -0.096718 -0.215269 0.062405 0.244379 -0.028146
0.072193 0.384544 -0.022906 0.067317 0.068263 0.098246 0.009092 -0.072338 -0.068918 -0.149480
0.042901 -0.277710 -0.032658 -0.230260 -0.007810 -0.204789 -0.104869 0.084274 -0.132960 -0.097155
0.149043 0.105160 0.043119 0.149189 -0.001830 0.095117 -0.000882 0.101085 -0.142421 -0.074886
0.145841 -0.028673 -0.163307 -0.197803 -0.131869 -0.005940 0.294885 -0.060767 0.000474 -0.063533
0.407832 0.078961 0.119861 -0.060658 -0.179318 0.225748 -0.112365 -0.043338 -0.016374 0.075249
0.113456 0.001546 -0.047886 0.081945 0.133761 0.160979 -0.039917 -0.022524 -0.099120 -0.104214
-0.060149 -0.206245 0.070774 0.017421 -0.284405 0.127939 0.167528 0.288917 0.010798 -0.003659
0.046649 0.072557 -0.152828 -0.260244 0.028109 0.055709 -0.073976 0.077505 -0.091333 0.007273
-0.213813 -0.048832 -0.254422 -0.123863 -0.004257 -0.318464 -0.096500 -0.020377 0.175097 0.151954
0.024816 -0.126119 -0.059166 0.104214 0.003450 -0.015437 0.045339 -0.016356 0.110109 -0.159378
0.133033 -0.048832 -0.041336 0.384544 0.066808 -0.057056 -0.007005 0.122117 -0.264901 -0.015947
0.176552 0.128521 0.073758 0.100357 -0.084856 -0.008369 0.214978 -0.108653 -0.172331 0.003445
-0.117968 -0.016866 0.044065 -0.132014 -0.242778 -0.057092 -0.067717 -0.249328 -0.014573 0.030584
0.136089 -0.015055 -0.108580 -0.576670 -0.158795 -0.161706 -0.273780 -0.311186 0.067062 -0.049560
-0.021050 0.157631 0.209592 0.067717 0.159523 -0.279165 0.038826 0.055782 -0.000186 -0.107416
0.170294 -0.042355 0.032913 0.297068 0.028710 -0.171167 -0.199258 -0.064879 0.016056 -0.129030
-0.150790 -0.027072 -0.113529 0.095699 -0.109745 0.036606 -0.084419 0.003596 -0.228077 -0.151081
-0.133833 -0.054763 -0.074121 -0.221527 0.198822 -0.216433 -0.330108 -0.066225 0.349321 -0.049342
-0.382215 -0.170730 0.250638 -0.074740 -0.034095 -0.042210 0.242778 0.021560 0.024271 0.156466
0.103632 -0.082527 0.087767 0.272179 -0.061968 0.083546 0.023688 0.033404 0.133324 -0.143658
-0.217306 0.062987 -0.131941 -0.034605 -0.034459 0.076996 0.076050 -0.098174 0.056837 0.091260
0.112292 -0.256460 -0.141475 -0.138782 0.236374 0.069246 -0.167237 0.069973 0.005545 -0.342916
-0.222110 0.004191 0.166218 0.036388 0.056401 0.135362 0.530967 0.409287 0.093225 0.160251
0.022251 0.052398 0.115203 0.080344 -0.024598 -0.180773 0.354269 -0.034059 0.225748 0.078743
-0.002495 -0.010398 0.121098 -0.163307 0.029219 0.173350 -0.129249 -0.038389 0.008496 0.068809
0.148170 -0.032712 -0.132815 -0.010662 -0.003282 0.184267 -0.068409 -0.060367 -0.164181 -0.109090
0.048650 -0.172331 -0.136963 0.052580 -0.294011 -0.059275 0.363002 -0.062550 -0.173350 -0.177426
0.217015 -0.038935 0.187905 0.203479 0.281785 0.218034 
