0.004124 -0.018345 0.064418 -0.094678 0.081176 -0.062931 -0.116861 -0.239831 -0.182766 -0.037232
-0.006877 0.016245 -0.053005 0.321328 0.147403 0.035303 0.035625 0.147242 0.043079 -0.075349
-0.061043 -0.035786 0.146438 0.055095 -0.025297 -0.108985 0.070486 -0.089936 -0.007354 -0.104564
0.087686 -0.817868 -0.181641 0.312166 0.807580 0.353316 0.000507 -0.102233 -0.138240 -0.248993
-0.727208 -0.362961 0.223113 -0.302682 0.137678 0.181802 -0.026663 0.112441 0.015010 0.166210
0.099099 0.084150 -0.034821 0.141053 -0.001334 0.069241 0.068919 0.072697 -0.014999 -0.023368
0.043642 -0.241438 -0.129319 -0.044084 0.242081 0.102153 -0.103921 -0.306057 0.094277 -0.144268
-0.290787 0.041070 -0.110592 -0.053206 -0.017752 -0.158735 0.222149 0.070647 0.177140 0.052081
0.249636 -0.008469 -0.073018 0.113325 0.017602 -0.190321 0.001623 0.023047 -0.117183 -0.089213
-0.000238 0.053046 0.019299 -0.067714 0.341743 -0.175051 0.181159 0.178909 0.034279 0.003232
0.011875 -0.042597 0.143063 0.005822 0.052121 -0.152627 -0.235008 0.048906 0.122969 -0.259281
-0.018827 -0.020344 0.426616 0.123452 -0.036087 0.209932 -0.057305 0.115173 0.011162 0.015140
-0.113968 0.212665 -0.225846 0.105770 0.057747 -0.213629 -0.123854 -0.141375 -0.112441 0.051077
0.352352 -0.023790 0.003225 -0.266675 -0.029276 0.017059 -0.275677 0.047500 -0.129962 -0.387394
-0.097491 0.055778 -0.114530 0.000251 0.113887 -0.145715 0.086320 0.010242 0.104645 0.051157
0.222149 0.387715 0.280177 0.075711 -0.008635 0.007871 -0.036027 -0.293198 -0.163316 0.197073
0.066588 0.072094 0.028452 -0.106011 -0.025679 0.146117 -0.822368 0.050273 -0.120880 -0.058873
-0.033575 0.083346 -0.137758 -0.121041 0.040166 0.051318 0.112601 0.143545 -0.088088 0.165727
0.077840 0.462301 0.216201 -0.124095 0.500237 0.160744 0.005541 -0.317792 -0.105127 0.127631
-0.081538 0.142741 -0.048665 0.018727 -0.047661 -0.155842 0.287250 -0.104725 -0.079046 0.006098
-0.075912 0.024112 0.059033 0.104886 -0.092428 0.014889 0.113084 -0.109065 -0.019601 -0.001336
0.007851 -0.093392 0.246582 0.129721 0.030140 -0.010142 0.062248 -0.137115 0.029657 -0.002891
-0.136151 -0.138401 -0.129801 -0.124336 -0.206074 0.014618 0.134543 -0.120880 0.066870 -0.648443
-0.064901 0.038940 -0.134623 -0.052805 0.074907 -0.214594 0.065463 0.155520 -0.172800 0.096688
-0.064860 -0.361032 -0.027588 0.006490 0.125140 0.147081 -0.025699 0.124255 -0.052282 0.098536
-0.053809 0.058109 0.037695 -0.217326 0.010690 -0.061083 -0.281624 -0.134463 -0.113084 0.439797
-0.084873 -0.042517 -0.148367 -0.039362 0.059636 0.228096 0.015271 -0.211057 0.501844 -0.007078
0.081698 -0.064659 0.108261 0.169425 -0.230507 0.053367 -0.026141 0.119996 0.026925 -0.027749
-0.062409 -0.008504 -0.095080 0.190161 0.031928 0.006033 -0.073581 -0.072898 -0.037397 0.004903
-0.085778 0.032671 -0.028860 -0.069937 -0.013534 0.004992 -0.020510 0.065267 0.516759 0.068256
-0.080473 -0.110809 -0.168268 -0.187994 -0.359250 -0.268392 -0.022752 -0.298877 -0.061718 0.033568
0.067247 -0.155117 0.045579 0.223411 -0.087422 -0.015859 -0.126649 -0.031886 0.049464 0.059663
0.040685 0.008168 -0.007304 -0.006641 0.017765 0.005394 0.036594 -0.016700 -0.046550 0.052827
-0.092204 -0.075616 -0.037845 0.144283 0.285876 0.084358 -0.028263 0.039751 0.044757 -0.103486
-0.141145 0.000940 -0.014524 0.019763 -0.064520 -0.005907 0.100049 0.064557 0.083686 0.082640
0.095267 0.009074 0.079576 -0.070161 0.048119 -0.009162 -0.058169 0.015551 0.021669 0.083611
-0.095865 0.115142 -0.144208 -0.059439 -0.043524 -0.090186 -0.008261 -0.043337 -0.010582 -0.009513
-0.111929 -0.026413 0.008074 0.072029 -0.005403 0.009102 -0.006043 -0.025068 -0.014626 -0.044570
-0.059215 0.011217 -0.092054 -0.025143 0.064520 -0.072141 0.036837 0.024340 0.049240 0.046401
0.094819 0.008859 -0.028991 0.129414 -0.008079 -0.009947 -0.069377 0.111033 -0.056002 -0.056114
-0.028113 -0.009938 0.048530 0.002219 0.053723 0.163336 0.080024 -0.111481 -0.075803 -0.061643
-0.025816 -0.142415 -0.136064 -0.009242 0.002271 0.058281 -0.153922 -0.118355 -0.207720 -0.169463
-0.125080 -0.187695 -0.111332 0.024134 0.028393 0.046662 -0.155864 -0.219376 -0.194121 -0.118206
-0.147944 -0.181717 -0.093623 -0.056189 -0.125678 -0.010321 -0.079277 -0.059551 0.054097 -0.039975
0.039190 -0.025554 -0.159899 -0.106400 0.043748 -0.076288 -0.031177 0.047970 0.010498 -0.011796
-0.105354 -0.457880 -0.120821 -0.043786 0.073374 0.036351 0.008990 0.263161 0.060822 -0.020791
0.106176 -0.009204 -0.154519 -0.110659 0.009013 -0.075130 -0.139277 -0.002900 0.031401 0.296785
0.032503 -0.101170 -0.099825 -0.074570 -0.014262 -0.100049 0.030075 -0.111332 -0.023088 -0.035492
-0.157508 -0.156313 -0.059589 -0.002258 0.179625 0.054919 -0.102590 0.092876 0.061158 0.152652
-0.003703 -0.074906 0.017755 -0.115292 -0.154221 -0.027366 0.015962 -0.012562 -0.017811 -0.073524
-0.027067 -0.034651 -0.094819 -0.041731 -0.135466 -0.225353 -0.136736 -0.027590 0.003241 0.020641
0.190684 0.182016 0.199052 0.061419 0.196661 0.153175 -0.078381 0.033792 -0.094370 -0.022976
-0.074420 -0.150784 -0.046251 -0.247022 0.015168 0.028767 -0.030448 -0.003589 -0.046961 -0.090933
-0.038368 -0.206225 -0.171107 -0.221468 -0.264058 -0.325178 -0.258828 0.058954 0.075429 0.019763
-0.063213 -0.245528 -0.121344 0.030579 0.010433 -0.031625 0.024919 -0.000217 0.019016 0.038593
0.218330 -0.013944 -0.083387 0.124482 -0.020230 -0.047559 -0.033717 -0.180372 0.123810 0.192776
0.080398 -0.049912 -0.022472 -0.153473 -0.146001 -0.091830 -0.110211 -0.011553 -0.047185 0.051930
-0.093100 -0.027123 0.047559 0.026320 0.060784 0.046662 -0.109852 -0.227385 0.030152 -0.220087
0.387553 0.349336 -0.102266 0.091895 -0.025566 -0.026551 -0.061071 -0.079556 0.035985 0.047220
-0.080708 -0.018389 0.007592 -0.086710 -0.095640 -0.165257 0.095304 -0.184942 -0.226233 0.107451
0.013671 -0.063856 0.073698 0.099673 -0.111100 -0.219127 0.062560 -0.120126 -0.099769 0.181966
-0.070818 -0.086470 0.076627 -0.033056 -0.011901 0.002237 -0.277125 -0.041674 -0.071730 0.009518
0.057518 0.128384 0.130689 0.079508 0.102074 0.055070 -0.108219 0.094968 -0.269059 -0.319376
0.108699 -0.008078 -0.082245 0.089494 -0.058527 -0.032552 0.071874 -0.079076 -0.079460 -0.295178
-0.033392 0.081813 -0.284039 0.162473 0.296522 0.001886 0.116765 0.183694 0.052045 0.131745
0.071442 0.042251 -0.003886 0.116381 -0.160168 -0.098329 -0.085413 0.063040 0.063280 -0.001557
-0.001197 -0.066305 -0.066113 0.079604 -0.065104 -0.092279 -0.036633 -0.007916 0.048420 -0.031280
0.025710 0.087334 0.017680 -0.189552 -0.071490 0.014824 -0.061647 -0.134242 0.053341 0.505471
-0.001871 -0.076771 0.064048 0.112156 -0.062176 -0.014068 -0.031976 -0.136258 -0.104378 -0.069329
-0.055694 -0.015916 0.116477 -0.019793 -0.191568 -0.068801 -0.086950 -0.224312 -0.029575 -0.134338
-0.121182 0.028855 -0.016540 0.044291 0.282695 -0.048636 0.111484 0.222200 -0.011883 -0.081813
-0.090839 0.183790 0.070914 -0.051661 0.215286 -0.094776 -0.202803 0.089831 0.032528 -0.210677
0.034329 0.140675 0.004177 -0.053437 0.068369 0.101497 0.063616 -0.123103 -0.019877 0.124159
-0.047316 -0.078548 -0.041698 -0.093095 0.079220 -0.035169 0.076147 0.010953 -0.027055 0.136834
0.052525 -0.085749 0.008996 -0.003757 0.043739 -0.053918 -0.120222 -0.006386 -0.126944 0.011499
-0.011025 0.081236 0.126944 -0.003802 -0.169290 0.008246 0.052189 0.079700 0.033800 0.150758
-0.156423 -0.045227 0.033584 -0.023442 0.023598 -0.003877 -0.089783 0.078356 -0.144228 -0.017740
0.064576 -0.194065 -0.010767 0.031160 -0.071778 0.264834 0.059199 -0.164585 -0.104090 0.155655
0.082485 -0.014476 0.004930 0.173515 0.161128 0.131649 -0.002165 -0.271940 -0.123967 0.054926
-0.004645 -0.146341 -0.118014 -0.056174 0.040978 -0.028207 0.136162 -0.011259 -0.093047 0.013383
0.153158 -0.148933 -0.104090 -0.058095 -0.128672 -0.080324 0.014056 0.055838 0.149894 -0.039994
-0.183502 0.106971 0.212021 -0.231418 -0.054254 0.147013 -0.043763 0.023754 0.011133 0.146629
0.004234 -0.160360 0.152294 -0.108315 -0.404453 0.006140 -0.068993 -0.080084 -0.028759 -0.064288
0.104186 -0.019613 -0.051517 -0.030632 0.035433 -0.268675 -0.183406 0.090407 -0.167754 -0.162377
-0.208564 -0.404453 -0.021509 -0.148837 -0.097224 0.004903 -0.046452 -0.092807 -0.013935 0.057134
0.008468 -0.161128 0.087334 -0.188495 -0.309582 -0.087382 -0.011787 0.130785 0.024030 -0.200882
0.206068 -0.076243 0.035937 0.292297 -0.107012 -0.081456 -0.071312 -0.016500 -0.043493 -0.124601
0.091687 -0.039270 -0.091426 -0.030258 -0.050545 0.043318 0.160213 -0.010699 -0.157253 0.094473
-0.088944 -0.153944 0.134091 -0.093690 0.012060 -0.100046 -0.320600 -0.170923 0.188425 -0.035917
-0.049457 0.066610 0.024729 -0.062518 -0.042382 0.185812 0.174928 -0.163261 -0.010264 0.215417
0.084068 0.050328 -0.047585 0.159952 0.265919 -0.011983 0.129302 -0.027493 -0.194171 -0.151854
-0.118070 -0.028843 -0.018786 0.217158 0.181459 0.119550 0.059340 0.066088 0.117025 0.157601
0.119115 -0.119202 -0.056902 -0.003271 -0.108666 -0.099698 -0.047803 0.157079 -0.034938 -0.007064
0.398443 -0.214895 -0.447552 0.121466 -0.101526 -0.268879 0.027210 -0.019014 -0.048282 0.104400
-0.025752 -0.223253 -0.012745 0.036483 -0.008277 -0.077538 -0.041555 -0.040380 -0.214024 -0.113194
0.021485 -0.154553 -0.172926 -0.054638 -0.027101 -0.075492 -0.060864 0.127126 0.034568 -0.026035
0.021159 -0.157514 0.005401 -0.050589 0.032565 0.039749 0.024315 -0.016163 -0.139229 -0.142363
-0.069397 0.021420 -0.033392 -0.052330 0.170923 0.034198 -0.133047 0.221338 -0.011526 0.010481
0.101613 -0.068569 -0.105096 0.016642 0.070485 0.172752 0.139751 -0.080368 -0.027210 0.052287
-0.000101 -0.019624 -0.038638 -0.078322 -0.104922 -0.211063 0.126429 0.237185 0.085244 -0.123120
-0.078365 0.035003 -0.277238 -0.081848 0.183897 -0.152551 0.013235 0.120421 -0.019287 0.178237
0.174145 0.171707 0.076754 0.066001 0.007499 -0.034067 -0.155163 -0.062300 -0.046801 0.042317
-0.011592 0.020908 0.035482 -0.028494 -0.063737 0.100743 -0.015640 -0.105706 -0.160997 -0.086637
0.036679 -0.038573 0.058861 -0.020299 -0.037506 -0.106402 -0.276716 0.084808 0.033849 -0.235792
-0.075448 0.037419 -0.019744 0.088509 0.002857 -0.012854 0.057816 -0.132611 -0.116677 0.007864
-0.118070 -0.018350 0.089859 -0.000229 -0.095954 -0.025316 -0.214198 -0.171707 0.006873 -0.074316
0.131305 0.181633 -0.027907 -0.013551 0.075709 -0.174667 -0.163261 0.018405 0.052592 -0.014966
-0.058513 0.068221 0.132350 0.004019 0.021267 0.187728 -0.002952 -0.081935 0.050284 -0.140099
0.047759 -0.102832 -0.071312 -0.056249 0.121292 -0.042731 0.066697 -0.082196 -0.005622 0.226562
0.056597 0.122250 0.148632 -0.091513 -0.099959 0.158733 -0.052679 -0.110756 0.329133 0.018394
-0.115023 -0.097869 -0.255644 -0.402274 -0.013355 -0.113455 -0.225169 0.108492 0.036179 -0.093080
-0.063650 0.100569 0.052853 -0.016283 -0.040510 -0.101178 -0.003722 0.058077 -0.023096 -0.032413
-0.057250 -0.018372 -0.019613 -0.097695 -0.062649 -0.115632 -0.172926 0.110234 -0.312764 -0.201660
0.485515 -0.163086 -0.008822 0.331571 -0.032783 0.013311 0.028342 0.112323 -0.179543 -0.181633
-0.006645 -0.020658 0.079323 0.068221 0.072314 0.021561 -0.054377 0.203053 0.180762 -0.084808
0.112497 0.016936 0.029058 -0.124839 0.051308 -0.008905 0.123531 -0.023149 0.026090 0.246845
0.009627 -0.029439 -0.012146 -0.096788 -0.015864 -0.352511 -0.081537 -0.013705 -0.146734 -0.052860
-0.093466 -0.091832 -0.068029 -0.107246 -0.279307 -0.000787 -0.080938 -0.066286 -0.025096 -0.013828
0.032626 -0.005774 -0.013719 -0.155340 -0.014461 0.001685 -0.044255 0.033987 -0.000515 0.014121
-0.049048 -0.011642 0.198587 -0.048939 0.039707 0.050164 -0.013712 -0.059151 0.013848 -0.031073
-0.025586 0.159153 -0.133553 0.072441 0.053214 0.048830 -0.051444 0.016054 -0.042375 -0.039570
0.062474 -0.050273 -0.052806 0.034069 -0.014121 0.004480 -0.072114 0.007796 -0.003918 0.041368
0.009641 -0.038753 -0.058225 -0.001028 -0.040551 0.062474 0.056755 -0.031673 -0.072931 0.004667
0.034750 0.062474 -0.038154 -0.052397 -0.044091 -0.017348 -0.001786 0.106973 -0.048394 -0.008830
-0.056373 -0.045262 -0.056809 -0.019458 -0.064489 0.028922 0.057899 -0.052751 0.008054 0.086221
-0.077507 0.025354 -0.106429 -0.014870 -0.023121 0.037065 0.033606 -0.056210 -0.007952 -0.005460
-0.032735 -0.050600 -0.013270 -0.003980 -0.243577 -0.033497 -0.020017 -0.080884 0.041858 -0.004640
0.004105 -0.004112 0.055284 0.098150 0.042784 -0.014679 -0.024973 0.018886 0.048285 -0.068356
0.023149 0.083444 0.052724 0.041994 -0.020166 0.257956 0.028704 0.017566 0.053650 -0.003283
0.035839 -0.141832 -0.008967 -0.000293 -0.042757 0.017280 0.009893 -0.003389 -0.008667 -0.019567
0.015523 0.047659 0.037718 -0.033879 0.027506 0.005069 0.029902 0.038617 -0.008265 -0.215908
-0.008013 -0.018941 -0.147497 -0.006254 0.011179 -0.026920 -0.044799 0.045507 0.177127 -0.026362
-0.014910 -0.035022 0.063127 -0.005185 -0.045807 0.002546 0.038917 0.056210 0.000748 -0.014543
0.025082 0.039924 -0.085350 -0.004899 -0.081102 -0.004480 0.004306 0.018805 0.010322 -0.087147
-0.007346 0.047359 -0.053269 0.008068 0.111058 -0.081265 -0.022195 -0.036711 -0.130939 -0.062637
-0.002373 -0.024074 -0.000114 0.046951 0.053323 0.003942 0.017048 -0.002317 -0.042158 -0.026267
-0.075328 0.016150 0.061330 0.049129 0.042239 0.117322 -0.016776 0.052370 0.009709 -0.114708
-0.057735 -0.030801 -0.101145 -0.146952 -0.035785 -0.104196 -0.052370 0.049075 0.074783 -0.004643
-0.108117 -0.284972 -0.051063 -0.079250 -0.066613 -0.078160 -0.026757 -0.063073 -0.021882 0.035703
-0.274296 -0.024401 0.018165 -0.046460 -0.004848 0.018069 -0.055829 0.015659 -0.037637 -0.161441
-0.098150 -0.014284 -0.045398 0.030828 -0.011874 0.035649 -0.006349 -0.005416 0.031237 -0.058770
0.031237 -0.048830 0.004041 -0.030801 0.024115 -0.075491 0.036003 0.156538 -0.042757 -0.007932
0.126255 -0.006945 0.104468 0.185297 0.060567 0.068846 0.197062 0.049837 0.067430 0.075873
0.044363 0.003460 0.130067 -0.049892 0.018206 0.110895 -0.024946 0.040632 -0.030747 -0.032136
0.052714 0.233104 -0.044271 0.287221 0.155236 -0.149824 0.087138 -0.172273 -0.058476 0.028787
-0.159946 0.135393 -0.047503 -0.151327 -0.022185 0.026081 -0.067446 0.002991 -0.030366 -0.094905
0.028913 0.074060 0.017951 0.081376 0.270385 -0.003796 0.104025 0.079071 0.022762 0.037030
-0.042367 -0.103825 -0.153231 -0.055470 0.084232 0.000994 0.045098 0.159545 -0.106530 -0.082328
0.111140 0.166761 0.061734 0.161850 0.128277 0.074962 0.116051 0.094755 -0.103524 -0.523933
-0.110840 -0.022223 0.189410 0.050409 0.066794 0.051762 -0.021722 0.126373 -0.086637 -0.022185
0.019492 0.117855 0.077568 -0.068999 -0.045123 0.153031 -0.056673 0.131986 -0.022048 0.000204
-0.113345 -0.106731 0.053917 0.213462 0.021296 0.142408 0.050685 -0.002554 -0.057374 0.043695
-0.119158 0.054768 0.096559 0.018377 0.107332 -0.135894 0.105428 -0.109637 -0.024866 -0.002219
0.164155 0.167262 0.194821 0.081326 -0.110339 -0.089544 -0.019079 0.017976 0.090245 -0.003620
-0.028913 0.021196 0.047528 0.217671 -0.059729 0.135493 -0.063187 0.037656 -0.036980 0.115650
0.031268 -0.143711 -0.015446 0.051962 0.010391 0.062886 0.046025 0.133890 -0.190612 -0.016611
-0.188007 0.330314 -0.024603 0.199732 0.185601 -0.073459 0.070803 0.139602 0.144112 0.043895
0.280607 -0.096809 -0.039335 -0.055570 -0.072858 0.091698 0.058527 -0.096609 0.058276 0.105027
0.106330 -0.146316 -0.125772 0.044697 0.076265 0.027209 0.047202 -0.111641 -0.013291 -0.017275
-0.032771 -0.036604 0.068047 0.133389 0.144412 0.051762 0.078319 -0.147820 -0.021835 0.006204
-0.354567 -0.175580 -0.205845 -0.042667 0.043168 0.041515 0.236712 0.143811 0.054267 0.111942
-0.108435 0.063938 -0.081075 -0.002153 -0.033222 -0.142007 0.026407 0.203941 0.023927 -0.015609
0.054267 -0.253348 0.025443 -0.263169 0.049332 0.054167 -0.003755 0.108034 0.145214 -0.248938
-0.313077 -0.040137 -0.149423 -0.208451 0.289426 -0.044546 0.049958 0.318689 -0.000846 0.170068
-0.042893 0.017601 -0.339534 -0.100618 -0.094304 -0.152029 0.172473 0.013567 -0.099315 -0.066694
-0.196826 -0.061934 0.042191 -0.039210 0.248538 -0.016085 0.139101 0.322698 0.097210 0.200734
-0.123868 -0.062084 -0.231902 -0.105027 -0.216669 -0.254350 -0.408083 -0.244729 0.073359 0.386035
0.187105 0.119959 -0.137898 -0.079221 -0.043269 0.038508 0.054267 0.036629 0.162652 0.058727
0.052363 0.139903 -0.071204 0.076465 0.046977 -0.083781 0.245531 0.017901 0.054317 -0.173375
-0.052514 0.005737 0.052965 0.234708 -0.059779 -0.112644 -0.322898 -0.109637 -0.090997 0.498278
0.008243 0.021998 0.047653 0.060681 -0.106130 -0.141907 -0.014845 -0.121864 -0.197427 -0.173074
-0.256755 -0.320092 0.034800 0.108134 -0.083080 -0.049307 0.120861 -0.075313 0.034926 -0.056322
-0.070553 -0.067797 0.040788 0.162852 0.229296 -0.016198 -0.018440 0.116853 -0.006086 0.000017
-0.064106 -0.077570 -0.118268 -0.096007 -0.070532 -0.105492 0.023313 -0.062921 -0.116891 -0.091646
0.049151 0.019488 -0.038594 -0.131732 -0.117732 -0.101820 0.071336 0.070073 -0.006560 0.051828
-0.445838 -0.050757 0.131961 0.055500 0.001192 0.007860 0.029529 0.111383 -0.094936 0.440024
0.051713 0.082772 0.276162 0.083308 -0.069653 -0.026124 -0.050795 -0.134027 0.129743 -0.091799
-0.083078 0.167533 -0.048386 -0.054965 0.031422 -0.104574 0.027788 0.213433 0.042725 -0.002105
-0.129054 -0.057642 0.000741 -0.069270 0.004461 -0.000722 0.150780 0.016400 0.057413 0.136245
0.096160 -0.065675 0.034119 -0.133491 0.078106 -0.023944 -0.010509 -0.053741 0.011905 -0.100750
0.015921 0.102968 0.059325 0.076882 0.239443 -0.044140 -0.044752 -0.048156 -0.088051 -0.029758
-0.082084 0.023026 -0.022491 -0.039435 -0.129054 -0.005589 -0.033143 -0.016954 0.005847 0.056839
0.029969 0.018695 0.319767 0.080477 -0.024384 -0.359546 -0.026105 0.027138 -0.057872 -0.004822
-0.116967 -0.109241 -0.015003 -0.039244 0.070035 -0.025283 -0.012871 0.063418 -0.050107 -0.058598
0.039933 0.022280 -0.068084 -0.133338 -0.051981 -0.086062 -0.137087 -0.020291 -0.071450 0.330477
0.010557 -0.018226 -0.106946 -0.004458 0.020903 0.018570 -0.002634 0.094018 -0.057489 0.070953
0.059555 0.239137 0.052287 -0.049610 -0.066210 -0.138540 0.013980 0.154758 0.086368 -0.083537
-0.188800 -0.017834 0.055309 0.240208 0.085756 0.049113 0.108323 0.084226 0.027616 -0.216952
0.048539 -0.006823 -0.007114 -0.007463 -0.029949 0.067434 0.041157 -0.019364 0.010844 0.037389
0.067013 0.055462 0.113831 -0.093712 -0.311505 -0.190024 0.040851 -0.018761 -0.054582 -0.024709
-0.066822 0.008147 0.065369 -0.063609 -0.130967 0.002807 0.015615 0.028496 0.054391 -0.000162
0.042113 0.058445 -0.135710 -0.038269 0.056533 -0.164779 -0.042954 -0.131655 -0.027444 -0.079483
0.008506 0.066019 0.045288 -0.047047 -0.041157 -0.062003 0.053817 -0.035132 -0.049992 0.025933
-0.069194 0.007908 0.043260 -0.149862 -0.003634 0.058751 -0.133644 0.028286 -0.031307 -0.113984
-0.141141 -0.031288 -0.036184 -0.064910 -0.000687 -0.000039 0.039971 -0.048386 0.165544 0.021037
0.060243 -0.070341 0.122934 -0.120027 -0.117962 -0.041271 -0.022912 -0.206242 -0.102126 0.114596
0.116126 0.030714 -0.016476 0.009022 -0.073592 -0.044446 -0.252753 -0.103580 -0.010433 -0.324969
-0.003120 0.020846 0.040239 0.013282 0.012087 0.108935 -0.122399 -0.013521 0.074587 -0.071374
0.028878 -0.033009 0.000779 0.031116 0.009840 -0.043184 0.081395 -0.115208 0.000049 0.016562
0.156135 0.032589 -0.013779 0.275091 0.074204 -0.064604 0.034539 -0.094171 -0.061276 -0.118880
-0.167227 0.031671 -0.107481 0.002960 0.014525 -0.074051 -0.044867 0.040698 0.027329 0.020177
0.033258 0.078335 0.052440 -0.099679 -0.110465 -0.094553 -0.053200 0.055069 0.136761 -0.119073
0.072255 0.090946 0.140590 0.070204 0.167031 0.021984 0.021414 0.006422 0.028971 -0.159098
-0.052790 0.144784 -0.054613 -0.021950 -0.049371 -0.156637 0.034828 0.032686 -0.214259 -0.062819
-0.048732 -0.015329 -0.046362 -0.140681 -0.106309 0.029358 -0.061679 0.045017 0.041051 -0.011653
-0.010673 0.007978 -0.079777 -0.191648 -0.091584 -0.004525 -0.095824 0.061816 0.170951 0.110047
0.030589 -0.013175 -0.007664 0.045473 -0.036606 0.087345 0.032139 0.001248 -0.400436 -0.110138
-0.015408 -0.016571 0.088439 -0.094547 -0.002309 0.092678 0.121900 0.023682 -0.053975 -0.033028
0.027535 -0.013904 -0.044584 -0.098924 -0.279904 -0.048140 0.120623 -0.067286 -0.122629 -0.011300
-0.050419 0.050784 -0.144511 -0.175966 0.306527 -0.072027 -0.154175 0.075766 -0.082968 -0.004408
0.140043 0.059764 0.023101 0.065417 -0.067104 0.098103 0.060585 0.047547 0.187454 0.056437
-0.113512 0.112600 -0.015762 -0.288474 -0.112235 -0.017995 -0.064551 0.102753 -0.265863 -0.140317
0.153446 0.061998 -0.097100 -0.083926 -0.017289 -0.020263 -0.055844 -0.012525 -0.024777 0.056893
0.143234 -0.057759 -0.023546 0.003992 -0.034942 -0.017733 -0.228482 0.276075 0.064050 -0.022850
-0.059947 -0.022942 -0.064004 0.011294 0.073304 -0.032412 0.074033 0.175966 -0.040664 -0.054385
0.171407 -0.036424 0.003120 0.011442 -0.092678 -0.073304 0.096371 -0.069748 -0.042875 -0.055479
0.016081 0.065053 0.006234 0.082284 -0.351749 -0.109409 0.235411 0.019853 -0.090946 0.012445
0.020765 0.015796 -0.203135 -0.096918 0.087208 0.028287 -0.092861 -0.004428 -0.070067 -0.151622
-0.115700 -0.066466 0.320567 0.152443 -0.180707 -0.000036 0.255105 0.051331 0.012969 -0.018656
0.156637 -0.053519 0.049690 0.143781 -0.257110 -0.105579 -0.040983 -0.024890 -0.054932 0.074352
-0.225382 -0.051604 0.126823 -0.049690 0.127461 0.030771 0.082695 0.197847 -0.220276 -0.105124
0.388401 -0.420129 -0.195294 0.476292 -0.010696 0.036971 -0.099653 0.143599 -0.366337 0.116885
0.331691 0.111962 0.096918 -0.018258 -0.068791 0.000356 0.248722 0.175783 0.108770 -0.075310
0.139861 0.023751 -0.110412 0.009790 0.219911 -0.240517 0.212618 0.411377 -0.133479 -0.214623
0.126367 0.069839 0.023819 -0.144784 0.033278 -0.070888 -0.095094 -0.005299 0.232676 0.065873
-0.045860 -0.088986 -0.071161 0.035603 0.243252 -0.187089 -0.079139 0.170951 0.116794 -0.080324
-0.066238 0.083059 -0.153628 -0.230305 0.130561 0.113512 -0.101932 -0.121535 -0.120076 -0.013539
0.102024 -0.105579 0.192924 0.132840 0.363966 -0.043695 0.002437 -0.150346 0.058944 -0.002859
-0.035649 0.237052 -0.057485 0.013585 0.028469 -0.152899 0.104029 -0.105944 -0.119894 0.092678
-0.318562 -0.154631 -0.004450 -0.109956 0.116247 0.038065 -0.021620 -0.008023 -0.069338 0.129923
0.050374 -0.168125 0.004747 0.168854 -0.048464 0.024448 -0.076261 -0.143017 -0.160588 -0.088791
-0.028571 -0.080294 -0.041983 0.059662 -0.029957 -0.073669 -0.006099 -0.044648 -0.089151 0.020506
0.032676 -0.038239 -0.018318 -0.025186 -0.009884 0.025816 -0.296691 0.031271 0.129334 0.024736
0.289490 -0.037518 -0.142081 0.027941 -0.063119 -0.104778 0.054765 -0.055990 0.032316 -0.112051
0.038275 0.105930 0.019101 -0.076549 0.045404 0.020560 0.002381 -0.142297 0.045476 0.030371
-0.124870 -0.027149 -0.054045 -0.025312 -0.089655 0.012395 0.136176 0.061031 -0.013916 0.046052
-0.017373 -0.181615 0.035556 -0.106074 -0.019209 0.122709 0.010937 0.008759 0.119829 0.010685
0.073021 -0.265150 0.173694 -0.009398 -0.068448 -0.015573 -0.041515 0.016113 -0.071148 0.113204
0.284593 0.060923 -0.065387 0.112267 -0.088719 -0.058294 -0.075397 -0.017193 -0.037771 0.055486
0.029201 0.002705 0.058798 0.042703 0.025528 -0.118388 -0.042811 -0.062435 0.070896 -0.033468
0.008759 -0.083246 0.014574 0.033234 -0.025996 -0.026681 0.087927 -0.183200 -0.116804 0.079502
0.111835 0.279696 0.012053 0.081374 0.075829 -0.043135 0.013583 -0.129406 -0.066864 0.064739
-0.089727 -0.047096 -0.051741 0.124221 0.088143 0.108739 0.025276 0.007224 -0.073741 -0.013160
-0.012773 0.012908 0.000576 -0.017301 0.043748 0.037518 -0.050841 -0.091456 -0.132863 -0.002561
-0.058258 0.010640 -0.113780 -0.178303 -0.130559 0.014420 0.295827 -0.021460 -0.048356 -0.060310
-0.078638 -0.028679 0.109819 -0.050841 -0.027563 -0.145969 -0.037446 -0.072877 -0.096785 -0.097145
0.006882 -0.079142 -0.086487 -0.046952 -0.102474 -0.001549 0.034854 0.060310 0.169805 0.076549
-0.250171 0.097289 0.033342 -0.118244 0.059086 -0.020326 0.077197 0.062147 -0.075757 -0.058258
-0.047708 -0.023368 0.085119 0.104706 0.058546 -0.130559 -0.005189 -0.031271 0.400101 -0.084039
0.064631 0.099665 0.027869 0.049689 0.163900 0.068124 0.057718 -0.074605 0.001741 -0.066864
-0.100961 -0.186080 -0.014619 -0.051417 -0.000271 -0.031956 0.205379 0.101033 -0.008903 -0.047312
0.074893 -0.064739 0.160876 0.043387 -0.161740 -0.025132 0.022378 0.138336 0.131351 -0.031938
0.099449 0.011846 0.125734 0.021298 -0.099665 -0.166205 -0.021406 -0.117164 -0.082670 0.014610
-0.042847 0.012602 0.083678 -0.049977 0.052785 -0.123069 -0.185504 -0.160876 -0.081086 -0.092680
-0.045404 -0.010415 -0.150506 0.087567 0.009047 -0.076261 0.046772 0.066251 -0.042631 0.085119
0.146977 0.514745 0.054189 -0.082526 -0.126598 -0.138408 -0.055414 -0.153819 -0.063443 -0.057502
0.324632 -0.102690 0.167789 0.475858 0.161884 0.017391 -0.123141 -0.052065 -0.007665 0.044864
-0.071724 0.034278 0.124582 0.082382 -0.045800 -0.015654 -0.096929 -0.034422 -0.003952 0.030749
-0.165197 -0.105498 -0.145393 -0.000598 0.060562 -0.006612 0.067188 0.198610 0.139920 0.012404
-0.025420 -0.061499 0.114923 0.171560 0.119961 -0.015690 0.486795 0.081784 0.031510 -0.206219
-0.007530 0.047429 0.115792 0.137943 0.022563 0.009794 0.130125 0.011759 -0.130820 0.057809
0.032531 -0.090253 0.036093 -0.017384 0.210910 0.005869 -0.021999 0.093207 0.064063 -0.165392
-0.022346 -0.072793 -0.039285 -0.259033 -0.111362 -0.042108 0.023910 -0.040349 -0.115184 -0.272237
-0.154968 0.026863 -0.093381 0.039220 -0.024453 0.089385 0.037613 0.051034 0.143763 0.044258
-0.141591 -0.142025 -0.275711 -0.077571 -0.105802 -0.123523 -0.044910 0.142720 -0.043650 -0.079482
0.329568 -0.018209 -0.000091 -0.036961 0.011455 -0.022411 -0.089037 -0.149409 0.095118 -0.292390
-0.051859 0.182070 0.232279 0.109972 0.060024 0.056854 0.062196 -0.070057 0.432938 0.167390
-0.104760 -0.172949 -0.075399 0.056723 0.349373 0.220465 -0.122654 0.065888 -0.020826 -0.094857
-0.200833 0.055029 0.084477 0.117442 0.055464 -0.030381 -0.062934 -0.008578 0.110667 -0.041804
0.016874 0.086214 -0.059155 0.033270 0.005155 0.017536 0.340513 0.086735 0.014659 -0.045214
-0.127432 -0.184676 -0.169648 -0.090948 -0.214558 -0.084868 0.081741 0.055681 0.073315 0.119614
0.095726 -0.144284 -0.031185 -0.028123 -0.098592 0.037591 -0.240444 -0.113099 0.125781 0.138203
0.037700 -0.181897 -0.174079 -0.190409 0.075312 -0.050947 -0.038069 0.171820 0.253474 0.175729
-0.151146 -0.320534 -0.069275 -0.033878 -0.166695 -0.069840 -0.014268 0.103804 -0.022107 -0.025126
-0.247914 -0.123349 0.048210 -0.093641 0.009691 0.015755 0.187977 0.044736 -0.075921 0.305593
-0.010413 -0.012096 -0.313585 -0.095986 0.030403 -0.075790 0.106237 0.207435 -0.172081 0.119353
-0.144892 0.367963 0.037178 0.114402 0.025061 -0.006129 -0.001766 -0.094770 -0.097029 -0.031098
-0.054161 -0.044562 -0.023823 -0.251736 -0.176858 0.026907 -0.147585 -0.124739 0.148974 0.185197
0.136032 -0.096681 0.132036 -0.235579 0.045387 0.031011 -0.151841 -0.047342 0.113794 -0.042825
-0.005635 0.033812 0.159572 0.015277 0.150538 0.057201 0.024018 -0.027906 0.053509 0.021108
0.047689 -0.064107 0.116226 0.347115 -0.203439 0.010228 0.159572 0.015538 -0.142112 -0.156097
-0.093467 -0.071490 -0.186935 -0.209346 0.190409 0.208999 0.076311 -0.099461 -0.154186 -0.189367
-0.099461 0.032944 -0.104326 -0.194753 -0.148540 -0.164784 0.008806 -0.112317 -0.007764 0.131428
0.034312 0.038177 -0.003304 -0.131341 0.036310 -0.068494 0.134989 0.044193 -0.194058 0.143328
-0.010066 0.001691 -0.314106 -0.004137 0.091991 0.427726 0.270847 -0.219770 0.164350 0.082522
-0.025777 -0.152275 -0.017873 0.067668 0.085997 0.167216 0.022737 -0.029230 0.082696 0.016483
-0.189714 -0.033139 0.026733 0.069710 -0.033248 -0.116834 -0.206740 -0.128909 -0.062109 -0.030034
-0.152623 -0.029339 -0.257122 -0.140983 0.103631 0.142546 0.084042 0.022227 0.090080 0.050121
-0.002843 0.184067 0.130676 0.188423 0.033478 0.051928 -0.148100 -0.028982 0.032140 0.000959
-0.134161 -0.026446 -0.108897 0.030211 -0.170377 -0.172244 -0.097696 0.029247 -0.025700 -0.103608
-0.030476 0.145486 -0.303916 0.008440 -0.128934 -0.018606 0.078468 0.178218 0.120347 0.119289
0.156812 0.133912 -0.234844 -0.085624 -0.191410 -0.289479 0.028127 -0.203357 -0.014514 0.298689
0.504784 0.143868 0.033322 0.161665 0.078592 0.345234 -0.000454 -0.069196 0.057715 0.342496
-0.050279 -0.243556 0.001855 0.222647 -0.282261 -0.110950 -0.023039 -0.120347 -0.220905 0.024937
0.090602 0.000916 -0.066956 0.006460 0.036776 0.106532 -0.085437 -0.031502 0.159176 0.035438
-0.162412 0.057186 -0.243307 -0.028344 -0.115493 -0.188547 -0.096389 0.195641 -0.013340 0.031751
0.221403 0.075232 -0.005717 0.031813 -0.027831 0.164279 -0.066645 -0.077286 0.008766 0.140384
-0.017066 -0.213936 0.018917 0.210949 0.115929 0.004418 0.090104 -0.049781 -0.255379 -0.310138
-0.113191 0.005305 -0.327064 -0.464959 -0.331047 0.047137 -0.274794 0.220034 0.044617 0.072805
-0.100061 0.230986 -0.046328 -0.167266 -0.046017 -0.127192 -0.082388 0.109457 0.076539 0.124454
-0.110141 -0.257370 0.019353 -0.033198 -0.162910 -0.325819 0.050248 0.082637 0.081953 0.021515
-0.078095 -0.209829 -0.115742 -0.033478 -0.023055 -0.000602 0.065836 0.007891 0.120782 0.098318
-0.139637 0.102239 0.076290 -0.131299 0.009210 -0.013534 -0.041661 0.128187 -0.024906 0.003084
0.155816 -0.009505 -0.140757 -0.008385 0.127565 0.117858 -0.166021 0.215305 -0.008268 -0.057311
0.057560 0.314370 -0.125138 0.043777 0.151087 -0.043870 0.080024 -0.006398 0.189418 -0.145486
-0.263095 0.024486 -0.012142 -0.058058 -0.093962 -0.335527 -0.219038 -0.163656 -0.178840 -0.115306
0.000520 -0.117049 -0.039421 0.002137 0.058213 -0.092780 0.190290 -0.041536 -0.276038 -0.061698
0.094025 0.038830 -0.187925 0.298689 0.123520 -0.037087 -0.142375 0.132668 -0.094585 0.126569
-0.027489 -0.102052 0.379832 0.032171 0.039607 0.038612 0.208460 0.061449 -0.101305 -0.035718
0.176102 0.364400 0.183196 -0.022728 0.252267 0.077659 0.117858 -0.040230 -0.045083 0.076601
0.183569 -0.166519 -0.054511 0.056222 0.034069 0.110577 -0.146233 0.021748 0.244800 -0.088673
0.106346 0.194645 0.278527 0.091971 -0.181702 0.124329 0.072121 -0.113128 -0.313125 0.051275
0.134659 -0.113315 -0.274545 -0.028111 -0.195392 0.061449 -0.115244 0.074423 0.182947 0.066209
0.050653 0.196388 -0.151211 -0.003174 0.004146 -0.103296 -0.060982 0.016023 0.072121 -0.124578
-0.126134 0.287986 0.169755 -0.050902 0.100496 -0.013130 0.009070 -0.190787 -0.082450 0.162910
-0.028127 0.071436 0.104354 -0.060018 0.085562 0.091162 -0.049035 -0.022246 0.169381 -0.061169
0.002608 0.006861 0.032887 -0.002481 0.031082 0.156314 0.061138 -0.204228 -0.098498 -0.006800
0.097593 0.034318 0.010224 0.078868 0.190174 -0.023928 -0.081443 0.074204 -0.135600 -0.112837
0.628158 -0.076362 -0.209247 0.211057 -0.114230 -0.068635 -0.037833 -0.183074 -0.103162 -0.351111
-0.135043 -0.000566 -0.051720 -0.230408 -0.110540 -0.046464 -0.092581 -0.058507 -0.073856 0.038633
0.080399 -0.013887 0.082418 0.075387 0.100377 -0.053147 -0.101978 0.304055 -0.033883 -0.114578
0.119659 -0.051268 -0.052938 0.004087 -0.140681 0.015088 0.158432 -0.132746 -0.111863 0.179315
-0.001546 -0.033099 -0.000933 0.104902 0.016176 -0.142839 0.006778 0.022432 0.002563 0.144510
0.068009 0.011834 -0.150218 0.034909 0.217600 -0.039817 0.025599 0.073369 -0.056697 0.110331
0.107686 -0.114578 0.031864 0.573584 -0.258948 -0.290969 -0.023911 -0.249620 -0.121399 0.159406
0.117780 -0.033952 -0.029149 0.059099 -0.077058 0.050467 0.068566 -0.040652 -0.091258 -0.106016
0.023476 -0.117710 -0.237369 -0.014061 -0.128291 -0.133233 0.036789 -0.011773 0.024172 0.052729
-0.113603 -0.177783 -0.153002 0.059899 0.072812 -0.006748 -0.068635 0.026713 0.124880 -0.006174
-0.026939 0.076988 -0.007044 0.028940 0.085272 0.055549 -0.140542 -0.088474 0.139498 -0.210778
-0.076501 -0.042671 -0.101421 0.060317 -0.045977 -0.029045 0.091954 0.083532 -0.009789 -0.077684
-0.053530 -0.036441 -0.120842 0.115065 -0.107129 -0.106016 0.253379 -0.064772 0.007096 0.026086
-0.101630 -0.128151 -0.002908 -0.038251 -0.053147 0.012295 0.036789 0.045177 -0.057289 0.104345
0.142143 -0.153141 0.070341 0.108104 0.049945 -0.174303 -0.139567 0.177226 -0.111793 -0.103440
-0.157875 0.033848 -0.042253 -0.536552 0.169152 0.178758 -0.069958 0.067765 0.171797 -0.021388
-0.073786 0.017785 0.027565 -0.105807 -0.102117 0.116736 -0.044098 -0.016898 -0.029445 -0.045107
-0.031377 0.002486 -0.077476 -0.045768 -0.128012 -0.005221 0.038077 -0.120564 -0.038912 0.218853
-0.299600 -0.173607 0.396497 -0.309902 -0.102326 0.214816 -0.119798 -0.053217 -0.069401 0.028940
-0.145763 -0.164836 -0.060108 -0.095156 0.056210 0.007396 -0.073717 0.008501 0.066721 0.037276
0.038007 -0.016898 -0.174303 -0.072116 -0.092511 0.029445 0.151888 -0.104693 -0.112907 0.081095
-0.089866 -0.161773 -0.043506 0.133303 0.070410 -0.019647 0.166785 0.134764 0.096688 0.026748
-0.086107 -0.183909 0.031777 0.107129 -0.043889 -0.258948 0.224839 0.077476 0.026904 0.142700
-0.018899 0.071698 -0.041174 -0.024798 0.164557 -0.103092 -0.040756 0.052729 0.055340 -0.124741
0.068357 0.085690 -0.002262 0.176669 -0.091398 -0.150635 0.075178 0.049980 -0.130797 0.068044
-0.120146 -0.094182 0.151192 0.118545 -0.107756 0.157875 0.013922 -0.063449 -0.034979 -0.169430
0.004633 0.154812 -0.104484 0.077545 -0.102257 -0.130518 0.029219 0.017533 0.127943 0.063763
-0.256303 0.157040 0.206741 -0.116109 -0.009432 0.153141 -0.002882 0.026902 -0.023565 0.015494
0.028145 0.021641 0.001207 0.308388 -0.039332 0.089969 0.056971 0.093987 0.077097 -0.025455
0.061364 -0.029388 0.009969 -0.070627 0.018576 0.012251 0.012881 0.072534 -0.142343 0.066540
-0.013502 -0.158825 0.040455 -0.012447 0.029456 -0.063067 0.034360 -0.018832 -0.014890 0.059491
-0.067902 0.084997 0.001282 0.012762 0.029643 -0.033509 -0.023054 -0.089833 -0.015631 0.017359
-0.101956 -0.004819 -0.036846 0.016925 0.117007 0.280872 0.102433 0.011229 0.141935 0.042873
-0.029541 -0.117484 -0.009671 -0.070967 -0.107609 0.008249 0.022237 0.222028 0.001070 0.044644
-0.005146 0.021607 0.071240 -0.124772 0.043861 -0.130084 -0.199144 0.026766 0.032521 0.038378
0.032078 -0.009807 -0.062556 -0.018202 -0.002712 -0.021215 0.067221 -0.034939 -0.089016 0.028384
-0.008049 -0.076824 -0.049207 -0.073419 -0.164274 -0.024501 -0.050365 0.019955 -0.014728 0.105293
0.143297 0.007207 -0.032725 -0.020670 -0.033474 -0.007326 0.031329 -0.075667 -0.144659 -0.057312
0.107064 -0.101070 0.123818 0.105361 -0.045257 -0.156509 -0.046892 0.009884 -0.082750 -0.029882
-0.043691 0.058265 -0.035654 -0.071921 -0.046721 -0.035892 -0.005521 -0.039604 -0.167951 -0.018610
-0.100458 0.047777 -0.086087 -0.130901 -0.086087 -0.047607 -0.010897 -0.077914 0.071989 0.021283
0.060104 -0.094805 0.004140 -0.043043 -0.006240 -0.051659 -0.015554 0.107609 0.034973 0.069435
-0.017154 -0.034683 0.050399 0.022458 -0.229792 0.156237 -0.040660 -0.031670 -0.013162 0.034121
0.008616 0.017657 -0.082409 0.019734 -0.087109 -0.049207 0.059015 -0.079549 -0.006691 0.008590
0.011800 -0.084793 -0.003893 -0.125521 -0.097256 -0.249543 -0.084248 0.050263 -0.070559 -0.074986
-0.027498 0.005274 0.096780 -0.052034 0.022697 0.043827 -0.014771 0.046823 -0.001942 0.052034
0.014004 0.004146 0.003801 0.081388 -0.012055 -0.020057 -0.014711 -0.032044 0.035552 -0.046619
-0.060411 -0.040353 -0.158280 -0.090310 0.003180 0.007109 0.096303 -0.068618 -0.111355 0.028094
0.046926 -0.037357 -0.055473 -0.043963 0.052851 0.026323 0.188520 0.004695 -0.091195 0.098619
-0.005278 -0.017503 0.016669 0.020006 -0.040455 0.008616 0.176397 -0.028571 0.016022 -0.020466
-0.019751 -0.016916 -0.039536 -0.042328 -0.118029 -0.277195 -0.085951 0.134034 0.198872 0.130493
-0.092898 -0.128994 -0.070967 -0.227204 -0.260304 -0.197510 -0.004593 -0.140981 0.094192 -0.013340
0.110129 -0.034087 -0.069946 0.119732 -0.080230 -0.114147 0.042873 -0.194785 0.042260 0.047096
0.014183 0.046585 0.040251 -0.013945 0.005321 -0.065417 0.017878 -0.022492 0.029695 -0.109175
-0.015120 0.051012 -0.080094 -0.147111 -0.164274 -0.049241 -0.016175 -0.008543 0.028979 0.012029
-0.135737 0.089152 -0.006887 0.158553 -0.008586 -0.094124 -0.103114 -0.106587 -0.054145 0.144523
-0.116122 0.138870 0.192197 0.083908 0.064166 0.019498 -0.069894 0.075457 0.079147 -0.224940
0.029797 -0.083499 -0.099637 -0.113351 -0.147389 -0.070390 0.018465 0.128112 -0.033267 0.052903
0.024661 -0.031229 0.123375 0.115444 0.192333 -0.033102 0.272968 0.281119 -0.047946 0.202358
-0.106907 -0.011002 0.065488 -0.027319 -0.078982 0.213373 0.064001 0.070335 0.118639 0.062128
-0.015381 -0.100958 -0.069784 -0.011952 -0.270544 -0.079092 -0.067581 -0.122164 0.023312 -0.045770
-0.021054 0.000001 -0.113021 0.004155 -0.059099 -0.048386 -0.046018 0.028861 -0.078431 -0.068738
-0.004930 -0.112415 0.054693 0.050782 -0.004840 0.072153 0.068352 -0.118088 0.122494 0.035278
-0.099857 -0.189800 -0.083774 0.102170 -0.005938 -0.084821 -0.053784 0.037921 -0.130646 -0.081130
0.239040 -0.002145 -0.040014 -0.197400 -0.057447 -0.045247 -0.026713 -0.033680 -0.034451 -0.103712
-0.050672 0.105310 0.114893 0.025336 -0.032276 0.141551 0.169531 -0.168760 0.141221 -0.142102
0.021811 0.111754 0.167768 -0.021660 -0.116325 -0.064662 -0.048662 0.216347 -0.142983 0.024262
0.336638 -0.230888 -0.025983 -0.155321 -0.010754 -0.033433 0.242565 0.002935 -0.011566 -0.044063
0.099967 -0.000627 -0.004269 0.300507 0.051113 -0.480723 0.344570 -0.052682 -0.308218 -0.008289
-0.066204 -0.012744 -0.072483 -0.053619 -0.083168 -0.010430 -0.022665 -0.096717 -0.138577 0.004747
-0.005876 0.055078 0.063065 -0.099967 -0.327385 0.007759 -0.069178 -0.042934 0.105089 -0.154219
-0.180216 0.070886 0.114563 -0.118528 0.027594 -0.133840 0.007050 0.013721 -0.120952 -0.002960
-0.049791 -0.100187 0.025322 -0.054142 0.034534 -0.029852 -0.183631 -0.014857 -0.028641 -0.262613
-0.267901 0.114783 0.059264 0.146839 0.021728 -0.014431 0.062844 0.028365 -0.145957 -0.108064
-0.017680 -0.010988 -0.244327 -0.020902 0.009949 -0.077330 -0.061908 -0.053068 -0.065378 0.070060
0.039106 -0.173166 0.048992 0.036958 -0.001395 -0.025749 0.026988 -0.179335 -0.186054 0.008220
-0.063836 -0.023147 -0.086197 0.208747 -0.088401 -0.301168 0.502754 -0.335316 0.027099 -0.050286
-0.059595 -0.048579 0.192003 -0.033295 0.044255 -0.328046 0.166447 0.063726 -0.302930 0.258648
0.101674 -0.022059 -0.021577 -0.037729 0.024042 -0.127010 0.002633 0.244547 -0.001382 -0.002794
0.070500 0.097489 0.037068 -0.212272 -0.033846 -0.029494 -0.066039 0.021233 -0.035856 -0.032028
-0.032551 -0.040069 -0.046073 0.026148 0.025501 0.054693 -0.209408 0.066535 -0.018933 0.023945
0.059595 0.178013 0.103933 -0.007119 0.062954 -0.055849 -0.223728 -0.054500 0.080579 0.203459
0.531836 0.250716 -0.059595 -0.205662 -0.145076 -0.014857 0.003818 -0.119410 -0.044696 0.050534
-0.158075 0.005670 -0.008489 -0.119410 0.070941 0.167548 0.130535 -0.010031 -0.007931 -0.104373
0.103051 0.204010 0.041777 0.058493 0.053977 -0.045440 -0.026203 -0.158956 -0.105860 0.038087
0.060035 -0.053922 0.167654 -0.004113 -0.128718 0.017942 0.012180 0.202787 0.066761 -0.084678
0.200885 0.080324 0.113805 0.082076 0.019468 0.118509 -0.148737 -0.165853 -0.095938 -0.345518
0.052398 0.021820 0.108800 -0.045842 -0.142731 -0.280458 -0.126316 -0.287865 0.007175 -0.106798
0.011823 -0.014701 -0.037785 0.018705 -0.130320 -0.166954 -0.128618 -0.048970 0.089132 -0.131321
0.354326 0.029202 0.053900 0.560115 -0.083627 -0.126817 0.008376 -0.108300 -0.105097 -0.048570
-0.102995 -0.044391 0.265244 -0.096589 -0.012806 0.121412 -0.038135 0.093386 0.041238 -0.061607
0.002588 0.060105 -0.010472 -0.016578 0.115406 -0.014426 0.077772 -0.053699 -0.044166 -0.205789
0.021057 0.008070 0.109401 0.015589 -0.082826 -0.091084 0.022133 0.058654 -0.183869 0.094337
-0.155843 -0.204388 -0.155343 -0.167354 0.118309 -0.027550 0.008251 0.163951 -0.057203 0.037760
0.058654 -0.038460 -0.051948 -0.099642 0.005342 -0.002365 -0.162850 -0.038260 0.068163 -0.122713
0.017466 -0.057903 0.059054 0.032130 0.007563 -0.028676 0.060005 -0.030578 -0.135024 -0.022058
-0.063909 0.059655 -0.038886 0.016478 0.093586 -0.100743 0.000554 0.050647 0.009853 0.020494
0.067612 0.000586 -0.153041 -0.208992 -0.328702 -0.030303 -0.113104 -0.198383 0.016415 0.094037
-0.036033 -0.140229 -0.132922 -0.026349 0.035282 0.154442 0.145033 0.044891 0.052298 0.196781
-0.043015 -0.155143 -0.106098 -0.056502 -0.223406 0.033431 0.019606 0.030278 0.137827 -0.124414
-0.302879 -0.078022 -0.020932 0.005574 -0.057103 0.097239 0.070515 0.022108 0.084628 -0.004579
-0.104096 0.050421 -0.056752 -0.004955 -0.014851 0.044166 -0.036509 0.013312 0.018254 0.160748
-0.092685 -0.007695 0.014451 -0.105097 0.022496 -0.057453 -0.109701 -0.213997 -0.274052 0.022921
-0.023234 -0.020093 -0.053549 -0.032480 -0.043365 -0.023872 0.007838 -0.003153 0.027000 0.084027
-0.092735 0.122313 0.116607 -0.193178 0.037084 0.072617 -0.306282 0.295872 0.092785 0.056602
-0.018267 -0.010516 0.029552 0.034031 -0.196281 0.413581 -0.033631 -0.080224 -0.019581 -0.008752
0.059255 -0.171458 -0.189975 -0.063108 -0.259439 -0.097540 0.030278 -0.019781 -0.036509 -0.125816
-0.394363 0.207991 0.151139 0.050371 0.115006 -0.040237 0.009021 0.068163 -0.027400 0.105897
-0.012587 -0.060105 -0.368739 0.266245 0.104997 0.077521 0.105697 0.126116 0.098290 -0.109801
0.050547 -0.433999 0.028877 -0.062858 -0.192377 -0.032730 0.037209 0.169956 0.133723 0.091284
0.151539 0.099892 -0.007407 0.139929 0.030403 0.247628 0.114906 -0.028451 -0.203087 0.046618
-0.061156 -0.198282 -0.133523 0.085979 -0.052398 0.118209 0.173660 0.031579 0.325900 -0.077471
-0.106398 0.005787 0.031979 -0.126116 0.089632 -0.074719 -0.440405 0.146235 0.033756 -0.063008
0.018680 -0.086880 -0.153641 0.157645 0.034181 0.181867 0.137927 -0.045142 0.104496 -0.060806
0.232101 -0.165067 -0.213289 0.000289 0.443270 -0.130821 -0.124728 0.117574 0.006429 -0.062562
0.055674 0.094390 -0.075578 0.469765 0.177255 0.140956 -0.184806 -0.146653 -0.103995 -0.101213
-0.085448 -0.179639 -0.468440 0.261775 -0.056700 0.033749 0.153674 0.086773 -0.145195 0.010838
0.473739 -0.468970 -0.159238 -0.125456 -0.185998 0.199114 0.141618 0.096046 -0.094655 0.466321
0.922043 -0.086044 -0.184806 -0.055607 -0.028979 -0.065113 0.063523 -0.184939 0.085382 0.027771
-0.017984 -0.099689 -0.406706 -0.169969 -0.165199 -0.044479 0.163080 0.135922 -0.035703 0.028118
0.081474 -0.003053 0.104392 -0.123403 -0.003765 0.335698 -0.375176 -0.222562 0.590320 0.031215
0.048520 -0.039246 -0.167716 -0.089820 0.130358 -0.783207 0.465526 0.297809 -0.280057 -0.211434
-0.127178 -0.082600 0.109956 -0.132676 0.015276 -0.012287 -0.012569 0.010797 -0.046334 -0.080414
0.252370 0.081209 -0.025237 0.521696 0.281382 -0.220575 0.050871 0.096709 0.176063 0.037988
0.013902 -0.443270 -0.057230 -0.235147 0.075777 0.083063 -0.251840 -0.140559 -0.060509 -0.000780
0.030553 0.109625 -0.047526 -0.117243 -0.183349 -0.006222 -0.017388 -0.116381 0.109625 0.136452
-0.078493 -0.374381 -0.253694 -0.017901 0.066371 0.186926 -0.024343 0.030619 -0.021577 -0.297279
-0.155794 0.051600 0.126913 0.093264 -0.229054 -0.128702 -0.197259 -0.176857 0.329074 -0.199246
-0.226007 -0.067597 -0.081407 -0.125854 0.043618 -0.107770 -0.043320 0.077499 -0.354775 -0.083792
-0.054150 0.025005 -0.052925 0.039015 0.134266 -0.140294 -0.065113 0.128503 -0.018000 0.100020
-0.303373 -0.029841 -0.207725 -0.074850 0.228921 -0.118104 -0.391073 0.006384 -0.068027 0.222297
0.146123 0.065609 -0.135392 -0.002650 -0.017537 -0.114792 -0.025154 0.067067 -0.029046 0.175003
0.079354 0.001543 0.040472 0.006835 -0.058423 0.042062 0.013753 0.001823 0.070743 -0.052825
0.102604 0.279262 -0.025966 0.106644 0.294100 0.011790 -0.299134 -0.044115 0.025651 -0.001222
0.131153 -0.254754 -0.151687 0.205075 0.286151 0.153541 -0.328809 0.087700 0.042956 0.039412
-0.224152 -0.065510 -0.115123 0.198186 0.046798 -0.046466 -0.334373 -0.103134 0.064583 -0.116978
-0.027323 -0.105916 -0.132080 0.037889 0.206400 -0.038915 -0.507919 -0.271579 0.076307 -0.137909
-0.389484 -0.045705 -0.009944 -0.210507 -0.028036 0.121416 0.207592 -0.146255 -0.457577 -0.054150
-0.067795 0.254357 -0.139499 0.074850 0.159105 -0.074121 0.103531 0.172751 -0.190768 -0.234220
-0.255417 0.015044 -0.007203 -0.150759 -0.242831 0.359279 -0.186528 -0.192225 0.295160 0.151422
-0.033566 -0.110155 -0.284297 0.057561 0.159238 -0.872232 0.102670 0.141353 0.070942 0.223489
-0.147315 -0.006504 0.109228 -0.369347 -0.210772 0.365108 0.000708 -0.132345 -0.095980 -0.072796
0.066702 0.156986 0.046069 0.175665 -0.230246 -0.180699 0.019739 -0.000455 -0.002191 -0.035513
-0.044143 0.216991 0.031016 0.258378 0.186628 -0.180729 0.313303 -0.119229 -0.089543 -0.071992
-0.034376 -0.001871 0.088914 0.066625 0.179376 0.187111 -0.102404 -0.092057 -0.123774 -0.154041
-0.233430 -0.095731 0.001753 -0.060775 0.088866 0.039646 -0.024755 0.070445 0.001887 0.125515
0.001964 -0.195621 -0.040323 -0.066480 0.060920 -0.051444 0.180439 0.194074 -0.114781 0.048301
0.268241 0.031185 0.080356 0.018518 -0.052604 -0.003137 0.091864 0.101147 0.042499 -0.198038
-0.404200 -0.296864 -0.060050 -0.038800 -0.022930 -0.021805 0.299572 -0.024972 0.070251 -0.014287
-0.028937 -0.026713 0.021612 -0.062129 0.135765 -0.452549 0.199005 -0.098342 0.143210 -0.008383
-0.049365 -0.046633 0.037712 0.099599 -0.112654 0.048494 -0.039574 -0.160810 -0.090800 -0.114588
-0.016499 -0.092444 -0.138569 0.308081 -0.213704 -0.187111 -0.172317 -0.161583 0.148432 0.021612
0.150656 0.034231 -0.067447 0.205968 -0.034787 0.063676 0.047237 -0.061935 0.052217 -0.034473
-0.299185 -0.085723 -0.007222 -0.073588 -0.004333 0.027245 0.001999 0.117875 0.013042 -0.060291
-0.033023 -0.057777 -0.157135 -0.064304 -0.064740 -0.017321 0.079341 0.050525 0.419284 0.009676
-0.198812 0.082000 0.133541 -0.044771 -0.049220 -0.033216 -0.112170 0.203260 -0.045424 0.157135
0.073056 -0.015037 0.112364 -0.006370 0.089446 0.008842 0.006443 0.197071 0.016644 0.135475
0.093266 -0.018240 0.100856 0.054393 0.019448 0.055698 -0.103854 0.106465 -0.076247 0.073201
-0.077165 0.029251 0.178892 0.047600 -0.151913 -0.130930 -0.010649 -0.106658 -0.031693 0.039961
0.063821 0.066867 -0.013659 -0.103467 -0.145048 -0.034231 -0.047020 -0.026399 -0.015834 -0.024392
-0.074071 -0.190593 -0.008195 -0.232463 -0.160326 -0.057922 0.084418 -0.059083 0.023788 -0.145725
0.071218 0.008491 -0.070010 -0.020101 -0.032660 0.159262 -0.084321 -0.014408 0.107625 -0.071218
-0.125031 -0.152203 -0.161583 -0.193494 -0.146982 -0.127835 -0.181116 -0.011265 0.034932 -0.408067
-0.116328 0.170673 -0.101630 0.241940 0.160423 -0.034038 -0.005349 0.010558 0.071170 -0.135861
-0.346374 -0.072137 -0.125418 -0.032346 -0.123774 -0.055553 -0.096602 -0.116908 0.008951 -0.064691
-0.078906 0.003112 -0.078519 -0.198232 -0.159552 -0.246194 -0.090510 -0.116908 -0.080598 0.082435
0.218345 0.078954 -0.069139 0.057439 -0.095393 -0.314463 -0.284293 -0.120196 -0.061839 0.144081
0.065271 -0.016535 -0.094378 0.003892 0.008207 0.210996 -0.089833 0.140213 0.001466 -0.048736
-0.015097 -0.107625 0.047431 -0.131316 -0.002834 -0.214090 -0.055988 -0.005793 -0.159649 0.154137
0.177732 0.005291 0.163710 0.163324 -0.067641 -0.277525 -0.421992 -0.165451 0.008250 -0.210416
-0.057197 0.131026 -0.120776 0.270756 -0.083354 -0.070542 0.039380 0.086787 -0.037664 0.032128
0.064595 0.172703 -0.057584 -0.041363 0.106465 -0.041000 -0.031518 -0.028292 0.049577 0.017241
0.129804 0.033859 0.057109 -0.121421 -0.054063 -0.039721 -0.186782 -0.111139 -0.112580 0.127512
-0.122797 0.084222 -0.061104 0.002976 0.016864 -0.094570 -0.051738 0.060842 -0.242319 -0.044109
-0.020663 0.167265 0.051476 -0.071189 0.046270 0.021023 -0.071451 0.224112 0.023348 0.000139
-0.147880 -0.002589 -0.043159 0.005125 -0.039819 -0.099023 -0.154298 -0.102756 -0.068766 0.121159
-0.074267 -0.024445 -0.153512 -0.019811 -0.002374 0.153643 0.016095 -0.019500 -0.125875 -0.070469
-0.011543 -0.078131 0.023495 0.050854 0.151285 0.179709 0.111401 -0.122600 0.057927 -0.115724
-0.008457 -0.051542 -0.079834 0.252928 -0.122273 0.049250 0.139628 0.037428 -0.022726 -0.007953
0.057960 -0.064869 0.490401 -0.019484 0.020024 0.182852 -0.041489 0.059532 0.011780 0.078066
-0.000592 0.054292 0.066605 -0.098368 0.126988 0.011584 -0.058451 -0.055766 -0.013131 -0.057927
0.283185 0.040932 0.000053 -0.093653 -0.033630 0.085074 -0.014269 -0.022627 0.042439 -0.110812
0.077738 0.049839 0.070993 0.051476 -0.004249 0.032484 0.079245 -0.099547 0.102560 -0.046237
0.004110 0.027261 0.018010 0.020237 -0.028816 -0.000188 -0.037821 0.057796 -0.092278 -0.080555
-0.042373 -0.067129 -0.054391 0.048889 -0.070338 -0.060481 0.156132 -0.076167 0.010339 -0.002714
-0.044109 -0.114021 0.008940 -0.056519 0.064902 0.203286 0.136091 -0.018550 -0.060449 -0.021301
0.045975 0.033925 -0.019238 0.044600 -0.051902 -0.011363 -0.054129 0.020663 -0.053015 -0.047285
-0.137270 -0.055144 -0.085663 0.087300 -0.007487 -0.063363 0.130525 -0.066605 0.076756 0.022153
0.097517 0.135044 -0.577897 -0.129149 0.042864 0.071975 0.078524 0.026999 -0.056585 -0.098172
0.029635 0.112318 -0.000248 -0.038280 -0.099023 -0.028210 -0.009128 -0.039328 0.007765 0.027212
0.001546 0.031682 0.041522 0.014269 -0.002742 0.117164 0.144343 0.189402 -0.037854 -0.187306
-0.073612 -0.135960 -0.304143 -0.041816 0.049479 -0.103935 0.078459 0.003911 -0.054456 -0.013925
0.019124 0.164122 0.085597 -0.147487 -0.121552 -0.004265 0.018239 0.074071 0.056388 0.056716
0.008211 0.125351 -0.018289 -0.027916 0.017748 -0.089592 0.127774 0.019435 0.061038 -0.024445
0.001458 -0.013696 -0.055209 -0.155739 -0.001797 -0.272445 0.009627 -0.046761 0.067522 -0.057207
0.049970 -0.023806 -0.133865 0.079769 -0.212455 -0.084091 0.050854 0.119522 0.037952 0.062806
0.153250 -0.082585 -0.061922 -0.224243 -0.139890 0.028816 0.033957 -0.014899 0.070272 0.008620
0.000168 -0.098958 0.108127 -0.032451 0.019320 0.031714 0.002892 -0.065786 -0.156263 -0.106162
0.105114 -0.081210 -0.061398 -0.018027 -0.136615 -0.040408 -0.003745 -0.145915 -0.019058 0.019451
-0.012312 0.000106 0.059663 -0.144343 -0.060940 -0.096535 0.001271 -0.116509 -0.003383 0.200011
0.045844 -0.098958 0.059335 -0.005763 0.097859 -0.244835 -0.237192 0.469874 0.007972 -0.338309
0.080944 0.009397 -0.121165 -0.146601 0.051373 -0.002385 -0.152740 0.088649 0.099300 -0.183439
0.006465 -0.103936 0.235563 -0.156123 -0.164644 0.177424 -0.235814 -0.178928 0.228045 -0.053221
-0.168528 -0.194716 -0.077498 0.065218 0.088775 -0.203862 -0.268141 -0.193588 0.043792 0.049337
-0.071421 0.132692 0.099989 -0.096481 -0.142340 0.117782 0.178176 -0.145598 -0.195593 -0.062305
-0.073300 0.096543 -0.213511 -0.027033 0.334049 -0.541796 -0.146976 0.348584 -0.088086 0.035522
0.220151 -0.075493 -0.163015 0.166147 -0.148981 -0.013971 0.102307 0.237944 0.043604 -0.118032
0.415494 -0.027268 -0.348082 0.029727 0.098047 0.028788 0.155246 0.164393 -0.043448 0.083700
0.113897 -0.095792 -0.173164 -0.031873 0.057481 -0.068351 0.071985 0.089589 -0.211380 -0.093536
-0.049650 -0.156123 -0.165270 0.095165 -0.037057 -0.088649 0.091845 0.219650 0.039093 0.034865
-0.186947 0.029007 0.014856 0.167150 -0.012029 0.147854 -0.090153 -0.290194 -0.044575 0.037433
0.152866 0.068414 -0.041944 0.008325 -0.155873 -0.067411 -0.069165 -0.083888 0.082698 -0.101367
-0.046392 0.116027 0.203236 -0.007303 -0.009907 0.091406 -0.077310 0.146976 0.091845 0.145849
0.246464 0.050245 -0.107695 0.457594 -0.058734 -0.267139 -0.012068 -0.062681 0.063308 0.041881
-0.075368 -0.071671 -0.029555 -0.108134 0.076433 -0.038467 -0.070982 -0.078751 0.087522 -0.012969
-0.044450 -0.144095 0.148731 -0.051592 -0.224161 0.080693 0.152866 -0.135574 0.068727 0.067662
0.191583 -0.255987 -0.191082 0.217144 0.031231 -0.054975 0.017088 0.148981 -0.089527 -0.024277
0.116905 -0.049149 -0.011849 -0.009797 0.039281 0.017949 0.064655 -0.094351 0.087083 -0.190706
-0.166899 0.031889 0.031372 0.048585 -0.077059 0.140085 0.100428 -0.293201 0.009319 0.239823
-0.036024 -0.155372 -0.016696 -0.002030 -0.038279 0.003181 0.071985 -0.142591 -0.059831 0.105126
-0.101869 -0.172162 -0.193964 -0.238821 0.172412 -0.066221 -0.260373 -0.085141 -0.092408 -0.079691
-0.097859 0.024637 -0.020205 -0.029226 -0.067850 0.301972 0.115839 -0.006054 -0.168528 -0.036368
0.123796 -0.122230 -0.204614 0.305982 0.041850 -0.004354 0.181183 0.011050 -0.235563 -0.242831
-0.184316 -0.115401 -0.267139 -0.007451 0.028161 0.113897 0.203612 0.146099 0.112143 -0.049399
-0.148229 0.196219 -0.022805 -0.222657 0.046142 -0.152740 -0.258869 -0.084703 0.105377 0.166273
-0.369884 -0.040284 0.093787 0.078312 -0.020847 0.092346 0.088211 -0.163892 -0.098548 0.069792
0.147979 -0.015615 -0.242956 -0.180933 0.031309 0.089025 -0.086833 -0.074616 0.170407 -0.402713
-0.338560 0.082009 -0.124360 -0.352593 0.000273 -0.190205 0.055351 -0.251226 0.084640 0.014825
-0.351841 0.025029 0.089902 0.004949 0.046298 -0.076057 0.117280 0.024637 -0.025671 0.292951
-0.083387 -0.156625 -0.061900 -0.222084 -0.152959 -0.109285 -0.007550 -0.016647 -0.044749 0.049761
0.010056 -0.161812 -0.000020 0.196699 -0.114687 0.047548 -0.055261 -0.057051 0.124971 0.192013
-0.084160 -0.212060 0.083900 0.054805 -0.086243 -0.114231 0.098870 0.204640 0.096657 -0.006131
-0.080320 -0.195788 -0.061054 0.356949 0.052983 0.055814 0.096072 0.157516 0.026329 -0.024555
0.023953 -0.138900 -0.089628 0.014922 -0.221043 -0.007217 0.128942 -0.123604 0.259315 0.232628
-0.094379 0.184853 -0.111628 0.025840 0.246818 -0.017558 0.020357 -0.162723 -0.156604 0.012806
-0.245516 -0.192273 -0.089693 -0.173528 -0.053731 0.084811 0.117291 -0.289777 0.123799 0.117291
-0.146060 0.104989 0.232108 -0.000171 -0.149835 0.048491 0.104663 -0.132456 -0.173267 0.034660
-0.161681 -0.129723 0.075048 0.109089 0.044293 -0.134214 0.064243 -0.057409 0.011513 -0.009470
-0.218830 -0.049923 -0.068344 0.089367 -0.148794 -0.138900 0.115728 -0.184853 -0.043903 -0.008909
-0.232889 -0.086829 0.396523 0.112604 0.046929 -0.048849 -0.019527 0.115989 -0.180687 -0.074983
-0.059491 -0.077391 0.206723 -0.004251 -0.022911 -0.247469 -0.083249 -0.120154 -0.079344 -0.080580
0.104663 -0.083119 0.144368 -0.057929 -0.058808 0.029469 -0.175220 0.005179 0.148794 -0.070882
-0.022358 -0.019527 -0.122823 0.086048 -0.105509 -0.108438 -0.014678 -0.062290 -0.195528 0.139811
-0.101930 -0.461872 0.029925 -0.146711 -0.069515 0.110261 0.021642 0.167149 0.027826 0.201386
-0.158557 -0.258143 0.187457 -0.175871 -0.288996 -0.031552 -0.163634 -0.177563 0.006733 0.048003
0.075503 0.029013 0.030153 -0.009918 0.002551 -0.054024 -0.133563 -0.057311 0.203859 0.195007
0.074657 0.176912 0.078172 0.152959 0.363718 0.018843 0.184332 0.217788 0.029371 -0.131740
-0.378819 0.009796 0.060370 0.025434 -0.077261 0.114362 -0.166498 -0.048491 0.058255 -0.012570
-0.071598 -0.014751 -0.020064 0.012481 0.021626 -0.156214 -0.061965 0.009218 -0.036222 0.014824
0.060858 -0.278321 -0.093143 -0.011260 0.049272 -0.163504 -0.068669 0.014840 0.002685 -0.018339
-0.212190 -0.057278 -0.076219 -0.019527 0.020715 0.121521 0.434795 0.137859 0.078888 -0.030462
-0.018127 -0.144107 0.137859 -0.127900 -0.024864 0.155563 0.027061 0.084681 0.201125 -0.066847
0.089107 -0.065415 -0.097243 -0.207114 -0.202167 -0.063527 0.139942 -0.076545 -0.275457 0.009259
-0.027728 -0.007257 -0.007343 -0.253457 -0.086894 -0.127705 -0.052592 -0.113646 -0.432973 -0.206332
-0.145539 -0.363978 -0.165717 -0.023774 0.064145 -0.161030 -0.199042 0.050184 0.077000 0.087480
0.095616 -0.065284 -0.146971 0.056628 -0.135906 0.193184 -0.019283 -0.015727 -0.016793 -0.105249
-0.092427 -0.095616 0.062518 -0.118397 -0.216877 -0.244214 -0.385067 0.159989 -0.176912 0.031650
-0.053991 0.137078 0.043968 0.092557 0.110977 -0.429588 -0.121521 0.042829 -0.213622 -0.159468
0.012048 0.078291 -0.180705 -0.404409 0.380078 0.630946 -0.064815 -0.284848 0.086052 0.031673
-0.060462 -0.152283 0.126797 -0.031778 -0.166651 -0.082382 -0.113793 -0.075093 0.221922 -0.034715
-0.002206 -0.054117 0.145151 -0.213636 -0.229053 -0.000641 0.275829 -0.114946 -0.014119 0.173153
0.049083 -0.024541 0.141375 0.000215 0.182278 0.014853 -0.015522 0.195178 0.301000 -0.038543
-0.154380 -0.083483 0.111590 0.058627 -0.031201 0.024437 0.051338 0.179971 -0.070793 -0.538653
0.102099 0.063294 -0.147668 -0.102833 -0.023938 0.018013 -0.020228 -0.013896 0.034374 0.247092
-0.004015 0.029733 0.159205 0.006401 0.185634 0.026206 -0.143473 0.266390 -0.154380 0.039644
0.057421 0.190563 -0.119980 0.188570 0.193605 -0.199058 0.066545 0.319668 -0.233248 -0.261775
0.049004 -0.027924 0.135712 0.112639 -0.021277 -0.120610 0.287785 -0.027871 -0.075617 -0.028474
0.019494 0.147144 0.047221 0.097851 0.033299 0.134768 0.211749 -0.135502 -0.053121 0.034636
-0.097065 -0.202310 0.122917 -0.297853 -0.063556 -0.041741 0.130573 0.148192 -0.005932 0.041532
-0.024909 0.028029 0.012736 -0.047641 0.136971 0.000407 0.097536 -0.022195 0.216678 0.033377
-0.138124 -0.019979 0.093499 0.069429 -0.141795 0.009564 -0.179131 -0.075722 0.071265 -0.331204
0.057158 0.221712 -0.201261 -0.243527 -0.073257 -0.089985 -0.007623 0.210070 0.011976 0.150080
0.047798 -0.118512 0.010940 -0.189514 -0.057788 0.040798 0.008318 0.019271 0.260936 -0.074621
0.031280 -0.055638 -0.028265 -0.113583 -0.086210 0.091191 -0.008253 -0.081228 0.017711 -0.110646
-0.125329 0.056582 0.077767 -0.079707 0.073362 0.112744 -0.015509 -0.237444 -0.098375 0.198219
0.226536 0.143683 -0.062822 0.017200 0.031883 -0.031673 0.228424 -0.009754 -0.149556 0.026429
0.093971 -0.018393 -0.053855 0.159414 -0.034688 -0.261775 0.135712 0.228424 0.042344 0.095072
-0.379029 -0.206714 0.489151 -0.085738 -0.444263 0.217307 0.201575 -0.273102 -0.129210 -0.234088
-0.000828 -0.106556 0.125749 -0.003372 -0.146410 0.171161 0.110436 -0.045648 -0.017790 -0.041348
-0.198010 0.243946 0.085528 0.079393 0.033613 0.109388 0.099372 -0.013464 -0.084269 0.032040
-0.330575 0.100578 0.069849 0.015050 -0.104616 0.102308 -0.372317 -0.295336 0.317570 0.362039
-0.206924 -0.328478 -0.058312 0.335609 0.238283 -0.066126 -0.135712 0.175461 0.237444 -0.381336
-0.155429 0.065811 0.067069 -0.241848 -0.165288 0.089775 -0.182802 -0.228214 0.228005 0.012690
-0.009675 -0.117254 -0.177873 0.072943 0.042502 -0.205141 -0.098847 0.451395 -0.012186 -0.033902
-0.065077 0.003004 -0.196751 0.024187 0.083063 -0.136236 0.066440 -0.025144 0.192031 -0.026075
0.157002 0.071841 -0.017239 -0.034400 -0.041768 0.118197 -0.180914 -0.248351 0.096802 -0.113058
-0.031883 -0.204512 0.278136 -0.017174 -0.122183 0.168224 0.050997 -0.043315 0.017227 -0.254059
0.010318 0.172657 -0.108053 0.110957 -0.036735 -0.342825 -0.031369 0.028024 -0.084047 0.005677
-0.042101 0.195678 -0.006099 -0.035750 -0.027428 -0.035102 0.050060 -0.260489 -0.036942 0.077773
0.085758 0.000096 -0.085862 0.035128 -0.077721 -0.079018 0.354024 -0.016890 -0.047545 -0.119045
-0.081040 0.021414 -0.129622 -0.041116 0.078136 -0.261111 -0.118838 -0.076996 -0.261318 -0.080573
-0.017551 -0.368749 -0.175249 -0.137088 -0.123608 -0.134185 -0.136259 0.159072 -0.141651 -0.102142
-0.017564 -0.047416 -0.062582 0.094106 0.002720 -0.009534 0.221083 0.067507 -0.123919 0.139370
-0.127341 0.127133 0.025756 0.068078 -0.013170 -0.091254 -0.076736 -0.027013 -0.054908 -0.102713
0.145488 -0.203351 -0.102401 0.046612 -0.216936 -0.068752 0.095091 -0.225231 -0.010441 0.010221
-0.073159 0.120704 0.028102 0.219632 0.100120 -0.048427 0.103387 -0.017499 -0.056256 0.008743
-0.023591 0.050734 0.264222 0.071603 0.008626 0.240786 0.004388 -0.031706 -0.198166 -0.072122
0.142481 -0.181264 0.136466 0.124956 0.034376 0.102090 -0.060093 -0.185723 -0.064033 0.017473
0.087573 0.066263 0.067507 0.198166 0.113238 0.086588 0.252400 -0.136466 -0.074351 -0.083580
0.017758 -0.055530 0.050319 0.008762 0.162598 0.016527 0.232490 0.070929 -0.164776 0.076321
-0.014297 -0.096698 0.073936 0.077410 -0.205218 -0.065848 0.016086 0.168716 0.063463 0.165502
0.041298 0.183441 -0.041324 -0.309226 -0.100690 0.160109 -0.183234 0.084358 0.232698 0.148288
0.215899 0.032691 -0.209988 -0.082077 0.117904 0.071500 0.028776 -0.069840 0.119875 0.103127
-0.027065 -0.220046 -0.141133 -0.148080 -0.061130 -0.188315 -0.033313 -0.170064 -0.054130 -0.004615
0.058382 0.054908 -0.025549 0.001563 -0.040209 -0.057345 -0.030461 -0.009566 -0.111164 0.036683
-0.029035 0.007460 0.015425 -0.054441 0.120912 -0.112305 -0.041920 -0.110334 -0.174212 0.055323
0.134289 0.324366 0.277910 0.033520 -0.000009 0.124230 0.050967 0.100276 0.073470 0.099031
-0.307775 -0.028361 0.019625 -0.156376 0.035309 -0.109090 -0.100483 -0.120912 0.053767 0.033909
0.022684 0.024550 0.095661 0.035672 0.013986 0.157102 0.021582 -0.078136 0.392392 0.111371
-0.082699 0.131489 0.109401 0.065433 -0.033157 -0.003419 -0.016306 -0.451707 -0.085188 -0.003386
-0.153887 -0.034272 0.089491 -0.156998 -0.002664 -0.005049 -0.126719 -0.033183 -0.012969 -0.110231
-0.080780 -0.096439 0.258000 0.081817 -0.093535 -0.137296 -0.041246 0.096750 0.119149 0.060508
0.094054 -0.043086 -0.057241 -0.010752 0.242238 -0.008899 -0.056930 0.124956 0.075440 -0.013520
0.272518 -0.047779 -0.152954 0.293257 -0.216936 0.001157 0.491527 -0.087936 0.111060 0.058485
-0.053456 -0.004764 0.153680 -0.057656 -0.111268 0.087262 -0.145695 -0.005700 0.229794 0.053404
-0.030383 0.227098 -0.074714 -0.042361 0.311300 -0.086899 0.103634 -0.060908 -0.150906 -0.013799
0.010305 -0.032158 0.075453 0.029573 -0.108350 -0.143519 -0.089998 0.042982 -0.061589 -0.039118
-0.068919 0.111304 -0.099486 -0.027656 -0.065964 -0.183177 0.006044 0.031363 -0.390218 -0.022201
0.091305 -0.124088 -0.296584 0.063294 0.166246 0.142269 -0.168064 0.193632 0.145906 -0.272494
-0.169201 0.034658 -0.087668 -0.183064 -0.015809 0.077669 0.463853 0.140565 0.036760 -0.072214
0.061362 -0.238858 0.130679 0.171019 0.106702 0.332947 0.072214 0.148065 -0.197723 -0.068010
0.011768 -0.060851 -0.226017 -0.046561 -0.113634 -0.000155 -0.111475 -0.038295 0.203291 -0.010632
0.024573 0.173291 0.166928 -0.040170 0.107213 0.069203 0.084487 0.088237 0.072782 -0.013941
-0.141474 0.182382 -0.147042 -0.035340 0.172041 -0.059203 0.075794 -0.028323 0.019985 0.063180
0.026491 0.212950 0.011768 0.054402 -0.053039 -0.041902 -0.065680 -0.090452 0.024403 -0.014339
0.007116 0.072044 -0.181246 0.110281 0.138747 0.023238 0.237494 0.130111 0.073066 0.306811
0.174200 0.030766 0.183518 -0.138179 -0.113406 0.200336 0.205109 -0.103634 0.115850 0.221131
-0.000215 -0.055567 0.008118 -0.137269 0.035113 -0.019957 0.057271 -0.071078 -0.073748 0.067839
0.204654 -0.028380 0.035028 0.085453 -0.058294 -0.133406 0.033465 -0.043664 0.041647 0.037528
-0.107100 -0.017500 -0.040510 -0.137497 -0.027925 -0.024872 -0.093180 0.009886 0.114940 0.126020
0.027315 0.079600 0.059999 -0.122043 -0.119884 0.064203 -0.132042 0.118634 0.002647 0.075453
0.058038 -0.054203 0.010149 0.156814 -0.097782 0.257721 0.028934 -0.135451 0.145224 -0.085623
-0.025269 -0.138860 -0.112384 -0.120565 -0.302720 -0.133520 0.066419 -0.039999 0.088634 -0.101986
0.051703 0.301129 0.042755 0.136588 0.099714 0.114884 0.001659 -0.072385 -0.044743 -0.135792
-0.110793 0.071078 -0.174087 0.015823 0.041846 -0.068180 0.022428 0.104657 0.169201 0.103691
-0.220336 0.108293 -0.105963 0.023281 0.127952 0.186700 -0.040567 -0.249994 -0.199427 -0.149201
-0.322492 -0.256812 -0.068464 -0.075282 -0.256130 -0.258403 -0.179655 -0.448171 -0.227608 0.124770
-0.146701 0.063351 -0.197609 0.132610 0.030795 -0.096248 0.245676 -0.012201 0.140678 -0.005209
0.002349 0.006630 -0.049658 0.132838 0.004680 -0.104713 0.169541 0.071021 0.218063 -0.071532
0.022698 -0.024616 -0.099770 -0.065226 -0.352264 -0.015255 -0.137610 0.036647 0.023480 -0.137838
-0.040908 -0.007592 0.053493 0.112781 -0.111077 0.009552 -0.071476 -0.008835 0.086475 -0.113122
-0.155337 0.007450 0.023977 0.022045 -0.225904 -0.036022 0.064203 -0.109259 0.196927 0.199427
0.069146 0.149542 0.129201 0.163405 -0.011811 -0.074601 0.047073 -0.062328 -0.084203 0.074998
0.016534 -0.122156 0.099429 0.054459 -0.176359 0.070510 0.023053 -0.046732 -0.156814 -0.005920
-0.044743 -0.229313 -0.059885 0.081021 -0.019788 0.008502 -0.002634 -0.139767 -0.082416 -0.046038
-0.115225 -0.019146 0.127496 0.057308 -0.038271 -0.057177 -0.072886 0.004974 0.278142 -0.099038
-0.028480 0.066794 0.061311 -0.136025 0.114442 -0.103563 -0.219311 -0.085810 -0.042600 0.085113
0.142552 -0.066054 -0.014305 0.004166 0.182933 0.228188 -0.049867 0.165092 -0.074931 -0.040816
0.014099 0.153082 0.114355 -0.098777 0.159697 0.178408 -0.039054 0.062356 -0.019810 -0.045559
0.018646 -0.253252 0.068448 0.232017 0.154562 -0.050563 0.047604 0.243505 0.046429 0.038140
0.125930 -0.109394 -0.195117 -0.168051 -0.098690 -0.197380 -0.129150 -0.186414 -0.110961 0.202775
-0.397892 -0.176406 0.261606 -0.272572 0.037901 0.139506 -0.078891 -0.028850 0.076411 -0.173795
0.021126 0.113746 0.032483 0.207301 0.023976 -0.059658 -0.103476 -0.017906 0.023062 -0.185544
-0.161785 -0.015589 -0.140898 -0.085592 -0.232365 -0.138723 -0.040229 -0.058918 -0.025195 0.186240
-0.009655 -0.153343 -0.097471 -0.046212 -0.102345 -0.038880 0.047996 0.047648 0.021289 -0.049301
0.091467 -0.061442 0.267872 0.010193 -0.034420 0.118532 -0.206431 0.076367 0.072886 -0.106958
-0.015622 0.029024 -0.199816 -0.031221 0.065706 -0.053566 -0.058744 0.086462 0.020114 0.044123
-0.143683 -0.240197 -0.003693 -0.066881 0.016187 -0.020441 0.064053 0.153518 0.093294 0.013098
-0.034811 -0.076976 0.128889 -0.106958 -0.090335 0.120708 -0.040642 -0.107480 0.178233 0.250293
0.024216 -0.114877 0.000757 0.219659 -0.133675 -0.032570 0.056699 -0.020452 -0.097558 -0.072059
0.112005 -0.015241 0.061790 0.063443 -0.005167 0.035747 -0.148905 -0.177102 -0.017482 0.017123
0.146729 -0.078934 -0.106435 -0.011134 0.013391 -0.152908 -0.029829 -0.028785 -0.093816 0.023606
-0.106609 -0.044732 0.097907 -0.021452 0.040599 0.093555 0.026892 0.006337 -0.042361 -0.126365
0.020539 -0.030068 -0.117401 0.050085 -0.148296 0.020974 0.122797 -0.150472 -0.138375 0.060354
0.036030 -0.082416 -0.074801 0.035420 -0.143335 -0.034811 -0.106261 0.272398 0.065967 -0.017275
-0.040163 0.014077 0.097820 -0.064662 -0.121317 -0.034855 0.078282 0.089639 -0.017449 -0.084243
-0.035790 -0.078412 0.055611 0.001791 0.098603 -0.038836 0.002763 -0.067534 0.091641 0.079892
0.097558 0.213219 -0.043340 -0.058570 0.123232 -0.002376 -0.061833 0.053348 -0.112527 -0.075845
0.292066 -0.257081 -0.229232 -0.271354 -0.129150 -0.087898 -0.042274 0.026000 0.072277 -0.024237
0.063705 0.007566 -0.047648 -0.107393 -0.003973 -0.028458 -0.036487 -0.072973 0.034789 -0.009024
-0.065228 0.027370 -0.036291 -0.086158 0.023802 0.160741 -0.273442 -0.116008 0.288759 -0.302510
-0.379791 0.188503 -0.036204 -0.252381 -0.043797 -0.074322 -0.031069 -0.076889 -0.209390 0.123667
0.029938 0.014632 0.027479 0.150385 0.056090 0.171184 0.154997 0.138636 -0.115225 -0.017188
-0.076628 -0.162046 0.098190 -0.035501 -0.094291 0.146045 0.047855 0.014924 0.094858 0.012841
0.092377 -0.152993 -0.209993 0.164620 -0.185888 -0.042892 0.653374 -0.135552 -0.130802 0.220911
-0.132717 -0.241329 0.023537 0.126832 -0.233956 -0.280605 -0.055866 -0.047039 0.033569 -0.025859
0.028730 -0.108967 -0.084578 -0.026710 -0.154269 0.082523 0.057177 -0.014870 -0.127683 -0.088478
-0.004874 -0.198650 -0.071002 0.345971 -0.006447 -0.059304 0.086634 0.112866 -0.113362 -0.066677
-0.059517 -0.076355 0.126691 0.007838 -0.042147 0.091455 0.048351 0.043246 0.010856 0.004812
0.045550 -0.059127 0.074440 0.106627 -0.031460 0.014108 -0.162635 -0.010750 0.004985 -0.067989
0.216374 0.046720 -0.043211 0.019425 0.037327 -0.160366 0.114496 -0.218217 -0.199217 0.406374
-0.095780 -0.224314 -0.021641 -0.009447 0.098899 0.079403 -0.035501 -0.003159 -0.046330 -0.084011
0.041687 0.040233 0.077773 -0.097623 -0.049875 -0.059375 -0.198224 -0.010395 -0.023059 -0.156821
-0.036192 0.028837 -0.063133 -0.125202 0.039524 0.001132 -0.137041 -0.079403 -0.080325 0.105067
0.056504 -0.080254 -0.077064 -0.002264 -0.071002 0.000780 0.057461 0.017786 0.027242 0.048953
-0.052817 -0.130661 0.058737 -0.072810 -0.045728 0.081388 -0.138388 0.045019 0.088407 -0.009403
0.039099 -0.049875 -0.088974 0.095355 -0.122933 -0.159232 -0.024105 -0.108967 -0.052392 0.075575
-0.074582 -0.008570 0.267844 -0.147179 -0.073944 0.079474 -0.081955 -0.061786 -0.087485 0.010032
-0.007005 -0.026621 0.001108 0.066252 -0.043707 -0.013816 -0.045834 -0.182911 -0.183478 -0.134844
0.043955 -0.144911 -0.126761 0.095000 0.039347 -0.017688 -0.162918 0.199500 0.061254 -0.566314
0.057425 0.031212 -0.136758 -0.112653 -0.104571 0.040836 -0.043991 -0.097269 0.002707 -0.041545
-0.126832 -0.087202 0.088194 -0.013399 -0.016341 -0.112511 -0.055050 0.071321 0.071356 0.098190
0.014596 0.237359 -0.093086 -0.189575 0.350792 -0.110597 -0.163627 0.173836 -0.157105 -0.321583
-0.019993 -0.099679 0.112937 -0.171426 -0.259478 0.117616 -0.103082 -0.137892 0.050017 0.094291
-0.035678 0.029457 -0.048315 -0.120168 -0.064161 0.029563 0.019195 -0.015632 0.199500 0.021322
-0.115702 0.093724 -0.002280 -0.149732 0.051647 -0.079970 -0.093228 -0.148597 -0.019248 0.156112
0.093157 0.117049 0.256217 -0.203045 -0.040269 0.012079 -0.097269 0.049840 -0.074866 0.209568
0.211978 -0.348239 0.023768 0.230978 -0.004847 -0.079190 -0.051080 -0.013913 -0.018256 -0.040694
0.163627 -0.047429 0.004269 0.008933 0.008636 0.030503 0.013966 -0.126478 -0.138176 0.028837
-0.082452 0.017325 0.113858 -0.132079 0.017219 0.084508 -0.177239 0.119176 0.235799 -0.159373
0.057284 0.246008 -0.003990 -0.244448 -0.083586 0.085358 -0.092944 0.136758 -0.016820 -0.146045
-0.074582 0.182627 0.172135 -0.121515 0.248844 0.132575 -0.259620 0.154694 -0.023520 -0.169299
0.009488 -0.047290 -0.110684 0.045375 -0.025979 -0.070764 0.008478 0.091380 0.108586 -0.152754
-0.274035 -0.206680 0.104966 0.082777 0.069768 0.177829 0.056916 0.023592 -0.169750 -0.473791
-0.078213 -0.149712 -0.131247 -0.075958 0.064207 0.027278 0.060325 0.120021 0.419445 0.124847
-0.035985 -0.112992 0.029402 -0.126631 -0.119812 -0.041887 -0.098042 0.051670 -0.104809 -0.299424
-0.225774 -0.276553 -0.030425 -0.088285 -0.138486 0.247596 0.335304 0.191887 0.045874 -0.193146
0.034753 -0.104966 -0.072653 -0.134709 0.148768 0.355238 0.231859 -0.082095 0.086082 -0.068089
-0.100350 -0.090803 -0.077374 -0.033127 -0.274664 -0.071289 0.150446 -0.096049 0.112468 0.116349
0.102658 0.081466 -0.061217 -0.116769 -0.024799 -0.238364 -0.104809 -0.238784 0.144466 -0.058280
-0.090750 0.055499 0.072705 0.102396 -0.032182 -0.143837 -0.019553 -0.190209 -0.112153 -0.136178
0.020170 -0.026792 -0.029009 -0.001843 0.144571 0.053821 -0.103865 -0.124113 -0.091485 0.095681
0.042228 0.159259 -0.010682 -0.019842 -0.192936 0.069505 0.083931 -0.191677 0.042726 -0.034517
0.042411 -0.059224 -0.239623 -0.034281 -0.152335 -0.122015 -0.089491 -0.081098 -0.071656 -0.018504
-0.059906 -0.098986 0.019330 -0.125687 0.058437 0.098776 -0.166078 0.058017 -0.117189 0.162826
0.220739 0.147928 0.060063 0.161462 0.081938 0.006449 -0.002708 -0.039054 -0.058647 -0.039054
0.005298 -0.082777 -0.103602 -0.038189 -0.002887 -0.211821 -0.069243 -0.170275 -0.222207 -0.137017
-0.046634 -0.038923 -0.155902 0.088652 0.196713 0.125477 0.167757 -0.057598 0.227033 0.050568
-0.215283 -0.026609 -0.059958 0.071499 0.124533 0.056181 -0.047578 0.084613 -0.135863 0.015422
-0.077531 0.142053 0.012393 -0.228502 0.246128 0.047657 -0.073545 -0.155692 0.114356 0.163770
0.036405 0.041205 -0.029979 -0.056286 -0.010714 -0.052378 0.083092 0.067827 -0.036117 -0.141214
-0.035172 -0.017560 0.007718 -0.175940 0.043224 0.029769 0.013239 0.160098 -0.034490 -0.036379
0.153699 -0.050044 -0.005134 0.158944 0.012452 0.087393 0.093740 0.003518 0.045874 0.001625
-0.310335 -0.137122 0.048418 -0.182760 -0.182130 0.089964 -0.036851 0.173003 0.034543 -0.019173
-0.051670 -0.011291 -0.117818 0.014596 -0.056653 -0.101504 0.193251 -0.146565 -0.202274 0.121280
-0.270887 0.152440 0.168282 0.070082 -0.239203 -0.232699 -0.097832 -0.232909 0.196294 -0.077374
-0.163456 0.297535 0.018688 -0.091432 -0.003538 -0.023448 -0.382516 -0.162406 -0.265642 0.036117
0.084141 -0.037507 0.008249 -0.108900 0.020917 -0.038451 -0.057965 -0.070345 -0.101399 0.027802
-0.111209 0.095839 0.008931 -0.054660 0.320616 -0.345586 0.086606 0.037769 0.031736 -0.027881
-0.099721 -0.212765 -0.133345 0.236895 0.047788 0.182130 0.227453 -0.064365 0.128100 0.155167
0.146040 0.031710 -0.036484 -0.039657 -0.136912 -0.089334 0.072128 -0.063630 0.060841 0.032020
-0.020943 0.085077 0.014569 -0.312369 -0.047798 -0.095512 0.008468 -0.050575 -0.054698 0.024004
-0.090463 -0.155932 0.086507 -0.024551 0.002937 0.041949 -0.163085 -0.133632 0.016630 -0.214081
0.038310 0.143562 -0.028864 0.172510 0.021921 0.067111 -0.096690 -0.022994 -0.001428 -0.066984
0.027896 0.064586 -0.006648 0.076241 0.043464 -0.003263 -0.090547 0.097026 -0.047588 -0.039740
0.049228 0.190013 0.266759 -0.103758 -0.159887 -0.154333 -0.096521 -0.269789 -0.285946 -0.113099
-0.173352 0.140701 0.020848 -0.020870 0.001307 0.036795 -0.064376 -0.109565 -0.056592 -0.031409
0.058191 -0.023078 0.124291 -0.084151 -0.237306 0.094165 -0.118401 -0.040245 0.173688 -0.223506
0.013170 -0.063324 -0.151556 -0.185638 -0.120000 0.145834 -0.095091 0.171753 0.206339 -0.072076
0.015242 0.075694 0.100561 -0.045736 0.000180 -0.013853 -0.008541 0.050196 0.085708 -0.066564
0.014137 -0.034481 -0.219130 0.010040 -0.037679 -0.073759 0.066143 -0.103506 0.024993 0.020607
0.121094 0.269621 0.048892 0.019891 -0.002173 0.076409 0.040855 0.037889 0.000673 -0.096185
-0.262384 0.067195 -0.040161 0.001862 0.037195 -0.010003 -0.107629 -0.015221 0.048639 -0.319943
0.165694 0.040056 0.197755 0.134642 -0.007873 -0.024172 -0.016083 0.150631 0.164095 0.083773
0.011150 -0.099214 -0.127742 0.022006 -0.105610 -0.121851 0.034586 -0.145329 -0.101823 -0.138345
-0.052889 0.151641 0.092903 0.105778 0.026003 -0.082132 -0.321794 0.182945 0.051416 0.185974
0.025540 -0.014821 -0.073506 -0.024404 -0.021196 -0.165441 -0.132286 -0.031241 -0.055245 0.017840
-0.093997 0.074263 0.027454 0.109817 0.329873 -0.056129 0.234782 -0.107882 -0.122777 -0.028359
-0.015032 0.128415 0.074768 0.027938 0.095091 0.108134 0.085708 0.071444 -0.024299 -0.087097
-0.035954 -0.086676 -0.146676 0.021301 0.065638 -0.025561 0.059579 0.124039 0.186143 0.134474
0.300420 0.186479 -0.143562 0.326843 -0.185806 -0.378344 0.023142 0.149368 0.012465 0.072749
-0.069846 -0.167882 0.024804 -0.114698 0.079902 0.042833 -0.025771 0.184460 -0.061725 -0.343505
0.012896 0.036290 -0.014579 0.100561 0.161570 0.211220 0.072160 0.189677 -0.039467 -0.111500
-0.032041 -0.211388 -0.096774 -0.175035 -0.032567 -0.092482 -0.107629 0.071655 -0.034881 -0.064670
-0.102496 -0.267601 -0.173520 -0.083773 -0.205666 -0.067111 0.244712 -0.018850 0.099130 0.119411
-0.142047 0.069425 0.065848 0.024930 -0.072412 -0.286619 0.141963 -0.222832 0.027707 0.060336
-0.101739 -0.023205 -0.067910 -0.065806 -0.149958 0.018292 -0.136662 0.269284 0.326843 -0.114530
-0.059621 -0.068920 -0.170154 0.090463 -0.051290 -0.089200 -0.023836 -0.024004 -0.097952 -0.122608
-0.165357 -0.025540 -0.185301 0.001611 0.070350 -0.069803 -0.066479 0.141037 0.020186 -0.126479
0.125049 0.244543 -0.140280 -0.026634 -0.163506 -0.145245 -0.048600 -0.057092 -0.110149 -0.011668
0.179466 0.057875 -0.008589 0.012421 0.164290 0.062452 0.044535 -0.042759 -0.069799 0.020401
0.186211 -0.129962 -0.049052 0.101356 -0.002492 -0.024059 -0.060404 -0.036375 -0.279678 -0.243664
-0.140441 -0.101657 0.291000 -0.084494 -0.071847 -0.006433 0.119905 -0.181393 -0.191390 0.327616
0.096779 -0.182598 -0.081784 0.000877 0.145861 0.495760 0.336770 0.067812 0.107740 -0.234510
0.108583 -0.271006 -0.286423 -0.044535 -0.210903 0.114666 -0.007874 0.236799 0.352910 -0.149716
0.056941 -0.054713 -0.170794 0.174166 -0.077809 -0.254866 0.157304 0.257757 -0.124542 0.123820
0.252216 -0.014988 -0.094370 -0.018865 0.238605 -0.253902 -0.088529 0.107740 0.134058 0.161881
0.152727 -0.076363 0.032189 0.348333 -0.109426 -0.130203 -0.399161 -0.098225 -0.055616 0.050377
0.071365 0.271728 -0.138153 0.200062 0.109968 -0.155377 -0.108041 -0.011036 0.130444 0.154774
0.344960 -0.105632 0.181393 0.015779 -0.042729 -0.012850 0.144536 -0.099971 0.216202 0.466612
0.155979 0.112076 0.120688 0.089974 0.044867 -0.174528 -0.335084 0.073653 0.183441 -0.013723
0.064198 0.298468 0.143814 0.143573 0.018940 -0.134660 -0.045348 -0.073232 -0.100091 0.047366
-0.137550 0.061308 0.188740 0.011729 -0.226320 -0.151402 -0.200665 -0.022373 0.157545 0.091600
0.110329 -0.161881 -0.102380 -0.113100 0.016155 -0.155136 -0.234149 0.121411 0.192836 -0.107198
-0.132973 0.002268 -0.001440 0.328579 0.403257 -0.060464 0.010637 -0.107800 -0.025565 -0.080880
0.008996 -0.172360 0.165615 -0.155015 -0.216684 0.040591 -0.162603 0.053900 0.195245 0.143693
0.104668 0.081061 -0.124663 -0.275824 -0.162724 -0.237521 0.099790 0.165494 0.101537 0.024993
-0.242339 0.261611 0.163567 -0.017676 -0.028998 -0.045619 -0.056640 0.048932 0.391694 -0.043391
0.206807 0.419396 -0.294854 -0.149475 -0.007152 0.057513 -0.037579 -0.099670 0.109968 0.129360
0.018564 -0.164771 0.043120 0.119845 0.171155 -0.186572 -0.076123 0.084494 -0.483233 0.028170
-0.285700 -0.049534 -0.021620 0.079375 -0.007547 0.184766 -0.161640 -0.517922 -0.295818 -0.153209
-0.320630 -0.104789 0.162965 0.067992 -0.074256 -0.221020 -0.245832 -0.323521 -0.269079 -0.141405
-0.037730 0.001786 0.059019 0.004332 0.106415 -0.057212 -0.236076 -0.026122 -0.033996 0.063054
-0.084253 0.142127 0.109607 -0.025685 -0.276546 -0.046342 -0.280882 -0.028606 0.126469 -0.112257
0.067330 0.243785 0.224875 0.145380 -0.270765 -0.345924 -0.371699 0.022433 0.034960 -0.097020
-0.146464 -0.036405 -0.049172 -0.182598 -0.063837 0.064439 -0.017329 -0.145620 0.039416 0.029178
-0.193920 -0.044897 -0.016697 0.054954 0.113280 -0.098225 -0.224272 -0.074436 0.316776 -0.165133
0.385430 0.460589 0.009372 0.066125 -0.155497 -0.033966 0.022945 0.105512 -0.180911 -0.019558
0.390248 -0.252216 -0.005292 0.063476 -0.219302 -0.094979 0.072937 -0.069181 -0.045033 -0.058335
0.087257 -0.122076 -0.019550 -0.164687 0.182939 0.081361 0.096313 0.035942 -0.077851 0.120742
-0.033643 -0.215371 -0.086485 -0.174936 -0.054018 -0.151630 -0.097998 0.026711 -0.000255 -0.215230
-0.121725 0.086626 -0.089293 -0.024254 -0.247101 -0.462191 -0.083677 -0.275461 0.314773 0.318142
0.187712 -0.046402 -0.080448 -0.188274 0.259035 0.545306 0.026465 -0.098138 0.297925 -0.006572
-0.095330 -0.176340 0.077851 -0.087889 -0.355769 -0.211299 0.340887 0.333586 -0.118777 0.008722
0.106211 -0.336113 -0.116601 0.214248 -0.064443 0.305787 0.225199 0.022271 0.359981 0.368685
0.356050 -0.041979 -0.042611 0.040013 -0.251734 -0.293994 0.169180 0.207508 0.104246 0.249487
-0.152753 -0.059950 -0.454328 -0.063144 0.107756 -0.011583 -0.064197 -0.085432 0.033836 0.393396
0.037943 -0.195434 0.215511 0.310561 0.161739 0.100876 0.078623 0.130009 0.376267 -0.103754
-0.108177 0.060898 0.053667 0.024903 -0.063600 0.046051 -0.232920 -0.516665 -0.098910 -0.012267
-0.403504 -0.212422 -0.245416 -0.125797 0.056721 -0.072516 0.116320 -0.018462 0.183500 0.441973
0.092312 -0.087117 -0.191784 0.107545 0.169741 -0.497290 0.051245 -0.134993 -0.022604 -0.175919
-0.208632 0.027448 0.120672 0.072656 -0.068304 -0.059564 0.027325 -0.130079 -0.148401 -0.235588
-0.090276 -0.084239 -0.285429 -0.049490 -0.000987 -0.055808 0.260860 0.060020 -0.096173 -0.079044
-0.042084 -0.130991 0.252295 0.147418 -0.073709 0.034959 0.201752 -0.032801 -0.020042 -0.077219
-0.146154 -0.163143 0.182939 0.035696 -0.257490 -0.078693 0.088872 0.071147 0.162441 -0.228849
-0.039873 0.050368 0.027957 -0.182237 -0.052404 -0.107264 -0.103403 -0.014751 -0.219021 -0.444781
0.130500 0.004339 -0.242608 0.028238 0.228287 0.170303 0.064478 0.284447 0.120321 -0.096875
-0.118917 -0.155842 -0.227726 -0.087398 -0.024991 0.077289 0.057598 0.188976 0.128113 0.166231
0.074973 -0.253559 -0.086836 0.177182 0.323477 -0.186730 0.103965 0.014540 0.040856 -0.169601
-0.107545 -0.046121 0.190661 -0.075815 0.021569 0.637407 0.167776 0.120040 0.244995 0.052193
-0.054861 0.027658 0.053632 -0.306630 -0.233061 -0.319265 0.023306 -0.156404 -0.438885 0.137450
-0.149243 -0.144470 -0.180412 0.033818 0.274900 0.135344 0.107545 0.061424 -0.059915 0.030273
-0.130640 -0.152613 -0.207649 0.104456 0.106071 -0.052649 -0.261983 0.193609 0.004319 -0.173953
-0.265212 0.115899 0.153174 0.173813 -0.134782 0.039101 -0.192065 -0.029168 0.017638 -0.083256
-0.080940 -0.164547 0.145031 0.206385 0.067637 0.115758 0.114986 0.024657 0.156684 -0.125025
-0.285710 -0.091189 0.105579 -0.090136 0.295678 -0.053843 -0.254963 0.512734 0.430180 -0.300733
-0.295398 -0.021849 -0.067742 0.102350 0.084449 0.028080 0.286974 -0.169741 -0.117724 0.059669
-0.040961 -0.258754 0.016076 -0.070927 0.057246 -0.031060 0.435380 0.293122 -0.065986 0.086323
0.197252 0.000216 0.158931 0.033514 0.123972 0.625506 0.091769 -0.230329 -0.130695 0.084642
-0.030892 -0.163100 -0.044641 0.181117 -0.491316 -0.249154 0.194160 -0.048641 -0.050456 0.021766
-0.124577 0.097349 -0.246868 -0.553974 0.085852 0.162158 -0.170360 -0.025581 -0.058187 0.267978
0.370302 -0.120341 0.854626 0.404455 -0.332922 -0.120543 -0.054557 -0.194025 0.179907 0.095332
-0.198866 0.098156 0.093315 -0.183269 -0.495080 -0.040439 0.213253 0.018202 -0.112408 0.071801
-0.031732 0.134460 0.128409 0.006025 0.066793 0.148578 0.047296 -0.115635 0.554512 0.015043
-0.330771 -0.105685 0.038287 0.169823 0.048641 -0.123972 -0.253322 0.431078 0.240414 -0.656163
0.150864 -0.015765 -0.212446 -0.185285 -0.024001 -0.175470 -0.009807 -0.080205 -0.151133 -0.090962
-0.106895 0.047733 0.055565 0.027514 0.225892 -0.261524 0.123972 0.392891 0.182596 0.069650
0.028993 -0.091096 -0.036270 0.158528 -0.100643 -0.059431 -0.152074 0.103937 0.099836 0.026421
-0.006152 -0.044775 -0.125249 -0.057011 0.092105 0.029833 -0.091096 0.012370 0.053515 0.246465
0.040674 -0.003009 0.097147 -0.067801 -0.164444 -0.163234 -0.037380 0.103601 0.051700 0.012933
0.004513 -0.048809 -0.183941 -0.093248 -0.062826 0.152074 0.220648 -0.147099 -0.214463 0.125653
-0.225623 -0.277525 0.311409 -0.033447 -0.205454 -0.112207 -0.013337 -0.073886 0.037212 -0.053380
-0.359276 -0.071465 -0.174394 -0.018824 -0.141317 -0.112072 0.044977 0.033514 0.192546 0.251171
-0.103870 0.013454 -0.241355 -0.030875 0.024270 -0.097887 -0.118795 -0.206530 -0.364386 -0.291777
0.127132 0.087399 -0.196177 -0.016942 0.359007 -0.123703 -0.073549 -0.225354 -0.302534 -0.169419
-0.085852 0.236111 0.101786 0.118661 0.051935 0.013446 -0.059095 -0.043128 -0.064171 0.073482
-0.135132 0.124644 0.221724 0.120745 0.244179 0.170764 -0.172915 -0.003559 -0.219304 -0.003000
0.065650 -0.017261 0.077583 -0.130359 -0.496694 -0.251171 0.170091 0.044036 -0.007147 -0.226296
0.042825 -0.003351 0.001153 0.014690 -0.039128 -0.128611 -0.131636 -0.068205 -0.053078 -0.245523
-0.338300 -0.159604 0.001284 -0.187840 0.399614 0.170898 -0.173991 -0.179504 -0.353629 0.052137
-0.184882 -0.284517 0.025228 -0.035497 0.239742 0.204244 0.110593 0.047363 0.097416 -0.050523
-0.377832 0.004635 0.115232 0.318938 0.222396 -0.082962 -0.034388 0.085651 -0.044170 0.158797
0.171167 -0.050221 -0.139031 -0.040775 -0.295542 -0.244717 -0.126392 -0.217556 -0.319745 0.231808
0.013925 -0.022707 0.141317 0.170091 -0.088004 0.051296 -0.011085 -0.698652 0.009353 0.088878
-0.124510 0.061851 0.256818 0.134661 -0.034657 0.285592 -0.067835 -0.235842 -0.060675 -0.071331
-0.094458 0.113013 0.005635 -0.110391 -0.331578 0.070591 -0.009673 0.072272 0.146695 -0.081079
-0.049553 0.080925 -0.033451 0.024460 -0.016320 -0.096413 0.150838 0.319104 0.110514 -0.038026
0.155512 -0.210729 -0.014963 0.050464 -0.113841 0.036026 0.195994 -0.012963 0.041354 -0.204392
-0.012161 0.073320 -0.003201 0.099740 -0.037868 -0.182843 0.003347 -0.060842 -0.123269 -0.074112
0.086827 -0.007982 0.056445 -0.028995 -0.043968 -0.004709 -0.068804 -0.095700 -0.091026 0.106711
-0.237189 0.008185 0.065754 -0.215324 -0.100374 0.046345 0.145688 0.044839 -0.016359 0.014923
0.037610 -0.023034 0.123744 0.043136 -0.009710 -0.031411 -0.054425 0.121447 -0.017864 0.011893
0.053950 -0.090154 0.043215 0.006481 0.234496 -0.006744 -0.240517 0.030164 -0.130795 -0.017033
0.041789 -0.095383 -0.046305 0.043413 -0.131587 -0.016854 -0.169376 -0.107979 0.052762 0.083816
-0.091263 0.050623 0.043334 0.084212 0.044483 0.068725 0.002139 -0.012883 0.108930 0.020855
0.007348 0.135390 0.037749 0.031471 0.079063 -0.035788 0.003607 0.015894 -0.018033 -0.075696
-0.051296 0.065397 0.047216 -0.058307 -0.118515 0.148461 -0.053039 -0.088174 0.062704 0.188706
0.058228 0.021291 0.029985 0.041512 0.025390 -0.132221 0.009947 -0.053118 -0.073676 0.118040
-0.028837 0.070982 0.089916 0.024420 -0.055732 -0.001802 -0.005003 -0.123982 -0.011388 0.081044
0.100691 0.101087 -0.035115 0.172703 0.028005 -0.069596 0.069715 -0.075894 -0.094115 -0.041156
-0.022618 -0.058188 -0.148857 -0.024380 -0.092293 0.107900 -0.047889 -0.079420 0.296288 -0.060406
-0.009096 0.192667 0.047097 -0.022638 -0.040680 -0.026163 -0.058862 0.022261 -0.067695 0.002008
0.277117 0.058901 0.039631 -0.131587 0.079895 0.048325 -0.100215 0.059416 -0.115663 -0.244002
-0.102592 -0.092293 -0.020716 0.088332 -0.098631 0.032005 0.009729 0.083103 0.174604 -0.031015
0.073716 0.180308 0.070309 0.102196 -0.081994 0.038323 -0.021311 -0.455365 -0.139668 0.077875
-0.104652 0.018013 0.000080 -0.007071 -0.027945 0.039333 -0.022301 -0.009625 0.156225 -0.028044
-0.083975 0.150917 0.202173 -0.047374 0.019776 0.000050 -0.012289 0.104176 -0.065160 -0.058267
-0.109959 0.024143 0.022202 -0.054702 0.125408 0.083896 0.002575 -0.051336 -0.017359 -0.007179
0.029233 -0.087461 0.003087 0.092848 0.029728 0.073042 0.141014 0.051652 -0.004434 -0.018706
0.031273 0.110672 0.068170 0.116773 -0.018023 -0.122160 -0.058743 0.122476 -0.021429 0.055891
0.022261 -0.148303 -0.084054 -0.102988 -0.254618 -0.142440 -0.061357 -0.273790 -0.197103 -0.084371
-0.200747 -0.058426 -0.047176 -0.122476 -0.138004 0.075379 0.063932 0.006130 -0.080212 -0.143549
-0.162563 -0.081004 0.028203 -0.020400 -0.052484 0.035452 -0.003129 -0.061001 0.069715 -0.041987
-0.011091 0.099978 0.002971 -0.080291 0.195202 -0.034541 0.014626 0.315460 0.042542 -0.058664
-0.024598 0.084371 -0.012161 -0.228475 -0.025252 0.073201 -0.024499 -0.041433 -0.017675 -0.016593
-0.028465 -0.054255 -0.013475 -0.116142 0.080182 0.184443 0.004967 -0.105362 -0.358814 -0.175945
-0.011479 -0.153362 -0.082622 0.186961 0.437502 0.130778 -0.014154 0.260298 -0.039481 0.035763
0.088759 0.007092 0.034878 -0.447259 0.006064 0.084510 -0.079002 0.050281 0.061927 0.005164
0.073730 0.005154 0.065783 0.030649 -0.107723 -0.267852 -0.171224 -0.179564 -0.090805 -0.115277
-0.052957 0.059173 0.037160 -0.053035 -0.180194 -0.070701 -0.037514 -0.047803 -0.096707 0.083881
0.084904 0.002098 -0.029173 -0.137860 -0.035685 0.003064 0.063619 0.002058 -0.034878 0.119762
-0.020046 0.023232 0.071920 0.030019 -0.115592 -0.089074 -0.000367 0.053311 0.120785 0.111657
-0.127788 -0.275406 -0.115592 -0.095999 -0.128890 -0.146516 -0.063186 0.304992 0.007067 0.041153
-0.006462 0.032026 0.054530 0.074005 -0.006944 0.025888 -0.045914 -0.015993 -0.024767 -0.059370
-0.039009 -0.114569 -0.088995 -0.156981 -0.082386 0.041429 -0.081048 0.038911 -0.044852 0.022760
0.013416 -0.089310 -0.175473 0.037849 0.058622 0.053232 0.050989 -0.040209 0.065389 -0.060038
-0.027895 -0.063579 -0.061927 -0.086241 -0.033186 -0.043671 -0.017823 0.055514 0.045560 0.006826
0.002043 0.118897 0.147303 -0.058189 0.013692 0.034918 0.028623 -0.076917 -0.068025 -0.013033
-0.158791 0.041862 -0.137152 0.029763 -0.026400 -0.007003 -0.091592 -0.189951 -0.109297 0.010505
0.009379 0.014459 -0.080379 -0.029508 -0.059802 -0.048747 0.141401 -0.045442 -0.000931 -0.038498
0.088051 -0.003278 -0.155880 0.005238 -0.121965 -0.245347 -0.153362 0.110634 0.384624 0.005882
0.023528 0.200023 0.088523 -0.026911 0.115592 0.068065 -0.001472 -0.657197 -0.075697 0.026183
-0.051029 0.011026 0.093244 0.001757 -0.016741 0.026577 0.173112 -0.054806 -0.045599 0.010751
-0.037042 -0.059999 0.041586 -0.031672 -0.032085 -0.206633 0.042255 0.149585 0.280599 0.124955
-0.067199 0.032891 -0.050242 -0.201754 -0.177519 -0.195145 0.093953 -0.096943 -0.015974 -0.041980
-0.019957 0.033383 -0.054176 0.169965 0.086477 0.039462 -0.104103 0.072904 -0.094110 0.059802
0.070976 0.067396 0.039855 -0.028701 0.058661 0.026616 0.076878 -0.071527 -0.047370 -0.094425
0.026616 0.112838 -0.083881 -0.074241 0.170437 -0.089467 -0.116772 0.040032 -0.002523 0.097730
0.084668 0.007554 -0.041153 0.138411 -0.043671 0.075776 0.059370 0.009241 0.036216 -0.355981
-0.019751 -0.067789 0.025396 -0.000366 -0.230711 -0.181453 -0.230082 -0.159893 -0.188692 -0.141244
0.040996 -0.001496 -0.011479 0.059409 -0.014872 -0.013623 -0.036295 -0.128496 -0.015718 -0.044380
-0.149506 -0.086477 0.045048 0.115277 -0.017154 0.109769 0.276350 0.157689 -0.087264 -0.008002
-0.130149 -0.034524 0.071802 -0.079592 0.115906 0.117401 0.097730 0.079710 0.111815 0.124483
-0.074753 0.046898 0.000165 -0.144942 0.057245 -0.043711 
