-0.034242 0.122549 -0.108132 -0.018104 0.028655 0.023560 0.165409 0.080083 -0.235531 -0.007815
-0.059899 -0.051150 -0.111736 0.068287 -0.314041 -0.158462 -0.195162 -0.088668 0.150467 0.082442
-0.364110 -0.245230 0.040402 0.092338 -0.076020 -0.097646 -0.285206 0.051314 -0.001825 -0.122746
0.039943 0.001211 -0.165933 0.083884 -0.060914 -0.000859 0.058031 0.015515 0.114358 0.022970
-0.037093 0.107935 0.066812 -0.100333 -0.017023 -0.085981 -0.008380 -0.042008 -0.254929 0.115210
-0.048397 0.076348 0.108263 -0.000290 -0.098695 -0.020185 -0.078576 0.109180 0.029032 0.019071
0.005833 -0.032538 0.115668 -0.159511 0.130018 0.014352 -0.010277 -0.068110 0.109975 0.060358
0.146885 0.026284 -0.076279 -0.117992 -0.115874 0.156415 -0.155054 -0.125404 -0.044776 0.055063
-0.021802 -0.136447 -0.067392 0.119883 -0.000682 0.075939 0.133649 0.037213 0.011118 -0.087208
-0.007474 0.004751 0.098781 0.021859 -0.063837 -0.039520 -0.006803 0.056122 0.010343 -0.060509
-0.013671 0.014692 -0.001243 0.016716 -0.019202 0.020535 -0.021292 -0.012215 -0.039369 0.050676
0.025981 0.056916 0.049126 -0.079645 -0.023693 0.058013 -0.022558 0.041070 -0.140985 -0.007994
0.091141 -0.008103 -0.006741 0.166702 0.041940 -0.025414 0.005867 0.048974 0.031461 -0.094151
0.042118 0.100267 0.144841 -0.048697 0.148825 -0.093966 0.188395 -0.116669 -0.090815 -0.032689
-0.283565 -0.055555 -0.003157 -0.263919 -0.148640 -0.053701 0.043253 -0.099248 -0.048744 0.060698
0.000310 0.012603 0.005870 -0.126307 -0.130292 -0.179684 0.035399 0.045500 -0.023202 -0.175236
0.041909 -0.057871 -0.092437 -0.036673 0.194047 -0.024279 -0.044805 0.009609 -0.071355 0.155683
-0.067138 -0.036534 0.014190 0.032110 -0.164950 -0.003067 0.048744 -0.018140 -0.016634 0.092205
0.068945 -0.074598 -0.125010 -0.000522 0.052358 -0.037415 0.054489 -0.080760 0.033615 0.033430
0.135759 0.008659 -0.035264 -0.099580 0.168954 -0.004630 -0.017875 -0.093160 -0.051499 0.067849
0.053254 0.166829 0.004682 0.009353 -0.009561 0.096716 0.106601 -0.066464 0.296154 -0.151310
-0.217450 -0.119533 -0.033855 0.168861 0.020900 -0.029791 0.041476 0.016662 0.101797 0.091821
-0.064431 0.096255 0.018798 -0.074685 -0.046164 0.001287 -0.005823 -0.050806 0.050021 0.064478
0.019976 0.019445 -0.014156 0.076717 0.000561 0.090389 -0.077456 0.006189 -0.034594 -0.041130
-0.045495 -0.031731 -0.037689 0.052007 0.018833 0.087340 -0.011524 -0.007061 -0.057134 0.211169
0.025172 -0.036234 -0.084153 -0.006137 -0.031130 -0.076117 0.012148 0.027871 -0.051252 0.004363
-0.089959 0.109044 -0.030214 -0.067213 0.017694 0.061551 0.034754 0.082979 -0.003496 0.010970
0.026578 0.069019 -0.039488 0.086347 -0.129643 -0.003459 0.000540 -0.171523 -0.009842 -0.047957
0.129643 0.110313 0.094255 -0.006736 -0.039928 0.008566 -0.004887 -0.026895 0.047347 0.079562
-0.049226 0.033485 -0.024320 0.055596 -0.004774 0.019903 -0.003002 -0.024467 -0.011330 -0.003603
0.026944 0.032411 0.014253 0.061161 0.013911 -0.003819 -0.023698 0.028335 -0.038854 -0.022746
0.057109 -0.037414 -0.007011 -0.005284 0.061063 0.011385 -0.008188 0.061649 0.012459 -0.025602
-0.086137 -0.072733 -0.129880 -0.108372 -0.131647 -0.082864 0.010170 0.078396 -0.026145 -0.051251
0.036678 0.030340 0.018144 0.035042 -0.113360 0.074032 0.156792 -0.088786 0.076629 0.059537
0.259345 -0.124893 -0.045744 0.052394 -0.154713 -0.120841 -0.112113 0.173312 -0.160117 0.017949
-0.097878 -0.127802 -0.036289 -0.031925 -0.115230 -0.054030 0.029950 -0.052965 0.039302 0.123958
-0.067901 0.106138 0.103073 0.127906 -0.044107 -0.092215 -0.082708 -0.042575 -0.184222 -0.025470
0.016430 0.056056 0.012059 -0.022365 -0.106242 0.014430 -0.100423 0.003180 0.143284 0.090968
0.025301 -0.125205 -0.179235 0.012923 0.171529 -0.093083 -0.103197 -0.104661 -0.071592 -0.015370
0.054493 -0.052031 0.067700 0.149971 -0.058452 0.058951 -0.041784 0.047540 -0.045211 0.007036
0.000631 -0.103929 -0.168868 -0.026415 0.074786 0.092019 -0.107788 0.105060 0.180179 -0.000336
0.064872 -0.045278 -0.078512 0.099205 0.003782 0.016542 0.016351 -0.064440 -0.027962 0.059749
0.022788 0.014854 -0.052497 -0.008063 -0.044346 0.012018 -0.058884 -0.076782 0.148241 0.084101
0.041618 -0.017233 0.020310 -0.002512 -0.011727 -0.057620 0.073256 -0.012866 -0.009764 -0.003996
0.002150 0.041152 -0.071725 -0.000592 0.036628 0.000812 -0.045244 -0.067268 -0.129354 -0.035041
0.022408 0.029667 -0.074922 -0.088436 -0.147205 0.003541 -0.035638 0.060937 0.113012 -0.111252
0.020239 0.037084 0.068385 0.012044 0.004215 0.079511 -0.087807 0.069014 -0.039630 -0.093401
-0.066123 -0.034413 -0.026697 0.060057 -0.088499 0.063954 -0.120555 -0.085608 0.074419 -0.049969
-0.005335 0.098178 -0.102075 -0.048963 -0.021936 0.013553 0.078379 -0.020883 0.033973 -0.020459
-0.075802 -0.129731 -0.015124 0.050818 0.096167 0.079385 -0.042175 -0.028332 -0.029384 -0.029479
0.120492 -0.038750 -0.066940 -0.097298 0.056255 0.032810 -0.051918 -0.087556 0.022250 0.065117
0.034853 0.008305 0.090596 0.216991 0.091303 -0.153951 0.130556 -0.216991 -0.077878 -0.224685
-0.259385 0.106690 -0.049145 0.019293 -0.116346 -0.205529 0.375574 -0.129221 0.061235 -0.087377
0.098839 -0.141390 0.019548 0.138642 0.110223 -0.058801 0.138171 0.010206 0.111714 0.000315
-0.028871 -0.002036 0.042315 -0.182291 -0.067162 0.044121 -0.158818 -0.071284 0.004178 0.109673
0.001116 0.019656 0.152538 0.090204 -0.009377 -0.105277 -0.051068 -0.115483 0.054209 0.051382
-0.303505 -0.068732 0.030382 0.017988 0.046279 0.011913 -0.145786 0.262996 0.056878 -0.003979
-0.014465 0.013945 -0.007826 0.156306 -0.015888 -0.119172 0.076650 -0.073727 -0.043594 -0.025803
-0.150846 0.022735 -0.026380 0.061638 -0.092456 -0.074629 0.021310 0.029014 0.003273 0.017511
0.054673 -0.139370 -0.104221 0.069360 -0.011160 -0.109273 0.047275 -0.125513 0.107180 -0.031721
0.071020 0.089786 -0.058498 -0.080836 0.102994 0.017223 0.053446 0.051641 -0.078166 -0.032533
-0.063117 -0.036629 -0.040057 0.075279 0.067339 0.007015 -0.019018 0.079104 -0.137782 -0.088126
-0.067736 0.016709 -0.034879 -0.122337 0.022645 -0.162105 -0.008657 -0.125585 -0.008178 -0.094549
0.079970 -0.050883 0.039155 0.007439 0.135328 0.006523 -0.061493 0.000126 0.040382 0.036665
-0.058718 0.027533 0.140949 -0.082007 -0.216036 -0.015208 -0.022248 0.127431 -0.238973 0.002021
-0.020454 0.175418 -0.130955 0.049492 -0.032034 -0.107057 -0.177211 -0.021495 0.136464 0.116283
-0.037960 -0.123907 -0.135824 0.356729 -0.117885 -0.098921 -0.054073 0.001349 -0.150175 -0.069578
-0.106417 0.009834 -0.093603 -0.070026 -0.066951 0.189256 0.076561 -0.113784 0.122177 -0.003958
-0.127239 -0.028094 0.137105 -0.012878 -0.139411 -0.030913 -0.005173 -0.080149 -0.026957 -0.054265
-0.063587 -0.144537 -0.197457 0.104495 -0.044559 -0.001997 -0.095205 -0.025371 -0.102508 -0.043822
-0.136464 -0.004665 -0.049845 0.031265 0.167850 -0.112514 -0.013023 -0.201175 0.101026 -0.043914
-0.040538 -0.057222 -0.346575 -0.322722 -0.135490 -0.126282 -0.084978 -0.042401 0.027712 -0.107165
-0.011006 -0.074498 0.027537 -0.062834 -0.038367 0.067614 0.048978 0.025366 0.005434 -0.295536
0.284486 -0.309567 -0.021836 -0.012749 0.043015 -0.007827 -0.085460 0.008227 -0.042752 0.118214
0.130492 -0.059458 0.353065 -0.032272 0.037994 -0.049022 -0.102254 0.032711 -0.203104 -0.054240
0.017868 0.026046 -0.007997 0.005270 -0.108217 0.040340 -0.148294 -0.104621 -0.010891 0.122073
-0.200824 0.224151 0.091379 0.044440 -0.155397 -0.235376 0.154345 -0.064150 0.040193 -0.114730
0.004364 -0.048874 -0.034325 -0.006199 0.288033 -0.054497 0.030060 0.081745 0.073405 0.002348
0.052912 -0.072537 -0.074990 -0.069593 0.089293 -0.062045 -0.026890 0.043137 0.021550 -0.023588
0.072650 0.045779 -0.057214 -0.058761 0.040684 0.075292 -0.046420 0.030720 0.001669 -0.009718
-0.057629 -0.022889 -0.026078 0.000799 0.059441 0.073744 -0.119712 -0.044194 0.034419 0.011548
0.083179 -0.081670 -0.127033 -0.017483 -0.079783 -0.105446 0.012813 -0.060233 -0.071404 -0.042948
0.033230 0.054346 0.004149 -0.183568 -0.071065 -0.014190 -0.019757 -0.008383 -0.104616 -0.017889
-0.067555 0.006661 0.018013 -0.050880 0.049467 0.019440 -0.116267 0.105654 -0.082987 -0.021253
-0.027413 0.078934 0.133441 0.009513 -0.034347 0.107947 -0.002042 -0.037867 -0.089014 0.029867
0.024200 0.039653 -0.023427 0.115627 0.035227 -0.010333 -0.015600 0.035813 -0.102400 -0.039333
0.043814 -0.000038 0.150187 -0.008087 0.015213 0.064427 0.026267 0.004337 0.008773 0.030987
-0.033920 0.005230 -0.013260 0.009393 0.008387 -0.005433 0.020333 -0.013007 0.010513 0.050347
0.024720 -0.023147 -0.011133 0.041813 0.001016 -0.015133 0.025547 -0.046400 0.018027 -0.020240
0.006703 0.036347 0.145707 0.031147 0.023147 -0.035467 -0.146881 -0.037543 0.072207 -0.003353
-0.167995 -0.111326 -0.151634 -0.072938 -0.011825 0.018943 0.074995 0.019960 -0.065992 -0.178598
-0.154011 0.134451 -0.019731 -0.091584 0.014419 0.167721 0.049996 0.076594 0.334528 -0.115988
-0.067820 -0.024838 -0.108950 -0.143591 -0.217534 0.099536 0.034915 -0.054018 0.107670 -0.012739
-0.091995 -0.001395 -0.006312 -0.045541 0.046546 0.000536 0.077234 0.020005 -0.004322 -0.151177
-0.028311 0.006587 -0.009054 0.050499 -0.067637 -0.065215 0.016578 -0.107945 -0.114800 0.079884
0.016841 0.131069 0.063478 -0.042707 0.027306 0.047437 -0.052830 0.085231 0.080707 -0.005176
0.101761 0.016960 0.081175 -0.007778 0.241264 -0.177166 -0.398936 -0.155254 -0.184340 -0.139035
0.121334 -0.041913 -0.080395 0.031289 0.038151 0.026045 -0.175763 0.182781 -0.031659 0.042264
-0.237521 -0.062460 -0.162038 0.271675 0.069245 -0.027721 0.281969 0.002698 -0.046826 -0.067997
-0.020742 -0.069245 0.088349 -0.154708 -0.319242 0.021658 0.089207 -0.155020 -0.019046 0.020216
-0.135370 -0.189019 0.120944 0.112600 -0.061681 -0.124687 -0.006097 0.025752 0.265281 -0.022984
0.190110 -0.118994 -0.240796 -0.090143 -0.022185 -0.040354 0.002338 0.061642 -0.260135 -0.111665
0.066086 -0.020157 0.013032 -0.118137 0.083122 -0.018486 0.177236 -0.010985 0.085898 0.091451
0.027339 -0.042354 -0.053771 0.043176 -0.262907 -0.389375 0.046944 0.107769 0.052411 0.144259
-0.133267 -0.054451 0.068617 0.023189 0.147885 -0.160691 0.029492 0.186415 -0.016970 0.145732
-0.086351 -0.051335 -0.118422 0.015072 0.041674 -0.109186 0.055868 -0.014590 -0.018797 -0.058757
-0.102726 0.129754 -0.127714 -0.002985 -0.104143 -0.075586 -0.190381 0.054650 0.072583 0.052865
-0.000231 0.077739 -0.050173 -0.077569 0.086465 -0.091451 -0.106863 0.120575 0.075019 0.088051
-0.067710 0.026007 -0.031560 0.033798 0.184375 0.041051 0.106296 0.278092 0.025602 0.041888
-0.055982 -0.140372 0.207095 -0.174741 0.072641 -0.042546 -0.062207 -0.295474 0.029438 -0.136076
-0.173163 0.145896 -0.107142 -0.100479 0.076849 -0.034282 0.179125 0.191137 0.245673 0.048398
-0.050634 0.114770 0.037329 -0.012275 0.060761 0.071939 0.085617 -0.096884 -0.104687 0.027180
0.112140 -0.314061 -0.238132 0.123450 -0.049319 -0.013294 0.062733 -0.035772 0.217265 -0.137478
0.202711 0.024966 0.132744 -0.239711 -0.010187 -0.023870 -0.167990 -0.130640 0.230066 0.034194
-0.229014 -0.150718 -0.009343 0.163782 -0.194294 0.101268 -0.205516 0.148877 -0.010434 -0.207971
-0.188507 0.186403 0.047459 0.102303 0.054296 0.002438 -0.024176 0.270268 -0.003837 -0.113266
-0.196297 -0.069644 -0.019575 0.154637 -0.226070 0.134442 0.178179 -0.082396 -0.198028 -0.141020
-0.109861 -0.062720 -0.141366 0.049911 0.112920 0.165946 -0.134326 -0.200220 0.070914 -0.097687
0.043679 -0.019200 0.101726 0.120247 0.076972 -0.087762 0.024638 0.076338 0.117189 0.123594
0.118170 0.023628 0.018565 0.081877 0.019604 0.044314 0.064797 -0.049218 0.070394 -0.028504
-0.144482 0.008107 0.025287 -0.031793 0.058277 -0.078761 -0.071664 -0.162138 -0.045237 -0.021306
-0.012413 -0.090532 -0.095263 0.040765 0.014685 -0.085396 -0.225972 -0.082972 -0.033849 0.217168
0.097379 -0.110852 0.099647 -0.005819 0.014523 0.030164 0.126526 -0.126259 0.000632 -0.184219
-0.060695 0.057894 -0.165411 -0.141266 0.405256 0.002801 0.227039 -0.029981 -0.109918 -0.054859
-0.225038 0.219703 0.171547 -0.033899 -0.111385 -0.036750 -0.177016 0.020193 0.121790 0.148336
-0.004385 0.187154 0.009538 0.044421 0.113119 -0.089642 -0.174481 -0.217435 -0.076636 -0.038618
0.091042 0.197959 0.088441 -0.006807 0.085306 0.119989 0.168879 -0.117255 -0.037217 -0.148469
-0.130528 -0.027680 -0.051824 0.012998 0.199560 -0.048223 -0.281198 -0.027696 -0.025078 0.051357
-0.194586 0.135290 0.044602 0.105976 0.002908 -0.008762 -0.132470 0.044342 0.039889 0.076365
-0.112581 -0.098926 0.034769 0.034194 0.134696 0.006048 0.000092 0.057923 -0.057329 -0.020279
-0.087571 -0.020631 -0.176033 -0.024787 -0.038665 0.007755 -0.007574 0.058331 -0.025158 -0.030446
-0.088536 0.011920 -0.071727 0.048016 0.061300 -0.097219 -0.008289 -0.041299 0.050873 0.053656
-0.057738 0.107015 0.068016 0.000593 -0.098481 0.004562 -0.045715 -0.003226 -0.056439 0.139966
-0.060075 0.140262 -0.015733 -0.030464 -0.098258 0.004513 0.150207 -0.009629 -0.134251 -0.038850
-0.027960 -0.077627 -0.030279 -0.008590 0.077248 -0.007029 -0.033820 -0.108474 0.086092 0.045148
-0.054073 0.097174 -0.055438 -0.079322 0.150674 0.006353 -0.200899 0.272523 0.186377 -0.024594
0.078558 -0.112896 -0.055384 0.051508 -0.201881 -0.103179 -0.067039 0.270558 0.236493 0.084891
-0.056284 -0.164431 -0.223172 0.076538 0.040125 0.093079 -0.040043 -0.124688 0.009513 0.166615
-0.126217 -0.030053 0.025713 0.058959 -0.073699 0.032155 0.042200 0.054783 -0.076593 0.109566
0.041872 -0.017538 -0.011867 -0.023079 -0.030353 -0.161702 -0.012952 -0.055820 0.055657 -0.056448
-0.040726 0.047249 0.093243 0.128837 0.014249 0.082379 0.012618 -0.026395 -0.092553 -0.034138
-0.025564 -0.008316 0.078989 -0.132048 -0.055449 -0.002711 0.177014 -0.000637 -0.076461 -0.101518
-0.047541 0.006558 0.052782 0.007012 -0.014299 -0.053150 -0.076231 0.052414 0.028828 0.038897
-0.079173 -0.072369 0.044782 -0.049380 -0.204692 -0.177198 -0.086668 -0.008425 -0.020242 -0.021586
0.064047 0.078530 -0.040092 -0.041886 0.005060 0.015311 -0.107588 -0.029035 -0.027219 -0.003851
-0.120369 0.108415 -0.007345 -0.205980 0.004388 0.006977 0.092553 0.130025 -0.051909 -0.033426
0.000295 -0.097105 -0.026000 0.078300 -0.113105 -0.045633 -0.082300 -0.095725 0.010701 0.060644
-0.092323 -0.002543 -0.108521 -0.111095 -0.045300 -0.013528 0.057825 0.130899 -0.141592 0.052082
-0.018578 0.117630 -0.062875 0.037774 -0.098273 -0.004171 0.143870 -0.041017 -0.013800 -0.030645
0.016461 -0.147434 0.064806 -0.049706 0.028665 -0.131196 0.018466 0.092382 -0.180901 -0.130800
-0.050547 -0.093421 0.006111 0.019754 -0.033393 -0.047428 -0.104956 -0.058766 -0.033814 -0.039185
0.067875 -0.077628 -0.223181 0.022365 -0.054805 0.015657 -0.057875 -0.114462 0.072875 -0.005437
-0.099115 -0.133770 0.063320 -0.165059 -0.035918 0.075153 -0.013751 -0.135156 -0.000448 0.047478
-0.123967 -0.004013 -0.045968 -0.087629 0.135453 -0.003039 0.016403 0.028598 -0.137223 -0.112950
-0.233741 -0.025744 -0.034046 -0.049239 -0.078817 -0.065037 0.102687 -0.032893 0.059733 -0.103955
0.013528 0.239391 -0.110989 0.086889 0.080431 0.071840 0.012749 0.112662 -0.141375 -0.079048
-0.004447 0.138146 0.025672 0.019012 -0.093231 0.003131 0.039495 -0.044915 0.318727 0.030991
-0.099631 0.153829 -0.196956 -0.167782 -0.157519 -0.120388 -0.183464 0.139876 -0.206873 -0.012987
0.214022 -0.050075 -0.070572 -0.008519 -0.074666 -0.098247 0.035718 -0.119580 -0.012749 -0.084467
-0.132150 -0.108683 -0.148178 0.137339 -0.046385 0.067113 0.010393 -0.027675 -0.189691 0.012764
0.119706 0.139875 0.260351 0.056928 0.276671 -0.129098 0.036046 0.065049 0.250343 -0.173054
-0.026751 0.082832 -0.069399 0.105695 0.092685 0.087374 0.112470 0.010941 -0.207234 0.092762
0.169205 0.094533 -0.032467 0.074287 -0.016397 -0.051847 0.075249 -0.086989 -0.165818 0.209389
0.223092 -0.149806 0.133024 0.014001 -0.241721 0.111392 -0.020381 0.140953 -0.086065 0.125479
-0.162430 -0.200459 0.229712 -0.169821 0.099460 -0.125249 0.070553 0.057543 -0.025539 0.055350
0.107312 -0.060700 0.042263 -0.019322 -0.020150 -0.152500 -0.131792 0.109775 0.186449 0.007357
0.090453 0.020227 -0.134332 -0.090530 -0.019838 0.074916 0.019095 -0.041290 0.072597 -0.082831
-0.119482 0.051927 -0.189559 -0.169796 0.010322 -0.148622 -0.133296 0.143278 0.071034 -0.062716
-0.049255 -0.191979 -0.020544 -0.013007 0.073706 0.345440 0.078042 -0.154672 -0.115147 -0.050162
-0.085806 0.014721 0.018767 0.033929 0.041516 0.142976 -0.232310 -0.048852 0.012226 0.043256
0.005505 -0.118676 -0.020317 -0.017998 -0.021086 0.110912 -0.007657 -0.132086 -0.062716 0.047617
0.005045 0.046180 -0.023405 0.055355 0.043483 0.015855 0.006472 0.030198 -0.018111 -0.015288
0.057725 0.128557 -0.017179 0.009087 0.097603 -0.115752 0.101737 -0.023102 -0.025746 0.132998
-0.121529 -0.032253 -0.019604 -0.052223 0.048278 -0.067435 0.207754 0.063611 0.061618 -0.052996
0.059341 0.105422 -0.259001 -0.110628 0.098183 -0.053037 -0.134300 0.066702 -0.110954 0.116892
0.079067 0.110140 -0.033839 -0.003213 -0.022532 0.059137 -0.114533 -0.034998 0.030443 0.011470
0.003218 -0.001772 -0.018852 0.013422 -0.004116 0.044536 -0.041506 0.000566 -0.015445 -0.009334
-0.144956 -0.055599 0.171962 -0.023081 -0.014866 -0.010382 0.086469 -0.028328 0.039350 -0.057470
-0.015933 -0.009909 0.080165 0.069956 -0.016726 0.014428 0.016869 0.011978 0.152195 0.004443
-0.057307 0.070607 -0.113157 -0.162479 0.219767 0.025098 -0.068309 0.129525 0.094280 0.090188
-0.511990 0.020283 -0.041902 -0.002387 -0.204381 -0.185176 -0.031345 -0.165862 0.134872 0.037073
-0.145893 0.142074 -0.030963 -0.093625 -0.165207 -0.129525 0.170773 -0.101863 0.086259 -0.005016
-0.010626 -0.214966 0.054805 -0.355294 -0.009855 0.192815 -0.415310 -0.137818 0.049349 -0.129525
-0.045039 -0.196852 0.086041 0.091170 -0.000314 -0.241591 0.097062 -0.062253 0.152222 0.089096
-0.178738 0.129089 0.026884 0.138364 -0.088714 -0.109065 0.047112 0.007843 0.162479 0.103009
0.200562 0.074693 0.073492 -0.163571 0.075456 -0.212456 0.083363 -0.136796 0.074742 -0.069577
0.018909 0.057988 -0.027347 0.168026 0.098571 0.047374 0.029136 0.056646 -0.091983 0.093529
0.022020 0.058476 -0.185431 -0.175834 -0.060834 0.042047 -0.135007 -0.008143 0.019844 0.001665
-0.205275 -0.087185 0.114756 0.049733 -0.215197 0.173719 -0.106867 -0.041803 0.047740 0.035439
-0.075108 0.011762 0.016154 -0.027855 -0.078157 -0.128907 -0.004903 0.005708 -0.029685 -0.038021
0.004453 -0.046683 0.019621 0.017587 -0.093691 -0.037472 0.079865 -0.084908 0.047944 0.064575
-0.069537 -0.074050 -0.029665 -0.038530 0.003728 0.010095 -0.156965 0.027794 -0.027103 0.048879
-0.044611 -0.143790 0.069600 -0.023545 -0.094626 0.017585 -0.257371 0.274105 0.087740 -0.107436
-0.066934 -0.040908 -0.033800 0.112026 -0.054902 -0.021528 -0.106695 -0.019917 -0.153416 -0.007913
-0.077819 0.014901 0.128315 -0.079744 0.003184 0.002411 0.082261 0.033615 -0.067119 -0.029876
-0.075486 0.055939 0.056568 -0.007612 -0.082039 -0.050867 0.137127 -0.016613 -0.048794 -0.010551
0.031209 0.059900 0.084334 0.016817 0.030765 0.094626 0.098032 -0.025193 0.042315 0.026452
0.042278 -0.031264 -0.012032 0.000063 0.016715 0.016086 -0.008492 -0.009607 0.024989 -0.082113
-0.051126 -0.016493 0.018557 0.000879 0.084281 0.019722 -0.065893 -0.198974 -0.026099 0.012025
-0.059746 -0.141924 -0.041439 0.057428 -0.183444 0.003822 -0.055702 0.064815 -0.042221 -0.272632
0.197249 -0.169209 0.032785 0.314692 -0.005241 0.107522 -0.099164 -0.030035 -0.196062 0.235318
0.008803 -0.034483 0.170827 0.088056 -0.047883 0.040199 0.015247 0.021205 0.003163 0.084119
-0.043111 -0.258828 0.147424 0.012773 0.047209 -0.018347 0.111404 -0.012294 0.004840 -0.021192
-0.023874 -0.089296 0.065839 -0.028876 0.035481 -0.002669 -0.071771 -0.113345 -0.008823 -0.123375
-0.032866 -0.067673 -0.120355 -0.045268 0.078403 -0.053761 -0.074898 0.133297 -0.062566 0.229128
-0.133585 -0.047111 -0.010562 0.115533 -0.365266 0.008195 -0.033770 -0.159914 0.001220 0.081674
0.025317 0.178847 -0.181929 0.082203 -0.145208 0.087530 -0.098185 0.124338 0.009400 -0.088058
-0.013572 0.171186 -0.060100 0.050898 -0.083303 -0.219089 -0.089115 -0.188269 0.032361 0.106287
0.084404 -0.002544 -0.373015 0.089203 -0.076347 0.340610 -0.013847 -0.147498 -0.022983 -0.173739
-0.039670 0.122753 -0.165814 -0.312255 0.079032 -0.040573 -0.253432 -0.032405 -0.019186 -0.101267
-0.056181 -0.103997 0.171714 -0.039076 -0.074453 -0.001372 0.113067 0.037513 0.055213 -0.005314
-0.133761 0.034717 -0.046949 -0.140190 -0.116552 -0.098768 0.154527 -0.012325 0.039124 -0.132967
-0.011163 -0.082133 -0.105115 0.047086 -0.079945 -0.066703 0.122790 0.144568 0.060410 -0.058166
-0.213076 0.043337 0.084103 0.106100 -0.079452 0.089630 -0.166455 -0.056415 -0.064623 0.070314
-0.182762 -0.008933 0.022626 0.116880 -0.154417 -0.090615 -0.001830 0.032968 -0.042435 -0.024350
-0.045909 -0.330941 -0.045253 -0.077263 -0.093187 0.087441 -0.029439 0.007216 0.027100 -0.078248
-0.083611 0.003923 -0.037948 0.122242 -0.042489 -0.069438 0.018208 0.264184 0.123993 0.003458
-0.005233 0.066921 -0.042052 0.026361 0.016963 0.075458 -0.042535 0.036641 -0.023033 0.073617
-0.199165 0.066778 -0.041312 -0.156797 0.012781 -0.034056 0.106310 -0.009292 0.040089 0.025493
-0.067278 -0.055629 0.089185 0.059494 -0.048568 -0.072338 0.136780 -0.023436 -0.083514 0.036141
-0.072004 -0.034695 -0.029886 -0.130997 -0.052432 -0.070558 0.143897 -0.093411 -0.003649 -0.046817
-0.007023 -0.011558 0.066944 0.033500 0.001133 0.006342 0.051070 0.040089 0.028273 -0.016333
-0.054879 0.047011 0.023839 -0.060773 0.049958 0.045760 -0.011544 0.047512 0.028301 0.035474
-0.040172 -0.062496 0.078343 -0.032499 -0.061996 0.046400 0.013852 -0.044815 -0.036113 -0.085126
0.066203 0.097242 -0.042591 0.181408 0.085182 -0.089688 0.125868 0.240057 0.024818 -0.010910
0.184835 -0.005550 -0.078580 0.200704 0.006506 0.247674 -0.119521 -0.177345 -0.010354 -0.346820
-0.021962 0.101685 0.121488 0.033419 0.116093 -0.346820 0.025754 -0.082071 -0.136722 -0.273444
-0.061062 0.027024 0.000613 0.046241 -0.001695 0.066647 -0.040020 -0.317368 0.096988 0.036593
0.005161 0.013853 0.143577 -0.059411 0.007537 -0.005054 -0.005189 -0.206289 0.080675 -0.053794
-0.007030 0.006665 -0.109746 -0.188390 -0.037608 -0.175949 -0.022009 -0.044939 -0.102129 -0.103843
0.056492 -0.065251 -0.121425 0.145355 0.027957 0.109071 0.022379 -0.111027 -0.054713 0.162051
0.301523 0.038157 -0.050758 -0.037024 0.083914 -0.003983 -0.182585 0.006734 0.128183 -0.063158
-0.124983 -0.144006 -0.001082 0.087915 -0.138139 -0.009923 -0.031823 0.021323 -0.034535 0.062758
0.006134 -0.035312 -0.074803 -0.049602 0.027534 0.018767 -0.034690 0.047780 -0.057469 0.075381
-0.123738 -0.164451 0.039224 -0.144450 -0.043802 0.012334 0.033112 -0.012000 0.069380 0.112271
0.029268 0.041246 -0.047824 0.023179 0.023356 -0.021856 -0.115738 0.023868 -0.235742 0.018934
0.035913 -0.094937 -0.152361 -0.052980 0.084359 -0.133339 0.097870 0.059513 0.042005 0.109499
-0.142373 -0.081191 -0.010769 0.030928 -0.030194 -0.030055 0.153251 -0.116010 -0.080318 0.020864
-0.091871 -0.024973 0.147534 0.085439 -0.011593 -0.075395 0.032715 -0.087345 -0.099494 0.074998
0.075752 0.062015 0.056020 0.019474 -0.107990 -0.027792 -0.011087 0.068923 -0.065271 0.018531
-0.048834 0.053876 -0.087027 -0.077300 -0.003218 0.009355 -0.022591 0.034045 0.002512 0.041529
0.005251 -0.003288 -0.000601 -0.149837 0.082343 -0.023305 0.014819 -0.190571 0.065271 -0.175961
0.028070 0.032893 -0.041568 -0.014372 0.036486 0.010978 -0.009985 -0.044943 0.014362 0.074759
-0.026323 0.023127 -0.074503 0.166235 -0.097210 -0.028291 0.180487 0.046983 -0.113163 -0.054827
-0.018666 0.078385 0.025379 -0.009187 -0.022149 -0.044989 -0.016565 -0.229092 0.073386 -0.144113
0.022548 -0.082799 -0.073918 0.070674 -0.191655 0.103432 0.026190 0.037065 -0.216010 -0.025791
-0.126777 -0.137519 -0.008754 0.003679 0.033502 -0.098380 -0.066207 -0.097742 0.052966 0.078225
0.035124 -0.253341 0.054455 -0.062750 -0.023970 0.003842 0.167724 0.070780 -0.090775 -0.179317
-0.006106 0.151026 -0.080618 0.005225 -0.106303 -0.002423 0.094391 0.045866 -0.170064 -0.104070
-0.022468 -0.069185 0.012165 -0.037570 0.029381 0.105240 -0.033078 0.004168 -0.219039 0.013237
-0.042947 0.049061 -0.071063 0.238663 0.043853 0.092386 0.068384 -0.165751 -0.049061 -0.186130
0.142579 -0.059288 -0.098877 -0.028644 -0.042494 0.235040 0.013067 -0.045212 0.069252 0.095707
0.029588 -0.118124 0.062006 0.062270 0.022436 0.121445 0.049250 0.012473 -0.061892 0.017643
-0.058420 -0.003345 -0.012567 0.017039 -0.053628 -0.025568 -0.100915 0.088234 0.043098 -0.056458
0.047816 0.018360 -0.065176 -0.016030 -0.025568 -0.081290 0.093216 0.039702 -0.017483 -0.036890
-0.013416 0.031267 -0.008567 -0.043061 0.035475 -0.037456 -0.077366 0.072648 -0.015681 -0.008237
0.108759 -0.057377 -0.150935 -0.104798 -0.090240 -0.125244 0.086761 0.067386 -0.226295 -0.178339
-0.098482 -0.190542 0.046645 -0.124066 -0.164102 0.297588 0.038777 -0.165065 0.050258 0.078893
-0.006714 0.024500 -0.018920 -0.184226 0.081676 0.108866 0.013414 0.201354 -0.081730 0.185190
-0.141729 0.065940 0.076752 -0.055771 -0.039527 -0.163995 0.037814 -0.051757 0.021543 -0.012123
-0.058287 0.103032 -0.029759 -0.052908 0.038403 -0.066047 0.053255 0.012906 -0.028447 -0.033586
-0.077769 0.005593 -0.009480 0.040918 -0.064014 -0.008510 0.062997 -0.026668 -0.111542 0.067867
-0.039982 -0.142799 0.040303 0.128883 -0.033551 0.107933 -0.048302 -0.113188 0.294901 0.070989
-0.173504 0.021387 -0.092772 -0.171971 0.034755 -0.051066 -0.022181 0.065406 -0.028324 -0.010994
0.093539 0.033332 -0.063107 0.121507 0.068033 -0.253085 0.112640 -0.196054 0.119975 -0.048630
0.032703 0.092772 -0.070879 -0.043239 -0.011904 -0.093539 -0.094852 0.010146 0.010461 0.063217
0.017391 -0.006274 0.088175 -0.107769 -0.067212 -0.038806 0.103062 -0.163761 0.027955 0.148983
0.008928 0.107331 0.079582 -0.026067 0.021975 -0.085493 -0.063271 0.255931 -0.055937 0.128075
-0.002574 0.003111 0.011131 -0.052379 0.070824 0.069128 -0.001793 -0.017214 0.028792 0.187850
-0.153528 0.062586 -0.034321 0.004947 0.053317 -0.124163 -0.009343 -0.045678 -0.043338 0.059558
0.096724 -0.070249 -0.083234 0.025787 0.095623 -0.025787 0.036088 -0.088465 -0.149032 0.083784
-0.076627 0.177847 0.020912 0.023814 -0.015130 -0.016025 0.032784 -0.087960 -0.016323 0.007984
0.108378 -0.104341 -0.095255 -0.086262 0.050564 -0.034872 0.053960 0.210333 -0.021921 -0.113150
-0.045150 0.121409 0.063963 -0.028288 0.057722 0.040837 -0.000600 0.130586 -0.050518 0.038015
0.056254 0.054923 0.102230 0.070799 -0.078049 0.039827 0.031270 0.071763 0.030651 0.114710
-0.000475 -0.068918 0.179945 0.117812 0.145940 0.078557 -0.083229 0.007929 -0.115307 0.163858
0.024083 -0.200752 0.042674 0.020711 -0.151142 -0.141509 0.001562 -0.298431 -0.152780 -0.113477
0.140160 -0.039905 -0.117330 -0.021397 0.050044 -0.031572 0.199982 0.086360 0.004603 -0.150275
0.048599 -0.054427 0.011752 -0.095560 -0.001207 0.123206 -0.007375 0.073933 -0.127156 0.045974
0.091706 -0.221559 -0.109720 0.009368 0.036268 0.034414 0.043060 0.044962 0.000878 0.093248
-0.035714 -0.127445 0.127541 -0.111936 0.060495 0.005106 -0.086360 0.045347 0.033234 -0.066372
-0.041639 -0.042987 0.042602 0.023589 0.008007 -0.010626 -0.138628 -0.081993 -0.023606 -0.058822
-0.114164 0.013985 0.096314 0.072148 -0.171743 -0.020672 0.019902 -0.101186 -0.229124 0.024103
-0.299333 -0.056833 -0.095269 0.045198 -0.120131 0.218384 -0.141213 0.029759 -0.047734 -0.198693
0.096363 -0.050046 -0.056187 -0.001448 -0.129578 -0.148374 0.193224 -0.276659 0.107601 -0.030505
-0.269499 0.145688 -0.363376 -0.035602 -0.003996 -0.024526 0.514733 -0.078910 -0.239665 0.017142
0.156826 0.122915 -0.006383 -0.063447 -0.311863 0.031326 0.337321 0.114860 -0.166373 0.072347
-0.089750 0.080502 -0.242052 0.082341 -0.138727 -0.163987 0.045149 -0.246030 -0.077618 0.265919
0.031704 0.044298 -0.029050 -0.067105 -0.040673 0.076294 -0.012932 -0.019183 -0.068570 -0.186270
0.055976 0.054622 -0.102434 0.008965 0.016932 -0.101775 -0.150978 -0.029709 0.048471 0.065604
0.088668 -0.230348 -0.033479 -0.116858 0.093135 -0.006265 -0.052242 -0.069119 0.040710 -0.004919
-0.034138 0.052681 0.016731 0.040124 0.009345 0.032363 -0.014031 0.009084 0.019513 0.026359
-0.024181 0.018561 -0.050961 -0.008480 0.055171 -0.060406 -0.068936 0.065568 0.022588 0.058466
-0.027421 -0.050594 -0.014662 -0.003032 0.100530 -0.022204 -0.032546 -0.106241 -0.056708 -0.034486
-0.003455 -0.028684 0.002860 0.007400 -0.038590 -0.088900 0.129332 0.088146 0.052277 -0.003911
-0.076678 0.017035 0.049514 -0.140381 -0.006571 -0.080864 -0.043822 0.068349 0.114097 0.051398
-0.148585 -0.044324 -0.085886 0.039155 -0.146743 -0.199397 0.096936 -0.079943 -0.132094 -0.049431
-0.046417 0.158965 -0.012138 0.135359 -0.032103 -0.001708 -0.026117 -0.046710 0.049807 0.035033
-0.049347 0.067596 0.075255 -0.071446 -0.062406 0.008575 -0.027541 0.003691 0.007513 -0.173949
-0.063745 0.100870 -0.008120 0.100870 0.047087 -0.071823 -0.092751 -0.030994 -0.003202 0.064582
-0.019672 0.016763 -0.003089 0.054997 0.087561 0.020080 0.036602 0.007100 0.083676 0.067623
0.055769 0.147756 0.043172 0.154317 0.042910 0.029656 -0.057519 0.023336 -0.037136 0.025785
0.004393 -0.075234 -0.042735 0.066442 0.024385 -0.024035 0.044353 -0.082539 -0.042166 0.019246
0.004877 -0.042078 -0.033746 0.036545 -0.009382 -0.010722 0.035561 0.140145 -0.015933 0.017660
-0.003133 0.018459 -0.018579 0.025391 -0.053888 0.037267 -0.001017 0.025698 0.009082 -0.020591
0.024648 0.022362 -0.015659 -0.031996 0.003674 -0.002884 -0.016250 -0.001340 0.059837 -0.043194
-0.036698 0.009497 0.040176 0.002162 -0.030553 -0.036589 0.068979 0.012018 -0.047196 -0.032609
0.006386 -0.022920 0.117133 0.028804 0.212678 -0.208681 0.159029 -0.071999 0.050771 0.009565
-0.034960 0.010374 -0.123529 0.118172 -0.032022 0.076036 -0.134883 0.027524 -0.145277 -0.070440
0.019179 -0.284157 -0.000207 0.038978 -0.052250 -0.090988 -0.102741 0.129446 -0.096265 -0.033421
-0.196527 -0.081353 0.028704 -0.050811 -0.046054 0.038998 -0.038018 -0.063124 0.026825 0.020468
-0.034800 0.008880 -0.048692 0.091628 0.037199 -0.055248 0.024226 0.082673 -0.065602 0.016251
-0.024186 -0.045534 0.121291 -0.025246 -0.011683 -0.005432 -0.026205 0.012203 -0.007056 -0.033041
0.011563 -0.037698 -0.074677 0.097144 0.008795 -0.023626 -0.032472 0.046995 -0.058724 -0.079599
-0.082920 -0.046889 -0.121032 -0.044016 -0.016934 -0.080178 -0.055086 -0.017000 -0.026515 0.088771
0.111333 -0.094780 0.025197 -0.024235 -0.152555 0.008513 0.080706 -0.056141 -0.092672 -0.090194
0.043147 -0.117553 -0.096151 0.050948 -0.020704 -0.094570 -0.088560 -0.009185 -0.009087 0.038587
-0.010161 0.020796 -0.012151 0.027280 0.010925 -0.017897 -0.038745 0.006840 -0.091301 -0.038060
-0.030179 0.024894 -0.048919 -0.042092 0.044280 -0.015010 -0.022535 -0.048392 -0.023906 -0.006517
-0.015195 0.019267 -0.036109 -0.043252 0.060832 -0.033816 -0.047627 -0.027148 -0.066051 -0.024604
0.039657 0.023479 0.077229 -0.009434 0.030847 0.016535 0.064549 -0.031287 0.075747 -0.043060
0.015863 -0.028872 0.018895 0.003729 -0.000460 0.014065 -0.056920 -0.026196 0.232070 -0.014477
0.088042 0.082608 -0.031094 0.072892 0.007472 -0.018703 0.092707 0.132392 0.096714 0.068501
-0.013242 0.032000 0.002312 0.004652 0.089963 0.055547 -0.017029 0.045256 -0.062683 -0.031698
0.034470 0.005564 0.014017 -0.053379 0.034937 0.016672 0.047369 0.023657 0.062354 0.006758
0.015424 0.070752 0.072783 -0.009015 0.057963 0.038614 0.001715 0.045969 0.028185 0.063342
0.080632 0.043444 0.071685 0.069654 -0.106924 -0.079273 0.054878 0.052377 0.037985 -0.113813
-0.132876 -0.042751 -0.037985 0.059927 0.153166 -0.125704 0.129290 0.044733 0.048413 -0.012941
0.025363 -0.095741 0.048248 0.067476 -0.052518 -0.041831 0.039660 0.048036 -0.137029 0.066297
0.040722 -0.052943 -0.108717 0.036852 0.033950 -0.026707 0.003521 -0.139199 -0.184876 -0.148825
-0.058228 -0.005238 0.115040 0.098714 -0.077055 -0.020231 0.134103 0.054925 0.005126 0.099563
0.030152 0.072761 0.072997 -0.041076 0.007721 0.093287 0.223474 0.025952 0.177986 -0.107585
0.249898 0.009832 0.085124 -0.227815 0.027604 0.090409 0.007001 -0.109566 -0.041654 0.070342
0.076135 -0.039802 -0.023979 0.107740 -0.002731 0.074756 -0.043821 -0.169294 0.002608 -0.020886
0.066244 -0.088430 -0.037023 -0.040787 0.025024 0.003527 0.200820 0.014837 0.052609 0.057141
0.199086 -0.042166 -0.143128 -0.005241 0.012019 0.048038 0.054185 -0.065259 0.162359 0.035861
-0.106242 -0.022837 -0.003857 -0.075465 -0.022837 -0.010187 0.029930 -0.099070 0.021891 0.023428
-0.023822 0.120114 -0.122794 -0.127601 0.026915 0.019802 0.018009 0.038994 -0.063249 0.035486
0.013172 0.004965 0.026009 0.056589 0.063012 -0.021516 -0.121454 0.061909 -0.080864 -0.001308
-0.032275 0.048235 -0.052110 0.118708 0.015262 0.148449 0.160565 0.062193 0.075707 0.034591
-0.108032 -0.062150 -0.053211 -0.236908 0.092696 0.153363 -0.308421 -0.149212 -0.030058 -0.172513
-0.215387 0.087273 0.055880 -0.063294 -0.075072 -0.280968 -0.063252 -0.176071 0.224707 -0.123030
-0.034994 -0.079393 -0.124894 0.313675 -0.188273 -0.272156 -0.204710 -0.137010 -0.267750 0.153618
-0.063209 -0.152516 -0.175563 -0.188442 -0.240128 0.137095 0.071386 0.090239 -0.180138 0.013917
0.241145 -0.016194 0.082740 0.055033 -0.175393 -0.273851 -0.044103 -0.070962 0.013748 0.000461
-0.006953 0.146924 -0.048678 0.075368 0.024508 -0.245890 -0.118875 0.159513 -0.103494 -0.124477
0.024069 -0.161127 -0.057824 0.126281 0.056067 -0.017067 -0.254461 0.102544 -0.041113 -0.175180
-0.069407 -0.047213 -0.007709 -0.143942 0.081561 0.075579 0.273641 -0.077240 0.039973 0.018681
-0.092670 -0.044127 0.022396 -0.019334 -0.116312 0.205658 -0.231864 0.033493 -0.024805 -0.029481
0.045599 -0.020378 0.138909 0.070452 -0.135016 -0.020271 0.116407 -0.068220 -0.000695 -0.022004
0.056827 0.062381 -0.184105 0.029790 0.053124 -0.044388 -0.040543 0.034656 -0.049658 -0.079567
-0.100835 0.067461 0.183915 0.056637 0.022087 -0.124002 -0.007358 -0.017067 -0.061764 -0.035843
-0.169618 -0.042445 0.089593 -0.325452 0.071228 0.110025 -0.064336 -0.021162 0.022885 0.000282
0.148132 -0.139213 -0.023817 -0.072161 -0.154780 0.075120 0.055337 -0.068026 -0.093809 -0.127213
0.125024 -0.043134 -0.082052 0.054039 -0.055620 -0.030648 -0.068877 -0.088295 0.203509 0.028155
-0.058134 -0.046823 0.067661 -0.144240 -0.072688 0.136213 -0.015810 0.024810 0.065796 -0.086268
-0.044553 -0.022621 -0.095917 -0.047837 -0.061823 -0.095349 0.069444 0.003124 0.081566 -0.019591
-0.066809 -0.062309 0.023493 0.079701 -0.103457 0.028682 -0.003271 0.108079 0.093484 0.019723
-0.028439 -0.006111 -0.005156 -0.107430 -0.041599 0.113152 -0.077828 -0.073364 0.410944 -0.090056
-0.209354 0.027059 -0.055606 -0.010513 -0.081128 -0.050430 -0.059940 -0.146470 0.028838 -0.001511
-0.268873 -0.090832 -0.006005 0.076470 -0.252441 -0.021317 0.046775 -0.116257 0.018907 -0.026994
-0.025474 -0.075887 -0.206895 0.154751 -0.205731 0.051659 0.060264 -0.020347 0.064889 0.046419
-0.143494 -0.135860 -0.029663 -0.096590 -0.067542 -0.202237 -0.303550 -0.013303 0.155268 0.027787
-0.241701 0.200426 -0.032558 -0.000535 -0.057999 -0.003906 0.021738 -0.075823 0.080610 -0.091479
0.084168 -0.070777 0.009842 -0.023306 -0.091738 -0.057320 0.166396 -0.112052 -0.015205 -0.098752
0.124204 -0.092637 -0.057805 0.055491 -0.051359 0.091893 -0.012075 -0.044459 -0.108668 0.009379
-0.001249 0.010562 0.187091 -0.025370 -0.060615 0.139905 -0.071233 0.008713 -0.000660 -0.108833
0.025597 -0.122964 0.021734 -0.040389 0.036980 -0.075572 0.056028 -0.031877 -0.027684 0.027456
0.078753 0.023262 0.017808 0.076770 -0.110651 0.007226 0.009937 -0.056772 -0.094868 0.081976
-0.077473 -0.103875 0.094868 -0.004563 -0.001118 0.287909 0.023035 0.059540 -0.016641 -0.220477
-0.010237 -0.162878 0.050367 -0.005413 -0.031175 -0.061978 0.030720 -0.028283 0.039996 0.024461
-0.114122 0.014606 0.008798 -0.063663 0.080210 0.152855 -0.047748 -0.047931 -0.048719 0.052265
-0.407404 -0.067551 -0.080420 -0.178804 -0.094445 -0.009350 -0.386813 -0.206223 -0.065134 0.034800
-0.430306 0.044307 -0.071543 -0.020289 -0.246039 0.061510 0.001783 -0.101116 0.136782 0.033907
-0.093972 -0.176493 0.130899 -0.065449 -0.070492 0.138358 -0.079579 -0.477791 0.392276 -0.131319
-0.116821 -0.101904 0.216414 -0.025134 -0.071227 -0.021326 0.017570 -0.064399 0.111674 -0.035955
-0.341009 0.001250 0.029757 0.163886 -0.270832 0.076428 -0.157898 0.024215 -0.244358 0.237845
-0.209585 0.179750 0.069809 -0.275035 -0.149283 0.000989 0.051054 -0.102487 -0.073745 0.183947
-0.030652 -0.115875 0.093486 0.053853 -0.006973 -0.051773 -0.194083 0.154676 0.027267 0.094016
0.008689 -0.133952 -0.069396 0.136448 0.188788 0.124649 0.063194 0.026170 0.035265 -0.123211
-0.000234 0.059866 0.038102 0.056538 -0.121396 -0.218135 0.085166 -0.052113 0.035228 -0.128430
-0.049050 0.107328 0.006599 0.034358 -0.009190 -0.052492 -0.028609 -0.037402 -0.033980 -0.087662
-0.103849 -0.080023 0.059526 0.031332 0.023504 -0.084108 -0.082746 -0.095226 0.041449 0.064442
-0.125556 0.039898 0.063875 0.061152 0.087587 -0.015071 -0.033734 -0.024733 0.032561 -0.077527
-0.261892 0.071041 -0.098532 -0.207380 0.063832 -0.239383 0.027124 0.090560 -0.044958 0.111837
0.209021 0.211952 -0.058058 -0.216289 -0.015079 0.059670 -0.075320 0.061780 -0.058849 -0.116468
-0.131884 -0.047390 -0.224847 -0.085754 0.006492 -0.120864 0.012185 0.045368 0.004242 0.150406
0.032824 0.106503 -0.028604 -0.058175 -0.122271 -0.134111 -0.117347 0.133173 -0.130125 -0.048973
-0.093667 0.001288 -0.069810 0.079775 -0.037836 0.071803 0.029439 0.085343 -0.031330 -0.100232
0.016529 0.005502 -0.088215 0.145482 -0.022171 0.120747 -0.024311 -0.045515 -0.095191 0.005019
0.210076 0.043404 0.161543 0.251106 -0.014020 0.071357 -0.012078 -0.014963 0.130083 -0.133192
0.086105 -0.140070 -0.029330 0.096885 0.046359 -0.032703 -0.045202 -0.011342 0.066761 0.024155
0.133853 -0.024403 0.137292 0.073011 -0.092520 -0.013714 0.014318 0.074862 -0.000695 -0.034224
-0.084187 0.009606 0.008200 -0.071622 0.084849 0.044937 0.003751 -0.017327 0.010143 0.019294
0.011176 0.040606 -0.009804 0.035811 -0.063256 0.058495 0.014574 0.049600 -0.056081 -0.032091
-0.000128 -0.049368 0.002790 -0.002974 0.069175 -0.028553 -0.008114 -0.082071 0.029098 0.008663
0.053998 -0.057800 0.034356 -0.056808 -0.046359 0.092057 0.084319 -0.062000 -0.008287 0.125152
-0.193017 -0.027544 0.270203 -0.042520 0.002867 -0.116774 -0.175737 0.051815 0.008162 -0.027020
-0.050663 -0.140966 0.235642 -0.096718 -0.091953 0.000606 0.232500 -0.081480 -0.115936 -0.072106
-0.023721 0.063466 -0.060063 -0.108395 -0.114155 0.041656 -0.131855 0.122324 -0.103683 -0.063519
-0.092110 0.076715 -0.269156 -0.016338 -0.062943 -0.076243 0.075248 0.099755 -0.170081 -0.085931
-0.088706 0.150183 -0.075981 0.004045 0.060743 0.041630 -0.049406 -0.081742 0.071426 0.016704
0.051946 0.038959 -0.081951 0.050113 -0.089387 -0.099598 0.182544 0.076976 -0.092738 -0.079071
0.023747 0.059015 -0.052984 0.017966 -0.015262 0.013213 0.054013 0.060151 -0.008892 0.004342
0.033061 -0.028201 -0.120434 -0.003896 0.097674 0.036628 0.030872 -0.048439 0.198666 0.144123
-0.103912 -0.103845 -0.123885 -0.106765 0.091636 -0.112936 0.080953 -0.081882 -0.033974 0.204240
0.090973 -0.074185 -0.092565 0.081218 0.048937 -0.066620 -0.011554 -0.051359 0.018480 -0.008369
-0.078962 0.120899 -0.003650 0.047477 0.063667 0.028665 0.072791 -0.027770 -0.005254 -0.047311
0.022594 0.101656 0.013304 0.039747 0.078896 0.047046 0.001379 -0.027438 0.000286 0.017003
-0.000107 0.123155 0.049667 0.010774 -0.121828 0.029744 
