-0.055569 -0.264898 -0.038145 0.150220 -0.099406 -0.071570 0.079344 0.008595 -0.278781 0.096074
0.140987 0.145499 0.063725 -0.039152 -0.030388 -0.128076 0.092187 -0.123494 -0.084412 -0.062268
0.141612 -0.097046 0.059595 0.122244 0.048696 0.083093 0.175488 -0.126548 -0.099337 0.093644
0.051855 0.053452 -0.043872 0.028270 0.081149 0.000913 0.103224 0.065634 -0.001629 0.034171
0.000315 -0.053695 -0.011011 -0.081635 -0.004310 0.007649 0.092395 0.026570 -0.019420 -0.092950
0.023012 0.056784 0.044115 0.050779 0.025476 0.010170 -0.043629 -0.082538 -0.011610 0.010994
-0.022422 -0.043490 0.039464 -0.037971 -0.013884 -0.061330 -0.055083 0.057825 0.074485 -0.066294
-0.042032 -0.012287 -0.012027 0.039950 -0.045364 -0.007562 -0.063448 0.018639 -0.015471 -0.031707
0.025927 -0.022457 -0.084065 0.134809 0.060012 -0.098990 0.033789 0.007862 0.003282 0.026136
-0.016426 0.052098 0.051924 -0.069904 -0.047447 0.132865 -0.143582 -0.260950 0.084057 0.080149
0.005577 -0.006670 0.096443 0.043171 -0.180981 0.041608 -0.374950 0.084839 -0.089048 0.058203
-0.011552 -0.127589 -0.032288 -0.083937 0.059946 0.018429 -0.004667 0.079006 0.079788 -0.148994
-0.117908 0.047710 -0.062051 -0.143943 0.263355 0.050356 0.166791 0.077623 0.173766 -0.103598
0.138893 -0.150196 -0.066560 -0.225114 0.025103 0.130715 -0.038601 0.110092 0.126987 0.205633
0.176893 -0.096984 -0.012206 0.137930 0.082193 -0.047620 -0.209120 -0.059135 -0.029026 -0.178576
-0.028214 -0.084358 0.199861 0.179538 -0.206956 -0.209722 0.032258 0.088687 -0.116946 -0.052972
-0.117006 -0.086462 -0.071370 -0.067582 0.045396 -0.048402 -0.167032 0.020834 -0.115082 0.064816
0.099329 -0.063193 -0.238101 -0.152361 0.051829 0.195291 0.168595 -0.198298 0.006351 0.096744
-0.136006 -0.270570 -0.169677 -0.712380 -0.772988 0.289570 -0.027673 -0.075218 0.012288 -0.140937
-0.477646 -0.142981 0.027107 -0.120672 -0.120165 0.018082 -0.021111 -0.050709 0.068527 0.151157
-0.034327 0.150988 -0.124641 -0.139081 0.013195 -0.045009 -0.232731 0.040386 0.131397 0.122699
0.120250 -0.094072 0.153859 -0.076296 -0.021913 -0.010735 -0.197939 -0.006861 -0.067809 -0.075283
-0.068949 -0.072538 0.139588 0.104036 0.109187 0.008545 0.091370 -0.088836 -0.028141 -0.033377
0.124641 0.099139 0.014567 0.028078 -0.147103 0.007537 -0.027086 -0.013564 0.033694 0.081532
0.000252 0.064347 0.099561 0.240331 -0.033018 0.083347 0.014820 -0.089090 0.023159 -0.260091
-0.204357 -0.035150 0.019929 0.080856 -0.110201 -0.187299 0.009437 -0.469515 -0.112988 -0.026136
0.023117 -0.162895 -0.099899 -0.106823 -0.200473 -0.009822 -0.586049 0.000963 -0.095001 -0.116872
0.106739 -0.490119 -0.132748 -0.032131 0.056452 0.013522 -0.051216 -0.130552 -0.058478 -0.026305
0.169566 -0.161628 -0.071441 -0.060336 0.032385 -0.053834 0.122699 0.091623 -0.065463 -0.085701
0.027890 -0.019504 -0.071522 0.005087 -0.060122 0.212753 0.083452 0.069085 -0.189392 0.028203
-0.041757 0.184519 0.016022 0.101317 0.065962 0.060871 -0.061402 0.029264 -0.053063 0.010838
0.128676 0.118307 -0.014000 0.018927 -0.013851 0.031529 0.096632 0.110874 0.162157 -0.040008
0.044818 -0.015210 0.096820 -0.104440 -0.141169 0.033012 -0.002563 0.028671 -0.027391 0.181896
0.113747 -0.067774 0.086013 0.027547 0.040820 0.011439 -0.123117 0.044412 -0.040945 0.019661
-0.122992 0.007179 -0.049066 -0.045193 -0.002192 -0.062995 -0.080142 -0.015351 0.065213 0.018458
0.010713 -0.068024 0.174525 -0.081703 -0.287585 0.080079 -0.607652 0.067024 -0.160658 -0.151663
0.239863 -0.754068 0.025329 -0.105252 -0.379783 -0.056187 0.114559 -0.090136 -0.201510 0.146791
-0.028780 -0.310822 0.107751 -0.108563 -0.060903 -0.099318 -0.015155 -0.036510 -0.338556 0.031950
-0.576170 0.101442 -0.212253 -0.110562 0.116219 -0.009704 -0.307403 0.028727 -0.111380 -0.073652
0.142301 -0.035411 0.130327 -0.013389 0.119090 0.055690 -0.013584 -0.060693 -0.009432 -0.087103
-0.049908 -0.170597 0.098668 0.315769 0.020330 0.135330 0.049990 0.101948 -0.070084 0.093747
-0.030634 -0.061267 -0.045069 0.041809 0.215379 0.000089 -0.138200 0.038159 -0.024790 0.088497
-0.044823 -0.026635 -0.040947 -0.030326 0.096453 0.095961 -0.045602 0.129424 0.000702 -0.037851
0.041050 -0.115973 0.028624 -0.048022 -0.027271 0.002817 0.118926 0.073406 0.063523 -0.000185
-0.003575 -0.008166 0.092844 0.098668 -0.038364 0.028850 0.075662 -0.094649 -0.005680 -0.057043
-0.139348 -0.033279 0.018146 -0.226205 -0.041337 0.071315 -0.075333 0.103507 -0.015829 -0.040988
-0.105311 -0.064261 -0.049457 -0.027414 0.028993 -0.132049 -0.043757 0.119582 -0.022801 0.032028
-0.045725 0.032643 0.024093 -0.284274 0.009586 -0.017747 0.045643 -0.020812 0.007751 0.150503
-0.087844 -0.076198 0.110221 -0.016856 0.252054 -0.011365 -0.018467 0.052532 -0.046127 -0.180680
-0.090340 -0.127358 -0.124363 -0.006338 -0.074576 0.062473 0.009837 0.005755 -0.052990 0.011542
-0.051201 -0.118291 -0.309618 0.185006 -0.084351 -0.044837 0.071831 -0.020131 0.026682 0.068337
0.065259 0.321764 0.025351 -0.070542 0.114880 -0.072580 -0.056858 -0.140917 0.076198 0.005771
-0.042841 0.109390 -0.005698 0.020495 0.039264 0.062140 0.042716 0.163211 -0.039409 -0.128855
0.001261 -0.049662 -0.143912 0.007232 0.025164 -0.008293 -0.079942 0.034002 -0.073828 0.043465
0.063221 -0.034834 -0.106977 -0.046584 -0.008495 0.144910 0.102652 -0.000269 -0.320765 -0.201310
0.071041 -0.113882 -0.001746 -0.241905 0.077654 -0.077987 -0.381325 -0.036207 0.082479 -0.038307
0.012873 -0.018166 -0.110138 0.104981 0.405948 -0.019008 -0.097660 -0.010929 -0.048705 -0.113383
-0.065343 -0.283498 -0.569325 -0.031631 0.092669 0.211792 -0.000966 -0.072864 0.111914 0.063646
-0.172039 -0.094821 0.036895 0.098202 0.050491 0.024944 -0.015888 -0.043728 -0.102464 -0.198072
-0.132666 0.046669 0.057207 0.041435 0.110524 0.155641 0.091717 -0.020509 -0.192143 0.064573
0.096257 -0.021227 -0.104687 0.082777 0.075829 0.144061 0.098480 0.103298 0.004383 0.014892
0.094450 0.110339 -0.113674 -0.109875 -0.009988 0.049240 -0.014174 0.234944 -0.013121 0.143135
0.037683 -0.016884 -0.019420 -0.055586 0.003743 -0.029739 -0.010353 0.081388 -0.027955 -0.007116
-0.012947 -0.133778 -0.032889 -0.166944 -0.186677 0.061330 0.096072 -0.069020 -0.035135 0.040972
-0.034811 0.024111 0.018517 0.075458 -0.309245 -0.076107 -0.061793 0.091393 0.035691 -0.090374
-0.019675 -0.009618 -0.777466 -0.186399 0.057393 -0.212525 -0.052436 -0.207522 -0.118028 -0.006074
-0.095516 -0.013920 -0.049657 0.017209 -0.127756 -0.423567 -0.333888 0.030156 -0.223827 -0.055818
0.064063 0.058458 -0.010522 -0.055704 0.028097 0.055615 -0.065715 -0.075859 0.091832 0.013759
0.008209 -0.505076 0.077995 -0.254140 -0.094768 0.172452 0.124133 -0.173698 -0.143265 0.033725
0.025183 0.044581 -0.013570 -0.126002 -0.070520 -0.067584 0.073234 0.087828 -0.112387 0.089963
0.179660 0.114968 0.037996 0.049164 -0.038864 -0.083601 0.070298 0.082400 -0.095925 -0.032346
-0.017752 0.037974 0.028898 0.030944 -0.032502 0.121108 0.031990 -0.042557 0.020066 -0.077150
-0.042156 -0.070965 0.060065 -0.015806 -0.127693 0.055393 0.033547 -0.070431 0.015939 -0.042624
0.044470 0.134011 -0.062245 -0.007658 -0.017107 -0.109006 -0.101175 0.147091 -0.086760 0.055838
0.013136 -0.107226 -0.084980 0.122977 0.008893 0.118349 0.022235 -0.026473 -0.010645 -0.040532
0.052857 0.101620 0.042535 -0.089429 -0.032346 0.124222 -0.067984 -0.064603 -0.128405 -0.003865
0.040866 -0.173431 -0.032791 -0.073368 0.081732 0.000337 0.071588 0.101887 -0.003157 -0.002933
0.009421 -0.002803 -0.000048 -0.015004 0.019548 0.019407 -0.006662 -0.015364 -0.040277 0.017931
-0.014363 0.021332 0.002240 -0.016404 0.018894 -0.014735 0.004524 0.020780 0.018996 0.031934
0.008959 0.018778 0.004232 0.000684 -0.025324 0.006379 -0.018046 -0.005625 0.002604 -0.044616
0.034578 -0.002405 0.025735 0.015852 -0.009646 -0.038249 0.011263 -0.008510 0.012977 0.043358
0.003488 -0.005824 -0.027596 0.034168 -0.002764 -0.000389 0.009126 0.009351 0.018470 0.004540
0.007400 0.001559 0.004502 -0.013785 0.005599 0.007451 -0.044513 -0.000458 -0.009479 0.017251
0.016198 -0.012514 0.026518 -0.015351 -0.007932 -0.085072 0.005038 0.012758 -0.015839 0.186882
0.011199 0.006427 0.019112 0.012790 -0.001376 -0.028700 0.010852 0.002068 0.020177 0.007810
-0.013939 -0.019689 -0.015877 -0.005773 0.011475 0.012161 0.042049 0.005898 0.025324 -0.029316
0.045540 -0.003433 -0.027288 -0.045129 -0.020880 0.011393 0.064530 -0.002959 0.025663 -0.090730
0.032404 -0.059713 0.174807 -0.002478 -0.079294 -0.140358 0.059540 0.124971 -0.052331 -0.051638
-0.041345 0.051049 0.071323 0.101751 -0.044949 -0.091631 0.085671 -0.061827 0.047306 -0.019061
-0.073194 -0.028245 -0.038122 0.112079 0.142507 -0.067268 0.027153 -0.045400 -0.105702 -0.050321
0.045954 -0.054237 -0.084908 0.023636 -0.033495 -0.013282 0.057044 0.195323 0.014980 -0.093364
-0.051915 0.024727 0.054064 -0.134605 -0.049940 0.023636 -0.006957 0.006754 0.007837 -0.015214
0.067649 -0.046994 -0.133219 0.070110 -0.018333 -0.052747 -0.016878 -0.028245 -0.014937 0.064114
-0.064080 0.320780 0.016522 0.018264 -0.028973 -0.376784 0.051950 -0.025802 0.060787 0.025299
-0.007018 -0.127743 -0.040548 -0.003678 -0.014088 -0.194076 0.029319 0.008105 -0.068654 -0.194353
-0.072709 -0.026893 0.021348 -0.180906 0.032802 -0.017831 0.077076 -0.007577 -0.034552 0.123377
-0.006984 0.012745 0.028230 -0.007257 -0.013290 -0.000678 -0.104459 0.005484 0.028922 -0.068380
0.029906 -0.175712 -0.031130 0.034137 -0.105098 0.018505 -0.013343 0.044806 0.043263 -0.008840
-0.018479 -0.104619 -0.026115 -0.010530 -0.025130 -0.036638 0.011661 0.032327 -0.046296 -0.032035
0.101000 0.263728 0.100734 -0.002290 -0.017068 -0.107439 0.063165 -0.039192 0.032993 0.005198
0.001098 -0.042225 0.032860 -0.041800 0.056566 0.131013 0.008381 0.077107 -0.020221 -0.100468
0.013689 0.005069 -0.081737 -0.005172 -0.029880 -0.084184 0.004849 -0.031449 0.012638 -0.011042
0.030518 0.001537 -0.000609 -0.073542 0.014421 0.091368 0.085142 -0.024811 -0.136121 0.023148
0.006791 -0.071413 -0.020474 0.208279 0.016523 0.226266 -0.279480 -0.070296 0.019503 0.028869
-0.058110 0.109195 -0.003545 0.023148 -0.032966 -0.137292 0.023135 0.098765 0.060079 -0.098446
-0.152405 -0.031928 -0.169752 0.070189 0.021192 0.120157 0.021754 -0.049802 0.002846 0.024136
0.072812 -0.150705 -0.077720 -0.101163 0.021465 0.058810 0.076911 0.082801 -0.070675 0.076103
0.023631 0.263300 -0.003652 0.008308 -0.038282 0.001907 0.039986 -0.151744 0.000248 -0.130495
0.051678 -0.026200 0.056586 -0.044230 -0.061725 0.019026 0.021119 -0.051274 0.040967 0.002106
-0.022866 0.014926 -0.093079 0.044316 -0.088055 0.041660 -0.002833 -0.108034 -0.028394 -0.043508
-0.011512 -0.027052 0.047608 0.071311 0.012378 0.041227 -0.006131 -0.022216 -0.003898 -0.028495
0.012768 -0.019733 0.001191 0.012537 0.043970 0.049831 0.044172 0.019892 -0.028235 -0.113288
-0.097525 -0.020426 -0.015200 -0.016947 -0.055345 -0.045327 0.028813 0.054999 0.066807 -0.027398
-0.016918 0.037272 -0.033865 0.025348 -0.075064 -0.042815 -0.061321 0.007030 0.023602 0.043768
-0.065479 -0.065074 -0.029737 -0.045414 0.020354 -0.057164 0.007326 -0.012068 -0.056269 0.003419
0.048329 -0.005680 0.024784 0.015431 -0.100581 0.097328 -0.023519 -0.009122 0.086257 0.102750
0.013860 0.070262 0.104105 0.135463 0.100762 -0.034882 -0.006185 0.148477 0.097870 -0.044936
-0.063078 0.047173 -0.063439 0.047625 0.025936 0.111516 -0.075052 0.048257 -0.165647 0.063665
0.158598 -0.008483 0.088065 -0.093984 -0.023925 -0.113775 0.012290 0.035922 -0.046540 -0.018684
0.039966 0.119920 -0.034227 0.190679 -0.091815 0.060502 -0.034566 0.002890 0.043603 0.060367
-0.104376 -0.063710 0.039220 -0.096243 -0.011759 0.060954 0.099496 -0.042745 0.107991 -0.061135
0.148928 -0.084902 0.006591 0.044642 -0.032307 -0.049116 0.156158 0.020503 -0.075458 -0.120552
0.050516 0.028037 0.069720 0.099045 0.010664 0.006546 -0.040915 -0.025168 0.159050 0.075729
0.165827 -0.083094 -0.119920 0.002977 0.227730 -0.042202 -0.122360 -0.073289 0.212006 -0.034905
0.232429 0.020220 0.110341 -0.072883 0.033843 0.127149 -0.045117 -0.140343 -0.027803 -0.068006
0.025349 0.055903 -0.013352 0.023339 0.017012 -0.013976 -0.055310 -0.017488 -0.071730 -0.018387
0.093863 0.021773 -0.040837 0.053491 0.096148 0.043207 -0.026703 0.039758 0.037198 0.098856
0.035040 -0.051036 -0.126448 0.036775 -0.007623 -0.027359 0.028311 -0.037262 0.039293 -0.014748
-0.039906 0.010225 0.023889 0.036711 -0.027549 0.027571 -0.003010 0.034299 0.012696 0.024714
-0.019731 -0.013648 -0.035717 -0.014505 -0.003044 0.013246 -0.021942 -0.017171 0.019858 -0.027676
0.001853 -0.008062 -0.016906 -0.016631 -0.035505 0.014568 0.039208 0.020630 0.017848 0.003801
-0.008871 -0.039906 0.043504 0.020969 -0.034130 -0.011066 -0.032628 -0.069149 0.009173 -0.027994
0.009723 -0.003068 -0.001668 0.033643 0.007612 -0.007205 0.028205 0.000589 -0.028353 -0.027401
-0.020017 0.015192 -0.033897 -0.029433 -0.009802 -0.008866 -0.030004 -0.070460 0.000745 0.077316
0.008638 0.009368 0.003163 0.055353 0.038055 0.029958 0.019949 0.011234 -0.008001 -0.049108
0.038096 -0.043521 0.020181 0.098539 -0.042468 -0.001513 -0.031396 0.053237 0.014392 -0.089471
0.069188 -0.010607 -0.004054 0.047812 -0.054087 -0.079916 -0.130927 0.001808 -0.026234 0.007722
-0.060160 0.014099 0.058743 0.004808 0.049796 -0.061455 -0.014736 -0.036092 0.025343 -0.007813
-0.013350 0.000169 -0.007869 0.001320 0.019564 -0.048743 -0.015627 0.009023 0.021720 -0.016376
0.033946 -0.026841 -0.017499 -0.040950 0.000643 0.033784 -0.018633 -0.016872 -0.012186 0.044330
-0.019534 -0.007019 -0.008107 0.015253 -0.025748 0.021194 0.052792 -0.003249 -0.008557 0.030748
-0.037144 0.025829 -0.003899 -0.046679 0.000913 0.022145 -0.024898 0.035181 0.025890 -0.054209
0.015495 -0.001538 0.001604 -0.006599 0.001354 -0.089956 -0.028946 0.062791 -0.016406 -0.020688
-0.034068 0.022530 -0.002834 -0.116676 -0.009620 0.005093 -0.003770 -0.016062 0.019979 0.032286
-0.103702 0.013528 0.006486 -0.128165 0.026241 -0.000355 0.085953 0.078641 -0.008339 -0.111147
0.122781 0.026208 0.037924 -0.104500 0.080436 0.000565 -0.028036 0.104899 -0.055740 -0.032490
-0.036528 0.019893 -0.041082 0.090208 -0.097719 -0.015796 0.039719 -0.047331 0.047464 -0.109220
-0.089011 -0.004973 -0.026391 0.033304 0.002669 0.115069 0.017982 0.080701 0.000404 -0.003259
-0.004836 -0.060293 -0.031061 -0.075516 -0.022818 0.029881 0.003660 -0.013927 0.009381 -0.039354
-0.117994 -0.045802 0.011010 -0.040284 -0.032207 0.044805 -0.030579 0.009830 0.151698 -0.007034
-0.031626 -0.022685 -0.011974 -0.111280 -0.057435 -0.027454 0.029798 -0.019926 -0.045104 -0.027322
0.078774 -0.050522 -0.059097 0.032789 0.011758 -0.025360 -0.102904 -0.037559 -0.041248 0.021156
-0.019012 -0.008625 -0.005950 -0.013262 -0.019162 0.019228 0.011450 0.048860 0.040450 -0.012265
-0.041148 0.045636 0.048261 -0.011932 -0.009049 0.046699 0.027293 -0.182498 -0.094582 0.057145
0.112745 -0.308382 0.090911 -0.087578 -0.041180 0.071685 -0.009202 -0.020808 -0.157669 -0.634155
0.002711 0.157766 -0.130811 0.005842 0.017173 0.001063 -0.162113 0.056566 0.022245 -0.220660
0.050044 0.038234 -0.133130 -0.060575 0.102118 0.166364 0.189744 0.005419 -0.047339 -0.034345
0.122599 0.047194 0.118832 0.010054 -0.006588 -0.016738 -0.144627 -0.044055 -0.014818 0.037195
-0.033041 0.022764 0.095838 -0.044828 0.100862 0.103470 0.133806 -0.131198 0.051977 -0.020832
-0.039441 0.040335 -0.026085 -0.150713 0.065261 0.057435 -0.119701 0.032655 -0.067241 -0.304904
-0.248677 -0.066855 -0.034997 0.041905 0.057000 -0.135932 -0.000447 0.087964 -0.044683 0.100475
0.039297 -0.033645 -0.063184 -0.060285 -0.137284 0.010144 0.085935 -0.115064 0.006521 0.097577
-0.034828 -0.122213 0.019371 -0.026182 -0.087674 -0.204815 0.077724 -0.003822 -0.020421 0.021315
0.016653 0.171195 -0.113145 0.098675 0.010206 0.077102 -0.038943 0.018218 0.101862 -0.037219
-0.026053 0.027529 -0.069684 0.107817 -0.185023 0.100556 -0.035599 -0.061692 -0.051035 -0.042495
0.019471 -0.052759 0.024904 0.022841 0.034189 -0.087706 0.032335 0.108548 -0.025452 0.043775
0.009370 -0.051009 0.092616 0.113250 0.042051 0.008573 0.048502 0.004727 -0.019915 -0.037375
-0.037428 0.025243 0.010238 0.027163 -0.031473 -0.003647 -0.012831 0.005233 -0.002961 -0.033379
0.000270 -0.029644 0.023050 0.017839 0.008247 -0.022632 -0.019171 0.007000 0.012067 0.005553
-0.035808 -0.000633 -0.011029 0.031551 0.022553 0.005426 -0.046256 0.038969 -0.034973 0.021626
0.010558 -0.001616 -0.029018 0.027555 0.005811 0.052028 -0.007104 0.035390 -0.001427 0.017447
0.032909 0.002174 0.022997 -0.000004 -0.010669 0.038342 -0.008639 -0.026471 -0.021522 0.051871
0.032178 -0.053020 0.009703 -0.045890 0.043095 0.018414 0.002290 0.031159 -0.001452 0.027950
0.042860 0.042715 0.043078 0.023991 0.002193 0.014465 0.156476 -0.004681 -0.015246 0.055864
-0.041444 -0.062983 0.085212 0.050016 0.051360 -0.005262 0.043369 0.116522 0.005249 -0.053503
0.042570 0.012014 0.031310 0.041081 0.068540 -0.147251 -0.035269 -0.050561 -0.027750 0.026279
0.016245 0.027333 -0.015709 -0.019850 0.019941 -0.001468 0.011696 -0.000619 0.017280 -0.030057
-0.020086 0.028804 -0.033762 -0.001796 0.021757 0.000723 0.008749 -0.016590 0.000253 -0.006770
-0.012613 0.002338 -0.022084 0.008431 -0.029112 0.016173 0.015328 0.019578 0.019396 0.009571
0.005239 0.019251 0.006842 0.032654 -0.007696 0.025771 -0.019432 0.002874 0.009285 -0.001555
0.027060 0.001948 0.009167 0.003253 -0.006111 0.001648 0.013621 -0.001208 0.008150 -0.045766
-0.018306 0.082742 -0.016617 0.013993 -0.024990 0.003650 -0.008454 -0.022247 -0.014765 -0.007301
-0.022647 -0.033689 -0.001294 0.025843 0.160926 -0.009867 0.075446 -0.080273 -0.068333 0.229132
-0.033024 -0.095070 0.015067 -0.024688 -0.121615 0.195347 0.023355 -0.108215 0.046042 -0.061220
-0.086306 0.167785 0.088084 0.024545 -0.111391 -0.139842 0.068714 -0.054139 0.013702 -0.128347
-0.148733 0.006720 0.110375 -0.009351 -0.020116 0.120028 0.066047 0.061792 0.055029 -0.020608
0.140731 -0.062459 -0.028388 0.070556 -0.083130 -0.081352 0.063411 0.047376 -0.013265 0.031531
0.045947 -0.068270 -0.014083 -0.017798 -0.015138 -0.126124 -0.100404 -0.055378 -0.049504 0.066365
-0.013487 0.123584 0.016401 -0.097038 -0.044836 0.085099 -0.025149 -0.102500 0.115900 -0.008756
-0.060300 -0.007645 0.017798 -0.017131 -0.082813 0.029959 -0.139207 0.049662 -0.011503 0.052266
0.098054 -0.094180 0.126061 0.105358 0.133618 -0.010598 -0.101166 0.111899 -0.097229 -0.000465
0.099261 -0.196236 -0.218971 -0.121044 0.041470 -0.040549 0.058204 0.108152 0.309405 0.245009
-0.020912 0.072057 0.114452 -0.027793 0.029452 -0.001034 -0.034580 0.007392 0.072667 -0.133896
0.136641 0.025639 -0.027069 -0.078233 0.022189 -0.033912 -0.116816 0.039078 -0.003793 0.063021
-0.036619 0.038373 -0.047924 -0.007601 0.006662 -0.034122 0.041671 -0.044378 0.000990 0.048152
-0.026840 0.017509 -0.176749 0.028994 0.028537 0.002812 0.095695 0.015460 0.037153 -0.012019
-0.055167 -0.048991 -0.016489 0.048305 -0.095008 0.048953 0.024362 -0.102100 -0.081893 -0.251475
0.140454 -0.181477 -0.014192 0.090357 0.034160 -0.078996 -0.122154 0.024877 0.003615 0.088679
-0.115748 -0.107590 0.075793 -0.068969 -0.025277 0.296005 -0.028842 -0.077738 0.013525 -0.165464
-0.041328 0.038945 -0.036047 -0.057950 0.472754 -0.021083 0.042891 -0.112393 0.105378 0.300885
0.002628 0.054900 0.094246 0.119485 -0.033607 -0.189254 -0.256812 -0.016299 0.001714 -0.067253
0.064089 -0.007697 -0.067901 0.028556 0.079682 0.191084 0.256180 0.016286 -0.014169 -0.022380
0.086073 0.247557 -0.085210 -0.086308 0.026339 0.034727 -0.035726 -0.056755 -0.206794 -0.177476
-0.057264 0.209302 -0.037941 0.097753 0.070042 -0.157173 -0.013454 -0.074549 -0.218552 0.056127
-0.001093 0.012944 0.086386 -0.023850 0.120094 0.264332 0.038882 -0.034002 0.025516 -0.013111
0.059969 -0.027711 0.008089 -0.090541 0.032806 0.032395 0.013542 0.029730 0.094774 0.062124
0.098458 0.017716 0.049347 -0.062124 -0.067651 -0.062124 -0.021479 -0.068435 -0.246616 -0.052247
-0.035354 -0.006198 -0.029553 0.029024 -0.032552 0.078900 0.041939 0.009593 0.019696 -0.030788
-0.000935 0.056480 0.024242 0.018696 0.003523 -0.145884 0.002859 0.004627 -0.042213 0.070708
-0.035256 0.053972 -0.081761 -0.051816 0.121662 0.129893 -0.094931 -0.178887 0.017216 0.119545
-0.013816 -0.057421 -0.013101 -0.022772 -0.039626 -0.182336 -0.008118 -0.061497 0.004765 -0.019304
0.010240 0.204128 -0.144331 -0.023711 0.124840 -0.051961 0.014310 -0.013192 0.151843 -0.017079
0.111243 0.025790 -0.073307 -0.125410 -0.122178 -0.051296 -0.104208 -0.125981 -0.019824 0.125886
0.061659 -0.061707 -0.070739 -0.160305 0.318898 0.093749 0.018957 -0.103257 -0.034847 -0.103827
0.057000 0.081008 0.109247 -0.225149 -0.145662 -0.035584 0.044236 -0.136915 -0.039482 0.141954
0.007517 0.044997 0.056382 0.030426 -0.047445 0.086618 -0.099454 -0.117329 -0.109532 -0.061659
0.085572 -0.116758 0.053625 -0.022070 -0.057618 -0.067982 -0.041906 -0.041788 -0.086000 -0.055812
0.172285 0.086998 0.051296 -0.045377 0.043475 -0.047920 -0.238651 -0.014595 -0.373284 -0.001480
0.181983 -0.154980 -0.117043 0.121607 -0.229143 0.009383 -0.115617 -0.130925 -0.279155 0.092370
-0.176278 -0.021013 0.078726 -0.445734 -0.124555 0.168767 -0.013941 -0.002925 -0.085144 -0.059568
-0.131400 -0.162111 0.064654 0.262801 0.107916 -0.193488 0.041027 0.246447 -0.299242 0.033943
0.036581 0.268149 0.333915 0.081736 0.028596 0.192868 -0.181090 -0.182033 -0.127385 0.058934
-0.241956 -0.041928 -0.170349 -0.180525 -0.058134 -0.137844 0.177133 -0.132096 -0.067084 0.122486
-0.184200 0.272672 -0.050926 -0.094738 -0.028172 -0.109107 0.114100 0.071843 -0.073350 -0.114289
0.260235 -0.010635 0.140670 0.537807 -0.085693 0.185236 -0.184765 0.135959 -0.138315 0.080652
0.145946 -0.129835 0.266077 0.205964 -0.014486 -0.121261 -0.083950 -0.149621 -0.236492 -0.105809
-0.048617 0.030504 -0.123616 0.045343 -0.221228 -0.231969 0.027324 -0.036063 0.154238 0.023590
0.030362 -0.227070 -2.368308 -0.076883 -0.306214 -0.798230 0.049748 -0.303765 0.259481 -0.090357
0.071324 -0.854008 0.135017 -0.075187 -0.034838 0.183446 -0.410798 0.122297 -0.096293 0.225185
-0.219909 -0.006124 0.151505 -0.385359 -0.415321 0.111368 -0.284921 -0.163283 -0.198050 0.030786
0.161304 0.173459 -0.186084 0.247798 -0.022694 -0.034041 -0.038358 0.003046 -0.004811 0.025644
0.041070 -0.029224 -0.066519 0.046169 -0.022173 0.031784 0.017422 -0.025840 0.010767 -0.011466
0.009025 -0.026664 -0.061225 -0.014222 0.024560 -0.017758 0.019363 0.021077 0.030743 0.051549
-0.015154 -0.028313 -0.023800 -0.030678 -0.001176 -0.053849 -0.017964 0.003987 0.040723 -0.010333
0.010973 -0.004195 -0.036514 -0.008971 0.020665 -0.000314 0.014525 -0.061963 -0.013853 -0.039009
0.023410 -0.032695 0.000284 -0.026707 -0.023757 0.001020 0.033411 -0.017617 -0.016174 0.065912
0.009161 0.009796 0.070381 -0.011347 0.027792 0.042480 -0.037121 -0.079927 -0.000147 0.008141
-0.296103 -0.044021 -0.029918 0.025427 0.019602 -0.023410 -0.035212 -0.396424 0.046169 -0.175562
0.265903 -0.024147 0.003523 0.054022 -0.010023 -0.080838 0.044954 0.001944 -0.000232 -0.035407
0.007848 0.004092 0.017031 -0.005901 0.230148 0.009161 0.026274 0.000331 0.029159 0.037685
0.112097 0.025290 0.155718 0.170216 0.058702 0.239079 0.143680 -0.071387 -0.035208 0.006638
0.046372 -0.019368 0.033622 -0.076435 -0.022733 -0.115721 0.046275 0.111385 0.088020 0.089121
0.044010 0.013421 -0.027798 -0.050644 0.173581 -0.315579 -0.015954 -0.046211 -0.009554 -0.043492
0.092162 -0.038509 -0.044949 0.008794 0.110867 -0.041777 -0.031875 0.014449 -0.038703 -0.079348
-0.069834 0.002411 0.030079 0.075206 0.050288 0.007694 -0.000966 -0.043331 -0.000473 0.004810
0.029302 0.049511 0.006585 0.016196 0.006970 0.004276 -0.007172 -0.037570 -0.014821 0.069381
0.048282 0.058346 0.072228 -0.058767 0.019238 0.054398 -0.026018 0.001722 -0.016043 -0.022895
-0.034820 0.010679 -0.049738 0.059673 0.040127 -0.020468 -0.012168 -0.030063 0.067827 -0.001677
0.099282 -0.129312 -0.005505 0.167627 -0.046275 -0.029772 -0.004700 -0.025953 -0.106984 -0.167109
0.016779 -0.043848 0.023024 0.018009 0.066792 0.147564 -0.087242 0.031308 -0.024605 -0.163917
0.299365 0.022094 0.066807 0.016472 -0.006812 -0.071348 0.041547 0.008564 0.025478 -0.062833
0.113615 -0.010545 -0.168283 0.005971 0.012292 0.094578 0.002534 0.013667 -0.089250 0.028033
-0.128985 -0.022203 0.027181 0.001269 -0.004036 -0.115799 -0.023295 0.025260 0.004195 0.030194
0.142696 -0.019594 0.126103 0.133876 -0.040368 0.027662 -0.032224 -0.154398 -0.190727 -0.060694
-0.184439 0.076151 -0.115537 0.076195 0.020228 0.021516 -0.065890 0.010725 -0.058161 -0.035194
-0.067025 0.010250 0.006932 -0.047070 0.266529 -0.018765 -0.033141 -0.084971 0.016538 -0.124008
-0.018175 0.055760 0.027924 -0.043250 -0.174920 -0.073837 -0.055454 -0.101564 -0.066589 -0.037792
0.008706 -0.198412 -0.056764 -0.021046 0.097285 0.117370 0.088596 -0.042726 -0.100691 0.060999
0.209066 -0.118768 -0.078858 0.052398 -0.082482 -0.071828 0.326262 -0.373769 -0.322420 0.159201
0.088508 0.178152 -0.071709 -0.054471 -0.021495 -0.005016 0.039681 -0.044611 0.110666 0.127972
-0.008442 -0.090808 0.046576 -0.101564 -0.076811 0.072812 -0.019530 -0.033975 -0.080879 -0.024684
0.073708 0.038474 0.031821 0.050610 0.067020 -0.046542 -0.071157 0.122663 0.084809 -0.091980
-0.008852 -0.057608 0.086671 0.058918 -0.040474 -0.015548 0.008610 0.003017 -0.027839 -0.013807
-0.001829 -0.004150 0.081086 0.050093 0.017944 -0.068502 -0.003982 -0.162999 0.031338 -0.023202
0.064331 -0.052196 -0.001133 -0.020340 0.068916 0.110735 0.043370 0.010300 -0.059746 0.033389
0.049748 0.189752 -0.032786 -0.011403 0.078673 0.014057 0.034458 0.077018 -0.034768 -0.028649
0.003081 -0.102185 0.072605 -0.120733 -0.104598 -0.026874 0.058263 -0.075294 -0.031907 0.025857
0.029373 -0.031769 -0.311381 -0.042198 0.073295 0.064607 -0.090119 -0.098186 0.015238 -0.105770
0.159552 -0.159966 0.022478 0.025770 -0.042749 -0.022581 -0.256910 0.064848 0.105808 0.046726
-0.071826 0.061545 -0.030965 -0.127820 0.083701 0.002712 0.008616 0.017715 0.072164 -0.003669
-0.089783 0.033089 -0.067047 -0.070137 -0.012327 0.009491 -0.054256 0.099919 0.008441 0.015121
0.011567 -0.015398 0.047401 0.006396 -0.026935 0.093982 -0.044747 -0.037241 -0.196267 0.060000
-0.078632 0.014312 0.017534 0.018548 0.099630 -0.099823 0.027659 0.070330 0.043443 0.094658
0.062510 0.010438 0.013371 0.032800 0.001760 -0.032920 -0.071006 -0.028745 0.034803 0.025149
-0.090748 0.014071 0.024932 0.049767 -0.031834 -0.098278 0.046991 -0.016629 0.054594 0.026331
0.066130 0.009268 0.057635 0.127144 -0.061496 0.084039 0.050249 -0.104360 -0.050201 -0.009564
-0.062558 0.025269 0.120483 0.110056 0.028190 -0.114594 0.037023 0.101464 -0.159678 -0.002086
-0.064730 0.141915 -0.027780 -0.028166 -0.063717 0.048681 0.041754 -0.099051 0.038061 -0.004254
0.077667 0.019984 -0.145969 0.150217 0.010476 -0.041837 0.029276 0.001274 0.003147 0.003014
0.047271 -0.039889 0.003016 -0.032471 -0.020354 -0.011280 0.048058 -0.028592 0.055441 -0.022679
-0.053219 0.032625 0.060363 -0.012809 -0.079025 -0.062687 0.016919 0.029583 0.007661 -0.085246
-0.024883 -0.012399 0.084494 -0.005080 -0.026644 0.019141 -0.035103 -0.008998 0.000524 -0.009220
-0.022610 -0.017723 -0.052501 -0.007045 -0.016646 -0.045973 -0.001918 0.080461 0.055338 -0.015116
-0.027669 -0.018440 -0.000521 -0.026045 -0.041392 -0.020508 -0.015475 -0.013433 -0.011955 -0.035069
-0.007174 0.073556 -0.008169 -0.050621 -0.018714 0.038248 -0.008767 -0.027584 0.009468 -0.046725
0.016364 -0.015740 -0.001465 0.036641 -0.009750 -0.008703 -0.002920 -0.018645 0.074992 0.021790
-0.040811 -0.025345 0.004721 0.020833 0.175277 -0.042452 -0.061046 0.010305 -0.015766 -0.047032
0.011331 -0.206723 -0.259497 0.091262 0.023465 -0.021602 0.003245 -0.002910 0.173089 0.052364
-0.037064 -0.102827 -0.058555 0.029790 0.013754 -0.041461 -0.026616 0.081071 0.135560 -0.022615
-0.021706 -0.018532 0.027542 0.016647 -0.006410 -0.029707 -0.003211 0.001622 0.103620 -0.031228
-0.111886 0.016176 0.066623 0.038188 -0.020417 -0.013035 -0.056935 0.059845 0.025409 -0.025459
-0.050587 -0.100182 -0.017722 0.003383 0.036568 -0.143892 0.000915 0.043710 -0.174178 0.055315
0.037262 -0.008762 -0.054555 0.005468 -0.028434 0.211076 -0.129079 -0.020400 -0.037196 0.102695
0.019044 0.036899 -0.044966 0.007125 -0.083650 0.096148 -0.042685 0.002610 0.031906 0.004567
-0.033510 -0.043148 0.041990 -0.072475 -0.006299 0.054158 -0.195074 -0.284874 -0.259878 0.028963
-0.095156 0.085832 0.085436 -0.297306 0.063911 -0.006745 -0.123128 -0.014837 0.025112 -0.009216
-0.034518 -0.119491 -0.020218 -0.017110 -0.090131 -0.012870 0.086163 0.004476 0.118565 -0.044272
0.000795 -0.078889 -0.232105 0.215308 -0.010465 -0.092643 0.020861 0.023268 -0.034839 -0.077524
0.022002 0.018793 0.014255 -0.282851 0.008696 -0.055344 -0.000066 -0.150768 -0.003321 -0.068859
-0.034037 -0.102485 -0.054880 0.067967 0.059944 -0.061727 0.018686 -0.070035 -0.017063 -0.028331
-0.036694 -0.005438 0.034536 -0.124880 -0.092715 -0.065542 -0.030935 0.056449 -0.019310 -0.022109
0.004328 -0.026602 -0.020986 -0.049888 0.027993 -0.018793 0.010662 0.029936 -0.008977 0.041615
-0.000999 0.010912 0.021271 -0.021627 -0.000671 -0.026745 -0.004925 0.011384 -0.030311 0.069500
-0.019113 0.034875 -0.041722 -0.033163 0.043612 -0.007792 -0.014683 0.002757 -0.013185 -0.087722
-0.058803 -0.022572 -0.046892 -0.003925 0.032593 -0.018953 -0.003631 0.012320 0.029936 -0.044075
-0.012855 0.013872 -0.034608 -0.003760 0.027440 -0.058767 -0.003299 0.012187 -0.048461 0.053311
0.013497 -0.017455 -0.017455 -0.006468 -0.060978 -0.018650 -0.016234 -0.020433 -0.027850 -0.013221
-0.035018 0.123025 0.070374 -0.180379 0.045350 0.072826 -0.273326 0.294163 0.082938 -0.076145
-0.084980 0.166488 0.016330 0.018526 0.106940 0.055870 -0.050789 -0.028523 0.171799 0.082478
0.054185 0.001732 0.072009 -0.090751 0.031842 -0.054951 0.215106 -0.008273 -0.044150 -0.017913
-0.213472 0.053572 0.139625 0.068434 -0.247791 0.044584 0.077064 -0.445738 -0.237169 -0.235534
-0.117563 0.012142 0.085849 0.089679 0.020607 0.011586 -0.011242 0.175783 -0.028497 -0.103263
0.009882 0.048772 -0.056790 0.071600 0.012933 -0.069659 -0.142791 -0.306419 -0.060058 -0.017479
0.449824 0.091364 0.075124 -0.049053 0.155559 -0.049614 -0.193861 -0.061846 -0.275777 -0.037970
0.078954 -0.156070 -0.482508 0.068893 -0.004670 0.137072 0.054594 -0.093713 -0.028574 -0.012755
0.103570 -0.096165 0.045095 -0.358715 -0.090292 0.027808 -0.082120 -0.059343 -0.083704 -0.011159
-0.127573 -0.338900 0.115418 0.520504 0.010763 -0.104183 0.006811 0.039017 -0.104957 -0.129592
-0.126726 -0.205409 -0.050124 0.025506 0.071791 -0.029975 0.038284 0.045449 -0.090148 -0.174018
-0.073087 0.130274 0.161734 0.006675 0.000536 0.036612 -0.006828 -0.164464 -0.018460 0.006385
0.000109 0.058279 0.028576 -0.038625 0.091581 0.054901 0.076772 0.013350 -0.227247 0.062339
0.028884 0.024345 -0.039751 0.058927 0.039410 0.010885 0.105502 0.024721 -0.031971 0.012207
0.016702 0.021377 -0.007063 -0.025915 0.066536 0.074452 -0.066331 -0.037260 -0.062749 -0.027450
-0.080935 0.040638 0.010100 0.020302 -0.032176 -0.016839 0.107754 -0.006206 -0.047804 0.035179
0.052956 0.049032 -0.022878 0.054526 -0.004717 0.092195 -0.021633 -0.072473 0.053365 0.004357
-0.087418 0.059337 0.004858 0.031289 0.077045 -0.031647 0.032449 0.115261 -0.034121 -0.036271
-0.001545 0.038182 -0.068856 -0.070426 -0.031067 0.040979 -0.052308 -0.157503 0.025813 0.052512
-0.046336 0.039683 0.071654 0.099224 0.051290 -0.122245 -0.025114 -0.031426 -0.008190 -0.043606
0.037775 0.133808 -0.012606 -0.018678 -0.044174 -0.103765 -0.043260 -0.051537 -0.096452 -0.055341
0.010525 0.008900 0.092351 -0.127088 0.076687 0.004503 0.011717 -0.028758 -0.078318 0.022235
-0.037158 -0.076638 -0.192015 -0.023211 0.100998 0.072636 0.099960 0.020160 -0.035898 -0.017578
-0.008703 0.022853 -0.002938 0.012921 0.043483 -0.044520 -0.016504 -0.116711 -0.029968 -0.036170
-0.004796 0.062457 0.020271 -0.033921 0.082073 0.020543 -0.053167 0.032266 -0.016911 0.043853
-0.052031 -0.014082 -0.021630 0.112956 0.011711 0.032686 -0.014317 0.026757 -0.049313 -0.199328
-0.020432 -0.055341 -0.034391 -0.382449 -0.057664 0.026361 0.033699 -0.009296 -0.308528 -0.103765
-0.044545 -0.060629 -0.021927 0.128669 -0.127977 -0.045113 0.021395 0.243502 -0.042148 0.223145
-0.198241 0.041605 0.108410 -0.115426 -0.032538 -0.085236 -0.021334 -0.040790 -0.047411 0.111078
-0.075353 -0.120300 0.077703 -0.159813 -0.143508 -0.290835 0.047812 0.013807 -0.053724 -0.071717
-0.021372 -0.321388 -0.006334 -0.178467 0.020417 -0.111560 -0.021335 -0.055927 -0.121916 -0.182286
0.057543 -0.145418 -0.065989 -0.077409 -0.066723 0.095623 -0.129481 -0.051594 -0.088793 0.112221
-0.040577 0.087618 -0.020803 0.136825 -0.055927 -0.065585 -0.070249 -0.178908 0.088205 -0.059232
0.037511 -0.079686 -0.020564 0.135062 0.142994 0.053136 0.035381 -0.083505 -0.086002 -0.151587
-0.006761 0.028294 -0.010980 -0.067311 0.084166 -0.024218 0.194625 -0.232521 0.081155 -0.079466
0.024420 -0.214454 0.009869 -0.159225 -0.022786 -0.009167 -0.172298 -0.113470 0.107374 0.339014
-0.022455 -0.172151 -0.129627 0.036171 -0.162457 -0.130435 -0.090923 -0.189043 -0.136017 -0.540543
-0.169213 -0.157903 -0.018912 -0.220183 -0.191540 -1.373683 0.452704 0.050345 -0.058204 -0.226058
-0.109357 -0.383374 0.134768 0.040651 0.089601 -0.105538 -0.095470 -0.128771 -0.149103 -0.188725
-0.105571 -0.033594 0.131638 0.118018 -0.077745 -0.059074 -0.122906 -0.075725 0.025301 -0.098012
-0.008126 -0.046986 0.053959 0.345388 0.092538 -0.158096 -0.023607 0.010671 -0.043955 0.100619
-0.231866 -0.107461 -0.122906 -0.085239 -0.210361 -0.150537 -0.029065 -0.021684 0.079374 -0.030531
0.037439 0.025790 0.019534 0.075138 0.005527 0.038742 -0.053568 -0.079570 -0.060997 -0.115672
-0.089671 -0.039459 0.018312 0.099837 0.020006 -0.025285 -0.068491 0.194590 -0.030498 -0.072857
-0.051091 -0.020446 -0.040306 -0.058064 0.076637 -0.076702 0.014435 -0.005429 -0.033594 -0.163440
0.113717 -0.107526 -0.034115 0.024698 -0.001528 -0.226392 -0.012341 -0.018442 -0.279699 0.056109
-0.323492 0.037862 -0.052655 -0.017481 0.096122 0.127468 -0.155881 -0.095014 -0.019860 0.026214
-0.042066 0.083023 -0.067318 0.027680 0.011535 -0.163701 -0.020837 -0.101401 0.050831 -0.002584
-0.055523 0.184815 0.044157 0.045623 0.030432 -0.019692 0.022641 -0.040713 0.090428 0.075629
0.032904 -0.097179 0.011320 -0.052443 -0.120093 -0.043236 0.050669 -0.026494 -0.093155 -0.123298
-0.128344 0.107545 -0.026136 0.011713 -0.042691 -0.043748 -0.137619 -0.014602 0.044907 0.016589
-0.018771 0.059842 -0.093224 0.096020 -0.023118 0.000296 -0.016699 0.090564 -0.038599 0.018703
0.004599 -0.063627 -0.104203 -0.132504 -0.028455 0.033024 0.039826 0.066934 0.050635 0.123434
0.058410 -0.034217 -0.066014 0.050499 0.100180 -0.003487 0.039895 0.176627 0.005106 0.003550
-0.021737 -0.054727 -0.001550 -0.015455 -0.022471 -0.032649 -0.334705 -0.030211 -0.101884 -0.121729
-0.100180 -0.045146 0.250688 0.030927 -0.102976 -0.078152 -0.087018 -0.065979 -0.026034 0.040406
-0.126571 -0.149622 -0.092064 0.000571 -0.022641 -0.123571 -0.043304 0.030671 -0.070514 0.069526
-0.100248 0.099770 -0.020527 0.211680 -0.111568 -0.032990 -0.194085 -0.056432 0.104025 -0.174152
-0.083038 0.146170 0.081502 0.081332 -0.035405 0.019067 -0.051785 0.097200 -0.143440 0.084972
-0.022153 -0.084517 0.014048 -0.017091 -0.051358 0.181774 -0.000144 -0.057273 -0.096290 -0.019750
0.021741 -0.076042 -0.054600 0.086280 -0.000478 -0.041036 0.142871 0.065065 0.063473 0.142188
0.305307 -0.106357 -0.043396 0.028893 0.017247 -0.183707 -0.091342 0.046439 0.041434 0.125695
0.002124 0.271864 0.120121 -0.064099 -0.060174 -0.021670 -0.119666 0.136273 -0.065122 0.052780
-0.172674 -0.060288 -0.053406 -0.120348 0.126946 0.031054 -0.028992 0.042031 0.003775 0.255257
-0.131610 -0.042344 0.062165 0.069160 0.041974 0.044732 -0.023689 -0.093560 -0.048230 0.073085
-0.143781 -0.041121 0.005887 0.026134 0.027030 0.095380 0.050505 0.048458 -0.093389 0.049937
-0.052979 0.023219 0.036514 0.154701 0.072516 -0.798075 -0.177792 -0.020177 0.067340 0.104366
0.067056 -0.025238 -0.480938 -0.055880 -0.030616 0.010357 0.030264 0.001240 -0.011874 -0.026591
-0.026894 -0.034976 -0.035487 -0.005170 0.004252 -0.003599 0.014302 0.016961 -0.009910 -0.022758
-0.020059 -0.043408 -0.034688 -0.004248 0.029689 0.024786 0.019133 0.022359 -0.008141 0.067396
-0.040981 -0.039256 -0.018111 -0.007542 0.009079 -0.040757 -0.005837 0.034401 0.081003 0.024914
-0.013599 -0.065543 -0.026112 0.062764 0.091160 0.017727 -0.412935 -0.046762 0.279038 -0.029865
0.056664 -0.056855 -0.018143 0.023365 0.058772 -0.041907 -0.062445 0.069759 0.003016 0.068865
0.015412 -0.046730 -0.000056 -0.029354 -0.024563 0.037307 0.021928 -0.049253 -0.093843 -0.038202
-0.049541 -0.185386 -0.066182 -0.039511 0.015675 0.000689 -0.017184 0.060880 -0.029514 0.176698
0.134792 0.022039 0.012281 -0.012162 0.048263 0.182703 0.041204 0.018893 -0.086561 -0.071612
-0.004891 0.011882 0.011195 -0.039958 0.075509 -0.040278 0.085730 0.013048 -0.026910 -0.056600
-0.004998 0.008552 0.012114 -0.058233 0.084608 -0.064994 0.147396 0.108342 0.039344 -0.006162
-0.089192 -0.072537 -0.006191 -0.026520 -0.354911 -0.026708 0.105673 0.060873 0.010910 0.061512
-0.001000 0.075439 0.007225 -0.023357 0.107878 0.004972 -0.069404 -0.080894 -0.006158 0.030060
-0.096794 0.055128 -0.099521 -0.034847 -0.058320 -0.017815 0.019295 0.028855 0.046250 -0.053968
0.020470 0.015276 -0.010460 -0.015189 -0.018105 0.010119 -0.025040 0.024938 -0.079385 0.039896
-0.008893 0.057885 -0.044770 0.049500 0.026839 -0.001904 -0.044016 -0.043697 0.073060 0.016481
0.023227 0.050921 -0.068940 -0.070797 0.020615 -0.021790 -0.031597 -0.038242 -0.004185 -0.173626
-0.018860 0.027680 0.004476 0.024880 0.009909 -0.002604 0.032004 -0.022791 -0.002599 0.038126
-0.053126 -0.077354 0.011947 0.040360 -0.045089 -0.026563 -0.080023 -0.089250 0.075961 -0.167707
-0.017525 0.017003 0.040360 -0.062905 0.023749 0.132657 -0.002362 0.005030 0.034648 0.042523
-0.020780 0.000673 0.055240 0.027502 0.019980 -0.015573 -0.003796 0.018864 0.041348 -0.005788
-0.007628 -0.003870 -0.064454 0.014445 -0.019875 -0.018288 -0.051996 -0.043322 0.002452 -0.011054
-0.048000 -0.004634 0.042593 0.034531 -0.074327 0.028278 -0.020086 0.014633 0.021120 0.003917
-0.011812 0.004516 -0.017971 0.008833 -0.016466 -0.021544 0.006082 -0.005694 0.015467 0.004654
0.006658 0.001788 0.015737 -0.013622 0.002580 -0.002029 -0.002681 -0.008280 -0.004778 0.031781
-0.019275 -0.003723 -0.012212 -0.007158 0.005057 -0.010372 0.004516 0.006353 -0.004807 -0.022014
0.005647 0.039632 -0.013457 0.024023 0.019275 -0.001546 0.005971 0.016572 0.004261 0.037728
0.020674 -0.012517 0.007463 -0.004228 0.007234 0.024353 -0.004816 -0.008809 -0.012729 0.024752
-0.008874 0.003500 0.005821 0.029900 0.042923 0.000995 0.007087 -0.007710 0.018464 0.016642
0.008268 0.007886 -0.021681 -0.011528 0.049410 -0.001501 -0.113705 0.025928 -0.097121 -0.010611
0.032300 -0.007000 -0.009863 -0.012140 0.001688 0.042750 -0.005263 -0.079247 0.025470 -0.002534
-0.046997 -0.031994 0.006601 0.039114 -0.024671 0.071906 0.063513 0.034679 -0.011613 0.015895
-0.075373 0.032827 0.075237 0.042342 0.026268 0.046318 0.026914 0.017331 -0.099296 -0.048289
-0.124511 0.033014 0.068780 -0.027967 0.013253 -0.012140 -0.058246 -0.001973 0.008024 -0.071023
-0.000127 0.038230 -0.017824 0.031094 -0.015929 0.012828 0.010424 -0.002767 0.027084 -0.063173
0.003097 0.006287 -0.007043 0.017280 0.023499 -0.027831 0.097937 -0.047099 -0.059537 -0.048527
0.106365 0.031790 -0.013958 0.004902 0.029768 0.091820 0.021341 0.074829 0.026132 0.018860
0.061372 0.062493 0.006915 0.004392 0.079994 0.015182 -0.065212 -0.009175 0.029072 0.003345
0.016108 -0.010331 0.003859 -0.063785 0.112345 0.020984 0.023448 -0.016133 0.058298 0.060443
0.110844 0.055227 0.060053 0.013697 0.001797 0.080282 -0.069217 0.069753 0.037655 -0.047867
0.006654 0.048598 0.007933 0.005992 -0.105872 0.042578 -0.024762 -0.000478 -0.008695 0.102753
0.035900 0.063465 -0.003153 0.067072 -0.096367 -0.197999 -0.070533 -0.039556 -0.008347 0.050060
0.001854 -0.004034 0.030782 0.019010 -0.004582 0.040677 0.007446 0.021533 -0.012204 -0.002641
-0.023897 -0.005874 -0.013405 -0.018974 -0.002487 0.006379 -0.018535 -0.082085 0.007689 -0.005743
0.030173 0.014891 0.018108 -0.018730 0.017584 0.004375 0.014111 0.033609 0.023702 0.000495
0.006702 -0.037874 -0.008780 0.074725 -0.038849 0.007147 0.013392 -0.049524 -0.015099 0.069802
-0.032196 0.010608 0.043066 0.015952 -0.003842 0.017207 0.059809 0.016902 -0.026200 -0.009536
-0.018498 0.054837 0.001499 -0.011833 -0.019461 0.016731 0.002008 -0.087057 -0.008195 -0.030563
0.002487 0.009103 -0.019949 0.072044 0.069941 0.004807 -0.142446 -0.102123 -0.047424 -0.094364
-0.045311 0.170298 -0.030987 -0.004226 -0.200644 0.146880 -0.024994 0.028319 0.067551 -0.195933
-0.090276 0.019538 0.157273 -0.045519 0.097551 -0.036651 -0.002680 -0.169328 0.061246 -0.041050
0.226694 -0.150067 0.027055 0.091038 -0.034001 0.008349 -0.008938 0.010072 0.100391 0.008543
-0.020023 0.043926 0.129213 0.077112 -0.037863 -0.125472 0.010739 -0.065022 0.023470 0.048117
0.034503 0.015745 -0.048464 -0.147296 0.043406 0.136488 -0.047667 0.076766 -0.042817 -0.007175
-0.136765 0.011259 0.058787 0.028458 -0.069075 -0.080299 0.028649 -0.046073 -0.040461 0.159213
0.023227 -0.095195 0.017754 -0.023937 0.025565 -0.029030 -0.162261 0.020681 0.007933 -0.070357
0.050057 0.001679 -0.045519 -0.006712 -0.041327 0.048602 -0.006950 -0.039630 -0.006335 -0.011752
0.121176 -0.330896 -0.059549 -0.021980 -0.017840 -0.035352 0.023643 0.041154 -0.412373 -0.047667
-0.156908 -0.148005 0.155663 -0.123209 0.066439 0.116604 -0.115551 -0.033028 0.047364 0.080799
-0.199509 0.076348 -0.044947 -0.040615 -0.014049 0.004748 0.102627 0.018979 0.130964 -0.042673
-0.134889 0.079316 0.057440 0.153174 0.076587 0.028170 -0.272076 0.103010 -0.056674 0.032334
0.071561 -0.040591 0.031329 0.032310 0.020619 0.002520 -0.066679 0.072710 0.211572 0.032526
0.064381 0.037456 -0.086400 0.013869 -0.012553 -0.057536 -0.008508 -0.086160 0.009424 -0.161216
-0.271118 -0.025800 -0.044827 -0.206019 -0.009783 0.076061 0.019254 0.045689 0.133932 0.146760
-0.004574 -0.024795 0.040543 0.057871 -0.087070 -0.405529 -0.069981 -0.219996 0.110094 -0.057871
0.041022 -0.003665 0.128379 0.092431 -0.318985 -0.064764 0.053467 0.052558 -0.079172 -0.516580
-0.014049 0.139484 0.136612 -0.109998 -0.044349 -0.278203 -0.036140 0.132496 0.214252 -0.146664
0.019685 -0.115264 0.064620 0.149153 -0.045641 0.239526 -0.021283 -0.031394 -0.024083 0.035432
0.041151 -0.007126 0.004661 -0.087785 0.021209 0.033958 0.041711 -0.073341 -0.053767 -0.056715
0.047695 0.008143 0.002323 -0.030333 -0.237827 -0.020885 0.000689 -0.033310 -0.028815 0.040945
-0.000896 0.012948 0.002826 -0.035904 0.012602 0.057806 0.062670 0.001469 -0.069568 0.007322
0.041976 0.037407 -0.153166 -0.004543 0.025380 -0.054947 0.011953 0.037348 0.077762 0.018733
0.073812 -0.036729 0.045130 -0.047312 -0.020841 0.026530 0.005542 -0.026913 -0.037820 0.032632
-0.021209 -0.017967 -0.005055 -0.020236 -0.020767 0.051881 0.067917 0.036906 0.002732 -0.056686
-0.094800 -0.037466 0.011717 0.080769 -0.113312 -0.033162 -0.011459 0.035668 0.127226 0.079236
0.025174 0.115140 -0.187007 0.048137 -0.053384 0.024467 -0.019426 -0.025867 -0.010612 0.053797
0.025115 0.035904 0.008276 -0.082361 -0.012027 0.058012 -0.069921 0.077527 -0.086429 -0.034135
-0.013206 -0.133357 -0.051957 0.044117 -0.021611 0.087519 -0.043551 -0.003560 -0.005779 -0.113811
0.018377 0.035204 -0.005433 -0.000420 0.056428 -0.015150 0.003404 -0.038841 -0.081319 -0.093362
0.006640 0.018929 0.000267 -0.063732 -0.000135 0.034221 0.004095 0.066116 0.063553 -0.006111
0.117686 0.039765 -0.002631 0.024935 0.024190 -0.000003 0.014010 -0.010411 -0.000442 -0.025025
-0.006700 0.028900 0.033982 -0.017170 -0.032194 0.070766 0.015009 0.002007 0.005161 -0.024861
-0.021343 -0.091335 0.015590 -0.039258 0.036158 0.059916 0.034042 -0.004006 0.061108 -0.014360
0.005992 -0.025054 -0.042269 0.001735 0.031717 -0.068203 0.000157 0.211524 -0.052046 -0.007061
0.010396 0.056488 -0.006141 0.010388 0.119534 0.026515 -0.044147 -0.000868 -0.001214 -0.010038
0.045965 -0.174919 -0.045250 -0.021567 0.008712 0.027603 -0.001951 -0.087221 0.052166 0.027871
-0.027469 -0.134975 0.024458 -0.008637 0.018586 0.036277 -0.023072 0.061824 0.015305 -0.226260
-0.129010 0.086134 -0.031404 -0.010835 0.041041 -0.042054 0.052102 -0.052841 0.090789 -0.058536
0.047448 -0.084710 0.046708 -0.025503 -0.122767 0.314091 0.044053 -0.099002 -0.071678 -0.055442
0.016619 0.126600 -0.177635 0.095224 0.030801 -0.172159 0.105792 -0.067188 -0.004025 0.114773
0.201947 0.011424 -0.027817 0.030281 -0.012923 0.071678 -0.112582 0.016523 0.065381 -0.084163
-0.066367 -0.078632 -0.109735 -0.015757 -0.003515 -0.008173 -0.003147 0.087229 -0.009104 0.004607
-0.028693 0.101083 -0.071021 0.037263 -0.092212 0.106011 0.050706 0.117839 -0.045969 0.191653
0.003063 -0.034744 0.099495 0.036387 -0.095005 0.107106 0.037591 0.070364 -0.027283 -0.075128
-0.145547 0.047010 0.054210 -0.022533 0.008857 -0.068119 -0.082739 0.004196 0.209394 -0.030719
-0.055442 -0.057770 -0.051500 -0.100426 0.123315 -0.426236 -0.152556 0.065052 0.003515 -0.192091
0.071952 -0.001840 0.040959 0.125834 0.071741 0.075672 0.066982 -0.056068 0.028577 0.095223
0.039465 0.004510 -0.033620 0.105413 0.188170 0.034396 0.049629 -0.097654 -0.029043 -0.067085
0.005137 -0.015983 -0.007086 0.087568 0.050818 -0.038767 0.052370 -0.130447 0.079189 0.081309
0.026482 0.124654 0.025461 -0.006692 -0.036129 -0.005146 -0.020366 -0.042620 0.059172 -0.022901
0.051103 -0.055810 -0.012498 0.021556 -0.020069 -0.036155 0.020495 0.012763 0.039698 0.010920
0.038767 -0.035922 -0.056689 -0.047405 0.008269 0.000813 -0.040293 -0.014340 -0.007700 0.035715
0.047689 -0.083068 -0.057465 0.008205 0.065482 0.016164 0.036982 0.008767 0.034293 0.067913
-0.059637 0.001294 0.009304 0.001247 -0.014172 0.059534 -0.032224 0.050689 -0.021905 0.020250
0.053482 -0.052370 0.030827 -0.006860 -0.025952 -0.036982 -0.030388 0.101223 -0.058551 0.013888
-0.020702 0.046939 0.060723 -0.113482 -0.006546 -0.008489 0.042284 0.026741 0.061086 0.056896
-0.026439 0.022457 -0.069206 0.017650 -0.082783 0.012678 -0.018806 0.125129 0.024017 0.121313
-0.065243 0.042859 -0.026659 0.085205 -0.028090 0.083517 -0.102672 -0.148320 -0.038089 0.133129
0.151623 -0.128578 -0.006656 0.002004 0.007321 -0.008050 -0.103112 0.077646 0.008247 0.034933
-0.026384 -0.011036 0.023631 -0.015623 0.025980 0.018311 0.012293 0.022219 -0.028769 0.020127
0.016265 0.025246 -0.007715 0.027613 0.006344 0.026585 -0.016421 -0.018136 -0.008926 -0.000274
0.029319 0.025907 -0.029594 -0.031117 0.023246 0.028915 -0.010265 -0.012651 -0.014072 0.009513
-0.048694 0.022127 0.006091 0.027136 0.007055 0.028622 -0.006724 0.050675 -0.002007 -0.030071
-0.006243 -0.023503 0.028347 0.052584 0.043153 0.025173 -0.030512 -0.013999 0.005041 0.031631
0.009220 -0.064619 -0.008472 0.044878 0.006711 -0.024127 0.014687 0.061977 0.004766 -0.077279
0.014981 0.052730 0.026347 0.003403 -0.016283 0.013733 0.233721 -0.030380 -0.006586 -0.025859
-0.082220 -0.004778 0.173065 0.095575 -0.075890 0.010164 -0.045214 -0.031215 0.050118 -0.102949
-0.126460 0.009434 -0.101975 -0.069490 -0.037041 0.022294 0.071229 -0.056448 0.004656 0.020781
0.147884 0.154145 0.042536 0.078672 -0.057178 -0.324705 0.109209 0.019390 -0.087785 -0.047475
-0.012669 0.082915 0.007121 -0.016286 0.012503 -0.017155 -0.077768 0.075751 -0.001751 0.028433
-0.019668 0.022503 -0.029302 0.008165 -0.091889 -0.023998 0.010590 0.004691 0.016686 0.029806
-0.003628 0.002617 -0.062256 -0.046849 0.033841 0.018677 -0.041597 0.013321 -0.008173 0.034884
0.058291 0.073594 -0.051196 -0.027320 0.085559 -0.102809 -0.020485 0.044066 -0.124790 0.049735
0.026189 0.066499 0.046362 -0.071055 0.040553 0.053735 0.002067 -0.012990 -0.037910 0.160822
-0.052135 0.009434 -0.151780 0.013808 0.051161 -0.219531 0.014216 0.009312 0.022346 0.018486
0.078950 0.175708 -0.049105 -0.010564 -0.010652 -0.065421 -0.011836 -0.073638 -0.039069 0.066008
0.041631 -0.017920 -0.038208 0.028583 -0.005903 0.002905 -0.019485 0.016639 -0.004461 -0.037582
0.065617 0.003301 -0.055561 0.019945 -0.074772 0.170282 0.024533 -0.026411 -0.023418 0.126146
-0.031224 0.018664 -0.044957 0.089836 -0.088506 0.082559 -0.025550 0.198767 0.046131 -0.017206
-0.050279 0.014418 -0.018634 0.004399 0.036858 0.078842 -0.047422 -0.307384 -0.101731 0.134520
0.035958 0.031556 0.066047 0.013607 -0.041358 0.002011 0.095236 -0.126851 0.012550 0.041944
-0.127555 0.072699 -0.031341 -0.087802 0.025804 -0.039499 -0.488935 0.022205 -0.015582 -0.196419
-0.019603 0.136789 -0.024239 0.377813 -0.199549 -0.059513 0.023163 -0.019515 0.080524 0.091480
0.005052 -0.024944 -0.015700 -0.038873 0.032573 -0.107991 -0.087254 -0.074929 0.109165 -0.002795
0.138511 -0.140311 0.226782 -0.136320 0.063151 0.003546 0.006221 0.050318 0.092243 0.142746
-0.023360 0.086127 0.060497 -0.076102 0.044955 0.094639 -0.127173 0.031320 -0.000680 0.078561
0.080578 0.081713 0.057975 0.057849 0.086568 0.093819 -0.063082 0.016945 0.072508 -0.018710
0.082407 0.023959 0.005777 0.027805 0.059330 0.184360 0.054286 0.013997 -0.125407 -0.070617
-0.011515 -0.061821 0.008315 0.003501 -0.019309 0.021027 0.020271 0.025598 0.009387 -0.017938
-0.002727 0.024873 0.026402 -0.004209 0.022998 0.023612 -0.026749 -0.025961 0.040195 -0.012799
0.006581 -0.044892 0.030784 -0.009316 -0.017954 0.019845 -0.031005 0.034268 -0.012776 0.041992
0.007322 0.019309 0.087640 0.073706 0.052710 0.078750 0.009718 0.018269 0.034961 -0.028341
-0.023313 0.073454 0.043631 0.080263 0.061285 -0.034489 0.040604 0.063744 -0.001550 0.007196
0.011160 0.082407 -0.037483 0.035687 -0.025015 0.087577 0.049337 -0.016109 -0.006384 0.039564
0.060560 0.017323 0.118535 -0.005135 -0.015215 0.020320 -0.082093 0.066665 -0.057368 0.019244
0.080388 -0.009673 0.072146 0.008298 -0.013165 -0.001276 0.122612 0.027628 0.060494 -0.021985
0.029333 -0.028664 0.023771 -0.172468 0.054323 0.014220 -0.063985 -0.073811 0.077546 0.021234
-0.065285 -0.011520 -0.000102 0.025862 0.027872 -0.018219 -0.015438 0.011652 0.038306 -0.004669
0.001086 -0.013774 -0.012495 0.015946 -0.007582 -0.004880 0.000244 0.009191 0.004697 0.027791
-0.002327 -0.038042 0.046527 0.032500 -0.047299 0.010475 0.000098 0.005674 -0.016382 0.011774
-0.002725 0.025030 0.017255 -0.025010 -0.016199 0.010637 0.002041 -0.000096 0.026431 0.009526
-0.059885 -0.004050 0.001441 0.003182 0.019995 -0.028075 0.015773 -0.023020 0.035423 -0.030633
-0.042305 0.012302 0.014920 0.011104 -0.039321 -0.086884 -0.034510 0.028176 -0.011754 0.013418
-0.026877 0.044538 -0.017570 -0.029029 -0.011936 -0.004824 0.019955 -0.027080 0.006932 0.040945
-0.066046 0.034705 0.001938 0.009124 0.052886 0.017963 -0.052533 0.021491 0.069248 0.043633
-0.009199 -0.121238 -0.081675 0.003561 -0.013187 -0.017231 -0.013757 0.061704 -0.050389 -0.034597
-0.056494 -0.031910 0.191137 0.012679 -0.001185 -0.071961 -0.006492 -0.009226 -0.051556 0.047486
0.058340 -0.133177 -0.033891 -0.002605 0.001672 -0.058394 0.046373 0.057960 -0.015195 -0.014693
-0.012197 0.029278 0.024435 0.047106 -0.029333 -0.029631 0.012631 0.056440 -0.022780 -0.013072
-0.011858 -0.042737 -0.038151 -0.025561 -0.000890 0.107453 -0.059208 -0.036903 -0.020880 0.018479
0.061542 -0.011051 -0.029251 -0.078148 -0.486254 0.005437 -0.103329 0.029685 0.046020 -0.016756
-0.023553 0.206875 -0.118850 -0.020663 0.015589 0.013208 0.041299 0.218380 -0.134588 0.029468
-0.010087 -0.155102 -0.056712 0.112338 0.055843 -0.044691 -0.022983 0.060185 -0.080916 0.011648
-0.013886 0.337339 0.038260 -0.146419 0.042086 0.072341 0.051362 -0.105387 0.033188 -0.019662
-0.110818 0.044442 0.026112 -0.030133 0.045173 0.012978 -0.007664 0.029454 0.016829 -0.005976
0.018330 -0.019492 -0.009217 -0.014113 0.007435 -0.047027 -0.081939 -0.002614 0.045408 0.121054
-0.018109 0.006606 -0.005601 -0.006933 0.072695 0.047863 -0.003698 -0.000080 0.135781 0.014636
0.011737 0.103820 -0.049586 0.044259 -0.059953 -0.014335 0.008650 -0.152388 0.005702 -0.053790
0.008767 -0.068204 -0.013578 -0.036922 0.007566 0.072904 -0.040369 -0.064183 -0.002350 -0.101627
-0.028854 0.061363 0.056715 0.079745 0.090242 0.126799 0.003315 0.053399 0.027287 0.107789
-0.005062 0.095935 -0.011026 -0.026490 0.051806 -0.111236 0.071546 -0.008937 -0.181529 -0.049142
0.029846 0.152179 0.065697 -0.028566 0.033423 -0.033240 0.051597 0.021124 -0.010092 -0.012494
0.044181 -0.040760 -0.065593 -0.167533 -0.167742 -0.002668 0.039377 -0.011900 0.011620 0.022143
-0.030237 0.133901 0.039216 -0.040507 0.098672 -0.156140 -0.033510 -0.063664 0.071616 -0.084989
0.156037 -0.100841 -0.019053 0.164815 -0.024281 0.049620 0.011527 -0.097329 -0.076676 -0.028812
0.048949 -0.011869 0.103422 0.088397 -0.030515 0.099859 -0.048174 -0.070790 -0.061599 -0.153972
0.003756 0.034311 0.025404 0.062219 0.001804 0.024965 0.053183 0.023171 -0.004566 0.018278
-0.016600 -0.053338 0.018962 0.026385 0.033872 -0.017478 0.039784 -0.017452 -0.013735 -0.012405
0.046858 0.005025 0.004495 -0.031935 -0.017168 -0.005612 -0.015025 -0.026127 -0.014858 -0.008455
0.069809 -0.005935 0.001996 -0.006725 -0.042081 -0.024500 -0.051711 0.018330 -0.023971 -0.035369
0.014199 0.027108 0.019802 -0.010301 -0.032142 -0.014935 0.063819 0.006932 0.034181 -0.029664
0.061237 0.020318 0.050730 -0.008758 -0.009494 -0.001027 -0.016691 -0.064284 -0.013567 -0.038338
-0.018885 -0.064645 -0.006661 -0.036324 0.018252 0.002980 0.040507 0.031367 0.122496 -0.030579
0.052803 -0.027219 -0.205583 0.047082 0.034869 -0.054846 -0.045811 -0.058887 -0.001745 0.035278
-0.053938 -0.095890 -0.052849 -0.077457 -0.025357 -0.038978 0.099976 0.079409 0.042860 0.000583
-0.092712 -0.025789 0.023212 -0.023223 -0.048672 -0.060249 -0.096980 -0.030102 -0.013326 -0.005593
-0.067559 -0.033371 -0.004325 0.056844 -0.119227 -0.033780 -0.090487 -0.059114 -0.020477 0.037253
0.021294 -0.053893 -0.027559 0.040545 -0.029580 -0.098614 -0.015743 0.011209 -0.025630 -0.051305
0.018388 -0.004560 0.028740 -0.095345 -0.028240 0.001206 -0.029466 -0.039659 0.013144 0.011504
-0.002867 0.031941 0.080045 -0.020862 -0.080181 -0.048853 0.040249 -0.026175 -0.007741 -0.058433
0.001080 0.085493 0.076821 0.092258 0.109602 -0.053984 0.059659 0.058433 -0.076004 0.050987
0.049398 0.030647 -0.133847 -0.065289 -0.099341 0.038297 -0.022724 -0.151281 0.036345 -0.116957
0.060385 0.030760 0.050669 0.032077 -0.248589 0.135496 0.046719 0.013251 -0.189044 -0.031038
0.146841 -0.164040 -0.022799 0.046863 0.096906 -0.132388 0.078696 -0.129064 -0.066230 0.033422
0.051199 -0.242375 -0.028942 0.197137 0.070133 0.128197 -0.137085 0.062075 0.038806 0.011120
-0.073240 0.061063 -0.068218 0.068109 0.000449 -0.009313 -0.212891 0.081370 0.033278 0.159560
0.075299 -0.115551 0.052139 0.017605 -0.048164 0.052319 -0.044695 0.066736 -0.036891 0.005971
0.019385 -0.076456 -0.133978 -0.249746 -0.089752 -0.006558 -0.027370 0.032085 0.014092 0.030044
0.216359 -0.276483 0.072445 0.285444 0.032971 -0.214192 0.145179 -0.168520 0.020939 0.016368
-0.165052 0.015022 0.068218 0.008107 -0.085344 -0.079997 -0.050585 0.082309 -0.018897 0.027497
-0.055607 -0.077612 0.056511 -0.109408 0.109047 0.005176 -0.339353 -0.215059 -0.121621 -0.143372
-0.011038 0.000229 -0.028761 -0.400634 -0.077251 -0.024534 0.107746 -0.028544 -0.008541 0.204364
0.082317 -0.016567 0.288995 -0.176838 -0.056658 0.177693 -0.054125 -0.028542 -0.012479 0.175496
-0.016201 0.230415 0.129608 -0.024866 0.090372 0.084819 0.126801 0.067916 -0.018108 -0.016628
0.019115 0.081341 -0.073347 -0.143643 -0.052203 0.032433 -0.177204 -0.137175 0.054003 -0.133758
-0.100684 -0.125459 0.142056 0.090006 0.006453 -0.071699 -0.015522 0.056048 0.169272 -0.005347
0.012052 -0.054705 -0.043538 -0.054217 0.011830 -0.051441 0.055987 -0.093240 0.026269 -0.031105
-0.040426 -0.133514 0.000465 -0.024805 -0.019847 0.057146 0.031548 0.122225 0.004668 0.172811
-0.033531 -0.031731 -0.067611 0.013013 -0.076764 -0.115146 -0.039389 0.000913 0.090555 0.093240
0.059648 -0.095681 0.075849 0.168417 -0.081585 -0.013440 0.025980 -0.167197 -0.054827 -0.382967
-0.884070 0.014462 0.485726 -0.050037 -0.005469 -0.429098 0.107824 -0.047840 0.219065 -0.182696
-0.066818 -0.102637 -0.083599 0.031365 -0.498662 -0.025964 0.001996 -0.035069 -0.011762 0.025442
-0.051886 -0.023973 -0.013680 0.069308 0.017681 -0.018874 -0.029261 0.018718 -0.026358 -0.115248
-0.012384 0.035812 -0.005635 -0.065505 -0.001613 0.043624 0.089461 -0.100384 -0.052681 0.018891
-0.010197 0.071831 -0.049812 -0.005902 0.032148 -0.067856 0.006780 -0.022279 0.026842 -0.017171
0.064261 0.018960 -0.007164 0.007173 0.024301 -0.006797 -0.035674 -0.026427 0.069792 0.000733
-0.101905 -0.002435 -0.007691 -0.014786 0.027792 -0.043832 0.002822 -0.015659 0.058212 -0.057002
0.035034 -0.008322 -0.041066 -0.016584 -0.071555 -0.026773 -0.043693 -0.043693 0.023903 -0.061219
-0.102804 -0.002160 -0.002463 -0.266170 -0.006512 -0.027516 0.127831 0.415640 -0.138339 -0.094231
0.033790 -0.030074 -0.056518 -0.410109 0.010301 0.020291 -0.007523 0.094438 -0.035985 -0.094508
-0.053165 -0.131495 0.063846 0.020602 -0.025649 -0.149885 0.040548 -0.352588 0.015452 0.377477
0.100937 0.016048 -0.137445 0.032568 0.026032 -0.063045 -0.013651 0.000433 0.096286 0.028946
-0.268167 -0.078284 0.061215 0.201984 0.089115 -0.052924 0.126016 0.198100 0.083737 -0.114886
0.003574 0.198399 -0.178380 -0.187941 -0.009435 -0.043586 0.032139 -0.027228 -0.199295 -0.243815
0.003025 -0.013166 0.031523 0.024015 -0.021196 -0.000110 0.180172 0.048703 -0.063942 -0.053036
-0.020150 0.113541 0.012680 0.047359 -0.031149 0.076043 -0.055986 -0.077238 -0.094568 -0.000363
-0.002902 0.025509 0.023455 -0.006784 -0.069992 0.052625 0.029076 -0.084558 0.032195 0.094195
-0.067975 -0.041458 -0.051878 -0.050347 -0.018180 -0.003735 -0.004897 0.048292 -0.086351 -0.050272
-0.073989 -0.043437 0.006307 0.028255 -0.002302 -0.045902 -0.008726 0.054866 0.029749 -0.016228
0.155671 -0.003466 -0.015995 -0.075707 0.008992 0.054941 -0.122356 -0.015780 -0.049077 -0.062709
-0.043811 0.011279 0.059124 -0.023679 0.046089 0.007456 0.028087 0.045641 0.006580 -0.008367
-0.002762 0.005456 -0.068971 -0.015621 -0.011557 -0.059554 -0.063852 -0.009305 -0.014546 -0.002364
-0.038550 0.011479 0.017086 0.016793 0.003815 -0.043649 -0.060023 -0.015797 0.018747 -0.020086
-0.073856 0.025947 0.004955 0.041578 0.016237 0.023681 0.012036 0.014048 -0.004670 0.083000
0.072332 -0.019177 0.036615 -0.004335 -0.010707 0.036303 0.033606 -0.006277 0.021141 -0.024912
-0.024032 -0.042985 0.080577 -0.042125 0.047479 -0.005212 -0.023485 -0.042477 -0.007347 0.027628
0.018181 0.014273 -0.035931 -0.014732 -0.009579 0.005153 0.060999 0.011098 0.025302 0.024365
-0.021102 -0.036283 0.187570 -0.021258 0.036830 -0.068268 -0.055880 -0.037084 -0.083078 0.180224
-0.014820 -0.038159 -0.021024 -0.083625 -0.063305 0.039487 0.071277 0.055451 -0.001970 -0.096599
0.017712 0.006160 0.071668 -0.011450 -0.014136 -0.013638 -0.015426 -0.021141 -0.016842 -0.117466
-0.108009 -0.041930 0.012339 0.010023 
