-0.966134 0.221704 -0.027117 0.624409 0.348882 -0.218573 0.322045 -0.007604 -0.200831 0.154760
-0.038075 -0.275378 -0.228413 0.909478 -0.284622 -0.149318 0.034963 -0.102354 0.103919 -0.707902
0.144771 0.042119 0.202322 0.238403 -0.183983 -0.489925 -0.783046 0.665559 0.191885 -0.755016
0.189798 -0.894569 -0.123099 -0.366847 0.532704 1.704872 -0.680315 -0.777814 -0.187781 -0.011158
0.207526 0.598067 -0.008306 0.261178 0.140529 0.245246 0.104035 0.072784 -0.212428 0.119150
0.136853 -0.071626 -0.065499 0.468431 -0.047286 -0.648723 0.053890 -0.223458 -0.484227 0.060937
-0.115474 0.287050 -0.063558 -0.210113 -0.282632 -0.466558 -0.046420 -0.303128 0.381607 0.048577
-0.223840 -0.007496 -0.103020 0.256337 0.064759 -0.066882 0.201052 0.277508 -0.614886 0.060713
-0.032851 0.007151 0.939589 -0.645630 0.235706 0.716288 -0.195388 -0.470334 -0.297465 -0.134709
1.087377 0.391585 -0.061253 -0.274002 -0.420981 0.114415 -0.929369 -0.615507 0.735154 0.121964
0.159670 -0.066985 0.560318 -0.069460 -0.418975 1.594168 -0.162619 0.293851 0.105481 0.127019
0.058086 -0.103690 0.020683 0.443199 -0.112485 0.172098 -0.174204 -0.111326 -0.589808 -0.011796
0.408442 -0.376845 -0.272997 0.285004 1.195626 -0.251090 -0.788658 -0.452046 -0.342068 -0.117984
-0.713511 0.621906 0.100011 0.991030 -0.186108 -0.384391 0.187074 -0.691479 0.275973 -0.131609
0.064162 -0.157409 0.401591 0.152288 0.727812 -0.259546 0.117018 -0.554266 0.519866 0.003775
-0.100301 1.322662 -0.024181 0.046841 -1.025816 0.186688 -0.457250 0.498607 -0.065756 0.124265
-0.635971 -0.658925 0.302626 -0.626857 0.196294 0.148866 0.036267 -0.145321 -0.482042 0.602214
0.698758 0.504658 0.371658 -0.091480 0.268701 -0.349716 -0.194099 -0.719687 0.359506 -0.232582
-0.458750 -0.067133 -0.289124 0.467526 0.127599 0.086670 -0.415204 -0.426006 0.175365 -0.259418
-0.407440 -0.545841 0.677778 -0.184922 0.242525 0.062886 0.088894 -0.391378 -0.270653 -0.044245
0.250331 0.114466 0.224221 0.041587 0.162042 -0.006107 -0.105247 0.350194 -0.481551 0.371190
0.397838 -0.108611 -0.133106 0.647630 -0.012424 0.651399 -0.601871 0.070994 -0.935107 0.505507
-0.111976 0.537000 -0.387071 0.435522 -0.282886 -0.176653 0.646113 -0.162496 -0.453247 1.487753
0.850352 -0.167820 0.090202 0.142048 -0.024970 1.376438 0.198190 -1.397733 0.113554 -1.814923
-0.260381 -0.361291 0.777755 -0.075501 -0.802922 -0.568676 -0.250701 0.021779 -0.269819 -0.056353
0.305149 0.293292 0.634981 0.082337 -0.531410 -0.108351 -0.107338 -0.310617 1.001093 0.554812
-0.706322 -1.091392 -0.326897 0.289562 0.476670 0.177340 0.094639 -0.451491 -0.025057 -0.327548
0.099306 -0.984597 -1.217288 -0.076352 -0.322989 -0.364014 -0.312787 0.547432 0.421102 0.201109
0.281096 -0.551339 0.587806 -0.254180 -0.491864 0.005240 0.420016 -0.086065 -0.660750 0.443888
0.647680 -0.241549 0.250988 -0.515046 1.187897 0.431545 -0.122832 0.036849 -0.041478 0.145341
-0.302783 -0.148850 0.127309 -0.071884 -0.803549 -0.181525 0.733359 0.686405 -0.986042 1.032028
0.338604 0.217830 -0.629769 -0.967163 0.283178 1.584831 -0.477531 -0.283904 0.645259 0.352884
-0.154782 -0.606280 0.185552 -1.801849 0.327797 1.803507 -0.326761 0.015346 0.133440 0.081742
0.856997 -0.097904 -0.075785 -0.552407 0.405292 -0.811412 -0.095677 -0.136237 -0.298996 0.298374
-0.008469 0.117174 -0.461237 1.159516 -0.023712 -0.714026 0.451706 -0.227303 0.234141 -0.060296
-0.815971 -0.101116 0.033437 -0.767718 -0.920575 0.309434 2.176632 0.429945 0.501221 -0.014885
-0.061722 -0.930307 -0.606274 0.280666 -0.432807 -0.207101 -0.159583 0.496641 0.761993 -0.968092
-0.494923 0.912560 0.218837 -0.929735 -0.388153 -0.771153 -0.484046 0.589099 -1.180488 -0.691576
0.291258 0.484332 0.011960 -0.891950 0.352268 0.498378 0.137236 0.440518 1.603562 -0.205794
1.168879 0.186345 0.187439 -0.455591 -0.324310 -0.357374 -0.135413 -0.502268 0.088553 -0.509561
-0.398459 -0.010302 -0.183063 0.137966 -0.447082 0.017413 -0.480874 0.527065 0.497163 -0.096211
0.769690 -0.093902 -0.343273 0.079133 0.033975 -0.101924 0.247522 -0.328798 0.135936 -0.000619
-0.273886 -0.830894 0.133585 -0.207724 0.225860 0.633750 0.200167 1.417290 0.525606 0.278252
0.105541 -0.302433 -0.351300 -0.230729 0.069227 -0.258773 -0.566916 -0.120235 0.422500 -0.881272
0.758351 0.120318 -0.613599 -0.468176 0.054282 -0.194625 -0.232073 0.191435 0.133529 -0.616014
0.771694 -0.722625 -0.623074 -0.295651 -0.053173 0.124350 0.024292 -0.246759 0.231932 -0.059439
0.188511 0.357606 0.149238 -0.547176 -0.599775 -0.107935 -0.223636 -0.239875 -0.403145 -0.053923
-0.152503 -0.609307 -0.113936 -0.591303 1.017394 0.195395 0.221165 -0.364313 -0.070912 -0.469512
-1.507049 -0.572606 -0.189109 -0.084407 -0.666523 0.322159 0.430273 0.087365 0.573698 0.543120
-0.678900 -0.096739 -0.334536 -0.584619 -0.682176 -0.562049 0.075807 0.577702 -0.125769 -0.688729
0.322705 -0.099924 0.163810 -0.829241 -0.080631 -0.372758 0.546032 0.547852 -0.653783 0.323433
0.132049 -0.035993 
