0.032090 -0.171662 -0.011309 -0.071182 -0.069765 0.043302 0.056061 -0.075306 0.009762 -0.013908
0.074877 0.125009 -0.037825 -0.076681 -0.147777 0.008855 -0.075951 0.003230 -0.081106 0.024723
-0.036042 -0.083511 -0.064867 0.009977 0.044763 -0.031596 -0.053183 0.105420 0.105936 -0.030501
-0.069034 -0.109802 -0.117105 0.009236 -0.140131 -0.014595 0.098117 -0.316691 -0.100008 0.012275
-0.011749 -0.084199 -0.032992 0.149668 0.114613 -0.057178 -0.049059 -0.042271 -0.091416 -0.019288
0.016485 -0.030221 -0.122690 0.083898 0.120714 0.327516 0.081535 -0.037073 -0.053999 0.018043
0.042572 -0.082180 -0.013102 0.029276 0.084285 0.115301 0.055116 0.048672 0.076294 0.013457
-0.020566 0.025174 -0.274591 -0.161352 0.080461 0.046825 0.152159 0.053054 -0.001822 0.071397
-0.028632 0.012104 -0.134374 -0.086218 0.116933 0.161181 0.058853 -0.004468 0.030737 0.042572
-0.131024 -0.193314 -0.014939 0.038813 0.052968 -0.008082 0.026720 0.047899 -0.083340 -0.059068
-0.095454 -0.044290 0.052324 -0.039543 -0.126728 0.079430 0.009413 -0.048414 0.272529 0.220807
-0.157228 -0.019578 -0.204998 -0.056061 -0.050219 -0.078786 -0.040102 -0.130508 0.058338 0.086347
-0.088495 -0.162727 -0.051550 0.125697 -0.027386 -0.067359 -0.011352 0.176474 0.082738 0.126900
0.074662 0.031660 0.037739 -0.082566 0.050090 0.099148 0.037567 0.059197 -0.146317 -0.392813
-0.297445 -0.035054 -0.076037 -0.057693 0.006671 -0.022033 -0.048695 -0.041161 -0.010133 -0.016882
-0.073965 0.070865 -0.103355 0.076790 0.045713 -0.038591 0.034962 0.123131 0.131842 -0.087188
-0.014813 -0.016363 0.043359 -0.063174 -0.070277 0.003183 -0.113792 -0.040023 -0.018697 -0.036747
-0.003576 -0.036924 -0.106494 0.064626 0.157818 0.058191 0.184108 0.006425 -0.039082 0.034962
-0.012350 0.146125 -0.016461 -0.285972 -0.083265 -0.179870 -0.144477 -0.033255 -0.008981 0.013861
-0.001944 0.075966 0.051246 -0.039455 0.000939 0.088130 0.058858 0.099039 0.002904 -0.102727
-0.053325 0.120855 0.070002 0.110889 0.024191 -0.054463 0.008971 -0.083186 -0.034805 -0.042496
-0.049284 0.044261 -0.040730 0.065293 0.028546 -0.003789 0.004218 -0.036708 0.001977 0.049755
0.066627 0.229468 0.038787 -0.062115 0.059368 -0.125564 -0.010761 -0.034981 -0.227428 -0.037355
-0.077222 -0.119757 0.033804 -0.052580 -0.018393 -0.033392 -0.117245 -0.079772 -0.140632 -0.308102
0.063057 -0.002676 -0.086639 -0.036315 0.002631 -0.158446 -0.043908 -0.114342 -0.144634 -0.001827
0.016922 -0.020993 -0.142672 -0.064312 0.038552 -0.161350 -0.151697 -0.075770 -0.162605 -0.070355
-0.001487 0.114499 0.038101 0.128075 0.094173 0.077340 0.010428 -0.043830 -0.104846 -0.048224
0.114028 -0.061173 -0.007995 0.059564 0.078909 0.001521 -0.080322 0.047008 0.095115 -0.020522
0.087110 -0.033510 0.031116 -0.012439 -0.049362 -0.030920 -0.049166 -0.038689 0.126032 -0.044654
-0.173415 -0.110107 0.011017 0.248943 -0.065811 -0.093272 -0.058368 -0.038186 -0.056353 0.050536
0.068443 0.169385 0.034482 0.045304 0.039454 -0.121287 0.003656 -0.105167 -0.055996 -0.035164
-0.045759 -0.015169 -0.034644 0.051251 0.067533 -0.099772 -0.015388 -0.050211 -0.207734 -0.401169
-0.044036 0.143776 -0.155216 0.007056 -0.017615 0.007182 0.038089 -0.054631 0.041989 -0.045466
0.085798 -0.175625 0.009847 0.042444 0.119857 0.028827 -0.244653 0.010294 0.084238 -0.026064
0.007735 -0.131361 -0.011155 0.052291 0.076633 -0.004623 0.100292 0.134286 0.140136 0.131426
-0.036302 -0.042606 0.061001 0.076503 0.010668 -0.000344 -0.085538 0.071953 -0.048456 -0.080533
0.033572 -0.051739 0.018005 0.089438 0.024456 -0.057523 0.058108 -0.050504 -0.054371 0.041891
0.082613 0.011180 0.025496 0.078778 0.052324 -0.086253 -0.142606 0.150406 -0.007081 -0.092037
-0.014446 0.072928 0.156906 0.072733 -0.025252 -0.029103 -0.077673 -0.062723 0.108092 -0.026926
-0.087943 -0.060838 0.190055 -0.031069 -0.120117 -0.039259 -0.003926 0.028550 0.112252 -0.023042
0.033035 0.064446 0.033897 -0.168865 -0.011757 -0.003983 0.049171 0.075463 0.033344 -0.028827
-0.016867 -0.046441 -0.048684 -0.038576 0.024553 -0.016615 0.004643 -0.064738 -0.038219 0.038316
-0.016599 -0.005769 -0.026162 -0.051999 0.025593 0.113552 -0.086253 0.228144 0.040429 -0.072863
0.008222 0.018329 -0.005856 -0.015877 -0.004259 -0.068996 -0.033266 -0.086475 0.042482 0.031130
0.002893 -0.031853 -0.036995 -0.023574 -0.118476 -0.034629 0.034892 0.076027 0.100011 0.024034
0.027253 -0.047344 -0.032625 0.041266 0.009618 0.046457 -0.026383 0.039361 0.049874 -0.036338
-0.184910 0.023524 0.240106 0.056478 0.002589 0.013799 0.103888 0.091798 -0.071953 0.094820
-0.017380 0.047804 -0.184647 -0.147849 -0.086409 -0.244180 -0.165591 -0.056413 -0.029175 -0.105465
0.136021 0.009052 -0.105334 -0.020715 -0.033562 -0.032790 -0.039821 -0.067353 -0.026991 0.297537
0.093638 -0.000646 0.113088 -0.064166 0.007610 0.045472 -0.047969 -0.020929 -0.018087 0.076027
0.017923 -0.017315 0.025791 0.029915 0.035451 -0.080561 -0.114665 -0.232878 0.101063 0.069390
-0.074384 0.057825 -0.048954 -0.142592 -0.135364 -0.065579 -0.033266 -0.238135 -0.137335 0.065743
-0.046589 -0.097317 0.011458 0.026991 0.044946 -0.122156 -0.043632 -0.021504 -0.009011 -0.024461
0.031870 -0.007458 -0.012904 -0.055558 0.073070 -0.048626 -0.053028 0.032297 -0.013323 -0.041858
0.093966 -0.082401 -0.026859 0.192269 0.048790 -0.057201 0.107042 -0.111774 -0.105005 -0.045077
-0.033315 0.036535 0.081810 0.105334 0.004772 -0.036864 -0.118870 -0.159939 -0.122879 -0.017331
0.010473 -0.037159 0.047476 0.043895 0.227621 -0.020321 -0.106648 0.127873 0.031919 -0.010850
0.064002 0.018810 -0.155603 -0.214085 -0.100603 -0.020452 -0.151107 0.079465 0.202293 -0.235097
0.174956 0.210965 0.208703 -0.061791 0.078570 0.021763 0.094972 -0.026041 -0.088421 0.011288
-0.126504 0.038672 0.012655 -0.002000 -0.012525 0.015648 -0.042726 0.010758 0.104351 -0.010676
0.009751 -0.000870 0.036009 0.230007 0.014022 -0.069520 0.518080 -0.039521 -0.196260 -0.150541
0.093699 -0.002018 0.015306 -0.216621 -0.028774 0.201916 -0.212473 -0.021928 0.144791 -0.070322
0.059151 -0.415897 0.218695 0.257155 0.044634 -0.055569 -0.026771 0.161664 0.111044 0.162796
0.022105 -0.056276 -0.042820 0.046920 -0.170525 -0.136778 -0.000193 -0.048924 0.021740 0.186079
-0.142057 -0.105388 0.271860 -0.184571 0.065326 -0.009503 -0.254704 -0.071359 0.150164 0.046732
-0.147053 -0.142529 -0.022753 -0.046920 -0.356322 -0.085168 0.029458 -0.048452 -0.170431 0.015707
0.040793 -0.244146 -0.139229 -0.055946 -0.034171 -0.050620 -0.062875 0.097564 -0.058209 0.093747
0.035726 -0.060518 0.006728 -0.189096 0.013445 -0.051704 0.036316 0.030377 -0.180329 0.042113
-0.031602 -0.043927 -0.005464 -0.015530 0.062780 -0.146582 -0.068154 -0.002165 -0.122639 -0.020821
-0.092710 -0.051893 -0.002635 0.108782 -0.028162 0.011577 -0.004704 -0.134328 -0.094029 -0.089740
-0.009886 0.037188 0.102937 -0.009332 -0.000188 0.129049 -0.004295 0.042278 -0.081492 -0.070604
0.001496 0.040110 -0.008702 -0.079041 -0.073904 -0.123299 0.009144 0.058256 -0.043079 0.160910
-0.006073 -0.152581 -0.153771 0.332431 -0.037252 -0.705551 -0.020019 -0.052402 -0.007108 0.002303
0.016354 0.227897 -0.154096 -0.198571 0.152473 -0.124554 -0.240450 0.079374 -0.027486 -0.101721
-0.043502 -0.034709 -0.215345 -0.081485 0.011031 -0.189590 -0.143383 -0.006368 0.079212 0.112109
-0.243696 -0.011085 0.009340 0.010179 0.036657 -0.107943 0.014230 -0.055730 -0.041229 -0.013628
-0.050482 -0.140461 -0.009191 -0.043772 -0.078888 0.188724 -0.027094 0.011931 0.227248 0.153771
-0.596905 0.043718 0.137323 0.294557 0.007298 0.019587 -0.017801 -0.051455 0.155719 0.156801
0.013486 0.019965 0.081052 0.028595 0.012492 -0.060762 -0.204740 -0.217725 0.360350 -0.063034
-0.188616 0.427876 -0.002687 0.001105 0.067850 -0.001457 -0.133427 0.069743 0.001659 -0.072665
0.260145 -0.037307 0.006919 0.023469 0.046640 0.037171 -0.054675 -0.103614 0.141543 0.085489
-0.137323 -0.129640 -0.102694 -0.057461 -0.202900 0.079807 -0.089979 -0.247159 0.284168 -0.107294
-0.110810 -0.076453 0.050563 0.019113 -0.150092 -0.041392 0.066389 -0.199221 -0.044530 0.068878
-0.124121 0.080944 0.035683 0.016002 0.005969 -0.009942 -0.140244 -0.017639 -0.077210 0.117195
0.001735 -0.151282 0.236121 -0.053133 -0.065090 0.170869 0.048642 0.013554 0.108754 -0.100801
-0.019654 0.111243 -0.078401 -0.111460 0.022441 0.014893 -0.021913 0.012627 0.045423 0.103560
0.000318 0.252570 -0.052781 -0.241316 -0.077640 -0.059043 -0.000711 -0.069184 0.000614 -0.024318
-0.071904 0.122166 -0.167343 0.000455 0.003600 -0.069125 -0.048429 0.101233 -0.220443 0.058540
0.090531 -0.244332 -0.043403 0.012085 -0.074388 -0.103126 0.034710 -0.125714 -0.050498 0.013290
-0.166278 0.013120 -0.051859 0.034622 0.000032 0.139906 0.028915 0.033350 -0.002406 0.048754
0.029906 -0.002925 -0.008552 0.020740 0.021391 -0.003596 0.029935 0.117968 0.052479 -0.216304
-0.158236 -0.000869 0.259233 0.073146 -0.017503 -0.022278 -0.050646 -0.024362 -0.065873 0.004058
0.024643 -0.031547 -0.041895 -0.021524 0.006360 -0.052450 -0.092837 -0.076339 0.043491 0.031429
-0.011028 0.195844 -0.040180 0.018715 0.111168 -0.044556 -0.105314 0.010429 0.004963 0.061970
-0.031931 -0.084972 0.018523 -0.101766 -0.159419 -0.034622 -0.003018 -0.002801 -0.041954 0.003925
-0.049375 0.004512 0.130208 -0.057446 0.044644 0.012898 0.043225 -0.073028 0.278156 0.020341
-0.149958 0.107028 0.045945 -0.064276 -0.090826 -0.068120 -0.055761 0.126187 -0.125241 -0.041156
0.100938 -0.110576 -0.079296 -0.045650 -0.021967 -0.002729 0.094670 0.005156 0.004867 0.007946
-0.038583 0.025885 0.019528 -0.090649 -0.006774 0.036691 -0.123940 0.035568 0.015759 -0.033528
-0.004937 0.069716 0.024791 0.034001 0.080774 -0.025826 0.070899 0.053455 0.037667 -0.071076
-0.054460 0.011331 -0.079710 -0.002180 -0.048577 -0.010658 0.028147 0.016453 0.078504 -0.064969
-0.047512 -0.042202 -0.022038 -0.057681 -0.196296 0.132854 0.000857 -0.007666 0.067225 -0.010143
-0.034602 0.050462 0.047720 -0.013266 -0.110781 -0.046193 0.057716 0.051607 0.019453 0.028893
-0.067156 -0.097384 -0.013761 0.039113 0.003917 0.117028 0.125913 0.000703 -0.082877 0.154371
0.148680 -0.163950 -0.162007 0.015913 0.059104 0.002785 0.090651 -0.161868 -0.100508 -0.114113
-0.069238 0.361218 -0.130910 -0.030246 -0.052579 0.003330 -0.055911 0.145903 -0.124177 0.017414
0.084404 0.046193 0.079337 -0.054974 -0.007878 -0.118555 -0.230030 0.042376 -0.137504 -0.045916
0.119457 -0.065247 -0.098911 -0.045083 0.013440 0.032675 -0.055842 0.053135 0.065386 0.002848
-0.204070 0.068405 -0.061742 0.103146 0.020823 -0.044250 0.143404 -0.066149 0.079962 -0.057369
-0.130702 -0.012060 -0.022333 -0.207679 -0.123344 -0.038732 0.058028 -0.060041 -0.103631 -0.036372
-0.021587 -0.031461 -0.067295 -0.036823 -0.026307 0.111753 0.073160 0.022836 -0.086279 0.019453
0.004221 0.234056 0.172279 0.083780 -0.001774 -0.013388 0.016971 -0.167421 -0.026220 -0.106963
-0.004271 0.033751 -0.003308 0.094539 -0.025596 0.023548 -0.012902 -0.013258 0.007640 -0.020164
-0.132923 -0.051052 0.060770 0.161035 0.078713 -0.097176 -0.009379 0.017683 -0.206569 -0.168531
-0.157564 -0.127231 -0.028910 -0.045187 0.014160 0.058896 -0.276258 0.030125 0.086487 0.196712
0.224199 -0.008451 -0.048889 -0.044400 -0.137432 -0.143890 -0.015597 -0.007891 -0.037716 0.031565
0.049761 0.011488 -0.008557 0.046629 -0.090738 0.027754 0.485402 0.031694 -0.080664 -0.017792
-0.000363 -0.165202 0.011851 -0.056381 -0.117476 0.176439 -0.004678 -0.025058 0.133169 -0.007819
-0.008646 0.028529 0.009817 0.010761 0.019278 -0.034584 -0.058189 -0.095001 0.010293 0.054927
-0.021780 -0.074076 -0.146731 -0.251226 -0.058350 -0.137173 -0.082536 -0.020489 0.048372 -0.022491
0.062193 0.026673 -0.013409 -0.022152 -0.067618 -0.030321 0.005231 -0.010519 -0.113407 0.033099
0.104753 0.079630 0.040203 -0.020085 -0.049890 -0.049761 -0.097455 -0.003594 -0.065196 0.032679
0.084926 0.048211 0.050956 -0.036973 -0.013328 -0.105205 -0.076272 0.054798 0.060643 -0.052958
-0.025171 -0.038136 -0.023847 -0.065971 -0.007742 -0.038427 -0.057414 -0.101717 -0.008541 0.015104
-0.006353 -0.146861 -0.030289 -0.112826 -0.073624 -0.082666 -0.248255 0.103784 -0.004319 -0.088866
-0.060223 -0.058899 -0.102170 0.180960 -0.156031 -0.301213 0.013683 -0.074787 -0.216222 -0.166623
-0.022378 0.017906 -0.084345 0.016243 0.046112 0.049212 0.000003 0.001647 0.067812 0.077434
-0.058253 -0.296563 -0.048598 0.059577 0.145440 -0.047500 0.018035 0.136269 -0.037135 -0.021280
-0.200206 0.041171 0.048308 0.023395 -0.054185 -0.066585 0.056058 -0.028658 -0.059707 -0.007189
0.010696 0.102880 0.048728 0.160165 0.063937 -0.146086 -0.035198 0.059755 0.062795 -0.094763
-0.101942 -0.071748 -0.080616 -0.002209 0.021189 0.022255 0.073479 -0.014073 -0.043116 -0.057516
0.066553 -0.018496 -0.119762 0.066722 -0.019288 0.167059 -0.135978 -0.048057 0.078462 0.020534
-0.001903 -0.053758 0.025084 -0.046283 -0.047381 -0.068665 0.061401 0.185978 0.002563 -0.035620
0.056038 -0.058699 0.035916 0.252869 -0.152448 0.109881 -0.044679 -0.082009 -0.018866 -0.088513
-0.001307 -0.169509 -0.159627 0.023986 -0.151772 -0.025781 -0.040245 -0.058276 -0.026499 -0.034755
-0.075422 -0.052618 -0.095354 -0.012722 0.063724 -0.047339 -0.034354 -0.032031 -0.037605 0.012627
0.003273 -0.000466 0.024683 0.118158 0.042419 0.028547 0.083403 -0.007844 -0.073775 -0.148563
-0.058488 -0.006329 0.121705 0.105067 -0.081207 0.139103 -0.019552 0.063766 0.263511 -0.127026
-0.086570 0.058572 -0.052069 0.086063 0.146451 -0.027132 -0.141891 0.042166 -0.045903 -0.011349
0.058825 0.036972 -0.021062 0.066469 -0.025084 -0.101181 -0.086190 0.032094 -0.037584 -0.167397
0.006751 -0.014347 -0.132854 -0.038091 0.001498 0.060008 -0.128377 0.026309 0.100506 -0.080531
0.001972 -0.052660 -0.083107 -0.040878 0.344423 0.163343 -0.057601 0.087668 -0.125759 0.072634
0.044087 0.060388 0.022825 0.165708 0.173309 -0.001919 0.038260 -0.044932 -0.052913 -0.127533
-0.038323 0.097212 0.166721 -0.265369 -0.057643 -0.356416 -0.156671 -0.116215 -0.217059 -0.020502
0.016990 -0.065872 0.002676 0.110811 0.214895 0.045345 0.065292 -0.084601 -0.131860 -0.011989
0.101707 -0.047113 -0.027790 0.176045 -0.235074 0.004324 -0.211648 -0.000414 -0.093067 0.212460
-0.073874 0.068307 0.208401 -0.050564 -0.036386 0.113246 -0.008865 0.096894 0.080078 -0.069815
-0.062103 0.000730 0.045722 -0.010314 0.052332 0.179640 0.000695 -0.081992 -0.003178 0.021382
0.117131 0.059609 -0.032704 -0.139514 -0.017744 -0.039575 -0.171986 -0.047113 0.128033 0.018280
-0.159809 -0.151111 -0.140326 -0.075903 -0.014946 -0.049172 -0.047461 0.117131 0.069003 -0.103099
-0.014888 -0.065582 0.008524 -0.027848 0.062277 0.023760 0.003008 0.000229 -0.175581 -0.015163
-0.093647 -0.041228 -0.026731 0.080484 -0.147632 -0.106230 -0.035661 -0.195644 0.002598 -0.026630
0.046795 -0.011496 -0.042214 0.003410 -0.042851 -0.074918 -0.070279 0.070279 0.089124 0.064132
-0.010785 -0.038068 -0.000916 0.038039 0.055231 0.005306 0.086515 0.014598 -0.087443 -0.058305
0.037024 0.093937 0.004411 -0.120842 0.024267 -0.004856 -0.084485 -0.086283 -0.024064 0.030645
-0.043344 0.047519 0.066220 0.082688 -0.052216 -0.015975 -0.014931 0.019889 0.088312 -0.018135
0.006984 -0.034791 -0.019672 0.000450 -0.000214 0.062973 0.036734 0.017120 0.052419 -0.046824
-0.036183 0.031834 0.010408 -0.094053 -0.082398 0.065350 0.001569 -0.032849 0.086689 0.096836
-0.078281 -0.028196 -0.042533 -0.051723 -0.012124 -0.091599 0.056665 -0.022185 0.239203 -0.118611
-0.009387 0.044589 0.072234 -0.008011 0.197172 0.411949 -0.061231 -0.177037 -0.146229 0.002132
-0.227320 -0.290037 -0.066953 0.170985 0.370798 0.069373 0.129174 0.221159 0.114210 -0.088628
-0.109754 0.100292 0.099796 -0.093360 0.034357 -0.089674 -0.034219 -0.051741 -0.108269 0.028443
0.059801 0.049073 -0.119492 -0.037107 -0.023147 0.135336 0.018210 -0.062277 0.096881 -0.216317
-0.201683 -0.156902 0.048110 0.063982 0.022473 -0.092259 -0.078836 0.026710 0.191891 0.117731
0.008266 -0.026077 -0.155581 -0.111955 -0.061671 -0.063872 -0.025513 0.101392 -0.002123 -0.184299
0.093360 0.004329 0.003325 0.000853 -0.009119 -0.071299 -0.113440 0.058315 0.224459 -0.060846
-0.026957 0.021676 -0.040381 -0.164053 -0.104308 0.013320 -0.102767 -0.167794 -0.043929 0.020809
-0.101337 -0.076085 0.023698 0.023601 -0.068988 -0.693184 0.005856 -0.004222 0.272212 0.076360
0.025362 0.388183 -0.003287 -0.132475 -0.361556 0.074820 -0.129614 -0.192991 -0.184519 0.000223
-0.022267 -0.178577 -0.028883 0.009579 -0.066348 -0.130054 -0.055950 0.015748 -0.058150 -0.030093
0.006351 0.008025 0.218298 0.238543 -0.002159 -0.207625 -0.044837 0.039776 -0.030726 0.006574
0.011299 -0.126534 -0.009016 -0.039033 -0.048440 -0.005818 -0.098201 -0.020108 0.014813 -0.001730
0.016917 -0.091104 -0.159102 -0.067833 -0.090939 -0.003425 0.084943 0.018279 -0.081477 -0.098257
-0.045706 -0.110675 0.236373 -0.064697 0.050007 0.039860 -0.066393 -0.078145 -0.074934 0.057942
0.050219 0.146476 0.045100 0.038588 -0.003383 0.012335 0.012570 -0.037497 0.014069 0.072390
-0.081356 -0.008231 0.037255 0.035014 0.044070 -0.109221 -0.161742 -0.019627 0.028426 0.114249
0.037982 0.041798 0.019339 0.062637 -0.042828 -0.016053 -0.022126 0.051188 0.196756 0.061577
-0.032076 -0.068937 0.034771 0.066090 -0.009140 -0.102618 0.072693 -0.070754 -0.037861 0.072451
-0.012343 -0.022717 -0.122609 -0.106011 0.049371 0.093713 0.100559 -0.084748 0.062213 -0.038588
-0.091714 0.087232 -0.006005 0.064878 0.112795 0.007708 -0.016886 0.052733 0.005846 -0.040011
0.073238 0.048129 -0.074207 -0.098862 -0.071784 -0.002533 -0.059245 -0.042980 0.011722 -0.152292
-0.148657 -0.019173 -0.074874 -0.158349 -0.017325 0.061607 0.145749 -0.091048 0.023549 -0.198815
-0.064757 -0.094440 0.134603 -0.073602 -0.119035 -0.070088 0.000706 0.126607 -0.006126 -0.117641
-0.030274 0.360799 0.014970 -0.017795 0.021338 0.026200 -0.109282 -0.055852 -0.024579 0.030213
0.139692 -0.060184 -0.061638 0.046009 -0.080144 -0.214323 -0.259272 0.024488 0.011192 -0.123760
-0.278899 -0.036922 -0.030652 -0.058488 -0.122488 -0.138480 0.063849 -0.206569 0.069179 -0.067483
0.179309 0.007220 0.012191 -0.064515 -0.179309 -0.081598 0.130242 -0.089958 -0.177371 -0.118187
-0.111765 0.010457 0.047326 0.049179 0.015073 -0.046555 0.004828 -0.030995 -0.001022 0.024126
-0.010489 -0.029390 0.028742 0.039578 0.002269 0.069708 0.047079 -0.024821 0.065695 0.040318
0.009107 -0.009825 0.016007 -0.002416 0.039917 -0.003458 -0.060694 -0.026503 -0.009169 0.026102
0.017334 -0.022691 0.041337 0.051000 -0.030239 -0.009624 0.026488 0.004168 -0.004129 -0.051648
-0.003589 0.052173 0.027738 0.011523 -0.038404 0.012549 -0.000029 -0.055507 0.012935 0.015019
-0.021487 -0.004013 0.035317 0.039763 0.017211 -0.006900 0.002159 0.036676 0.009153 -0.007205
0.102494 0.020051 -0.030548 0.023632 -0.002750 -0.013522 -0.018014 -0.006143 -0.003103 0.019526
0.014317 -0.024373 0.053655 -0.004121 0.039269 -0.040689 0.004253 -0.040627 -0.081995 -0.000150
0.003903 -0.018585 0.040535 0.027383 0.020483 -0.008289 0.047049 0.061249 -0.008629 -0.027291
0.004793 -0.018415 0.041739 -0.013885 0.011299 0.008521 -0.013175 0.048438 0.076809 -0.046832
0.008575 0.045721 0.015004 0.046246 0.000157 -0.093480 -0.021209 0.044702 0.083539 0.042140
-0.019295 0.055970 -0.043004 -0.009825 0.097493 -0.045165 0.024342 0.069338 0.002587 -0.001345
-0.026272 -0.085082 0.014564 0.120708 0.142998 -0.072240 0.007440 0.014764 -0.028062 -0.057946
-0.019063 0.036830 0.114719 0.036799 0.038806 0.024265 -0.010527 -0.009802 -0.003666 0.056094
-0.088664 -0.043869 0.045227 0.076438 -0.005414 -0.013630 -0.043599 -0.142825 -0.002832 -0.092138
-0.144615 -0.019133 -0.203034 -0.244271 -0.129080 0.009208 -0.043528 0.036172 -0.054052 -0.004868
0.046248 -0.105956 0.153922 -0.122207 -0.020278 -0.051976 0.009549 -0.074813 -0.048933 0.020171
-0.076245 0.003061 0.019240 0.042418 0.008953 -0.022408 0.001592 0.111253 -0.097579 0.082688
0.258589 -0.130941 -0.054660 0.017406 -0.056128 0.003011 0.072451 0.014811 0.056987 0.056665
-0.047394 -0.090492 -0.080970 -0.052298 -0.132803 -0.215061 -0.033236 0.007432 -0.015670 -0.056772
-0.068048 -0.063645 -0.064898 -0.033809 -0.005217 -0.127433 0.004703 0.051224 -0.085767 -0.056199
-0.055770 0.005584 -0.083977 0.035760 -0.023894 0.131800 0.293096 0.042311 -0.056951 0.085266
-0.038588 -0.121276 0.035885 -0.050687 0.039053 0.138959 0.010139 -0.034829 -0.094429 -0.016054
-0.025540 -0.064898 -0.109249 0.012645 -0.019115 -0.114976 -0.063072 -0.061712 -0.102305 -0.075100
0.018721 -0.025147 -0.030230 -0.028869 0.055770 0.010900 -0.047859 -0.083476 -0.048897 0.033576
-0.021925 0.032270 -0.034776 0.126574 0.003978 -0.047465 0.013477 0.050794 0.010658 0.016010
0.033576 0.008170 -0.022372 -0.103808 0.054732 0.067225 0.010273 0.083046 0.001728 -0.042883
-0.015714 -0.058204 0.049112 0.072809 -0.060030 0.048969 0.072701 -0.013513 -0.004195 0.041702
-0.065578 -0.025755 -0.087986 -0.003768 -0.043349 -0.107674 -0.060244 -0.062965 -0.193011 -0.028225
-0.003624 -0.073721 -0.011442 -0.001235 -0.113976 -0.162809 0.043672 0.106999 0.124063 0.070752
0.054490 -0.021647 -0.003370 0.012338 0.000677 0.033608 -0.057553 0.072637 0.053123 -0.026066
-0.027221 -0.000441 -0.059156 -0.007501 -0.048880 0.038298 0.078246 -0.019892 -0.042682 -0.035093
0.038015 0.031723 0.034103 -0.109451 0.421210 0.055338 -0.058308 0.114070 0.140089 0.022896
0.010258 0.049964 0.194579 -0.006140 -0.168277 -0.109545 -0.140843 -0.067593 0.069573 -0.077162
-0.093754 0.039665 0.216827 0.068159 0.045086 -0.264152 -0.022237 -0.157435 -0.186188 -0.084940
-0.142823 0.207777 0.076832 0.076172 -0.059675 -0.055998 0.030379 -0.103794 -0.037356 -0.022072
0.063398 0.065897 0.048268 0.138298 -0.011436 0.108979 0.066698 0.003288 -0.118878 -0.346923
0.127362 -0.074145 -0.067829 -0.016509 0.004513 -0.168371 -0.118124 -0.053358 -0.260758 -0.192976
0.016274 0.116050 -0.060994 -0.005562 -0.020716 -0.068866 -0.122366 -0.136318 0.054772 -0.055998
-0.040137 -0.014589 0.106434 -0.040961 -0.037191 0.052981 -0.102286 0.006546 0.077586 -0.092576
0.102663 0.006735 0.056941 0.094414 0.152816 0.306198 -0.121517 -0.015190 -0.051190 0.038628
-0.025901 0.113976 0.146217 -0.081829 0.086165 0.072071 -0.106999 -0.066981 -0.044921 -0.036460
0.071789 0.064765 -0.053877 -0.042588 -0.016769 -0.084233 0.038864 0.014329 -0.112373 0.098232
0.098892 -0.085552 -0.037285 -0.015390 
