0.112455 0.377817 0.323193 -0.058866 -0.131905 0.044434 -0.189426 -0.000148 -0.069987 -0.092799
-0.143802 -0.288225 0.227187 0.197081 0.145250 0.163252 -0.064659 0.045055 0.466788 0.668732
0.310571 -0.304571 -0.028217 0.036726 0.058659 0.213944 -0.056848 0.158596 0.367058 0.278293
-0.398301 -0.249947 -0.031864 -0.053952 0.018337 0.269810 0.135733 0.209703 0.058038 -0.800326
-0.406577 0.194392 0.030545 -0.093006 0.057210 0.148871 -0.322365 -0.891366 0.221393 0.050227
-0.306433 -0.140078 -0.140388 -0.058193 0.075005 0.323400 0.160562 -0.475478 -0.992338 -0.591761
0.065694 0.149492 0.212289 0.085505 0.513963 -0.274983 -0.525964 -0.343056 -0.035718 0.060055
-0.346573 -0.031321 -0.033597 0.167597 0.020743 -0.138009 -0.291742 -0.665007 -0.035537 0.110904
0.116283 -0.025424 -0.028398 -0.128698 0.101334 0.118559 -0.110076 -0.112145 -0.374713 0.041175
0.506515 0.528861 0.558242 -0.536723 -0.448994 -0.444028 0.358574 0.361678 0.098799 0.314089
0.125180 0.186115 -0.123525 -0.025036 -0.159734 -0.227187 0.132215 0.214358 0.123628 0.312226
0.152079 -0.258637 0.109559 0.009725 0.115249 -0.089850 -0.379886 0.084833 -0.222014 0.169873
0.223048 -0.122077 -0.064194 -0.221393 -0.458925 -0.262775 -0.196461 -1.185178 -0.595486 0.242291
0.146492 0.335193 -0.001161 -0.147009 -0.135215 -0.178873 -0.167804 -0.154872 -0.281190 -0.409060
-0.243119 -0.021583 0.089075 -0.023782 0.316497 0.309655 0.077690 -0.032196 0.228655 -0.059812
0.066654 0.056474 -0.177229 0.666100 0.388007 -0.609157 0.490857 0.371454 -0.891224 0.485560
0.425307 -0.578258 0.038541 -0.142578 -0.439653 -0.230420 -0.093415 0.009063 0.011132 0.036969
-0.181313 0.088780 -0.084863 -0.028016 -0.028858 0.174691 0.253595 0.256243 0.173588 0.197093
-0.172926 0.122935 0.240794 -0.063840 -0.042762 0.115100 -0.101306 0.009490 0.239690 0.108589
0.113886 0.044142 0.038100 0.003211 -0.064006 -0.015629 -0.264851 -0.207908 -0.202611 -0.332609
0.567664 -0.391538 -0.637849 0.424644 -0.321132 -0.521315 0.212874 -0.093526 -0.372116 -0.368364
-0.139047 -0.047977 -0.082766 -0.052639 0.053632 -0.179547 -0.136509 0.363949 0.465255 -0.427072
0.510721 0.655065 0.082545 0.535882 0.391979 0.126577 0.118410 0.082490 -0.067592 -0.054957
-0.166084 0.067040 0.056943 -0.202059 -0.347838 -0.036638 0.315835 -0.344306 -0.318042 0.482912
-0.261540 -0.067647 0.490857 0.145116 1.056755 -0.220157 0.158690 0.670956 -0.248077 -0.170167
0.027796 -0.229979 -0.435238 -0.202280 0.149089 -0.486002 -0.161118 0.180982 -0.143240 -0.004435
0.365274 0.173588 -0.007359 0.121390 -0.079455 -0.052280 0.030044 -0.005952 0.097885 0.109637
0.283611 0.172043 -0.129336 -0.059481 0.314511 0.173146 0.384255 0.192348 0.099429 0.070517
0.137060 -0.112231 -0.193121 0.212764 -0.175133 -0.030072 0.246311 -0.101085 0.299201 0.209186
0.109975 0.134729 -0.059635 -0.128858 -0.163299 -0.201946 0.050438 0.056455 -0.238539 -0.052150
0.119465 -0.475904 -0.332859 -0.005923 -0.313682 -0.221906 -0.083313 -0.242648 -0.131304 -0.323857
0.216818 -0.123770 0.080671 -0.164668 -0.027934 0.141480 -0.055574 0.046035 0.016181 0.210165
-0.036422 0.012732 -0.003602 -0.018945 -0.112127 0.093782 -0.104593 -0.016437 0.224841 0.001874
0.067560 0.009057 -0.102734 0.173278 -0.018700 -0.050291 0.059879 -0.020437 -0.010659 -0.089477
0.048040 0.009662 -0.279046 0.765125 -0.092608 -0.352819 0.701332 0.168288 -0.196271 0.707203
0.010445 -0.008904 -0.093831 0.226211 -0.240496 0.107724 0.123966 0.028888 -0.229733 0.155569
0.150873 -0.155080 -0.239518 0.291178 0.046402 -1.015210 0.460249 -0.274545 -0.468468 0.033976
0.194021 -0.140012 -0.231886 -0.042366 -0.243431 0.056064 -0.074605 -0.126314 -0.471208 0.427766
-0.056504 -0.518955 0.812481 -0.543611 -0.313682 0.578443 -0.569833 0.412894 -0.262413 -0.283938
0.373953 -0.315834 -0.617188 0.067609 -0.241083 -0.226015 -0.058412 -0.133555 -0.095396 -0.473164
0.130913 0.199304 -0.119661 -0.080133 0.116628 -0.053764 -0.220145 -0.336773 0.197739 -0.149405
-0.439115 0.003724 0.080279 -0.504083 0.043735 0.061592 -0.196369 0.100386 0.411720 -0.272588
0.158113 0.396652 -0.317204 0.021574 -0.095543 0.029377 -0.011655 -0.177388 0.097500 0.197445
-0.022516 -0.010463 0.269806 0.453753 0.089744 0.351589 0.393117 0.003069 0.116814 0.029044
-0.068916 -0.001314 0.119171 -0.025971 -0.143183 0.040000 -0.063980 -0.105477 0.111719 0.000738
-0.157960 0.082738 0.007241 -0.006564 -0.283309 -0.241271 -0.020159 0.148279 -0.274137 0.162164
0.016672 0.200762 0.743941 0.548784 0.190062 0.163820 0.168151 0.285857 -0.016449 0.001496
0.064745 0.296812 0.149553 -0.142164 -0.159998 -0.134776 0.032500 -0.041369 0.178597 -0.078216
0.094330 0.135540 0.041242 -0.051050 -0.050286 -0.001454 0.049140 0.142037 -0.102164 0.069299
-0.004148 -0.060190 -0.008615 -0.018280 0.234010 0.004343 0.060987 -0.252736 -0.010685 0.125731
-0.417830 -0.170954 0.299360 0.093247 -0.154011 -0.165476 0.092738 0.078088 0.097260 -0.090126
-0.006453 0.015326 0.021513 0.026688 0.116814 -0.104903 0.025637 -0.054649 -0.152610 -0.040000
-0.064808 0.058057 0.087069 0.040828 0.060382 0.298595 0.079999 -0.077197 -0.038407 0.017245
0.006943 -0.150954 0.079935 0.049171 -0.017054 0.154266 0.049808 0.010724 -0.096241 0.171336
-0.075095 0.033089 -0.223692 0.191335 0.189552 -0.144584 -0.085668 0.162419 0.084967 0.040955
0.153119 -0.081018 -0.174138 -0.013200 -0.074394 0.103311 -0.076114 0.023200 -0.084267 -0.241526
0.051878 -0.022627 0.054012 0.058407 -0.112547 -0.000422 0.035605 0.215666 0.045987 -0.136941
0.270061 0.311589 -0.188915 0.177196 0.469039 0.038789 -0.184319 -0.101733 0.039399 -0.074427
-0.136283 0.141777 0.095490 -0.042562 0.017348 0.517492 -0.140862 0.070597 0.931751 -0.206297
0.286052 0.638706 -0.262575 0.082211 0.112473 -0.143193 -0.197806 -0.181655 -0.135617 -0.369304
-0.068516 0.020053 -0.207962 0.353319 -0.253251 0.172830 0.042999 -0.213956 0.200303 0.315357
-0.284221 0.186150 -0.042750 0.028285 0.039274 -0.068599 -0.064603 -0.102316 0.110308 0.019377
0.095323 0.104481 0.040668 0.024767 0.034404 -0.038608 0.086082 0.004519 0.029887 -0.142693
-0.052490 0.357982 -0.354985 -0.056528 0.423917 -0.198472 0.132786 -0.101733 -0.108976 -0.148521
0.093491 -0.211625 -0.382957 0.309696 -0.287051 -0.170166 -0.144108 -0.120382 0.207463 -0.009694
-0.145524 0.134118 0.035777 -0.056944 0.079505 0.052240 -0.018950 -0.114471 0.224779 -0.137781
-0.035153 0.217120 -0.170249 0.051158 0.166919 -0.066476 -0.122296 0.139696 0.007618 -0.296209
-0.047370 -0.133452 -0.041147 0.157762 0.013185 0.105230 0.143526 0.123795 -0.108060 0.095906
0.218952 -0.099652 -0.062564 0.002495 0.011728 -0.012842 -0.087164 -0.238099 0.093908 -0.083460
-0.048744 -0.065977 -0.002802 -0.600077 0.275230 -0.053114 -0.498843 0.348990 -0.084167 -0.249255
-0.032218 -0.005916 -0.099902 -0.321517 0.210959 -0.039898 -0.042084 0.064062 0.091743 0.133369
0.061856 -0.201802 0.106479 -0.205631 -0.180656 0.145524 -0.052990 -0.182154 0.082336 -0.052781
0.046960 -0.021233 -0.097279 -0.029106 -0.033716 -0.002683 0.009743 -0.134941 0.233783 0.098530
0.043952 0.031040 0.056219 0.132128 -0.040982 -0.238784 -0.110953 -0.199716 -0.168461 -0.213780
-0.099155 0.239878 0.482568 -0.176119 -0.130097 -0.045944 0.020374 0.182057 -0.070674 0.083059
0.231439 0.034263 -0.067275 -0.204873 -0.140723 -0.164242 0.070987 0.046374 0.046413 0.294886
0.461628 0.020022 -0.830118 -0.754482 0.030805 0.032798 0.452564 0.628214 0.072667 -0.464753
-0.653843 -0.103218 -0.315357 -0.322233 -0.153694 -0.092044 -0.147990 0.091966 0.411621 -0.280352
-0.248316 -0.586646 -0.266913 -0.020843 -0.090169 0.056649 -0.074542 0.113141 -0.009103 -0.185339
-0.250035 -0.079347 0.031801 0.138145 0.283321 0.057000 0.230033 0.287853 -0.009513 -0.092279
-0.208311 0.060087 0.087200 0.043248 -0.045671 0.079503 0.094545 0.009977 0.042389 -0.080324
-0.226282 0.014875 0.090169 0.190339 0.453814 0.269101 -0.010421 -0.011857 0.003631 0.039088
0.226595 0.100561 0.062509 -0.107593 -0.046921 -0.203466 -0.152990 0.008400 0.029907 0.115094
0.082590 -0.087981 0.125252 -0.202060 -0.183932 0.240503 0.106890 0.093685 0.141036 0.074425
0.055242 -0.109859 0.102827 -0.337548 -0.411308 -0.215343 0.019095 0.121267 -0.027465 -0.370365
-0.725728 -0.614462 -0.158929 -0.390993 -0.056336 0.016145 -0.019446 0.080715 -0.056805 -0.084387
0.149084 -0.260974 -0.263787 -0.124549 0.097070 0.079530 -0.007800 0.418326 0.204871 0.081181
-0.149732 -0.265952 -0.069666 -0.145935 0.107966 0.518698 0.034565 -0.028601 0.512094 -0.183905
-0.085514 0.364508 -0.098804 -0.176641 -0.072679 0.029612 0.253901 0.052992 0.095337 -0.256212
-0.203715 0.202725 0.076600 -0.163682 0.192324 -0.096327 -0.186546 -0.167149 0.041601 0.023174
-0.238878 0.195626 -0.153117 -0.332977 0.221379 0.045811 -0.069625 0.104664 0.021358 -0.036050
0.008925 -0.113083 -0.098226 -0.123566 -0.143707 -0.006072 0.016601 0.090797 -0.375404 0.204376
-0.304747 -0.394884 0.082666 -0.419316 -0.110690 -0.098226 -0.333802 -0.184235 0.078457 0.052992
-0.193150 -0.350641 -0.059885 0.026001 -0.123896 0.031593 0.122823 -0.010359 0.320100 0.287578
0.175816 0.452334 0.214281 0.155345 0.169212 -0.072968 -0.009234 -0.064383 -0.000922 -0.064548
-0.260174 -0.055221 0.083905 -0.113826 -0.330005 -0.091045 -0.126538 -0.198763 0.062567 -0.166406
-0.356914 -0.310195 0.093438 0.248453 -0.052291 0.268429 0.582751 -0.026847 0.392573 0.028312
-0.235742 0.033760 -0.466861 0.153694 -0.074082 -0.637559 0.546432 0.018830 -0.335618 0.070904
-0.034255 0.167644 -0.306728 0.074495 0.619400 -0.209328 0.369461 0.148081 -0.012423 0.376064
0.144532 -0.147091 -0.083574 0.332812 0.075320 0.046348 0.230624 0.071152 0.072720 0.008347
0.008012 -0.041354 0.162691 0.103921 -0.033554 0.139662 0.071193 -0.055015 0.129924 -0.063486
-0.094107 -0.187777 -0.077047 0.030977 -0.138454 -0.068243 0.223867 -0.063595 -0.061080 0.043308
0.029829 0.153656 0.115925 -0.157593 0.119862 -0.145563 -0.077812 -0.391959 -0.046589 -0.291126
-0.704301 -0.399614 0.061517 0.273846 -0.122706 0.127846 -0.090772 0.052659 -0.027901 -0.064798
0.037758 -0.247599 -0.047136 -0.084757 -0.106028 -0.300312 -0.222445 0.369649 0.542006 0.099029
0.604999 0.638245 0.015461 -0.255036 0.042296 0.094326 0.081749 0.809727 0.869221 0.035461
-0.058783 -0.142282 -0.096240 -0.108981 0.081968 -0.111059 -0.352588 -0.178700 0.017430 0.745422
0.247818 -0.103841 -0.052221 -0.263347 0.084811 0.088913 -0.436360 -0.230757 -0.174544 -0.468513
-0.026657 -0.190293 0.184496 0.095092 -0.154421 0.178919 0.121831 -0.006244 0.076719 0.280627
0.180778 0.220149 0.055775 0.058345 0.129377 -0.057416 0.150703 0.008927 0.103020 -0.126424
-0.169076 -0.186137 -0.157374 0.069063 0.135501 -0.038414 -0.006770 -0.008674 0.006288 0.094545
0.026835 -0.156609 -0.128502 0.370524 0.014354 -0.035406 -0.090717 -0.107450 0.036527 -0.212165
-0.173122 0.002239 -0.129814 -0.295938 0.144469 0.008852 -0.079617 0.261379 -0.062501 -0.004159
0.058345 0.048995 0.319123 0.426518 0.419300 -0.050417 0.209212 0.191933 0.651369 0.527570
-0.193464 -0.246943 -0.486011 -0.191167 -0.147531 0.123690 -0.153546 -0.005619 0.126752 -0.047218
0.260504 0.336621 0.069006 -0.017381 0.200355 -0.046004 -0.102780 0.096743 0.079362 -0.064322
0.087272 -0.031224 -0.127187 -0.035335 0.208890 -0.186929 0.209202 -0.008099 -0.083577 -0.012867
0.404250 0.890931 0.261035 -0.332018 -0.795177 0.052379 0.156954 0.690264 0.748132 0.064738
-0.166529 -0.247088 0.041632 -0.290593 0.219402 0.024108 0.208161 0.021779 -0.000660 -0.242716
0.007761 0.827234 0.575358 0.040357 -0.277896 -0.399254 -0.246463 -0.204831 -0.122815 0.242508
0.049360 0.062500 0.234598 -0.191821 -0.493759 -0.570363 -0.000619 -0.163927 -0.166737 0.033176
-0.161221 -0.116050 -0.063958 0.347838 -0.151333 -0.060887 -0.123856 0.122815 -0.165592 0.069682
0.291426 0.263949 0.138115 0.074678 -0.085867 -0.252292 0.058025 0.277687 -0.215031 0.159764
0.188698 0.215239 0.077488 0.038848 -0.158099 -0.079362 0.202021 0.081287 0.215239 -0.253541
-0.431311 -0.106266 0.413825 0.324940 0.074626 -0.565783 -0.384891 0.011371 0.572444 0.509579
0.069526 0.322442 -0.032135 -0.035153 0.156225 -0.022312 0.164656 0.221692 -0.187449 0.158515
0.104029 0.060627 -0.232725 0.273732 -0.631146 -0.098460 0.274357 0.608664 0.230435 0.184431
-0.158723 0.098825 0.482935 0.341593 0.516240 -0.178186 -0.025877 -0.225023 0.268736 0.082068
0.281851 -0.144776 -0.133952 -0.068121 -0.471278 -1.039975 -0.469612 -0.121462 0.109493 0.111783
-0.017408 0.226688 0.165072 0.146442 0.215863 0.237304 -0.220307 -0.471658 0.272859 -0.095005
-0.477643 0.164482 0.208338 -0.012437 -0.017463 -0.155973 0.127452 -0.172711 -0.126050 0.126985
-0.416301 -0.258271 0.136055 -0.221242 -0.215631 0.090844 0.143723 -0.271549 0.373661 0.125302
-0.064755 0.125021 0.063586 -0.018258 -0.507940 0.048344 -0.208151 -0.872250 0.053066 -0.021425
-0.623891 -0.183277 -0.136803 0.158497 -0.035346 -0.210395 -0.143910 0.155973 -0.087103 -0.122122
-0.052552 -0.223486 -0.057040 -0.056246 -0.052505 0.085701 -0.087103 0.018094 -0.016458 0.019578
-0.176825 -0.096314 -0.003708 -0.230406 0.072423 0.251165 -0.006920 -0.011472 0.214509 -0.428644
0.213761 0.153635 -0.717025 0.876738 0.297171 0.061716 0.498963 0.035440 0.200109 0.170186
0.206654 0.006920 -0.175422 0.090236 -0.012822 0.125582 -0.001105 -0.336819 0.109031 -0.126330
-0.149147 0.233398 0.026720 -0.196742 0.224982 -0.029783 -0.123899 -0.158497 0.120907 -0.286698
0.058583 0.139048 -0.275290 -0.046427 0.032354 0.125208 -0.210582 -0.157656 0.053955 -0.191880
-0.275477 0.124273 0.059846 -0.131099 -0.107535 -0.304465 0.001566 -0.478017 -0.383386 0.260141
0.121842 0.015885 0.056152 -0.390119 0.223112 0.047549 -0.332517 -0.102112 0.095239 -0.094117
-0.060407 0.184212 0.126050 -0.127172 0.022559 0.079482 -0.196368 -0.010052 -0.063633 -0.166633
0.016598 -0.031770 0.079857 0.172898 -0.175516 -0.220681 0.455949 -0.318491 -0.208151 0.356829
-0.054500 -0.159128 0.074305 -0.073076 -0.161586 -0.012472 -0.077857 0.021223 -0.018747 -0.109477
-0.064505 -0.038143 -0.157489 -0.070959 0.188085 -0.073759 -0.046031 0.080520 -0.056309 -0.233843
0.006992 -0.113438 -0.021086 -0.322627 0.048558 0.079222 -0.069285 -0.087896 0.062968 -0.068637
0.046475 -0.008921 -0.086052 0.083388 0.075603 -0.010458 -0.020028 0.029077 0.048660 0.053441
0.082501 0.022213 0.048831 -0.010458 0.031091 -0.064266 -0.007683 -0.102170 0.006761 -0.000674
-0.115077 -0.078949 -0.011183 -0.037153 0.029862 0.214584 -0.158035 0.144513 0.175382 -0.113233
-0.036401 0.162133 -0.108726 0.114258 0.063549 0.063890 0.161860 0.108384 0.009920 -0.093155
-0.050197 0.021820 -0.014794 -0.285747 -0.085028 0.058734 -0.709724 -0.308421 -0.085847 -0.240126
-0.018628 0.060407 -0.166640 -0.078608 0.121907 -0.105038 -0.012250 0.003334 -0.042821 -0.069661
0.057983 -0.325358 -0.121634 0.345301 -0.069251 -0.126756 0.389829 -0.099779 -0.077720 -0.075125
-0.586792 0.022213 -0.126756 -0.611379 0.141917 0.121361 -0.088715 0.086530 0.084140 0.133790
0.029555 0.038382 0.409225 -0.249141 -0.237667 0.138981 0.171694 0.124366 0.028957 -0.059075
0.042411 -0.402395 0.074647 -0.006659 -0.254058 -0.046202 -0.006573 0.016323 -0.028257 0.012438
-0.402669 0.004149 0.162133 -0.298860 0.053782 -0.028018 -0.068671 -0.132834 -0.074920 -0.064197
-0.039031 -0.035377 -0.164182 -0.007726 -0.098716 0.261421 0.180068 -0.101057 -0.402276 0.139587
0.197334 -0.218891 0.366965 0.288539 -0.167192 0.009968 0.294001 -0.218501 -0.089108 0.347651
-0.349992 -0.180459 0.103788 0.589563 0.244058 -0.071110 0.231377 1.075338 0.111494 -0.168753
0.074915 0.366185 0.017265 -0.226110 0.031678 -0.051406 -0.067111 0.222403 0.021143 0.215380
0.476411 0.187287 0.115103 -0.098228 -0.299464 -0.157438 0.270590 0.268054 0.144367 -0.014412
0.403837 0.354869 -0.185043 -0.164266 -0.147293 0.125150 0.362478 0.419054 0.080231 -0.088083
0.091449 0.088425 0.195773 -0.076280 -0.206406 0.630532 0.139782 0.010492 -0.166217 0.268054
-0.056869 0.065306 0.732759 0.413592 0.687498 0.346676 -0.134417 -0.236645 0.221818 0.261226
-0.389400 0.021960 0.192457 0.197236 0.099740 0.054723 0.024081 0.004893 0.401496 0.006395
0.201333 -0.220062 -0.354089 0.330093 0.595806 0.082035 0.055113 0.714421 0.131101 0.283856
-0.097935 -0.107007 -0.211478 0.357015 -0.241132 0.013388 0.671891 -0.241912 0.033263 0.025874
-0.167485 0.189530 0.321119 0.065599 0.028605 0.476411 -0.864640 -0.050480 0.367745 0.577467
0.220647 0.067355 -0.077695 -0.079451 0.146513 0.336336 0.239181 0.387449 0.270590 0.079548
-0.365794 -0.004624 -0.182800 0.213039 -0.251667 0.060332 0.076134 0.220452 -0.177240 -0.056576
0.103008 0.050528 -0.176557 -0.003065 0.187482 -0.085303 0.127882 0.082426 -0.878806 0.518410
-0.040793 -0.884255 0.634001 -0.171928 -0.182630 0.164825 -0.405932 0.080320 -0.339185 0.098369
0.032109 -0.444073 0.042131 -0.075504 -0.457306 0.123083 0.211528 -0.319530 -0.032303 0.049160
-0.083337 -0.290924 -0.005573 -0.110629 0.044004 -0.560054 -0.089175 0.261345 -1.263332 0.212112
0.318168 -0.596638 -0.229042 0.213280 -0.010344 -0.056531 -0.043322 -0.184576 0.069909 0.057942
-0.000628 -0.011323 -0.087180 0.053612 0.160252 -0.092921 -0.075212 -0.244026 0.125321 0.157625
-0.054488 0.050547 -0.103818 0.009341 -0.268156 -0.117537 0.144392 -0.086499 -0.047360 0.230794
0.152176 0.255702 -0.101580 -0.283724 0.192263 0.309022 -0.414883 0.063293 -0.027876 0.030090
0.005339 0.132327 0.193139 -0.014400 0.056725 0.002749 -0.050255 -0.011378 0.074726 0.012843
0.042374 -0.163463 0.065823 -0.003594 -0.106640 0.199269 0.069374 -0.094283 0.187495 0.062904
0.113743 -0.211723 -0.193723 0.007127 -0.097737 -0.085964 -0.134954 0.029360 0.020433 0.069180
-0.017161 0.117148 0.062466 0.124835 -0.022172 0.096229 0.103137 -0.018304 -0.018548 -0.165214
-0.020919 -0.235075 -0.006099 0.445630 -0.045585 -0.478712 0.305519 -0.116856 -0.453803 0.476377
0.101483 -0.201409 0.281389 -0.026100 -0.041085 -0.012004 0.083191 -0.190706 -0.188079 -0.005725
-0.070688 0.132813 0.179420 -0.130575 0.133786 -0.329844 -0.568227 0.752706 -0.341909 -0.685764
0.722738 0.006239 -0.336927 -0.104315 -0.078879 -0.083900 0.296264 0.209459 -0.011898 -0.171451
-0.119086 -0.215766 -0.138671 -0.132945 0.025187 -0.284978 -0.149792 0.042531 0.192032 -0.075643
-0.115435 -0.106887 -0.093941 -0.113775 0.108464 0.077800 -0.099750 -0.112945 -0.032738 0.341907
0.039108 0.057178 0.576594 0.180082 0.043029 -0.484976 -0.379749 0.131037 -0.000099 0.080083
0.043153 0.190372 -0.036763 -0.037884 0.058091 0.083941 -0.070663 -0.076058 -0.172281 -0.210123
-0.166306 0.280662 0.248131 0.037240 0.109128 -0.117178 0.206804 0.078423 -0.135767 -0.015747
-0.169626 0.037365 0.188215 0.153609 0.091950 0.181078 0.452777 0.465391 -0.361824 -0.544395
-0.288131 0.112862 0.217758 0.149958 -0.177592 0.015031 0.209293 -0.236347 0.212779 0.617092
0.293940 -0.194854 -0.458420 -0.418919 -1.018417 -0.384396 -0.250953 -0.041182 -0.332612 0.134771
-0.177426 0.171119 -0.416927 -0.125310 -0.225061 0.085643 -0.054771 -0.045103 -0.065684 -0.050415
0.053734 -0.112199 -0.109128 -0.069792 0.074273 -0.045560 -0.064190 0.037780 0.038402 -0.121493
0.196845 0.110373 0.104232 0.563648 0.321326 0.101659 -0.199335 -0.498918 -0.444811 -0.746884
-0.576594 -0.371118 0.636013 0.643648 0.247135 0.219086 -0.089460 -0.016463 -0.054564 -0.197675
-0.205310 0.207966 -0.075518 0.055311 -0.002145 -0.049460 0.044647 0.201825 0.164895 -0.076514
-0.276513 0.016265 0.204978 0.032178 0.057676 -0.097344 -0.121626 0.209997 0.187377 0.114452
0.187715 -0.012123 -0.116393 -0.025469 -0.070224 -0.137241 -0.123905 0.001937 -0.144415 0.083180
0.023464 -0.044987 0.126606 -0.153700 0.051360 0.025574 0.020816 -0.014781 -0.147116 0.010012
0.068241 -0.122470 -0.048532 0.119938 0.087527 -0.265535 -0.056973 0.100019 0.052668 -0.045494
0.059547 0.128041 -0.013579 0.036463 -0.168133 0.068283 0.045620 0.035429 0.066806 0.022473
0.023464 -0.061699 0.282247 0.288155 0.004592 -0.049672 0.296258 -0.031166 0.022747 -0.115802
-0.174379 -0.350446 -0.057817 -0.094786 -0.277352 0.152349 0.025617 -0.184001 -0.018263 0.033213
0.165094 0.198687 -0.052964 0.132177 -0.110991 -0.055453 -0.150999 -0.096474 -0.129560 0.307906
0.711020 0.050263 -0.137832 0.038467 0.032496 -0.196493 -0.544575 -0.226203 0.196830 -0.199025
0.572597 1.233650 0.492582 -0.124074 -0.036399 0.333734 0.180962 0.250680 0.069296 0.037264
-0.093266 -0.234474 -0.130657 -0.020225 0.132683 -0.010920 -0.058239 -0.094195 0.006552 0.206452
-0.017778 -0.182144 -0.087865 -0.197168 -0.246291 0.032263 0.354835 -0.188896 -0.639107 -0.614799
-0.042371 -0.151927 -0.492582 0.063598 0.288324 0.166192 -0.389609 -0.228397 0.248148 0.180793
-0.068663 -0.459158 -0.049208 -0.266886 -0.155472 -0.010577 0.006494 0.200882 -0.026313 0.011099
0.013821 -0.065413 0.069169 -0.065033 0.142727 0.187208 0.219619 -0.090566 -0.084320 -0.087443
-0.027220 -0.106103 0.017344 -0.135123 -0.055546 -0.040242 -0.031995 0.128548 0.075043 0.093124
0.140678 0.082298 0.029105 -0.157568 0.061043 0.054809 -0.047979 0.019073 -0.085189 -0.080824
-0.024259 -0.007152 0.094144 0.025789 -0.102533 -0.040044 -0.024854 -0.659745 -0.339848 -0.017060
0.022105 0.116759 -0.130362 0.205972 0.078557 0.004612 -0.080598 -0.067165 -0.033837 -0.221049
-0.092954 0.018010 -0.042821 -0.078274 -0.012413 -0.073796 -0.177632 -0.121067 -0.042481 -0.017429
-0.066995 -0.008218 0.067448 0.059570 -0.005944 -0.069432 -0.077594 -0.099982 0.005888 -0.007659
-0.164710 -0.010188 0.009274 -0.058890 -0.277728 0.110921 0.090006 0.303800 0.135123 0.104346
0.033412 0.005087 0.158928 -0.219008 -0.310828 0.004843 0.170604 0.441871 0.037550 0.112168
0.033412 -0.173778 -0.566338 -0.131269 -0.186928 -0.110354 0.024074 -0.098055 -0.137050 -0.112338
-0.005470 -0.213000 -0.021963 -0.052145 0.011782 -0.047270 -0.030380 -0.024910 -0.073456 -0.070282
-0.000698 -0.002191 0.007567 0.112565 -0.084962 0.029530 -0.062290 0.036020 -0.336221 -0.201438
-0.011060 0.145439 0.429401 0.156094 -0.019838 0.228644 0.265032 -0.021892 -0.287023 0.003452
-0.274780 -0.017911 0.148273 0.168337 0.051691 -0.032732 0.028892 0.082638 0.076857 -0.052315
0.093237 0.117439 -0.086662 -0.005551 -0.099642 0.043813 0.021623 0.132516 -0.093691 -0.061384
0.106103 0.042481 0.062687 0.041943 
