55 50 135 121 2 65 -84 46 25 129 100 13 -18 133 65 175 28 66 3 61
148 -237 31 75 -5 155 95 10 -15 144 92 -50 164 107 74 90 119 127 180 117
120 -68 90 111 21 177 26 53 136 119 -7 -10 -78 -6 172 13 78 50 -14 78
25 86 71 5 147 207 13 102 17 73 -27 37 143 -44 95 -276 196 10 98 103
120 51 116 152 21 15 62 -212 151 1 26 50 124 17 125 171 79 5 -2 98
91 57 154 93 78 80 36 37 124 46 26 87 156 24 98 164 37 139 -86 111
68 56 30 28 3 55 167 68 118 11 14 134 115 -9 176 182 11 1 57 131
137 1 137 59 11 59 97 -8 -5 3 -9 -371 87 -45 181 73 116 9 -51 162
31 102 -52 51 163 -35 48 153 41 8 80 125 53 110 35 -415 15 8 -26 28
0 73 82 44 99 -7 90 5 13 38 195 56 94 60 -43 90 124 65 33 150
161 94 46 1 59 7 149 16 17 29 38 62 123 57 -39 34 -17 -28 66 12
44 13 86 149 -143 -18 -24 93 67 -60 128 45 -81 -18 -163 62 210 87 -58 47
-58 130 -37 43 90 128 96 19 58 107 291 78 23 84 145 160
