-2 0 -8 -3 -11 -2 -11 -4 -13 -6 5 -1 0 -20 -2 -2 5 -2 -6 -5
-1 2 15 2 3 -12 0 0 -7 1 6 -28 1 1 5 -9 4 10 9 -9
22 4 -5 15 1 -5 5 -1 3 -20 6 -1 -4 8 5 5 1 -3 15 0
4 4 -8 7 10 2 16 22 -1 3 -8 4 -9 -2 -8 -4 16 -6 -6 -2
-5 3 2 1 1 10 7 0 1 -1 7 -2 1 -9 -14 11 4 -2 3 -11
2 -8 -5 -24 -12 -9 -3 -2 39 12 -2 51 -31 6 42 -31 6 13 7 14
11 26 10 20 5 9 28 -6 6 20 27 18 32 14 24 -6 1 1 -2 -8
-3 -10 -4 -6 -5 11 -12 12 43 18 -31 27 -7 12 26 13 -5 -10 -10 4
16 22 29 33 7 -1 -8 24 30 34 34 -3 6 -3 2 12 2 -1 -6 -2
-13 -9 -8 7 12 8 -5 -4 1 29 14 17 -35 -5 17 6 12 -3 3 -3
5 0 14 -13 -1 4 0 1 3 1 -2 3 -13 1 3 -3 -4 3 1 -8
-11 1 -2 1 2 7 -2 2 -8 10 5 9 7 8 2 3 -9 2 24 7
-9 4 6 5 15 11 7 5 -3 -5 2 -5 -42 -50 -56 1 100 17 -43 127
-50 -3 2 -2 -3 -22 -2 0 -3 -4 7 6 1 14 6 -1 2 3 0 -9
6 -13 -3 3 -11 -18 -13 -18 -2 7 19 4 -17 -16 -5 11 10 -7 12 4
35 4 45 18 27 -2 -3 -8 -3 3 5 2 -5 -3 -2 3 3 -2 2 5
-1 -3 -16 -2 1 14 1 -3 41 14 -4 -9 -4 -6 0 -2 2 -21 -1 0
5 -3 7 11 0 0 -20 -4 -1 -5 1 -16 0 15 -8 -10 5 7 1 -6
-4 10 -4 12 10 8 3 18 19 -13 9 6 42 11 46 41 11 0 -1 6
3 0 7 3 2 0 3 -3 14 2 -5 20 13 15 18 32 14 15 9 6
12 7 -4 -14 -7 -17 0 -10 24 14 17 10 8 -3 1 -3 2 -2 -14 -3
2 2 -2 3 2 3 10 -3 8 -8 -15 -10 2 -7 0 8 20 5 4 1
3 -21 -37 -49 32 70 42 -20 -22 -5 -13 -24 -14 -23 -25 -29 -10 -37 -27 1
5 1 -26 31 -2 -28 41 -23 4 -11 -5 3 -13 -26 15 1 -2 -18 -22 -24
-22 -29 -25 -21 -35 -14 -22 -12 -18 2 -23 -25 -7 -24 -13 -1 -3 -1 0 -10
3 0 -3 2 -13 -16 -1 19 -23 1 -8 8 9 4 14 22 14 13 14 -8
16 13 -3 0 2 8 24 -5 -3 6 -2 -3 9 -1 -2 -7 -8 10 25 10
-3 -13 -4 4 -6 3 2 9 4 -2 4 -13 6 3 -17 6 -1 -7 10 6
9 6 8 11 13 4 7 3 7 -1 -11 -4 24 -8 -5 5
