1 2 4 6 7 9 10 12 14 15 17 18 20 22 23 25 26 28 30 31
33 34 36 38 39 41 42 44 46 47 49 50 52 54 55 57 58 60 62 63
65 66 68 69 71 73 74 76 77 79 81 82 84 85 87 89 90 92 93 95
97 98 100 101 103 105 106 108 109 111 113 114 116 117 119 121 122 124 125 127
1 2 4 6 7 9 10 12 14 15 17 18 20 22 23 25 26 28 30 31
33 34 36 38 39 41 42 44 46 47 49 50 52 54 55 57 58 60 62 63
65 66 68 69 71 73 74 76 77 79 81 82 84 85 87 89 90 92 93 95
97 98 100 101 103 105 106 108 109 111 113 114 116 117 119 121 122 124 125 127
1 2 4 6 7 9 10 12 14 15 17 18 20 22 23 25 26 28 30 31
33 34 36 38 39 41 42 44 46 47 49 50 52 54 55 57 58 60 62 63
65 66 68 69 71 73 74 76 77 79 81 82 84 85 87 89 90 92 93 95
97 98 100 101 103 105 106 108 109 111 113 114 116 117 119 121 122 124 125 127
1 2 4 6 7 9 10 12 14 15 17 18 20 22 23 25 26 28 30 31
33 34 36 38 39 41 42 44 46 47 49 50 52 54 55 57 58 60 62 63
65 66 68 69 71 73 74 76 77 79 81 82 84 85 87 89 90 92 93 95
97 98 100 101 103 105 106 108 109 111 113 114 116 117 119 121 122 124 125 127
1 2 4 6 7 9 10 12 14 15 17 18 20 22 23 25 26 28 30 31
33 34 36 38 39 41 42 44 46 47 49 50 52 54 55 57 58 60 62 63
65 66 68 69 71 73 74 76 77 79 81 82 84 85 87 89 90 92 93 95
97 98 100 101 103 105 106 108 109 111 113 114 116 117 119 121 122 124 125 127
1 2 4 6 7 9 10 12 14 15 17 18 20 22 23 25 26 28 30 31
33 34 36 38 39 41 42 44 46 47 49 50 52 54 55 57 58 60 62 63
65 66 68 69 71 73 74 76 77 79 81 82 84 85 87 89 90 92 93 95
97 98 100 101 103 105 106 108 109 111 113 114 116 117 119 121 122 124 125 127
1 2 4 6 7 9 10 12 14 15 17 18 20 22 23 25 26 28 30 31
33 34 36 38 39 41 42 44 46 47 49 50 52 54 55 57 58 60 62 63
65 66 68 69 71 73 74 76 77 79 81 82 84 85 87 89 90 92 93 95
97 98 100 101 103 105 106 108 109 111 113 114 116 117 119 121 122 124 125 127
1 2 4 6 7 9 10 12 14 15 17 18 20 22 23 25 26 28 30 31
33 34 36 38 39 41 42 44 46 47 49 50 52 54 55 57 58 60 62 63
65 66 68 69 71 73 74 76 77 79 81 82 84 85 87 89 90 92 93 95
97 98 100 101 103 105 106 108 109 111 113 114 116 117 119 121 122 124 125 127
1 2 4 6 7 9 10 12 14 15 17 18 20 22 23 25 26 28 30 31
33 34 36 38 39 41 42 44 46 47 49 50 52 54 55 57 58 60 62 63
65 66 68 69 71 73 74 76 77 79 81 82 84 85 87 89 90 92 93 95
97 98 100 101 103 105 106 108 109 111 113 114 116 117 119 121 122 124 125 127
1 2 4 6 7 9 10 12 14 15 17 18 20 22 23 25 26 28 30 31
33 34 36 38 39 41 42 44 46 47 49 50 52 54 55 57 58 60 62 63
65 66 68 69 71 73 74 76 77 79 81 82 84 85 87 89 90 92 93 95
97 98 100 101 103 105 106 108 109 111 113 114 116 117 119 121 122 124 125 127
1 2 4 6 7 9 10 12 14 15 17 18 20 22 23 25 26 28 30 31
33 34 36 38 39 41 42 44 46 47 49 50 52 54 55 57 58 60 62 63
65 66 68 69 71 73 74 76 77 79 81 82 84 85 87 89 90 92 93 95
97 98 100 101 103 105 106 108 109 111 113 114 116 117 119 121 122 124 125 127
1 2 4 6 7 9 10 12 14 15 17 18 20 22 23 25 26 28 30 31
33 34 36 38 39 41 42 44 46 47 49 50 52 54 55 57 58 60 62 63
65 66 68 69 71 73 74 76 77 79 81 82 84 85 87 89 90 92 93 95
97 98 100 101 103 105 106 108 109 111 113 114 116 117 119 121 122 124 125 127
1 2 4 6 7 9 10 12 14 15 17 18 20 22 23 25 26 28 30 31
33 34 36 38 39 41 42 44 46 47 49 50 52 54 55 57 58 60 62 63
65 66 68 69 71 73 74 76 77 79 81 82 84 85 87 89 90 92 93 95
97 98 100 101 103 105 106 108 109 111 113 114 116 117 119 121 122 124 125 127
1 2 4 6 7 9 10 12 14 15 17 18 20 22 23 25 26 28 30 31
33 34 36 38 39 41 42 44 46 47 49 50 52 54 55 57 58 60 62 63
65 66 68 69 71 73 74 76 77 79 81 82 84 85 87 89 90 92 93 95
97 98 100 101 103 105 106 108 109 111 113 114 116 117 119 121 122 124 125 127
1 2 4 6 7 9 10 12 14 15 17 18 20 22 23 25 26 28 30 31
33 34 36 38 39 41 42 44 46 47 49 50 52 54 55 57 58 60 62 63
65 66 68 69 71 73 74 76 77 79 81 82 84 85 87 89 90 92 93 95
97 98 100 101 103 105 106 108 109 111 113 114 116 117 119 121 122 124 125 127
1 2 4 6 7 9 10 12 14 15 17 18 20 22 23 25 26 28 30 31
33 34 36 38 39 41 42 44 46 47 49 50 52 54 55 57 58 60 62 63
65 66 68 69 71 73 74 76 77 79 81 82 84 85 87 89 90 92 93 95
97 98 100 101 103 105 106 108 109 111 113 114 116 117 119 121 122 124 125 127
1 2 4 6 7 9 10 12 14 15 17 18 20 22 23 25 26 28 30 31
33 34 36 38 39 41 42 44 46 47 49 50 52 54 55 57 58 60 62 63
65 66 68 69 71 73 74 76 77 79 81 82 84 85 87 89 90 92 93 95
97 98 100 101 103 105 106 108 109 111 113 114 116 117 119 121 122 124 125 127
1 2 4 6 7 9 10 12 14 15 17 18 20 22 23 25 26 28 30 31
33 34 36 38 39 41 42 44 46 47 49 50 52 54 55 57 58 60 62 63
65 66 68 69 71 73 74 76 77 79 81 82 84 85 87 89 90 92 93 95
97 98 100 101 103 105 106 108 109 111 113 114 116 117 119 121 122 124 125 127
1 2 4 6 7 9 10 12 14 15 17 18 20 22 23 25 26 28 30 31
33 34 36 38 39 41 42 44 46 47 49 50 52 54 55 57 58 60 62 63
65 66 68 69 71 73 74 76 77 79 81 82 84 85 87 89 90 92 93 95
97 98 100 101 103 105 106 108 109 111 113 114 116 117 119 121 122 124 125 127
1 2 4 6 7 9 10 12 14 15 17 18 20 22 23 25 26 28 30 31
33 34 36 38 39 41 42 44 46 47 49 50 52 54 55 57 58 60 62 63
65 66 68 69 71 73 74 76 77 79 81 82 84 85 87 89 90 92 93 95
97 98 100 101 103 105 106 108 109 111 113 114 116 117 119 121 122 124 125 127
1 2 4 6 7 9 10 12 14 15 17 18 20 22 23 25 26 28 30 31
33 34 36 38 39 41 42 44 46 47 49 50 52 54 55 57 58 60 62 63
65 66 68 69 71 73 74 76 77 79 81 82 84 85 87 89 90 92 93 95
97 98 100 101 103 105 106 108 109 111 113 114 116 117 119 121 122 124 125 127
1 2 4 6 7 9 10 12 14 15 17 18 20 22 23 25 26 28 30 31
33 34 36 38 39 41 42 44 46 47 49 50 52 54 55 57 58 60 62 63
65 66 68 69 71 73 74 76 77 79 81 82 84 85 87 89 90 92 93 95
97 98 100 101 103 105 106 108 109 111 113 114 116 117 119 121 122 124 125 127
1 2 4 6 7 9 10 12 14 15 17 18 20 22 23 25 26 28 30 31
33 34 36 38 39 41 42 44 46 47 49 50 52 54 55 57 58 60 62 63
65 66 68 69 71 73 74 76 77 79 81 82 84 85 87 89 90 92 93 95
97 98 100 101 103 105 106 108 109 111 113 114 116 117 119 121 122 124 125 127
1 2 4 6 7 9 10 12 14 15 17 18 20 22 23 25 26 28 30 31
33 34 36 38 39 41 42 44 46 47 49 50 52 54 55 57 58 60 62 63
65 66 68 69 71 73 74 76 77 79 81 82 84 85 87 89 90 92 93 95
97 98 100 101 103 105 106 108 109 111 113 114 116 117 119 121 122 124 125 127
1 2 4 6 7 9 10 12 14 15 17 18 20 22 23 25 26 28 30 31
33 34 36 38 39 41 42 44 46 47 49 50 52 54 55 57 58 60 62 63
65 66 68 69 71 73 74 76 77 79 81 82 84 85 87 89 90 92 93 95
97 98 100 101 103 105 106 108 109 111 113 114 116 117 119 121 122 124 125 127
1 2 4 6 7 9 10 12 14 15 17 18 20 22 23 25 26 28 30 31
33 34 36 38 39 41 42 44 46 47 49 50 52 54 55 57 58 60 62 63
65 66 68 69 71 73 74 76 77 79 81 82 84 85 87 89 90 92 93 95
97 98 100 101 103 105 106 108 109 111 113 114 116 117 119 121 122 124 125 127
1 2 4 6 7 9 10 12 14 15 17 18 20 22 23 25 26 28 30 31
33 34 36 38 39 41 42 44 46 47 49 50 52 54 55 57 58 60 62 63
65 66 68 69 71 73 74 76 77 79 81 82 84 85 87 89 90 92 93 95
97 98 100 101 103 105 106 108 109 111 113 114 116 117 119 121 122 124 125 127
1 2 4 6 7 9 10 12 14 15 17 18 20 22 23 25 26 28 30 31
33 34 36 38 39 41 42 44 46 47 49 50 52 54 55 57 58 60 62 63
65 66 68 69 71 73 74 76 77 79 81 82 84 85 87 89 90 92 93 95
97 98 100 101 103 105 106 108 109 111 113 114 116 117 119 121 122 124 125 127
1 2 4 6 7 9 10 12 14 15 17 18 20 22 23 25 26 28 30 31
33 34 36 38 39 41 42 44 46 47 49 50 52 54 55 57 58 60 62 63
65 66 68 69 71 73 74 76 77 79 81 82 84 85 87 89 90 92 93 95
97 98 100 101 103 105 106 108 109 111 113 114 116 117 119 121 122 124 125 127
1 2 4 6 7 9 10 12 14 15 17 18 20 22 23 25 26 28 30 31
33 34 36 38 39 41 42 44 46 47 49 50 52 54 55 57 58 60 62 63
65 66 68 69 71 73 74 76 77 79 81 82 84 85 87 89 90 92 93 95
97 98 100 101 103 105 106 108 109 111 113 114 116 117 119 121 122 124 125 127
1 2 4 6 7 9 10 12 14 15 17 18 20 22 23 25 26 28 30 31
33 34 36 38 39 41 42 44 46 47 49 50 52 54 55 57 58 60 62 63
65 66 68 69 71 73 74 76 77 79 81 82 84 85 87 89 90 92 93 95
97 98 100 101 103 105 106 108 109 111 113 114 116 117 119 121 122 124 125 127
1 2 4 6 7 9 10 12 14 15 17 18 20 22 23 25 26 28 30 31
33 34 36 38 39 41 42 44 46 47 49 50 52 54 55 57 58 60 62 63
65 66 68 69 71 73 74 76 77 79 81 82 84 85 87 89 90 92 93 95
97 98 100 101 103 105 106 108 109 111 113 114 116 117 119 121 122 124 125 127
1 2 4 6 7 9 10 12 14 15 17 18 20 22 23 25 26 28 30 31
33 34 36 38 39 41 42 44 46 47 49 50 52 54 55 57 58 60 62 63
65 66 68 69 71 73 74 76 77 79 81 82 84 85 87 89 90 92 93 95
97 98 100 101 103 105 106 108 109 111 113 114 116 117 119 121 122 124 125 127
1 2 4 6 7 9 10 12 14 15 17 18 20 22 23 25 26 28 30 31
33 34 36 38 39 41 42 44 46 47 49 50 52 54 55 57 58 60 62 63
65 66 68 69 71 73 74 76 77 79 81 82 84 85 87 89 90 92 93 95
97 98 100 101 103 105 106 108 109 111 113 114 116 117 119 121 122 124 125 127
1 2 4 6 7 9 10 12 14 15 17 18 20 22 23 25 26 28 30 31
33 34 36 38 39 41 42 44 46 47 49 50 52 54 55 57 58 60 62 63
65 66 68 69 71 73 74 76 77 79 81 82 84 85 87 89 90 92 93 95
97 98 100 101 103 105 106 108 109 111 113 114 116 117 119 121 122 124 125 127
1 2 4 6 7 9 10 12 14 15 17 18 20 22 23 25 26 28 30 31
33 34 36 38 39 41 42 44 46 47 49 50 52 54 55 57 58 60 62 63
65 66 68 69 71 73 74 76 77 79 81 82 84 85 87 89 90 92 93 95
97 98 100 101 103 105 106 108 109 111 113 114 116 117 119 121 122 124 125 127
1 2 4 6 7 9 10 12 14 15 17 18 20 22 23 25 26 28 30 31
33 34 36 38 39 41 42 44 46 47 49 50 52 54 55 57 58 60 62 63
65 66 68 69 71 73 74 76 77 79 81 82 84 85 87 89 90 92 93 95
97 98 100 101 103 105 106 108 109 111 113 114 116 117 119 121 122 124 125 127
1 2 4 6 7 9 10 12 14 15 17 18 20 22 23 25 26 28 30 31
33 34 36 38 39 41 42 44 46 47 49 50 52 54 55 57 58 60 62 63
65 66 68 69 71 73 74 76 77 79 81 82 84 85 87 89 90 92 93 95
97 98 100 101 103 105 106 108 109 111 113 114 116 117 119 121 122 124 125 127
1 2 4 6 7 9 10 12 14 15 17 18 20 22 23 25 26 28 30 31
33 34 36 38 39 41 42 44 46 47 49 50 52 54 55 57 58 60 62 63
65 66 68 69 71 73 74 76 77 79 81 82 84 85 87 89 90 92 93 95
97 98 100 101 103 105 106 108 109 111 113 114 116 117 119 121 122 124 125 127
1 2 4 6 7 9 10 12 14 15 17 18 20 22 23 25 26 28 30 31
33 34 36 38 39 41 42 44 46 47 49 50 52 54 55 57 58 60 62 63
65 66 68 69 71 73 74 76 77 79 81 82 84 85 87 89 90 92 93 95
97 98 100 101 103 105 106 108 109 111 113 114 116 117 119 121 122 124 125 127
1 2 4 6 7 9 10 12 14 15 17 18 20 22 23 25 26 28 30 31
33 34 36 38 39 41 42 44 46 47 49 50 52 54 55 57 58 60 62 63
65 66 68 69 71 73 74 76 77 79 81 82 84 85 87 89 90 92 93 95
97 98 100 101 103 105 106 108 109 111 113 114 116 117 119 121 122 124 125 127
1 2 4 6 7 9 10 12 14 15 17 18 20 22 23 25 26 28 30 31
33 34 36 38 39 41 42 44 46 47 49 50 52 54 55 57 58 60 62 63
65 66 68 69 71 73 74 76 77 79 81 82 84 85 87 89 90 92 93 95
97 98 100 101 103 105 106 108 109 111 113 114 116 117 119 121 122 124 125 127
1 2 4 6 7 9 10 12 14 15 17 18 20 22 23 25 26 28 30 31
33 34 36 38 39 41 42 44 46 47 49 50 52 54 55 57 58 60 62 63
65 66 68 69 71 73 74 76 77 79 81 82 84 85 87 89 90 92 93 95
97 98 100 101 103 105 106 108 109 111 113 114 116 117 119 121 122 124 125 127
1 2 4 6 7 9 10 12 14 15 17 18 20 22 23 25 26 28 30 31
33 34 36 38 39 41 42 44 46 47 49 50 52 54 55 57 58 60 62 63
65 66 68 69 71 73 74 76 77 79 81 82 84 85 87 89 90 92 93 95
97 98 100 101 103 105 106 108 109 111 113 114 116 117 119 121 122 124 125 127
1 2 4 6 7 9 10 12 14 15 17 18 20 22 23 25 26 28 30 31
33 34 36 38 39 41 42 44 46 47 49 50 52 54 55 57 58 60 62 63
65 66 68 69 71 73 74 76 77 79 81 82 84 85 87 89 90 92 93 95
97 98 100 101 103 105 106 108 109 111 113 114 116 117 119 121 122 124 125 127
1 2 4 6 7 9 10 12 14 15 17 18 20 22 23 25 26 28 30 31
33 34 36 38 39 41 42 44 46 47 49 50 52 54 55 57 58 60 62 63
65 66 68 69 71 73 74 76 77 79 81 82 84 85 87 89 90 92 93 95
97 98 100 101 103 105 106 108 109 111 113 114 116 117 119 121 122 124 125 127
1 2 4 6 7 9 10 12 14 15 17 18 20 22 23 25 26 28 30 31
33 34 36 38 39 41 42 44 46 47 49 50 52 54 55 57 58 60 62 63
65 66 68 69 71 73 74 76 77 79 81 82 84 85 87 89 90 92 93 95
97 98 100 101 103 105 106 108 109 111 113 114 116 117 119 121 122 124 125 127
1 2 4 6 7 9 10 12 14 15 17 18 20 22 23 25 26 28 30 31
33 34 36 38 39 41 42 44 46 47 49 50 52 54 55 57 58 60 62 63
65 66 68 69 71 73 74 76 77 79 81 82 84 85 87 89 90 92 93 95
97 98 100 101 103 105 106 108 109 111 113 114 116 117 119 121 122 124 125 127
1 2 4 6 7 9 10 12 14 15 17 18 20 22 23 25 26 28 30 31
33 34 36 38 39 41 42 44 46 47 49 50 52 54 55 57 58 60 62 63
65 66 68 69 71 73 74 76 77 79 81 82 84 85 87 89 90 92 93 95
97 98 100 101 103 105 106 108 109 111 113 114 116 117 119 121 122 124 125 127
1 2 4 6 7 9 10 12 14 15 17 18 20 22 23 25 26 28 30 31
33 34 36 38 39 41 42 44 46 47 49 50 52 54 55 57 58 60 62 63
65 66 68 69 71 73 74 76 77 79 81 82 84 85 87 89 90 92 93 95
97 98 100 101 103 105 106 108 109 111 113 114 116 117 119 121 122 124 125 127
1 2 4 6 7 9 10 12 14 15 17 18 20 22 23 25 26 28 30 31
33 34 36 38 39 41 42 44 46 47 49 50 52 54 55 57 58 60 62 63
65 66 68 69 71 73 74 76 77 79 81 82 84 85 87 89 90 92 93 95
97 98 100 101 103 105 106 108 109 111 113 114 116 117 119 121 122 124 125 127
1 2 4 6 7 9 10 12 14 15 17 18 20 22 23 25 26 28 30 31
33 34 36 38 39 41 42 44 46 47 49 50 52 54 55 57 58 60 62 63
65 66 68 69 71 73 74 76 77 79 81 82 84 85 87 89 90 92 93 95
97 98 100 101 103 105 106 108 109 111 113 114 116 117 119 121 122 124 125 127
1 2 4 6 7 9 10 12 14 15 17 18 20 22 23 25 26 28 30 31
33 34 36 38 39 41 42 44 46 47 49 50 52 54 55 57 58 60 62 63
65 66 68 69 71 73 74 76 77 79 81 82 84 85 87 89 90 92 93 95
97 98 100 101 103 105 106 108 109 111 113 114 116 117 119 121 122 124 125 127
1 2 4 6 7 9 10 12 14 15 17 18 20 22 23 25 26 28 30 31
33 34 36 38 39 41 42 44 46 47 49 50 52 54 55 57 58 60 62 63
65 66 68 69 71 73 74 76 77 79 81 82 84 85 87 89 90 92 93 95
97 98 100 101 103 105 106 108 109 111 113 114 116 117 119 121 122 124 125 127
1 2 4 6 7 9 10 12 14 15 17 18 20 22 23 25 26 28 30 31
33 34 36 38 39 41 42 44 46 47 49 50 52 54 55 57 58 60 62 63
65 66 68 69 71 73 74 76 77 79 81 82 84 85 87 89 90 92 93 95
97 98 100 101 103 105 106 108 109 111 113 114 116 117 119 121 122 124 125 127
1 2 4 6 7 9 10 12 14 15 17 18 20 22 23 25 26 28 30 31
33 34 36 38 39 41 42 44 46 47 49 50 52 54 55 57 58 60 62 63
65 66 68 69 71 73 74 76 77 79 81 82 84 85 87 89 90 92 93 95
97 98 100 101 103 105 106 108 109 111 113 114 116 117 119 121 122 124 125 127
1 2 4 6 7 9 10 12 14 15 17 18 20 22 23 25 26 28 30 31
33 34 36 38 39 41 42 44 46 47 49 50 52 54 55 57 58 60 62 63
65 66 68 69 71 73 74 76 77 79 81 82 84 85 87 89 90 92 93 95
97 98 100 101 103 105 106 108 109 111 113 114 116 117 119 121 122 124 125 127
1 2 4 6 7 9 10 12 14 15 17 18 20 22 23 25 26 28 30 31
33 34 36 38 39 41 42 44 46 47 49 50 52 54 55 57 58 60 62 63
65 66 68 69 71 73 74 76 77 79 81 82 84 85 87 89 90 92 93 95
97 98 100 101 103 105 106 108 109 111 113 114 116 117 119 121 122 124 125 127
1 2 4 6 7 9 10 12 14 15 17 18 20 22 23 25 26 28 30 31
33 34 36 38 39 41 42 44 46 47 49 50 52 54 55 57 58 60 62 63
65 66 68 69 71 73 74 76 77 79 81 82 84 85 87 89 90 92 93 95
97 98 100 101 103 105 106 108 109 111 113 114 116 117 119 121 122 124 125 127
1 2 4 6 7 9 10 12 14 15 17 18 20 22 23 25 26 28 30 31
33 34 36 38 39 41 42 44 46 47 49 50 52 54 55 57 58 60 62 63
65 66 68 69 71 73 74 76 77 79 81 82 84 85 87 89 90 92 93 95
97 98 100 101 103 105 106 108 109 111 113 114 116 117 119 121 122 124 125 127
1 2 4 6 7 9 10 12 14 15 17 18 20 22 23 25 26 28 30 31
33 34 36 38 39 41 42 44 46 47 49 50 52 54 55 57 58 60 62 63
65 66 68 69 71 73 74 76 77 79 81 82 84 85 87 89 90 92 93 95
97 98 100 101 103 105 106 108 109 111 113 114 116 117 119 121 122 124 125 127
1 2 4 6 7 9 10 12 14 15 17 18 20 22 23 25 26 28 30 31
33 34 36 38 39 41 42 44 46 47 49 50 52 54 55 57 58 60 62 63
65 66 68 69 71 73 74 76 77 79 81 82 84 85 87 89 90 92 93 95
97 98 100 101 103 105 106 108 109 111 113 114 116 117 119 121 122 124 125 127
1 2 4 6 7 9 10 12 14 15 17 18 20 22 23 25 26 28 30 31
33 34 36 38 39 41 42 44 46 47 49 50 52 54 55 57 58 60 62 63
65 66 68 69 71 73 74 76 77 79 81 82 84 85 87 89 90 92 93 95
97 98 100 101 103 105 106 108 109 111 113 114 116 117 119 121 122 124 125 127
1 2 4 6 7 9 10 12 14 15 17 18 20 22 23 25 26 28 30 31
33 34 36 38 39 41 42 44 46 47 49 50 52 54 55 57 58 60 62 63
65 66 68 69 71 73 74 76 77 79 81 82 84 85 87 89 90 92 93 95
97 98 100 101 103 105 106 108 109 111 113 114 116 117 119 121 122 124 125 127
1 2 4 6 7 9 10 12 14 15 17 18 20 22 23 25 26 28 30 31
33 34 36 38 39 41 42 44 46 47 49 50 52 54 55 57 58 60 62 63
65 66 68 69 71 73 74 76 77 79 81 82 84 85 87 89 90 92 93 95
97 98 100 101 103 105 106 108 109 111 113 114 116 117 119 121 122 124 125 127
1 2 4 6 7 9 10 12 14 15 17 18 20 22 23 25 26 28 30 31
33 34 36 38 39 41 42 44 46 47 49 50 52 54 55 57 58 60 62 63
65 66 68 69 71 73 74 76 77 79 81 82 84 85 87 89 90 92 93 95
97 98 100 101 103 105 106 108 109 111 113 114 116 117 119 121 122 124 125 127
1 2 4 6 7 9 10 12 14 15 17 18 20 22 23 25 26 28 30 31
33 34 36 38 39 41 42 44 46 47 49 50 52 54 55 57 58 60 62 63
65 66 68 69 71 73 74 76 77 79 81 82 84 85 87 89 90 92 93 95
97 98 100 101 103 105 106 108 109 111 113 114 116 117 119 121 122 124 125 127
1 2 4 6 7 9 10 12 14 15 17 18 20 22 23 25 26 28 30 31
33 34 36 38 39 41 42 44 46 47 49 50 52 54 55 57 58 60 62 63
65 66 68 69 71 73 74 76 77 79 81 82 84 85 87 89 90 92 93 95
97 98 100 101 103 105 106 108 109 111 113 114 116 117 119 121 122 124 125 127
1 2 4 6 7 9 10 12 14 15 17 18 20 22 23 25 26 28 30 31
33 34 36 38 39 41 42 44 46 47 49 50 52 54 55 57 58 60 62 63
65 66 68 69 71 73 74 76 77 79 81 82 84 85 87 89 90 92 93 95
97 98 100 101 103 105 106 108 109 111 113 114 116 117 119 121 122 124 125 127
1 2 4 6 7 9 10 12 14 15 17 18 20 22 23 25 26 28 30 31
33 34 36 38 39 41 42 44 46 47 49 50 52 54 55 57 58 60 62 63
65 66 68 69 71 73 74 76 77 79 81 82 84 85 87 89 90 92 93 95
97 98 100 101 103 105 106 108 109 111 113 114 116 117 119 121 122 124 125 127
1 2 4 6 7 9 10 12 14 15 17 18 20 22 23 25 26 28 30 31
33 34 36 38 39 41 42 44 46 47 49 50 52 54 55 57 58 60 62 63
65 66 68 69 71 73 74 76 77 79 81 82 84 85 87 89 90 92 93 95
97 98 100 101 103 105 106 108 109 111 113 114 116 117 119 121 122 124 125 127
1 2 4 6 7 9 10 12 14 15 17 18 20 22 23 25 26 28 30 31
33 34 36 38 39 41 42 44 46 47 49 50 52 54 55 57 58 60 62 63
65 66 68 69 71 73 74 76 77 79 81 82 84 85 87 89 90 92 93 95
97 98 100 101 103 105 106 108 109 111 113 114 116 117 119 121 122 124 125 127
1 2 4 6 7 9 10 12 14 15 17 18 20 22 23 25 26 28 30 31
33 34 36 38 39 41 42 44 46 47 49 50 52 54 55 57 58 60 62 63
65 66 68 69 71 73 74 76 77 79 81 82 84 85 87 89 90 92 93 95
97 98 100 101 103 105 106 108 109 111 113 114 116 117 119 121 122 124 125 127
1 2 4 6 7 9 10 12 14 15 17 18 20 22 23 25 26 28 30 31
33 34 36 38 39 41 42 44 46 47 49 50 52 54 55 57 58 60 62 63
65 66 68 69 71 73 74 76 77 79 81 82 84 85 87 89 90 92 93 95
97 98 100 101 103 105 106 108 109 111 113 114 116 117 119 121 122 124 125 127
1 2 4 6 7 9 10 12 14 15 17 18 20 22 23 25 26 28 30 31
33 34 36 38 39 41 42 44 46 47 49 50 52 54 55 57 58 60 62 63
65 66 68 69 71 73 74 76 77 79 81 82 84 85 87 89 90 92 93 95
97 98 100 101 103 105 106 108 109 111 113 114 116 117 119 121 122 124 125 127
1 2 4 6 7 9 10 12 14 15 17 18 20 22 23 25 26 28 30 31
33 34 36 38 39 41 42 44 46 47 49 50 52 54 55 57 58 60 62 63
65 66 68 69 71 73 74 76 77 79 81 82 84 85 87 89 90 92 93 95
97 98 100 101 103 105 106 108 109 111 113 114 116 117 119 121 122 124 125 127
1 2 4 6 7 9 10 12 14 15 17 18 20 22 23 25 26 28 30 31
33 34 36 38 39 41 42 44 46 47 49 50 52 54 55 57 58 60 62 63
65 66 68 69 71 73 74 76 77 79 81 82 84 85 87 89 90 92 93 95
97 98 100 101 103 105 106 108 109 111 113 114 116 117 119 121 122 124 125 127
1 2 4 6 7 9 10 12 14 15 17 18 20 22 23 25 26 28 30 31
33 34 36 38 39 41 42 44 46 47 49 50 52 54 55 57 58 60 62 63
65 66 68 69 71 73 74 76 77 79 81 82 84 85 87 89 90 92 93 95
97 98 100 101 103 105 106 108 109 111 113 114 116 117 119 121 122 124 125 127
1 2 4 6 7 9 10 12 14 15 17 18 20 22 23 25 26 28 30 31
33 34 36 38 39 41 42 44 46 47 49 50 52 54 55 57 58 60 62 63
65 66 68 69 71 73 74 76 77 79 81 82 84 85 87 89 90 92 93 95
97 98 100 101 103 105 106 108 109 111 113 114 116 117 119 121 122 124 125 127
1 2 4 6 7 9 10 12 14 15 17 18 20 22 23 25 26 28 30 31
33 34 36 38 39 41 42 44 46 47 49 50 52 54 55 57 58 60 62 63
65 66 68 69 71 73 74 76 77 79 81 82 84 85 87 89 90 92 93 95
97 98 100 101 103 105 106 108 109 111 113 114 116 117 119 121 122 124 125 127
1 2 4 6 7 9 10 12 14 15 17 18 20 22 23 25 26 28 30 31
33 34 36 38 39 41 42 44 46 47 49 50 52 54 55 57 58 60 62 63
1 2 4 6 7 9 10 12 14 15 17 18 20 22 23 25 26 28 30 31
33 34 36 38 39 41 42 44 46 47 49 50 52 54 55 57 58 60 62 63
1 2 4 6 7 9 10 12 14 15 17 18 20 22 23 25 26 28 30 31
33 34 36 38 39 41 42 44 46 47 49 50 52 54 55 57 58 60 62 63
1 2 4 6 7 9 10 12 14 15 17 18 20 22 23 25 26 28 30 31
33 34 36 38 39 41 42 44 46 47 49 50 52 54 55 57 58 60 62 63
1 2 4 6 7 9 10 12 14 15 17 18 20 22 23 25 26 28 30 31
33 34 36 38 39 41 42 44 46 47 49 50 52 54 55 57 58 60 62 63
1 2 4 6 7 9 10 12 14 15 17 18 20 22 23 25 26 28 30 31
33 34 36 38 39 41 42 44 46 47 49 50 52 54 55 57 58 60 62 63
1 2 4 6 7 9 10 12 14 15 17 18 20 22 23 25 26 28 30 31
33 34 36 38 39 41 42 44 46 47 49 50 52 54 55 57 58 60 62 63
1 2 4 6 7 9 10 12 14 15 17 18 20 22 23 25 26 28 30 31
33 34 36 38 39 41 42 44 46 47 49 50 52 54 55 57 58 60 62 63
1 2 4 6 7 9 10 12 14 15 17 18 20 22 23 25 26 28 30 31
33 34 36 38 39 41 42 44 46 47 49 50 52 54 55 57 58 60 62 63
1 2 4 6 7 9 10 12 14 15 17 18 20 22 23 25 26 28 30 31
33 34 36 38 39 41 42 44 46 47 49 50 52 54 55 57 58 60 62 63
1 2 4 6 7 9 10 12 14 15 17 18 20 22 23 25 26 28 30 31
33 34 36 38 39 41 42 44 46 47 49 50 52 54 55 57 58 60 62 63
1 2 4 6 7 9 10 12 14 15 17 18 20 22 23 25 26 28 30 31
33 34 36 38 39 41 42 44 46 47 49 50 52 54 55 57 58 60 62 63
1 2 4 6 7 9 10 12 14 15 17 18 20 22 23 25 26 28 30 31
33 34 36 38 39 41 42 44 46 47 49 50 52 54 55 57 58 60 62 63
1 2 4 6 7 9 10 12 14 15 17 18 20 22 23 25 26 28 30 31
33 34 36 38 39 41 42 44 46 47 49 50 52 54 55 57 58 60 62 63
1 2 4 6 7 9 10 12 14 15 17 18 20 22 23 25 26 28 30 31
33 34 36 38 39 41 42 44 46 47 49 50 52 54 55 57 58 60 62 63
1 2 4 6 7 9 10 12 14 15 17 18 20 22 23 25 26 28 30 31
33 34 36 38 39 41 42 44 46 47 49 50 52 54 55 57 58 60 62 63
1 2 4 6 7 9 10 12 14 15 17 18 20 22 23 25 26 28 30 31
33 34 36 38 39 41 42 44 46 47 49 50 52 54 55 57 58 60 62 63
1 2 4 6 7 9 10 12 14 15 17 18 20 22 23 25 26 28 30 31
33 34 36 38 39 41 42 44 46 47 49 50 52 54 55 57 58 60 62 63
1 2 4 6 7 9 10 12 14 15 17 18 20 22 23 25 26 28 30 31
33 34 36 38 39 41 42 44 46 47 49 50 52 54 55 57 58 60 62 63
1 2 4 6 7 9 10 12 14 15 17 18 20 22 23 25 26 28 30 31
33 34 36 38 39 41 42 44 46 47 49 50 52 54 55 57 58 60 62 63
1 2 4 6 7 9 10 12 14 15 17 18 20 22 23 25 26 28 30 31
33 34 36 38 39 41 42 44 46 47 49 50 52 54 55 57 58 60 62 63
1 2 4 6 7 9 10 12 14 15 17 18 20 22 23 25 26 28 30 31
33 34 36 38 39 41 42 44 46 47 49 50 52 54 55 57 58 60 62 63
1 2 4 6 7 9 10 12 14 15 17 18 20 22 23 25 26 28 30 31
33 34 36 38 39 41 42 44 46 47 49 50 52 54 55 57 58 60 62 63
1 2 4 6 7 9 10 12 14 15 17 18 20 22 23 25 26 28 30 31
33 34 36 38 39 41 42 44 46 47 49 50 52 54 55 57 58 60 62 63
1 2 4 6 7 9 10 12 14 15 17 18 20 22 23 25 26 28 30 31
33 34 36 38 39 41 42 44 46 47 49 50 52 54 55 57 58 60 62 63
1 2 4 6 7 9 10 12 14 15 17 18 20 22 23 25 26 28 30 31
33 34 36 38 39 41 42 44 46 47 49 50 52 54 55 57 58 60 62 63
1 2 4 6 7 9 10 12 14 15 17 18 20 22 23 25 26 28 30 31
33 34 36 38 39 41 42 44 46 47 49 50 52 54 55 57 58 60 62 63
1 2 4 6 7 9 10 12 14 15 17 18 20 22 23 25 26 28 30 31
33 34 36 38 39 41 42 44 46 47 49 50 52 54 55 57 58 60 62 63
1 2 4 6 7 9 10 12 14 15 17 18 20 22 23 25 26 28 30 31
33 34 36 38 39 41 42 44 46 47 49 50 52 54 55 57 58 60 62 63
1 2 4 6 7 9 10 12 14 15 17 18 20 22 23 25 26 28 30 31
33 34 36 38 39 41 42 44 46 47 49 50 52 54 55 57 58 60 62 63
1 2 4 6 7 9 10 12 14 15 17 18 20 22 23 25 26 28 30 31
33 34 36 38 39 41 42 44 46 47 49 50 52 54 55 57 58 60 62 63
1 2 4 6 7 9 10 12 14 15 17 18 20 22 23 25 26 28 30 31
33 34 36 38 39 41 42 44 46 47 49 50 52 54 55 57 58 60 62 63
1 2 4 6 7 9 10 12 14 15 17 18 20 22 23 25 26 28 30 31
33 34 36 38 39 41 42 44 46 47 49 50 52 54 55 57 58 60 62 63
1 2 4 6 7 9 10 12 14 15 17 18 20 22 23 25 26 28 30 31
33 34 36 38 39 41 42 44 46 47 49 50 52 54 55 57 58 60 62 63
1 2 4 6 7 9 10 12 14 15 17 18 20 22 23 25 26 28 30 31
33 34 36 38 39 41 42 44 46 47 49 50 52 54 55 57 58 60 62 63
1 2 4 6 7 9 10 12 14 15 17 18 20 22 23 25 26 28 30 31
33 34 36 38 39 41 42 44 46 47 49 50 52 54 55 57 58 60 62 63
1 2 4 6 7 9 10 12 14 15 17 18 20 22 23 25 26 28 30 31
33 34 36 38 39 41 42 44 46 47 49 50 52 54 55 57 58 60 62 63
1 2 4 6 7 9 10 12 14 15 17 18 20 22 23 25 26 28 30 31
33 34 36 38 39 41 42 44 46 47 49 50 52 54 55 57 58 60 62 63
1 2 4 6 7 9 10 12 14 15 17 18 20 22 23 25 26 28 30 31
33 34 36 38 39 41 42 44 46 47 49 50 52 54 55 57 58 60 62 63
1 2 4 6 7 9 10 12 14 15 17 18 20 22 23 25 26 28 30 31
33 34 36 38 39 41 42 44 46 47 49 50 52 54 55 57 58 60 62 63
1 2 4 6 7 9 10 12 14 15 17 18 20 22 23 25 26 28 30 31
1 2 4 6 7 9 10 12 14 15 17 18 20 22 23 25 26 28 30 31
1 2 4 6 7 9 10 12 14 15 17 18 20 22 23 25 26 28 30 31
1 2 4 6 7 9 10 12 14 15 17 18 20 22 23 25 26 28 30 31
1 2 4 6 7 9 10 12 14 15 17 18 20 22 23 25 26 28 30 31
1 2 4 6 7 9 10 12 14 15 17 18 20 22 23 25 26 28 30 31
1 2 4 6 7 9 10 12 14 15 17 18 20 22 23 25 26 28 30 31
1 2 4 6 7 9 10 12 14 15 17 18 20 22 23 25 26 28 30 31
1 2 4 6 7 9 10 12 14 15 17 18 20 22 23 25 26 28 30 31
1 2 4 6 7 9 10 12 14 15 17 18 20 22 23 25 26 28 30 31
1 2 4 6 7 9 10 12 14 15 17 18 20 22 23 25 26 28 30 31
1 2 4 6 7 9 10 12 14 15 17 18 20 22 23 25 26 28 30 31
1 2 4 6 7 9 10 12 14 15 17 18 20 22 23 25 26 28 30 31
1 2 4 6 7 9 10 12 14 15 17 18 20 22 23 25 26 28 30 31
1 2 4 6 7 9 10 12 14 15 17 18 20 22 23 25 26 28 30 31
1 2 4 6 7 9 10 12 14 15 17 18 20 22 23 25 26 28 30 31
1 2 4 6 7 9 10 12 14 15 17 18 20 22 23 25 26 28 30 31
1 2 4 6 7 9 10 12 14 15 17 18 20 22 23 25 26 28 30 31
1 2 4 6 7 9 10 12 14 15 17 18 20 22 23 25 26 28 30 31
1 2 4 6 7 9 10 12 14 15 17 18 20 22 23 25 26 28 30 31
1 1 1 1 1 1 1 1 1 1 1 1 1 1 1 1 1 1 1 1
1 1 1 1 1 1 1 1 1 1 1 1 1 1 1 1 1 1 1 1
1 1 1 1 1 1 1 1 1 1 1 1 1 1 1 1 1 1 1 1
1 1 1 1 1 1 1 1 1 1 1 1 1 1 1 1 1 1 1 1
2 2 2 2 2 2 2 2 2 2 2 2 2 2 2 2 2 2 2 2
2 2 2 2 2 2 2 2 2 2 2 2 2 2 2 2 2 2 2 2
2 2 2 2 2 2 2 2 2 2 2 2 2 2 2 2 2 2 2 2
2 2 2 2 2 2 2 2 2 2 2 2 2 2 2 2 2 2 2 2
4 4 4 4 4 4 4 4 4 4 4 4 4 4 4 4 4 4 4 4
4 4 4 4 4 4 4 4 4 4 4 4 4 4 4 4 4 4 4 4
4 4 4 4 4 4 4 4 4 4 4 4 4 4 4 4 4 4 4 4
4 4 4 4 4 4 4 4 4 4 4 4 4 4 4 4 4 4 4 4
6 6 6 6 6 6 6 6 6 6 6 6 6 6 6 6 6 6 6 6
6 6 6 6 6 6 6 6 6 6 6 6 6 6 6 6 6 6 6 6
6 6 6 6 6 6 6 6 6 6 6 6 6 6 6 6 6 6 6 6
6 6 6 6 6 6 6 6 6 6 6 6 6 6 6 6 6 6 6 6
7 7 7 7 7 7 7 7 7 7 7 7 7 7 7 7 7 7 7 7
7 7 7 7 7 7 7 7 7 7 7 7 7 7 7 7 7 7 7 7
7 7 7 7 7 7 7 7 7 7 7 7 7 7 7 7 7 7 7 7
7 7 7 7 7 7 7 7 7 7 7 7 7 7 7 7 7 7 7 7
9 9 9 9 9 9 9 9 9 9 9 9 9 9 9 9 9 9 9 9
9 9 9 9 9 9 9 9 9 9 9 9 9 9 9 9 9 9 9 9
9 9 9 9 9 9 9 9 9 9 9 9 9 9 9 9 9 9 9 9
9 9 9 9 9 9 9 9 9 9 9 9 9 9 9 9 9 9 9 9
10 10 10 10 10 10 10 10 10 10 10 10 10 10 10 10 10 10 10 10
10 10 10 10 10 10 10 10 10 10 10 10 10 10 10 10 10 10 10 10
10 10 10 10 10 10 10 10 10 10 10 10 10 10 10 10 10 10 10 10
10 10 10 10 10 10 10 10 10 10 10 10 10 10 10 10 10 10 10 10
12 12 12 12 12 12 12 12 12 12 12 12 12 12 12 12 12 12 12 12
12 12 12 12 12 12 12 12 12 12 12 12 12 12 12 12 12 12 12 12
12 12 12 12 12 12 12 12 12 12 12 12 12 12 12 12 12 12 12 12
12 12 12 12 12 12 12 12 12 12 12 12 12 12 12 12 12 12 12 12
14 14 14 14 14 14 14 14 14 14 14 14 14 14 14 14 14 14 14 14
14 14 14 14 14 14 14 14 14 14 14 14 14 14 14 14 14 14 14 14
14 14 14 14 14 14 14 14 14 14 14 14 14 14 14 14 14 14 14 14
14 14 14 14 14 14 14 14 14 14 14 14 14 14 14 14 14 14 14 14
15 15 15 15 15 15 15 15 15 15 15 15 15 15 15 15 15 15 15 15
15 15 15 15 15 15 15 15 15 15 15 15 15 15 15 15 15 15 15 15
15 15 15 15 15 15 15 15 15 15 15 15 15 15 15 15 15 15 15 15
15 15 15 15 15 15 15 15 15 15 15 15 15 15 15 15 15 15 15 15
17 17 17 17 17 17 17 17 17 17 17 17 17 17 17 17 17 17 17 17
17 17 17 17 17 17 17 17 17 17 17 17 17 17 17 17 17 17 17 17
17 17 17 17 17 17 17 17 17 17 17 17 17 17 17 17 17 17 17 17
17 17 17 17 17 17 17 17 17 17 17 17 17 17 17 17 17 17 17 17
18 18 18 18 18 18 18 18 18 18 18 18 18 18 18 18 18 18 18 18
18 18 18 18 18 18 18 18 18 18 18 18 18 18 18 18 18 18 18 18
18 18 18 18 18 18 18 18 18 18 18 18 18 18 18 18 18 18 18 18
18 18 18 18 18 18 18 18 18 18 18 18 18 18 18 18 18 18 18 18
20 20 20 20 20 20 20 20 20 20 20 20 20 20 20 20 20 20 20 20
20 20 20 20 20 20 20 20 20 20 20 20 20 20 20 20 20 20 20 20
20 20 20 20 20 20 20 20 20 20 20 20 20 20 20 20 20 20 20 20
20 20 20 20 20 20 20 20 20 20 20 20 20 20 20 20 20 20 20 20
22 22 22 22 22 22 22 22 22 22 22 22 22 22 22 22 22 22 22 22
22 22 22 22 22 22 22 22 22 22 22 22 22 22 22 22 22 22 22 22
22 22 22 22 22 22 22 22 22 22 22 22 22 22 22 22 22 22 22 22
22 22 22 22 22 22 22 22 22 22 22 22 22 22 22 22 22 22 22 22
23 23 23 23 23 23 23 23 23 23 23 23 23 23 23 23 23 23 23 23
23 23 23 23 23 23 23 23 23 23 23 23 23 23 23 23 23 23 23 23
23 23 23 23 23 23 23 23 23 23 23 23 23 23 23 23 23 23 23 23
23 23 23 23 23 23 23 23 23 23 23 23 23 23 23 23 23 23 23 23
25 25 25 25 25 25 25 25 25 25 25 25 25 25 25 25 25 25 25 25
25 25 25 25 25 25 25 25 25 25 25 25 25 25 25 25 25 25 25 25
25 25 25 25 25 25 25 25 25 25 25 25 25 25 25 25 25 25 25 25
25 25 25 25 25 25 25 25 25 25 25 25 25 25 25 25 25 25 25 25
26 26 26 26 26 26 26 26 26 26 26 26 26 26 26 26 26 26 26 26
26 26 26 26 26 26 26 26 26 26 26 26 26 26 26 26 26 26 26 26
26 26 26 26 26 26 26 26 26 26 26 26 26 26 26 26 26 26 26 26
26 26 26 26 26 26 26 26 26 26 26 26 26 26 26 26 26 26 26 26
28 28 28 28 28 28 28 28 28 28 28 28 28 28 28 28 28 28 28 28
28 28 28 28 28 28 28 28 28 28 28 28 28 28 28 28 28 28 28 28
28 28 28 28 28 28 28 28 28 28 28 28 28 28 28 28 28 28 28 28
28 28 28 28 28 28 28 28 28 28 28 28 28 28 28 28 28 28 28 28
30 30 30 30 30 30 30 30 30 30 30 30 30 30 30 30 30 30 30 30
30 30 30 30 30 30 30 30 30 30 30 30 30 30 30 30 30 30 30 30
30 30 30 30 30 30 30 30 30 30 30 30 30 30 30 30 30 30 30 30
30 30 30 30 30 30 30 30 30 30 30 30 30 30 30 30 30 30 30 30
31 31 31 31 31 31 31 31 31 31 31 31 31 31 31 31 31 31 31 31
31 31 31 31 31 31 31 31 31 31 31 31 31 31 31 31 31 31 31 31
31 31 31 31 31 31 31 31 31 31 31 31 31 31 31 31 31 31 31 31
31 31 31 31 31 31 31 31 31 31 31 31 31 31 31 31 31 31 31 31
33 33 33 33 33 33 33 33 33 33 33 33 33 33 33 33 33 33 33 33
33 33 33 33 33 33 33 33 33 33 33 33 33 33 33 33 33 33 33 33
33 33 33 33 33 33 33 33 33 33 33 33 33 33 33 33 33 33 33 33
33 33 33 33 33 33 33 33 33 33 33 33 33 33 33 33 33 33 33 33
34 34 34 34 34 34 34 34 34 34 34 34 34 34 34 34 34 34 34 34
34 34 34 34 34 34 34 34 34 34 34 34 34 34 34 34 34 34 34 34
34 34 34 34 34 34 34 34 34 34 34 34 34 34 34 34 34 34 34 34
34 34 34 34 34 34 34 34 34 34 34 34 34 34 34 34 34 34 34 34
36 36 36 36 36 36 36 36 36 36 36 36 36 36 36 36 36 36 36 36
36 36 36 36 36 36 36 36 36 36 36 36 36 36 36 36 36 36 36 36
36 36 36 36 36 36 36 36 36 36 36 36 36 36 36 36 36 36 36 36
36 36 36 36 36 36 36 36 36 36 36 36 36 36 36 36 36 36 36 36
38 38 38 38 38 38 38 38 38 38 38 38 38 38 38 38 38 38 38 38
38 38 38 38 38 38 38 38 38 38 38 38 38 38 38 38 38 38 38 38
38 38 38 38 38 38 38 38 38 38 38 38 38 38 38 38 38 38 38 38
38 38 38 38 38 38 38 38 38 38 38 38 38 38 38 38 38 38 38 38
39 39 39 39 39 39 39 39 39 39 39 39 39 39 39 39 39 39 39 39
39 39 39 39 39 39 39 39 39 39 39 39 39 39 39 39 39 39 39 39
39 39 39 39 39 39 39 39 39 39 39 39 39 39 39 39 39 39 39 39
39 39 39 39 39 39 39 39 39 39 39 39 39 39 39 39 39 39 39 39
41 41 41 41 41 41 41 41 41 41 41 41 41 41 41 41 41 41 41 41
41 41 41 41 41 41 41 41 41 41 41 41 41 41 41 41 41 41 41 41
41 41 41 41 41 41 41 41 41 41 41 41 41 41 41 41 41 41 41 41
41 41 41 41 41 41 41 41 41 41 41 41 41 41 41 41 41 41 41 41
42 42 42 42 42 42 42 42 42 42 42 42 42 42 42 42 42 42 42 42
42 42 42 42 42 42 42 42 42 42 42 42 42 42 42 42 42 42 42 42
42 42 42 42 42 42 42 42 42 42 42 42 42 42 42 42 42 42 42 42
42 42 42 42 42 42 42 42 42 42 42 42 42 42 42 42 42 42 42 42
44 44 44 44 44 44 44 44 44 44 44 44 44 44 44 44 44 44 44 44
44 44 44 44 44 44 44 44 44 44 44 44 44 44 44 44 44 44 44 44
44 44 44 44 44 44 44 44 44 44 44 44 44 44 44 44 44 44 44 44
44 44 44 44 44 44 44 44 44 44 44 44 44 44 44 44 44 44 44 44
46 46 46 46 46 46 46 46 46 46 46 46 46 46 46 46 46 46 46 46
46 46 46 46 46 46 46 46 46 46 46 46 46 46 46 46 46 46 46 46
46 46 46 46 46 46 46 46 46 46 46 46 46 46 46 46 46 46 46 46
46 46 46 46 46 46 46 46 46 46 46 46 46 46 46 46 46 46 46 46
47 47 47 47 47 47 47 47 47 47 47 47 47 47 47 47 47 47 47 47
47 47 47 47 47 47 47 47 47 47 47 47 47 47 47 47 47 47 47 47
47 47 47 47 47 47 47 47 47 47 47 47 47 47 47 47 47 47 47 47
47 47 47 47 47 47 47 47 47 47 47 47 47 47 47 47 47 47 47 47
49 49 49 49 49 49 49 49 49 49 49 49 49 49 49 49 49 49 49 49
49 49 49 49 49 49 49 49 49 49 49 49 49 49 49 49 49 49 49 49
49 49 49 49 49 49 49 49 49 49 49 49 49 49 49 49 49 49 49 49
49 49 49 49 49 49 49 49 49 49 49 49 49 49 49 49 49 49 49 49
50 50 50 50 50 50 50 50 50 50 50 50 50 50 50 50 50 50 50 50
50 50 50 50 50 50 50 50 50 50 50 50 50 50 50 50 50 50 50 50
50 50 50 50 50 50 50 50 50 50 50 50 50 50 50 50 50 50 50 50
50 50 50 50 50 50 50 50 50 50 50 50 50 50 50 50 50 50 50 50
52 52 52 52 52 52 52 52 52 52 52 52 52 52 52 52 52 52 52 52
52 52 52 52 52 52 52 52 52 52 52 52 52 52 52 52 52 52 52 52
52 52 52 52 52 52 52 52 52 52 52 52 52 52 52 52 52 52 52 52
52 52 52 52 52 52 52 52 52 52 52 52 52 52 52 52 52 52 52 52
54 54 54 54 54 54 54 54 54 54 54 54 54 54 54 54 54 54 54 54
54 54 54 54 54 54 54 54 54 54 54 54 54 54 54 54 54 54 54 54
54 54 54 54 54 54 54 54 54 54 54 54 54 54 54 54 54 54 54 54
54 54 54 54 54 54 54 54 54 54 54 54 54 54 54 54 54 54 54 54
55 55 55 55 55 55 55 55 55 55 55 55 55 55 55 55 55 55 55 55
55 55 55 55 55 55 55 55 55 55 55 55 55 55 55 55 55 55 55 55
55 55 55 55 55 55 55 55 55 55 55 55 55 55 55 55 55 55 55 55
55 55 55 55 55 55 55 55 55 55 55 55 55 55 55 55 55 55 55 55
57 57 57 57 57 57 57 57 57 57 57 57 57 57 57 57 57 57 57 57
57 57 57 57 57 57 57 57 57 57 57 57 57 57 57 57 57 57 57 57
57 57 57 57 57 57 57 57 57 57 57 57 57 57 57 57 57 57 57 57
57 57 57 57 57 57 57 57 57 57 57 57 57 57 57 57 57 57 57 57
58 58 58 58 58 58 58 58 58 58 58 58 58 58 58 58 58 58 58 58
58 58 58 58 58 58 58 58 58 58 58 58 58 58 58 58 58 58 58 58
58 58 58 58 58 58 58 58 58 58 58 58 58 58 58 58 58 58 58 58
58 58 58 58 58 58 58 58 58 58 58 58 58 58 58 58 58 58 58 58
60 60 60 60 60 60 60 60 60 60 60 60 60 60 60 60 60 60 60 60
60 60 60 60 60 60 60 60 60 60 60 60 60 60 60 60 60 60 60 60
60 60 60 60 60 60 60 60 60 60 60 60 60 60 60 60 60 60 60 60
60 60 60 60 60 60 60 60 60 60 60 60 60 60 60 60 60 60 60 60
62 62 62 62 62 62 62 62 62 62 62 62 62 62 62 62 62 62 62 62
62 62 62 62 62 62 62 62 62 62 62 62 62 62 62 62 62 62 62 62
62 62 62 62 62 62 62 62 62 62 62 62 62 62 62 62 62 62 62 62
62 62 62 62 62 62 62 62 62 62 62 62 62 62 62 62 62 62 62 62
63 63 63 63 63 63 63 63 63 63 63 63 63 63 63 63 63 63 63 63
63 63 63 63 63 63 63 63 63 63 63 63 63 63 63 63 63 63 63 63
63 63 63 63 63 63 63 63 63 63 63 63 63 63 63 63 63 63 63 63
63 63 63 63 63 63 63 63 63 63 63 63 63 63 63 63 63 63 63 63
65 65 65 65 65 65 65 65 65 65 65 65 65 65 65 65 65 65 65 65
65 65 65 65 65 65 65 65 65 65 65 65 65 65 65 65 65 65 65 65
65 65 65 65 65 65 65 65 65 65 65 65 65 65 65 65 65 65 65 65
65 65 65 65 65 65 65 65 65 65 65 65 65 65 65 65 65 65 65 65
66 66 66 66 66 66 66 66 66 66 66 66 66 66 66 66 66 66 66 66
66 66 66 66 66 66 66 66 66 66 66 66 66 66 66 66 66 66 66 66
66 66 66 66 66 66 66 66 66 66 66 66 66 66 66 66 66 66 66 66
66 66 66 66 66 66 66 66 66 66 66 66 66 66 66 66 66 66 66 66
68 68 68 68 68 68 68 68 68 68 68 68 68 68 68 68 68 68 68 68
68 68 68 68 68 68 68 68 68 68 68 68 68 68 68 68 68 68 68 68
68 68 68 68 68 68 68 68 68 68 68 68 68 68 68 68 68 68 68 68
68 68 68 68 68 68 68 68 68 68 68 68 68 68 68 68 68 68 68 68
69 69 69 69 69 69 69 69 69 69 69 69 69 69 69 69 69 69 69 69
69 69 69 69 69 69 69 69 69 69 69 69 69 69 69 69 69 69 69 69
69 69 69 69 69 69 69 69 69 69 69 69 69 69 69 69 69 69 69 69
69 69 69 69 69 69 69 69 69 69 69 69 69 69 69 69 69 69 69 69
71 71 71 71 71 71 71 71 71 71 71 71 71 71 71 71 71 71 71 71
71 71 71 71 71 71 71 71 71 71 71 71 71 71 71 71 71 71 71 71
71 71 71 71 71 71 71 71 71 71 71 71 71 71 71 71 71 71 71 71
71 71 71 71 71 71 71 71 71 71 71 71 71 71 71 71 71 71 71 71
73 73 73 73 73 73 73 73 73 73 73 73 73 73 73 73 73 73 73 73
73 73 73 73 73 73 73 73 73 73 73 73 73 73 73 73 73 73 73 73
73 73 73 73 73 73 73 73 73 73 73 73 73 73 73 73 73 73 73 73
73 73 73 73 73 73 73 73 73 73 73 73 73 73 73 73 73 73 73 73
74 74 74 74 74 74 74 74 74 74 74 74 74 74 74 74 74 74 74 74
74 74 74 74 74 74 74 74 74 74 74 74 74 74 74 74 74 74 74 74
74 74 74 74 74 74 74 74 74 74 74 74 74 74 74 74 74 74 74 74
74 74 74 74 74 74 74 74 74 74 74 74 74 74 74 74 74 74 74 74
76 76 76 76 76 76 76 76 76 76 76 76 76 76 76 76 76 76 76 76
76 76 76 76 76 76 76 76 76 76 76 76 76 76 76 76 76 76 76 76
76 76 76 76 76 76 76 76 76 76 76 76 76 76 76 76 76 76 76 76
76 76 76 76 76 76 76 76 76 76 76 76 76 76 76 76 76 76 76 76
77 77 77 77 77 77 77 77 77 77 77 77 77 77 77 77 77 77 77 77
77 77 77 77 77 77 77 77 77 77 77 77 77 77 77 77 77 77 77 77
77 77 77 77 77 77 77 77 77 77 77 77 77 77 77 77 77 77 77 77
77 77 77 77 77 77 77 77 77 77 77 77 77 77 77 77 77 77 77 77
79 79 79 79 79 79 79 79 79 79 79 79 79 79 79 79 79 79 79 79
79 79 79 79 79 79 79 79 79 79 79 79 79 79 79 79 79 79 79 79
79 79 79 79 79 79 79 79 79 79 79 79 79 79 79 79 79 79 79 79
79 79 79 79 79 79 79 79 79 79 79 79 79 79 79 79 79 79 79 79
81 81 81 81 81 81 81 81 81 81 81 81 81 81 81 81 81 81 81 81
81 81 81 81 81 81 81 81 81 81 81 81 81 81 81 81 81 81 81 81
81 81 81 81 81 81 81 81 81 81 81 81 81 81 81 81 81 81 81 81
81 81 81 81 81 81 81 81 81 81 81 81 81 81 81 81 81 81 81 81
82 82 82 82 82 82 82 82 82 82 82 82 82 82 82 82 82 82 82 82
82 82 82 82 82 82 82 82 82 82 82 82 82 82 82 82 82 82 82 82
82 82 82 82 82 82 82 82 82 82 82 82 82 82 82 82 82 82 82 82
82 82 82 82 82 82 82 82 82 82 82 82 82 82 82 82 82 82 82 82
84 84 84 84 84 84 84 84 84 84 84 84 84 84 84 84 84 84 84 84
84 84 84 84 84 84 84 84 84 84 84 84 84 84 84 84 84 84 84 84
84 84 84 84 84 84 84 84 84 84 84 84 84 84 84 84 84 84 84 84
84 84 84 84 84 84 84 84 84 84 84 84 84 84 84 84 84 84 84 84
85 85 85 85 85 85 85 85 85 85 85 85 85 85 85 85 85 85 85 85
85 85 85 85 85 85 85 85 85 85 85 85 85 85 85 85 85 85 85 85
85 85 85 85 85 85 85 85 85 85 85 85 85 85 85 85 85 85 85 85
85 85 85 85 85 85 85 85 85 85 85 85 85 85 85 85 85 85 85 85
87 87 87 87 87 87 87 87 87 87 87 87 87 87 87 87 87 87 87 87
87 87 87 87 87 87 87 87 87 87 87 87 87 87 87 87 87 87 87 87
87 87 87 87 87 87 87 87 87 87 87 87 87 87 87 87 87 87 87 87
87 87 87 87 87 87 87 87 87 87 87 87 87 87 87 87 87 87 87 87
89 89 89 89 89 89 89 89 89 89 89 89 89 89 89 89 89 89 89 89
89 89 89 89 89 89 89 89 89 89 89 89 89 89 89 89 89 89 89 89
89 89 89 89 89 89 89 89 89 89 89 89 89 89 89 89 89 89 89 89
89 89 89 89 89 89 89 89 89 89 89 89 89 89 89 89 89 89 89 89
90 90 90 90 90 90 90 90 90 90 90 90 90 90 90 90 90 90 90 90
90 90 90 90 90 90 90 90 90 90 90 90 90 90 90 90 90 90 90 90
90 90 90 90 90 90 90 90 90 90 90 90 90 90 90 90 90 90 90 90
90 90 90 90 90 90 90 90 90 90 90 90 90 90 90 90 90 90 90 90
92 92 92 92 92 92 92 92 92 92 92 92 92 92 92 92 92 92 92 92
92 92 92 92 92 92 92 92 92 92 92 92 92 92 92 92 92 92 92 92
92 92 92 92 92 92 92 92 92 92 92 92 92 92 92 92 92 92 92 92
92 92 92 92 92 92 92 92 92 92 92 92 92 92 92 92 92 92 92 92
93 93 93 93 93 93 93 93 93 93 93 93 93 93 93 93 93 93 93 93
93 93 93 93 93 93 93 93 93 93 93 93 93 93 93 93 93 93 93 93
93 93 93 93 93 93 93 93 93 93 93 93 93 93 93 93 93 93 93 93
93 93 93 93 93 93 93 93 93 93 93 93 93 93 93 93 93 93 93 93
95 95 95 95 95 95 95 95 95 95 95 95 95 95 95 95 95 95 95 95
95 95 95 95 95 95 95 95 95 95 95 95 95 95 95 95 95 95 95 95
95 95 95 95 95 95 95 95 95 95 95 95 95 95 95 95 95 95 95 95
95 95 95 95 95 95 95 95 95 95 95 95 95 95 95 95 95 95 95 95
97 97 97 97 97 97 97 97 97 97 97 97 97 97 97 97 97 97 97 97
97 97 97 97 97 97 97 97 97 97 97 97 97 97 97 97 97 97 97 97
97 97 97 97 97 97 97 97 97 97 97 97 97 97 97 97 97 97 97 97
97 97 97 97 97 97 97 97 97 97 97 97 97 97 97 97 97 97 97 97
98 98 98 98 98 98 98 98 98 98 98 98 98 98 98 98 98 98 98 98
98 98 98 98 98 98 98 98 98 98 98 98 98 98 98 98 98 98 98 98
98 98 98 98 98 98 98 98 98 98 98 98 98 98 98 98 98 98 98 98
98 98 98 98 98 98 98 98 98 98 98 98 98 98 98 98 98 98 98 98
100 100 100 100 100 100 100 100 100 100 100 100 100 100 100 100 100 100 100 100
100 100 100 100 100 100 100 100 100 100 100 100 100 100 100 100 100 100 100 100
100 100 100 100 100 100 100 100 100 100 100 100 100 100 100 100 100 100 100 100
100 100 100 100 100 100 100 100 100 100 100 100 100 100 100 100 100 100 100 100
101 101 101 101 101 101 101 101 101 101 101 101 101 101 101 101 101 101 101 101
101 101 101 101 101 101 101 101 101 101 101 101 101 101 101 101 101 101 101 101
101 101 101 101 101 101 101 101 101 101 101 101 101 101 101 101 101 101 101 101
101 101 101 101 101 101 101 101 101 101 101 101 101 101 101 101 101 101 101 101
103 103 103 103 103 103 103 103 103 103 103 103 103 103 103 103 103 103 103 103
103 103 103 103 103 103 103 103 103 103 103 103 103 103 103 103 103 103 103 103
103 103 103 103 103 103 103 103 103 103 103 103 103 103 103 103 103 103 103 103
103 103 103 103 103 103 103 103 103 103 103 103 103 103 103 103 103 103 103 103
105 105 105 105 105 105 105 105 105 105 105 105 105 105 105 105 105 105 105 105
105 105 105 105 105 105 105 105 105 105 105 105 105 105 105 105 105 105 105 105
105 105 105 105 105 105 105 105 105 105 105 105 105 105 105 105 105 105 105 105
105 105 105 105 105 105 105 105 105 105 105 105 105 105 105 105 105 105 105 105
106 106 106 106 106 106 106 106 106 106 106 106 106 106 106 106 106 106 106 106
106 106 106 106 106 106 106 106 106 106 106 106 106 106 106 106 106 106 106 106
106 106 106 106 106 106 106 106 106 106 106 106 106 106 106 106 106 106 106 106
106 106 106 106 106 106 106 106 106 106 106 106 106 106 106 106 106 106 106 106
108 108 108 108 108 108 108 108 108 108 108 108 108 108 108 108 108 108 108 108
108 108 108 108 108 108 108 108 108 108 108 108 108 108 108 108 108 108 108 108
108 108 108 108 108 108 108 108 108 108 108 108 108 108 108 108 108 108 108 108
108 108 108 108 108 108 108 108 108 108 108 108 108 108 108 108 108 108 108 108
109 109 109 109 109 109 109 109 109 109 109 109 109 109 109 109 109 109 109 109
109 109 109 109 109 109 109 109 109 109 109 109 109 109 109 109 109 109 109 109
109 109 109 109 109 109 109 109 109 109 109 109 109 109 109 109 109 109 109 109
109 109 109 109 109 109 109 109 109 109 109 109 109 109 109 109 109 109 109 109
111 111 111 111 111 111 111 111 111 111 111 111 111 111 111 111 111 111 111 111
111 111 111 111 111 111 111 111 111 111 111 111 111 111 111 111 111 111 111 111
111 111 111 111 111 111 111 111 111 111 111 111 111 111 111 111 111 111 111 111
111 111 111 111 111 111 111 111 111 111 111 111 111 111 111 111 111 111 111 111
113 113 113 113 113 113 113 113 113 113 113 113 113 113 113 113 113 113 113 113
113 113 113 113 113 113 113 113 113 113 113 113 113 113 113 113 113 113 113 113
113 113 113 113 113 113 113 113 113 113 113 113 113 113 113 113 113 113 113 113
113 113 113 113 113 113 113 113 113 113 113 113 113 113 113 113 113 113 113 113
114 114 114 114 114 114 114 114 114 114 114 114 114 114 114 114 114 114 114 114
114 114 114 114 114 114 114 114 114 114 114 114 114 114 114 114 114 114 114 114
114 114 114 114 114 114 114 114 114 114 114 114 114 114 114 114 114 114 114 114
114 114 114 114 114 114 114 114 114 114 114 114 114 114 114 114 114 114 114 114
116 116 116 116 116 116 116 116 116 116 116 116 116 116 116 116 116 116 116 116
116 116 116 116 116 116 116 116 116 116 116 116 116 116 116 116 116 116 116 116
116 116 116 116 116 116 116 116 116 116 116 116 116 116 116 116 116 116 116 116
116 116 116 116 116 116 116 116 116 116 116 116 116 116 116 116 116 116 116 116
117 117 117 117 117 117 117 117 117 117 117 117 117 117 117 117 117 117 117 117
117 117 117 117 117 117 117 117 117 117 117 117 117 117 117 117 117 117 117 117
117 117 117 117 117 117 117 117 117 117 117 117 117 117 117 117 117 117 117 117
117 117 117 117 117 117 117 117 117 117 117 117 117 117 117 117 117 117 117 117
119 119 119 119 119 119 119 119 119 119 119 119 119 119 119 119 119 119 119 119
119 119 119 119 119 119 119 119 119 119 119 119 119 119 119 119 119 119 119 119
119 119 119 119 119 119 119 119 119 119 119 119 119 119 119 119 119 119 119 119
119 119 119 119 119 119 119 119 119 119 119 119 119 119 119 119 119 119 119 119
121 121 121 121 121 121 121 121 121 121 121 121 121 121 121 121 121 121 121 121
121 121 121 121 121 121 121 121 121 121 121 121 121 121 121 121 121 121 121 121
121 121 121 121 121 121 121 121 121 121 121 121 121 121 121 121 121 121 121 121
121 121 121 121 121 121 121 121 121 121 121 121 121 121 121 121 121 121 121 121
122 122 122 122 122 122 122 122 122 122 122 122 122 122 122 122 122 122 122 122
122 122 122 122 122 122 122 122 122 122 122 122 122 122 122 122 122 122 122 122
122 122 122 122 122 122 122 122 122 122 122 122 122 122 122 122 122 122 122 122
122 122 122 122 122 122 122 122 122 122 122 122 122 122 122 122 122 122 122 122
124 124 124 124 124 124 124 124 124 124 124 124 124 124 124 124 124 124 124 124
124 124 124 124 124 124 124 124 124 124 124 124 124 124 124 124 124 124 124 124
124 124 124 124 124 124 124 124 124 124 124 124 124 124 124 124 124 124 124 124
124 124 124 124 124 124 124 124 124 124 124 124 124 124 124 124 124 124 124 124
125 125 125 125 125 125 125 125 125 125 125 125 125 125 125 125 125 125 125 125
125 125 125 125 125 125 125 125 125 125 125 125 125 125 125 125 125 125 125 125
125 125 125 125 125 125 125 125 125 125 125 125 125 125 125 125 125 125 125 125
125 125 125 125 125 125 125 125 125 125 125 125 125 125 125 125 125 125 125 125
127 127 127 127 127 127 127 127 127 127 127 127 127 127 127 127 127 127 127 127
127 127 127 127 127 127 127 127 127 127 127 127 127 127 127 127 127 127 127 127
127 127 127 127 127 127 127 127 127 127 127 127 127 127 127 127 127 127 127 127
127 127 127 127 127 127 127 127 127 127 127 127 127 127 127 127 127 127 127 127
1 1 1 1 1 1 1 1 1 1 1 1 1 1 1 1 1 1 1 1
1 1 1 1 1 1 1 1 1 1 1 1 1 1 1 1 1 1 1 1
2 2 2 2 2 2 2 2 2 2 2 2 2 2 2 2 2 2 2 2
2 2 2 2 2 2 2 2 2 2 2 2 2 2 2 2 2 2 2 2
4 4 4 4 4 4 4 4 4 4 4 4 4 4 4 4 4 4 4 4
4 4 4 4 4 4 4 4 4 4 4 4 4 4 4 4 4 4 4 4
6 6 6 6 6 6 6 6 6 6 6 6 6 6 6 6 6 6 6 6
6 6 6 6 6 6 6 6 6 6 6 6 6 6 6 6 6 6 6 6
7 7 7 7 7 7 7 7 7 7 7 7 7 7 7 7 7 7 7 7
7 7 7 7 7 7 7 7 7 7 7 7 7 7 7 7 7 7 7 7
9 9 9 9 9 9 9 9 9 9 9 9 9 9 9 9 9 9 9 9
9 9 9 9 9 9 9 9 9 9 9 9 9 9 9 9 9 9 9 9
10 10 10 10 10 10 10 10 10 10 10 10 10 10 10 10 10 10 10 10
10 10 10 10 10 10 10 10 10 10 10 10 10 10 10 10 10 10 10 10
12 12 12 12 12 12 12 12 12 12 12 12 12 12 12 12 12 12 12 12
12 12 12 12 12 12 12 12 12 12 12 12 12 12 12 12 12 12 12 12
14 14 14 14 14 14 14 14 14 14 14 14 14 14 14 14 14 14 14 14
14 14 14 14 14 14 14 14 14 14 14 14 14 14 14 14 14 14 14 14
15 15 15 15 15 15 15 15 15 15 15 15 15 15 15 15 15 15 15 15
15 15 15 15 15 15 15 15 15 15 15 15 15 15 15 15 15 15 15 15
17 17 17 17 17 17 17 17 17 17 17 17 17 17 17 17 17 17 17 17
17 17 17 17 17 17 17 17 17 17 17 17 17 17 17 17 17 17 17 17
18 18 18 18 18 18 18 18 18 18 18 18 18 18 18 18 18 18 18 18
18 18 18 18 18 18 18 18 18 18 18 18 18 18 18 18 18 18 18 18
20 20 20 20 20 20 20 20 20 20 20 20 20 20 20 20 20 20 20 20
20 20 20 20 20 20 20 20 20 20 20 20 20 20 20 20 20 20 20 20
22 22 22 22 22 22 22 22 22 22 22 22 22 22 22 22 22 22 22 22
22 22 22 22 22 22 22 22 22 22 22 22 22 22 22 22 22 22 22 22
23 23 23 23 23 23 23 23 23 23 23 23 23 23 23 23 23 23 23 23
23 23 23 23 23 23 23 23 23 23 23 23 23 23 23 23 23 23 23 23
25 25 25 25 25 25 25 25 25 25 25 25 25 25 25 25 25 25 25 25
25 25 25 25 25 25 25 25 25 25 25 25 25 25 25 25 25 25 25 25
26 26 26 26 26 26 26 26 26 26 26 26 26 26 26 26 26 26 26 26
26 26 26 26 26 26 26 26 26 26 26 26 26 26 26 26 26 26 26 26
28 28 28 28 28 28 28 28 28 28 28 28 28 28 28 28 28 28 28 28
28 28 28 28 28 28 28 28 28 28 28 28 28 28 28 28 28 28 28 28
30 30 30 30 30 30 30 30 30 30 30 30 30 30 30 30 30 30 30 30
30 30 30 30 30 30 30 30 30 30 30 30 30 30 30 30 30 30 30 30
31 31 31 31 31 31 31 31 31 31 31 31 31 31 31 31 31 31 31 31
31 31 31 31 31 31 31 31 31 31 31 31 31 31 31 31 31 31 31 31
33 33 33 33 33 33 33 33 33 33 33 33 33 33 33 33 33 33 33 33
33 33 33 33 33 33 33 33 33 33 33 33 33 33 33 33 33 33 33 33
34 34 34 34 34 34 34 34 34 34 34 34 34 34 34 34 34 34 34 34
34 34 34 34 34 34 34 34 34 34 34 34 34 34 34 34 34 34 34 34
36 36 36 36 36 36 36 36 36 36 36 36 36 36 36 36 36 36 36 36
36 36 36 36 36 36 36 36 36 36 36 36 36 36 36 36 36 36 36 36
38 38 38 38 38 38 38 38 38 38 38 38 38 38 38 38 38 38 38 38
38 38 38 38 38 38 38 38 38 38 38 38 38 38 38 38 38 38 38 38
39 39 39 39 39 39 39 39 39 39 39 39 39 39 39 39 39 39 39 39
39 39 39 39 39 39 39 39 39 39 39 39 39 39 39 39 39 39 39 39
41 41 41 41 41 41 41 41 41 41 41 41 41 41 41 41 41 41 41 41
41 41 41 41 41 41 41 41 41 41 41 41 41 41 41 41 41 41 41 41
42 42 42 42 42 42 42 42 42 42 42 42 42 42 42 42 42 42 42 42
42 42 42 42 42 42 42 42 42 42 42 42 42 42 42 42 42 42 42 42
44 44 44 44 44 44 44 44 44 44 44 44 44 44 44 44 44 44 44 44
44 44 44 44 44 44 44 44 44 44 44 44 44 44 44 44 44 44 44 44
46 46 46 46 46 46 46 46 46 46 46 46 46 46 46 46 46 46 46 46
46 46 46 46 46 46 46 46 46 46 46 46 46 46 46 46 46 46 46 46
47 47 47 47 47 47 47 47 47 47 47 47 47 47 47 47 47 47 47 47
47 47 47 47 47 47 47 47 47 47 47 47 47 47 47 47 47 47 47 47
49 49 49 49 49 49 49 49 49 49 49 49 49 49 49 49 49 49 49 49
49 49 49 49 49 49 49 49 49 49 49 49 49 49 49 49 49 49 49 49
50 50 50 50 50 50 50 50 50 50 50 50 50 50 50 50 50 50 50 50
50 50 50 50 50 50 50 50 50 50 50 50 50 50 50 50 50 50 50 50
52 52 52 52 52 52 52 52 52 52 52 52 52 52 52 52 52 52 52 52
52 52 52 52 52 52 52 52 52 52 52 52 52 52 52 52 52 52 52 52
54 54 54 54 54 54 54 54 54 54 54 54 54 54 54 54 54 54 54 54
54 54 54 54 54 54 54 54 54 54 54 54 54 54 54 54 54 54 54 54
55 55 55 55 55 55 55 55 55 55 55 55 55 55 55 55 55 55 55 55
55 55 55 55 55 55 55 55 55 55 55 55 55 55 55 55 55 55 55 55
57 57 57 57 57 57 57 57 57 57 57 57 57 57 57 57 57 57 57 57
57 57 57 57 57 57 57 57 57 57 57 57 57 57 57 57 57 57 57 57
58 58 58 58 58 58 58 58 58 58 58 58 58 58 58 58 58 58 58 58
58 58 58 58 58 58 58 58 58 58 58 58 58 58 58 58 58 58 58 58
60 60 60 60 60 60 60 60 60 60 60 60 60 60 60 60 60 60 60 60
60 60 60 60 60 60 60 60 60 60 60 60 60 60 60 60 60 60 60 60
62 62 62 62 62 62 62 62 62 62 62 62 62 62 62 62 62 62 62 62
62 62 62 62 62 62 62 62 62 62 62 62 62 62 62 62 62 62 62 62
63 63 63 63 63 63 63 63 63 63 63 63 63 63 63 63 63 63 63 63
63 63 63 63 63 63 63 63 63 63 63 63 63 63 63 63 63 63 63 63
1 1 1 1 1 1 1 1 1 1 1 1 1 1 1 1 1 1 1 1
2 2 2 2 2 2 2 2 2 2 2 2 2 2 2 2 2 2 2 2
4 4 4 4 4 4 4 4 4 4 4 4 4 4 4 4 4 4 4 4
6 6 6 6 6 6 6 6 6 6 6 6 6 6 6 6 6 6 6 6
7 7 7 7 7 7 7 7 7 7 7 7 7 7 7 7 7 7 7 7
9 9 9 9 9 9 9 9 9 9 9 9 9 9 9 9 9 9 9 9
10 10 10 10 10 10 10 10 10 10 10 10 10 10 10 10 10 10 10 10
12 12 12 12 12 12 12 12 12 12 12 12 12 12 12 12 12 12 12 12
14 14 14 14 14 14 14 14 14 14 14 14 14 14 14 14 14 14 14 14
15 15 15 15 15 15 15 15 15 15 15 15 15 15 15 15 15 15 15 15
17 17 17 17 17 17 17 17 17 17 17 17 17 17 17 17 17 17 17 17
18 18 18 18 18 18 18 18 18 18 18 18 18 18 18 18 18 18 18 18
20 20 20 20 20 20 20 20 20 20 20 20 20 20 20 20 20 20 20 20
22 22 22 22 22 22 22 22 22 22 22 22 22 22 22 22 22 22 22 22
23 23 23 23 23 23 23 23 23 23 23 23 23 23 23 23 23 23 23 23
25 25 25 25 25 25 25 25 25 25 25 25 25 25 25 25 25 25 25 25
26 26 26 26 26 26 26 26 26 26 26 26 26 26 26 26 26 26 26 26
28 28 28 28 28 28 28 28 28 28 28 28 28 28 28 28 28 28 28 28
30 30 30 30 30 30 30 30 30 30 30 30 30 30 30 30 30 30 30 30
31 31 31 31 31 31 31 31 31 31 31 31 31 31 31 31 31 31 31 31
