1 5 -3 25 -62 14 -3 19 -9 5 -6 -12 9 -18 -5 3 3 -13 -13 -7
-8 -7 -14 1 5 -11 4 -4 -4 2 -8 0 -8 8 7 18 12 70 22 -19
-75 -30 24 82 34 -5 4 0 -7 -9 -6 -9 -12 1 6 1 2 -5 16 6
-3 -7 0 -3 6 -7 -7 -11 -6 -10 -2 -8 0 2 4 6 6 4 -1 6
3 -22 -1 -20 -15 21 -12 24 -11 24 -1 -7 -2 9 30 -14 1 3 11 -23
25 0 -32 -1 1 -8 -4 11 -11 10 14 -8 -7 8 11 10 4 -8 -10 -3
-6 -5 -7 12 6 -5 -3 10 0 1 -11 -9 4 -10 -13 -9 -5 5 11 11
-9 -13 -9 -13 -3 -6 -4 -9 -12 2 -7 -8 2 3 0 1 2 5 2 2
3 1 -24 -6 3 -19 -7 30 13 4 -4 27 8 -24 11 3 5 -12 12 1
1 4 2 1 10 0 6 4 0 0 -4 8 -1 6 2 -15 -9 -12 -1 10
1 8 -26 -18 5 1 -15 -6 -9 -8 6 -5 2 -12 -11 2 12 14 -10 -11
-5 -15 -10 -6 -4 -3 8 14 -7 -9 -16 -25 1 11 3 4 2 -1 5 5
0 3 1 -4 -6 24 31 -24 -11 -3 -13 29 0 -11 -3 -18 10 -16 -14 6
-3 0 2 -2 1 11 2 -2 3 -1 -4 3 -7 -10 -7 -3 0 -11 5 3
19 -22 12 -9 -16 11 0 -23 59 -44 8 120 -127 -1 15 -8 -3 13 -15 -3
-21 2 -3 -23 -6 12 1 -12 -15 -13 -7 3 -9 11 -18 -3 0 -5 4 28
-4 -5 14 -8 3 -8 -4 3 -10 -5 -12 -3 -3 5 14 -10 -27 -3 -17 8
12 -3 -4 -9 -4 -2 6 -9 -9 -7 -2 8 11 9 -2 -11 -2 -10 4 4
6 -35 26 17 -78 84 12 2 -6 -7 -9 -3 -2 -12 -5 -10 -2 9 -18 6
-2 4 13 -11 -6 -13 -12 -2 -10 0 12 -7 -19 6 -11 -8 -6 4 5 0
10 -2 -2 5 7 -8 -5 -4 -7 -10 -3 1 -9 4 3 -7 -6 -3 -7 -6
-7 -6 -3 -11 -23 18 -7 -43 47 -9 -18 14 1 3 4 5 13 2 1 -3
1 2 25 -15 0 -28 -8 6 13 7 16 3 1 13 7 -12 10 -7 -5 10
-14 0 13 -1 -4 10 11 4 11 -4 -3 25 -1 16 0 -18 -6 -4 -6 -14
-14 0 13 -9 19 15 9 -4 1 -11 -12 -7 -14 -3 -4 0 2 -1 4 3
5 1 3 1 -7 -7 -5 11 -15 14 -10 -14 -1 5 5 2 4 8 8 -1
0 4 1 1 9 -6 12 10 6 8 -4 -8 9 -2 -11 14 13 -5 6 -1
-3 -20 -10 -5 -1 6 19 -9 4 -4 6 -10 7 10 13 -16 -19 -12 2 -6
-3 4 6 15 5 -4 12 12 12 2 -13 1 -5 -5 -7 -8
