10 23 4 6 2 5 1 -5 -1 -3 -1 -3 -1 -11 1 6 7 4 -3 -11
-1 13 -1 8 2 -6 -2 -3 8 8 2 4 8 5 5 5 -12 11 24 -26
51 23 -11 8 -39 0 24 -8 -3 14 -8 -9 -8 11 1 2 1 6 2 6
7 1 1 7 25 -5 0 10 -2 -3 -12 -4 5 3 -34 10 12 -47 12 -14
-5 -7 -22 -12 3 8 1 -6 -9 -19 1 0 -2 7 0 -13 0 -2 -4 4
-1 -1 3 11 5 15 22 4 13 -9 -12 -14 -4 -14 -12 -24 -25 51 -20 -34
43 41 -43 -47 47 20 0 10 -2 9 15 11 2 20 -6 5 4 6 11 12
9 2 3 1 5 12 4 1 0 -1 -8 11 16 -1 12 8 9 24 3 -1
-13 3 -82 -45 -44 -5 18 -36 101 79 71 6 13 -5 9 42 4 10 34 -1
-13 -14 5 -6 -4 -17 -14 0 -17 -4 21 -5 0 5 -9 0 14 0 2 1
0 0 -17 8 -1 -5 7 -3 5 -2 -10 -30 -1 -6 -45 3 4 6 5 0
-10 3 -4 0 0 -1 -3 -8 -9 -9 -14 5 -8 -16 10 5 12 4 -20 1
6 11 8 19 31 5 -5 23 18 -19 15 33 0 2 17 25 -2 9 20 12
7 7 -3 3 -15 -2 20 -3 1 -1 3 10 5 -1 4 1 0 11 6 8
10 19 19 -5 6 9 1 9 -1 9 0 -8 12 -2 -8 5 0 2 2 -1
4 4 -13 4 4 -8 -2 -1 -5 -10 -13 -12 0 -11 -8 -1 31 5 7 27
5 1 -1 -3 11 8 4 8 5 1 5 -1 1 0 -4 -2 -5 -6 -31 -3
-4 0 2 -3 -2 2 -9 3 4 -3 -6 0 1 0 0 -2 -5 0 0 -1
-4 12 -1 4 -4 9 25 8 6 -1 7 -1 12 2 19 14 18 12 -5 11
-20 4 16 5 2 -5 0 -26 0 5 -11 42 38 -18 13 22 0 6 -1 -9
8 4 -1 14 -1 14 13 4 17 4 3 17 14 1 -13 5 8 6 55 26
27 17 -11 5 2 6 15 -1 6 10 4 5 -2 9 1 2 5 3 -1 -1
0 5 -2 3 3 -37 -5 0 -8 0 4 3 12 1 -9 20 14 5 9 3
4 0 3 8 1 1 -22 0 2 2 4 8 6 7 2 6 6 4 7 11
7 -5 3 -10 8 -1 2 2 1 -4 28 3 -2 7 2 3 49 1 -6 -25
0 -3 -1 2 1 9 3 0 -9 0 3 -1 3 10 -2 -8 -10 -7 -15 -17
-8 -3 0 -4 0 1 6 2 0 5 1 10 1 -8 2 23 8 -13 16 9
-7 5 6 5 22 -2 -2 3 -1 6 -1 11 9 0 -7 4 2 -4 -7 -11
-12 -21 -26 -21 -10 -24 -16 7 4 4 9 10 13 6 13 12 -10 8 -9 -3
29 4 -8 12 -10 -3 3 2 -19 -14 21 0 -5 -5 -1 5 -4 -14 -13 10
9 -16 1 11 2 -8 -1 5 5 3 61 11 -1 7 0 -4 13 -7 -10 -14
-13 0 1 -1 -10 -13 -11 -8 -7 -2 -3 -5 -5 -3 -6 -11 7 11 9 -5
-3 -4 -3 -5 -16 -3 -3 -3 4 7 -1 -31 39 2 4 -15 -5 -28 -27 44
0 -96 25 127 -33 -41 5 3 3 3 1 -5 -3 -25 -9 4 5 10 -5 5
10 0 9 11 0 6 -2 17 18 11 -11 5 6 14 4 3 2 9 30 -2
8 5 6 5 15 -4 -19 4 -6 -14 3 -1 -5 -4 -2 15 -6 -2 -2 -6
-1 4 2 -3 2 1 -2 6 4 1 12 0 4 10 10 -2 1 1 -1 -2
-3 0 -6 -6 2 -2 -8 11 -13 -12 19 16 -18 4 4 -11 5 -6 1 4
12 2 7 12 6 -2 -13 -2 1 12 -1 -2 -5 -5 -3 0 5 8 16 7
10 6 -8 -1 3 1 -9 22 -7 -1 -9 7 0 -3 -6 -7 4 -4 -9 -3
-1 -1 5 -4 -1 12 0 -1 -8 11 3 -10 -5 -1 -9 -8 -4 -5 -4 -1
-1 0 2 -11 1 0 -2 -1 3 0 -16 -16 5 -22 -10 -17 -13 8 7 -11
11 39 -18 7 -3 -1 -3 8 19 7 12 15 12 1 8 1 4 5 14 9
-1 21 -1 1 3 1 1 0 -5 2 2 11 5 4 1 4 -3 0 15 6
0 7 -3 0 -3 -2 -5 -11 -1 2 -6 0 -2 -3 3 -8 -3 5 2 -1
0 12 2 3 -10 0 17 17 18 7 2 -2 26 2 -13 20 8 -7 -4 15
-4 -3 19 13 -8 -2 7 0 -9 -6 -5 12 5 -10 28 23 -1 -4 -6 1
-14 10 1 -1 -6 -2 -2 11 11 -1 7 0 8 29 8 8 4 8 5 10
11 11 5 -10 9 -7 12 54 20 -7 3 2 11 14 18 8 11 10 -9 0
5 0 1 -1 1 0 0 1 11 0 -1 12 -10 2 24 -13 -11 10 -10 12
3 -8 29 -2 -1 1 46 -9 0 0 -2 0 -4 14 0 0 -1 -2 6 -2
5 9 -4 8 6 -3 -1 -14 -6 -4 -4 -5 4 -7 0 -1 18 -2 -14 8
7 -17 4 7 -3 11 -1 2 4 2 -2 -8 -3 -1 -2 0 0 -13 -5 3
1 0 4 3 -4 -3 16 -7 -7 3 1 -4 -13 -3 0 30 9 1 4 2
9 13 8 -3 22 6 0 8 8 -1 -2 -2 -2 16 1 -3 -6 -2 3 4
4 -9 -28 -2 7 2 -1 -1 0 -2 0 -9 -2 1 -4 0 0 -3 -7 -4
9 -3 -4 -22 1 -3 -3 7 -6 3 9 -4 5 3 0 -3 0 -1 -6 -2
1 -2 0 9 -6 -9 7 -4 -10 -1 -4 -1
