6 6 6 -6 -5 -4 -4 -1 -1 -4 -2 -6 6 4 5 8 3 8 11 15
9 -3 -58 -8 -14 -24 -14 -1 -1 3 -3 0 1 -5 -3 0 15 16 16 -20
-33 -25 10 20 15 1 -1 6 9 3 -7 -3 -6 -2 -6 -5 1 -5 6 1
-6 2 -1 -1 0 -3 1 0 0 -2 -1 -3 0 0 0 1 3 2 1 4
1 8 9 10 -5 -8 -3 2 3 2 6 1 8 -3 -3 -5 0 -4 -3 -1
0 3 0 2 2 -2 0 1 2 2 0 4 4 4 3 0 -2 3 4 4
-8 11 -10 4 15 8 -2 2 3 -3 0 -3 -7 -4 -1 1 0 0 -4 2
-1 0 3 4 1 3 0 0 1 -1 -1 -1 -1 6 21 7 6 24 7 2
1 3 13 32 17 -1 5 1 -4 -6 -4 1 -1 1 0 -1 0 0 1 1
-1 2 -1 -2 -1 -1 -1 1 -1 1 0 0 0 0 1 1 1 0 0 1
0 0 1 0 0 1 0 0 1 0 0 0 0 0 -2 -1 -1 -1 -1 0
-1 -1 -2 -2 -1 0 1 0 -1 1 0 0 1 -1 0 3 2 -1 0 0
-1 -1 -1 2 1 1 0 0 1 0 0 1 1 1 1 0 -1 0 0 0
0 -3 -3 -4 -9 -31 -9 -3 -2 -3 -1 1 0 -1 1 0 0 0 0 0
1 0 0 1 -1 0 0 0 -1 1 2 -1 0 -2 0 0 -4 0 0 1
0 1 1 1 1 1 0 1 -2 0 0 -4 -1 0 -4 0 -1 0 -1 -2
-1 -1 -1 -1 0 -1 1 0 -1 3 0 0 1 1 3 0 2 3 -3 1
3 -2 1 1 0 1 0 0 2 0 1 0 1 0 0 0 1 0 0 1
-1 0 -1 0 1 0 0 0 -1 -2 -7 -11 -1 -10 -32 -2 -9 -16 1 2
-8 2 2 -24 2 3 -14 0 1 0 1 1 0 0 0 0 0 0 0 1
1 2 1 1 2 0 0 0 1 1 -1 1 0 -1 -2 -2 1 -4 -3 -3
-3 -4 1 0 0 0 -1 0 0 -1 1 -1 0 -2 0 0 -2 -1 -1 -1
0 1 -4 1 -1 -5 -1 -3 -5 -4 -4 -9 -5 -13 -26 -13 -3 -5 -3 -1
0 0 -1 0 0 0 0 -1 -2 -3 -1 1 0 1 1 0 0 1 -1 0
0 0 0 -1 -1 0 -2 -2 0 0 -1 0 1 0 1 0 0 -1 0 0
0 0 0 0 -1 -1 -2 0 -1 -1 0 1 1 -1 -1 -1 0 1 0 0
1 0 -2 -5 -3 0 0 1 0 0 1 0 0 1 -1 0 0 0 0 0
1 0 0 0 0 0 0 0 0 -1 -2 -2 2 7 3 1 2 3 1 0
1 0 0 0 0 0 0 0 -1 1 1 0 1 1 1 1 0 -2 -1 1
2 5 -6 -3 2 2 3 1 -3 -2 -1 -1 -3 -2 6 2 5 1 -2 1
-14 -7 -3 -6 -1 3 -94 -1 4 -5 -1 5 23 12 2 61 7 1 64 13
4 13 -8 -15 57 -14 -16 34 -10 -10 -7 -1 3 -50 26 1 -21 1 3 2
1 3 1 -1 1 -2 2 7 -2 -4 -1 1 -2 2 -4 -5 0 0 1 1
3 6 8 7 8 7 -1 -2 1 5 -4 5 16 0 5 -2 0 -3 2 1
-1 3 6 4 10 6 -2 95 2 -4 18 8 -2 0 -3 -2 -1 -4 2 2
1 4 -2 -4 -4 3 4 7 2 1 4 0 -1 -1 0 2 3 0 1 3
-5 4 1 -1 4 1 -2 -4 -5 0 0 3 -2 -2 1 -2 1 -3 0 0
4 0 -6 1 -2 -7 -1 -1 -2 1 -1 -3 2 -2 -2 1 -1 2 0 0
0 11 -1 4 2 3 -2 1 1 -2 1 1 -3 2 -1 0 -2 0 -2 0
0 -1 -2 -1 0 -1 0 -1 -1 -1 0 0 -1 0 -1 -2 3 1 0 0
-3 -3 -2 10 -4 -6 -43 -4 -2 23 0 -11 -10 2 -2 -33 1 -11 -12 0
1 -1 1 7 -7 -1 1 1 3 1 -1 2 2 0 2 2 1 0 -1 1
-4 -3 -2 0 1 0 0 -2 2 -2 -2 -5 -1 -2 2 -2 0 -1 -3 3
4 0 3 -1 4 5 5 -2 3 6 -2 -7 -4 4 3 4 -2 -1 2 -3
-1 2 2 -1 0 2 -5 1 2 -4 -2 -6 -8 -1 -9 -9 -3 -12 -12 -5
-2 -3 0 2 -1 2 2 0 -1 1 4 3 8 6 7 6 5 8 -6 -9
-5 -5 -12 -5 -5 -12 -7 4 3 0 5 5 4 -6 0 4 4 0 -5 1
5 8 -4 -4 -3 -2 -10 -3 0 1 -29 0 -6 -5 0 -6 -10 5 -9 0
5 -10 2 -3 7 20 -10 -4 127 -6 2 18 -2 2 0 0 2 2 -1 2
3 0 -2 -3 -3 1 2 1 0 -2 -8 -4 31 -11 -12 119 -11 -9 41 -1
-3 -4 -5 2 3 -5 -4 2 1 0 1 -5 -13 -5 -9 -21 -11 0 1 0
0 1 0 -1 0 -1 -1 0 0 0 0 0 1 1 1 1 0 0 1 0
0 0 -1 -1 -1 -2 -1 0 0 1 -1 0 1 1 0 0 1 1 0 0
0 1 0 -1 -1 0 0 0 0 -1 -1 0 -1 0 -1 1 1 -4 -16 -4
1 2 2 -1 -3 -1 -4 -12 -5 0 -1 0 0 -1 0 1 0 0 0 -1
-1 1 0 0 0 1 1 0 -1 0 1 0 0 0 0 0 0 0 0 0
0 0 0 0 0 0 0 0 -1 -1 -1 0 0 0 0 0 1 0 0 1
0 0 0 4 5 3 4 -1 3 -4 -9 -5 2 4 0 0 -4 -4 0 -5
-6 17 84 18 4 -25 7 -7 -12 -5 12 43 8 -10 -44 -21 -1 -10 -14 3
1 4 2 0 3 3 0 2 2 5 0 -1 -10 -6 4 4 2 -1 -1 3
-2 1 -2 2 0 1 5 -1 2 4 -1 3 4 -2 1 -1 -1 -1 -1 2
1 -4 -6 -2 -8 -8 -9 -2 -5 -5 -7 -9 -9 1 3 2 -3 -2 -3 2
3 -1 7 0 2 -1 -10 -6 4 -3 0 0 0 0 -2 -1 1 -2 -2 -1
3 1 -1 1 -1 0 2 -1 1 -8 -12 -10 -10 -66 -8 -3 -3 -2 0 0
-1 -2 1 -1 -1 0 0 4 6 1 1 2 0 1 3 3 4 4 4 5
-5 3 -19 -56 -24 3 5 2 0 1 0 -1 -2 -2 6 4 3 1 -1 0
0 -1 0 2 2 2 -2 2 1 -1 0 1 5 1 2 2 -3 0 1 0
0 3 1 0 3 -3 -4 2 -3 -5 1 -8 1 -2 -7 3 -3 -9 2 1
1 2 0 2 4 0 -14 -2 0 -1 1 5 8 4 -2 -81 -9 1 -3 1
1 -3 -1 1 -3 -1 2 -1 0 0 -2 -1 -1 -2 -2 1 1 4 -1 -1
4 3 3 4 1 1 0 2 1 0 1 2 3 -4 -1 -1 -4 -4 -3 0
-1 -2 3 0 0 1 -1 0 -1 0 2 -4 -12 -4 2 0 7 34 101 34
0 0 -1 -1 0 -1 -4 -2 -1 1 1 1 0 1 0 0 0 -1 -1 1
-1 -2 -2 -1 -3 -3 -1 1 3 0 8 3 0 -1 3 0 -1 7 0 2
20 0 1 18 1 0 -4 -8 -5 -9 -9 -4 -8 -9 1 2 3 5 15 1
3 3 2 1 0 0 2 1 -1 1 0 0 1 0 -1 1 -1 -1 -1 0
0 -2 -1 0 -4 0 3 -4 -1 0 -2 -1 -2 -1 5 1 -3 4 -1 1
1 1 1 1 1 0 0 0 -2 0 0 -4 2 0 -2 0 -1 0 -1 1
-1 0 1 -1 -1 1 -1 1 1 -1 1 2 -1 1 2 -1 1 0 0 1
0 0 1 0 0 -2 -1 1 -1 1 1 -4 -1 1 0 1 0 0 1 1
-1 0 2 0 2 3 -3 0 2 -6 -1 -3 -2 1 -27 3 1 -6 -2 0
4 5 3 2 19 3 1 16 6 16 -5 -1 44 2 -5 32 -1 -2 -2 -2
0 -14 -40 0 -8 -5 -1 1 0 1 1 0 -1 -1 1 1 0 -1 0 -1
-1 0 -1 -2 0 -1 -4 -1 1 -1 2 1 0 3 1 -2 0 1 1 0
4 3 2 0 0 0 0 -1 -1 2 2 1 3 0 1 12 -1 1 4 1
1 1 0 0 1 -1 1 0 1 2 -1 -2 -1 2 0 2 2 -1 1 3
0 2 1 0 2 2 -1 0 3 7 4 8 16 8 -2 6 -1 0 0 0
0 1 1 1 0 1 0 0 0 0 1 0 -1 -2 -1 -1 0 1 0 0
1 0 1 2 -1 1 0 0 1 -1 1 2 0 0 0 -1 1 -1 -1 1
0 -1 0 0 0 0 1 1 0 0 0 0 0 0 3 2 2 3 9 2
1 1 0 3 9 4 1 5 1 -1 0 0 -1 -1 -1 -1 -2 -1 -2 -1
-2 1 0 -1 -1 -3 -3 0 1 1 0 0 0 1 1 0 0 0 0 0
0 0 0 0 0 0 0 1 1 0 0 0 0 -1 -1 0 -1 -1 0 0
-1 1 2 -2 1 -2 10 21 9 1 3 3 -1 -2 -1 0 0 1 -1 -2
2 0 0 0 -1 -1 0 -1 0 1 1 -1 1 1 -2 4 1 -1 3 -1
-1 -1 -1 -1 -1 -1 -2 -1 1 0 2 0 -1 3 0 -1 4 -1 -3 0
2 -1 3 2 -1 3 1 -3 -2 0 -4 -2 0 -4 -2 1 0 0 0 0
0 0 -1 0 1 1 1 0 0 0 1 0 0 -1 1 11 -2 -2 37 0
2 18 -2 -4 -6 0 -2 -9 0 -2 -8 3 2 2 1 0 10 2 1 1
0 0 0 -1 0 0 0 0 0 0 0 1 -1 -2 0 0 0 1 1 6
15 0 6 40 1 8 18 0 -1 2 0 -1 0 1 -1 1 -1 0 0 2
1 1 2 -1 0 0 0 0 0 0 0 0 0 0 1 0 0 3 -1 0
2 -1 0 -1 -1 0 -3 -4 0 -3 -1 1 -3 0 1 -5 -3 3 -5 -3
4 6 10 2 11 16 5 10 14 4 -4 -5 0 -7 -14 1 -7 -6 0 0
0 1 0 0 0 0 0 0 1 0 0 0 0 0 1 -1 0 1 -1 -1
1 0 0 2 0 0 0 0 0 1 0 2 0 0 1 0 0 0 0 0
0 0 0 0 -2 1 1 1 1 0 -1 1 1 1 0 0 0 0 -1 0
0 0 0 0 0 1 0 0 1 0 0 1 0 0 0 0 0 1 0 0
2 8 3 7 1 6 -21 -44 -24 0 0 -1 -1 2 0 0 3 0 0 4
2 0 4 1 1 3 0 1 1 0 0 0 0 -1 -1 0 1 0 -1 -1
-1 -2 0 1 1 2 1 -1 1 0 -2 0 0 -2 1 0 -1 0 -1 0
0 1 0 -1 -2 0 -5 2 2 1 -42 0 0 -1 1 1 5 1 -5 -37
-10 0 0 2 1 -1 0 -2 -4 -3 -1 -1 -1 -2 -1 -1 0 2 0 0
-2 -1 1 0 1 2 0 2 1 0 -1 1 0 1 1 0 1 1 3 1
-2 -3 -2 -1 0 -1 1 0 1 0 0 1 1 0 1 -1 2 -1 12 26
13 13 15 13
