-7 -25 12 -2 12 -35 3 5 -34 10 -9 10 -30 29 6 -13 -7 -58 -9 -2
10 12 15 7 12 -30 -15 4 12 13 -21 -24 -35 2 -6 -2 0 11 5 -4
-6 -20 26 -9 -2 -26 -27 -29 -7 -23 -4 30 19 -25 7 -33 5 -19 -31 24
-17 -22 21 -33 13 -20 12 -4 82 0 -14 -22 9 3 -5 -12 17 -23 23 10
11 -7 27 10 26 -20 4 32 -10 -23 -7 -1 -29 18 -9 -16 -36 -17 -14 5
-1 9 -20 17 15 25 6 -27 -26 20 -13 0 -52 -37 -2 17 -22 16 7 11
12 -7 8 -1 -18 2 -7 -3 -11 -20 -6 -30 -23 -7 -8 14 -6 -2 -28 -11
12 -38 -9 -10 26 -13 -22 -21 0 4 -21 -6 -22 -5 -26 -20 -4 27 -17 -18
-40 -10 35 11 -1 5 -12 -3 -11 23 13 -12 -23 24 9 -7 -54 11 23 50
-7 -1 5 -11 10 -9 -19 23 -21 -13 -36 -23 15 -10 -20 -8 49 -18 17 -1
3 15 -5 -3 12 3 22 -4 17 -32 -16 -24 53 7 -6 10 -6 -10 -19 -1
-1 6 -13 -22 26 -25 17 -8 5 23 -28 -9 -14 11 21 4 -14 25 4 -21
16 9 11 6 9 1 11 -21 -20 -8 -7 7 -9 -15 7 -16 0 -22 1 -9
-6 -2 8 -14 -27 16 8 -21 -40 -21 7 13 0 -58 11 8 -33 -15 -12 -27
-13 -13 8 11 -32 -35 34 -8 -21 4 -2 17 -6 0 9 7 -2 19 -11 -26
-8 -5 16 -27 10 16 -17 -21 -1 5 1 31 -1 35 31 3 1 -13 -33 -17
16 -16 21 0 -37 -5 -12 -7 -4 16 24 0 -32 24 -11 -1 -16 -4 -6 -32
-2 16 13 -3 -5 -31 15 10 13 7 1 23 -34 30 -31 4 22 20 -4 -34
-11 -11 -12 19 -1 -4 -16 5 -18 1 -12 -19 -26 22 13 13 -22 -20 28 -9
28 20 -2 -25 17 -14 -3 10 -50 -20 -27 -7 -17 -12 -19 -25 1 -27 18 -1
-2 13 1 -11 23 -6 0 26 -11 -23 -24 -2 5 -16 1 -26 -13 -14 -18 5
22 25 32 36 -9 -15 -22 17 -49 14 -5 5 3 -9 -21 20 23 -18 9 18
16 -19 -10 -19 -6 -13 18 0 6 17 -13 15 -8 11 -2 -4 -38 -17 -17 -3
-1 13 -6 21 -22 16 8 27 -27 12 27 13 -1 8 45 15 -19 -38 -17 -7
65 6 -6 16 20 8 3 -1 21 23 -7 -8 -8 -18 33 30 11 -34 21 17
-9 -7 -17 -2 36 16 2 22 18 -16 15 -13 -6 16 -5 35 -12 6 24 12
-15 13 26 11 6 -10 -17 -6 -20 -64 7 1 6 15 -17 6 2 27 -29 -7
-42 26 13 4 -33 -1 -12 5 -2 -22 -15 7 -28 33 19 -39 -4 1 32 -12
24 -12 -17 -33 4 -30 -26 -32 -19 1 27 -36 26 -24 -14 -15 11 -24 -36 -16
-26 -4 -42 -7 -4 16 7 -14 -14 25 -4 -6 8 -56 -5 12 16 27 -27 0
-6 -12 27 -20 -10 1 1 0 -4 -15 12 -6 -21 21 -7 -3 -10 -23 -5 1
-14 27 23 -18 -44 4 -21 -17 -18 -7 -23 -26 6 7 4 24 8 -5 -8 14
17 -47 -11 -13 -55 -13 -28 -22 -19 25 16 3 33 -35 -20 -36 12 21 -17 -13
2 20 -6 27 -13 -7 -16 16 -18 21 5 7 -34 5 -14 1 6 12 9 28
33 -9 32 16 -8 17 -12 11 -3 9 18 37 21 -7 -8 5 1 -3 1 5
8 34 24 -4 11 -15 18 -10 -29 -14 5 -13 5 -9 -7 5 -7 8 8 -14
8 30 -10 0 6 -3 8 -9 3 -16 8 -5 -2 41 -11 10 -2 10 -3 11
6 5 20 -16 -4 4 -4 11 30 1 -18 -21 24 13 -2 9 -5 -10 9 37
4 2 11 11 -4 0 -3 0 -4 -31 28 -28 4 -2 -13 22 -3 -30 -25 -5
9 4 -38 -37 26 -34 -1 15 11 -23 -33 20 -26 -28 43 19 -31 -30 15 -11
-7 -26 26 -27 33 -8 -4 -19 -35 11 -24 23 -28 27 -23 19 17 -6 37 -10
38 7 9 -31 -12 33 -17 -23 17 -22 2 1 6 3 11 -11 -36 -34 -7 -38
-6 19 14 11 -20 14 -5 -12 37 -26 0 18 24 7 7 17 -7 1 -40 15
4 -4 -1 -8 -14 18 -7 2 -20 8 -33 9 -15 -23 -11 14 -52 -17 18 4
-14 14 35 -22 22 -2 24 -21 -4 28 -3 -22 -2 11 32 -29 9 -1 10 -15
-1 -20 7 1 -12 11 -28 6 -20 -3 4 -4 0 47 -17 -1 1 5 2 -7
0 -1 10 7 -11 41 -19 -3 -12 10 3 -2 -3 9 19 -6 8 -1 -20 13
20 -5 -11 3 31 2 6 -2 1 -7 -1 26 -22 -14 -8 -3 3 7 -2 0
5 -4 -28 -4 -23 13 14 17 0 -20 2 -1 34 -14 20 6 -36 17 2 1
-32 1 17 -4 -8 -15 -24 -35 10 -1 -13 -25 -21 -21 18 -18 6 -18 -2 -1
101 -5 15 -9 -19 -6 -6 52 -51 -1 7 30 -20 -1 12 31 1 6 22 10
26 25 -6 29 35 -26 10 4 -44 13 -28 3 -10 3 26 -26 0 -15 26 -10
2 20 8 8 37 -10 -11 -14 35 -23 -34 24 -19 -13 -27 26 -3 -2 -24 30
-32 -23 -16 36 1 2 -12 24 -30 10 -11 16 17 -6 -12 27 -24 -3 34 -6
14 -46 -35 17 2 -26 18 8 7 6 28 -29 -22 0 4 7 -4 11 16 -15
-22 -7 13 -3 -7 -2 -5 -11 1 15 -16 -13 6 -18 -5 -1 -18 11 6 19
-14 -5 -9 1 -9 9 28 -7 -13 19 -27 22 12 1 -20 -36 16 14 -28 -1
-16 0 3 28 -22 -22 -17 -22 11 15 -25 -9 -3 -19 11 -16 15 -17 14 -7
15 7 2 10 -3 -11 1 -4 2 34 2 -6 11 12 14 -7 6 -4 10 0
-2 35 -6 17 -13 12 -7 -11 -7 1 10 -1 3 9 -9 -2 18 0 -10 1
33 0 -3 15 1 -10 4 27 -10 9 14 6 10 5 -8 -14 -28 -18 0 4
127 9 -42 -34 -23 -45 -9 -24 3 -3 14 15 -4 -13 3 -16 43 12 16 55
29 34 18 3 -13 -27 -12 -5 38 -14 -29 -5 32 3 6 15 -19 16 3 -9
-28 -10 30 -13 -19 -90 -19 -10 5 -1 -12 -1 13 19 -2 -3 10 -23 17 -1
-17 -29 -13 27 -9 -17 25 -27 7 -7 5 -3 29 8 11 15 -1 -28 -7 -13
-11 -15 -9 11 21 23 11 1 -19 -9 7 -7 -12 0 -6 -30 10 -5 25 9
-20 5 -18 -18 -36 4 0 -30 21 12 28 -29 -15 -26 23 -32 -18 24 27 -31
17 -15 -23 24 -25 7 5 14 -26 17 13 27 4 -32 -4 -15 -8 1 16 -13
-1 4 -13 6 -12 11 -7 4 4 -6 15 27 2 -40 10 14 84 -14 -7 27
-11 -2 -6 -16 -17 -12 -4 -13 -30 30 24 -2 2 -11 13 -15 -8 1 3 -2
9 6 -2 -5 -14 -19 -23 -12 -8 11 0 -13 -36 -32 -9 -2 9 -2 -10 -12
-14 -25 -3 -6 1 -37 -6 -13 -41 -2 4 18 -18 -6 -29 13 25 32 13 -6
-33 17 21 -12 -5 10 -23 -11 6 -18 0 0 10 -13 -7 5 -7 -11 -6 -20
-2 19 -1 2 3 32 18 -15 -12 -8 15 -14 -9 -15 20 -32 -23 13 6 12
-23 -4 -18 -24 -10 -12 19 -11 -34 -26 -32 -17 -5 -11 -3 4 -12 1 -10 -4
3 -29 2 -12 -38 10 28 -19 -11 1 8 -13 -25 -13 7 -15 -19 -14 18 -8
10 6 9 -11 -11 -11 -13 -25 -10 -27 -9 -5 -16 9 19 -7 -30 -18 -3 -10
-27 -19 -57 23 -19 -6 21 19 -30 14 -28 -27 11 -7 -1 -15 -28 -15 -19 17
-14 -34 -24 11 30 8 -3 -22 7 35 14 22 -37 -33 9 30 -7 -34 7 3
-5 -25 -17 -38 -57 8 -37 21 6 -6 -11 29 12 10 0 34 -33 18 -5 -23
16 -30 31 -17 -51 -11 13 -4 -22 -14 -16 -5 -21 -21 12 -19 -9 -4 -2 -22
17 -14 -15 -11 -15 -18 7 10 14 6 -14 -5 -34 -13 -7 -2 20 -3 15 4
12 16 -19 27 -8 -13 -20 -8 5 -20 14 -19 6 -10 -13 5 4 10 -18 -5
15 7 20 14 -12 -11 26 -25 -21 27 -15 12 -29 6 -19 -27 -33 -10 8 -4
-5 -4 -28 -16 8 -12 -5 25 -11 24 -17 9 16 6 7 14 8 2 -7 -18
2 -27 -19 26 18 -17 -10 13 11 22 31 5 -8 -23 -12 -26 0 18 -26 -27
-13 22 -8 33 -6 9 -15 8 -1 20 -30 5 -16 3 39 4 -21 -24 3 -8
24 -26 -3 8 -23 17 21 1 -9 18 21 -7 19 -20 2 -39 -32 -27 1 14
-4 -27 15 -1 12 -17 0 -18 108 0 4 -17 -23 -12 -8 62 -84 8 -4 7
-20 -7 -1 31 -3 2 33 3 15 28 6 22 -32 -5 -22 30 84 34 -19 -3
-47 -27 -5 -12 -3 -3 7 9 -24 5 21 25 15 8 15 17 28 -4 20 -31
-27 -8 -27 -14 -1 3 -18 -22 -9 9 -30 22 68 10 -7 -20 -17 9 20 48
-57 -56 -19 12 -4 8 29 22 18 12 0 18 5 -3 23 14 5 -16 -18 -12
-14 5 1 6 -33 3 -6 12 17 9 -3 -27 -32 -10 -4 -16 -4 10 -9 -14
-10 1 18 -11 -12 -52 6 -11 -11 4 12 -14 -17 -1 8 -12 -16 16 6 2
-31 0 -6 -8 12 9 13 9 -24 1 9 -36 -18 -5 -34 -28 3 -5 0 8
-9 19 -13 15 -16 4 -3 -21 -29 -10 9 -27 2 1 -16 5 -18 -3 20 8
-18 -1 7 22 -7 -6 -9 30 17 -9 -17 1 110 4 -3 18 -16 6 -1 -6
-28 -20 -17 -19 -16 29 19 -5 -23 -9 7 17 -1 -5 5 30 15 -20 -5 17
-12 -8 16 9 -5 2 24 -17 -34 -3 7 -5 2 0 14 0 -33 -20 12 17
-2 -4 -29 -26 -2 -15 1 4 5 6 12 -14 -23 -6 -14 -4 -12 -20 -3 14
-3 -13 -11 -11 -19 8 6 16 -6 -6 -24 -13 6 -18 -34 -20 -10 4 -22 17
-5 -6 18 3 5 -11 -4 -6 -16 0 -2 -11 -43 21 -17 24 -32 31 18 -4
-4 -17 -8 36 13 -60 -3 -24 32 -27 35 32 25 -1 20 21 -37 -4 -38 -15
-3 14 19 14 17 14 34 -24 -10 12 -1 22 -27 28 -13 13 -44 23 -15 23
8 31 -22 -37 -26 -22 -3 -24 -32 23 -26 -17 1 -23 19 0 -74 1 -23 -14
-25 -44 -5 -16 -16 -11 9 -24 15 -20 10 -4 25 -16 23 27 15 8 28 22
2 17 4 4 -28 -5 -22 3 -4 24 9 26 -11 4 -16 10 -47 -3 3 -6
-26 -25 -7 19 -2 -16 -12 22 -12 3 1 0 11 17 11 9 -5 -19 11 -11
-52 6 15 17 9 17 0 -6 -25 -21 12 2 0 10 -35 -31 -3 9 11 -6
21 -5 -14 17 -17 18 -1 26 -42 -4 12 -15 19 -10 32 17 -4 -17 -12 0
4 -9 15 -28 -3 -7 -5 -1 -8 -29 -6 20 11 6 8 12 -13 19 9 5
-6 -11 -37 -17 83 22 -19 16 -21 -17 4 18 1 -34 -3 -10 11 11 17 10
10 -8 9 38 30 16 18 -3 -10 -29 -3 -12 -7 6 -24 11 -13 23 3 32
-20 -21 -19 -26 -32 1 -7 -26 -48 -26 0 11 21 23 29 22 7 14 12 0
5 0 -4 13 -6 -24 1 -13 16 -39 16 -15 -30 -1 -41 33 0 -26 6 -27
6 -39 5 -20 -1 -2 29 19 21 -9 8 11 12 34 -23 -26 -33 31 -14 19
6 -5 -15 -37 -5 -17 25 -21 -19 18 27 0 -64 -10 -4 40 -18 15 -30 7
19 34 17 -24 20 -19 -7 -6 5 16 23 13 17 -24 7 28 26 4 29 7
13 -9 -15 -34 22 -44 -32 -22 -3 -32 -26 38 -29 -21 13 2 19 -40 12 32
5 16 -26 28 -37 -19 -11 -25 -13 -13 -12 -4 -6 6 6 -13 3 23 7 -13
35 5 39 1 -6 50 -12 -25 2 -10 32 18 6 18 -20 1 -16 -14 -3 7
-31 -25 22 6 -4 -20 6 3 18 -7 17 -16 -15 -5 9 19 -19 8 -11 33
4 -23 21 25 101 -17 19 1 18 0 -17 1 -39 -8 -15 -4 -11 29 -19 -3
-14 -6 4 17 20 -2 -5 28 -5 2 15 6 -3 2 6 17 35 -20 2 28
-30 -19 4 -16 31 6 -9 -15 -40 32 -39 9 -3 -64 7 -14 21 12 -17 -24
2 -7 -2 -28 6 -2 -12 -6 -8 26 15 -10 9 -30 4 12 6 0 -23 -16
-67 23 -47 -8 -25 26 -21 -28 -41 27 43 28 -31 -2 37 37 -10 45 45 22
-26 -8 -5 31 -30 -6 -29 -8 -3 22 10 21 28 32 29 24 -25 8 0 30
34 -4 -28 13 -23 33 10 13 -13 -33 22 -7 -31 12 -8 9 13 -28 -7 26
27 7 29 -20 -36 -16 -31 17 -35 26 -6 -5 0 18 -8 -22 30 -11 -25 -9
-5 27 -4 -18 -35 -35 11 1 24 18 -22 25 -32 36 -19 7 -28 36 25 -32
-32 -13 -14 4 -29 -13 -27 10 -17 37 -1 -6 -27 -36 -10 -2 -24 -22 38 40
-38 31 -4 22 14 40 -9 28 -12 -10 21 -14 -15 21 -19 5 -3 -5 41 -43
5 12 -28 33 33 -35 23 -21 -20 -17 -5 -25 -25 31 17 17 14 2 -14 6
21 12 -28 -21 5 6 7 15 -34 -2 3 -17 0 -17 23 1 30 -21 -8 -14
-21 25 -9 -4 14 -6 -12 4 65 5 14 -29 4 -23 1 34 -28 -19 1 5
-13 -18 14 8 6 9 9 -29 1 2 36 2 -19 0 14 20 -15 -9 11 30
-13 -7 -13 -11 -10 13 -10 -25 -34 -20 -5 -23 -6 -3 -3 19 25 -11 10 5
-20 -32 -3 -7 -36 -7 14 29 -4 -12 8 1 -33 19 -2 11 8 0 -3 -15
-43 -8 -24 -8 19 -14 -9 1 -8 -11 -25 6 -15 9 16 14 -13 1 -24 -14
71 26 -41 -8 -20 -18 8 5 -5 13 7 7 0 -16 8 -11 24 -8 27 1
13 16 17 15 -6 -24 6 -11 69 10 9 10 26 -20 -2 22 -7 11 -8 5
-26 24 9 -26 -1 -37 11 5 0 -9 6 20 3 -11 -1 4 6 7 15 -14
-15 -17 -9 -21 -53 -8 7 -23 9 14 -14 -13 4 -17 -6 -30 21 -12 -7 -16
20 -12 17 -4 -13 -19 11 1 18 3 7 -21 9 -11 9 -23 20 23 6 8
-27 9 -20 9 -15 5 -10 -37 4 5 15 -15 26 16 -9 16 4 8 -1 -5
8 6 12 20 -18 -27 19 37 -2 -27 11 -7 2 -20 10 -9 0 -4 -14 -16
-30 -19 12 -20 6 -27 14 -18 24 1 -23 -22 29 -27 -17 -14 -7 9 1 -24
-27 10 -21 7 39 -28 29 13 10 23 -25 7 -16 3 -17 -5 23 -19 36 15
0 0 2 -29 26 7 28 20 -5 -8 -12 -1 22 -10 -30 -2 -13 10 32 31
-29 -6 -12 22 29 -38 18 22 -22 30 -13 2 12 -13 -27 -3 22 -17 35 -4
-21 26 32 10 26 -33 -44 -22 -14 -32 19 33 -29 39 32 1 19 21 19 23
7 -9 -19 -35 18 -20 20 -17 7 -31 18 -16 -16 26 32 -8 -9 32 17 44
4 -7 27 -25 -21 -24 26 8 5 -39 15 -7 0 -23 34 -23 -33 10 18 -15
11 0 25 -8 7 15 33 -27 11 16 -12 -5 28 -23 -25 -27 -27 36 10 -37
-3 -37 -2 -43 -13 -27 -15 -34 18 15 -13 -23 -25 26 -25 12 16 -14 11 6
-9 -8 7 -5 -21 10 19 -7 -2 -7 20 5 5 18 -12 21 1 20 -4 -4
-6 -7 13 2 -6 20 -26 17 -31 24 -13 -8 8 -22 32 -4 6 14 -3 28
-12 -24 -16 -32 16 -6 -28 15 10 -9 1 -1 -27 -12 14 -13 19 6 -27 23
2 22 -23 15 72 19 -31 -11 -25 -14 21 -22 16 -3 20 -1 4 -14 10 -29
20 9 22 19 0 35 17 -11 -20 -6 9 -2 -26 -11 12 -17 27 -11 -30 22
29 -17 -18 3 -11 -6 -9 27 -15 -49 7 -27 25 -1 -15 10 -11 25 23 25
-7 -10 0 -5 17 -20 12 -18 -27 -15 -14 -20 -43 -6 -23 2 -37 18 2 -14
9 -70 -17 2 -2 1 -11 -13 18 8 -54 -7 -18 -10 10 -8 -20 -3 22 -10
-22 -3 33 -20 -29 17 -9 7 18 6 -16 -25 9 -22 6 7 -29 8 9 17
5 10 33 -4 -12 11 15 -11 6 23 18 28 47 6 -1 -11 15 -8 -20 16
-3 15 -2 -16 23 -28 9 -18 29 8 -9 -10 2 11 -1 20 -12 18 16 3
53 -23 6 8 6 15 -23 -24 12 -22 12 18 -34 19 -1 7 -21 -17 3 -21
21 -14 27 -2 -5 1 9 29 -22 -20 6 -10 -8 -11 -8 2 -9 7 -32 15
26 -16 -9 -8 -29 2 13 4 9 4 0 1 -1 2 -3 2 -12 12 -6 -16
16 5 20 9 -13 7 17 13 9 -22 -24 15 -7 -9 13 -1 -29 21 32 -14
-15 0 4 -25 -15 -14 -13 0 -4 21 12 26 -5 31 13 8 -31 2 23 14
-18 13 -14 -8 7 23 -19 -1 16 22 -36 -5 -26 -31 -4 5 -2 26 -19 10
3 -6 29 6 18 -18 11 8 -33 16 12 17 -10 -15 22 -2 -9 -6 -6 21
-1 -20 34 -32 -84 -2 -30 6 21 -18 9 29 8 13 -14 4 -20 -7 10 20
1 -15 1 -2 -13 -12 -25 -18 -14 -8 -6 1 -31 -26 -7 8 5 -73 -5 -21
-11 -13 -8 16 4 -1 -43 -10 6 32 15 -28 -30 7 18 -6 -20 -17 7 -16
-18 -21 -12 -1 1 -8 7 2 3 -10 2 -16 -17 11 -23 11 -9 17 6 18
-18 -9 -10 -7 -8 -1 4 0 18 9 15 -19 -42 -9 5 11 19 -23 -28 -23
3 -11 -7 0 -4 -3 -6 -7 14 14 -5 24 12 -29 -3 -6 96 -1 -4 18
-18 15 18 9 -17 -16 0 -12 -28 27 -18 -32 -27 4 -24 -7 0 8 1 20
-17 -1 12 -6 3 -10 8 10 -9 22 19 -20 9 9 -29 -30 -19 18 40 5
-28 -33 -1 -30 38 -55 -4 25 15 -10 -27 -12 -34 19 -16 -21 -6 20 -18 3
5 27 42 -10 20 11 21 22 19 -15 3 -18 -9 14 1 -29 2 3 38 18
-4 3 36 -41 12 26 18 -29 -1 -26 -30 -9 -34 -11 -16 1 -28 6 -17 10
0 -10 -4 -23 -29 -13 -17 -2 -13 -8 -9 -23 -36 -11 -23 17 -12 -13 17 -14
-13 -27 29 10 -21 21 -6 26 -20 0 -15 20 -20 -10 5 9 20 -8 3 -3
-17 -14 16 -12 -19 3 -8 8 6 11 -14 7 5 16 -5 11 6 -17 -6 13
-5 -20 17 17 -36 29 -16 18 -15 15 28 14 -17 -19 33 27 22 8 -9 18
-27 21 -29 -27 -18 -24 29 5 8 -18 16 -13 -7 -15 24 16 8 -29 -15 -15
-22 -35 -24 -24 -58 19 16 16 -32 20 -18 10 31 -32 -23 -27 19 0 -6 30
9 -10 -5 0 -24 -22 21 3 31 1 -28 12 -5 -21 16 -16 4 -49 -20 -18
7 13 -4 -17 -24 -22 -60 5 -9 33 12 -18 20 4 9 -10 -23 -7 -19 -20
-16 -6 -4 8 -21 16 -5 -9 3 10 16 18 -15 17 3 -14 0 23 0 18
2 -4 3 -5 6 -35 42 -29 -25 -39 14 11 -11 -10 -28 8 10 -27 15 -18
21 6 5 -22 22 -5 -1 13 -1 -13 -6 11 8 9 -25 -4 9 -24 -2 -14
19 -4 22 5 -14 4 3 3 3 -5 -37 -16 7 18 -18 15 29 7 -11 -3
-17 -21 11 10 8 8 -27 -28 -26 3 3 20 -10 36 11 9 -37 -15 18 -33
-22 -11 -13 -12 15 3 -3 5 -34 0 -2 -4 9 -2 4 14 -22 -23 -21 8
-27 22 19 15 -8 -8 27 10 -29 -14 -11 -4 -38 14 10 -6 8 4 3 -15
-3 -7 0 -26 -15 -29 -7 6 -22 -14 -11 -3 -41 14 8 -13 -22 2 8 32
-41 -18 -14 -16 14 1 4 -5 -33 -4 -2 -16 -12 25 -1 -5 -1 -18 2 -41
-26 -6 -22 -14 -5 -16 24 -6 -26 3 12 -12 97 5 -3 -2 -6 -14 46 67
-65 -24 8 27 3 0 4 12 14 19 -4 14 9 -2 5 18
