4 18 -9 14 -2 -17 3 -3 -20 20 15 -29 15 -18 -12 -27 1 32 19 3
-9 -22 -8 -20 21 -4 8 -23 16 -10 -2 17 -22 -23 7 17 -16 34 -7 5
21 -21 8 17 10 -31 12 -10 0 5 10 -20 -3 -10 -7 10 26 15 23 17
-6 -7 -7 -8 -3 -18 -36 5 -3 23 21 -17 -8 17 -13 -6 21 3 -37 -1
18 8 -9 0 4 1 28 -12 0 -21 32 14 18 -6 16 -5 -16 12 19 24
-11 3 31 -18 -19 -1 -17 14 -1 16 20 -16 25 19 -17 8 -10 -20 -13 -18
23 -13 -2 -12 4 1 -4 -2 -22 0 -20 2 -2 -5 -6 -4 18 18 -24 18
-4 -21 -9 -5 -19 -25 2 17 -12 24 21 -4 -16 -24 0 3 8 12 -17 11
11 18 -54 10 -8 21 -9 14 17 16 -3 -15 2 -47 24 -7 23 -10 14 9
4 3 -3 -6 3 7 -19 -7 -20 -14 0 21 14 -20 -30 13 11 -17 -2 -15
-5 -9 13 -22 -3 -8 -23 10 22 -1 -12 -25 -2 -23 -6 3 -9 4 18 22
25 -11 -7 7 11 3 6 4 -16 10 11 16 15 1 -4 61 -12 25 5 3
-8 -20 -22 -5 -24 -27 -2 -21 -7 27 13 -26 -29 5 1 20 -18 -14 -21 13
-9 -9 1 10 -13 20 -22 -6 -5 4 3 3 -11 18 20 -58 5 -6 -12 -14
-3 -15 -9 -19 18 4 9 -17 2 10 10 21 21 1 -6 -6 9 -19 -10 -29
7 -24 3 -18 5 1 -6 17 8 -1 -14 6 9 13 -14 18 18 -6 -14 -8
-3 -8 -76 -1 0 -2 18 -3 6 3 11 -4 -4 14 2 -21 -2 8 21 13
15 22 -11 -28 -10 2 24 -4 18 14 14 -11 -20 -5 -6 3 -1 9 10 -28
2 -17 -5 -7 -3 19 -16 -22 -4 20 4 12 8 5 -8 -14 -10 12 15 -19
-12 0 1 -19 0 -12 11 6 -12 3 13 10 -18 -10 -21 -15 -5 -17 -10 -6
15 15 -2 8 -8 -12 -9 -17 -1 15 -13 -16 10 19 30 16 -24 0 -24 -15
5 3 7 -25 18 11 17 -14 -30 44 3 -22 -9 -5 4 10 53 -20 -14 18
2 -2 -11 -14 -13 -11 16 5 -17 3 18 0 0 -10 4 4 21 4 14 -7
19 2 -1 1 6 -16 12 3 11 -21 5 -1 -25 -17 -11 -13 -13 -16 13 11
20 19 8 19 -7 16 27 -27 12 -16 -3 -12 8 1 6 -14 1 19 -10 3
13 -13 3 -19 -3 -21 2 -17 12 -10 10 -14 -6 12 17 -19 -29 10 -9 -9
-4 -9 -20 20 6 -24 29 4 14 -16 20 6 0 -18 23 11 -9 -26 -10 28
-12 -34 6 22 -25 25 10 -16 -29 15 -2 -26 -3 18 16 -4 27 17 -20 21
-6 -14 -9 -9 9 -19 12 -6 -21 -11 -19 -24 5 3 -29 -19 19 -23 -12 36
14 -31 -28 34 -27 -17 -15 -22 6 19 33 24 -12 -3 28 4 18 18 35 -26
5 -10 21 -26 -10 10 -19 -20 -5 11 -27 13 -28 -4 -32 -36 -22 4 -9 1
-11 4 25 25 16 -28 -32 1 12 -27 -1 5 -14 -2 -10 13 2 -13 -6 3
4 -20 -18 13 23 -4 -20 -26 -29 -5 1 -27 8 -18 2 -18 -27 21 -2 9
29 -31 31 -29 14 18 -19 11 8 25 -5 9 15 8 30 -7 10 -23 31 -9
30 -19 22 15 8 -36 1 18 19 -28 5 -8 -12 8 26 24 20 -5 -13 19
-1 -1 -26 -26 -24 16 -1 -5 -16 18 29 -6 -15 -13 15 13 14 -10 -7 -6
-3 -8 -14 -21 7 13 10 -20 22 -3 -23 17 25 -4 2 7 -8 22 30 18
3 -2 -10 -2 -27 -14 2 10 -12 23 17 20 16 -11 14 3 -15 -25 -21 24
3 -11 20 12 4 -29 13 14 -7 -17 -12 20 14 -8 36 -1 7 6 -7 12
3 14 13 -15 1 0 -20 -3 -3 28 17 1 -11 -9 -13 11 -8 -1 28 -21
0 16 -10 -4 -17 -9 15 5 23 14 27 6 15 -14 18 -22 0 -7 20 9
-17 -22 -8 -36 -26 0 6 -6 -9 25 1 18 -37 -14 -43 -8 17 -4 10 20
19 -9 -3 -6 13 0 -5 12 15 -15 7 3 -4 -3 6 11 -10 -4 0 -5
1 -2 1 24 -3 -20 12 23 0 -2 53 -27 28 -21 -13 -10 -8 21 -10 14
-21 -4 -13 9 -4 -10 13 9 -19 30 -2 -8 8 6 19 -4 -12 27 -24 19
-41 -7 27 2 -15 -27 -26 -8 0 28 -24 2 -14 -14 2 5 26 -12 -5 51
20 8 -2 -19 -4 6 -13 -15 24 -26 50 25 22 4 3 19 -28 -20 -10 -3
-43 32 10 50 -17 -19 -2 23 -61 -32 -17 -6 14 70 -7 -22 -15 9 24 -21
18 3 21 19 -14 13 -18 0 23 7 24 -22 -3 6 18 -17 -17 16 -9 -9
-9 12 -18 16 -4 12 -20 -18 -26 -18 -21 -12 -35 -8 -17 16 47 12 19 2
4 -10 -2 -3 -13 -2 -16 -3 4 15 29 10 5 -4 15 10 1 -2 -7 38
-16 3 25 -4 9 4 -9 -27 10 20 -5 -6 22 -5 -12 -15 10 -20 1 -17
-22 -4 -8 4 20 10 -21 0 33 11 11 -28 13 13 16 -6 -9 13 17 7
-13 -2 -8 25 -17 -3 6 17 -24 -17 6 18 10 16 -24 24 9 29 -12 -13
6 16 -2 -15 -15 -29 -12 13 -5 22 -4 19 -8 -20 17 -18 -31 -15 10 8
-6 22 -3 6 -2 27 -7 -7 14 18 26 8 10 4 27 7 19 -22 7 3
4 -22 -2 8 -9 -14 -5 14 3 10 -20 25 17 15 -11 -10 -18 6 -24 -1
0 -5 6 12 13 -3 23 -12 -10 10 22 2 -12 9 14 -8 15 -23 -11 -2
16 -10 13 -29 14 25 -15 12 -22 21 -14 -11 -30 8 9 -16 -13 16 -4 -4
-4 -6 24 25 19 -1 -2 20 19 20 31 14 4 3 4 -21 41 -21 1 11
16 0 17 -25 0 -12 -15 -16 -14 -6 11 -2 -22 -22 -19 -27 -12 -17 15 -22
-10 -6 -19 -22 13 35 17 2 -21 -12 -18 -19 9 15 -4 21 6 -18 10 9
-5 -26 -20 -3 6 22 -13 -23 -8 9 -22 23 -18 8 39 -9 22 -13 10 7
-21 27 10 -23 3 -26 -1 -3 18 -7 -8 -24 -13 6 -15 -20 3 16 -3 9
27 3 19 11 -17 15 20 12 20 26 24 -23 -17 -4 20 4 -13 -18 -21 32
16 3 30 5 -5 4 -4 -8 -18 -17 -21 0 8 24 12 1 -10 -2 13 -18
18 17 -17 -8 -8 19 4 -2 2 0 -3 -9 16 -9 -21 35 -25 7 -2 16
15 -20 -6 33 9 22 53 -24 21 -9 -19 -12 -9 -24 -6 -7 9 7 -14 -19
8 -5 22 -18 27 -21 29 -27 15 -14 12 -30 -2 26 -9 22 5 21 16 17
-1 -7 -4 -37 -23 -16 11 -3 -2 0 -9 13 19 2 29 15 15 26 13 21
0 9 -23 21 3 -8 20 -4 -5 20 4 9 -15 4 27 10 9 -6 5 13
-4 -12 14 -21 -6 0 21 -1 22 13 0 40 12 -8 1 6 11 -23 5 -16
-15 18 -4 0 15 -17 -13 7 -6 -26 -29 -2 -15 23 16 40 -3 1 -4 15
0 -26 -17 4 -21 -33 -37 -8 -29 -17 19 -13 -2 30 -14 -8 -31 -5 -10 -20
5 6 12 18 1 -22 21 -19 2 19 21 -26 -2 22 18 -16 33 6 -20 -2
-25 -4 2 16 -8 17 1 5 2 16 0 23 5 -16 -20 2 -7 15 24 0
12 2 35 -11 26 -6 12 9 -19 8 26 15 -16 -8 12 -2 0 -4 7 0
9 -4 9 7 -2 0 11 -12 17 -13 -5 -19 -3 19 8 -10 9 15 13 -29
-8 2 -13 -5 -6 5 -3 -6 4 5 -2 -1 2 -3 0 -7 6 16 17 -15
-1 -13 10 -6 10 -6 -7 8 12 -10 2 0 5 -7 17 2 -4 0 -8 -11
-7 -5 -106 8 -4 -4 0 -7 -1 6 10 11 -7 -2 -5 11 4 1 3 11
2 0 7 21 -5 10 3 -1 -6 0 7 7 -2 -3 -1 -5 -6 -8 6 0
2 -13 1 -4 5 -5 -2 6 -14 4 11 18 15 -5 3 5 15 35 -4 -6
4 -4 9 -2 -7 -8 6 -6 -58 3 8 0 -2 4 -10 -4 4 -4 -10 8
1 6 0 0 -19 17 -4 -4 6 5 -9 4 -4 -2 -4 9 7 -18 -40 -5
3 13 2 -6 -2 3 6 8 -14 33 -6 20 -5 10 -3 -4 13 -11 8 9
-13 0 -12 -6 5 8 -8 4 -8 7 1 -1 7 7 2 6 -2 4 1 7
2 4 11 -13 -25 -11 -9 4 7 -2 -4 2 -14 -10 -9 -5 6 -20 7 12
16 -10 -3 -5 5 -2 -17 2 5 -2 -3 -12 1 -3 4 6 -11 10 -2 -10
3 -2 -9 -7 -1 6 -6 2 -15 -4 8 -17 20 -4 9 1 1 12 30 -7
-25 -21 -5 12 14 -18 -14 -24 -2 9 10 -9 -22 -3 -25 -4 -26 -17 -18 -13
2 2 -13 25 -29 24 0 1 -8 -6 -21 22 -11 -9 17 -6 -5 13 13 -17
18 -27 -6 10 -17 24 4 -7 6 4 -18 4 -4 -22 27 -26 -25 -17 -26 10
-13 -20 7 9 -21 24 -19 2 4 -5 1 3 -19 -17 8 12 -4 6 10 3
13 14 4 4 -13 12 -1 -32 -17 -15 1 9 9 -21 19 -9 -14 19 24 -13
2 11 -16 -9 -16 8 -1 -13 9 20 -11 -15 14 13 -13 2 7 -21 -24 18
-7 10 -8 -6 -16 15 -22 -6 -11 -15 -17 -10 -14 8 23 2 4 -5 23 14
5 0 10 23 19 15 3 -1 -16 4 -21 -14 -17 16 0 4 -14 30 21 17
20 -8 -4 7 3 -8 -1 -1 -3 -15 15 15 -13 -18 -19 -7 3 2 2 -13
2 18 -3 -18 1 0 10 14 26 16 6 -1 3 -1 -13 -8 8 -20 -16 -16
-5 5 8 18 -18 27 16 -20 -4 21 -8 -21 25 -2 3 13 -42 -20 10 11
38 -20 7 10 -23 17 -20 -26 -3 -3 -21 -16 7 -25 -16 -6 -3 -5 -14 32
-2 0 11 -3 16 22 -20 6 -4 -6 4 -7 -8 12 32 -16 6 9 4 -16
-1 -9 4 -9 -1 0 -18 14 3 -7 16 -30 -11 2 14 12 12 -12 6 -13
9 19 -26 15 12 2 10 12 -16 -2 11 -59 11 0 5 -17 -5 -8 7 -21
1 -19 -2 -3 -6 -1 -4 -14 -6 8 15 5 -6 6 -88 9 -8 10 -25 3
2 -5 3 -14 -12 15 -1 2 2 7 -2 15 14 18 30 49 -19 -3 17 19
8 -24 -17 4 9 -2 11 -13 5 10 40 5 -3 -24 19 -7 -25 -18 -8 1
-22 -2 -1 7 7 -9 7 -12 -2 45 -21 2 18 -18 11 8 -3 -10 6 12
-70 -13 -2 -11 -10 0 3 25 7 0 8 5 11 -18 14 -9 9 -22 -18 -17
-3 -15 -20 -9 2 -10 18 -2 -6 13 -46 -4 -7 1 11 -22 17 -5 15 -5
-40 29 4 12 19 -8 2 14 -54 -11 -12 -17 -5 -10 -19 -15 -6 10 -20 -19
12 -19 -10 -10 -2 -15 -2 8 3 -7 -15 12 -5 -15 1 -9 7 -14 -12 6
-10 -5 -15 -3 -50 -1 -14 11 3 -2 1 9 -57 7 -9 -8 30 -13 -28 -2
12 0 -17 -10 4 16 3 13 11 13 -1 4 9 -1 6 -1 18 31 2 -3
-13 -22 -8 -18 -18 -3 14 23 13 4 -23 12 6 -32 -10 -15 12 3 -24 15
-11 14 -6 -25 -31 29 -22 3 19 17 -15 7 9 -27 22 24 -7 14 25 20
14 25 19 19 10 11 5 35 10 7 5 -4 -16 21 -14 6 -9 -22 13 -19
-2 -13 -12 -13 -2 -4 16 1 19 8 -24 -2 7 -22 6 17 4 1 -11 -2
-19 4 19 25 -1 8 -12 -22 -24 8 27 -9 21 -7 15 24 24 12 20 -27
14 4 -17 4 13 0 -2 10 -22 14 -11 9 -10 17 4 -22 -17 -2 18 -31
18 7 -10 13 16 -2 -19 5 -16 -17 1 6 1 20 7 -3 1 -29 18 -7
20 21 -12 29 -23 0 1 21 -6 14 20 0 10 -25 10 11 5 -17 16 10
7 7 -6 -11 -1 7 14 22 19 -20 -2 0 15 -4 13 4 4 -22 4 0
11 14 21 -22 1 -17 8 -1 -21 6 2 -29 25 -17 17 4 19 -13 9 -19
-15 -21 -10 17 -25 -11 4 5 16 -16 -23 -17 29 10 20 19 -3 -8 -24 11
-8 14 -18 5 -11 -2 -23 2 -17 -10 -11 8 -1 7 -8 -17 5 -7 18 -16
-1 -11 -17 -18 -1 7 -15 -19 12 -17 12 13 2 -16 -3 -9 31 15 13 16
-30 12 14 -24 5 17 -44 0 -29 13 -7 11 -1 10 13 -12 19 -17 -26 -28
-40 1 -20 26 2 -25 -6 12 21 -13 -14 5 -24 -8 -32 -8 17 6 -8 -14
-7 5 18 9 -8 7 -24 5 -13 32 -31 -26 16 -29 -24 -28 40 -25 18 -12
9 8 3 -34 0 5 29 12 6 18 11 -17 3 19 29 -20 5 -23 -27 -20
3 -30 6 5 10 18 -20 8 7 -34 -25 -17 6 15 27 16 0 29 34 -12
2 11 -29 -36 -23 -3 25 22 16 -23 -17 0 -8 27 -16 22 32 19 -22 -23
-25 -45 0 -4 -12 -23 14 -21 10 26 -33 -32 -3 -33 22 14 -27 1 -21 41
3 11 -20 -26 4 -26 25 22 6 12 21 -12 14 -8 27 -2 -12 20 -20 11
-4 -30 -10 24 -21 -4 20 -1 28 -18 17 -30 -8 -10 21 -1 -25 -8 -1 -24
1 7 -1 -26 -11 -11 -15 -27 1 14 27 -2 -19 -3 3 -13 -13 11 -22 -5
-18 -27 4 3 -2 -30 -5 3 -9 2 -2 -8 -7 -23 -20 -30 -35 -32 16 21
34 -27 26 -26 -7 -25 -12 12 -47 -26 26 24 14 28 -27 11 -25 -18 14 6
3 19 6 -6 -14 0 11 31 -20 11 -25 13 17 -28 -18 32 0 11 -20 -6
-25 15 -1 25 10 -19 -22 13 -14 -1 -5 -9 7 -1 14 -7 -12 21 -11 7
-15 -2 9 -5 18 -14 -15 -28 0 19 -5 -12 -1 -13 5 18 13 0 -15 -3
-6 -2 19 21 6 21 0 12 -21 -6 -14 -29 20 13 6 -3 4 37 12 -10
-7 -16 12 -3 3 0 0 1 -26 -14 14 20 -29 14 -8 21 24 -24 22 23
11 11 5 24 2 -19 14 16 8 -25 27 -24 13 12 28 -3 1 -28 12 -25
-29 -18 8 -24 21 -23 -12 -24 -5 24 20 -6 -17 15 17 -5 -15 -22 12 11
-11 14 20 -8 -8 4 -15 9 -18 -27 19 -7 -14 -2 -5 8 -5 -11 23 22
9 9 18 -21 9 26 7 -23 21 -3 -1 2 29 23 -3 29 -9 6 -30 11
-1 -15 24 -19 1 -7 19 15 -11 -24 2 -20 -11 5 -16 4 7 -1 9 18
21 -15 7 -17 -12 12 -2 -31 -3 -19 0 -9 -6 21 17 -11 -15 -20 -24 25
2 -22 -12 28 2 33 -17 10 14 -16 15 -5 -22 -8 25 -3 -18 -9 -25 -9
6 -4 20 -29 -24 -9 28 11 26 19 23 -7 -36 -1 4 13 -4 -27 -24 7
24 19 12 -9 19 25 -20 2 -28 0 -7 -27 -8 -7 7 -6 3 0 48 -8
-15 -13 20 5 11 -7 -2 4 -4 -13 1 2 10 21 12 -21 -28 -7 -10 2
14 -4 21 4 6 13 -17 -17 3 -3 16 -9 -3 -4 1 -56 -2 7 -8 -8
0 -7 -10 6 -1 -15 6 -14 -9 5 15 -6 -5 7 -8 8 1 9 5 16
-4 -13 -20 -3 -17 -3 -7 6 -7 3 4 -2 -11 8 -7 9 5 11 -7 48
2 6 3 7 -12 -10 3 9 -7 -12 -2 -2 -9 3 40 -19 13 10 -3 -2
-11 12 14 4 -11 13 13 10 -3 -4 4 15 -16 44 7 15 13 -12 8 2
10 -7 6 8 -52 -3 3 6 -1 15 4 8 7 0 5 6 -11 5 -4 -6
-10 0 -1 12 6 13 2 8 -8 3 -5 -9 11 -4 -70 4 5 14 3 4
-13 -9 16 13 -34 53 -11 15 -12 0 5 3 -34 6 3 -1 2 -3 3 -14
3 12 0 5 -10 9 -12 -17 5 1 -20 -4 -10 2 12 5 4 7 -10 8
7 -16 11 14 -6 -8 3 3 -34 -5 -1 11 3 -14 -7 -20 11 -11 7 10
30 6 -10 1 13 4 6 -14 -2 8 -7 -7 0 -3 5 7 8 -9 -4 -4
-1 1 1 -3 -37 11 5 -16 -13 7 -12 2 24 -5 -43 9 2 -18 9 -19
-10 -15 30 13 -11 -8 -11 -27 21 1 30 4 -4 -3 -11 -6 -7 -3 6 -7
-24 -2 4 8 -9 16 2 -11 -15 -11 21 -23 -4 -17 -13 2 -12 -12 5 -18
24 16 2 -9 19 3 -22 18 16 4 22 -24 17 7 -95 9 -26 -5 -7 13
0 9 -5 -14 -9 13 -1 13 8 0 0 -16 -8 -5 0 10 -20 -18 -13 10
5 -16 -16 2 2 -12 12 6 -3 -11 5 18 7 -6 -13 -3 0 17 12 -17
-2 2 0 -9 -15 7 11 -14 -15 40 -13 -16 -10 10 5 -1 16 -8 19 -14
-7 -23 10 -12 3 20 -16 6 14 1 -9 -15 -14 -18 8 4 7 3 16 -2
-4 4 -6 10 0 -21 2 -15 -6 -28 -18 -3 -16 14 2 -6 -4 6 0 11
-31 16 -9 19 22 -6 -17 -16 35 -5 -4 -3 -8 -15 -12 8 -4 8 4 21
-4 12 12 -1 66 0 -9 7 12 -9 -24 -5 -12 10 10 24 -1 14 10 3
3 -12 6 -20 14 -1 17 -19 23 -7 -14 1 44 -17 13 -27 28 23 6 -9
-1 4 -14 5 17 18 -13 7 -14 -6 2 -18 18 -3 -20 14 15 -12 22 14
-18 -11 18 27 16 -30 13 -7 21 -13 66 3 -24 -6 -2 28 -1 -10 20 -39
-12 -5 -4 -27 -26 0 -15 27 -11 24 9 11 -14 -3 6 -13 17 37 4 -14
4 26 18 8 -18 -10 -9 -20 -19 17 3 -7 -16 -1 2 14 -4 -15 15 22
-5 2 -17 1 2 17 3 28 5 15 -32 -3 17 5 22 19 -19 15 0 2
-3 18 -16 -18 -8 10 15 -1 12 -8 -8 -31 -9 -16 28 -15 18 18 -19 -17
16 -8 5 -1 -4 3 50 1 0 -26 15 -28 -17 14 -11 20 8 7 13 3
18 -13 14 6 -32 70 17 -20 -8 -6 -20 14 13 13 -9 -14 -25 11 18 -4
18 33 4 -12 0 8 8 17 -3 -26 -17 1 -6 -23 -3 38 9 1 -12 18
-2 10 9 16 -3 -7 -30 9 -19 6 5 -2 26 -13 -19 -9 -29 45 -17 -13
9 15 4 23 1 -8 16 10 -22 -31 4 17 19 13 -16 -12 -5 -5 -36 -22
19 -9 42 11 -14 -15 9 4 -20 12 -11 3 -9 -2 -17 10 -20 -6 -4 -4
-42 -4 -24 15 8 8 -27 9 -33 -2 -26 15 20 24 -16 -11 11 21 -9 -11
-9 16 -22 -2 -28 16 -14 18 0 -27 -25 23 13 -10 26 -17 -4 15 -18 -2
13 15 12 29 35 -19 40 -3 -15 25 -17 -40 -23 -10 4 -23 -21 12 -3 10
-2 -21 40 -33 7 32 2 -15 -20 -21 14 23 26 13 -4 -5 21 -4 -13 23
26 -14 27 -10 -18 -19 12 12 -21 -5 -12 -15 16 -25 -1 37 -14 -2 18 3
-30 -6 34 0 2 -5 41 -3 -16 20 24 5 8 -1 12 25 10 23 -28 10
25 -12 10 -29 11 -3 7 -43 -3 0 10 9 -27 31 -10 -21 -13 21 5 12
-23 15 51 5 -31 -12 14 3 8 -24 30 23 31 4 1 -29 -12 21 15 -9
-15 15 3 -21 -2 -22 -18 -7 -8 -1 -2 23 -34 -24 -23 13 -7 31 -19 0
18 29 -30 -18 9 20 -16 24 -9 -16 13 -105 -13 14 22 12 -1 0 24 -19
10 3 -23 -24 8 17 18 -2 -12 34 -23 11 6 -29 -23 -19 27 0 -13 6
67 0 -3 -7 -11 86 30 -13 26 -14 21 11 -24 -30 -46 15 46 -22 16 -28
21 -26 -31 -4 20 14 0 -16 -16 -20 -29 3 18 53 -12 -6 40 -30 12 -19
-6 2 25 0 37 25 1 -28 27 11 -27 -21 1 -16 17 -10 -18 3 13 2
10 -5 19 -15 -29 -1 19 -6 -10 2 4 17 -16 -3 7 32 -6 -7 4 -21
11 1 -16 -4 -9 -1 13 -3 10 -10 6 -6 6 10 -14 -30 -1 8 25 -35
-2 -7 7 1 -7 -4 6 3 1 -6 8 -5 6 9 3 0 7 -2 -5 -19
-4 -17 11 8 -1 -7 2 4 5 -6 -6 -6 1 0 4 -7 -2 9 5 -22
-10 0 -120 12 -7 -6 -6 1 -4 3 3 -1 -1 2 3 -2 3 7 11 11
6 4 0 23 1 4 -9 7 12 -1 -13 -1 3 7 -5 -6 -14 -2 12 -14
-5 1 -15 0 -3 3 8 -12 -3 -4 -5 11 8 -6 -3 3 1 29 -2 1
1 7 -6 -11 -4 -3 12 -5 -52 -11 2 -6 -6 2 -19 9 10 -3 -1 -5
11 -2 6 -2 0 15 -5 -8 7 19 -13 -3 7 -3 -14 -3 7 -19 -55 2
8 -3 6 -13 -6 12 -4 -5 -8 30 8 14 3 -2 -6 6 31 -3 -2 11
-4 -20 -13 -1 -1 -2 -6 2 9 -6 12 8 24 -9 -15 -8 8 -12 1 -7
9 1 -9 -9 -18 -1 -4 -1 -3 2 5 -6 0 -9 -7 0 19 -12 3 -10
-3 -3 2 -22 31 23 2 -3 -4 -1 10 1 -5 10 -1 -4 -6 -4 -9 -9
4 3 -16 -2 3 13 8 -2 -3 -4 11 -5 4 13 -24 -14 -5 5 -30 24
-2 5 -7 15 13 11 -1 -16 24 -7 14 6 -29 15 -5 -25 28 -2 -2 -4
-13 -14 -13 2 9 23 -2 -16 22 2 26 26 -13 12 24 45 15 -24 -22 -8
1 -21 13 -27 -31 -22 21 22 -18 -19 22 -4 -15 25 -11 12 11 5 -20 0
20 13 15 5 -13 11 17 4 1 -4 -19 30 -13 26 -20 26 -23 -13 24 -13
-9 -30 -11 -7 6 36 -15 10 -5 -9 -13 4 16 -25 21 -3 -7 -29 -27 -18
-2 -7 -7 29 -25 -14 -3 10 20 19 23 4 21 -33 20 25 20 22 21 -32
-27 -17 -27 11 2 -31 -1 13 12 -17 10 6 -2 5 8 -1 -17 4 10 -17
31 -21 19 -13 9 -16 -6 1 9 -6 -6 29 12 11 4 -10 7 2 9 -5
4 16 -8 -22 11 -11 19 12 -20 -2 22 -7 6 -31 -13 -2 -2 -5 -34 16
-18 12 0 -36 11 13 18 -22 -19 20 18 -13 25 -12 26 1 8 26 8 -2
-28 -3 -26 32 14 27 -19 15 15 17 22 -13 -20 -23 16 15 -47 5 15 4
3 18 10 -16 21 21 -4 44 4 -2 -6 25 -16 -6 24 -28 12 20 -24 -21
13 15 31 -10 15 -11 -10 -24 5 -6 -13 -4 -27 -28 15 -1 -11 -26 -14 12
0 -13 -4 12 -18 13 31 70 14 4 13 -9 -24 1 -20 31 1 -30 20 23
14 -2 -6 16 7 -8 -6 -9 -30 4 21 -37 -25 -33 -3 -7 -22 10 32 -1
0 -2 -22 6 -21 20 -22 -6 6 -16 2 -31 9 -11 3 26 3 -19 27 -1
-17 -26 17 -25 -18 9 -12 29 -14 -13 5 -23 -7 -11 -9 -4 23 21 24 15
24 1 19 -23 13 -21 5 -18 22 11 -15 -22 -31 1 27 12 2 19 2 -18
28 -3 28 -10 11 -9 -6 8 27 -21 -13 28 12 -21 -20 2 15 -5 21 -8
10 9 -13 1 28 -11 -12 -31 14 4 14 -25 -19 -13 18 25 -9 -13 -16 8
-10 -15 10 11 10 14 26 -23 3 -14 -30 8 17 5 2 -17 -19 -4 17 22
-8 5 0 -3 1 26 -20 2 -17 -13 -8 -13 19 15 -23 15 16 -2 -11 -9
-22 -10 3 -25 -15 22 6 -19 -2 -26 27 10 23 -22 -2 20 -11 -6 6 22
19 -29 -2 -16 -24 15 30 2 0 -18 -8 9 4 -13 -26 4 -1 24 4 3
10 -19 28 5 -33 -17 -28 -22 6 -13 -6 -9 -17 27 -19 1 -10 4 -2 7
-17 16 14 -20 -16 -17 -22 -16 -9 21 -7 -9 10 17 2 -11 15 -2 20 16
9 -8 15 -1 17 11 9 -36 -2 -34 22 -24 -2 4 -14 21 -16 14 27 21
-1 1 8 17 23 -10 13 10 50 -11 -14 -22 -17 -30 -15 -6 8 3 -29 -19
23 -23 6 -6 -2 -33 8 17 35 -15 -14 28 21 18 19 18 -5 -22 18 -15
16 -23 45 -6 19 -3 9 21 0 -26 3 -40 -9 -1 25 27 -15 -7 -6 4
-7 -14 -22 12 -8 -26 -16 1 -7 -14 10 -4 3 -18 25 -24 -4 -20 17 4
-8 7 -1 -3 -18 -37 20 -5 -13 -16 4 -8 1 8 1 -30 -23 -11 -6 -17
-7 -16 -12 6 20 8 2 9 18 -13 15 9 14 14 -7 -13 -18 1 16 15
-29 -1 7 6 6 -16 12 -23 15 8 10 15 -10 0 -6 4 17 -6 -19 -21
24 -5 14 17 -9 -21 -24 -16 2 -38 10 -26 4 11 -11 5 14 -12 -12 1
-18 -13 -30 -7 -24 5 27 -23 14 13 10 23 17 25 -27 -12 -18 31 7 2
-18 12 24 10 7 -4 -7 -11 7 23 16 19 -16 14 18 -8 -22 6 8 -5
0 -24 -24 -12 26 -8 -20 -23 3 3 11 36 8 -12 8 -9 17 25 12 -2
8 -7 22 9 -14 22 54 22 8 16 5 0 -9 -24 20 5 16 15 5 8
26 -6 -9 27 -22 -22 24 -1 1 -15 26 18 7 16 3 16 -25 0 -15 5
-22 -23 -3 15 -9 22 17 -17 8 -17 9 3 -6 0 7 10 -4 -1 -17 -22
9 3 3 10 32 9 61 3 -11 1 -5 6 -30 -16 -11 -13 -21 12 -41 -24
-1 15 -15 9 6 11 -3 -46 -3 -8 -20 -3 -2 -10 18 7 -13 -25 -22 5
5 4 13 1 -25 -2 5 2 15 12 -22 -17 -1 4 4 16 -3 16 9 -9
-25 3 -9 -20 14 -9 14 17 11 -20 -5 14 28 -31 20 -1 8 6 6 -20
-4 0 17 -7 8 -10 -16 -13 -7 -13 10 -14 -1 14 -7 23 8 5 -12 0
-3 3 -8 0 0 -8 -6 -29 14 11 -15 20 14 6 25 19 -18 -24 8 -19
-17 -10 -11 14 -3 -3 0 -7 -22 -16 5 -11 2 -9 -17 -24 -10 14 -5 -22
1 -13 39 12 -6 9 -24 7 5 -10 -7 -8 4 -10 11 3 -5 -4 21 11
-29 16 -17 -7 0 1 4 -12 3 -7 -15 15 15 24 16 -16 6 10 -25 19
-18 2 15 5 -16 -24 -24 -12 -10 6 2 23 -12 -23 -11 -7 35 -32 -25 9
-31 29 6 -16 24 -8 -32 19 2 -5 -43 -4 27 34 3 13 6 23 -34 40
32 -27 32 -11 36 2 -7 10 -42 36 -12 17 29 -17 -32 -41 -21 15 27 -54
-4 9 6 17 34 -32 -2 -7 -34 -17 -19 13 30 -21 21 3 -8 29 24 -25
35 -14 23 27 11 17 -5 9 -8 -24 13 -12 -24 -27 -33 34 -3 -21 20 -14
-29 -4 10 19 -2 2 11 22 -4 -38 44 39 31 -8 5 9 28 -32 11 46
28 36 3 33 -41 -32 11 8 33 15 -18 -21 -37 -37 -29 5 -26 28 -39 24
-26 13 8 22 -18 -20 -40 4 6 6 11 32 39 -21 -1 -3 -14 -38 15 0
-20 -18 -14 39 -37 -41 23 6 -20 -14 -15 13 -37 33 -6 20 12 -17 15 28
1 5 13 15 29 16 4 26 5 13 31 34 37 -27 -28 -10 -23 4 -24 -37
41 1 28 39 -37 -19 -18 22 -23 8 43 -9 10 21 -2 30 14 19 -22 33
30 -19 31 36 -29 3 -7 2 23 5 -37 4 35 -30 -13 36 15 -2 16 -2
15 26 -36 0 -1 9 -1 -15 20 16 -41 -16 43 -15 -5 31 30 8 31 0
15 -31 15 13 -35 -37 -29 7 16 16 -2 -6 -1 -27 -26 -16 -1 0 -6 19
-18 16 16 -16 -29 12 -17 -28 -17 7 -31 6 32 -39 -25 2 35 -40 19 -27
27 -13 -13 25 10 -13 -8 -22 30 34 -21 -13 14 4 26 3 6 5 -3 -20
23 25 23 18 -2 -30 16 -5 -6 3 -34 32 36 6 -11 9 -25 27 -9 4
12 26 -13 4 -19 24 27 19 -26 9 -25 34 -3 -15 7 -4 25 41 36 -15
5 13 17 -25 23 -24 -3 -11 8 -8 11 -25 -23 25 19 -49 -46 -1 -3 19
15 34 -13 -18 -19 28 -23 27 39 -4 -32 28 4 -40 0 -33 4 -36 -10 -16
-25 -3 -24 -11 -20 -27 22 -5 -33 18 -27 -9 -21 37 -33 -16 -1 21 11 -15
-6 14 -6 40 -29 16 -9 6 -14 -8 -29 -2 -27 -30 -27 -33 -3 -17 4 6
32 34 9 1 -6 -44 25 -11 -21 -7 1 -26 13 25 3 -14 23 -2 6 6
6 20 26 -27 -13 -32 11 27 -24 -9 23 -14 36 -19 -18 8 3 12 23 1
4 32 -13 -2 -20 -33 -25 24 -23 -6 -24 -27 24 -26 -1 23 -33 -8 3 -6
7 -4 39 -9 -32 24 -35 -19 -17 -19 -21 28 -8 16 13 20 -23 25 -6 19
-5 34 37 11 25 9 4 -17 -13 22 -4 -17 6 -4 -3 16 -11 6 -11 20
-4 17 32 -7 -9 17 -5 -1 11 1 -11 -20 -19 -18 14 -4 -1 -12 14 14
5 7 18 1 -16 30 -1 -1 -13 19 5 -8 2 -21 3 -18 -13 -13 3 8
1 -23 -2 -19 -13 -9 -15 -7 -2 -1 -14 14 -16 14 -10 14 14 3 12 6
28 11 -17 -10 -17 -12 6 6 22 -12 0 -15 4 -5 10 4 2 -17 11 -6
-13 23 -5 6 -4 11 -10 -18 -21 -10 8 17 -22 7 -11 15 -11 2 -12 -2
-4 -14 4 -11 -17 -4 -1 14 22 -10 9 -10 15 15 -8 15 7 -3 -5 10
18 9 20 -17 -14 -4 4 4 12 24 15 -16 3 -12 14 16 5 -17 -5 18
8 5 -10 19 -6 -14 -2 15 -18 19 -17 12 13 -5 2 -19 -6 -5 16 -11
14 -8 -5 10 -9 12 -18 16 9 -12 8 -16 20 7 7 6 -9 -5 -14 -7
8 -7 -17 -11 12 23 0 -3 -1 20 22 -7 13 6 0 -5 6 10 3 15
-4 21 -16 -4 -19 -1 -11 3 -8 15 -1 -3 -21 -15 -10 19 -21 1 1 0
8 -19 13 4 11 14 -18 -1 2 -14 12 -12 17 -5 4 5 -20 -1 0 -3
-5 -11 -3 -10 9 5 -6 -17 3 0 -2 -4 -11 5 9 0 15 0 6 -5
-3 -9 -5 -14 13 11 3 -16 0 6 7 1 10 0 3 -1 14 -1 5 11
8 7 5 -7 2 15 0 -15 -2 -9 3 3 -6 1 -4 2 2 -5 1 -6
-8 3 -3 3 -12 2 6 -8 3 -6 -76 8 -1 2 -4 -4 -9 5 -5 2
6 6 -6 1 6 -3 -4 -20 -7 -10 -19 17 2 3 4 -1 0 4 3 -9
-7 3 2 -6 -8 -9 12 12 5 0 8 13 -18 3 7 0 9 -6 11 14
-4 7 6 4 0 39 2 3 8 2 -5 -12 -4 7 10 6 -27 -5 -2 -8
1 9 -6 -20 -8 -11 8 1 10 1 1 6 5 3 0 4 -8 2 -5 -4
-12 8 11 -7 3 -6 -31 4 -5 5 -24 0 4 10 -5 0 -27 25 -4 1
-6 6 -6 9 9 10 4 2 10 -23 12 -10 11 10 -4 -7 -1 6 12 4
14 -1 5 -6 -4 6 1 9 -5 7 -10 -2 -8 -17 -2 20 -3 6 4 -2
-4 -6 2 -7 -6 -9 -4 -5 16 2 -4 -9 8 -5 -16 -3 -2 11 2 -10
-5 -15 -8 -2 -3 -7 10 2 -6 12 -2 6 7 -1 9 -4 -1 -1 13 4
12 -26 -13 -23 8 22 -26 -26 -20 12 14 -17 3 -11 12 -4 -4 28 8 3
6 -11 6 21 -10 2 22 7 7 -12 11 -4 -1 -7 15 10 -8 -20 -5 23
16 24 -1 13 10 -2 27 16 -24 29 -3 11 -21 25 -17 1 -30 10 0 -4
27 -4 1 17 -30 22 -36 -11 -17 -15 4 -18 21 20 -5 -17 22 12 -2 11
18 28 6 -3 -24 7 2 -16 -3 11 20 -16 5 -3 -1 -21 -1 -3 -2 -22
-11 22 -13 -24 19 12 -3 4 -26 4 -3 20 -2 6 7 24 3 24 3 3
-19 -20 2 11 7 -20 20 -2 -23 14 -19 -16 2 10 3 4 17 25 1 -17
24 28 -18 -9 -18 14 22 -23 -14 13 -5 10 1 14 -19 -22 -8 8 -3 -5
-3 4 -9 26 -10 18 -9 -9 14 20 7 -6 23 -24 10 17 -17 21 5 14
11 -11 14 17 -22 17 2 38 13 25 14 21 5 22 3 10 -6 7 25 20
1 22 -34 14 -13 21 19 0 24 -15 -17 27 -18 -31 19 12 14 -11 -6 24
-8 -26 20 5 9 4 -1 17 -10 20 5 6 12 -4 3 10 2 4 28 -18
-25 -25 -17 19 10 -23 9 -11 -14 7 7 -28 12 13 25 -13 5 8 9 6
9 4 14 4 10 -22 8 1 -4 -7 -8 -5 3 -33 -9 -18 10 0 1 -7
-25 -2 12 -1 -1 14 -5 -2 -6 -1 8 -18 7 0 8 -5 -4 1 0 -10
-7 11 7 11 -12 1 -31 6 0 2 12 5 -2 2 -5 2 -9 -34 23 9
5 -12 4 -4 10 8 3 6 5 6 -7 10 -5 3 -18 -1 -3 10 -7 -23
16 -10 -46 8 -2 -9 9 8 -18 -3 -11 0 -9 11 3 -10 9 -1 11 35
14 18 18 -1 4 -6 10 -9 5 4 -9 -11 -11 0 4 5 -4 18 7 -7
-5 0 -11 7 10 -8 -3 -10 3 1 -5 2 -10 -3 1 -18 2 0 10 9
-8 -3 -1 1 4 12 5 3 -14 -1 4 -15 0 7 1 -7 -14 4 0 3
-13 6 -17 4 5 -10 5 -10 -32 9 -6 1 6 3 0 8 -4 11 -8 1
21 -22 25 -2 -2 10 -3 6 -6 0 -2 -20 8 -6 -3 -4 -11 18 4 -7
1 -2 -2 -12 -1 -12 -2 8 -8 -7 -6 8 -1 15 -8 -8 -9 -7 -19 -7
-11 -2 0 14 7 2 4 3 -10 5 -14 -4 2 -10 8 -5 -10 1 4 1
3 3 13 5 -8 12 -1 6 4 -1 4 5 -5 -15 -12 -12 -7 -10 17 2
3 0 21 -15 22 12 -1 -7 5 -23 -2 -5 -3 13 -10 -26 21 -9 31 3
11 5 -6 -8 11 -7 -9 3 -6 -2 -2 -3 -5 17 6 13 -12 -11 15 7
3 3 -21 -8 14 18 7 -8 2 -11 6 -15 14 -23 -5 -15 -4 -2 -58 0
1 11 22 -21 2 1 21 3 5 20 26 -14 11 8 -11 3 11 -9 -37 43
5 6 7 20 -10 4 1 -3 -14 4 12 -4 0 0 5 31 3 14 17 8
2 9 11 -14 1 -7 -2 16 -12 -10 -2 2 6 5 -8 -9 6 1 -9 -2
1 1 11 3 -18 2 -6 -15 -6 7 -19 -20 19 -4 -8 6 -9 8 4 2
15 7 -7 -15 2 21 15 2 -13 -3 -8 -9 -12 5 -55 -20 -13 -7 0 4
-13 -5 12 -8 26 15 -11 2 10 21 11 11 -24 7 -11 17 -11 11 30 -2
11 8 14 -3 -7 -2 5 -9 2 -3 -9 4 -9 2 16 0 0 -3 -11 -9
-4 2 -3 4 -8 20 -7 11 -4 0 -19 10 15 -4 7 18 -22 -13 16 -17
11 -12 2 -3 1 -12 -4 -7 10 6 -8 8 21 -13 0 4 -13 5 -11 -8
9 1 3 -6 1 16 12 6 5 -3 -2 3 6 19 -42 7 9 -2 -3 9
-1 8 5 5 4 2 5 8 -12 -15 27 -8 27 -7 6 6 -14 -12 12 6
-14 -5 -8 1 -13 3 3 13 12 6 13 -9 -11 -12 -16 14 -2 12 19 11
20 -18 -8 4 18 15 9 13 -22 11 5 -12 -7 -12 -54 7 -19 8 7 2
-11 -5 10 -11 -5 0 53 -20 5 -10 3 -16 -5 27 -2 -5 5 -4 7 1
-8 -5 -14 2 9 2 10 19 22 9 1 1 9 -8 14 6 18 4 12 -14
-4 -4 12 -13 -3 -9 -9 -10 -11 9 9 -8 -11 15 -2 3 3 -6 11 3
-22 -22 -9 2 8 7 10 16 12 -3 3 -7 -5 10 -15 8 0 12 -16 14
6 -13 -2 -9 10 6 12 -2 5 -18 -30 -23 4 14 23 7 -7 6 13 15
41 2 -14 24 -3 18 21 5 36 0 -1 17 -7 10 -5 -4 1 -8 -22 -14
8 14 -2 12 28 -9 -10 -12 -1 -4 9 15 9 -13 -9 6 5 17 -16 -25
4 -16 -13 9 16 -17 -5 -7 3 -14 10 4 -15 -7 5 -13 14 -4 26 -20
14 8 11 23 -14 10 -3 -5 3 8 1 5 11 -18 -11 20 2 -7 14 -13
-3 -13 2 -14 15 13 -22 -9 -12 -4 -23 34 6 -3 20 16 8 12 -23 -12
-16 -11 -17 -12 -16 2 -10 -6 -21 28 17 27 13 22 4 -6 18 0 9 4
23 1 -14 -16 -13 41 8 9 -16 18 -4 -6 -3 -26 12 -11 -15 24 19 -22
16 2 -10 8 22 15 -20 11 -23 15 -41 6 -15 -2 7 3 11 11 9 7
-9 5 0 6 -14 -12 -12 1 3 7 -28 3 -17 38 2 1 23 10 21 3
-14 -7 17 1 12 -5 1 34 22 7 -13 11 -9 11 7 -17 20 5 -6 -12
-10 -2 -17 -12 3 -13 -2 -16 -16 -10 -2 -5 -14 23 -5 -8 -4 19 12 -1
-11 -1 9 -15 -3 5 -2 10 -15 21 -3 -13 -16 -15 -9 -14 -20 -7 21 -5
1 -15 4 -8 1 -9 -12 5 3 -6 -20 2 -18 24 -3 26 -10 5 13 3
-13 9 13 -12 18 18 3 3 2 -8 15 22 37 -3 1 16 18 -2 8 17
-13 -9 -23 13 -10 3 14 14 11 -13 14 8 28 15 -3 21 4 -11 2 16
-6 -10 -13 -9 -20 14 4 14 -37 -8 12 -6 -9 9 -23 -19 6 -9 16 -8
34 1 7 -13 -12 11 -3 4 5 0 -4 0 9 -7 3 -32 25 11 8 -9
3 9 10 -4 6 -9 46 -12 10 -14 15 -8 18 9 -32 -18 4 3 -6 43
0 16 -2 -4 -13 11 18 0 -8 15 -7 3 9 4 7 4 7 -21 -14 3
9 2 16 -14 -5 19 -7 -2 -5 5 4 0 13 -9 7 8 20 9 -4 -10
-9 0 10 27 13 -6 3 0 13 9 -19 -15 2 -2 -9 -4 -13 -4 -6 -12
0 -16 12 8 -16 -16 4 9 13 7 -6 -7 -14 6 -13 3 -10 -7 5 15
-3 -17 16 16 14 -3 23 -8 -24 -11 -3 -3 -7 -3 11 -7 -3 -2 7 -8
-23 18 -12 -8 -4 10 -5 -3 -13 -10 -11 1 1 14 15 8 11 -14 5 -4
14 -2 -13 20 -2 2 12 8 -8 -2 5 -8 -10 -7 -14 6 -11 -10 -9 -5
8 2 -20 11 2 10 -21 8 -8 -4 4 -1 -46 13 -8 2 5 -10 3 -8
-10 -12 10 -1 8 19 12 1 6 -2 0 -7 -1 -12 -13 -15 -15 -4 -6 -14
2 14 -4 0 4 -9 10 2 -26 -5 -8 -4 10 -14 -9 10 -33 -2 -5 -13
-28 -9 -8 -6 -19 5 9 -4 9 9 -18 12 -3 13 -18 -23 16 -12 18 -11
6 11 -11 -1 -6 -4 -11 14 -5 0 -11 0 -8 16 -18 -3 -29 5 -3 39
-20 10 1 -21 -15 -20 18 11 34 36 -19 27 25 -40 -25 -23 18 22 11 20
28 18 45 13 -22 -1 -20 -33 25 -10 -20 -24 33 29 32 -19 13 10 -22 -27
-24 32 -3 -1 17 19 -37 -4 38 -4 -2 35 12 18 25 -29 -18 -34 -9 -25
43 -40 15 20 11 -26 -17 3 -18 30 13 10 -38 -18 -17 -3 -17 8 22 -39
16 -34 -20 -13 6 -1 8 31 -9 -17 26 -43 -22 4 -10 -29 5 24 -16 43
10 -18 7 9 -37 -38 -23 -11 -22 -34 -18 -30 -11 -27 30 6 -11 7 32 22
-34 -12 -25 -34 -16 1 -13 -37 9 18 28 -23 23 -25 32 26 -4 10 6 -33
-29 0 34 -10 -43 -14 -23 -26 -16 34 1 -40 -26 22 -2 8 -24 -18 14 -24
15 -7 -38 22 -1 17 -20 12 -39 7 3 2 18 25 -9 -24 32 4 -26 -35
-21 29 14 -20 -29 -19 1 31 -17 34 5 -17 25 29 -13 15 -34 4 -22 18
30 26 -14 -29 -23 26 4 18 14 -10 4 -33 -35 -2 -26 5 12 11 -39 6
-22 -10 -23 -22 41 -12 -40 28 -7 -33 13 -28 15 -14 23 -39 -8 -14 -9 0
21 40 30 47 21 34 -20 3 -15 -5 33 -2 8 12 6 -9 -11 -1 -23 -9
-13 2 0 -24 2 7 8 -15 4 28 2 -12 -2 -17 20 -19 17 0 -15 24
-3 8 -14 -1 -9 -8 17 17 -3 -13 -4 -6 9 -19 10 2 -5 -10 18 12
9 8 20 1 -8 8 9 23 -13 4 13 -7 -14 1 -15 -8 -11 9 43 13
17 14 11 23 10 -21 14 -5 -3 -13 8 18 1 -10 -14 20 2 13 -4 -25
-5 15 34 11 -16 10 -22 3 4 -4 13 -10 -2 -11 16 -30 -33 -4 14 1
5 3 -8 11 8 19 -13 -16 8 -19 0 -11 12 1 -11 -22 -9 19 -20 -10
2 -11 -3 -17 -23 11 1 13 -19 -21 -3 10 9 19 -11 2 -12 11 -16 16
4 -21 -2 14 1 7 16 20 -13 16 -8 3 -6 8 5 9 -7 8 23 -17
-10 14 -16 13 81 -23 10 -16 -6 -19 -16 -12 7 13 -2 -24 3 0 9 6
9 -1 15 -16 -17 -12 -15 -20 26 7 -35 -18 6 -1 15 7 -9 6 -6 -1
6 2 -2 -8 -4 40 -4 -9 -25 20 -16 -18 -2 -3 13 13 42 -12 1 18
-49 5 10 -23 13 23 17 20 -28 10 -16 -3 14 -14 4 -18 -5 -21 -10 -5
-19 -17 -11 14 7 -11 -2 -8 -28 -17 0 -14 28 21 -11 13 -10 9 5 24
-8 35 -37 -16 -18 -19 17 26 -9 30 -23 26 15 2 20 -26 1 27 -19 -27
-15 -24 -26 10 25 7 22 14 -1 -16 13 -14 -15 -16 24 -7 -11 -6 -22 14
-24 -8 -1 -23 37 -5 -17 21 9 -27 -6 20 29 6 23 -23 -19 -11 5 15
1 10 -23 -16 2 -21 -19 -1 26 -9 -17 -19 -25 -24 17 5 -5 -28 25 15
7 22 -3 -2 13 -20 9 26 16 -11 10 19 8 21 1 -15 16 15 -4 14
2 -17 11 31 9 25 -14 -26 19 7 7 -9 -7 2 11 -14 -6 24 27 -25
26 3 18 -9 0 2 -22 3 -7 9 -20 10 18 19 26 -17 -1 16 18 -8
8 5 -25 -1 -24 7 25 -23 28 -30 -17 8 -6 -13 6 -10 28 -21 6 -1
-5 38 23 11 -13 20 -23 -21 24 -15 -11 -8 10 -14 7 -22 -19 -23 -19 9
17 2 -6 31 -15 20 -9 21 -24 -15 9 -20 -20 14 -14 16 2 8 7 -7
7 -30 -1 10 -13 18 6 4 -16 23 1 16 37 -12 30 5 18 19 -39 -8
-24 -1 23 -23 42 -30 -15 -17 11 2 22 -22 -23 9 -12 17 4 20 16 -9
1 0 -6 -29 8 -10 12 -9 13 -25 10 -12 -7 20 -28 -25 11 23 11 -2
5 16 2 -9 -33 -12 5 3 13 -13 -12 -11 0 36 15 -23 -14 -4 -24 -3
21 -32 -13 2 -23 -7 18 -12 10 3 10 4 0 15 23 -9 -25 -7 9 -24
-30 4 15 -6 -20 -11 -12 -23 25 14 -37 -34 1 -9 -10 -12 0 -24 8 1
10 28 44 -4 18 17 -11 -17 -14 -5 -11 -31 24 14 -9 -28 -16 -20 -13 28
-12 17 -21 -6 -17 30 -18 -23 22 13 -12 19 3 -11 15 3 8 24 14 -1
20 15 -16 -27 1 18 -8 22 -6 15 12 -17 -2 25 15 22 -12 -15 22 10
22 17 -29 -16 13 24 11 5 11 13 -17 -6 15 -10 26 -17 25 5 9 -7
12 -28 3 26 6 -39 1 -29 10 -22 20 -9 -26 -20 -17 19 -9 43 -13 -3
26 -31 -27 24 -17 7 17 29 -36 -24 14 -18 28 -8 -13 -6 8 9 5 -19
13 -14 -12 26 4 7 -35 -15 -26 -8 17 -25 -9 -14 7 -23 3 0 1 -20
8 7 -4 12 3 -28 20 6 -23 -26 11 13 -10 -4 24 -12 10 -24 -17 11
-32 19 -23 6 1 -9 6 0 11 -26 6 -3 28 17 -28 -11 21 10 23 25
-30 27 0 2 -16 13 -44 14 -8 -28 17 26 -8 -2 -35 -5 -10 0 16 -26
-11 21 -28 21 15 35 -4 -10 -24 -37 8 22 0 16 -26 20 -10 -30 -11 -9
-26 -16 -12 -23 -37 31 20 10 -34 -4 -28 7 18 -15 -6 26 15 13 -3 30
27 4 -16 8 3 -22 26 -2 31 -14 -21 -31 -24 36 -17 -20 -16 -23 -6 32
-3 -29 -20 -23 31 8 -35 15 -21 11 31 36 14 21 -23 15 -25 -26 -25 15
20 34 7 40 13 -28 -10 22 -3 -24 19 26 8 1 -14 -23 10 -23 -6 2
19 -9 4 -32 12 5 8 34 -13 29 -35 9 10 11 8 -34 -30 18 -26 22
18 -23 36 19 8 33 24 0 15 -14 26 37 16 -26 -28 -39 21 1 -1 -6
35 12 1 17 7 22 16 27 0 5 -23 -1 60 -66 -12 32 9 20 2 -7
-25 24 23 -35 18 40 -20 60 11 -26 -12 25 26 24 23 -18 -17 -16 20 -30
-29 49 37 6 -37 -22 26 2 -13 21 26 0 -7 -6 8 -28 16 -19 -17 -19
-28 -26 -29 7 8 17 6 35 15 22 -41 -10 5 11 19 25 20 -26 -23 -27
-19 -3 18 4 7 -6 0 22 21 -4 -33 26 -9 -14 -28 11 -25 -38 26 43
-31 19 13 11 -18 38 16 18 20 14 -6 -41 33 -24 -10 16 25 17 -2 -13
19 7 30 -23 -8 -33 10 11 -19 1 -3 4 35 -42 16 -8 36 -29 3 -27
27 -11 -15 -1 35 -10 31 -12 -13 -8 -31 17 -29 -13 11 37 -8 5 26 30
-13 27 39 -1 -9 -28 -14 -17 18 -30 4 -24 -6 -10 14 29 -10 -2 29 6
36 -10 -22 -47 25 -3 4 22 0 -21 22 -12 -34 -8 -1 -18 -1 -31 -19 -31
27 -11 24 -11 21 -23 -19 -17 -7 -26 32 34 43 23 -15 -11 -7 63 -31 18
29 12 -13 8 -28 12 -17 31 11 13 -7 -19 24 -11 23 -17 -17 -17 6 -28
-22 11 -8 -12 -7 21 0 -37 4 37 -15 -19 -24 22 -21 -19 16 24 12 7
21 24 39 0 27 23 -25 -30 13 66 -28 28 6 -8 -16 -27 30 29 17 -32
-45 9 34 20 11 9 -31 -25 10 -10 -4 -6 -7 -24 20 0 5 -15 -10 29
-19 -4 -6 -15 11 -10 29 -16 19 -25 -22 6 -36 9 13 25 -33 -34 41 12
3 -21 36 8 34 -5 33 -21 9 14 1 -7 -44 -19 -15 -11 25 13 -34 -14
-23 -21 20 25 15 10 8 29 25 36 16 -3 8 -11 1 5 8 13 52 -6
9 -9 25 7 -10 13 -6 -3 4 -10 -7 -66 14 -15 -7 18 -28 -11 11 0
-3 3 1 -7 9 37 10 8 7 3 4 8 -2 -3 -9 -52 -8 11 15 -5
5 5 -27 -10 -5 15 7 -14 -1 -6 8 -8 6 -2 -1 19 -9 -12 46 5
10 7 -27 -3 6 -14 -1 -2 3 9 -7 1 -7 -7 12 3 -3 -1 -5 38
-7 3 8 17 -17 -5 2 -15 27 1 -7 -5 3 -8 64 7 10 1 -7 -7
3 -1 9 -9 3 9 15 12 -4 -2 12 15 -2 53 -13 1 19 0 4 4
-6 -7 18 2 14 -4 -8 12 -12 -6 2 2 -7 -2 0 -6 -15 17 2 -9
-4 -12 -15 21 -4 -17 -4 6 -1 3 0 -4 -2 6 -24 7 -12 30 -3 17
10 4 10 3 -53 33 1 18 15 -16 13 2 -28 -11 -15 4 -25 11 1 -18
6 12 7 -4 5 -17 -8 -22 25 -2 -7 -24 -4 17 23 9 4 -2 4 4
-14 -4 0 -4 9 -22 -7 -3 1 -1 -5 2 -2 10 -18 -9 9 -7 -17 7
16 8 3 16 -9 3 -11 -3 -7 10 -8 1 -1 0 -6 -7 -13 6 18 -1
3 18 16 32 -30 3 -6 -23 -18 -3 20 -8 10 25 -13 -7 18 0 1 -5
-26 -7 -9 -1 -18 28 12 8 -10 0 -5 10 -7 -23 -6 -19 -13 10 0 23
9 -2 -24 -25 -22 6 16 -17 13 -15 -10 52 -1 -13 9 14 -8 -24 11 20
12 -4 -24 -1 22 7 23 15 10 -16 19 -10 -20 -11 -8 -18 -9 -19 10 27
-6 10 7 3 2 0 19 25 -2 -8 -11 4 -16 13 10 7 -12 2 -15 -22
24 -9 2 10 32 -25 23 2 -16 -14 6 -21 0 -8 5 -24 -17 16 -7 -14
-26 -2 -6 -13 -15 -9 -18 -18 -16 -12 -6 -6 -17 -5 2 -19 -10 17 -9 -23
-3 -26 -27 6 25 -1 20 -11 -4 28 -1 -10 7 13 18 0 27 -12 -5 -23
12 -6 1 14 -16 17 22 -5 -16 22 31 -6 -12 4 29 0 -10 8 -22 15
21 -40 6 0 20 -8 -23 -6 6 14 1 19 -2 4 -11 30 12 -10 17 -2
-5 -15 -6 -20 1 -12 7 -16 -10 11 4 -14 -5 -1 -20 -3 1 6 6 -4
-16 16 -12 2 -27 -23 -12 9 -18 14 -19 -8 -8 -23 -16 8 -3 -15 32 7
21 -28 -9 25 3 10 4 19 28 -13 9 -6 -9 -26 -22 15 -19 -15 -20 -17
7 21 -8 21 -15 16 31 -12 -3 4 -14 10 -1 3 5 -30 -23 22 16 -11
0 -17 -8 -27 -11 13 -7 -3 -18 -16 16 -17 -26 10 2 14 15 -5 26 19
-1 36 -3 -12 -27 -30 7 3 11 -10 20 1 27 2 16 7 20 0 11 -12
-34 -2 11 10 25 -2 -23 0 2 4 -43 -10 -21 20 20 26 3 20 -7 -18
0 26 -8 -22 19 -22 -8 -27 19 -15 -10 -23 6 13 -8 -28 27 23 9 -18
-18 1 -2 -6 23 8 7 -31 24 16 -33 -21 -37 -1 19 -12 4 -25 -19 13
0 -3 -26 17 8 -4 -22 -16 -24 -11 9 4 -19 9 8 11 -15 6 26 27
-6 13 -15 21 -21 -2 31 -12 -15 20 14 4 -19 10 7 9 9 -5 21 27
-1 13 -1 13 11 -7 -23 -22 4 -12 -13 -6 -2 17 -7 16 17 0 -9 -2
-18 -13 -2 8 42 7 -2 11 -24 -7 -10 2 4 -22 4 -20 5 -4 20 4
-10 -14 16 22 21 -16 40 25 16 -27 -9 12 2 -30 10 -7 7 24 -1 7
27 -2 0 27 16 -26 -7 -8 -1 -4 1 -7 -3 13 -12 14 10 16 13 47
1 13 7 -11 -7 22 21 25 -6 17 26 -33 21 14 21 4 24 -28 8 -12
7 -29 -14 -12 7 16 33 4 3 -1 12 12 -4 7 13 10 -5 -4 -11 -6
-16 -4 23 -25 -7 2 14 -7 2 -8 22 -9 -13 9 -7 -6 -2 0 6 -1
9 -12 -6 -22 -21 1 -11 -1 18 7 -10 -4 7 -5 -4 6 -7 -5 7 -8
1 7 15 -9 2 3 -127 -1 3 -11 6 -7 -1 -3 -10 6 -9 0 11 -4
-3 -9 1 6 8 9 18 38 -3 -2 5 -2 -10 3 -13 4 5 9 10 -9
2 3 5 0 -7 5 -12 13 0 -8 13 3 -9 -10 15 11 18 -1 -13 8
-24 55 3 3 2 -11 -9 11 -13 -5 1 -11 -29 -7 -2 -3 12 25 -11 14
13 -4 9 1 -6 -10 -5 -4 18 21 11 5 -2 21 4 9 -8 1 -5 -8
-2 -15 -61 -10 12 5 8 9 -6 2 1 -11 6 25 5 -2 11 -17 -9 -4
22 10 -7 15 -6 -22 7 7 -1 20 -3 -4 -10 -20 21 -1 18 13 22 -10
-10 -15 -2 6 1 -6 1 -7 -15 23 -7 -20 -5 -4 -14 13 20 -15 -10 -1
-9 8 -7 17 -10 -9 11 -12 37 4 -4 -11 6 13 -2 -4 -24 8 0 -10
10 2 -22 -8 -7 -1 -19 -2 4 0 -7 -20 -3 -5 2 11 -27 2 5 5
21 -24 -19 4 14 15 29 -2 16 -14 -29 -2 24 1 22 -12 16 6 7 -6
9 -20 -25 5 -1 8 -6 6 0 -8 -22 4 -5 -18 10 27 22 -35 29 -6
6 -11 -12 -8 16 8 -18 -17 -12 -17 -19 2 29 4 -15 -14 -7 6 -16 9
-6 -17 -8 -3 -29 -9 -2 4 -6 -1 -17 -5 -13 21 29 -12 4 0 -12 -27
-1 -8 -20 8 -2 2 -5 2 22 -27 8 21 -17 19 3 26 -30 6 -6 -13
-11 11 4 -19 -12 -4 -10 17 -16 26 0 22 -8 -13 -20 -9 -7 23 -3 -13
11 -12 -11 -14 -13 -20 -15 -26 -15 -19 -14 19 22 -16 -14 -4 -18 -9 19 -15
10 -21 -4 -1 -8 13 -24 14 11 1 -14 -7 27 14 -3 -27 2 -5 -30 -5
20 -21 -6 -6 -12 18 33 13 65 -10 3 7 24 -24 8 -1 -7 -14 -7 24
-7 8 15 -30 -29 7 -26 2 1 -11 9 -16 9 17 -31 -9 23 -7 -15 -1
-24 21 -28 -6 9 35 -14 -22 -11 46 13 6 -13 -9 -12 8 7 19 11 12
21 -21 0 -33 -16 13 5 -4 -2 -7 -6 -13 -3 -8 -26 -21 -22 26 1 24
17 3 -30 -16 18 -16 3 25 -21 -2 -11 23 -20 -16 15 19 -13 25 12 16
27 28 -19 29 26 -7 -38 5 12 8 19 -13 9 -12 -24 22 35 29 18 22
9 35 -13 18 12 -15 34 14 -10 -37 16 3 -16 -21 -34 10 0 -16 13 21
-20 2 32 31 -2 -34 2 29 4 -21 0 24 -15 -41 29 -2 38 17 45 -33
1 -18 5 -42 -30 24 -20 9 -26 35 14 -23 10 -27 -33 3 12 -15 10 28
28 -27 -24 34 -4 -12 11 -17 19 25 3 -5 38 -17 -12 -16 27 -27 -11 -19
-17 9 -34 14 -23 3 1 -27 12 -5 -22 -32 9 10 -33 21 23 15 -31 -16
13 16 19 8 -5 27 8 -2 -15 20 18 5 -15 0 -25 -9 -5 -36 -16 -12
-32 -15 -29 -19 -34 9 32 15 4 -29 26 11 30 -25 -4 -5 21 14 -24 21
-3 33 -30 -16 -12 32 15 -11 -4 0 25 -2 -7 -31 37 9 -15 -37 8 -22
-4 10 -21 30 16 -28 -2 12 -14 26 -26 -18 -32 9 24 -26 -6 -31 32 2
5 33 -30 11 -19 -4 -29 -16 4 20 -27 24 5 -29 -34 -4 -39 -24 -18 15
32 26 15 15 -16 -20 9 -25 41 7 -10 -9 -25 14 9 -8 -2 -29 -6 42
15 -6 12 -1 25 -19 -13 -7 31 2 -5 -19 31 36 -21 33 25 -44 -30 13
-6 -8 1 -13 -32 -45 10 -37 -14 -36 -20 -19 0 15 -27 -23 2 -11 2 38
17 14 16 -38 -25 -18 46 -20 39 4 4 8 -21 37 19 35 -15 19 -33 5
31 30 -23 14 -40 36 -24 -32 -30 50 -5 2 34 -5 -2 9 7 38 -10 -4
-37 9 -26 -10 -3 29 -16 -39 5 32 -34 -44 2 -29 -42 -15 -23 -12 -29 -20
-38 0 5 -4 -11 34 -18 38 46 33 13 15 16 31 -26 -25 20 -31 -16 -17
-2 -7 -30 -42 -43 -31 32 -31 -37 -13 30 -8 -12 -22 -12 32 17 -36 -27 -40
26 21 15 24 -38 -13 6 22 33 4 23 -30 -24 -16 -30 -36 -45 -12 -6 -1
36 -31 0 -25 -16 37 -19 33 -4 15 43 38 7 -26 -11 -23 26 5 35 -1
-36 28 6 0 -9 -38 14 -40 -22 -27 0 33 -12 -37 -21 27 -14 18 15 44
-13 -21 -35 -42 30 -31 -19 -6 -12 17 -14 -22 31 24 -17 28 -10 -17 34 -31
-33 0 33 -25 3 -10 20 -27 6 9 -21 27 -13 -45 -11 -19 37 -5 -25 2
-17 -26 -27 -10 35 20 25 34 -42 23 5 10 4 -14 -5 42 23 -14 -39 12
-29 3 -19 -1 11 35 8 28 31 -23 -14 26 1 -10 19 -7 -9 11 -22 -13
8 28 -10 -1 -11 24 -9 22 3 -8 -32 -27 25 21 0 -31 4 -16 -24 30
-11 7 1 -28 -3 -18 -35 14 -29 -23 -2 -9 31 -4 24 -5 27 -13 9 -6
-43 30 -33 -2 -14 47 10 27 -9 10 1 -21 21 0 31 28 -32 -12 25 -19
-4 2 19 29 33 9 -28 -12 22 8 12 7 16 22 -1 20 -26 14 -34 7
0 22 -20 2 1 16 -26 -49 -20 -22 -8 -7 10 32 2 9 -26 -13 -5 22
-17 -24 -20 12 -23 -21 -26 16 -30 -31 -9 -25 30 32 3 -35 -6 19 -5 8
-18 13 -1 4 26 10 -5 -26 -3 32 -15 -18 27 9 -5 1 20 -4 -2 12
3 -25 12 5 -21 -4 -11 32 13 -24 -12 12 3 24 -17 6 -18 -16 17 28
-23 17 -18 28 5 28 23 18 -29 0 -10 -19 41 7 8 24 5 -6 -29 -26
-13 -34 1 6 19 6 9 35 -22 -10 25 23 11 -10 -27 -7 -34 -21 28 -23
-18 23 -23 -7 16 -26 -6 -38 -1 -21 -27 -14 -42 -25 11 -9 -28 18 -28 -45
-5 5 14 -23 30 18 -17 18 1 18 21 -49 -28 -17 -23 19 24 -33 -15 -24
24 10 2 -10 18 6 39 -2 -22 21 -23 -8 -29 -2 -24 -12 1 3 -6 31
9 -9 13 -20 -12 9 -8 -20 -10 14 9 22 -24 11 20 -10 14 -35 20 -15
-7 0 21 27 18 3 -22 0 -17 -3 -2 17 -11 15 -10 27 -9 -3 -19 -2
-25 -2 -13 8 11 -6 -32 -16 -15 -20 -10 20 -14 1 3 -24 -19 5 0 -19
15 -5 12 -7 -13 -23 -1 1 0 -10 -21 -10 -18 18 -26 -19 6 5 -7 21
7 -14 -22 9 -18 24 30 21 -44 -5 16 -14 -5 -22 19 -14 -1 18 -16 -7
15 -10 14 11 -6 22 10 12 23 -5 13 5 17 -20 20 18 23 18 -1 -9
7 9 13 -15 11 11 -1 -16 -15 -2 -21 -21 -23 -11 20 -5 14 20 -2 -1
0 -13 35 -5 7 0 -28 -4 27 2 11 5 -37 -46 -10 -27 -5 -1 -11 5
15 10 9 10 15 15 -5 -28 8 9 14 -11 -10 5 6 -15 -4 -6 1 14
-23 -24 -28 -13 -23 -7 -5 14 29 -5 10 -9 10 -42 -21 21 16 -10 22 -14
-33 -10 23 0 -7 15 -2 -14 -11 10 -15 9 -12 -2 -9 0 -25 7 -28 1
0 -20 29 2 13 -3 9 6 21 22 3 11 35 13 -19 8 7 26 -27 -2
7 -20 -4 -9 -21 -13 -2 17 14 -41 45 -27 -3 13 -24 -23 23 20 -14 2
-28 12 -13 -18 31 4 -23 24 -20 -4 24 32 -1 23 -10 -25 24 -11 -15 -42
-17 -4 -21 22 5 -29 -23 19 21 -12 2 -12 -21 -1 17 19 -29 41 5 13
-2 -20 -20 -15 23 12 27 20 -16 0 -19 -7 7 -26 -31 -3 30 18 15 9
29 -10 35 -23 19 -9 11 -14 -18 -23 -13 34 -8 -13 -5 25 -12 18 -5 -58
-24 -6 11 0 7 27 -14 -5 -11 -5 13 12 30 10 3 -15 29 -5 9 3
-12 20 25 -8 26 -26 16 37 24 -24 23 -15 -9 7 19 30 4 -14 6 -33
-22 4 -20 -28 31 0 14 23 -23 -28 -2 11 14 -28 11 -16 -5 -33 -8 20
-19 -27 -5 -27 16 19 -18 19 -6 28 12 -5 -30 -21 -4 -26 13 -25 15 -24
17 -21 -21 -17 -7 -11 -9 -33 -11 22 10 16 -8 9 -20 35 28 -32 4 -14
5 -20 23 18 -5 13 6 14 32 -30 -22 -1 -14 1 -9 -13 -26 22 -13 13
-1 9 -3 -21 -46 -29 0 5 -2 26 -24 -6 10 -10 22 -11 -4 22 -21 -16
10 18 -4 4 6 -12 -16 -24 -28 -10 40 14 12 6 19 -5 -20 -14 -42 -1
-1 -2 1 16 8 -4 -17 22 14 -10 13 -50 -1 8 24 10 -10 -13 21 -23
9 -5 8 -1 -7 -22 -18 -3 18 -3 -1 2 6 -17 -20 -22 -4 -9 6 -3
-6 -15 7 16 9 9 10 -23 -15 -15 -16 1 24 4 2 10 6 -9 -8 -16
22 -12 -19 -4 19 -7 -5 10 -2 1 -25 0 19 -14 -21 -16 5 -8 4 -8
7 8 6 -10 -13 6 5 -16 22 -10 12 -7 -12 -1 -6 8 -20 -7 -27 -16
25 0 14 -15 -11 11 7 1 -12 6 13 4 16 13 -19 -14 -16 7 -18 9
6 -3 0 -16 -6 -2 -6 -20 -12 14 19 -4 16 -4 -11 -22 8 17 18 0
-5 -24 -14 0 -11 0 -18 23 17 20 -3 -1 -8 21 28 -6 -7 7 28 7
7 -2 9 9 -33 -16 -14 8 -2 -26 21 -3 -8 -9 -6 -9 -5 -7 16 1
13 -16 8 -4 5 5 14 -6 -19 -2 8 -1 -18 -7 13 4 -16 -18 -6 17
14 1 -8 -6 16 -30 14 -10 50 -22 -15 1 -5 -17 11 -16 40 4 -13 13
-20 3 33 -12 22 15 19 -5 -23 11 35 -21 0 -11 0 5 -19 20 -15 -29
13 18 16 18 23 -3 -13 3 -22 7 21 -2 -16 -29 30 -10 -4 -2 -22 -8
12 -23 39 6 -9 14 1 11 7 -22 -22 14 3 -33 25 11 31 -11 6 14
-16 -15 -9 31 -8 31 0 -26 -13 -22 5 0 12 5 5 0 -8 4 23 -13
0 29 -1 -10 -29 -6 -6 -3 -5 39 14 2 4 15 48 -22 -30 22 -25 -2
7 5 6 -7 6 -21 -25 36 24 13 26 -14 19 -23 -11 -41 -8 10 -9 -34
-8 12 2 -24 0 -2 16 -31 -23 -16 32 -1 5 -7 -33 -16 31 16 -13 19
-15 1 -9 34 -2 13 13 -3 12 30 28 -3 -1 -27 8 -26 -3 11 -23 17
0 11 -8 -8 21 -21 -2 1 -23 8 12 -22 -7 -20 0 -23 -3 4 18 11
22 -12 -4 7 -14 7 12 17 4 -19 -28 -7 -23 -8 36 -14 26 37 26 -32
-21 37 -15 25 16 -20 13 -4 -35 0 -16 0 8 -9 -5 0 -6 -32 24 -9
20 2 -35 14 -5 9 -4 -14 -32 -31 -23 -12 -9 27 30 -3 -28 -12 5 13
21 15 3 -7 14 21 12 18 5 9 22 22 -21 32 12 14 -26 0 -12 15
9 5 6 -10 -10 26 28 -27 9 12 6 17 -24 -26 -15 23 18 5 25 3
-25 8 12 -7 7 16 4 29 -1 -4 -63 0 3 -20 6 19 -9 0 -7 15
2 -8 1 -99 -1 9 -7 45 -12 4 -5 8 8 14 1 -8 5 14 -7 4
-9 -7 10 8 -2 -20 2 -47 8 -8 -6 3 -14 13 10 1 5 7 10 -76
5 -14 0 -5 -8 10 -1 -2 4 -5 30 15 14 -6 -12 23 -7 -7 -19 -5
1 -12 9 2 12 -1 -11 -12 3 -7 0 45 -11 4 9 13 -2 -13 -18 12
0 18 -7 -4 15 8 27 -5 19 7 -11 -1 38 2 7 -8 -18 15 5 -8
-23 -10 9 -12 -2 -4 5 -9 -5 10 3 1 -5 1 5 4 28 2 -7 -8
10 -3 -19 -13 -10 5 0 -7 -3 13 8 0 -5 -2 1 30 -9 9 -19 18
-9 3 -3 -7 1 19 35 -6 -9 -13 13 -11 7 -12 0 23 -7 13 6 -7
3 11 -10 9 -16 -9 3 7 -26 -51 0 -11 -11 -1 -1 13 -2 2 5 -7
4 -10 -4 -16 8 32 14 -1 12 -6 -4 5 -12 -12 5 20 2 -12 9 -4
46 4 -10 -5 4 18 1 -10 1 8 3 18 -18 -14 6 4 7 12 11 27
1 1 2 10 15 -10 9 11 -13 2 1 14 -2 -12 36 18 -17 4 6 -10
20 10 13 -11 19 -4 -13 3 -25 10 -6 11 -10 -19 40 -5 -21 12 17 48
-20 14 -21 -13 7 -22 -22 1 29 22 10 20 -14 12 -15 5 -19 0 -8 -18
0 5 20 14 -10 14 3 -14 -14 -19 47 -21 23 0 -3 20 -9 5 17 -9
26 -20 3 -21 5 -26 -16 8 -24 -18 -5 -15 -31 -9 -22 -17 -14 8 -12 -24
17 -23 13 -20 8 -22 11 -7 -26 -1 18 18 1 6 1 -26 14 17 1 13
13 -13 17 9 5 -4 -12 6 -19 -21 23 24 9 24 22 17 -9 -14 -3 -22
19 7 12 10 26 20 1 -20 11 -5 22 18 1 -10 17 -8 10 -5 26 12
8 13 2 -3 24 1 12 19 15 20 -6 -9 20 -18 18 -15 11 15 5 -23
-15 7 26 -11 -12 5 6 -19 6 -4 3 6 -26 18 12 -17 22 23 -24 -3
42 23 -21 -23 10 -12 16 -17 16 23 -16 27 -5 20 -10 20 20 -20 -9 -16
-5 1 -19 9 -21 1 -7 -1 16 -30 21 27 22 -10 -10 25 9 12 -18 15
9 21 22 -3 -10 -7 14 24 -18 19 26 -8 26 14 6 -6 -23 19 -22 -2
-3 9 -12 -9 -11 -10 17 -17 -15 32 -30 14 -16 -26 20 -20 21 12 -11 7
-3 -15 -7 -20 1 7 3 -11 -2 5 -11 2 -16 -29 -4 3 -7 7 -12 3
-6 11 -3 -4 9 21 12 -1 -4 14 -2 6 8 -37 13 -6 2 -24 7 -11
-18 -19 -7 3 -12 3 -13 -9 -5 7 -17 -13 5 4 -8 -5 -6 -19 1 1
23 -1 -5 -8 -6 -10 -2 19 -16 12 8 4 -13 -13 -22 -9 9 9 10 -6
4 -27 -19 -8 -3 16 -4 17 -19 -2 12 -7 6 14 1 3 3 -5 7 22
5 1 -6 7 -5 -2 -4 -3 -20 -8 4 -10 -5 10 22 -6 19 -26 8 8
-4 -2 15 -6 -1 -5 8 -3 4 -13 -6 -14 5 -3 14 -10 -16 -3 -16 -11
1 -8 2 -13 0 8 -2 8 3 8 13 -21 -11 -11 -18 1 -13 10 52 16
12 19 -10 5 6 -6 10 -11 -4 -12 5 7 -11 -2 -5 -4 -1 -9 2 13
6 -16 10 -10 2 15 -1 29 10 -13 9 -14 -15 11 8 -13 5 -9 -8 -3
18 2 -1 -2 3 9 7 -21 6 -15 1 12 -18 4 19 10 -18 16 14 6
-7 4 -18 16 0 6 11 4 1 -14 4 22 -13 13 -10 1 -10 -22 8 -14
6 -4 15 15 8 4 15 9 -3 10 -15 9 -26 -12 2 -24 -9 -15 12 -1
-1 12 -8 -32 -9 -19 2 -19 -4 -31 -2 -9 2 -30 4 2 -22 -22 -6 14
-24 -29 23 26 5 19 -12 -27 -19 22 23 27 -16 -24 -22 11 -11 5 -19 -3
-17 -3 -14 -8 -1 10 2 -30 -29 9 -10 -20 15 19 -25 17 -18 7 33 -10
29 10 -16 -10 -21 -17 23 -16 -13 -6 5 -14 1 -5 18 -10 15 10 -24 -15
-3 19 17 -24 28 8 27 -12 4 -25 12 -6 15 25 -27 -33 -20 -16 -30 -11
0 17 27 -7 -16 20 7 -1 -19 -7 -13 -10 12 14 -25 5 -16 -4 -18 -23
-7 -16 -3 29 -9 19 -22 31 -16 -11 -21 -26 18 6 1 -24 7 -16 -18 12
-19 -25 11 27 2 -16 3 -17 -16 -4 -5 14 -10 -17 12 18 -20 -19 -7 -23
25 10 -14 -22 -9 28 0 17 -3 -23 16 -25 -29 9 0 -6 37 32 19 6
24 25 -25 -29 19 -13 -9 17 -14 5 -13 9 -18 -14 -32 17 2 -14 20 -8
8 7 4 20 25 23 -10 14 3 22 -2 -22 2 -13 -3 4 -20 -3 -13 21
-33 22 7 5 -30 6 -6 -9 8 4 23 12 -21 18 14 -7 -16 6 1 24
-5 -28 13 -29 10 14 1 8 9 -16 -1 -15 -21 4 0 16 -8 -5 16 18
-17 -11 20 -22 -4 21 -12 -2 -3 -11 27 -41 -2 22 -10 15 -1 -9 18 -3
-7 -10 -3 3 3 -14 -15 -15 1 -14 22 -15 -25 7 1 -2 -2 -20 18 -17
18 -4 -13 11 17 -3 -9 14 12 15 10 -2 12 -19 -106 -19 11 3 -20 11
-13 -1 5 24 15 4 -12 14 10 -9 11 10 -12 -10 29 26 -6 5 -11 -7
2 0 -15 -6 7 -6 1 -10 -19 -1 2 -30 -20 6 -15 -3 -2 -12 -11 -18
-17 14 -6 8 27 0 -5 -7 -5 43 18 -23 17 -4 20 -16 -7 23 8 5
-37 -13 4 3 -12 -12 -11 3 4 16 -1 -4 5 17 -11 -13 -23 -12 -13 23
-15 21 15 11 -8 -14 -10 -21 10 -10 -38 -20 -2 8 25 -4 -2 6 -20 -1
-2 35 0 -29 3 23 -3 -4 40 -25 -17 9 -10 -7 1 5 -6 -11 13 3
-11 2 4 13 -18 -5 -8 6 -17 4 7 -25 1 -2 16 0 -18 16 2 -19
-3 -19 14 9 -23 -13 12 -9 3 -27 5 -8 -30 -20 -6 3 9 7 2 11
-5 12 -14 6 -10 -5 -16 -2 12 -7 -28 9 6 2 0 -4 1 1 6 -20
-10 -10 -5 -12 12 -20 -13 7 15 12 7 15 21 12 9 -20 6 13 3 -4
0 8 -1 -7 -17 -29 -5 27 -6 -17 -11 -26 10 16 5 -12 26 9 26 -3
-9 26 -13 -5 27 4 -4 -5 16 -4 18 -3 -23 15 24 -8 -15 36 5 -11
24 -16 14 12 24 -9 23 -17 -29 24 -76 12 -9 -7 14 23 22 -4 -24 15
-12 7 -44 -5 13 -17 20 -7 19 11 -3 5 16 -17 24 -19 20 -5 -10 9
18 -8 -27 -1 0 -2 -7 -18 -16 22 -4 -12 1 18 16 -13 15 16 27 3
28 -15 -15 18 17 48 13 15 -5 -12 13 1 16 -9 -1 -10 -34 2 -10 -25
-4 -17 16 -19 -2 17 1 24 6 19 20 -17 -7 25 2 1 20 20 -16 17
10 7 22 23 -2 -34 -48 18 25 29 -30 29 17 -22 1 0 -8 -14 -16 -10
-8 21 12 2 26 18 0 -12 5 3 -11 23 -16 -12 -2 -7 19 -24 -7 -21
-1 -21 25 20 -10 -2 -19 -7 -18 -12 -3 -16 20 -11 -20 31 -22 -2 17 -9
-33 24 0 -16 22 -29 -24 3 18 -6 -12 26 5 18 -20 -13 -20 -21 23 19
23 -17 24 -7 18 -8 17 24 11 -6 31 -9 -22 14 -1 21 -9 -3 -10 1
14 11 2 31 -21 23 32 6 2 8 15 -41 8 6 43 -5 3 -11 -9 -19
31 12 19 15 -16 18 28 -9 -5 -18 -26 -13 6 -11 10 3 7 10 -5 13
5 -31 35 11 -31 -43 -11 -8 19 4 -14 9 25 20 18 6 18 -13 16 -9
0 -24 -5 24 11 -17 -32 -32 8 0 -14 -23 24 4 16 25 18 21 13 -11
-5 -4 -12 1 35 6 -21 -28 -22 21 -14 -37 -1 -17 -29 -25 3 -13 -6 -16
-2 -27 -8 -12 -39 3 -6 0 -5 35 14 -5 -13 -12 27 24 5 21 -18 6
31 50 -9 -19 -20 -7 13 8 32 12 10 -10 34 3 -5 -22 -15 5 -25 21
-19 23 -23 13 1 16 3 -23 40 17 24 -8 12 15 -33 5 -16 -29 -22 -31
-24 -18 -11 -4 0 -3 32 -6 19 -14 26 -34 -13 12 21 -37 17 0 -22 25
37 -16 6 30 16 20 -27 -23 -5 7 -16 -12 3 -22 32 6 47 -27 42 17
26 18 9 8 2 -10 -2 -8 13 8 -22 34 6 29 17 14 -20 -10 22 18
3 19 32 13 6 26 25 2 -6 -22 -11 24 -18 6 -8 4 14 10 25 -14
-2 -32 -5 1 33 -18 2 -35 -29 -4 13 9 -4 -16 -5 38 -8 -21 16 12
-8 29 13 -19 23 37 29 -40 4 -28 -5 -6 5 -28 30 25 5 25 15 -25
-10 -21 16 -2 -6 -11 -18 31 23 6 -22 -2 21 1 -16 -18 -3 8 25 -13
-9 -3 -14 18 -19 -33 26 -24 -23 -31 35 -23 -4 7 -4 -29 8 34 -19 9
17 25 12 -37 -6 5 4 -20 26 17 8 6 13 29 -20 -5 -13 12 -15 -30
-33 14 33 0 8 -26 32 -9 9 -22 4 6 -5 -24 -7 -8 -19 17 17 -34
8 -20 -20 13 16 -18 -18 -6 -5 2 -2 22 31 3 31 32 -27 -27 16 -23
27 -30 -15 -16 4 12 12 -5 -6 9 -6 4 34 5 10 27 -21 35 -9 -24
-13 3 -11 3 -14 -29 9 -46 1 3 33 21 -20 26 -24 35 -29 -9 -39 12
25 -28 33 8 -7 -14 8 -6 10 -24 -14 6 30 -12 12 -3 37 0 -31 -5
-25 -26 -1 0 -29 -13 -3 -20 19 -16 5 -16 16 -19 2 -9 34 -17 -30 31
-24 -15 21 7 -18 27 1 19 -27 -13 -10 -13 6 15 24 7 -10 37 3 -17
59 14 35 7 46 12 18 -11 15 7 -11 22 -15 -9 -18 -13 -25 3 10 21
27 -14 14 21 27 34 -24 9 -26 7 -33 -17 -7 7 21 -13 7 -1 -33 -12
-6 23 -36 -25 12 -2 -19 -2 -1 4 -9 37 -22 2 -20 -3 0 -15 16 -25
2 -23 -8 21 24 -1 -28 -2 3 6 -24 7 16 11 21 -12 31 -15 -15 5
-29 22 16 27 25 -9 17 36 -20 13 -19 -7 16 4 -11 12 -38 8 12 21
1 -1 -6 6 4 -14 12 -14 -31 -6 -20 2 5 24 -5 -3 -13 11 -24 -37
-11 15 21 -6 -27 -11 -24 -22 -9 -23 28 -23 0 25 1 1 18 -12 30 23
28 11 -25 -21 24 -18 -10 -8 1 22 -11 -1 -1 -9 -12 -6 4 27 -2 -7
7 8 -17 11 27 -11 6 24 -2 -6 27 24 -4 -16 -7 -10 3 -16 -2 -26
8 -19 2 4 -13 20 -22 8 25 7 6 -25 -29 -5 35 16 -13 -22 9 -9
17 31 8 25 75 -45 -19 7 12 -17 16 39 6 19 -30 -9 -16 7 17 -8
3 5 -18 -19 -20 13 -20 -16 -7 10 -1 -6 21 3 2 6 -27 -10 -5 -17
27 16 4 17 9 7 -23 8 -6 25 31 20 -11 -12 6 -2 -59 4 23 -11
-22 0 30 -13 -10 27 -3 4 -23 -14 28 5 8 -28 0 10 -27 14 7 -24
26 -21 -13 -28 22 22 -20 5 16 -30 -10 4 -25 25 42 22 15 4 3 -12
25 18 9 -24 14 -19 19 29 23 35 -15 -22 3 29 6 18 -17 -11 -17 6
20 -26 25 -10 6 8 -2 -19 32 -17 -25 -8 -1 20 2 7 8 -2 16 -29
-12 -16 29 26 36 -22 -25 31 -7 13 -8 0 -7 -29 -8 26 -31 24 7 -12
31 8 -19 -19 -13 4 26 -21 -12 -32 -7 -17 -4 -28 41 -2 -10 5 -20 23
8 5 23 -9 -14 -24 -23 3 -20 9 6 -28 12 -9 4 -14 18 -22 -15 -27
38 -30 15 -14 -12 19 -17 -8 25 36 9 18 -22 -17 21 17 12 11 23 22
8 -21 20 30 -3 21 -20 21 28 -14 -31 -17 14 -20 32 31 -5 -2 18 14
-27 -8 -1 11 26 -12 16 22 -30 39 -43 -26 7 20 -9 23 6 11 9 28
-42 -2 -28 17 -17 -15 25 -15 25 16 20 4 0 -8 -19 -14 5 6 -12 -22
-27 -13 13 -24 15 -11 37 -28 -12 -31 25 9 18 1 18 -22 8 -1 -3 -15
-24 -12 26 -20 22 -24 -13 -21 -26 9 29 -19 -16 -9 -30 -30 22 -13 -5 -10
32 -14 19 4 -17 1 -4 -32 36 34 25 -8 29 -10 29 0 -3 -1 32 -30
-10 3 7 -25 -6 -8 -7 0 18 -2 19 0 3 -9 7 -4 0 8 -34 -3
5 -7 -15 7 -6 -1 -14 18 1 3 3 -5 1 14 -7 -1 -3 5 2 13
-5 -26 9 8 0 -5 14 -1 -10 -2 5 3 9 3 -16 6 4 3 5 21
18 8 7 -5 6 -19 1 6 30 -5 2 -21 0 -4 4 1 2 -6 -6 8
7 8 -11 -6 -3 -5 7 -10 -8 -17 -9 -5 -2 -7 -1 21 -4 4 4 -10
12 -5 8 6 2 -10 -6 18 7 -9 25 -9 5 8 8 5 6 -5 -2 2
21 10 4 11 6 6 3 -4 -8 11 -7 8 0 -11 5 -2 8 -1 -10 -4
7 -3 9 1 -4 -8 -4 2 -3 3 -5 2 -11 6 5 -5 -4 3 -1 -22
-3 1 -1 -2 -2 3 10 -4 -15 4 -31 9 0 1 7 0 -3 6 10 -6
9 -5 9 -7 -6 -6 -4 -8 -8 -13 -8 2 1 9 -7 3 -9 3 -2 -14
14 1 -3 -13 5 -2 -10 1 7 2 -7 2 -24 13 -6 -8 1 -12 -10 9
-6 2 9 0 -19 5 -4 3 4 0 -8 -7 14 -1 -28 0 8 10 3 -14
-5 -19 -15 -2 -8 10 5 3 1 1 1 21 1 10 -4 4 -8 -3 -14 4
-3 20 33 7 -33 22 -26 -9 14 -32 5 11 -1 -33 11 18 -22 -34 -24 -8
-12 32 28 -7 -28 -21 1 31 -23 -4 0 9 -26 8 -17 -3 1 -20 24 -15
0 9 27 -25 8 24 28 29 12 -19 15 20 22 28 26 3 -1 9 1 9
13 -12 -31 21 4 7 58 -5 -6 -20 -27 45 -30 -19 -17 -17 31 -9 15 -31
-4 1 0 -30 17 8 9 -18 -8 35 -16 6 3 -12 27 -28 -23 2 10 0
-11 3 30 -15 -21 -16 13 13 1 33 -24 6 -24 -13 -20 27 22 16 -8 7
29 -36 11 -2 4 9 -23 1 20 -16 17 18 -13 -28 6 -15 -16 -33 1 9
30 4 32 21 -20 -22 10 -2 24 1 -3 -17 0 -24 -14 30 -17 3 -32 -4
-15 -22 17 13 -23 7 27 -10 32 16 -24 -24 18 27 -18 10 6 -3 -26 -25
-14 15 7 -22 3 32 -31 -21 -26 26 17 -29 13 -2 19 -3 -15 -14 9 -15
-25 1 -22 23 6 -3 21 -8 12 -4 -12 0 -29 1 23 -21 10 -2 8 -14
-1 12 2 22 -19 28 -24 12 -12 9 41 11 -28 8 -10 38 9 27 11 14
-30 21 9 -14 0 0 -4 7 33 6 3 13 -15 -3 25 -11 1 -3 -14 0
-2 -13 76 -33 -18 -1 3 9 14 -16 -6 -13 0 -10 -5 40 -7 22 -1 -11
-37 -14 21 7 22 -1 2 18 -19 20 -20 5 -16 -3 -17 -17 -6 -2 9 -42
5 26 -10 -21 -22 8 2 -17 -10 1 1 11 -13 -3 -3 -1 6 -5 -3 17
7 -22 -21 6 6 -16 -17 6 8 -16 -22 22 15 15 27 -19 9 -10 -20 -6
13 10 -9 40 14 18 11 14 9 23 -15 -5 -9 -16 -7 -1 -1 9 -9 5
16 -2 9 11 -37 11 -14 12 -21 17 0 -15 -14 19 16 -10 -5 25 -18 17
20 -21 -16 -18 1 16 20 14 -25 -10 13 -21 -13 10 13 -7 6 -7 -19 16
-14 2 20 -1 -10 1 17 9 12 -6 -1 -1 3 2 17 1 -8 -5 -11 9
-19 16 -4 -9 -15 -29 -8 4 -39 39 4 9 12 -8 16 -9 -19 -3 -5 -10
10 29 1 -15 -5 -15 7 -5 -5 8 6 -6 -3 -12 -11 -24 10 13 0 5
-8 -2 -21 17 -31 -25 15 -9 4 -30 17 5 -20 -8 32 -4 -5 20 -16 7
24 -4 -8 6 41 16 -10 -9 8 -14 12 -19 -12 6 -25 -8 -6 9 6 -14
7 16 5 21 20 -6 -9 46 -1 -16 -18 -28 -12 -2 36 -31 -10 -35 31 -4
-38 -12 -11 35 -37 -11 41 -48 -41 -37 -11 -6 4 -1 27 -40 -30 -47 29 17
12 20 -14 -35 -38 20 -28 6 -15 40 -28 13 34 17 -9 40 6 -17 3 4
32 -21 -22 8 -10 -16 -17 -40 1 -23 33 29 -11 7 -46 11 -9 27 -32 -5
23 -31 18 29 33 6 44 -41 -10 -7 30 -15 -14 39 -14 9 -9 -42 29 -8
24 -18 -18 -1 28 4 -47 34 -19 -23 38 -28 -35 37 8 -50 22 24 -34 -44
-29 1 -12 -41 13 19 38 -36 -42 20 -18 0 5 48 -37 10 7 -8 -2 -29
41 6 34 -25 -35 0 19 32 37 -35 -21 -17 -27 2 -32 27 -2 30 -12 21
49 6 36 57 -35 8 13 -20 -36 -21 6 -13 -11 9 -15 41 11 44 4 -17
5 34 -8 -2 31 37 -2 -8 29 -14 -39 34 -70 -13 20 41 -24 13 -32 19
11 32 -17 25 -10 -48 -8 -34 -8 -4 27 -21 31 23 -7 -43 33 18 -18 26
-30 0 53 -37 36 41 16 47 25 7 10 0 31 17 37 10 -29 31 24 -14
34 -1 40 -29 26 13 -17 -27 -8 -13 -3 -19 3 28 -16 -22 29 -8 -4 -7
13 31 -7 37 -16 28 -26 -16 7 13 -8 26 -1 10 34 -2 3 28 -2 5
3 -22 -2 -26 4 -2 -10 -6 -6 3 -2 32 -10 13 15 16 5 0 -9 18
-16 12 2 -12 -21 11 17 -3 2 20 -3 -42 -26 -23 -10 -7 29 -3 13 -3
6 -16 5 7 13 21 -19 21 16 0 -27 15 10 15 -8 -26 -15 -19 11 0
-10 5 26 17 -5 1 11 -22 2 21 18 15 11 -13 2 34 -9 13 -21 -34
-20 3 -19 15 -13 12 3 -8 7 -6 0 -4 25 4 3 -20 -1 -6 3 19
-18 20 22 -10 22 -24 13 14 -4 14 22 14 24 -6 -20 -4 -9 17 -6 3
4 22 14 6 17 22 -21 1 -20 -19 11 -24 -18 -8 -10 -6 8 -17 -22 -22
12 9 6 -18 -5 14 -10 20 -24 -8 -5 -4 -13 -10 -5 12 -1 10 19 -16
-12 18 13 27 8 -21 22 -4 -2 16 14 -6 -22 -26 -3 1 19 13 7 0
-4 -21 -5 -3 -5 7 -22 35 15 -20 -17 -6 -6 -17 1 4 -1 23 1 14
9 -21 -16 14 -37 -24 9 17 -15 -22 2 21 6 -7 -6 -1 -10 -17 -3 12
-6 18 -11 -25 -1 3 10 13 3 -17 11 6 -16 -14 -19 -16 -6 -9 10 -17
10 0 17 16
