-61 11 52 40 51 48 -33 22 -66 38 -66 -21 -88 27 54 -48 70 -48 8 30
-27 -25 -34 14 -26 -28 -42 13 -10 -21 -41 -20 -27 -64 42 66 -53 3 -38 32
-43 45 -6 53 45 -40 62 63 -12 -14 -53 13 -35 83 -43 1 -65 18 -47 45
14 -18 47 41 -64 -56 40 44 -65 -26 -33 -2 2 -57 120 -10 55 -45 35 -21
-107 -15 9 -1 -18 -32 -30 -31 -26 -17 -52 20 66 -25 -31 72 50 -40 26 30
-19 -7 -20 23 43 42 35 -2 -21 3 -20 15 -24 -97 -18 -1 88 -6 -36 -34
32 43 1 28 52 -4 47 -35 75 -14 -44 -15 67 21 -81 12 -1 -41 17 25
63 -36 -26 -38 -39 60 -58 45 -127 77 16 -117 54 26 -33 -36 -4 21 -26 5
-46 -35 107 8 -95 -112 127 41 5 -60 10 25 -42 3 33 79 -10 -32 27 18
10 -54 33 -15 1 63 -6 -56 13 -21 -14 -19 -39 -11 -10 -18 -22 32 16 28
71 94 -107 -1 -60 36 7 -19 30 0 46 4 -20 43 17 5 -45 -13 -16 -17
28 45 -23 -3 35 -49 -41 -17 43 18 0 -13 50 -50 4 16 -3 17 20 23
3 22 -8 27 0 24 11 18 36 -12 10 -9 -2 25 -19 -57 34 8 -13 62
36 -28 6 26 36 28 -11 21 14 30 11 22 25 -3 17 16 35 2 -32 -37
23 21 17 -42 -1 -32 -30 -39 -17 23 -29 41 47 53 -43 9 -43 -26 6 -11
-19 14 0 -15 -41 -12 30 7 -18 -10 -37 -31 -23 -22 1 -16 -38 -28 8 -9
-32 -12 27 25 -38 41 -5 -1 -12 -49 -20 -44 33 18 59 53 -4 5 -19 -19
-30 -35 -31 57 -47 38 43 57 -50 -38 32 27 -26 9 -5 78 -56 -96 73 -18
-53 40 -33 12 105 -31 25 56 -49 44 41 -90 -37 40 -32 28 27 26 -45 8
-31 -20 14 -28 -19 -11 17 -13 -11 22 -30 -39 -22 3 -28 1 -2 -50 36 60
-20 22 43 26 10 -27 -36 -2 34 31 -28 -36 -22 -25 5 -61 -34 -23 57 -33
-38 44 72 -54 13 21 18 -13 -55 39 5 -69 -43 25 38 14 -51 -50 -37 7
-31 -1 -30 16 38 69 7 -50 -49 -34 9 31 47 -40 65 8 14 -42 -57 24
19 23 21 -13 12 -14 24 1 5 8 14 23 11 24 14 13 30 -42 -49 35
54 93 -62 -23 65 -54 -33 17 -18 -54 -2 -32 27 30 -44 25 20 -8 -46 -22
-2 10 -25 -39 22 -10 -38 22 10 -34 -26 -2 -38 -22 -56 34 -32 83 57 22
-44 -66 27 -24 -62 -64 31 -27 3 -21 20 13 -1 16 -1 -1 10 14 22 24
-44 -13 -12 -14 -29 47 -29 -41 48 9 -45 -2 -29 10 -64 -39 5 51 -21 22
-39 21 -9 -57 57 -40 2 -24 23 34 28 9 -7 36 -12 17
