28 3 -23 38 39 -4 18 -32 -30 15 12 9 9 25 -30 -31 -22 12 9 17
38 65 47 31 -35 -22 18 -21 5 0 -35 26 19 24 -32 6 3 35 21 32
-25 25 -11 13 45 -4 9 48 -9 -3 12 4 -5 8 -27 -23 -29 -27 -2 7
-20 -22 -20 -38 -8 9 -38 -14 28 9 -14 15 -40 -13 16 0 21 -4 -5 16
-3 -19 -28 -10 -27 -35 -14 -16 -17 -72 8 -19 -27 17 23 -11 -10 -27 16 -2
-35 4 -2 -26 -30 -17 17 -38 13 -19 1 10 -14 7 -31 -27 10 9 -36 0
-26 10 -31 4 9 19 -1 -34 13 5 -2 7 -6 -5 14 -23 17 -29 -13 20
-9 17 -11 -13 8 37 9 79 -7 -4 4 25 -29 16 24 -2 -4 -31 -4 14
2 7 25 12 -3 5 -2 -28 79 24 37 10 17 20 -19 -45 22 2 8 39
11 -41 14 -15 16 -41 71 0 8 -46 74 14 17 9 -46 -19 -36 -29 -6 17
21 -27 40 -18 16 10 42 -1 -10 -16 -26 -31 27 35 35 -1 63 -53 -2 -17
22 -19 12 8 28 -15 23 -33 23 -36 -37 9 -14 20 -11 41 16 -33 -23 -12
-31 24 -8 -39 34 -21 19 21 -22 11 -9 -23 7 -43 -39 -27 -35 32 -18 37
16 -37 13 -10 54 19 0 31 -37 -9 33 -11 26 31 -10 28 6 21 -33 -14
-31 46 6 -21 7 -23 31 7 2 21 -3 31 -43 -4 6 -1 -7 3 -8 6
33 -8 -11 7 13 -45 -22 22 -36 27 13 11 8 7 18 -26 10 -27 31 9
-40 41 27 -27 -46 -4 -21 -58 18 2 26 24 -37 42 -17 -49 31 16 32 -5
35 4 49 2 36 -25 52 31 -33 21 -49 -10 -53 -38 -33 1 22 -23 13 4
-14 -10 18 27 37 50 16 31 14 -36 -11 49 -48 13 20 8 29 17 -52 -29
34 -4 45 41 -13 1 -34 25 -34 37 38 -27 10 -21 21 10 34 -28 -38 -24
33 -31 -25 -38 38 22 -16 -36 48 -12 19 36 -5 -17 -7 -15 25 27 -22 -25
3 -28 24 -15 1 33 10 -38 29 -23 8 -7 -3 -4 12 -3 38 -15 -19 22
-37 25 -16 -30 -8 -14 27 -38 9 -32 -22 -6 35 -37 -39 -19 28 -10 2 -21
-28 -15 -8 26 38 24 -3 -5 -27 7 -33 -30 -9 -53 -9 41 40 14 37 21
21 -1 17 -28 17 26 -27 43 28 33 -36 9 -25 16 -37 -21 17 -23 11 -27
-25 -10 21 7 -41 30 34 18 37 5 -41 28 -7 13 -34 -32 7 -40 -19 32
60 25 -28 -33 -22 -6 36 -25 -1 -22 32 -21 20 -21 -11 5 -24 31 -17 6
-16 8 -19 12 -6 -17 31 5 16 -12 20 -12 6 22 -21 22 -25 29 22 -21
25 -1 -54 -27 13 -9 -2 28 39 -10 25 -27 -11 5 41 -32 31 13 -38 24
-45 -35 5 -19 -7 5 26 -21 -39 -15 -17 -37 -18 11 -34 1 18 61 -18 13
7 -39 38 10 -8 -4 -11 14 17 11 22 17 -3 22 34 -33 -10 11 -17 11
49 10 10 16 -23 45 27 23 44 7 32 23 -47 -31 -20 -41 7 -13 -26 -15
40 -22 -13 -4 25 11 25 26 -3 -36 0 -6 11 26 -3 -6 43 -39 -18 11
17 -19 -32 26 25 -27 -18 5 37 17 -29 -12 41 -41 -17 40 18 5 30 4
-41 -21 -5 43 -5 -31 -5 -28 2 -11 -27 8 -19 34 -8 -32 -44 -7 11 18
-41 -31 -26 14 7 6 -26 -16 -22 6 -27 -26 -55 19 -14 19 -20 -11 19 1
-32 24 -1 -42 -17 11 21 29 0 -10 -29 -15 -40 -38 26 6 -32 32 30 -24
22 35 8 -17 10 -30 -6 -7 -38 6 -7 22 21 -19 13 -15 0 -25 -12 28
25 -2 -44 3 21 -1 5 -17 -31 17 -32 -4 -5 -17 33 -44 29 -27 53 32
12 12 28 -42 11 -23 -5 -26 27 60 32 13 37 -54 16 -4 26 -42 -29 -26
-3 42 -8 -52 38 38 -5 3 -15 -32 -43 -8 30 30 -30 6 32 -3 -42 -40
39 12 -18 -41 -19 18 -1 -37 42 -49 -19 -12 -40 25 7 1 -25 3 -29 -27
40 -18 -30 -3 34 -20 -24 -26 -38 -43 -26 3 -26 -19 -11 8 -11 31 30 -41
22 23 -3 13 22 33 7 -35 -10 -22 -27 -5 -31 30 -32 3 -11 -18 -24 -45
1 -31 11 16 -26 14 -36 6 34 -16 -4 -6 -24 -39 -8 21 2 -9 -63 5
-3 -10 25 -30 2 9 68 -10 3 40 17 -21 -5 -35 -13 -21 13 36 -21 31
-31 -26 23 3 7 9 -54 11 -24 39 6 -39 -18 19 18 18 127 -24 23 -1
26 -28 -23 -45 5 9 -11 40 10 -39 -4 25 -12 -53 -28 -30 31 -31 96 -6
12 5 -1 15 -10 -2 21 -21 -68 6 -36 4 -31 24 32 -10 -16 -15 -15 -14
-31 -13 14 20 -26 -42 -34 -13 24 -18 33 21 -46 -8 24 29 32 -46 -31 -31
-4 26 -31 24 -37 -10 -31 -20 -12 -31 -31 17 30 16 -34 -18 10 12 -26 -16
-12 6 16 4 -17 -23 -17 -19 -21 11 -11 24 13 -46 -18 -20 -3 -6 -33 -6
0 14 -6 -14 31 -20 -33 -35 -38 -50 -7 9 5 0 14 25 -26 -33 -21 13
-28 5 -19 -8 9 -31 9 33 -16 -31 -38 -25 26 -35 -25 0 -1 15 12 21
0 -6 -20 9 -10 -16 -14 27 -31 29 0 -12 15 -16 -37 -27 9 -22 -11 30
-35 12 -2 15 -13 -18 11 -32 -1 -29 40 -32 -34 -42 25 -30 1 -12 -13 18
6 -33 -17 10 -31 16 31 -22 -33 -40 36 30 7 23 -28 18 18 -39 9 1
-34 -7 33 -10 -27 21 -16 17 -31 -20 -28 20 -17 -32 -48 -10 12 -26 -18 -6
-28 -6 28 14 -27 -35 16 22 5 18 2 -15 5 26 32 -32 28 -48 2 -26
4 2 15 -41 19 35 8 -5 28 14 8 5 -10 -23 4 -8 15 -22 8 -5
2 22 -22 -12 27 -11 -29 -21 5 29 19 -27 -9 -4 -43 -25 36 32 -27 42
-39 -13 31 -19 7 5 35 -6 -19 -46 23 43 -42 0 -28 -15 40 29 -15 25
-32 -40 16 -23 50 15 6 -35 -40 6 -21 -3 1 -5 -15 20 -2 -11 -37 33
-10 -7 -34 -37 18 -31 16 20 -40 20 -23 -41 3 17 17 32 -15 -5 -10 20
-15 7 -17 23 -3 24 17 -33 -16 -18 -6 -21 25 23 26 27 4 -3 34 54
-6 -9 30 -28 -25 -18 -19 -36 15 -32 31 -36 -43 -5 33 -19 -2 9 -31 20
-6 17 10 -32 -9 -7 -9 3 -35 6 -10 -17 15 1 39 -29 -5 -20 -23 -26
4 -25 -25 -33 11 27 -2 4 10 -24 -7 -25 33 -64 -18 -1 -8 6 -37 -9
22 40 22 61 22 6 -26 39 -44 -11 -15 -24 27 25 -14 -18 1 -8 -24 6
-4 4 7 -10 -14 26 12 -25 12 8 -27 -45 14 27 11 65 6 -25 -11 -21
-23 0 79 -47 -35 -7 -3 -4 -18 -37 -38 32 -29 -24 -7 -22 0 3 -6 -38
16 -14 7 26 -23 -34 15 43 -2 -36 18 2 12 -17 33 -16 -2 32 1 -5
-24 16 -36 -19 -14 26 -22 -1 16 -33 -13 -39 14 -9 -5 -28 3 -25 -38 -37
-32 -2 47 10 9 -27 33 17 -38 -35 -7 -33 -19 16 -38 -25 -40 -7 21 -1
-7 47 -18 -49 -27 -9 -16 -16 -42 9 -14 -24 21 -55 -47 14 -53 -52 39 49
-25 -55 -5 -12 -54 26 50 8 44 9 -13 7 11 22 48 -12 6 5 -16 52
-46 -1 53 -16 -30 49 47 -15 12 23 35 29 29 -4 -36 50 1 -22 -50 17
-22 -14 30 -6 -2 -6 47 22 1 27 3 2 -15 -6 -25 -21 24 34 -15 -6
11 -2 16 -1 29 -14 -14 -11 -8 32 34 -17 27 13 22 11 97 -28 24 17
29 2 -6 -26 -32 17 -3 14 8 -59 8 12 -1 -40 -19 -39 18 -28 92 26
15 17 -13 -6 9 -17 13 4 -50 10 -6 6 -29 14 -16 13 20 -24 21 -28
-13 -27 14 4 -13 -41 -35 32 -4 -28 1 -38 8 19 -6 -18 11 -21 18 16
4 -31 40 -18 -27 -3 -5 13 -20 -32 2 -44 -15 -7 -45 11 22 1 -3 -26
23 9 -27 1 -24 2 -11 23 -7 29 -10 7 -25 38 -16 -23 6 -10 -18 23
10 -22 -25 -33 -13 -19 25 -16 -44 -26 -33 -17 -9 20 4 -6 -37 -12 29 18
-20 29 -18 14 -34 -5 -3 -2 -36 16 36 13 -10 -3 23 -25 -16 2 -30 -15
-10 14 -26 -3 12 31 -54 -9 -40 -12 -44 -27 49 -29 -5 31 -36 -40 -1 -14
16 -24 -36 -26 7 20 2 -36 -33 0 -3 -43 3 -54 36 -10 29 28 -21 23
-14 -19 -17 32 15 25 -11 -30 -4 -15 -26 70 13 16 -39 -9 9 -38 -36 -40
-35 23 29 13 9 9 -37 16 -49 -4 -17 -13 -44 21 -35 -50 22 43 -8 66
-58 -18 13 -33 -24 -45 5 -8 -8 -23 14 -28 39 12 -47 23 3 -81 -15 29
-38 19 28 -2 -9 -9 -36 25 -32 9 4 -38 -37 23 -50 32 -45 -43 22 -10
-25 -19 -8 -39 19 4 18 -33 4 6 8 23 -12 -10 22 15 -16 -18 -20 23
5 -26 -20 -34 -11 -23 4 0 -20 -9 1 -9 14 -20 -34 -25 0 -27 -41 -12
-8 -35 32 21 4 32 -12 32 5 -15 12 -26 3 23 -33 18 -29 13 17 -4
-34 16 10 -22 14 -38 1 -17 14 -20 23 2 -38 22 -38 1 -18 19 -35 15
-33 -9 -28 -35 -5 51 2 -31 -3 54 19 39 24 -28 2 9 34 -50 45 -45
-17 -1 25 4 21 8 -15 -26 5 -8 57 -4 34 0 26 19 -1 8 -32 48
10 32 7 -11 -41 27 -43 -30 -18 7 0 16 32 -35 27 -51 31 -15 20 -46
33 -16 -8 42 10 -32 -2 -19 -39 -8 42 27 18 -54 51 6 14 42 44 -34
27 -18 -13 6 10 46 16 29 1 -50 30 -12 22 -5 36 4 -38 27 2 -5
2 27 28 24 -5 25 -21 47 -1 2 10 -24 -14 -26 13 48 51 13 11 -40
37 16 -4 -22 32 -55 -5 19 -28 -19 10 -16 35 -11 -14 6 70 26 -14 2
-19 1 24 4 26 -15 -27 -19 -3 40 -22 -25 -19 84 10 11 -43 30 36 -29
-11 -25 0 -4 -10 5 6 -17 0 -7 -21 -11 29 -8 -10 4 -20 2 -26 -46
18 10 -18 -19 35 13 -25 7 -10 16 -11 -24 -21 11 16 -23 22 21 -10 -14
-32 -2 -4 1 5 8 17 1 4 -1 -5 17 -17 13 38 23 -11 -11 1 -24
27 15 -19 10 -37 36 21 24 -30 -20 7 24 -27 -12 14 -20 -27 10 -19 -15
-22 -28 23 10 29 -16 22 -23 -13 3 -34 -13 -28 -6 -12 3 -17 26 -11 5
32 30 -21 3 2 -39 -25 -33 1 -14 32 -17 28 -7 -8 -38 -31 9 2 6
56 -23 43 -17 20 39 5 10 53 21 -2 -13 7 5 -5 18 -14 -13 -19 25
29 -25 18 33 38 7 33 -7 4 0 26 -11 30 -17 -33 10 -29 -37 8 15
-8 27 -18 26 27 8 -10 26 64 21 -11 -17 17 -3 16 9 6 6 31 2
7 9 -22 -5 -27 23 11 -14 -26 -15 37 9 1 -14 12 9 -39 26 18 31
21 -6 -21 -26 -46 -12 17 22 -30 24 8 2 10 -12 6 -2 11 2 -6 8
2 9 6 23 -13 29 -5 1 -16 -9 -9 -50 52 -66 -28 -12 -1 3 -40 -33
40 57 32 98 -21 -40 2 14 -41 -43 -7 -15 -38 7 -15 7 -4 -5 11 -8
20 22 -5 -39 -44 -26 -3 -4 6 42 -37 -57 19 4 26 -13 -16 -16 21 -22
20 -30 105 -15 14 -41 3 15 16 -19 -28 -47 13 -16 18 -27 -21 -14 -24 -1
21 -12 13 2 16 21 22 56 -24 -20 -5 14 -11 -29 -21 -36 -47 5 -10 -40
-45 -44 -26 9 9 23 -24 11 -41 -45 34 -25 -1 14 -8 -3 32 10 30 74
-48 21 27 -18 23 9 1 -47 -45 -29 -52 -19 47 -46 -22 -46 21 36 -40 -3
-52 11 -8 -39 44 18 51 -33 53 31 48 33 -14 19 45 -30 -44 -10 -41 21
46 27 22 47 13 10 -44 -53 4 -33 13 13 -17 12 -34 36 -15 25 -13 -22
8 -34 -15 -21 -40 -38 -22 -8 -41 26 -38 11 48 -50 8 46 13 -6 -38 24
-18 39 32 -23 6 -9 -25 24 0 -13 -16 12 31 -4 -12 -16 -24 9 35 -9
124 -36 0 24 -8 -12 -38 -15 84 -29 12 19 -22 -32 -29 -9 8 -6 -13 0
27 -20 -31 24 -15 20 -20 3 12 -20 19 18 5 -20 6 30 -18 -39 -22 -10
-44 -26 -24 -29 36 22 -20 23 24 -54 -33 32 -34 40 -25 6 22 51 29 61
17 -31 38 -20 -30 -39 2 -41 -33 8 39 -35 7 -19 -46 -21 6 -25 -5 24
-11 -35 -29 53 -15 23 -53 -19 -3 6 -5 -1 -26 14 22 -25 -23 -24 70 13
6 -39 -7 9 21 6 -6 -33 11 -30 42 -7 -27 17 12 -7 -12 11 3 5
-20 -33 -19 -19 -5 3 24 -8 -17 -35 1 13 -22 -10 23 0 14 13 10 30
-29 -20 -27 -29 66 -16 -2 -2 -7 6 -6 -12 -3 -36 -24 -36 15 -28 0 -14
-28 -16 -16 -32 -3 -32 62 -29 -35 7 8 11 29 19 9 1 -70 30 -21 -17
26 -17 -2 -2 32 32 -32 -37 10 -19 22 -12 -36 -25 28 -20 6 35 -17 -33
-36 17 21 11 28 29 -22 -17 -32 20 -28 10 -29 12 15 -3 -40 -35 -14 -11
-3 26 17 3 23 -12 8 -3 -31 -8 -36 12 -28 -10 -23 29 41 -2 39 34
-28 34 -8 41 -34 -8 31 -24 8 0 35 28 28 -39 -11 33 -8 -34 37 42
15 33 24 -40 32 18 20 -18 1 -4 -24 9 -50 29 -32 -2 -5 12 7 20
40 30 3 -16 -38 -21 -7 -33 3 27 38 -20 28 27 -13 -6 -45 -26 -42 -19
28 26 3 4 -50 5 -37 -2 7 -7 -25 19 17 -15 19 -45 -4 -44 -42 18
73 -31 34 -34 -14 16 18 -4 47 -8 28 18 -36 20 -53 33 -2 3 -37 6
4 -13 1 2 2 -44 13 -22 -21 -13 9 -30 -41 -2 -22 -40 3 -7 -40 -22
-41 -41 -19 14 9 -2 -39 26 -59 46 34 -27 -3 -3 -4 33 9 19 25 -37
13 -3 23 24 13 -12 -1 2 -39 13 16 11 0 20 -16 40 21 41 -28 -37
30 -9 36 -40 30 2 -1 6 21 -39 -39 38 -42 20 -19 39 -38 39 30 -14
-5 36 16 10 -13 41 -43 -19 13 -9 7 -59 29 -5 -32 -8 14 -43 -1 22
41 19 35 106 -37 -42 -24 -1 57 -58 8 -10 -3 -21 -28 -28 32 -1 7 9
10 -12 -1 3 -41 2 -1 -13 -18 25 21 -25 -11 20 -4 -25 -23 -41 56 -17
-12 -12 3 12 24 -85 -14 10 15 -53 -48 -4 30 21 7 -25 -15 -22 30 -9
-6 21 -10 41 -3 33 -28 43 -25 3 -42 -4 2 -19 -48 -10 -19 -50 45 1
-50 47 -16 -19 -51 58 -63 22 11 0 -2 36 -31 -49 13 30 11 3 -9 52
-6 -2 29 43 -11 -31 -24 35 40 -8 -41 27 -32 21 27 24 -4 21 -19 -10
41 44 -21 -36 -39 11 27 -30 12 25 -1 23 -14 -11 7 5 -9 66 -20 -35
-54 36 26 -33 -22 -6 -6 0 -6 -19 -26 18 11 -20 8 -23 -23 -34 -24 20
0 3 -14 7 17 1 -23 -27 -14 -10 -25 4 19 36 -35 -26 27 18 -23 -30
30 9 -38 -26 2 -11 4 -3 10 -39 -17 4 -18 -34 -32 -8 -15 -32 -12 7
-44 -44 25 6 -42 -15 32 -2 -36 25 -34 5 24 -41 -23 -23 -21 -40 32 41
-27 -39 -13 -6 28 -22 10 46 9 21 10 34 33 -8 24 25 -37 0 -15 -35
-7 18 37 9 8 -35 14 15 47 10 -36 -2 0 34 -29 -45 -41 41 -26 13
6 33 -42 -4 26 -19 16 -38 -17 -18 37 -25 -8 -12 35 -10 -35 24 -10 -25
-39 32 3 3 -24 11 -24 -6 -45 -38 -17 8 -33 -23 34 17 42 -36 -43 7
27 -23 33 -34 -17 1 -14 15 20 -2 48 -22 -20 7 14 -14 6 -11 -14 -39
29 -23 13 -13 12 9 -9 42 91 -7 21 -19 17 34 3 -9 50 35 27 -18
19 -3 -16 6 64 32 -19 -16 -22 -30 -23 -11 33 -39 22 54 15 -32 12 -29
21 -11 4 -40 -14 7 44 20 19 -47 -9 11 11 21 -48 13 -19 -37 -25 -17
-38 17 -23 -46 8 -10 -49 -21 13 -47 -12 13 -33 -51 19 3 -27 -28 -15 22
11 -57 -40 -17 1 9 10 2 -3 -20 -36 36 -35 12 24 -3 -31 -36 -9 8
7 -48 6 11 26 2 -42 15 25 -6 7 11 26 4 -27 9 -5 -12 17 18
30 15 3 12 -22 -31 22 -6 30 -24 4 9 -13 6 -11 -22 2 74 -29 -37
-33 31 11 -31 -12 -10 -16 33 -25 -23 -6 19 -26 -26 -28 31 6 -2 14 -2
-36 14 -18 -33 18 21 5 -18 -13 18 -42 13 16 16 -6 -6 1 23 -24 -2
-27 -11 11 -15 28 -23 27 27 -1 36 16 -8 -5 5 -1 42 23 29 24 24
86 -2 0 30 29 -16 -54 -10 64 17 -7 -2 -5 -24 -23 -3 21 8 -16 -17
32 -4 -50 11 37 -24 41 42 7 -13 12 -4 -14 -53 47 -13 22 -6 1 -20
23 2 35 -8 -55 47 60 -57 -15 -20 -19 37 -15 -16 -39 -45 -54 -24 -10 -17
-25 48 -6 -35 -25 -41 -34 13 53 33 -54 42 -22 -39 -17 -54 20 -30 27 -35
-14 -10 -45 38 37 12 7 45 -6 40 29 -28 -6 -21 -25 -13 41 -41 41 -17
-38 -50 -21 29 -8 10 13 18 -14 0 28 -18 -36 14 -21 39 5 -2 14 -24
-18 -32 3 -15 2 13 -9 -29 -26 1 25 -35 19 7 1 5 -53 54 23 -43
53 -15 20 13 -24 -4 28 2 29 -34 33 -13 -21 13 10 -36 -2 -22 37 24
-25 50 20 -4 -13 2 -31 16 -12 -3 -9 -29 18 -11 -8 16 65 36 -23 -26
-15 -23 20 -10 0 -12 14 -9 -18 -7 -7 -3 -49 82 -37 -7 -38 4 30 -26
-6 -21 15 7 -11 -13 -31 -2 -32 17 -28 3 -10 -15 21 5 -22 -22 -38 6
-26 9 -11 -39 -9 4 -7 2 15 24 -1 -7 -42 -21 -56 -45 34 30 44 38
-46 5 22 25 -44 30 4 24 26 -8 25 33 -12 -19 43 29 -21 13 38 21
36 23 -8 8 -37 -26 30 -17 30 21 31 32 -28 27 -45 37 -19 -22 -2 23
10 -18 50 -11 36 5 34 -16 -14 32 13 10 -6 -9 -19 39 -4 -9 12 21
16 -9 -9 8 54 26 6 -25 7 -22 28 -2 21 8 26 -7 -25 16 8 12
-29 57 11 -30 -29 0 -6 -21 36 16 13 23 -4 -2 -29 31 12 18 -5 -3
-17 25 -19 19 20 6 -30 -42 -13 0 26 14 9 26 -25 23 4 -19 -31 7
-6 42 25 29 27 2 1 30 26 27 -3 -37 30 10 12 -4 -6 -35 -5 -43
33 29 22 -16 -11 25 0 12 -1 44 8 -7 -39 -24 -20 6 12 -5 -18 32
3 -6 -47 1 23 2 27 -20 -45 20 -52 21 30 9 -17 10 -25 1 12 -20
-24 8 -19 5 -42 41 -29 20 10 30 9 -7 -42 -24 27 -34 -45 33 20 -36
-18 10 -6 -7 -27 30 -19 -1 8 -10 -19 -29 17 14 4 -25 9 -21 -34 22
18 30 -19 -28 -34 31 -37 -28 4 -8 -9 28 20 -13 1 -37 -24 -34 -15 28
-13 -3 -8 36 -23 -24 39 -25 -25 7 -35 43 -23 -3 -47 -31 40 39 15 -8
-27 2 7 -6 30 4 7 -28 5 -19 -43 -5 -26 -10 -40 32 -8 45 -9 -4
20 -24 33 17 0 23 -4 17 -17 45 -37 20 -18 41 -26 -26 37 23 30 34
-11 -33 -43 30 44 -35 -16 -13 4 49 14 -43 -29 -22 -10 37 22 27 21 -15
-17 21 15 40 39 46 17 36 1 -11 -11 -39 34 -47 -30 43 -19 30 -5 9
0 -37 -16 27 39 19 8 -36 -8 28 42 13 -16 -6 13 -17 -23 -43 -36 20
-19 -11 39 37 -11 37 42 -11 7 -27 26 -1 -8 8 -27 4
