28 60 -39 -15 -17 71 -23 -54 54 12 76 19 -8 33 -34 -10 -9 23 30 -9
-9 -1 -40 18 -34 -63 30 44 -8 -6 30 -4 23 -13 -14 29 14 -11 -25 37
38 3 -40 4 29 -24 24 20 -14 -43 17 -26 16 47 31 -66 45 -8 -46 14
37 33 -27 35 3 16 -61 76 -43 -22 -19 40 -22 5 -23 37 -87 -14 37 -41
-32 -23 4 86 28 28 -55 -8 29 95 -55 13 103 -41 28 -40 30 62 22 -10
17 -35 -17 -4 26 -15 32 -21 -21 11 -45 5 48 12 -6 19 -34 40 7 40
-24 -13 55 -14 -20 54 -86 -79 -27 19 -6 -11 -21 6 1 15 17 -29 -1 -24
-35 -20 32 -37 3 -1 48 26 37 13 19 0 56 20 11 -6 39 -12 -17 -53
10 -15 -8 14 -3 3 -15 -9 6 -8 -20 31 20 30 21 7 6 -5 62 22
21 75 -8 45 3 24 36 21 33 29 -1 -36 6 -71 -45 52 -18 -8 -1 17
-13 83 43 61 -11 -92 42 57 -21 24 7 75 39 32 64 12 -28 10 8 -83
9 -28 22 -2 -2 46 -44 63 -23 9 34 -44 -73 73 -24 47 -10 -37 -46 -22
35 74 22 1 51 -7 17 -15 7 -27 -6 18 4 -36 -16 1 13 4 -37 5
-21 9 -12 13 -14 16 -24 -3 -24 -4 2 -39 -41 -9 -33 -14 48 -63 22 -6
-5 -1 -3 -23 46 13 -8 -26 -64 41 -29 -5 -41 -10 22 -15 8 27 4 -2
-23 -56 3 56 -31 55 57 5 17 56 -1 -8 -6 6 30 -32 3 13 -30 -15
-32 2 30 27 62 -14 22 32 48 15 -76 -73 -13 31 -16 21 -64 -19 -7 -18
-8 -35 2 -27 25 -28 28 -13 -10 48 8 -26 -15 -9 17 27 -18 85 -14 30
30 49 -3 9 16 17 19 3 -33 -7 -75 -12 1 -24 -22 -3 -15 9 28 -52
-33 -23 -19 17 29 -9 -21 31 7 13 7 12 1 34 8 -28 -27 22 20 -7
12 -7 -20 29 32 -4 -4 -32 -60 44 20 -40 4 5 37 27 -32 -4 -5 -15
-21 -9 13 -27 -23 4 8 16 -51 32 -23 -16 -1 20 -27 -17 -20 -10 -7 4
1 -11 48 -57 14 -47 9 32 47 -30 64 -50 37 47 -19 35 13 36 -11 -32
-3 20 43 -52 -64 -5 -8 -7 49 32 10 84 -82 1 -58 20 99 13 65 -51
-60 44 51 -16 -79 -21 -12 -23 -3 -59 58 -54 -20 -44 35 55 -82 33 41 -15
2 16 -34 9 -7 45 4 36 -39 49 -51 22 47 0 0 -7 96 14 -6 0
61 11 -26 -73 -30 -6 -5 20 -3 6 61 -8 21 -4 8 19 -11 -2 -31 -14
-58 12 -16 32 8 -50 12 19 -13 48 1 16 44 -74 -14 15 5 -5 0 6
-27 -42 -101 5 -8 44 38 4 7 41 39 -25 -8 6 36 -8 -25 18 1 17
-25 17 12 54 9 24 -5 -20 -63 -4 -45 -1 -9 -25 10 9 1 -19 -37 25
49 -19 14 -24 32 -28 3 -91 -22 51 -58 16 -25 24 31 -54 -6 26 22 1
-4 -39 14 38 -7 14 23 30 13 120 31 3 -19 31 43 -52 -5 19 -12 -1
-3 20 38 -44 12 16 -6 -28 20 -3 -4 4 23 -7 -3 38 -24 6 2 9
19 5 -28 20 -22 0 -41 3 13 -63 -50 -11 6 -33 -41 23 -5 -18 4 30
-6 -25 7 -40 14 -45 -43 -10 12 -21 -33 -34 5 23 1 -72 47 -30 -55 23
25 -25 -24 -1 -30 42 -5 -30 13 29 50 -13 62 -15 -61 -35 -27 34 11 -50
8 26 -1 2 -2 5 -14 2 41 -25 39 -8 23 -39 19 41 22 -1 -27 -8
-23 -41 -15 47 -69 -62 -52 -32 48 -52 -31 -38 -17 -47 44 -20 -63 17 27 -5
-26 -36 17 -23 30 -50 -22 48 -8 -8 19 6 -17 -15 5 -13 2 -33 6 5
-7 -30 28 43 -12 -13 15 -21 20 -32 12 22 -48 -13 -6 15 0 34 81 -1
-11 -4 -39 23 -14 9 -2 0 20 30 8 12 30 -11 22 -13 -26 -13 20 4
-4 -13 13 -15 7 11 -28 -1 -35 -35 12 53 -32 -29 -68 50 6 -7 11 35
3 -16 -56 28 -57 -34 32 20 -26 33 -8 37 46 19 -11 -55 38 4 -30 -64
3 2 33 -29 3 40 -52 42 -43 -17 0 -24 -11 67 19 61 -20 -23 -39 6
11 27 -60 -36 45 93 18 32 -7 11 7 -15 -62 17 -42 -39 27 13 19 18
-2 25 -15 -8 16 40 61 58 -18 -41 -23 51 -49 -53 -24 -49 -6 36 17 37
41 12 51 -8 -7 -19 -19 46 19 18 -2 -70 -46 45 -2 16 -78 -36 -16 -24
-14 37 -12 -52 -33 19 61 -22 -38 -35 63 19 -27 42 47 7 4 16 -10 -3
32 17 15 6 -5 34 -22 2 18 -7 4 9 17 -56 -16 -7 -43 23 -43 31
-78 41 -12 -15 -1 -13 19 23 2 -8 -3 -11 56 -17 60 -30 46 18 -35 -28
29 31 2 20 -1 25 -3 1 19 -58 -5 15 20 -13 -23 26 16 -6 11 40
-8 -29 -51 0 -9 21 -22 0 -55 -1 55 -2 37 -39 114 -23 35 43 -1 -50
35 18 -2 39 46 32 -9 -20 -83 -47 -8 -11 -26 21 -15 -74 -29 63 -15 38
-35 18 60 13 4 86 -40 102 17 -7 -18 -6 -5 -33 34 25 -54 -14 35 -21
6 -24 -39 4 -6 -47 11 -11 12 -19 -28 14 -9 -7 -23 10 -2 13 -18 -23
0 -21 -30 1 -50 6 11 19 16 14 38 -23 46 -28 -23 3 5 35 -39 127
11 -8 -4 18 16 24 -9 -20 7 9 11 15 -59 -8 -5 9 9 8 -16 16
26 -80 33 3 36 -19 6 15 1 -48 39 -16 42 -20 39 30 -7 -47 27 63
-56 -47 -59 -13 47 -61 -33 -53 -28 -17 -43 9 26 56 -34 -1 73 32 27 17
14 46 63 16 5 -2 -33 -20 -31 7 10 -17 -14 6 30 28 27 -78 -38 -2
-34 64 48 -31 67 51 42 6 -13 9 -28 -15 36 -49 2 40 79 12 -40 44
-8 73 -14 -69 30 36 48 -3 11 0 -36 39 -41 -35 -75 11 -18 -3 8 -21
15 -29 9 9 37 -27 -20 -36 7 36 -19 -21 16 -38 -14 44 -9 2 -23 -65
2 24 -22 17 -10 -87 70 -4 -61 4 38 -29 -10 -9 -12 -8 -21 9 10 2
20 10 -26 41 3 25 -24 24 -17 -4 -15 14 -61 -36 -35 -16 -33 4 -39 8
-13 -41 -15 4 12 -17 -19 -21 62 16 -47 -25 0 53 20 -54 -6 30 41 -48
24 29 34 8 -11 53 16 -2 -67 21 21 30 25 -22 -14 31 -46 -16 44 -44
7 23 -61 23 22 -29 -17 17 -17 -48 48 -46 31 -12 -2 28 33 50 -8 79
-47 40 -33 59 -32 -27 26 -17 -39 -24 -59 41 15 -3 23 11 -44 -63 58 6
-45 50 34 -36 -11 -40 31 1 -71 -23 8 0 24 4 -44 -19 -1 1 34 11
43 -26 -17 7 20 -34 57 0 13 -4 25 10 19 -13 48 24 20 15 50 18
1 -12 37 -19 -4 -10 1 -11 -15 10 13 10 37 6 -1 -21 -20 -39 -45 -2
30 -14 28 -38 -11 -21 -10 21 -19 -47 -25 20 -13 25 -30 11 11 -15 -7 -15
-14 -28 4 -27 -23 41 -8 20 -7 13 25 -7 50 5 -1 3 -2 28 -92 -56
8 -42 -79 -5 22 -40 -77 43 10 2 -7 -23 -60 78 35 15 73 10 0 10
0 28 -13 -23 91 -31 64 52 61 -14 -43 25 37 51 12 31 15 -2 -4 -72
-16 14 26 21 -37 49 1 67 -35 -63 -3 45 -64 -6 80 -8 47 43 -29 2
69 13 5 7 -22 -36 -76 -17 -6 -1 28 -73 -55 11 30 -10 41 15 -42 -7
47 30 33 -19 -5 -10 -4 -32 1 -37 -8 36 50 -9 -31 -4 57 -7 35 -15
-2 -39 -45 41 -63 36 25 7 34 23 -25 -12 -23 -1 50 -49 84 16 -7 -17
4 16 -43 -24 -80 4 -33 16 -31 43 -25 35 -62 -12 -11 -16 -37 9 -47 25
33 -80 56 -27 -28 -29 -34 17 46 4 14 -36 -31 50 -26 1 -45 -32 3 14
22 19 -24 -28 -16 1 26 77 -43 56 44 1 -26 48 -21 -22 -34 26 3 -19
-23 11 -46 -31 22 15 17 2 -24 -15 -27 5 29 -3 -4 26 -21 18 -4 -10
-30 -29 3 31 9 -11 7 6 -3 -11 -6 4 38 1 -30 69 10 50 26 -8
0 -41 16 -20 -13 -19 5 -19 -55 -33 17 15 11 12 66 -19 35 -74 -17 27
-13 -20 -21 6 -4 33 9 13 23 28 -44 29 22 45 23 -7 20 -3 -57 32
-56 4 -20 -7 -42 8 -26 17 0 -24 -35 58 61 -29 -41 28 94 -9 -10 -53
-30 15 -31 -22 -12 45 17 -53 -2 10 3 38 12 6 -15 12 -8 11 89 45
26 41 28 -7 -47 -2 72 -56 14 23 -27 20 -21 -6 39 38 -24 24 17 10
17 60 13 5 -52 -28 28 -102 -3 -65 -45 -18 -13 39 -23 -43 -44 -2 -19 17
-45 -33 -24 -4 6 9 0 -3 6 -61 13 27 -62 2 -46 19 -22 17 33 -42
31 -31 105 22 -1 44 -30 5 -11 -33 20 -53 16 34 -38 -30 -1 -23 -18 27
25 -7 16 22 88 23 -24 16 -10 -3 28 10 -4 5 3 -4 26 -8 28 -26
17 -1 -12 -8 9 -5 -12 27 -3 -22 10 22 -2 28 27 -8 -1 -18 5 -11
-21 -26 -19 3 5 5 -92 10 20 -62 -14 24 -12 12 34 8 -17 20 -9 4
57 21 4 24 -54 -37 -18 -10 -22 -4 -18 75 24 -15 -7 -9 7 -20 -8 37
38 17 29 -21 15 11 30 31 -46 8 19 -2 -32 19 16 -40 29 8 -32 -11
-40 5 -3 29 9 -15 -2 7 45 5 64 -7 -8 -61 8 28 13 -4 -16 30
-64 -49 -43 -28 -45 -32 -25 -54 -13 29 17 12 19 -14 -32 -18 2 -8 -10 -18
4 -19 -53 36 -5 51 15 -48 -45 17 -25 -21 16 -21 -25 55 -30 53 -12 -33
34 -18 3 -10 12 37 19 4 -49 -5 40 19 -4 29 -17 -22 36 -31 7 0
-71 -55 -19 33 38 39 24 -25 17 26 -30 21 19 21 -23 17 2 -9 8 1
-81 -24 1 -19 -32 2 -26 25 -12 -22 -16 41 20 0 -7 15 71 -12 -16 -33
2 33 -10 10 0 -9 -3 -19 0 7 8 -2 12 -5 2 -13 -18 20 54 49
23 20 1 17 -23 -4 31 -18 14 35 -16 20 -7 -9 -6 -56 19 -51 46 19
15 -64 -44 -20 27 0 39 -43 -16 -6 14 -17 -62 -19 46 -10 21 -44 -13 61
-16 -10 23 -71 2 -49 63 -47 8 -39 -4 -9 -40 -13 -15 59 6 57 -35 -52
-50 18 22 18 70 53 -6 6 -18 -24 3 -53 -42 42 74 11 55 14 10 -49
-14 4 -28 -28 -25 -28 23 -14 -11 -15 -61 13 1 -6 37 -26 -30 -13 6 50
-18 26 21 8 -31 23 11 -3 -4 -16 -8 -9 -43 14 11 -18 -50 -27 15 -41
34 -24 -45 -44 -32 -3 17 3 25 77 41 -17 7 -36 -19 43 -27 -12 39 -13
63 13 24 -1 -32 39 -36 -20 5 43 112 43 40 -12 46 0 -14 -25 33 -45
27 40 -45 18 2 49 -24 16 10 -29 30 57 33 14 16 1 -2 5 13 14
-58 5 -42 -44 -35 29 8 -8 -2 19 -5 -15 45 -96 30 -44 31 30 -56 -8
2 28 -27 23 86 -2 51 -3 -12 -26 24 32 37 18 24 17 -30 -72 19 -50
-8 -5 -33 -1 49 14 60 10 10 -56 -20 55 -20 13 -39 56 -47 91 14 26
-4 -53 23 40 36 -12 10 -1 -56 -25 -36 1 -2 49 41 29 1 -75 -63 -5
-26 21 15 15 -15 8 -94 -62 8 13 -19 13 -18 34 5 -5 -16 -18 40 38
5 -43 -12 3 -30 -25 -41 16 -12 -31 14 8 44 10 -48 54 -69 -21 -30 -57
24 -9 -29 9 -2 -8 -3 -5 -39 15 14 -23 6 -29 31 -10 16 -39 65 -30
16 5 1 24 31 7 9 48 -18 21 -30 -33 27 -29 -34 2 23 -45 9 15
-23 26 -19 22 -7 2 15 -34 -16 12 29 14 -3 4 5 -35 17 -11 -5 -23
5 25 7 -69 6 -26 43 11 12 35 5 -1 -8 -36 37 30 -1 39 -3 23
30 -17 -32 -27 -39 103 -29 13 -31 57 27 2 -8 28 -1 -5 25 -62 -39 37
30 -39 32 21 -73 20 -16 6 -5 10 -14 -41 -22 -8 -69 64 49 5 88 19
-58 10 4 -46 54 18 -74 -14 -28 15 -1 31 -12 -2 -16 -24 5 15 15 23
-33 -52 2 93 3 69 -31 -11 16 33 43 -22 39 -2 40 -37 18 -50 7 -14
28 28 -36 19 17 31 -30 22 -5 11 14 -1 -92 3 -4 -13 -34 0 -20 28
-15 -31 -9 34 -7 -2 -29 13 79 -10 -18 -34 -5 33 -23 15 -7 -7 5 -22
0 5 1 -4 22 -8 18 -13 -16 29 68 54 15 33 -16 26 -31 5 39 -23
20 40 -11 9 54 -56 8 -22 -5 8 -25 42 41 -22 -12 -55 -7 12 -32 -4
-50 61 14 -36 -28 21 34 16 19 -16 -22 -24 78 -25 -54 30 -31 36 -2 -45
34 45 -51 -24 50 -53 32 -4 -67 39 -59 -8 46 -23 -4 17 33 -47 3 -20
23 -27 2 36 33 -19 8 32 -55 12 -30 -40 -24 21 -2 -51 19 -21 -24 3
42 -12 9 -38 -14 14 -25 -37 17 -63 -32 3 33 -20 30 75 -5 5 -18 43
16 15 -3 -10 -3 -28 -26 10 -33 22 -31 15 -28 -13 -30 -11 22 -14 34 -10
51 -41 52 -1 36 -65 24 -8 16 17 39 30 4 -14 -13 19 14 3 4 30
5 -65 0 -26 32 -22 -2 32 79 15 -70 -41 33 -21 9 -17 12 5 -15 -20
-5 13 61 -81 -6 -23 -8 32 -13 -34 -27 40 -19 31 60 -6 2 -72 19 -15
-7 15 8 -11 -19 28 24 -63 19 16 -46 19 -29 -58 -12 58 -28 -8 -3 18
19 -12 19 -34 64 48 -24 -25 -1 41 35 12 -8 -6 20 -15 5 3 9 -27
7 17 13 -11 -16 10 -7 58 -8 3 0 28 -13 0 -18 -9 16 -10 -6 -16
-32 -10 -15 -10 0 8 -53 -4 14 -7 -35 10 -7 -43 -14 2 15 15 17 -7
-7 -1 24 10 25 37 20 -44 43 49 -7 -11 -46 44 2 -53 17 -27 8 -26
12 -34 -18 37 -47 34 -44 61 33 22 -8 64 23 50 36 -48 -31 24 -40 -48
56 -26 -15 -10 46 17 64 -13 12 46 -21 39 -48 -27 39 38 46 -80 8 -1
-48 47 19 -49 -42 43 30 -11 -25 -57 -58 -6 -31 -7 -50 -46 -18 -3 -46 54
20 -21 -68 -9 35 96 27 -27 -6 13 33 -10 68 10 54 28 -6 -10 22 -34
43 -39 35 5 21 12 -57 -64 11 -16 19 -3 -68 72 -8 10 31 33 44 17
9 -56 -8 42 18 -54 -18 -26 21 13 -54 18 19 25 -30 11 3 -4 28 16
-104 -16 15 -13 -32 -8 -32 26 -14 -25 2 57 11 -5 -15 30 79 -3 -7 -23
2 45 -22 18 -22 -21 -29 -11 -14 20 -2 -27 9 -22 -21 -5 -17 13 47 54
22 64 -2 33 -25 -30 41 -12 10 44 -24 21 -6 -43 -13 5 -7 -17 1 14
14 8 -23 -6 -33 0 -2 27 17 8 13 31 14 16 19 -19 45 13 19 -34
28 -17 -48 -26 -11 3 -4 20 9 40 16 -3 21 4 2 11 -32 -12 -6 14
18 8 -26 19 23 2 -5 24 -25 -21 15 1 32 54 21 -10 4 30 6 -22
63 50 12 22 49 44 7 -26 12 27 4 -13 3 -27 -44 26 16 -18 0 17
-27 34 -14 3 72 -20 -17 60 -18 43 -1 30 -46 -27 4 -24 -4 -14 13 -48
23 -54 8 33 -15 83 27 -7 22 -37 -9 -10 48 -6 -20 -80 -8 -21 -13 -50
3 -17 11 -17 30 -26 -9 40 -29 -4 -43 24 -29 7 -30 -4 35 4 -14 6
-12 19 -37 24 38 1 25 -6 -8 -54 26 -54 -35 -52 -29 28 -18 50 9 -2
18 -4 10 66 -11 32 -27 3 7 36 86 8 2 5 26 34 -13 30 7 35
12 -15 -17 21 3 30 -17 15 3 1 -19 9 14 11 -8 17 -6 -20 14 31
-29 -15 -10 21 28 -30 12 24 -44 -27 -3 30 -30 -8 -22 -19 3 -30 2 -4
25 24 4 2 5 40 25 33 85 -5 -11 15 20 22 10 13 -49 -30 -32 5
-36 1 34 2 1 -17 14 -40 -11 -19 -37 42 -41 9 7 -23 30 51 -17 32
21 -15 -26 52 -34 -28 -19 8 3 -31 23 19 6 19 -61 -32 12 20 42 47
35 -34 32 -72 8 -2 -43 -13 -75 -47 -20 -76 16 29 -31 -57 1 16 12 -39
-29 -11 5 53 -19 25 -19 -24 54 -24 5 -36 21 -14 74 16 44 46 41 -15
24 -9 22 -18 -13 10 -30 7 39 -2 15 -44 -23 -11 26 -25 -22 -20 -17 43
6 14 -32 -60 -40 -42 85 19 -17 62 5 27 -9 -55 11 -17 43 -15 -49 29
-42 -12 19 -7 -113 43 44 -67 -51 -16 30 -18 23 -57 53 -24 -18 -45 7 30
27 -13 44 -39 53 34 -10 -32 -12 -11 22 -26 66 27 -35 -26 -26 -96 -48 22
-45 -12 -4 22 -5 -23 -51 -32 -23 10 33 49 -32 -8 21 -10 81 -28 -5 16
21 68 -15 18 -7 -88 -1 2 24 15 68 -63 -57 40 -38 38 49 13 34 81
-6 18 -20 -18 10 4 -47 -12 61 19 -3 24 20 -18 17 6 2 11 -32 11
3 -18 -7 11 -38 -16 -11 1 0 29 7 68 3 30 5 38 -21 -11 14 -9
2 -8 3 -21 -16 -8 -16 17 -22 -5 -91 18 -16 -94 -20 -16 28 -10 22 -15
-8 11 -26 1 -24 58 -18 49 20 20 5 34 -48 61 -17 -24 -37 -28 2 -19
-41 13 6 26 39 -14 34 4 67 62 -70 15 85 85 -63 36 -7 -2 16 37
-24 -36 -84 -25 33 11 44 30 -18 20 -24 -26 -14 40 57 38 -22 67 11 26
-19 33 62 -50 4 -12 29 56 48 -9 14 -24 59 36 18 -3 22 26 -25 45
8 -19 22 33 46 -16 -20 -18 -19 -17 -38 -28 32 10 -21 -5 -21 -43 -19 0
11 -32 -9 32 40 10 9 24 5 -49 0 -6 39 29 3 15 11 -25 -78 -16
9 50 10 3 -7 45 38 8 17 39 -78 -16 5 -37 -39 33 38 33 20 1
-36 35 -25 -14 4 -53 -59 7 35 34 14 11 -5 -5 21 -40 -16 0 16 -28
-14 -15 -26 -36 -21 16 -41 29 27 -46 -36 6 -4 -84 -22 -60 25 14 -50 10
13 -24 -68 -19 -43 26 -48 -17 41 5 -47 37 22 -21 -76 -4 61 71 -37 28
-33 17 52 4 99 -35 70 54 3 41 -19 -8 -2 -39 7 -66 -63 12 8 -62
56 -2 26 12 -108 -24 18 -2 -40 69 6 -21 -39 38 -33 -14 -28 14 39 91
31 27 -12 3 -22 -53 -5 -28 -57 -12 -7 25 -27 -7 -82 37 7 26 -6 45
-43 -57 -90 -1 -28 31 -33 -14 5 20 12 -59 -26 45 17 24 55 -2 -1 -29
23 29 17 -33 -30 20 -28 -31 -21 -23 -33 -6 -27 -16 -51 8 -53 -17 8 -5
53 -37 -28 40 20 21 8 10 -8 -35 -28 16 -43 31 -8 -1 -20 69 35 -20
-35 79 7 -3 46 34 -10 64 39 -34 0 53 55 -36 -39 -36 33 9 -15 -53
-22 61 19 70 1 4 -16 62 46 -54 28 43 -34 17 -55 49 24 27 5 16
-11 25 -56 44 4 41 9 2 0 4 21 -3 -36 -19 -2 71 -11 -98 -46 34
20 -22 41 1 -33 16 -62 25 49 5 -16 -1 51 10 44 -29 24 24 -34 -26
0 -63 -18 -23 -11 34 -45 -34 -6 4 -29 20 -27 -11 34 -54 -38 29 11 9
8 4 3 -37 -53 11 47 33 -27 -3 19 -49 -82 38 -28 -8 -19 17 -2 -18
-31 19 33 12 -7 29 -5 18 -12 -5 -57 33 18 -12 -44 8 5 -24 36 -17
-20 42 8 -20 -62 25 -40 31 -15 37 -69 -38 -65 -7 -43 9 4 -43 39 51
40 68 -52 -14 -26 4 56 -37 43 -2 -25 7 -25 11 43 -27 -51 81 18 115
-39 -24 -21 -15 78 0 7 -51 -18 -26 -17 2 -14 -40 -9 73
