-3 -7 -4 0 -1 0 -4 -5 1 1 0 2 5 4 7 -2 -2 3 0 -14
-3 0 -12 -4 -3 -7 -5 -7 -10 6 2 -8 14 -3 -8 3 1 1 1 2
-4 -5 2 -5 -5 -5 0 19 0 3 60 -3 -2 13 2 -3 7 6 -4 10
0 1 2 -2 -9 0 4 -3 5 0 -6 -4 -2 -2 1 -1 -3 1 1 0
-1 -2 0 -2 3 -4 -1 -2 -8 0 -2 -2 2 0 -3 3 0 1 1 -3
-1 2 -3 -13 -1 -1 -3 -4 -1 -5 3 -4 -7 -2 -1 -1 -9 -2 -3 2
6 2 14 -1 -1 5 -2 -4 -1 0 -3 -8 0 0 -1 -3 -1 7 0 8
4 6 2 -5 -1 -1 -1 -1 -2 -2 -1 -2 0 0 1 1 1 1 0 1
0 0 1 0 -1 -1 1 1 0 0 -1 4 8 3 -1 -5 -2 0 0 0
3 2 3 1 3 1 1 2 0 0 -1 -2 1 2 2 1 0 1 0 2
0 0 1 1 1 1 -1 -4 -4 -4 0 0 1 0 1 1 1 0 0 0
-1 -1 0 -1 1 7 7 4 5 11 5 0 1 1 0 0 0 0 0 0
0 0 0 -2 -2 -2 -5 -8 -3 1 1 0 0 -1 0 1 -12 0 0 1
-1 -2 -2 0 0 -2 -1 -1 0 -1 0 0 -1 0 -1 0 0 -1 0 1
0 0 0 0 0 1 1 0 -1 -1 -2 0 0 -2 -1 -2 -1 0 0 -1
1 -1 1 0 0 1 -2 0 0 -2 1 2 -1 0 1 -1 3 5 0 5
8 0 3 3 3 1 2 0 0 1 1 1 2 0 5 4 1 8 10 0
4 5 0 -1 -1 0 1 -2 1 0 -3 0 -2 3 1 -4 9 0 0 3
0 -1 -3 1 -5 -3 -1 -2 -2 0 0 -1 0 0 3 -2 -1 2 -1 1
0 0 -4 -1 0 -1 0 0 1 -1 0 -2 1 1 -1 -1 1 0 1 0
-3 1 0 0 -1 0 -1 -5 1 -4 -5 -1 -2 -5 0 -1 -1 1 0 -1
-1 -2 1 0 1 0 1 2 0 1 1 0 -13 -13 -6 -12 -14 -10 -5 -18
-3 33 10 -8 74 10 -8 25 4 -6 -10 -6 10 -11 5 3 -4 -4 7 -9
-23 -4 -1 -25 1 -9 -19 -8 4 2 -5 6 -3 3 6 -11 5 2 -7 -10
15 5 8 9 -4 -3 -10 1 3 -1 -2 3 3 0 -5 8 -14 -2 17 -14
11 -2 -11 -6 -31 -14 3 -44 -71 -1 -26 3 -11 -12 -2 -6 -11 -3 4 -4
-10 4 4 -9 -4 9 -24 -3 10 -10 2 3 -3 -6 -5 -16 -1 -4 -7 -10
-16 -20 -3 -7 -9 -5 -2 -3 -8 10 -12 -3 32 -20 10 13 -20 -2 -2 -4
-3 2 -4 -3 -2 -2 0 5 -4 0 1 8 1 -4 4 2 -1 0 0 2
3 2 -1 -2 -1 1 1 1 0 0 1 -2 -1 0 0 1 1 -2 1 2
1 2 -1 -1 -6 0 -4 -9 -4 2 5 2 -4 -4 -4 -4 -4 -5 -3 -2
-3 -1 2 3 -2 0 4 0 -1 -4 -2 -5 -1 1 3 -1 2 2 2 0
-2 1 3 2 1 2 4 3 -1 0 0 -3 -3 2 1 1 0 1 2 2
-8 -16 -5 -4 -4 -4 -1 0 -1 1 -1 -2 -2 2 2 0 1 0 3 1
1 3 9 1 -1 -4 0 -1 0 1 0 -6 -1 4 3 1 2 -2 -2 -1
1 2 0 1 0 2 5 -1 -2 -12 1 0 2 1 0 3 1 1 0 0
-12 -7 -13 -7 -1 5 -11 -103 -7 5 3 2 7 -4 -4 4 -4 -2 7 7
-2 -8 7 5 3 14 -4 -4 8 -4 -15 -23 -12 0 -4 -7 12 3 6 12
-2 -6 12 8 6 -5 6 8 -6 11 14 -4 2 9 -16 -9 -19 -26 -59 -30
27 55 17 -12 -3 -11 -14 -13 -19 -1 -6 -10 -11 -9 -11 -9 -9 -6 -7 -12
-3 -2 10 0 -15 2 -14 -4 -3 2 0 0 2 1 -9 -12 5 -1 -1 -2
-1 -11 -4 -24 -9 -10 -3 -10 -7 6 -6 -5 -38 0 -24 -11 -21 3 8 4
5 4 -3 2 2 -2 -5 -1 1 -9 -17 -6 1 31 11 -6 -5 -9 14 24
4 21 57 10 0 -1 0 2 0 -1 0 -3 1 1 -1 -3 1 -3 -5 1
-2 -3 -1 0 1 -3 6 -2 -1 1 0 -3 -9 1 -10 -12 2 -2 -5 0
-2 -2 -2 -3 -6 -3 -2 -4 -1 2 1 1 4 3 4 3 1 2 -1 0
1 0 1 0 3 4 -3 1 -3 0 3 -5 2 1 0 0 0 4 1 -3
7 3 0 4 1 3 3 -2 -2 0 -1 0 -3 0 0 -3 -2 1 -18 -3
-1 -7 -1 1 0 0 1 -3 1 3 1 -1 -2 -1 0 1 -2 1 -1 1
-1 4 -2 -2 8 -12 1 4 -5 -1 0 -1 0 2 1 0 -2 -2 0 -1
0 0 -1 4 -1 0 2 -1 0 -2 0 -1 -1 0 2 -2 -1 5 5 0
8 11 1 3 5 2 -1 1 -1 -2 -2 1 0 -1 0 7 0 -1 12 1
-1 6 1 0 3 1 1 2 1 -1 2 2 -1 -1 1 0 0 3 2 -1
0 0 0 -2 -1 0 -1 0 -2 0 1 1 -1 0 2 0 1 1 0 0
-5 -4 1 -5 -15 1 -3 -8 0 1 0 0 4 -2 0 1 -3 -1 2 0
-1 3 2 -2 3 1 -1 1 0 0 1 -1 -2 -1 1 0 0 0 0 1
-2 0 0 0 -1 2 0 0 3 1 -1 1 1 -1 0 -1 0 -2 1 0
0 -2 1 1 -1 -1 1 -1 0 1 0 0 0 0 0 2 5 3 2 0
1 -1 -1 0 2 1 0 1 1 1 2 0 -2 -1 0 3 -1 0 -1 2
5 2 -2 -6 -3 0 -5 0 -3 -3 -1 -3 -3 -2 -3 -6 -4 0 -1 -3
2 4 6 0 1 4 -3 -4 -2 -6 -16 -5 1 3 0 -3 -4 -2 -4 -9
-4 0 -3 -1 1 1 0 -1 -1 0 -1 0 3 2 3 0 1 1 1 -4
-6 -2 -1 -1 0 1 -1 -3 -1 -1 -4 -1 0 0 0 -5 -1 4 5 2
-1 -1 0 1 -13 2 -2 3 -1 -2 -1 1 4 0 -1 2 -1 -2 -1 0
-1 2 -1 1 0 1 2 -3 -5 -3 -4 -4 -2 0 0 -2 -10 -11 -19 2
-2 -10 -16 -37 -12 27 8 1 20 -8 -10 13 1 6 -2 -9 -5 -2 10 1
8 18 -21 -4 -62 0 -8 -35 -13 -2 -9 12 29 -1 -10 17 -16 -24 34 11
2 0 15 42 -10 1 42 0 4 10 -12 -40 -5 -23 0 -12 27 38 21 15
-13 -2 -3 -32 -25 11 8 5 8 -12 -2 -10 -22 4 -9 -1 -12 -3 91 21
-28 -43 -10 -16 -11 -7 -12 -4 -10 -7 -14 -25 4 26 25 16 3 -5 0 -127
-11 6 33 -5 3 -39 2 -9 46 2 -5 -65 6 25 48 9 16 -9 -20 5
10 7 1 18 4 4 32 -16 -17 -68 -10 -10 -16 -3 17 38 23 18 34 30
-1 -1 -1 -2 0 -3 -5 -11 -6 1 0 0 1 1 0 -1 0 0 -1 1
-1 0 1 1 -1 -1 -1 0 -1 1 -1 -1 -2 1 2 2 1 1 -2 1
2 0 4 4 3 0 0 -1 -1 -1 1 -2 -3 -3 -1 -2 -1 5 10 5
4 8 3 -1 0 -1 0 0 -1 4 10 4 -1 1 0 -1 -3 0 -1 1
0 0 2 1 0 0 1 0 4 -1 -1 -1 -1 1 1 1 1 1 1 0
0 0 -1 -3 -1 -1 1 -3 0 0 1 0 -2 -1 0 -4 -1 0 0 0
0 -1 -2 -1 0 -1 0 1 -1 2 4 1 -5 -15 -2 2 3 2 4 14
5 3 8 3 -1 -4 -5 12 -1 -10 3 -24 -7 7 2 1 19 -8 18 0
2 1 -6 5 -18 -13 -70 -15 -3 8 -3 -16 -13 4 -15 -16 25 -7 -3 1
23 7 3 5 -9 -117 16 3 23 6 10 23 1 13 96 -2 2 25 6 -23
16 -1 -14 28 21 15 15 -1 -40 17 8 -51 49 15 7 38 6 1 -8 7
-16 -8 6 3 -6 12 10 6 12 -13 15 -9 -7 11 -3 -2 1 -2 -36 1
5 -4 7 1 1 -6 5 -20 15 12 -5 -7 0 -21 -5 -4 -6 4 -4 -11
-7 14 8 8 24 -10 19 12 -5 -5 7 8 -8 13 24 5 8 -15 7 -12
10 -17 -2 4 12 14 14 13 -5 -3 -4 0 0 -2 -3 -5 0 0 2 1
3 2 -3 2 1 0 2 -2 -6 -7 0 3 0 1 3 9 23 10 -2 -14
-5 -2 -7 -1 3 1 1 2 4 3 0 3 -2 -2 -5 -2 -1 1 7 -4
1 7 4 11 5 -2 -7 2 4 7 4 0 -2 1 -8 -13 -6 3 -1 3
6 5 3 -2 -3 -2 -3 -3 3 2 3 -3 15 30 15 1 -2 3 -3 -7
-4 2 3 0 2 -2 -5 2 1 2 -11 -13 -8 6 6 5 2 1 0 1
-8 -1 -1 9 -1 -1 1 4 4 0 -4 5 1 -4 -4 -2 -2 2 0 -1
0 2 2 -2 -8 -4 -1 1 2 2 1 1 0 0 -2 -5 -5 -4 -1 -3
-3 3 4 2 1 -2 -4 3 2 -2 -1 3 0 0 2 0 0 2 -3 -3
-6 0 -6 -11 -4 0 1 2 9 10 3 -2 -5 -5 1 -5 -3 -1 8 5
-7 -1 4 -1 1 2 4 3 -1 -3 2 -1 -1 6 -3 2 2 -1 2 2
0 -2 4 -3 -2 2 1 -2 -6 -4 -3 -1 -2 15 36 16 -5 -1 -1 -3
3 -3 3 3 2 -2 -2 0 0 0 0 -3 -5 -6 -9 -36 -12 -1 -1 -2
-2 -4 2 -2 -23 -3 -4 -1 -3 3 3 0 3 2 -1 -2 3 0 4 0
1 -2 -4 -3 -1 -4 2 1 5 2 -2 4 1 3 7 2 6 -1 7 16
4 -2 14 -20 -2 0 2 -7 15 32 0 4 2 4 5 -1 1 -19 23 -3
-4 7 4 22 -27 9 33 -54 11 4 -20 9 2 0 -3 -3 6 -46 1 10
-11 -7 8 7 -19 4 18 -11 2 22 11 -16 2 -1 -10 13 -4 16 15 14
-17 5 7 -9 0 3 7 18 -3 -6 12 -3 -33 24 -2 -11 14 9 15 4
7 -8 -6 8 -10 -1 -3 8 -4 9 -100 -22 -8 0 -10 1 0 3 15 -24
10 17 21 -6 20 -22 12 14 -11 17 3 9 -6 12 13 -5 27 -62 -10 -1
4 -19 -8 -10 -9 9 16 -8 3 -7 4 -9 13 3 -4 -1 3 7 4 -10
0 -1 -1 0 0 1 2 -2 -3 1 2 0 0 1 2 0 0 1 0 -4
-1 -2 -21 4 -1 0 -1 1 -7 2 2 -13 -1 -1 -6 2 -2 -2 -4 -1
-3 -18 -1 -4 -6 -3 -4 4 -5 -9 9 -1 -4 3 1 -2 -1 0 -2 2
-3 2 3 1 -3 -5 0 -1 -7 0 -1 1 -1 1 0 0 -1 1 0 -2
3 -2 2 4 0 -4 -1 0 -3 -3 0 -2 -1 -3 1 -4 -1 1 -1 1
0 0 3 -2 -2 -2 4 2 0 -2 -1 0 -1 0 0 2 0 1 3 1
-2 9 -3 0 3 1 0 1 0 -1 3 -1 2 -1 0 -2 -1 0 -2 -3
2 -1 2 -1
