-2 -2 0 -2 -1 0 -4 -2 0 0 -1 -1 -2 -2 1 0 -3 1 5 -1
0 7 5 -1 7 13 6 -2 2 -13 3 18 11 -1 18 2 1 2 1 0
-2 -1 0 1 0 -11 -1 -6 -9 3 -5 -7 -7 -10 -15 23 15 26 15 7
8 -8 -36 2 -5 0 1 6 1 0 -2 -1 1 0 -1 2 1 -1 0 2
-1 3 5 4 2 6 5 8 12 6 1 10 1 0 8 9 -3 -4 4 3
-10 -2 7 9 12 -9 2 -8 1 0 0 2 1 0 1 0 0 2 6 11
-2 -5 3 9 10 3 3 19 10 7 13 17 -6 4 2 -1 -3 -2 -6 -7
5 1 -3 4 4 9 4 -3 5 -2 1 10 2 -7 -5 -6 -8 -5 -7 -11
-5 -6 2 -2 -4 36 -10 -1 12 0 1 6 37 0 7 40 17 -6 -4 9
-1 -1 -1 -1 -2 -1 2 -6 2 -3 0 11 2 4 10 -3 0 12 -10 -13
-5 -14 31 -6 -12 -6 4 -14 -12 -1 -33 54 23 -15 13 -8 -8 -12 -19 20
16 8 6 22 7 7 8 4 -2 1 2 5 9 13 -9 -7 -8 -7 -3 -4
-7 -4 -1 -3 19 -1 1 11 3 -6 -4 -3 1 3 2 -1 0 0 -1 1
1 0 -1 -3 -7 3 11 -21 -13 -9 4 3 -5 14 -16 -1 5 4 -1 0
-1 1 -1 -1 1 -1 0 -5 14 7 11 3 -2 9 10 2 9 12 7 8
7 6 9 2 -2 5 12 3 12 0 -1 6 5 3 0 1 -1 1 1 -1
0 1 -1 1 7 5 9 6 2 8 4 2 5 0 -6 -7 -4 -6 -7 -3
-9 -12 7 2 -2 7 3 3 9 9 8 6 6 9 4 5 4 7 9 10
0 -2 -1 0 -6 -1 -1 1 0 0 -1 2 -2 6 0 0 3 1 -4 -2
0 -4 -4 0 -6 -7 -2 -15 -25 -17 2 -11 2 29 47 46 7 0 -3 24
-3 2 11 0 -1 8 5 14 10 20 16 4 3 -10 0 2 0 1 1 2
1 0 1 -1 -1 0 -1 -2 0 0 0 -1 1 3 5 3 5 8 8 10
12 1 1 0 6 -6 1 1 1 0 21 23 17 8 -3 4 2 -5 -4 -2
-1 0 -2 0 1 -1 0 1 1 1 1 1 1 0 0 0 1 0 1 -1
-1 -1 1 1 6 0 6 12 8 2 -2 2 2 5 11 4 23 19 -10 1
4 -5 -15 -17 -5 -4 -6 -8 -3 -4 -11 -9 -8 0 -3 -2 -2 -3 5 -3
1 -2 -1 1 0 1 3 1 -1 1 -2 5 9 5 1 5 2 -3 -3 -1
1 1 0 -2 11 -10 1 1 -2 -23 2 -8 14 34 40 -1 32 19 -5 1
-10 -8 -2 -7 -5 2 -9 -2 0 -8 -3 10 6 -3 1 6 0 -2 0 2
1 -24 1 2 -6 6 7 7 6 -2 6 6 7 6 -14 22 -10 -21 66 10
-12 35 0 -4 -9 -10 7 1 -6 -1 -5 -13 2 0 -1 2 1 3 1 1
0 10 9 7 3 -5 4 10 2 5 0 1 -2 -1 -2 -2 2 2 3 -1
-3 0 -1 8 3 3 1 1 0 -1 -1 0 -6 8 2 0 0 0 1 -1
0 0 -1 0 2 -2 -1 -3 -1 4 4 4 5 6 7 3 1 -1 8 1
1 5 0 1 9 7 10 6 5 8 3 7 5 0 0 0 2 0 -1 0
0 -2 -12 -31 18 26 -53 -34 44 34 -37 0 4 -1 2 11 4 1 9 0
5 7 7 3 2 8 7 6 10 2 -2 4 5 -3 0 6 19 3 0 0
1 -1 1 2 10 12 9 -6 -7 -9 -8 -9 -15 -9 -8 -13 1 0 1 1
5 0 2 -1 1 9 7 12 17 18 20 11 7 14 -7 -4 -11 -6 -3 -10
-7 -4 -11 8 26 -36 46 61 2 -28 5 -51 7 6 4 6 0 8 7 0
5 -1 1 2 0 6 1 -2 1 2 -7 -16 -1 -13 8 -13 -16 -24 -1 -7
-4 -6 -6 -6 -6 -10 -5 -9 9 10 11 9 4 9 5 8 8 -1 0 0
0 -1 3 -1 0 0 6 0 7 6 -6 4 10 0 4 7 7 6 6 6
5 6 4 6 0 2 -1 0 4 -1 -2 -4 -2 0 -2 1 2 -4 4 4
-1 2 -1 -2 0 1 1 -1 3 5 -2 0 3 1 4 5 2 2 5 3
4 5 6 -3 4 9 -1 4 11 8 7 8 8 5 6 5 4 3 -7 13
-2 38 39 -19 -35 -32 -21 -1 -12 1 -3 -4 -5 -10 -15 -7 -7 1 -4 12
16 11 -8 7 0 -2 2 -2 3 0 -3 -16 -5 -12 -8 -9 -7 -4 -8 -5
-8 -10 -4 0 0 0 -1 -3 -1 -2 3 -1 -2 -11 -2 -1 4 22 8 8
-15 -1 -4 -1 3 4 2 10 8 10 -1 1 0 -2 -1 -1 -1 -1 -1 3
-1 -3 13 2 -2 5 -3 -3 12 7 11 0 -4 9 10 -10 -5 3 -2 -1
1 3 4 -3 -4 -2 5 8 7 2 6 6 8 8 10 0 4 -2 4 7
5 10 12 10 4 -7 -7 -14 -27 -21 -3 -23 -10 5 3 2 6 2 7 5
2 6 -1 -5 -3 3 3 -1 1 2 1 3 -3 6 6 4 12 14 0 10
1 -3 -2 -5 -5 3 -3 -7 1 -9 -10 1 21 -6 -13 1 -16 -11 -1 -1
0 0 0 -1 0 0 -1 -1 -2 -2 -6 -7 -3 1 2 1 0 1 0 0
0 0 2 7 0 3 8 1 6 8 4 3 5 2 6 7 5 9 4 6
7 5 5 8 5 5 6 6 0 6 2 2 6 3 1 6 3 3 6 2
3 0 0 -2 1 2 -4 1 1 -2 1 0 -1 4 5 -1 2 1 -1 11
4 5 10 -8 8 14 7 4 2 6 -3 -2 21 -9 -3 16 2 -3 9 -1
-8 7 33 -8 7 4 5 6 7 10 1 6 6 4 7 4 7 1 9 8
4 6 7 5 1 -1 -2 0 0 3 -2 -5 -2 1 2 1 1 1 -1 2
1 -2 7 4 -1 5 -8 -9 0 -2 -2 -5 -8 5 -8 -20 -3 -16 -19 -5
-4 0 0 -2 6 -5 -6 -1 0 -2 1 -1 2 8 1 -1 2 1 3 3
0 8 4 7 4 5 5 1 0 -2 -3 -2 -3 -2 -2 -1 0 1 1 -1
2 3 0 0 1 -1 0 -1 -1 -1 -1 -1 0 0 3 2 2 3 3 1
9 7 10 1 1 -1 10 -5 -3 0 -1 0 0 -1 1 -1 7 0 1 -1
1 -4 -1 -1 -1 0 -2 2 1 -1 0 -4 -1 2 1 -5 -1 1 3 -33
-127 -49 13 47 -32 -36 40 -54 4 3 5 6 5 7 7 5 4 0 1 0
0 1 1 0 1 1 -10 -25 -1 -6 -14 -6 -4 -1 -1 -5 -9 -4 1 -6
-5 -6 -11 -9 10 6 7 4 1 2 8 2 5 1 2 0 -9 6 1 0
2 0 0 1 0 1 -1 3 1 -1 2 9 3 10 7 2 6 8 5 6
-1 20 -1 -2 -10 -2 1 -1 -7 -6 -7 -4 1 1 -14 -3 -5 -13 4 3
8 4 21 17 10 20 -11 -2 0 1 -4 -2 -1 -2 -1 -2 4 10 7 8
13 10 2 9 1 5 11 -1 -1 10 5 -7 3 -3 -6 -6 -8 -5 -5 -12
-7 -3 -15 6 10 9 3 -4 2 5 4 5 -1 -4 0 1 -2 -3 1 0
-1 -1 3 1 2 6 -5 -1 -4 -1 2 -5 0 -4 -3 0 -2 -1 -2 -4
-2 -2 3 3 -1 -2 -7 -2 -38 -28 -27 29 47 -19 32 60 8 -12 -5 -21
26 31 -12 9 -4 -27 -3 -3 -3 -2 -4 -1 -3 -2 -3 -34 -19 0 23 -112
-3 21 -54 -7 -3 -2 -2 0 -3 -3 -4 1 -1 -2 1 1 -3 7 2 -1
0 3 6 15 12 6 14 1 -6 -1 1 0 -1 0 0 0 0 0 5 1
42 2 -26 56 -38 -27 -41 -25 22 -2 -1 -1 -1 -2 -2 -4 -4 0 -1 -1
0 -1 -3 0 0 -3 -1 -2 -1 0 -1 -2 0 -1 -1 -1 0 -2 -1 4
-1 1 0 18 2 -10 -2 -13 28 51 -7 -25 9 0 -6 -6 -4 -6 -2 -3
-6 -4 -5 -15 4 -14 0 -30 -15 14 63 -11 0 0 0 0 0 1 0 1
0 0 4 -2 -1 -4 -1 0 2 1 6 8 6 6 3 1 9 5 7 -8
-6 -2 2 0 -3 -11 -6 -6 4 3 3 5 8 7 7 2 5 1 -4 0
-1 8 0 -3 0 2 1 -1 0 4 3 2 -1 -4 -3 7 5 7 4 1
5 4 4 4 13 9 5 6 15 3 -1 3 1 -1 -2 0 0 2 -1 -2
-3 -3 3 -9 -9 28 20 16 -9 3 -12 14 6 12 5 1 5 5 2 8
11 7 6 8 8 3 7 9 4 4 17 -1 -2 -4 2 -1 1 1 2 10
-5 2 20 5 4 15 -1 1 9 -3 11 6 -2 7 7 0 -2 -2 0 1
-3 -2 -5 -6 -2 1 -1 -2 2 3 -2 0 0 -2 6 9 7 3 6 4
12 9 9 5 5 -6 2 -8 -3 -4 -2 -2 -7 -16 -5 -17 -8 -30 -10 7
10 -8 3 -2 -3 2 -2 -20 -14 -15 -1 -1 -1 -2 -3 -1 2 2 2 0
-8 0 6 39 1 -2 3 -3 5 2 4 4 3 5 5 3 3 -6 8 -3
-10 17 -17 21 14 16 5 1 0 6 10 17 5 3 2 -1 0 -3 1 0
-4 0 1 -3 29 -18 -20 -34 -32 17 -1 -8 62 -1 1 -1 -1 1 0 -1
1 0 -1 -2 -4 -4 -5 0 -1 -1 -3 -2 1 -2 1 1 1 -3 -4 -3
-6 -9 -8 -4 -7 -8 -11 -9 -12 0 0 1 -2 0 3 1 -1 1 6 6
8 3 -1 5 5 5 7 3 4 7 2 7 12 9 10 12 26 -18 8 72
24 3 59 -12 -14 3 1 1 5 -2 0 4 0 0 5 1 4 -2 -2 18
2 -3 17 2 -2 0 -8 -4 1 3 -1 -1 -16 -1 -2 33 0 -18 38 -4
-36 4 6 13 -1 -5 29 -6 3 6 -6 -10 -12 -10 -6 -3 -6 -2 1 -2
5 3 3 13 7 -1 -1 -8 1 0 1 1 0 1 1 0 0 0 0 0
-1 -1 -1 1 0 1 -1 -3 -1 -1 7 1 7 16 3 3 3 -1 -11 35
0 15 -7 -10 3 4 4 4 5 8 6 8 6 -1 -12 -3 1 -15 -9 -2
-14 -7 3 3 1 -3 15 -3 -1 5 0 -1 -1 -2 -1 1 -5 -3 -2 -1
0 -1 1 3 2 -1 2 1 0 5 2 8 3 6 7 7 6 7 0 2
1 -1 -1 -1 -1 6 0 3 -1 -3 1 -4 -4 2 5 6 6 4 4 4
2 6 6 6 6 1 3 5 1 2 6 4 6 9 -1 -2 0 -1 0 1
-2 -2 -1 -5 -11 -10 -11 -6 -10 -8 -14 -8 -1 -1 1 0 -3 1 -1 0
0 1 -5 0 0 -2 -1 0 -1 0 -2 -11 -12 2 1 -10 -3 3 3 -1
-3 9 10 13 13 4 1 7 3 -5 -3 -5 7 4 0 7 0 -1 -4 -1
-1 -3 -1 -1 0 0 5 2 12 3 -1 6 5 2 12 2 -4 0 0 -2
-1 -1 1 -1
