-26 -14 0 -68 -26 14 -30 -13 -1 -7 -7 2 -4 -10 -1 6 -1 1 -8 -7
1 -3 -3 -3 -3 -6 -6 0 -11 -6 6 -8 -8 -1 -12 -5 -2 -6 -1 8
14 -3 1 0 -7 1 2 1 3 6 11 -3 -2 -2 8 1 3 1 3 3
-12 -9 -6 -3 -1 3 -1 -2 2 -4 -6 -5 -4 -8 -3 -14 7 -6 -1 -14
-5 -19 -4 -3 -66 -74 -2 -19 -5 -6 6 -2 2 12 2 11 4 -5 -3 32
-20 -1 85 -19 -9 26 -21 -8 2 -3 -3 -2 -2 -1 3 -7 1 -1 1 3
1 -2 -1 2 0 -1 0 -4 -4 -7 -12 -9 -9 -9 -3 -6 -4 -9 -5 -8
-1 -4 -3 8 0 2 1 -1 -2 -2 1 0 3 -5 -1 -3 -12 -29 -9 17
30 12 -3 -1 -1 -2 -2 -2 0 0 -1 -1 2 -3 -3 -1 -4 4 4 -3
0 -2 0 -1 -1 -3 3 4 0 -3 2 1 -1 -1 1 -1 0 2 1 5
1 1 5 -1 6 8 3 1 -1 1 -3 -5 -5 0 -1 -1 -3 -2 -2 -4
-3 -1 -3 -2 -2 2 2 1 -1 2 -1 -4 -1 2 0 -1 0 -2 -2 -1
3 4 6 1 1 1 -1 -3 -3 3 1 -4 -1 -1 -1 -1 -1 -1 3 3
3 -4 -9 -1 7 -1 6 14 45 10 1 -2 -2 5 5 4 0 -43 -1 -2
-4 -3 1 0 -2 -12 -30 -9 -1 -3 2 -1 -1 1 -1 -3 1 0 -1 3
-1 -2 1 0 1 2 -1 1 4 -2 0 2 -1 0 1 -1 9 1 2 20
-2 1 11 -1 0 1 5 0 2 6 -1 0 7 -1 0 -1 -2 -1 -4 -1
0 -2 1 0 3 1 -2 4 -2 -4 5 -2 0 2 0 0 1 -1 -1 1
-2 -2 1 0 -1 3 0 -1 1 0 1 0 0 1 -1 1 0 0 -1 -3
2 -2 -4 -11 -2 -4 4 1 0 1 2 2 2 1 0 0 0 -4 2 0
-4 4 0 -6 5 0 1 0 0 -1 -1 0 1 0 -1 -1 0 0 1 3
-1 -3 1 0 2 1 -1 -2 2 1 -1 1 1 0 0 -1 -4 -3 2 2
2 -4 -8 -3 -1 -3 -1 -1 0 -2 -1 0 0 0 0 0 1 1 1 0
0 0 0 -2 -2 6 4 2 -1 -1 -1 1 1 -1 3 5 3 -1 0 -1
0 0 0 0 -1 1 0 0 0 0 2 0 0 1 1 0 0 1 0 -1
0 2 2 2 0 2 1 -2 -1 2 0 0 0 0 0 0 0 1 1 -1
-1 2 -1 -2 -2 -1 -3 -1 2 2 4 -1 0 1 -1 -2 -2 1 0 -1
1 0 0 0 -1 -1 0 0 1 0 -1 0 2 2 2 0 -1 -1 0 -1
-1 4 8 4 2 -1 1 2 6 1 3 12 4 -1 -4 0 4 0 -1 7
2 -2 5 1 -1 1 -1 -1 0 -1 -1 1 1 0 -1 0 0 0 0 0
0 0 0 0 0 0 0 0 0 0 0 0 1 0 0 0 1 0 0 0
0 -1 0 1 -1 0 1 -1 -1 0 1 1 0 0 0 0 1 -1 -1 0
0 0 1 0 0 -1 -1 0 -3 -4 0 -5 -16 -1 -3 -4 0 -1 -5 0
-2 -9 -1 -2 -5 0 1 -1 0 2 0 0 1 -1 0 5 3 1 10 7
1 6 4 2 1 0 0 1 -2 0 1 -2 0 0 0 0 0 1 0 0
0 0 0 0 0 0 1 0 0 0 0 0 0 1 0 -1 0 0 -1 0
2 3 1 0 -1 -2 0 -1 -1 1 2 1 0 0 -1 1 1 0 -3 -6
-2 0 1 0 1 1 1 -1 1 0 0 0 -1 1 0 -1 -5 -9 -3 0
1 1 1 1 0 0 1 0 -1 0 0 0 0 0 7 12 4 6 11 3
1 1 -1 -1 0 -1 -4 -16 -3 0 0 0 0 0 -1 -1 -1 -1 -2 -1
-1 0 1 0 -1 0 0 -1 0 0 2 2 1 -2 0 0 -1 0 1 1
2 1 0 -1 -2 0 0 -1 6 8 4 0 -1 0 -3 -3 -2 0 1 0
0 0 -1 1 0 0 -1 -1 0 -1 -1 -1 -2 -2 -1 0 0 0 -2 -2
-1 -1 -1 0 1 0 1 1 0 4 1 -1 2 0 0 2 0 0 1 1
0 0 -1 0 -1 1 1 0 0 0 0 2 -6 -2 3 -13 -3 2 -8 -3
0 0 1 1 0 1 0 -1 -1 2 2 1 2 4 10 2 2 2 1 0
0 0 -1 2 -1 -2 2 0 -1 0 0 0 1 1 0 0 -1 -1 -1 -1
-1 -2 -1 -1 -1 1 -1 0 0 -1 0 0 0 0 -1 2 7 0 3 16
0 3 8 0 0 0 1 0 1 0 -1 0 1 0 1 0 -1 3 -1 -3
4 0 0 0 0 0 0 0 0 0 -1 0 0 0 0 0 0 -1 1 0
0 -1 0 0 1 -1 -1 1 0 -7 -1 -2 -11 -2 -1 -8 -2 0 -1 -1
-1 0 0 1 0 0 1 -1 -1 1 1 0 1 0 -1 2 -1 -1 2 -1
0 2 -1 0 0 -1 -1 2 1 0 1 1 0 0 1 0 0 1 1 1
1 1 1 0 0 0 1 0 -1 -2 -1 0 0 0 0 -1 0 1 1 0
1 3 0 1 9 1 1 3 0 -1 0 1 -1 2 2 -1 -1 2 0 0
0 -1 0 1 0 0 1 -1 -1 -2 -4 -4 -5 -1 -2 -4 0 -1 0 0
0 0 -1 -2 0 1 1 0 0 0 0 1 0 0 1 0 0 1 0 0
1 -1 -1 1 3 0 0 -1 -1 0 0 0 -2 -2 0 -1 0 0 0 0
-1 -1 0 0 -1 0 -1 0 0 1 0 2 1 1 2 1 -1 0 -1 2
1 0 0 1 0 -1 1 0 2 3 1 2 7 1 -1 -2 -1 0 0 1
0 0 1 0 0 1 0 -1 1 -4 -10 -3 -3 -4 -3 -1 -2 -1 1 3
0 0 0 0 0 -1 0 1 0 0 1 1 0 0 0 0 0 0 0 1
0 0 0 1 2 -1 0 0 -1 0 -1 0 -1 0 0 0 -1 0 0 0
-1 -2 0 -6 -10 -5 1 1 1 1 1 1 0 0 0 0 0 0 1 2
1 1 -1 1 0 1 0 1 1 1 0 0 0 -1 0 0 0 0 0 -1
-2 0 1 -1 0 -2 -5 -1 4 6 0 11 16 6 0 -1 0 0 0 0
1 0 0 1 1 1 0 0 -1 -1 1 -1 0 1 -1 -1 -1 0 -1 -1
0 0 0 0 -1 0 0 0 0 0 1 2 0 0 1 -1 1 3 0 0
0 0 -1 -2 -1 0 0 -1 0 0 0 0 1 0 0 1 0 0 1 1
-1 1 0 0 2 0 0 1 1 -2 0 -1 2 2 1 0 0 -1 0 0
-2 0 0 0 0 0 0 0 0 1 2 0 0 1 2 0 5 10 4 2
7 3 0 -1 -1 0 5 1 -5 -12 -3 -2 -3 -1 -4 -19 -3 -9 -9 -5
0 -5 -1 1 -18 0 0 -8 -1 -1 -1 -1 -2 -1 0 0 0 1 -1 -1
-1 -1 -1 -1 -1 0 0 -1 -2 -1 1 -2 0 -1 -3 -1 1 0 0 0
0 1 1 0 -1 -1 0 0 1 1 3 0 -1 0 0 -1 1 0 -1 1
-1 -3 -1 -1 0 1 1 0 0 -1 -1 0 -3 -3 0 -9 -19 -1 -4 -4
0 -8 -5 0 -17 -26 0 -11 -6 0 1 -2 -1 4 0 3 2 -1 1 15
0 -2 28 4 -3 16 1 -1 0 0 0 -1 1 1 -1 0 -1 0 -1 1
0 0 0 -1 -1 0 -1 0 1 1 1 0 2 -1 1 -1 -1 0 3 0
0 -1 -1 0 -1 -1 0 0 -1 -1 2 3 2 0 2 0 5 8 3 5
6 2 -1 0 0 1 1 0 0 0 0 0 -1 -1 0 -1 -1 0 2 0
0 0 0 0 0 0 0 0 0 0 0 1 -1 1 1 -1 0 0 0 1
0 -1 0 0 0 0 0 0 0 0 1 0 0 0 -1 0 0 -1 1 -1
-1 0 0 1 1 0 0 0 -1 -1 0 0 1 0 -1 0 0 0 0 1
2 2 1 1 0 0 1 0 0 1 1 1 0 0 0 -1 -1 0 1 2
1 1 2 0 0 0 -1 0 1 1 0 1 0 -1 -3 0 -4 -5 -2 0
1 1 -6 -12 -4 -2 -2 -1 -1 -2 0 0 -2 3 -1 -2 0 -1 -3 -1
-1 -3 0 1 1 1 0 0 -1 0 0 0 -1 -1 1 1 3 -7 2 6
-13 2 6 -8 0 -1 -2 0 0 -1 -1 0 -3 0 4 8 1 4 25 1
6 9 2 0 0 1 -1 0 -2 -4 -3 0 0 0 0 -1 1 -1 -1 -2
0 -3 -3 0 -4 -3 -1 -2 -2 0 -1 -2 -1 -1 -1 0 0 -2 -3 0
6 0 3 37 -2 1 9 0 -1 0 2 0 2 1 -1 1 0 -1 0 0
0 2 0 -1 -2 0 0 0 0 0 0 0 1 0 -2 -1 0 0 0 0
0 -1 0 -1 -2 -2 1 1 1 -1 -2 -2 0 -3 -1 -2 -1 -1 4 9
3 -1 1 -2 15 30 12 -4 -6 -2 -1 -3 -1 2 1 2 2 1 0 3
2 -1 -1 -2 -4 3 3 2 -1 -3 0 -1 -2 -1 2 0 1 -1 2 4
-2 3 4 -2 2 3 7 10 5 0 -4 0 2 4 3 -3 -4 0 -2 -2
-2 0 -1 0 -1 -2 2 -1 -1 0 1 2 1 -1 -1 1 -2 -3 0 2
3 1 -2 0 3 -1 -2 2 1 4 4 0 -1 -1 0 -1 -1 -1 1 0
-1 -3 0 1 -2 1 1 5 2 2 8 2 2 -10 -2 2 -3 5 -1 2
0 -2 -8 -1 4 5 2 1 -3 4 -11 -39 -8 5 15 2 -2 0 -1 -2
-2 -2 -1 -2 -2 0 -1 1 -4 -3 -2 0 0 0 -5 -31 -4 1 2 1
2 2 -2 -1 -1 1 -3 -1 1 -1 2 -2 -1 -2 0 0 8 -1 -1 -2
-1 -2 -1 -1 -2 -1 -2 3 3 2 20 51 8 3 0 0 0 -3 -1 -4
-5 -4 -4 -24 -7 -3 -4 -3 -2 1 -2 -1 -1 -3 -2 1 -2 1 5 0
-1 1 -1 -2 -1 -2 -2 2 0 -4 1 -2 -1 4 2 1 -2 -3 -1 -3
-4 3 -1 0 -7 -15 -6 -10 -9 -4 -2 -1 0 2 3 4 1 3 1 4
4 1 -4 -1 -3 -2 -3 0 -1 0 -1 0 1 0 -4 -5 -3 -2 1 -1
1 -3 5 -1 -4 -3 -1 -3 1 -4 -7 -3 4 -3 -1 5 4 7 -1 1
5 -2 2 4 -3 -3 -4 0 8 -3 6 42 -6 2 16 -5 2 -4 1 4
6 11 -1 -1 8 -2 11 17 -3 18 127 -4 11 19 2 0 11 4 -2 8
-8 -17 -4 1 -5 1 0 -4 -3 -1 2 2 1 -6 6 1 -3 10 -1 -5
8 -3 -9 5 -5 -10 0 -5 -10 0 -2 -11 2 1 -8 -15 -6 -14 1 6
4 4 11 4 2 4 3 1 0 -7 0 -1 -6 0 2 -5 0 0 -1 -3
-1 -2 0 -2 -5 1 0 4 6 3 4 5 -4 -7 -9 0 5 11 6 -3
3 0 -5 -5
