-3 26 -29 0 -28 -52 15 17 39 -2 -29 -10 29 -68 -34 -16 -16 -41 29 -23
43 8 29 18 37 4 17 35 -24 -5 14 -30 -24 58 -35 -3 35 4 23 25
-45 -5 3 -11 11 -12 44 -38 21 -12 61 15 -13 22 1 -25 49 -38 30 18
-23 25 9 28 3 21 -38 -29 20 -25 35 83 13 -60 19 -27 -20 -20 20 -8
27 32 32 -24 26 11 -7 -20 36 -17 -10 31 8 9 9 40 -36 21 -33 16
-30 -11 0 -38 14 -8 -25 -35 6 35 65 -32 -31 21 -24 -12 -24 8 25 -7
15 8 24 34 -42 0 -34 8 -20 11 15 11 -19 -15 -42 38 3 -42 36 -12
8 -19 -10 20 15 39 -16 -46 -12 -42 81 -33 18 -13 40 -37 -5 44 -33 -18
36 63 11 52 -30 -50 46 36 42 -40 65 8 22 13 -10 -22 2 11 -3 -49
-4 -25 -18 -8 -29 -18 -36 0 25 -12 31 19 31 18 18 -9 18 -39 -33 28
37 -17 -14 4 18 33 -3 33 -25 2 6 -41 29 4 20 -16 18 -39 21 20
33 -15 15 -10 -2 -23 10 37 -28 26 10 -41 -3 3 42 -31 2 1 -3 13
-8 0 23 -10 -24 9 -29 45 -15 -28 -31 32 -8 -16 21 -1 -30 22 0 3
-45 -3 15 -11 11 14 -8 9 -54 3 22 -16 1 1 -1 1 6 8 -17 2
1 9 2 23 35 -6 -9 21 5 -14 36 19 -21 -4 -23 -15 -7 -5 -2 -9
-9 7 32 25 10 4 37 2 -2 8 11 -24 -10 22 -14 -5 13 8 -18 -22
9 2 -19 -4 -34 -11 12 15 -5 -35 -15 -12 -20 -15 -10 1 3 -20 -7 5
-11 -5 2 -2 -15 -9 5 -8 -69 -13 14 -13 0 13 -8 -6 -31 -13 14 9
-7 -2 -19 11 -12 -7 13 -36 -12 13 1 8 -8 7 2 -4 7 23 -25 -4
-21 -20 8 17 -3 -4 19 12 10 20 -29 18 16 -3 30 3 -9 25 -6 -7
-11 -29 25 2 17 15 -17 -26 -29 -12 8 2 1 8 -24 24 -19 -20 -19 0
-27 -18 15 -24 16 -4 7 -25 23 22 -44 29 26 15 18 30 -17 8 7 40
16 13 15 9 -21 25 21 -24 14 -29 9 -21 -7 -41 2 9 23 -11 12 11
5 21 -18 -24 -14 -23 25 -32 -27 5 -10 -8 -5 -2 -2 1 5 27 -13 -27
17 18 1 3 3 25 -24 21 21 -4 15 35 -19 16 0 15 13 13 -26 -33
26 -7 6 8 5 -2 5 -27 9 27 -25 12 -39 10 -42 -20 20 3 -35 -29
-11 7 26 -22 38 22 4 11 2 8 -10 -17 23 -23 18 -55 -14 -25 -25 -41
-49 -31 -21 -39 40 -30 -21 6 -26 35 13 30 -32 31 17 -43 -11 36 -24 -24
27 -29 19 4 -24 -16 46 50 28 -50 10 -6 18 -20 71 51 -30 13 -11 23
-24 -1 3 -2 6 -17 -32 39 24 31 -1 -2 -15 13 -19 19 -22 5 55 22
37 5 -28 -31 43 10 -28 13 -11 32 -10 -35 -5 6 4 -8 -3 -30 -25 40
-35 -20 -21 11 42 10 18 44 -12 8 15 16 16 -16 -7 -11 -48 -9 -27 -48
3 -17 16 6 -22 4 21 30 -14 -14 1 6 -4 21 25 -2 -11 17 -37 -12
-19 -9 3 44 -5 5 -6 38 24 1 24 -5 -11 5 -16 4 37 -8 -24 -15
8 -8 -20 12 -2 13 21 -11 14 2 -8 15 25 4 -18 14 0 -19 4 11
17 11 3 22 -27 24 -20 -18 -8 25 -20 -6 14 -16 -1 19 20 -5 5 -22
30 -8 -13 -9 16 -15 -21 -22 -13 -2 -30 -23 19 6 6 14 9 -1 -19 -25
38 -11 14 -20 17 7 0 -11 33 2 7 -19 0 -7 17 12 5 -17 13 -24
-10 10 -24 -44 11 14 -5 -18 -1 -7 17 4 22 -9 -22 15 -2 -12 9 14
11 -59 -11 10 -4 5 -7 -24 -10 -28 -11 15 -14 -36 8 18 -12 33 -14 2
-22 37 -10 -25 0 16 -9 19 2 17 -23 9 -10 15 51 -22 2 34 19 -17
-12 -13 -10 -22 -4 -5 -12 16 -19 -23 -26 -10 -2 -15 -4 8 -21 -14 -17 34
12 -44 15 1 33 27 32 -36 15 1 -27 -14 7 -12 -12 4 2 5 -32 14
31 -17 -16 18 -28 -16 17 0 -45 -28 -25 2 18 -19 23 6 -7 21 57 -24
-14 1 -4 58 -11 -31 -31 10 -21 13 -5 22 -20 -23 8 -4 -1 -4 -11 -9
17 -2 -12 3 -3 4 18 -12 11 -11 13 -7 7 -8 -8 11 14 7 1 4
7 10 -4 -25 0 10 10 -5 -3 8 -1 -25 42 0 -10 13 -8 46 14 -19
-18 15 24 8 9 28 -5 -1 0 -26 -22 -2 -2 12 6 -8 32 13 -26 -20
-1 -12 10 -14 17 1 -6 27 -1 -25 -10 15 13 44 -10 12 0 13 11 10
8 -10 4 18 -20 -11 -5 2 25 -3 11 4 16 30 -5 -18 0 -22 -21 -23
23 12 -1 3 -14 18 -2 3 2 27 -21 22 18 14 20 2 3 1 20 -23
-13 17 13 14 -13 -2 -6 -3 10 3 3 6 -3 -1 1 8 14 0 12 -8
7 -3 24 1 7 0 -1 35 -16 -11 -15 1 2 0 -15 -3 5 -14 5 -11
7 15 -2 0 7 11 7 15 -3 -9 -17 -17 -7 45 -15 0 -3 14 -16 -3
-8 10 1 -9 15 9 -68 -32 16 2 16 -11 6 51 -3 10 2 -3 4 7
-1 -25 -6 -2 -9 -17 13 0 -10 -2 6 -6 8 8 -12 18 31 19 18 10
-2 -8 -16 17 -50 0 2 -13 1 -2 -11 8 0 9 -4 9 -2 -13 -17 1
-8 3 -9 -5 -7 12 -3 -2 0 -8 9 4 -13 -34 -17 12 28 -15 -3 7
13 -5 8 -6 16 -19 -9 0 -7 8 -29 15 12 12 8 -24 -22 8 -21 -13
-8 -5 0 8 19 -5 8 25 19 5 7 10 10 -37 3 12 -5 18 46 13
-4 13 -1 -7 12 -19 6 -13 -5 8 8 11 -1 -3 17 4 -15 3 -2 12
6 16 7 13 -21 -27 9 -3 28 29 27 -5 -10 3 -18 -10 -6 15 7 -6
-2 -9 -3 -7 -11 -1 14 -12 -5 -25 -9 6 -23 -31 -19 -21 -6 3 -5 -57
19 5 17 -2 9 -3 -8 29 12 -8 19 17 1 -10 44 5 -15 -1 6 4
-24 10 -22 21 -22 7 19 19 47 12 -27 -8 26 -71 6 23 -10 -53 33 2
-28 7 11 47 34 -16 12 2 -8 32 29 23 -10 37 7 11 -2 -36 28 -6
31 -13 15 0 13 -41 96 31 30 33 -6 28 -14 8 -46 -11 24 26 0 8
20 14 24 10 10 -26 -34 23 39 9 19 26 -11 -14 43 13 -20 -3 5 -16
-11 33 -27 25 18 34 9 36 17 -27 -11 -30 -23 37 2 -24 4 -43 -1 25
-31 -34 -27 -23 21 20 -39 5 25 23 20 47 -59 31 -61 10 -22 12 60 36
-27 -43 33 -29 23 5 23 64 18 29 24 17 -12 -22 3 -24 -5 38 1 -21
44 1 9 18 0 -31 34 -26 25 14 9 23 -29 12 -4 -24 -29 -8 10 -4
29 -3 29 34 -26 29 -4 28 -37 -31 -9 14 1 -6 -8 6 15 -8 0 -2
23 8 0 10 -7 -5 -1 -33 -27 3 -33 2 19 -32 8 14 9 -14 -14 -3
-14 56 13 -6 -41 -22 21 -28 24 -34 -28 -8 10 0 -1 5 -7 35 26 -5
-7 21 -30 21 -3 -21 -13 13 -27 -18 32 32 26 2 -37 44 11 21 -19 -14
0 12 14 10 -11 -15 -5 32 20 -9 2 -13 1 18 -7 -15 39 21 -5 11
0 -22 16 4 -34 4 -12 -20 36 8 40 -29 3 -15 -8 -32 -35 4 -19 -35
28 -28 27 36 -19 -6 0 8 1 30 -19 17 -2 -34 -15 19 -5 0 -19 -13
4 13 25 -33 35 -23 -15 15 18 20 18 -2 9 -7 -1 35 -7 -17 -21 10
-13 -12 8 34 -5 8 -1 14 -9 -10 -25 0 -13 26 15 20 -27 7 14 17
8 -10 -36 15 22 -2 -18 10 9 -44 -33 2 38 38 17 -25 -36 -33 -1 5
-22 19 15 25 13 -26 25 4 28 21 -20 43 -14 37 -3 -8 -1 12 -26 -13
-21 18 -29 -4 -44 -20 37 -40 66 -26 38 33 20 0 -5 40 -26 25 10 21
33 48 -38 29 32 -25 -34 -24 5 22 -8 32 -11 31 -25 2 33 -12 -27 44
45 -34 -2 -6 27 45 -21 -11 -21 44 -37 5 -7 39 8 2 15 38 42 -8
-31 21 3 -54 -43 -34 7 -14 48 17 18 30 -45 43 33 -26 29 -10 3 14
6 -37 -10 -44 -31 -29 -35 3 7 43 45 21 11 2 28 -2 -4 79 -15 30
-27 -10 -22 -23 -34 30 -28 21 6 -5 19 5 4 -9 -9 21 32 14 -32 -19
49 -13 -36 -41 37 29 19 -6 33 -36 37 8 30 -20 -13 16 -6 9 -1 3
-22 -6 -14 17 19 -22 8 0 -14 2 -50 -17 -18 0 12 3 -22 5 34 4
-20 -6 -15 -26 13 10 -10 -2 12 -17 21 15 20 11 37 -38 6 17 -5 22
12 10 -2 -1 16 -19 -11 9 -12 -1 -5 0 8 -21 39 5 12 13 19 15
15 6 -22 16 -16 -8 -5 -2 3 33 -2 15 -12 0 -9 -9 -9 5 -20 4
16 23 15 -22 15 -14 -9 17 19 12 10 -13 32 24 11 15 7 -20 14 -34
24 11 1 1 -17 19 28 -5 35 19 -6 39 8 -11 1 2 -2 11 7 26
8 -23 19 8 3 11 -21 -13 8 7 -34 34 -3 -24 -12 10 3 -1 -8 -6
-1 32 5 -18 3 23 -12 -6 9 -10 26 3 -19 16 21 17 -22 -33 16 -21
0 -15 -21 29 1 40 -16 -17 27 -21 13 -12 -9 9 35 -1 22 -3 19 -14
6 27 5 8 -14 -17 1 0 -5 -27 3 -16 -14 13 -2 5 0 -18 -20 7
16 -28 18 22 40 -21 -3 5 2 0 -15 -14 -20 18 -21 -20 25 -5 11 -13
-40 -22 3 -27 -3 -16 -3 -23 1 -16 2 0 27 9 11 2 -12 21 25 -12
-28 2 -8 10 -8 -19 18 -27 21 12 16 15 28 20 26 7 -5 -21 5 -12
-10 12 1 11 -14 21 35 1 -26 -9 20 3 13 -23 30 -19 -25 -36 -30 -27
-7 -4 -3 -1 -18 -14 29 4 -18 -19 -23 13 -24 18 -36 -11 7 -3 29 -21
9 18 -13 28 -13 -40 -37 -24 -30 -3 -2 -8 10 -19 5 19 -6 15 -18 3
-11 -1 -21 13 31 14 30 20 1 23 25 -11 4 16 -13 -30 -9 -32 -11 21
30 51 -34 -7 -24 22 3 5 2 27 -3 -7 18 0 -16 -20 -12 -9 19 -38
-40 -39 -2 1 16 2 5 45 -15 -52 17 16 -9 0 -1 -43 16 13 -1 -7
35 15 -39 9 -13 -24 -21 -15 -4 8 -18 -11 -15 -18 -89 -16 5 -29 23 -64
-30 -9 -3 -40 18 21 -18 22 -10 11 5 -20 -13 14 -16 -1 13 12 3 29
0 -9 24 -12 15 11 -34 -8 -12 16 -4 11 -12 23 11 -21 4 -24 33 4
12 13 40 20 -3 -8 9 2 -13 61 -17 1 3 31 23 -16 0 -20 -9 22
-15 2 1 21 22 1 15 28 11 8 7 -32 -3 18 -4 15 -13 1 5 -5
-17 -13 11 12 -7 -28 -37 15 -21 15 1 -52 -22 -9 -47 -42 19 -20 -27 6
14 -5 -8 -11 20 -8 24 -10 -12 11 -29 -10 -12 -36 17 -22 -27 41 -8 -20
-12 1 -38 -43 -23 -4 63 -7 20 17 -6 -5 28 59 16 31 -24 1 12 -9
14 -7 -9 -10 21 -23 -24 5 -19 -3 15 -9 4 0 -15 15 26 1 -38 -10
-15 -5 7 -28 -8 -16 35 19 24 12 17 7 4 -8 -5 2 4 93 -5 -8
-15 20 11 2 -14 6 -13 20 8 10 -11 -13 19 -7 -9 14 -34 9 25 -21
19 3 -27 56 30 -29 -3 -25 9 10 -2 56 19 -17 -40 18 3 2 -6 -63
0 -4 -17 -18 27 -14 -23 0 -14 12 -15 -3 0 9 31 1 -8 30 -29 11
9 5 7 -8 10 89 8 14 -6 -8 -34 -6 -14 -4 71 -11 -12 3 10 -51
27 20 -9 19 -33 4 10 -10 3 -1 -2 7 24 12 29 -9 -3 -15 14 -13
3 23 -5 2 2 -2 -45 -12 -24 -2 6 -32 -16 -2 -13 -13 19 4 29 -32
3 6 20 -6 15 89 -1 10 -13 -17 -1 0 -13 16 32 8 -6 1 24 23
9 22 -7 0 4 11 14 0 13 7 -17 29 -12 -12 12 -32 -3 18 -21 -6
4 13 -44 53 -23 23 -17 -72 11 -1 -20 20 11 -9 -5 1 8 -4 12 -15
14 8 -19 46 57 41 18 -24 0 47 -38 44 27 23 13 14 28 -16 39 -59
-12 -12 32 31 -18 10 -18 -59 -23 44 25 19 -13 21 0 -29 36 17 28 47
14 -37 53 -35 21 -8 -47 -5 -1 -12 -11 38 -9 29 27 -9 60 24 40 -50
-20 -6 29 3 -18 25 46 -44 -27 6 1 -46 -17 3 -67 40 20 28 -31 -13
12 -12 -12 -3 -17 -29 50 9 -5 4 -25 1 17 -7 -4 49 -1 33 11 10
4 20 -2 -12 15 17 9 41 -40 10 -42 23 -23 3 18 -27 14 46 -42 -34
27 15 -41 13 -42 -29 -33 3 -9 0 16 -11 83 16 -28 -23 -44 8 16 -6
34 74 -13 10 5 23 -81 -44 -1 -13 12 -2 10 20 -60 -56 12 -8 -17 10
-13 12 -24 -4 -1 33 -14 2 -3 -13 17 -50 27 20 -87 -22 -17 22 -41 -5
7 11 -7 -14 2 7 -5 -23 -25 -14 -25 19 12 14 51 -21 -16 28 14 -9
-14 23 2 22 11 19 0 25 7 6 -1 12 15 3 7 -8 3 5 -23 -3
68 42 -23 -36 20 -3 35 -9 3 -14 8 -19 10 -18 -6 22 -22 -1 -25 8
-4 -8 6 43 5 -1 -44 10 32 30 -32 23 7 -13 14 -37 -5 16 0 -6
3 11 -10 -17 10 30 18 12 50 -16 -13 -2 7 45 -13 26 6 -16 21 -4
27 18 -23 -47 -22 4 17 37 13 1 9 -23 -2 -20 6 23 7 3 0 26
20 36 -11 23 3 -25 -28 12 -8 -3 11 1 24 22 -21 3 -18 16 17 20
11 15 -11 -7 6 16 17 -14 0 -7 -11 13 -18 38 -4 9 -15 -5 -16 6
5 3 -4 10 -20 20 -6 12 7 -23 6 23 6 -3 29 18 -6 -17 -2 7
16 21 -7 -6 -20 15 18 9 2 -1 11 5 8 0 -7 25 -22 -6 23 33
-6 -18 -4 -10 -4 0 3 -3 28 -5 -25 0 -29 12 19 18 -4 2 24 -9
-14 -8 -84 -35 10 -23 18 -22 -37 -7 4 0 -2 -19 4 -13 9 0 15 -35
-11 23 21 -8 28 -16 -14 1 4 10 18 -13 -28 -1 -36 19 -17 -17 -16 12
22 20 -30 -17 20 -28 18 -1 33 -3 12 -26 -2 10 15 -36 -22 65 -26 -26
6 7 12 10 -10 -7 -4 -2 20 27 13 -26 25 12 -14 -12 18 -13 3 33
11 0 -5 -17 -10 -33 -24 -17 -9 -16 -15 11 -6 -28 -17 -8 -4 13 -20 -58
-9 1 22 -36 20 -13 11 13 -17 -5 16 13 15 27 14 -4 -22 -16 2 -4
7 -15 -8 -1 12 -5 7 -5 3 3 -110 -7 8 -6 2 23 3 2 -7 -23
-7 9 18 -1 -3 16 -2 8 -9 8 7 0 14 15 -15 0 0 1 40 -13
1 -2 -9 -1 -7 -16 -17 10 -14 9 -2 8 22 15 20 4 11 -2 7 7
-8 -5 28 -20 9 85 19 4 -1 -10 -9 1 -5 -2 2 1 5 16 -3 -13
5 -5 10 7 0 -14 -8 -6 8 -10 8 2 -13 -4 -1 -8 -11 8 2 -1
-17 -9 -7 6 5 11 -15 -5 -25 -6 -9 -34 -12 -17 -30 -15 25 2 1 2
-26 7 8 -6 -16 -11 5 17 23 9 -3 -12 1 -6 22 -9 9 2 -10 -10
-3 6 17 20 -7 -4 -46 21 2 8 -16 20 6 -13 29 -4 12 -7 -4 -10
16 -26 2 24 13 3 31 -7 -11 15 9 -2 16 14 15 -20 2 24 0 12
21 -3 -79 -21 1 5 -5 -16 -9 43 12 14 2 18 -15 -19 6 -24 -7 -3
1 -15 -4 8 -8 4 18 -5 11 1 -4 1 -2 -15 14 26 -5 -14 3 3
-36 -45 5 -25 -2 0 -2 -10 1 -4 10 -4 0 13 -10 -4 -8 5 24 -12
10 24 -9 11 5 4 3 20 25 -17 -24 -4 -18 34 14 30 12 32 28 6
13 -12 17 -16 10 -38 -56 -45 24 13 -18 -5 -3 3 -26 -3 -17 26 -22 8
-8 -35 3 -6 -22 13 -1 18 -11 -4 -13 40 38 -27 32 8 -23 7 14 12
-36 11 -1 -30 -25 -18 14 34 34 -9 -1 12 20 -2 8 28 6 -35 38 0
-19 63 4 14 -27 -44 8 16 -10 -26 17 -1 -21 -24 -34 -25 -37 -20 -18 33
-24 -6 33 -10 1 -34 18 -13 -2 -34 34 -15 -31 19 -18 -47 -34 -3 17 -35
0 -22 -46 6 14 14 46 -3 18 23 9 38 -2 28 20 50 -11 15 15 -27
-2 -26 -26 -4 13 15 8 -9 21 13 16 -14 -7 19 -90 24 10 7 13 -19
-2 26 -21 39 -6 30 28 16 6 28 -8 -28 23 7 -19 -31 24 -9 -4 18
33 37 20 27 -3 -18 25 -2 -12 20 22 -13 -22 11 17 -7 14 2 -14 -13
4 -30 -30 -14 26 -9 -26 19 22 27 -6 -41 10 20 10 13 10 -13 23 -22
8 29 2 25 -27 8 -6 8 -25 6 2 -28 -28 -13 -14 20 -26 12 0 20
-17 22 -12 -41 -25 -29 19 24 -11 -18 -8 5 10 13 30 -24 2 20 2 12
5 10 19 19 -2 7 -26 -2 -13 5 -13 10 27 -22 35 14 -6 -33 21 29
-12 -45 -25 -39 -11 -12 34 -10 -33 -19 -3 26 31 28 -21 10 -13 -5 25 6
-26 -19 22 27 11 -50 21 -2 16 -28 29 40 23 -1 40 18 -13 -52 -59 -26
-20 25 2 30 22 -18 5 24 -9 -2 -40 28 31 -20 27 13 27 9 27 13
5 -21 -11 9 0 -3 -11 -10 0 -23 17 -21 -25 -40 8 22 -23 -16 9 19
13 5 -8 4 -5 -25 13 5 27 5 -22 -69 -6 -7 42 -11 11 55 -7 17
-12 21 47 0 -31 -20 42 -9 -23 -19 2 33 21 -15 -8 -16 14 28 12 15
28 -15 10 -16 -23 -28 -29 -19 32 -4 -7 -37 -30 2 -9 -37 -26 -4 19 -29
-13 -18 28 1 7 -11 15 -9 -7 4 -10 15 13 -21 -6 -14 25 30 -1 -13
-3 -20 20 20 -19 -15 12 -35 -2 -25 -6 -21 10 9 27 -13 38 -15 16 -20
24 -48 -31 18 -1 3 20 37 -28 28 -2 23 27 -14 20 -30 -30 -22 -11 10
-29 19 22 13 26 -14 25 -17 -4 -4 -16 2 46 37 -35 9 16 30 -10 37
-22 -20 -37 -15 35 38 -3 20 -11 30 7 -5 27 13 15 15 -28 -20 -7 21
2 18 22 -14 38 0 -26 7 24 -9 -7 13 2 24 -20 28 18 18 -37 8
-16 0 4 6 36 6 -48 -50 -31 18 -13 -28 26 21 2 -27 12 32 -16 -20
-32 9 6 -9 6 -1 -92 -2 -11 -20 -6 4 -18 3 67 21 34 13 1 4
-39 15 23 -7 40 6 1 5 -3 -30 18 -3 -21 -1 -8 1 -30 -13 5 -8
32 -12 12 -11 -6 22 31 32 25 9 0 -5 -15 22 -17 -21 -6 -22 -17 22
-23 68 -20 9 28 -9 -4 14 2 1 -11 -14 -6 -3 4 36 17 -11 -9 -41
26 -8 -25 10 -13 -4 -12 -77 -11 -49 -9 -10 -23 -27 -22 -7 26 -9 23 13
16 14 4 -23 4 -28 -44 -35 24 -35 -9 -8 -33 -15 -30 -20 19 -13 -1 -12
-31 7 18 -6 43 -7 -2 0 12 30 4 26 14 -12 -14 17 1 1 7 -24
-18 2 33 -7 -3 34 22 24 23 8 -38 12 -29 -15 -9 12 21 32 33 -23
25 -20 -37 17 15 13 20 -25 -23 -2 -21 6 18 -10 35 8 22 27 -11 2
-4 -39 -15 -23 13 -22 -25 -34 -23 8 8 -20 -7 -18 1 -41 26 -29 25 -6
-19 -26 -1 17 26 -9 -22 -43 -9 13 -6 43 -30 -10 -3 19 -10 -23 -21 -11
33 8 -11 14 7 16 2 0 23 -23 11 16 -3 -21 -38 13 14 -20 -16 -20
-21 -12 15 18 -3 -11 -9 0 7 2 1 -31 10 8 13 -2 -8 5 -22 10
2 2 44 -10 27 6 15 -12 4 -7 22 -1 7 -8 29 19 -5 21 -5 4
-14 2 -14 -25 1 -15 -4 3 -18 -24 11 -6 7 4 12 -10 -3 -10 5 -13
-7 6 23 8 4 -10 0 -4 19 14 1 0 -20 -3 -3 -15 4 -13 -46 3
-16 -14 -5 -46 -1 8 16 -24 -12 -4 -17 28 16 16 9 -1 -14 -22 78 -28
-10 -3 -2 17 8 -24 15 -8 18 22 17 5 -7 1 -10 7 40 -9 16 -2
12 37 -34 46 14 17 3 -8 4 14 -21 -22 -11 4 -4 37 3 15 5 27
10 -1 -7 -18 -25 6 -4 -20 23 -2 2 -8 12 -22 1 -12 8 53 5 3
-17 21 4 5 -11 -11 -1 -6 3 -16 15 3 -12 -20 7 -24 0 6 11 19
-17 51 1 -1 7 -1 8 18 27 5 0 -4 -20 26 -7 10 20 -22 -18 0
23 -11 30 0 -15 26 -8 -9 12 11 22 12 -19 2 -27 19 4 -12 -15 15
3 10 -7 36 -17 11 2 23 12 -19 -13 -18 38 22 1 -34 46 29 -14 40
49 -64 -2 -60 -19 -41 1 -39 50 21 2 -32 -38 -2 64 -58 -14 -54 17 41
-30 -53 -25 44 32 53 23 -44 -18 6 -17 54 -11 -19 -11 -41 -12 -33 39 17
-2 17 -19 -47 -37 43 -13 6 -43 -41 11 16 64 2 35 -25 -18 49 -49 1
-20 65 -56 9 31 -66 -55 -31 12 -26 -41 -41 43 28 -10 -17 5 -27 41 15
21 -26 -28 -45 4 -4 29 25 -48 -14 -19 39 -38 -5 -43 8 27 -2 -50 13
43 5 -13 -50 6 -18 8 -39 -7 -26 -8 7 -41 -9 -38 36 44 -8 53 -5
-38 4 25 2 31 11 7 -7 4 17 -1 -30 -5 -48 -20 23 16 -31 -45 0
29 28 13 -32 10 8 -23 4 -26 -17 -17 11 35 7 13 15 -2 25 -20 -22
-28 -8 -16 -10 -27 18 0 7 33 -18 -29 29 9 -29 24 -7 2 4 19 7
5 21 7 -32 -10 6 -17 22 -30 26 -22 -33 -4 14 24 -14 0 -15 14 7
8 27 9 23 -5 -1 -26 -29 -4 5 -11 36 10 -18 5 -30 -1 -29 29 -10
36 -9 3 2 -2 -23 -6 -6 26 -16 -16 -31 6 26 15 -24 -6 44 19 17
-1 -10 28 -7 3 -17 -21 -43 -10 22 12 -32 -12 -34 21 6 -26 -12 -34 -34
-16 -31 5 -2 41 -31 33 21 -15 -15 -24 20 -38 45 20 -34 -26 -20 16 -7
-14 16 -6 -26 7 -6 17 -11 -21 -29 10 25 -7 42 11 -30 8 31 -7 -23
30 42 2 -21 -11 -3 -22 10 -21 9 -19 -1 0 -18 3 -37 -50 37 -29 -22
-12 -6 -47 -19 -39 -16 -9 14 31 37 -40 7 -18 -16 -17 1 -14 -22 17 -22
19 -18 -53 26 30 -41 1 6 2 -7 -26 15 21 -15 17 59 -3 -8 -23 64
3 12 21 5 2 52 45 29 29 85 -38 1 -48 -12 -8 9 20 -2 -12 41
31 -29 -28 -28 -11 4 19 34 -3 -22 -10 1 25 -21 -2 11 20 3 6 -24
-27 15 9 19 -9 30 19 13 -17 3 26 -7 -1 3 9 -4 27 -8 -10 -28
30 32 13 14 -4 14 -12 4 9 -21 -21 -7 -10 -18 32 6 18 -35 4 2
-4 -9 -2 -29 -10 -15 -26 24 -27 -15 13 -13 -6 49 21 27 -2 17 -20 -9
10 14 2 -24 -17 -8 -25 0 7 20 25 -11 0 37 13 16 38 -1 4 -1
18 -8 -9 21 0 13 -12 14 2 1 -31 7 6 -28 18 21 -2 0 23 32
26 24 22 -14 35 38 19 -32 40 19 3 -38 26 23 4 5 17 -21 -24 -29
-9 36 4 9 -19 -1 -51 -32 -19 11 2 -32 10 -19 12 10 20 -30 8 -12
28 2 31 -21 -4 37 -37 -14 -33 -7 -44 -28 -35 11 -34 -17 4 33 61 12
13 -17 -34 17 44 9 21 -20 -10 8 -19 17 -38 -33 -16 -40 0 -17 28 10
-2 -7 -6 1 -9 -14 -36 -12 13 5 36 6 -22 16 -25 7 30 -39 15 32
-25 -9 -5 -21 47 23 -30 -9 21 -3 -7 72 2 -34 12 16 12 -11 -8 20
-12 20 7 4 28 12 -52 -14 33 22 -17 -40 -22 -4 -5 10 2 -36 -1 -39
-18 -11 5 14 -36 15 33 -3 -14 29 94 25 3 23 -16 -2 -19 1 -9 16
15 22 10 8 -16 14 9 -1 13 -13 24 27 -16 24 20 -6 2 18 -7 -17
1 35 21 -17 -7 3 9 -6 -10 -1 -25 -3 18 -27 -14 -25 10 34 0 -38
-3 -19 5 0 -15 57 -41 -27 -19 38 17 -28 -4 8 -13 17 -25 28 10 -18
19 28 14 -29 -15 -5 1 -11 -18 -13 19 -28 -33 -26 -31 -32 -23 17 17 -21
-4 9 -36 0 22 4 -3 0 -4 -1 1 33 -12 14 -21 -2 1 16 0 -27
8 0 25 -6 8 21 -23 -8 -39 -1 -5 -7 9 73 -8 -10 -23 -27 -41 -9
0 -14 62 -7 5 10 -4 -48 -5 13 2 4 -16 39 -2 4 -3 0 -1 21
0 10 37 -11 9 -13 3 1 -4 41 -13 3 -10 -6 -7 -18 -10 1 25 -6
5 -9 -21 -17 0 9 9 -25 19 1 18 -8 11 70 1 4 -14 22 -22 11
5 11 14 17 -2 1 2 31 3 27 4 9 35 -1 14 10 14 -13 8 -8
-17 -7 -12 -36 -2 7 -26 19 -8 23 -42 36 -26 -6 5 -56 4 -4 -27 19
-1 14 -19 -5 9 10 -5 -12 -32 46 6 15 0 33 -30 -15 40 -19 -21 37
23 -1 38 9 -3 -21 6 -26 -35 29 1 -11 -31 -42 -6 63 14 -3 0 49
36 -17 24 12 32 -11 12 15 -8 -10 -35 -23 28 16 20 11 -26 25 12 -7
-32 -4 29 -3 13 23 -23 11 17 -1 -28 -56 21 -32 43 -13 -45 -9 12 -23
16 27 -5 -41 49 -39 -1 -43 -23 -36 33 -18 -13 23 40 6 28 -27 23 -7
-53 -22 -28 34 -32 -47 -4 -23 -39 5 -18 -25 -30 -22 -30 46 -9 -35 46 19
-12 18 20 36 4 17 -24 -24 -33 -17 17 50 -10 -33 -16 53 -1 -5 -12 -18
0 -2 -20 19 -30 -8 -1 -16 -6 -30 34 -6 8 27 14 22 10 10 -38 40
-23 -17 1 37 1 19 -11 -18 -6 1 -33 -13 23 10 15 -2 -7 -15 13 -15
-11 -11 3 -56 4 -11 0 21 -9 -6 -17 17 -27 2 -15 -3 -17 -23 -61 -30
-5 -9 31 -25 -28 44 -33 -6 4 11 15 24 -4 -32 1 -11 3 -17 -24 -21
6 22 23 -41 32 19 -29 -23 10 -42 -10 -15 -21 36 -4 28 13 -13 18 10
15 -46 40 22 19 11 -14 14 11 -31 -14 -27 2 -2 -30 9 -30 19 -18 -13
-4 13 -20 -20 -40 -11 23 32 -30 -28 8 -16 30 8 27 0 -21 18 -10 -15
-7 35 -2 16 19 -23 12 21 10 1 10 -5 -28 -7 -24 1 7 3 1 23
80 -20 10 31 10 127 -20 -38 -28 -25 -88 6 -31 20 -17 -13 20 20 -14 -33
5 14 -15 13 1 -2 -14 -20 -17 5 -5 14 19 19 6 3 18 -36 9 -26
-16 21 32 27 -28 -24 5 40 13 23 -5 -13 3 -5 -7 -1 -5 -11 -1 -14
1 -21 17 -28 -16 28 23 44 -25 -25 21 -19 0 -8 -3 1 13 -17 -26 35
-28 -1 -19 20 2 2 11 -8 -9 18 14 -19 -4 -12 21 -8 -31 -14 16 15
-33 0 11 -30 4 -51 20 7 23 20 -82 3 33 -17 31 7 3 -4 5 17
13 17 -17 0 -11 23 14 -22 4 -8 1 16 -4 0 -36 2 2 -22 3 -35
13 -11 -31 2 -14 13 -13 26 2 -9 13 -28 -36 -14 -13 -14 -30 -5 26 1
3 4 3 0 -1 -58 25 24 7 35 6 0 13 -6 -18 -3 6 5 -20 -27
-17 16 -14 2 58 -30 -4 -31 21 -13 -10 -9 -17 -1 6 -3 3 7 5 -5
9 -26 4 15 1 -30 0 -8 9 17 -12 23 -17 -15 2 32 -9 23 13 -5
13 32 -9 35 -26 -15 2 38 -20 -11 -43 21 -9 29 -22 25 16 -29 40 -30
-23 43 38 0 -3 -12 -26 -25 29 -7 -5 6 -6 34 -43 29 24 -25 -20 20
35 32 -19 -6 50 -2 30 37 28 29 -26 -45 20 -12 -14 -19 27 21 22 -13
-43 -19 18 -15 52 29 -19 24 -10 -7 29 -27 5 33 -40 19 -33 -26 -40 -23
1 -14 -9 -33 5 -14 -24 -3 -33 11 17 3 -16 -44 -15 1 -22 0 21 -26
40 1 -5 6 -14 -23 -4 1 -18 22 -55 36 -61 16 10 -39 15 -20 -13 -46
5 8 -5 23 -27 13 -2 58 -8 -8 -20 3 22 18 3 -24 0 1 -11 0
8 44 12 10 17 -29 -57 11 -13 0 13 -7 -11 -14 -37 -14 20 -3 10 -11
10 -7 -9 -14 -17 -21 -23 0 -10 6 4 -2 -26 5 -8 -1 17 10 4 -3
12 22 11 -14 -18 -12 33 -8 8 24 25 27 -8 9 5 -27 -15 -29 23 -17
-4 45 7 14 -17 -11 -16 21 6 11 -19 12 14 7 9 -16 -25 3 -11 -24
-25 28 -9 9 33 -8 -5 -4 22 -18 4 -28 -5 10 -5 7 -24 6 -8 -2
32 5 2 -32 -7 -3 10 1 11 18 -13 15 4 2 -12 12 -21 9 -20 3
-19 -6 3 2 17 15 18 0 -5 -27 -5 -4 -9 -5 -58 12 19 -3 -55 29
-15 -27 21 23 27 14 -4 12 16 8 -3 -23 5 -4 4 6 12 -3 -24 4
-4 22 5 30 30 4 4 12 2 -9 -17 -2 -9 -20 6 2 33 -6 -19 11
-7 7 -24 -5 -1 -10 1 27 -8 -49 11 -15 19 14 13 -15 -1 -7 -3 -18
-7 17 10 -2 -2 -2 -4 7 -17 20 -5 2 -5 18 2 1 37 -19 -17 -23
-3 0 -12 12 15 -9 31 -9 1 14 2 70 -13 20 18 -35 -13 -36 -18 5
18 7 -1 -9 5 26 5 -21 -3 -7 -17 -5 25 -13 -7 -12 2 -30 23 -14
-17 -16 82 -7 7 -4 11 36 8 4 -1 -3 2 -21 -24 -17 -6 7 -18 -4
-4 15 16 1 11 11 2 -23 -7 -23 0 13 -7 -1 14 -14 -15 -22 -24 -11
-10 -3 -22 -21 -9 -12 15 -12 -4 5 -17 -15 1 22 3 -6 -22 -20 25 -20
-19 11 -5 9 -4 0 -18 10 4 10 -3 1 -19 4 -23 -3 -2 3 -18 -4
-5 -13 -9 5 4 -16 -17 5 -21 -13 17 -30 0 17 21 -8 -5 -4 -27 3
-20 -13 -16 -18 -18 10 10 -25 -12 -8 8 -16 -23 49 42 -3 1 6 39 -23
4 20 0 39 -60 -10 12 -51 -11 21 32 5 -3 -22 62 -37 9 -33 38 -16
-2 -47 -34 -9 45 -30 -14 39 21 -1 -12 6 32 -36 -3 33 5 -13 -26 -4
31 37 37 3 41 -31 6 19 8 15 32 17 -40 -1 -20 1 31 -52 -42 -48
-58 43 -27 -32 -10 14 -59 -24 49 -49 29 -46 -30 13 39 -40 33 17 31 25
11 50 -23 14 -23 -32 3 42 3 20 -30 0 -49 8 23 -27 -34 -5 0 22
42 19 48 52 -37 -17 -10 -18 -41 -37 60 69 -36 12 28 25 -26 8 -27 3
25 -59 -22 35 40 -19 -20 5 -12 10 30 -28 14 14 14 7 12 -28 -10 10
-24 -42 17 -65 -19 -22 7 1 -4 11 19 -1 -17 5 -5 20 7 -4 27 -30
10 -25 -21 10 -26 -28 1 -13 4 12 4 -20 -9 0 -3 -7 38 31 -12 9
5 -7 17 28 -8 -14 -1 -38 -3 5 -33 -2 -3 -28 6 17 31 -15 33 -9
-12 0 -8 -26 29 -15 10 32 24 -3 13 5 26 9 5 -19 -11 -15 -2 -7
11 -9 -39 23 9 9 -9 -64 26 6 8 -13 -19 -33 15 -2 15 4 14 21
13 -5 78 20 -15 10 -20 -9 12 14 16 -9 -13 -26 -2 6 28 3 3 -12
-4 -19 7 -9 14 -7 -103 -20 -12 -4 -11 22 -6 4 -6 27 9 2 -4 -15
3 -11 9 -3 11 20 -1 -2 12 5 0 0 7 4 42 -8 18 -4 -4 -4
6 -14 -6 1 2 7 2 7 17 -13 18 13 2 -4 2 -17 -14 -1 11 -9
-8 78 -2 -2 0 6 -20 -10 -5 -5 8 8 -11 -2 6 -26 9 -5 12 -5
-7 -17 5 -15 4 1 -1 2 -15 -20 -2 -5 -4 11 10 1 8 -14 -3 14
1 11 -7 -1 -9 1 -6 8 4 -10 -13 -2 -15 5 14 27 -1 25 27 -16
23 -11 -11 -18 -1 12 -20 7 16 0 -15 20 20 32 12 -10 4 -19 -15 -6
8 17 -48 17 13 -6 -7 29 -17 15 7 32 7 -8 23 -8 -18 -24 4 -6
-12 7 -29 3 15 -29 -3 -21 -7 41 0 -1 25 -28 1 -19 -33 -23 7 16
13 3 11 16 -47 0 -23 -27 11 -1 -27 -8 20 9 27 -1 -12 19 8 -3
-9 -4 -8 -20 -20 23 -18 -18 -27 -41 -14 24 10 27 34 -27 29 -16 -35 -14
4 16 1 2 -15 7 -5 12 -8 -8 -8 8 -12 -2 10 14 14 -13 16 1
11 -6 -12 28 -6 13 0 2 43 35 19 -18 -6 21 -24 16 -14 36 16 -8
-7 37 45 2 -5 6 16 -2 22 28 -34 -42 -1 -31 -19 16 15 -14 -4 29
22 -4 -36 -4 -5 16 44 -11 34 19 -55 -12 -17 28 5 -8 16 12 14 -42
-16 8 -27 -6 7 11 18 18 14 -5 2 -24 4 25 -8 -52 -28 -13 13 9
-16 15 -19 1 25 4 31 6 12 0 22 -16 -14 27 19 15 17 43 -24 1
1 -16 22 31 24 -34 -17 -1 26 6 -19 23 -36 12 -45 3 26 13 -1 -38
-35 25 -27 0 29 20 -30 -11 -7 0 -7 -32 -21 29 9 -1 -16 3 -18 5
-24 18 23 -35 21 14 -7 -11 -13 32 -7 50 12 1 -23 24 3 -1 0 -31
0 -1 -19 -29 -5 -19 -5 -14 32 9 -9 -5 22 -10 -24 -30 -32 -6 -29 -16
-9 -13 16 3 1 0 -10 2 19 -10 -7 -28 -7 -21 -9 -32 -3 16 -2 7
8 49 -14 -18 -18 -26 37 -25 -19 21 -10 -9 6 -25 4 -6 23 -8 7 23
16 -23 16 4 23 12 -23 10 -21 28 -13 37 -9 -3 -34 6 31 8 -10 20
-18 14 -3 12 10 -44 10 -11 17 -22 2 1 -31 -15 26 -26 7 19 1 -34
-3 3 -43 -8 38 43 29 -17 10 -17 -25 -32 32 -29 6 14 28 -6 -16 14
-18 -33 -12 -28 -61 42 -29 6 51 -27 -40 -30 42 4 -22 27 19 -27 -13 2
-6 3 41 -27 27 -12 59 -34 -42 9 7 -17 -34 20 -23 26 43 -17 37 36
-19 18 -14 37 -31 27 -42 36 -26 26 33 1 -19 -54 -2 -6 5 -1 44 39
46 -24 24 -36 14 -21 49 -20 3 -39 38 28 2 -45 34 -26 -18 23 -37 7
-8 -31 -5 -36 54 42 52 3 3 -30 -7 19 51 3 -18 9 12 -17 8 -34
-35 4 -3 1 -15 21 -28 6 -33 -29 -18 34 -22 31 37 3 20 -23 5 11
-18 -21 -33 18 -29 -22 32 -31 -10 -4 -34 -2 9 10 -35 1 -10 15 17 9
32 28 8 -28 3 -37 -26 -14 -14 -4 27 -29 -5 -34 2 -4 48 -4 36 -9
-9 -4 20 49 12 -22 22 36 4 26 11 31 15 -30 13 -14 -14 -20 -19 -20
-31 -15 -14 -3 16 4 -13 35 25 22 17 -33 21 10 21 -6 20 0 -34 23
10 -3 33 -25 -16 32 19 -31 42 -13 5 13 -30 -28 7 5 19 -5 -15 38
8 -10 11 -23 40 14 -7 1 22 -13 35 14 -23 -22 10 41 1 -2 21 20
-17 31 2 -1 17 4 18 15 -11 20 -12 -15 6 -8 -93 -57 -18 12 28 12
-7 -14 5 2 -13 8 19 4 -13 7 13 7 -6 0 -2 2 30 -4 5 4
-8 -5 23 9 0 23 2 3 4 31 -25 15 8 -22 33 -17 3 6 26 6
26 1 18 36 16 -24 4 3 -11 32 -6 6 -12 2 -17 -9 -3 6 9 21
8 30 25 -5 -11 -39 1 -18 -8 -40 -2 11 24 5 -16 -10 18 -5 16 -11
-20 7 1 -4 5 -7 -8 14 -31 24 -11 -41 -1 -33 -10 38 19 -19 -33 -5
4 -3 -7 33 13 14 8 10 -15 -6 3 11 -2 -10 2 -19 26 -10 11 -12
11 -16 -109 7 7 -7 -8 15 6 6 4 -13 2 25 8 -6 10 -6 17 -12
8 -1 -9 -4 8 8 -14 -15 -6 -6 49 -7 5 0 -10 1 -2 -12 -14 7
0 2 17 -9 8 -6 0 8 16 -2 -9 -6 -11 4 -1 -17 14 68 13 -9
-2 1 -14 -8 6 12 8 8 0 15 18 -10 13 -3 3 -6 -5 -4 -8 -10
11 -1 10 15 -18 -15 -11 -17 15 10 5 3 -12 -15 1 25 3 18 4 3
-29 5 8 -21 2 -34 -24 7 15 -7 -7 18 3 -29 34 -27 -49 19 -21 14
9 16 -14 12 20 -22 -5 16 -2 -19 -41 34 -18 11 23 -13 -2 23 -8 -12
-25 2 -24 -24 -26 -18 -25 36 0 -5 15 -17 30 -6 -17 33 28 12 80 15
6 2 -38 -21 -30 1 -9 17 2 -3 -14 7 6 30 31 2 -2 31 22 10
-25 -20 -4 -27 -22 26 -31 24 -27 0 0 -5 -8 -15 19 4 46 -13 4 63
-16 13 -22 -13 40 -19 5 -20 -18 -36 13 -23 -41 -27 -8 1 19 33 19 70
33 11 -38 -6 23 -35 -23 19 -3 -21 23 5 10 35 17 -18 26 -14 -15 -18
-15 -23 -35 -3 -26 31 12 -29 -12 -36 -14 -5 17 41 -17 16 -7 52 37 -13
-1 0 2 -32 -30 33 -1 41 25 -34 -12 -7 24 -24 -25 -16 -6 11 5 -33
0 -34 -25 -4 25 15 14 -5 -15 3 6 15 30 2 -2 -1 35 -22 -1 34
7 -9 -8 35 27 18 -35 38 -5 -18 -23 -32 -34 31 -38 -6 -20 -11 -32 -26
9 -10 8 3 -21 -38 -35 -7 1 7 21 -9 -51 -3 -28 -17 -5 16 27 -13
-44 -3 -3 11 -12 -22 -36 -40 20 -17 -19 -39 -27 30 -1 -15 23 -21 -37 -10
30 -22 10 9 -33 8 20 -19 -14 -26 -8 -20 25 8 -8 6 0 -9 20 -27
1 55 -1 9 -19 8 -59 -7 8 -20 -34 -28 16 12 -12 -38 31 -31 -11 -6
-14 -1 -7 -4 34 18 9 -5 -6 49 -27 18 -28 -14 -52 7 12 10 7 1
5 4 38 3 17 2 -20 -23 -5 -8 -11 0 19 -5 50 0 -30 28 25 -13
-4 -10 -17 1 -3 5 20 16 10 -2 8 22 10 10 24 26 -9 33 17 -10
0 39 -33 -18 -13 -6 17 22 -23 4 -5 4 28 -6 4 5 -1 -15 11 -14
16 -24 8 -13 30 1 -18 2 11 3 -31 14 8 10 -23 -66 -3 -26 -10 -3
36 -17 -10 11 28 2 9 11 -6 -65 9 -10 5 -3 -17 -37 30 -9 29 9
-21 2 5 25 18 22 -8 -3 14 -1 3 -20 -2 37 24 18 -9 -5 24 19
3 -20 63 -7 -14 27 8 16 -4 -1 -2 -27 2 15 -26 -2 13 -6 -7 -3
-1 0 -5 -12 -1 11 -3 55 -20 -47 -8 3 19 -22 -4 -10 13 -6 -13 -15
-6 0 12 -40 -2 -18 15 -9 10 -35 12 -20 -2 9 5 -18 -10 -20 -19 -13
12 19 -18 -36 33 -6 35 -26 -8 10 -19 44 20 5 6 18 -10 -28 3 -4
-22 -18 17 28 -32 -25 -13 27 -16 3 27 7 14 9 -5 -9 -22 1 -28 8
-24 -8 37 -4 -6 -6 -25 -9 -10 -1 -6 -38 27 16 -4 27 -23 27 7 -1
27 28 -17 -16 7 -24 2 -22 -26 -22 -5 3 -33 16 12 9 -21 -23 -4 25
-15 -25 -16 8 -19 24 -36 -31 33 7 31 -28 22 -19 31 34 12 -1 -10 33
-17 34 24 28 1 16 -2 22 -22 9 -6 1 -18 -13 12 20 3 34 -27 -14
24 17 13 4 -29 30 -27 38 7 11 -10 40 -22 -13 -12 -13 -11 -32 27 -6
-17 -15 3 -9 7 24 32 -22 10 31 0 21
