-29 17 25 -29 51 5 -16 5 21 49 -52 -34 4 -42 31 -11 -34 24 5 14
7 13 6 25 24 -12 0 35 -12 -36 75 2 -13 -6 -31 49 -13 2 -23 -31
-16 3 11 -15 -26 41 34 -26 12 -6 10 -27 -3 39 20 24 -33 -18 27 6
-32 35 38 0 25 6 21 -13 14 14 14 -6 3 10 -4 7 23 14 5 10
-4 -8 -3 -3 19 -19 7 21 30 12 -14 42 -42 -31 -37 27 -5 -29 -20 -59
-10 9 18 -53 -23 3 16 32 19 28 43 -52 -32 40 8 25 -27 -12 -32 28
-29 -2 -31 5 -27 -12 0 19 -27 -22 -41 19 26 -19 -39 11 7 21 19 0
-17 7 18 34 -10 22 -6 -53 -3 -41 -28 51 33 -18 -38 16 89 -90 -30 -68
48 73 -17 -13 17 97 -38 -59 -61 18 11 31 -25 -7 77 -31 -27 -39 45 3
24 -43 -25 0 -23 -8 37 35 -15 24 29 -12 44 6 -43 43 5 -37 3 17
-12 21 21 25 -14 15 18 -35 -43 3 40 -62 -7 11 -33 46 72 85 21 -38
-99 -35 6 -7 11 1 7 0 17 21 1 -1 7 3 30 -16 1 -29 -20 7
-32 -25 -36 -49 13 35 11 -41 -25 -40 -27 0 -30 22 -27 -15 -34 16 -26 -34
17 -25 -23 -13 7 -26 -25 23 28 -11 7 -7 -25 -20 -33 12 -29 -36 8 -3
-18 35 -19 -27 -2 -25 -24 -13 60 -26 -13 48 40 -1 -49 -14 -6 27 2 -1
-9 33 28 17 15 -18 18 13 -10 -24 -23 6 -23 -23 -20 -39 -29 -2 10 -39
-2 25 15 -51 -15 -26 -20 12 8 -21 -14 35 28 38 17 -5 -15 31 5 27
-52 25 -12 -20 -28 -19 25 7 24 25 24 0 9 -31 -19 -20 -13 16 29 20
-19 -34 40 47 -93 71 35 21 -64 -32 -4 1 -16 -24 -27 -19 11 -10 -21 -13
-3 -19 -19 2 -6 -6 -15 18 6 -4 0 18 12 14 18 7 63 -8 3 18
-32 38 -18 20 37 18 -27 9 30 -38 -38 6 -28 17 -49 -21 -16 29 21 15
54 -31 9 23 -16 45 45 -44 15 -3 -16 -16 -5 -9 -2 21 11 23 0 6
17 -22 -37 -3 -36 41 -29 -24 9 14 3 0 -17 30 39 26 -24 -1 -25 -7
6 23 -52 -73 -59 19 -14 127 -9 14 -46 -31 31 -40 -27 60 14 -17 36 -20
-4 -44 28 -39 -33 6 -20 35 -12 11 46 14 20 12 -20 -3 23 -40 6 -37
-37 -32 -7 32 -34 -27 7 8 -29 7 -35 14 8 37 -56 36 -45 47 -57 8
-30 -38 55 7 -8 -47 -63 -48 6 85 64 -35 -3 8 -34 28 -19 -5 -39 0
-11 -26 -23 -22 -11 -20 -15 23 -18 -33 -4 -6 -34 -12 14 -19 -31 24 -6 -11
8 3 29 11 -35 17 57 -20 19 -40 52 -17 9 57 -25 24
