39 16 -21 -32 -35 -18 17 -30 22 -49 -22 -39 -25 22 51 39 -73 -1 -18 3
-17 -38 38 43 -2 12 -30 27 3 -20 1 -39 23 -45 35 24 -44 23 -41 35
56 -24 -17 -33 -37 -15 -8 -17 -20 4 2 -23 -19 -19 27 3 -26 31 -8 -5
-32 -6 25 38 -47 39 25 -20 -3 19 6 -36 5 49 -30 11 37 -11 -16 21
10 -25 -19 -20 29 31 -10 14 14 -18 30 5 15 -30 -4 -8 5 20 -8 26
-37 9 -21 -33 0 0 -24 -2 -38 -10 -26 -29 -11 37 -36 3 9 -10 -39 -34
-20 -4 41 27 8 33 -25 40 -48 -23 -20 -17 19 -24 26 -40 -23 26 -15 0
0 -3 4 -31 -6 19 0 -39 -9 -13 -45 -32 41 25 57 44 -10 -5 18 10
-32 -29 25 -31 -1 18 -7 -18 0 21 -18 -38 -20 -31 -40 1 0 2 -10 -16
-11 -19 15 -15 -17 -19 24 9 -12 -27 5 32 -51 4 13 25 -19 12 40 -30
-19 12 28 -13 -45 -9 10 -27 -11 24 4 32 -4 -20 28 7 33 45 -13 14
-23 35 -45 -46 38 -13 -44 35 -16 0 -19 12 -9 -46 40 31 -24 6 -47 -11
12 6 -37 36 -15 -46 36 -18 -18 -24 -41 17 33 47 -44 34 29 3 -39 -40
20 8 -61 -48 -41 -8 -8 -9 0 -17 0 -6 -73 -24 38 -39 50 17 -10 27
-38 -28 52 -41 6 -36 -42 23 -18 -26 2 22 23 -44 -48 14 -9 -44 -38 4
33 -30 -3 28 -32 22 -12 25 -21 -24 24 1 -42 -2 46 9 -27 17 37 -18
-50 25 30 -43 28 5 -23 35 -23 38 -53 -25 -23 -24 18 2 -31 -22 -17 -44
-34 29 -10 39 12 -26 -20 -36 9 -6 -44 -48 -30 -9 -35 -4 25 -23 -37 15
-56 23 -34 8 -10 -8 31 -4 -21 12 29 17 20 -27 8 -2 0 -12 -22 -24
-26 -14 9 -34 -8 -30 5 -3 19 -31 45 0 -7 4 -27 26 -28 -49 14 -35
73 -22 17 12 40 -9 3 -24 -3 -33 -15 4 -41 23 -18 2 27 -12 8 -34
37 -33 35 2 -43 -40 -13 -15 -6 40 8 -22 9 20 13 -45 38 -10 43 29
27 -27 7 -53 -28 27 18 24 11 -15 -40 10 -10 -15 -30 -4 -29 6 -33 -23
-1 -7 23 29 -31 5 7 3 23 14 -6 1 27 -27 32 -15 -5 -15 -52 33
47 33 27 -40 -9 6 11 22 -36 -29 26 20 26 -11 4 -43 -14 12 13 1
25 -33 1 -29 -24 1 27 -35 14 -22 -6 -15 -3 19 30 39 -35 -33 18 25
-26 -15 14 -5 91 -34 -36 -1 15 -12 42 9 -29 22 -29 45 -15 25 -35 3
-8 13 -76 28 -19 10 -44 -34 -23 14 -3 14 -11 21 14 -16 -16 48 -27 21
-32 -119 -32 15 4 -23 5 33 -6 -2 -10 3 21 47 -18 27 -24 33 -8 -40
-39 -1 -17 -8 31 -18 16 28 -39 -22 8 -23 34 23 -16 -25 0 18 44 38
-28 20 -42 -49 -21 0 20 -18 -21 -32 -36 -9 32 39 24 -3 -39 -6 -44 -44
17 -44 -1 -39 11 -35 33 -33 -1 -31 -21 23 4 -6 14 23 -26 -5 20 2
-22 -17 26 -15 -47 30 31 27 -12 -23 7 -23 -23 -28 0 -34 30 -25 38 22
-35 11 29 -5 4 31 -69 -7 -32 -10 31 -33 9 -17 -17 12 27 -54 -15 10
-31 -32 3 35 -34 -20 -4 11 -34 49 19 -37 -4 4 3 -15 25 -2 -33 -61
11 -45 -9 32 9 32 -26 -8 13 13 -27 48 53 44 -45 0 -52 9 38 -34
23 -16 -21 33 49 47 -46 -22 -44 53 12 -32 31 -5 37 -26 18 56 23 40
-12 32 -39 18 -30 -56 7 -3 -45 31 20 24 -37 -24 37 9 52 31 -52 48
0 17 -21 -24 46 20 40 -27 -38 32 -13 -7 -37 -17 21 38 18 -17 -40 -22
32 -39 -19 8 -19 -23 -38 23 24 -5 -29 -23 -10 13 -78 -13 -15 -20 -18 -12
-47 -31 -26 0 -37 -25 -12 3 -7 -25 -51 29 -7 33 31 1 -23 -21 -1 -17
-2 -37 -1 37 -48 5 -44 17 -17 -41 3 10 -45 -23 -2 -12 1 -3 -11 16
-17 32 -6 -18 -39 27 -33 16 21 30 -13 -18 23 -7 -21 -48 14 8 -37 -33
1 1 -20 -8 -3 29 -56 3 -23 -43 -24 -28 -34 6 34 -43 -12 -55 41 -30
-43 5 -49 -30 42 -51 26 42 -44 11 44 -63 29 -41 -51 4 -45 -19 4 -45
-26 -38 -40 -11 2 48 32 -10 3 -20 -17 -18 39 -37 -5 23 3 -2 46 24
34 -19 -18 36 29 -26 -55 -6 -48 0 -25 -45 -49 -13 -48 20 37 -53 -26 17
-47 47 -42 48 40 -7 40 51 -39 -36 -40 -3 -24 48 1 -18 -9 45 39 25
-23 15 -22 -34 26 -17 12 -8 1 39 0 33 37 24 -40 -25 27 -11 -27 -42
-8 25 -42 26 -11 4 43 -9 -8 -5 42 -36 33 35 23 26 -13 -21 24 -10
0 -35 -28 13 -25 10 -11 -26 28 41 -13 46 17 29 -17 -32 -2 23 21 38
19 25 -43 8 29 17 32 -6 -24 -23 -14 -20 40 -4 1 12 18 -22 17 14
-2 13 31 13 31 -24 -22 -11 -1 12 -38 -24 -10 -1 27 30 -17 -18 -5 31
-30 84 25 -42 -31 13 -17 18 -7 -28 25 -6 3 -55 -25 22 -28 -7 -18 18
-8 -32 -31 -5 34 6 18 26 -18 -2 -32 6 4 -26 32 26 35 -37 -21 -10
54 13 30 29 -10 -6 -28 -20 40 10 -26 -25 -31 -6 -11 37 20 -6 -53 -5
27 31 -30 -26 7 15 2 -34 55 23 -11 40 -10 50 0 16 37 -84 33 -5
8 39 28 -11 9 37 18 -3 -16 20 -18 -37 40 17 9 -5 -5 -35 -30 42
-35 -46 -45 -3 4 -25 33 10 1 27 -24 -15 45 21 9 -49 -6 24 -29 -39
-13 -3 31 -4 41 18 24 24 35 41 -3 18 -32 14 -21 -43 13 -13 -27 -46
5 16 -20 -17 -48 19 -16 -7 6 28 38 -25 -42 35 -48 -35 4 3 -44 36
-5 7 -20 -43 15 3 41 -4 31 16 -20 9 -10 -5 -12 21 -13 24 36 -12
-12 4 25 -19 24 -33 -3 -26 35 5 4 -36 15 10 7 -39 -16 -23 -10 25
-45 -34 23 24 -9 -42 -45 4 -3 5 14 -15 33 37 28 2 0 3 22 -46
29 -53 27 35 33 17 -33 -3 27 48 49 -27 -2 -44 -57 27 17 -21 -34 25
-47 20 -34 29 -2 28 12 -24 -19 -33 -38 -1 -27 -43 34 28 31 -21 4 -54
-21 -7 -35 -54 47 -42 -18 -47 -12 -9 -11 47 15 -28 48 -46 19 32 -4 -51
6 34 -3 59 -22 1 4 8 -21 -36 41 -16 -22 -16 11 -15 -20 -1 -5 -17
14 6 6 -22 -32 11 12 0 30 -31 36 30 -23 21 10 -16 -34 -17 2 -18
24 -25 -24 21 -3 -7 20 -2 -6 10 -26 -5 21 32 -14 38 -27 -17 -1 -4
32 -30 20 49 -36 -25 -35 10 32 3 -17 -30 17 36 21 11 6 5 18 -18
-4 -40 -9 17 2 -22 -30 -40 19 -20 43 -34 -31 -22 -63 -38 -13 0 7 16
29 -28 7 35 -36 -2 39 22 29 -43 -46 39 -43 16 -23 21 -15 -6 -25 -19
-17 -22 -8 44 12 -20 -22 25 -6 29 1 -4 18 -23 -24 9 35 11 -69 -11
-12 -38 -17 -23 -23 15 -1 16 -40 13 3 31 0 35 -28 41 -58 -18 22 -10
-1 -40 -34 -44 -30 36 23 16 -24 9 24 -10 -32 23 23 -39 -21 -4 26 -36
17 23 -17 21 32 13 -37 27 37 36 1 38 -43 -22 -5 14 -6 -22 10 -12
12 9 -3 -24 25 -26 -43 -46 -12 24 -8 -33 21 7 28 -8 13 37 -27 -21
-1 11 -28 30 -34 -11 -65 37 -19 19 -23 -41 -3 -38 -33 -27 -58 -44 30 10
-4 55 -41 -47 34 -39 -24 8 -18 4 -36 -43 -15 21 40 -31 26 42 -27 -18
27 -40 29 -37 42 -51 6 -49 9 28 -21 -2 11 32 17 -13 -5 37 -25 8
-2 -3 49 42 -21 -38 -27 5 -13 -20 -36 -36 -44 -36 -46 -13 45 9 -9 -26
16 -23 3 -6 -32 -1 -47 -9 -47 -30 37 -40 5 -31 25 -44 46 -20 -1 19
-22 -42 -17 -41 -6 20 -36 39 36 -32 -2 12 -41 8 36 -23 6 -16 -23 16
5 24 -33 28 23 42 -16 -22 -36 -36 3 26 15 -40 -68 -27 -1 0 -30 26
-26 -20 18 -25 -17 1 6 32 14 -2 -39 8 -20 -21 -18 -25 -15 15 -39 -33
30 -9 38 -36 -5 22 31 -11 10 -8 33 25 -19 -5 -22 -24 -3 -32 25 -27
19 -13 2 -31 -26 21 40 28 28 -4 1 25 -8 -25 30 -7 7 -29 -36 14
-23 35 -9 -22 16 -13 32 -38 36 19 1 -6 -28 -34 21 0 -16 17 25 -31
-24 -27 -40 -27 -7 0 28 -28 20 30 -18 -43 -32 14 20 35 24 35 -33 -47
-20 25 2 -6 35 8 -43 12 48 -14 -10 32 23 9 -33 -21 35 42 45 -39
-28 -1 -9 -1 -5 14 48 -32 -24 -39 7 -8 30 4 24 -46 9 -30 0 0
-21 8 -2 46 38 -22 -18 7 32 -36 13 52 23 25 -43 -8 27 -27 -27 -38
-25 42 4 34 25 6 27 -42 18 32 -46 33 0 27 -18 4 -15 -39 -29 -20
-49 -38 -44 -35 29 32 15 9 17 -39 -14 -19 -6 2 -15 -15 -43 -7 -20 -45
-13 33 4 10 -18 31 39 39 38 -35 21 -20 -42 7 18 -32 5 -20 22 44
-37 41 -14 -44 8 15 -8 -21 42 -5 -38 43 -14 12 -6 25 -19 38 -33 -22
-23 7 44 48 -2 41 8 6 -28 2 -2 30 -29 12 36 -16 -18 -2 1 2
21 37 11 -14 -4 -11 -30 -36 -45 -7 -20 -26 -2 23 -6 -32 22 -14 -28 -50
5 21 36 -14 -23 32 39 -37 20 -44 10 -17 19 26 -16 -26 -34 13 29 -42
2 -21 -1 -33 -38 -8 -37 12 43 6 49 27 30 -13 -15 6 -25 -8 22 20
24 28 21 -21 3 4 -37 17 -4 -29 -36 44 27 6 -20 -19 -22 -28 -33 -2
-31 -23 -11 48 5 2 2 15 -1 32 -18 -8 -13 6 -37 16 32 7 0 -28
10 30 30 26 -54 -19 17 17 15 -16 -23 14 27 -18 9 5 2 -30 9 25
-22 -15 8 -24 0 53 -17 2 50 -12 0 4 -10 15 -31 -31 -18 -23 32 -20
32 19 -9 -9 15 9 -24 -26 16 -23 -29 0 11 -4 38 -10 -28 -52 -13 -36
37 52 9 13 -6 -43 20 49 -41 -12 27 36 26 -44 -20 14 -59 46 6 -47
47 19 -59 46 -24 -20 -31 21 -48 28 4 -37 36 -1 25 -25 44 -35 -28 -33
-7 -9 37 -32 -40 5 43 -38 5 44 45 27 -1 32 -37 18 42 -24 -23 3
11 25 -16 28 8 12 -37 35 43 -19 11 -19 38 27 -8 38 22 -1 13 20
-1 44 18 15 10 6 19 -11 14 -14 -12 4 -24 80 49 27 -29 -24 -1 17
34 45 0 -11 9 -62 10 0 -15 -7 -23 38 14 13 2 -35 -26 24 33 8
-11 41 12 30 22 -22 -43 27 48 -10 12 -8 -24 31 54 13 -26 -32 19 -23
1 37 24 26 -23 -21 13 12 33 -28 28 -30 -2 14 -4 -31 3 117 -7 -14
38 28 -16 4 29 20 -9 -21 -9 -59 1 21 -32 -11 20 -21 13 -24 -7 3
-1 -19 -21 33 -41 9 -48 -37 -44 -23 -23 -11 -18 51 -6 -40 30 28 5 6
-5 46 47 38 -15 49 -26 10 4 6 -38 -34 9 2 -22 41 23 29 14 35
-17 34 -52 34 -21 17 -25 24 32 -26 -43 23 22 20 31 38 13 -10 -7 22
7 -29 -49 -46 -55 -38 -19 33 33 13 -57 -7 14 -37 -54 -26 -9 -31 29 30
-11 -49 -17 2 43 29 -40 23 -20 -50 -35 28 16 -17 -29 -4 -24 -17 -9 18
-16 47 16 -3 24 -7 9 -22 -45 -20 -15 49 21 -22 -25 30 -12 -10 -1 -42
-30 -9 -13 -35 32 22 -47 -25 27 -21 23 12 14 8 28 -2 -17 20 -108 -32
-35 31 -30 -13 6 17 -13 4 -127 -21 -33 -14 9 -22 -30 21 -70 -11 18 -44
-30 -66 -68 -14 -5 -32 33 -33 -12 -25 -46 7 -48 6 32 9 -1 -10 -35 2
24 46 22 46 -18 20 13 35 -1 -22 47 52 10 13 -15 -20 20 -39 -25 47
-3 0 25 -21 36 32 -16 13 65 35 -30 37 -10 -51 27 32 19 -23 -5 16
5 23 -30 33 -3 4 -13 -1 -39 23 -19 35 -19 -49 -23 26 26 -38 30 42
23 -9 38 32 54 -53 41 -47 -14 -8 41 -4 30 44 -50 9 52 6 25 45
4 11 43 -27 21 11 -17 31 -13 36 30 -12 -11 -31 -58 -40 -34 0 3 -10
10 13 -30 0 -11 10 -81 -40 30 -7 -18 -64 19 14 -22 -21 13 -48 -28 -57
-36 -6 -33 41 -18 -48 -33 -43 -5 15 -24 26 -49 -55 -11 -48 8 -37 26 3
-31 -40 -37 61 -38 38 -27 31 -35 -7 -10 -18 -24 18 4 -11 -10 6 -39 -9
30 27 -2 16 -44 4 -29 0 43 25 41 30 39 -13 -9 -3 2 -14 -11 10
3 -39 -44 15 23 -35 -10 -14 -43 -27 26 5 -36 3 -30 -10 -16 -18 -8 -26
-26 31 43 37 -42 -35 -7 13 -30 20 -22 2 -16 7 -38 -7 25 33 -26 15
28 -17 13 35 10 -33 -2 22 28 12 35 -37 -46 4 -14 -36 4 -26 13 -38
-33 29 15 15 11 88 -22 10 -26 -15 3 -8 -38 -41 21 26 -18 -40 14 19
-35 -4 33 20 -14 17 -7 29 -17 -14 12 24 19 16 23 -28 -21 5 13 -16
-54 8 -34 -3 -54 29 26 -45 -6 39 13 29 -50 -38 -6 -38 12 -39 -61 -11
-45 10 -10 -43 22 19 -25 8 -53 -10 -4 13 -8 -28 45 -10 33 -23 -34 7
-42 15 10 6 11 -15 6 -58 18 -3 6 -92 -32 0 -17 -7 -22 24 14 -24
-23 -1 -12 -1 39 4 -23 27 -10 38 29 -31 -59 -31 0 -3 -7 -5 5 -7
7 -14 -52 10 14 -17 16 18 -2 29 -26 25 -30 29 -15 -33 71 15 16 -27
28 -30 -4 12 -20 -26 28 -15 15 33 12 4 -32 11 -15 9 30 -26 30 19
15 29 -18 -31 -37 21 5 19 1 -9 -45 34 4 -20 -36 16 -27 -16 -2 -23
-13 -38 -15 -22 -38 4 -66 -20 7 -5 11 -33 -12 24 16 -9 -43 -33 -31 -34
-49 22 19 15 -13 -24 13 28 36 27 -27 -12 -17 -13 12 -2 29 8 4 9
35 20 29 25 14 -20 31 -18 14 4 1 -25 -32 -39 5 25 91 15 5 -32
25 -22 8 28 -5 21 -17 -27 -1 9 -50 -45 -3 -5 14 1 -7 1 7 -18
-13 6 21 -5 2 7 3 -4 -26 13 -4 40 33 -94 7 -22 -34 -28 -23 -12
20 24 -35 15 -5 43 -4 -7 -27 33 -32 37 -27 14 41 -27 29 33 -17 17
2 12 42 -21 -47 14 29 -41 -42 21 6 48 -9 9 -24 30 17 0 -25 35
24 11 -7 -20 24 -27 -42 -9 71 -39 27 18 27 14 2 -21 -23 -8 -26 -4
-13 19 12 -37 36 11 34 -36 13 7 -38 17 -40 -23 27 -6 -33 -3 4 27
-11 29 -20 -7 -21 -25 -3 -29 -6 -3 12 14 22 -15 -26 -22 13 8 15 38
-5 18 30 -6 -6 10 13 18 26 -33 -39 24 -15 -35 -36 6 -21 24 -9 27
30 42 19 34 1 -3 -19 18 -15 -21 -9 39 -25 -18 25 -25 -35 -11 22 -10
-31 18 -44 40 -12 4 -11 12 -33 50 12 -9 -110 -15 -23 -15 -20 -2 34 13
-12 13 -13 -3 19 -49 8 -44 -22 40 28 34 -33 -34 10 -7 53 1 34 33
-16 11 11 5 -33 34 -39 -12 -44 17 30 -38 -4 16 26 29 7 0 11 -10
18 8 21 34 25 23 -40 -30 36 -2 -18 23 -22 40 -28 -12 -76 -34 9 12
-12 5 20 7 18 16 0 14 19 -31 -5 -38 1 1 21 -26 -24 57 14 -29
52 42 15 -18 -5 -23 -26 -14 -11 -35 -39 1 2 30 -10 27 -11 3 32 26
13 -20 1 -16 -46 -40 -28 -24 10 15 -56 -28 -24 -27 31 2 -21 -30 28 32
3 -21 -19 -56 -19 -37 3 3 -41 22 -57 42 12 10 47 56 31 34 -25 54
11 11 22 21 33 3 53 -25 41 -57 25 24 -22 -6 -33 53 -14 -22 33 24
5 36 -17 -24 3 12 48 -52 -20 16 -48 -14 33 -1 45 -50 28 49 -25 39
5 -38 -21 19 -68 31 36 -31 -50 -42 -49 44 18 -20 -29 19 30 -1 19 0
32 39 17 26 -2 5 -31 -30 21 31 44 28 20 22 41 1 -30 -27 -2 17
22 -11 6 40 -35 19 -10 -45 38 -40 -9 -17 32 1 -17 24 -11 4 -2 -38
22 25 30 11 44 -10 -8 -19 -3 -23 -6 -17 24 39 -28 -26 -32 20 -18 -53
20 -53 36 27 -12 -31 12 28 37 46 15 -44 -19 11 -44 -39 28 16 28 -26
12 -38 -33 -2 27 11 -7 -37 -29 -40 -40 20 -31 33 -29 -12 -9 13 19 2
35 4 -11 -38 -8 3 31 1 -37 0 33 -1 -57 -12 -27 -10 -38 -36 27 35
15 42 3 24 20 -18 -29 -2 24 38 -25 -13 -49 29 30 37 67 -1 26 2
-34 -22 17 -31 -31 -13 3 -2 34 33 32 -36 -44 30 -22 -8 11 28 29 40
-36 29 4 14 40 -7 29 -43 -17 28 -17 -4 91 2 21 -19 -16 -43 -8 30
17 44 22 2 -23 7 -4 10 16 12 -62 -18 10 -39 -22 -15 -17 51 -35 -2
-31 -2 24 -6 41 46 24 30 -36 -124 -33 36 -27 0 -20 -23 3 0 32 -6
17 53 10 28 -38 26 7 -13 -23 -5 2 -32 14 34 1 1 -30 -32 -48 -22
20 -37 -21 -48 -23 -31 -23 -19 -23 -39 -42 -16 -27 -7 -9 -39 28 -36 -46 0
-48 -33 -52 21 -27 17 -52 35 -34 5 41 13 -7 12 26 -48 -40 8 -32 31
20 -39 39 -66 28 17 0 23 -35 23 3 -17 -4 4 42 -9 5 5 6 -17
-10 -22 -13 1 43 -27 -34 -22 -34 -3 15 17 42 -35 41 1 -13 5 25 -1
-40 14 1 20 -15 -18 -31 5 -16 5 -16 -31 14 27 3 41 -9 0 16 15
-30 21 -34 5 34 27 -19 57 10 -13 0 -2 -49 4 -41 42 39 27 -22 -11
-18 -39 -40 -53 50 -2 -51 -43 54 -38 36 17 -14 -16 3 -13 -25 28 -27 0
-42 -30 -14 30 -12 13 -32 24 -12 10 -33 46 -33 32 5 -52 -39 28 14 4
33 -77 14 48 30 -2 25 49 -10 -24 41 -23 -21 -15 -6 -41 -34 29 8 -31
6 19 20 43 -7 -4 22 16 33 25 -46 -15 -43 -7 3 -39 31 -26 8 30
25 33 1 32 -14 0 -10 -11 8 34 -40 -29 -3 -3 20 40 31 -23 -7 -23
4 12 43 -45 -46 -17 19 -33 23 36 -32 -34 -43 11 17 -49 -3 -4 10 40
-14 10 -42 -13 -42 -27 -40 26 34 29 -15 -8 -7 13 45 52 3 24 44 33
16 4 -32 -14 25 -12 -60 -56 -33 35 -8 44 5 -50 20 -2 46 -50 -37 -54
-6 -44 -16 7 -5 -13 -33 54 -34 -28 17 -32 2 -50 -38 19 -2 -11 -24 -29
-34 21 46 -15 -7 -12 47 29 -36 -43 21 23 18 49 -45 0 -2 -13 20 -42
-14 14 3 -25 4 -8 -45 -22 25 -27 -28 43 12 15 40 -1 -43 -40 -8 -14
26 -27 15 2 -6 15 6 -35 -1 26 -22 42 -11 10 9 18 1 -35 -39 -26
-30 15 -26 27 20 1 8 3 0 -24 31 30 -39 23 -29 -21 -32 18 20 40
-4 -10 -39 -6 24 33 50 -22 -37 7 -24 11 -17 -25 1 -46 -20 6 -44 -41
-19 35 -3 -16 33 -3 21 9 14 -43 37 -35 5 -39 29 20 -41 8 -2 37
20 -1 7 23 -1 -42 3 -33 -34 -34 -4 -15 -35 -42 41 -32 -33 8 -88 -39
18 15 -1 -39 8 4 -45 -14 -111 -11 -36 29 2 41 -43 24 -52 -33 3 -64
-25 -37 -48 -2 45 35 38 8 9 24 14 12 -12 0 -20 28 -34 6 -13 -9
-45 34 2 50 31 16 35 -48 -24 -9 26 62 -43 5 -48 -30
