0.030502 0.130378 0.025794 -0.007303 0.118151 -0.065320 -0.052047 0.060089 0.090624 -0.007217
-0.006567 -0.004908 -0.039297 -0.053747 -0.127240 0.015308 0.021397 0.048320 0.030208 -0.032627
-0.037368 0.067674 0.184125 0.117824 -0.018602 -0.149471 -0.139009 -0.044266 0.081666 -0.040833
0.051393 0.201387 -0.075193 -0.065385 -0.080816 0.039460 0.079966 -0.000418 0.018667 -0.093959
0.163855 0.041618 -0.026579 -0.255264 -0.341049 0.097359 0.158625 -0.052537 -0.032006 0.056166
-0.037597 -0.059206 -0.106382 -0.083497 -0.056754 0.058552 -0.010862 -0.066203 -0.079639 -0.008202
-0.060677 -0.125474 0.011271 -0.031483 0.033543 0.003286 -0.078005 0.008243 0.002376 -0.023490
-0.062051 -0.099124 0.106513 -0.073362 -0.000818 0.132601 0.444097 0.079508 -0.170655 -0.241664
-0.211979 0.010641 0.084739 -0.016256 -0.160717 -0.120832 -0.094351 -0.094743 0.034752 0.023915
0.082843 -0.049137 0.014017 -0.006379 -0.013347 0.197071 -0.111416 0.014573 -0.027413 0.112724
-0.047797 0.042043 -0.249772 -0.217733 -0.236825 -0.064208 -0.091605 -0.035275 -0.030944 0.038872
0.014532 -0.060056 -0.157578 -0.133713 0.043579 0.048549 -0.027985 0.004548 -0.024797 -0.119459
-0.172748 0.136917 -0.206225 -0.014344 -0.020743 -0.032251 -0.073297 0.043122 -0.008647 0.135347
0.078658 0.049627 0.048058 -0.111155 -0.080816 0.049039 -0.060252 -0.092520 0.238133 0.075978
0.091016 -0.130247 -0.262195 -0.054891 -0.036142 -0.038320 -0.074933 -0.002939 -0.020896 -0.177767
0.013369 -0.071225 -0.101657 0.029343 -0.022677 -0.060188 0.049386 -0.040939 -0.022118 -0.041381
-0.131736 -0.101657 0.044030 -0.000584 0.027371 -0.045472 -0.023972 0.032345 0.015658 -0.054920
-0.121259 0.067104 -0.014355 -0.057892 -0.028181 0.043971 0.203079 0.055008 0.002264 0.044501
0.041558 -0.073756 0.012553 0.136798 -0.123731 0.104188 -0.011449 0.069930 0.129029 -0.077994
-0.101657 -0.041293 0.103423 0.307738 0.133502 0.036083 0.045913 -0.059246 -0.014429 -0.026768
-0.066574 0.058687 -0.003922 0.113547 0.039968 -0.101363 0.028696 0.001005 -0.078406 0.057774
-0.101951 0.077052 0.137034 -0.045737 -0.045619 -0.003988 -0.033788 -0.102599 -0.084175 -0.110899
-0.258057 0.144568 -0.063984 0.070459 0.066045 -0.056421 -0.060512 -0.053625 -0.024266 -0.032993
-0.127027 -0.007880 0.073167 0.005677 0.019866 0.044324 0.035436 -0.002169 -0.134091 -0.043500
0.028858 -0.046826 0.041293 -0.021264 -0.010544 0.010080 0.035760 -0.030550 0.014679 -0.012383
-0.101480 0.061983 0.122318 -0.017100 -0.009242 0.168467 0.081114 -0.084469 0.026327 0.077346
-0.024355 0.053978 0.016040 -0.001186 0.008601 -0.003966 0.120788 -0.063749 0.004507 0.004694
0.034376 0.047150 -0.011751 -0.058275 -0.273832 0.072637 0.009242 -0.276422 0.079230 -0.002682
0.111723 0.056097 0.007991 0.080643 -0.027504 -0.011103 -0.007255 -0.054243 0.045110 -0.039895
-0.133064 0.014891 -0.097239 0.050594 -0.016755 -0.035581 0.023798 0.032876 -0.000962 -0.010254
-0.074331 -0.098945 -0.080228 -0.013233 0.022129 0.170205 0.080180 -0.054639 -0.029927 0.012807
-0.118734 -0.063608 -0.004515 0.119709 -0.076524 -0.000847 0.230255 0.078376 0.148369 -0.162406
-0.160262 0.014830 0.009529 -0.173617 0.024176 -0.124486 0.152658 0.015646 0.084566 -0.087393
-0.040699 -0.045281 -0.349963 0.134526 0.198085 -0.269248 -0.049911 -0.064875 -0.218947 -0.057612
-0.133844 0.031682 0.109083 0.174592 0.166306 0.123316 0.001218 0.071309 0.074526 0.015110
-0.139108 -0.068335 0.104404 0.220701 -0.160067 -0.355617 0.063169 -0.046377 -0.083299 -0.007579
-0.015317 -0.036556 0.294203 0.055370 0.199255 0.006994 0.052202 0.011990 -0.111715 -0.010254
-0.030878 -0.043356 0.024383 -0.034509 -0.012722 -0.026369 -0.000058 -0.036410 0.036897 0.082373
0.128385 0.054590 -0.182585 0.031706 -0.053128 -0.109278 -0.107426 0.076037 -0.079449 -0.053274
0.037190 0.110935 -0.073551 0.040090 0.030951 -0.028562 -0.077109 -0.121561 -0.089489 -0.063461
-0.164551 -0.016401 0.025467 -0.027588 0.057954 -0.026686 -0.036849 0.046085 -0.126825 0.000097
-0.057417 -0.011485 0.027393 0.048205 -0.036775 -0.631689 0.334171 0.060878 -0.099335 -0.099335
0.013111 0.238638 -0.282895 0.038335 0.227135 0.016487 -0.034509 0.102552 -0.057807 -0.072235
0.035289 0.000567 0.058376 -0.096905 0.034697 0.171772 0.054144 0.049328 -0.109821 -0.052940
-0.031523 -0.023095 -0.044074 -0.060091 0.080413 0.062098 -0.018398 -0.085157 -0.196874 0.018954
-0.050313 -0.105588 -0.141855 -0.120401 -0.545235 -0.164183 0.256126 -0.016656 -0.274369 0.096029
0.012715 0.007999 -0.010134 -0.056735 0.067060 0.212198 0.028258 -0.123539 0.092235 -0.068556
-0.013363 0.011164 -0.058012 0.072533 -0.093767 -0.081289 -0.051517 0.021107 -0.048817 -0.042359
0.010562 0.154843 0.087419 -0.133171 0.027619 0.066987 -0.039696 -0.067790 -0.020961 0.020341
0.065236 0.039732 -0.041630 -0.168562 -0.008547 0.019574 0.006130 -0.024390 0.001600 0.069942
0.105369 -0.101648 -0.220954 0.081946 0.108361 0.048416 -0.071657 0.057136 -0.095008 0.036576
0.019684 0.037215 -0.021417 -0.017321 0.063667 0.113104 0.026835 0.074138 0.034880 -0.021508
0.084281 -0.002953 -0.052210 0.076692 0.004102 0.002666 -0.183594 -0.046081 0.096394 -0.171626
-0.014530 -0.053451 0.039039 -0.056005 0.169291 0.041666 -0.007297 0.170021 -0.028641 -0.063521
0.045752 -0.058084 -0.026543 0.093913 0.157616 0.028367 -0.000121 0.110915 0.014539 0.044694
0.006057 -0.013901 0.034552 -0.089754 0.005669 -0.124852 0.002106 0.103472 -0.044950 0.082165
-0.006681 -0.084792 -0.112958 -0.050787 0.037197 -0.125071 -0.067206 0.067972 -0.064944 -0.099605
0.061988 -0.181405 -0.079903 0.313481 0.067972 -0.078589 -0.145170 -0.389006 0.046681 -0.230221
-0.216429 -0.134384 -0.150033 -0.049245 0.054417 -0.218197 0.002172 0.109983 -0.338082 0.374507
-0.026612 -0.173638 0.035408 -0.006471 -0.001102 -0.176025 -0.028247 -0.190613 0.218551 -0.110160
-0.048670 0.052383 -0.032159 -0.221734 0.187430 0.074707 -0.375568 0.438516 -0.002951 -0.087615
0.123598 0.029220 -0.006614 -0.123863 -0.058528 -0.023539 -0.162852 -0.043144 0.019273 0.026810
0.016489 -0.059766 -0.015317 0.045266 -0.179739 0.061932 -0.003553 -0.075945 0.011107 -0.016909
0.032137 0.075989 0.133412 -0.056671 -0.100434 -0.006620 0.034259 -0.035939 0.020655 -0.041575
0.111220 -0.074486 0.139954 -0.035895 -0.108657 -0.063788 0.162852 0.088676 -0.066396 0.057069
-0.093362 -0.016511 0.109275 0.053179 0.125013 0.070861 -0.074176 0.036978 0.031761 0.044205
0.033220 -0.267530 0.154453 -0.008128 -0.259750 0.069358 -0.191497 0.279024 -0.136152 -0.214838
0.407042 -0.007056 0.176910 -0.063611 0.029374 0.050792 -0.100258 -0.108657 -0.058395 0.139070
-0.040779 -0.039851 0.029529 0.055478 -0.038879 0.038945 0.013538 -0.003440 0.062948 0.008852
-0.044846 0.006537 -0.018345 0.123510 -0.045134 -0.047034 0.019439 0.239769 -0.025595 0.000969
-0.226154 -0.077448 -0.074442 0.083902 -0.050659 0.082620 -0.148264 0.021274 -0.028137 -0.050969
-0.063081 -0.163029 -0.119266 -0.018367 -0.291401 0.140396 0.034016 -0.136594 -0.048405 -0.028601
0.010410 0.026408 -0.067616 0.013860 -0.030048 0.057715 -0.006749 -0.002290 0.049401 -0.037189
-0.043157 -0.068996 -0.006788 0.005852 -0.065650 0.024425 0.054335 -0.160347 -0.081347 -0.171111
-0.031376 0.025028 0.154138 -0.142408 -0.117432 -0.065270 0.188084 0.076448 0.079967 -0.018836
0.209473 0.306343 0.341118 -0.216648 -0.461171 -0.274743 -0.037603 0.065063 0.069341 -0.028651
-0.087625 0.011695 0.036085 0.083692 0.201607 -0.004353 0.016387 0.064649 -0.088867 0.031876
0.143926 0.006210 0.050954 0.116328 0.051092 -0.012997 0.022113 0.017266 -0.075344 0.028409
-0.019491 -0.045365 -0.108048 0.003249 -0.028909 0.117087 -0.056922 0.002730 0.165591 -0.003724
0.044986 -0.070204 -0.000863 0.070445 -0.061683 -0.086314 -0.265222 -0.081623 -0.030117 -0.080864
0.108945 0.018543 0.019198 0.012506 0.011695 -0.054369 0.035326 -0.162417 -0.210301 -0.077897
0.041467 -0.082106 -0.062166 -0.000845 0.164487 -0.161451 0.040915 -0.019457 -0.000288 0.011195
0.033722 0.060717 -0.031324 0.058578 -0.044158 -0.206851 -0.374788 -0.270741 -0.102597 0.057853
0.043675 0.034360 -0.044710 -0.081623 0.038362 0.007426 -0.041225 -0.084934 0.003963 0.011660
0.002508 0.009220 0.018439 0.094525 0.124538 -0.021975 -0.004950 -0.028271 -0.083623 0.073205
-0.160623 0.057336 -0.082382 0.053403 0.031376 0.012747 0.020889 0.012359 -0.002671 0.135785
-0.153448 0.021009 0.137027 0.079070 0.144867 0.001735 0.079080 0.143016 0.001103 0.109786
-0.044966 0.108608 0.045429 0.005237 0.058973 0.000912 0.204092 -0.240604 0.137211 -0.120722
-0.075504 0.075378 0.116684 -0.006362 0.066965 0.273582 0.125181 -0.132080 0.013324 0.055692
-0.037584 0.097756 -0.031632 -0.010211 0.063979 -0.202410 0.087408 -0.121143 0.046354 0.067680
0.014785 0.039729 -0.127873 -0.230508 -0.046817 0.004501 0.074074 0.032368 0.039372 -0.078407
0.018729 0.085810 -0.004690 0.107935 0.177677 -0.002273 -0.085557 -0.035207 -0.046480 -0.033924
-0.064526 -0.003029 -0.075462 -0.049677 0.085641 0.066965 -0.006246 0.054220 0.112141 0.052075
-0.136791 -0.106253 -0.107094 0.046144 0.099018 -0.007256 -0.012966 -0.082949 -0.095316 -0.191305
-0.050182 0.116264 -0.073022 0.114665 0.013765 -0.047279 -0.037626 0.047826 -0.088754 -0.140745
-0.088165 -0.056239 -0.097503 -0.124845 0.098934 -0.214019 0.069910 -0.213178 -0.331629 0.128294
-0.000816 0.124340 0.071214 -0.184070 -0.156813 0.089007 0.094222 0.084380 0.225629 -0.063179
-0.041433 0.024355 -0.087745 0.015059 0.026816 -0.089848 0.011483 0.017814 -0.104907 -0.108861
0.018708 0.021221 -0.123078 -0.014806 0.145203 -0.004432 -0.177845 -0.057291 -0.046564 -0.062296
-0.048836 -0.050813 -0.000492 -0.029886 -0.371842 -0.077145 -0.010637 0.134351 -0.068017 0.107178
0.132164 0.114665 0.448902 -0.021431 0.002095 -0.115927 -0.180200 -0.141418 -0.000388 -0.038931
-0.014028 -0.048687 -0.064488 -0.225781 0.122694 0.129167 -0.236441 0.065250 -0.010453 -0.022369
-0.034481 -0.064060 -0.047046 -0.044571 -0.143064 -0.094139 0.013873 -0.085191 -0.045118 -0.057397
-0.118792 -0.196844 0.091188 0.271850 0.071056 0.012184 -0.002194 -0.031078 -0.007740 -0.225209
-0.163719 -0.056064 0.590532 0.195892 0.061918 0.091807 -0.026414 0.152012 -0.057302 -0.075292
-0.163529 -0.016074 0.243485 -0.002582 -0.074292 0.073864 -0.038812 0.059396 -0.087285 -0.089237
0.009102 -0.027437 0.010131 -0.002003 0.029912 -0.028556 0.076149 -0.122599 0.086095 -0.074864
-0.169906 -0.001208 -0.019275 0.008138 0.046831 -0.133165 0.005229 0.073436 -0.104704 -0.046522
-0.106703 -0.146967 -0.023106 -0.078957 -0.490397 -0.289936 -0.202365 0.092521 0.304023 -0.063156
-0.000508 0.097137 -0.054637 0.056588 -0.094091 0.020608 0.040430 -0.117554 0.023011 -0.065869
0.046855 -0.004203 0.086571 -0.122314 -0.053732 0.022892 0.067963 0.009102 0.041430 -0.022285
-0.039835 0.219308 0.126121 -0.019013 0.249196 0.015563 -0.074721 0.064393 -0.004721 -0.021964
-0.067867 -0.022702 0.060538 -0.132784 -0.054065 -0.038336 0.002951 0.115365 0.071627 0.041691
0.002113 0.123551 -0.186754 -0.174475 -0.009049 0.026224 -0.059443 -0.094281 0.018490 0.048878
-0.094805 -0.224638 0.133736 0.007508 0.134497 0.141827 0.039264 0.321537 0.072056 0.091236
0.114032 0.006389 -0.011398 -0.091701 0.038669 -0.076877 -0.127325 0.039473 0.058721 0.003613
-0.014680 -0.018458 -0.009603 0.007771 -0.106870 -0.061881 -0.010551 0.012238 0.057974 0.048465
0.010292 0.021532 0.030941 0.004306 -0.025195 0.079923 -0.009473 0.012073 0.025109 -0.053492
-0.112041 0.005229 -0.262923 -0.127095 0.048580 -0.059583 0.059296 0.038985 0.067167 -0.024434
-0.086875 -0.078142 -0.064697 -0.086875 -0.029791 -0.013790 0.087507 0.032521 0.012648 0.108938
0.044012 0.077912 0.132266 -0.011226 0.048752 0.021690 -0.068144 0.028513 0.072453 -0.024965
-0.064179 -0.027723 -0.003957 -0.047115 -0.010859 -0.007121 0.012849 0.043667 0.020584 -0.093368
-0.011664 -0.026330 0.077912 -0.015212 0.073028 -0.050419 -0.028254 -0.038640 -0.018587 -0.102848
-0.140080 -0.072109 0.055475 -0.030452 0.085553 0.111984 0.000132 0.057629 -0.047919 0.043983
-0.026789 -0.087967 -0.114052 0.014953 0.092104 -0.039358 0.091586 0.099458 -0.012238 0.011822
-0.115144 0.019995 0.038008 0.029246 0.041369 0.033038 0.029418 0.064409 0.074924 -0.006809
0.114569 0.072166 0.022739 -0.017898 0.068833 0.099228 0.033095 0.082968 0.044960 -0.022380
-0.104859 0.006654 -0.093080 -0.148929 -0.034991 0.087852 0.104974 0.055044 -0.030107 -0.016979
-0.123073 0.032233 -0.097505 -0.034934 -0.068833 0.009502 -0.012906 0.034043 -0.093942 0.025927
0.012418 -0.039617 -0.025913 -0.006363 -0.027881 0.014350 -0.357830 0.088261 0.028677 -0.074929
-0.267720 -0.038580 -0.022242 -0.152143 0.040022 -0.195784 0.364360 -0.011835 -0.071338 0.078303
0.022310 -0.119168 -0.003605 0.031969 0.158782 0.392438 -0.089512 -0.266414 0.048320 0.293621
-0.121345 -0.126568 0.007101 -0.167597 0.373067 0.032186 -0.134295 -0.050959 0.087172 -0.087608
-0.063012 0.051694 -0.063502 -0.075038 0.005683 0.070086 0.063175 0.138322 0.026854 0.102136
0.065461 -0.162047 0.038961 0.151599 -0.059638 -0.060019 0.127548 -0.010060 -0.026854 -0.030282
-0.158129 -0.066059 0.136145 0.075691 -0.080098 -0.130704 -0.028785 0.040675 0.060128 -0.052565
-0.031316 0.192192 0.014692 0.076126 -0.285133 0.035206 -0.028622 -0.039179 -0.040512 0.130595
0.137451 -0.016719 0.002049 0.186860 -0.006547 -0.056918 0.006098 0.043368 -0.245083 -0.032213
-0.079064 -0.361095 0.000313 0.036757 -0.200463 -0.135928 0.084343 0.173365 -0.110081 -0.139846
0.094573 -0.038743 -0.141369 0.030363 0.134513 -0.170862 0.115794 0.000331 -0.095606 0.115903
-0.083146 -0.151708 0.039097 0.190669 0.000002 -0.032948 0.081241 0.070140 -0.041926 0.001050
0.028241 0.018283 0.071555 -0.049653 0.259231 0.037002 0.142131 -0.109591 -0.143219 -0.048511
0.013835 -0.029166 0.187295 -0.021453 -0.020011 -0.242472 -0.041981 0.043559 -0.033438 -0.012794
-0.046035 -0.235289 0.217658 0.134948 -0.140716 -0.054415 0.040729 -0.041926 -0.187622 -0.143437
-0.035488 -0.050226 -0.008256 0.040879 0.066943 -0.137221 -0.026219 -0.057169 -0.008479 -0.042120
0.004591 0.092541 0.035954 0.001629 0.077182 0.022573 -0.019422 0.048132 -0.002555 -0.014166
-0.001040 0.016745 -0.010026 -0.072644 0.017211 -0.033723 0.027712 0.031474 0.088662 -0.232089
0.074467 0.212231 -0.246982 0.057906 -0.063491 -0.133342 0.000076 0.091067 -0.093549 0.007626
0.139393 -0.226969 -0.030601 0.151261 -0.372335 -0.017250 -0.235812 -0.133963 0.081759 -0.354649
-0.206180 -0.027285 -0.161655 -0.112166 0.047628 0.251947 -0.328275 -0.011325 0.226969 -0.122095
0.053174 -0.023368 -0.160104 0.072993 0.002265 -0.134196 -0.084008 0.111080 0.070084 0.086413
-0.130317 0.020614 0.017899 -0.026141 -0.048132 -0.154752 0.167396 -0.129619 0.069735 0.058837
-0.139160 -0.017967 -0.049451 -0.204474 0.050382 0.073265 -0.060582 0.009696 -0.028468 -0.098901
0.025055 -0.130472 0.090912 -0.030039 0.057363 0.118682 -0.036981 -0.045999 0.062482 -0.057518
-0.026335 -0.020517 0.002839 0.109218 -0.029709 0.026277 0.073614 -0.082922 0.095488 -0.076755
0.015097 0.045456 -0.236898 -0.059263 -0.047124 -0.257376 0.041733 -0.044486 -0.021564 0.020401
-0.040297 0.210214 -0.104331 -0.000285 -0.107279 0.095100 -0.085559 0.182599 -0.037563 -0.040569
0.219522 -0.254894 0.019800 0.155372 -0.106115 -0.041694 0.089205 0.080207 0.162586 -0.035798
-0.017570 -0.052980 0.009551 -0.027188 -0.060271 -0.040760 0.054911 0.086269 0.062386 0.073199
0.012411 0.070332 -0.121012 -0.030065 -0.006047 -0.050445 -0.102018 -0.020745 -0.016631 0.014010
-0.083495 -0.044992 -0.038269 0.060506 -0.009702 0.020075 -0.169435 -0.043840 0.042453 0.108694
-0.000419 0.039162 -0.131543 0.124491 -0.023847 0.191343 -0.192284 0.154861 0.183915 -0.010031
-0.002725 -0.029407 -0.095155 0.072635 -0.046425 -0.000674 -0.173666 0.229800 -0.096001 -0.134928
-0.024611 0.144800 0.079969 -0.418229 -0.051056 0.068686 -0.101548 -0.193506 -0.042218 -0.408826
0.108036 -0.024400 0.040854 -0.488184 -0.049458 0.120730 -0.120166 0.041042 -0.065677 0.017794
0.368771 0.185702 -0.405817 -0.201028 -0.199336 0.155707 0.058202 -0.136150 -0.083072 0.052514
-0.161631 -0.085705 0.047413 0.247101 0.077572 0.016126 -0.020980 -0.030794 0.026327 0.046919
0.011324 0.047953 0.050868 -0.176487 -0.069767 -0.032768 -0.050680 0.117815 0.074422 -0.048800
0.012658 0.014421 0.128816 -0.048706 -0.036341 -0.038645 -0.126465 -0.147809 0.024752 -0.083213
-0.027620 0.049505 0.067041 0.145647 0.035354 0.154109 -0.073199 0.032698 0.206106 -0.026022
0.008915 -0.065019 -0.018841 0.021885 0.122610 -0.041231 -0.121858 0.182035 0.236382 -0.028584
0.103711 -0.095014 -0.074986 -0.234878 0.324767 -0.245785 -0.001835 -0.045462 0.231681 0.014504
-0.007023 0.060647 0.053595 -0.072165 0.012018 0.006811 0.017501 0.119883 -0.365381 -0.067282
-0.015131 -0.506919 0.229870 0.046404 -0.122081 -0.009960 -0.063709 -0.206625 -0.026151 -0.036181
-0.118551 0.077097 -0.047481 0.115538 -0.050623 0.050494 -0.043886 -0.165558 0.061815 0.321646
-0.106326 -0.143260 -0.120187 0.122253 -0.102193 -0.100816 0.041476 0.072534 0.119240 0.286003
0.085921 -0.030305 0.012441 0.091001 0.019586 -0.007555 -0.024795 -0.099955 -0.085491 -0.065603
0.017951 0.118551 0.046534 0.047696 -0.082736 -0.095219 -0.120445 0.060524 0.067282 -0.033383
-0.013183 0.014464 0.054067 -0.021825 0.022277 -0.084027 0.031596 0.061428 -0.041777 -0.080282
-0.014647 0.025268 -0.021642 -0.052818 -0.060782 0.147995 0.073136 0.193711 -0.070855 -0.171671
0.146101 0.039517 -0.023267 -0.020523 -0.068272 -0.090915 -0.066938 -0.010218 -0.025312 0.129226
0.028110 0.025312 -0.148770 0.034394 0.005133 -0.188889 -0.194227 -0.041605 -0.013011 -0.060352
-0.006053 0.324056 -0.512429 -0.069478 -0.042293 -0.009099 0.048126 -0.039130 -0.101677 0.012720
0.164783 -0.084544 -0.028734 -0.035277 -0.044510 -0.032780 -0.095047 -0.052130 -0.053335 -0.083898
0.056822 -0.001412 -0.038269 0.044037 -0.004956 0.014862 0.050322 0.027076 -0.079938 0.242612
0.050365 0.096425 -0.162200 -0.169690 -0.078345 0.094445 0.074901 0.174770 0.103915 0.004864
0.030068 -0.050967 0.002368 -0.147220 -0.117948 -0.027163 0.003670 0.147564 0.072835 -0.114074
0.038484 0.083597 -0.005956 -0.003264 -0.109415 0.023010 0.014661 -0.047174 0.033564 0.001191
-0.018275 -0.057796 0.053961 -0.012523 -0.000592 0.078057 0.006130 0.034107 0.029492 -0.027659
0.010979 -0.046631 -0.000183 -0.054470 -0.040352 0.064278 -0.035703 0.059459 0.034362 -0.006550
0.031104 -0.007857 -0.070794 -0.126588 -0.002545 0.044153 0.002020 0.016239 0.070455 -0.119529
-0.040081 0.053690 -0.045375 0.064482 -0.000728 -0.086134 0.091768 -0.008366 0.073238 0.094754
0.025895 -0.082401 0.093057 -0.050941 -0.109144 -0.057049 -0.016417 0.237836 0.310055 0.025063
-0.077174 0.076428 -0.012795 0.014551 0.041370 -0.040691 -0.005320 0.232406 0.070319 -0.457210
-0.330418 -0.016451 -0.133240 -0.165073 0.010775 -0.000895 -0.024605 -0.004645 -0.077582 0.066280
-0.141724 -0.066213 0.113216 0.010266 -0.005769 -0.041472 0.020821 0.107447 0.091428 0.057253
0.108601 0.104257 -0.086134 0.127131 0.026098 -0.025725 -0.024401 -0.042456 -0.057287 -0.040182
-0.052841 0.057728 -0.028593 -0.024622 -0.001548 -0.033446 -0.044119 -0.052773 0.016723 -0.005354
-0.015162 -0.027439 -0.048226 -0.167110 -0.055963 -0.012167 -0.118443 -0.079007 0.039232 0.058169
0.078939 0.153942 -0.072220 0.184486 0.223718 0.030917 -0.139281 -0.131000 -0.046393 -0.127674
0.154756 -0.048735 -0.086541 0.023909 -0.042965 -0.060579 -0.014517 -0.080636 0.105546 -0.002946
-0.000109 0.135819 0.029984 0.000452 0.114913 0.029288 0.263603 0.106141 -0.079023 -0.050738
-0.151130 0.025577 -0.003655 -0.147215 -0.073107 0.333586 0.218114 -0.017235 0.025515 -0.117472
0.011695 -0.006478 0.107391 0.119888 0.042823 0.006623 0.004439 0.009909 -0.089562 -0.064151
0.067484 -0.016725 -0.136134 0.027243 0.124720 -0.039761 0.027785 0.007498 -0.091978 0.136884
0.052446 -0.046364 -0.062735 -0.099559 0.015954 -0.102809 -0.061069 0.077523 -0.131052 0.095394
0.027493 -0.049405 0.086396 -0.040574 -0.120138 0.064609 -0.022161 -0.073732 0.048197 0.035616
0.041303 0.221447 -0.085396 0.031638 0.127636 -0.027598 0.015944 0.057028 0.015954 0.148048
0.203951 -0.056611 -0.368911 -0.285765 -0.015142 -0.069608 -0.207617 -0.083480 -0.014163 -0.208617
-0.040928 -0.020912 0.023015 0.052112 0.015986 0.022953 0.044656 -0.076315 -0.082439 -0.075815
-0.012934 -0.047863 -0.170209 0.007540 -0.101476 -0.116555 0.139383 -0.189454 -0.052779 0.049238
-0.142133 -0.016048 -0.020433 -0.073649 -0.034533 -0.127136 -0.052737 0.040699 0.073066 -0.000661
-0.053404 0.129802 0.026598 -0.038928 0.283765 0.114139 -0.022245 0.107058 0.234110 0.053695
-0.024036 0.083522 0.068692 0.316591 0.213449 -0.005020 -0.127969 -0.395905 -0.047614 -0.156296
-0.256105 0.046989 0.002149 0.011903 -0.100476 -0.046947 0.037116 0.015184 -0.033159 0.043115
0.023932 0.005910 0.060485 -0.018131 0.030701 -0.005116 0.005168 -0.041594 -0.096977 -0.007680
-0.287707 -0.261054 -0.103433 0.024402 0.204219 0.135822 0.006851 0.051849 0.128497 0.036581
-0.254523 -0.121172 -0.389728 -0.161945 0.041744 0.160004 -0.008715 -0.069367 -0.102462 -0.125497
0.036515 -0.051981 0.205807 0.030094 -0.021777 -0.001652 0.076295 0.006095 -0.159827 -0.143412
-0.059880 0.164769 0.045804 -0.075369 0.069235 0.064910 -0.052070 0.061248 0.059130 0.000808
-0.020365 -0.155856 0.008213 0.034353 0.128144 0.179331 0.012102 -0.106257 -0.017496 0.043818
0.297944 0.041369 -0.029057 0.066631 -0.170771 -0.311005 -0.385491 -0.001464 -0.001290 0.244992
-0.166711 -0.046774 -0.008494 -0.150914 -0.239167 -0.027403 0.093549 0.116142 0.189216 0.054188
-0.063543 -0.142441 -0.095932 -0.019372 0.035765 -0.147913 -0.130439 0.057409 -0.042428 0.105286
0.084282 0.025174 0.148266 -0.131321 -0.037111 -0.033360 -0.178802 -0.050437 0.120201 0.250817
-0.141912 -0.225400 -0.038765 -0.048892 0.264937 -0.175536 0.020695 -0.038103 0.193452 0.021909
-0.000960 -0.054099 -0.075633 -0.032588 0.035765 -0.003285 -0.041104 0.004244 -0.086135 -0.083929
-0.000538 -0.354426 -0.206866 -0.045627 0.062660 0.007154 0.054364 0.093549 -0.089268 -0.243580
-0.137764 0.028594 0.401377 0.135381 0.157091 -0.090372 -0.005094 0.042825 -0.128409 -0.000533
0.004156 -0.002437 -0.023122 -0.058644 0.058468 0.105022 -0.029984 0.007568 -0.055600 0.205101
0.142265 0.025218 0.174830 0.001279 
