0.011600 0.018358 0.197742 0.104870 -0.034240 -0.096775 -0.172301 0.195429 0.179673 -0.059554
-0.609993 -0.106532 0.305864 0.147728 -0.141440 -0.237348 -0.107472 0.117518 -0.091427 -0.048098
-0.192538 -0.046870 0.078128 0.015349 -0.031204 -0.039426 0.328414 0.040437 -0.162328 -0.020417
0.143320 -0.046219 0.088905 -0.242811 0.336609 0.129723 -0.150971 -0.571173 0.097362 -0.187455
-0.081776 -0.035104 0.070558 0.164530 0.201574 0.284468 0.181445 0.124411 -0.262102 -0.134616
0.097642 -0.070803 -0.283629 0.145659 -0.160896 -0.263640 0.033514 0.010825 -0.004556 0.035157
0.236661 0.051756 -0.256511 -0.148734 0.085979 0.097134 0.195028 0.334203 -0.045873 -0.209598
-0.202009 0.278351 0.251639 -0.071143 0.206259 -0.004406 -0.456836 0.018488 -0.199885 -0.352720
-0.188957 0.090608 -0.175601 -0.126275 -0.180458 -0.020432 -0.053082 -0.392788 0.018867 -0.039916
0.250425 0.114968 -0.183341 -0.119217 0.174387 -0.119142 -0.005528 -0.156813 0.214316 0.084182
-0.046234 -0.067547 -0.142375 -0.049593 -0.073761 -0.162212 0.018236 0.316389 0.106028 -0.200128
0.058727 -0.230135 -0.159952 -0.008114 -0.131326 -0.239300 -0.215571 -0.107786 0.027794 0.172758
0.072631 0.161835 0.022819 -0.333464 0.147020 0.168490 -0.112745 -0.241184 0.059558 -0.022132
0.146578 0.258908 -0.202905 -0.065050 0.297249 -0.010023 0.043080 0.249862 0.084975 -0.068766
0.081151 -0.119546 0.087505 0.056811 -0.026790 -0.110284 -0.144101 -0.024125 -0.063812 0.006778
0.062842 0.122131 -0.035648 -0.052907 0.042218 0.177703 0.121161 -0.096660 -0.016680 0.016222
0.113470 -0.034796 -0.132024 0.290087 0.113795 0.059111 -0.056637 -0.180068 0.005611 -0.172776
0.035708 -0.142440 0.010506 0.038865 0.068876 -0.056409 0.138664 0.029702 0.197905 0.044464
0.179156 0.120631 -0.094005 0.228633 -0.213920 0.003070 0.332012 0.115749 -0.079488 0.189182
-0.176552 0.019140 -0.258993 0.004777 0.028821 -0.004106 -0.142604 -0.049627 -0.076395 0.031861
0.018566 0.031071 0.007260 0.053180 -0.001462 -0.044416 -0.106756 -0.046745 -0.069368 0.085752
0.119232 -0.016631 -0.060090 -0.034427 0.001477 -0.001574 0.046034 -0.094122 -0.076711 0.134708
0.063919 -0.029295 0.030894 0.239569 -0.018694 -0.042400 0.250268 0.190877 0.087556 -0.292362
-0.112123 0.164856 0.102327 0.051967 -0.045576 -0.178479 0.112812 -0.278433 -0.007462 -0.305373
-0.321751 -0.116562 0.261289 -0.129803 -0.214144 0.228073 0.181387 -0.102327 -0.091459 -0.207868
-0.021200 0.088780 -0.311190 -0.128119 0.294811 -0.345630 0.005013 -0.162878 0.042946 -0.751349
-0.220179 0.245606 0.340755 -0.152801 0.097786 0.095032 0.153152 -0.084896 0.172956 -0.067788
0.090286 -0.212328 -0.132295 -0.005262 -0.092161 0.065503 0.133935 -0.033865 -0.293415 0.009206
0.032898 -0.115714 0.744319 0.148465 0.006448 0.067846 -0.174713 0.004662 -0.307734 0.148708
-0.043454 0.205806 0.268981 -0.072577 0.006381 -0.035256 -0.192735 -0.125433 0.044429 0.029323
0.096482 -0.001328 0.028105 -0.125318 0.259350 -0.110126 -0.277924 0.051308 0.235272 -0.303836
0.005095 -0.062086 -0.072347 0.061512 0.226444 -0.000160 -0.051939 -0.104107 -0.013594 -0.090635
-0.173900 0.094278 0.115189 0.091150 0.127342 0.055450 0.359418 0.312770 0.027211 -0.375682
0.089720 -0.239493 0.006909 0.051831 -0.089095 -0.172471 -0.088201 -0.495428 0.207143 -0.584434
-0.094546 0.126806 0.101338 -0.045664 -0.467547 -0.014711 0.107414 -0.084225 -0.341009 0.065414
0.277919 -0.011595 -0.214602 -0.275594 0.024827 -0.034514 -0.094790 0.036317 0.120246 -0.178980
0.309304 0.350661 -0.240493 0.141707 -0.129630 -0.105216 0.066596 -0.199658 -0.220684 0.118509
-0.049828 0.253352 -0.113122 0.244663 0.066205 -0.099047 -0.193055 -0.388194 0.135972 -0.027412
0.232326 0.123114 -0.183150 -0.157085 0.095118 -0.281187 0.310642 -0.044254 -0.165810 0.036855
0.223426 -0.109989 -0.020780 -0.272997 -0.166672 -0.064621 -0.152303 -0.013111 0.125435 0.070225
-0.225582 -0.002690 0.196558 0.234059 -0.326734 0.104026 -0.121124 0.178741 0.128883 -0.455761
-0.026563 0.096411 0.197707 -0.131254 -0.335355 -0.196701 -0.071044 0.033224 0.034495 -0.170310
0.104241 -0.173663 0.012084 0.059473 0.245247 0.073693 -0.210861 0.264279 -0.121542 0.067692
-0.007792 -0.297151 -0.300611 -0.429939 -0.315966 -0.331970 -0.299746 -0.188152 0.039388 -0.070449
0.221674 -0.620254 -0.130842 0.556239 0.025628 -0.491359 0.361166 -0.199615 -0.241518 -0.212808
0.360046 -0.391279 -0.073328 0.202138 -0.281674 -0.056451 -0.003102 0.073425 0.257231 0.029681
-0.152671 0.304759 0.198064 -0.483424 -0.486140 -0.149373 0.070758 -0.025679 -0.377894 0.159945
-0.296224 0.289822 -0.088411 -0.246368 0.328232 0.153253 0.120856 -0.010342 0.019484 -0.297388
0.000884 -0.229619 0.068440 0.040872 0.229004 -0.048331 -0.097277 0.007555 -0.054175 0.458316
-0.076014 0.126498 -0.164563 -0.008968 -0.128267 -0.119654 -0.142878 0.175483 0.186095 -0.148338
-0.063903 0.154413 0.068901 -0.060173 0.334355 0.142263 0.139110 -0.320821 0.153720 0.023935
0.059596 -0.053445 
