-0.105041 0.465573 0.254116 0.065765 0.016513 0.021774 0.100454 0.048994 -0.004999 -0.076831
-0.328195 -0.105499 0.058999 -0.013947 0.007525 -0.007948 0.100740 -0.007819 -0.101256 -0.038186
0.046987 -0.067084 0.109054 -0.113641 0.102117 -0.038072 0.022232 -0.000349 -0.012886 -0.054584
-0.111118 0.008378 -0.349758 0.006444 0.012212 -0.001143 0.168167 0.130755 -0.054689 0.400718
0.102292 -0.099496 -0.009283 -0.161953 -0.020679 0.006024 0.026303 -0.133365 0.006397 -0.087067
-0.212912 -0.029954 -0.101422 -0.026319 -0.020772 -0.025123 -0.016640 -0.006269 -0.047262 0.016624
0.044372 0.043564 0.005434 0.001374 -0.002479 -0.004957 -0.110429 -0.553436 -0.205925 0.025441
0.051574 -0.005557 0.057473 0.179655 -0.241137 -0.035581 -0.291282 0.045720 0.093699 0.163155
-0.132921 -0.208322 -0.066921 -0.114577 0.074065 0.059363 -0.165459 -0.051435 -0.133566 0.022031
0.248327 -0.112641 -0.012986 -0.235422 0.223624 0.159744 -0.037954 -0.199743 0.117775 -0.017040
0.018214 -0.007110 0.102200 0.048491 0.028199 0.165382 0.273122 0.088231 -0.066273 -0.017351
0.026975 -0.012283 -0.034080 -0.050337 0.002890 0.009754 -0.002777 0.054070 0.005023 0.027858
0.011671 0.039278 -0.005635 -0.025831 0.032535 0.035063 0.055716 -0.050658 -0.160330 0.054867
-0.026621 0.002450 -0.480153 -0.079747 0.086663 0.011425 -0.069396 -0.545882 -0.020517 -0.100821
0.271641 -0.039734 0.136842 -0.088891 0.054170 -0.003310 -0.065821 -0.127094 0.009852 0.057930
0.039293 -0.268485 -0.021457 -0.067493 0.013287 0.125237 -0.055099 -0.102306 0.059973 -0.115118
-0.184317 0.002821 0.062897 0.043567 0.075488 -0.372890 -0.007759 0.151332 0.092691 -0.065439
0.035646 -0.006698 0.006019 -0.005195 0.006902 0.165401 -0.150977 0.013338 -0.054030 -0.129223
0.094819 -0.040848 0.054148 -0.069341 0.009355 -0.049508 -0.015946 -0.015695 -0.127213 0.028419
-0.030651 0.076434 -0.067973 -0.174483 -0.134810 -0.080819 0.160835 -0.094400 -0.722553 -0.079146
-0.077474 -0.457617 -0.045561 0.020941 -0.165384 0.053221 0.011532 -0.116612 -0.107246 0.027347
0.445307 0.111126 -0.543520 -0.005486 -0.189202 0.049809 0.033268 -0.070984 -0.515421 -0.166455
-0.001123 0.197899 -0.105506 0.235231 -0.020985 -0.025775 -0.238076 0.010346 -0.046211 0.039850
0.248459 0.002600 0.056009 -0.038680 -0.140901 0.047601 0.040398 0.012522 0.023435 0.021296
0.021515 0.051403 -0.010593 0.002484 -0.040362 0.020565 -0.016086 0.000350 0.005763 -0.001673
0.035902 0.016808 -0.038388 -0.013682 0.036944 -0.000389 -0.157523 0.050574 0.060328 -0.047824
-0.107164 -0.082843 -0.077429 0.003059 -0.017628 0.026469 -0.052765 0.284795 -0.034396 0.104757
0.059511 -0.047523 0.033859 0.005575 0.043871 -0.063465 -0.058093 0.086496 -0.063293 -0.021484
0.068621 0.109742 0.018358 0.010044 -0.082199 0.132773 0.003462 -0.018648 -0.041597 -0.024031
-0.005672 -0.184742 0.297494 0.030368 -0.086186 0.044031 0.033131 0.361575 -0.010273 -0.007725
0.211713 -0.022776 0.030621 0.046667 -0.015906 0.076756 -0.007681 0.025742 -0.057795 -0.047732
-0.011115 0.070774 0.041369 0.128671 -0.066972 -0.037516 0.003020 0.054855 0.060736 -0.086794
-0.442256 -0.008843 0.029584 0.061518 -0.029165 0.291929 -0.088306 -0.098876 0.291034 -0.095185
0.055170 -0.026872 -0.031849 0.008095 0.021559 0.032716 -0.118673 -0.054583 -0.239807 -0.040602
-0.118785 -0.100721 -0.069235 0.008759 -0.001032 -0.029109 -0.018749 0.112857 -0.054751 -0.071808
-0.016596 0.070354 -0.140306 -0.018187 -0.026989 -0.345834 -0.042407 0.197051 -0.179751 0.033974
-0.081139 -0.097401 -0.185979 -0.062195 -0.095930 0.026275 -0.066996 0.108473 0.004966 0.444619
-0.374725 0.044635 -0.068293 0.165651 0.168592 -0.242378 0.173263 -0.006288 -0.074781 -0.047792
0.200165 0.107003 -0.146966 -0.320921 -0.150909 -0.031554 0.045861 0.394167 -0.258388 0.008663
0.068870 0.052838 -0.017913 -0.518344 0.004525 -0.058247 -0.339918 0.042960 0.021010 -0.106773
0.178112 -0.046253 -0.148009 -0.025792 -0.057424 -0.040961 0.030711 -0.164785 -0.150439 -0.060560
-0.105597 0.043431 0.060599 -0.047389 -0.001856 -0.092584 -0.068505 -0.731513 -0.431957 0.060585
-0.051305 -0.076071 -0.108994 0.032805 -0.057393 -0.141739 -0.242577 0.256053 0.022919 0.083341
-0.019180 -0.043473 -0.163136 0.269293 0.017466 0.163491 -0.021486 -0.042321 -0.059344 0.056152
-0.051069 -0.008430 -0.262673 -0.001895 0.005153 0.249906 0.341641 0.066969 0.023986 0.063255
-0.008317 -0.003369 -0.050321 0.065827 0.065529 -0.095274 -0.140675 0.000443 0.275386 -0.226631
0.017370 0.055428 -0.070039 -0.006891 0.016885 0.462505 0.080290 0.047190 -0.235278 -0.134189
-0.161772 -0.134562 0.061429 -0.104742 -0.232296 -0.010213 0.153274 -0.017379 0.204862 -0.071381
0.126073 0.010872 0.005041 -0.010208 0.023441 0.309604 0.125231 -0.280559 -0.243726 0.070666
-0.043620 0.108919 -0.001937 0.000028 -0.052592 -0.010563 -0.046646 -0.126809 0.042647 -0.106972
0.028203 0.079558 -0.041279 0.010504 0.026467 -0.018153 0.019311 -0.019113 -0.026612 0.003887
-0.013773 -0.059616 -0.142937 -0.035041 0.007440 0.069885 -0.014642 0.108621 -0.050681 0.073316
0.026066 0.083281 0.019698 0.062560 0.065331 -0.505756 -0.501796 0.020078 -0.228197 0.047415
0.013413 -0.111393 0.005420 0.031181 0.068829 0.006855 0.012002 -0.168409 0.035833 0.062032
0.055400 -0.115616 0.054377 0.045138 -0.039529 -0.171406 -0.307584 0.024647 -0.089291 -0.043504
-0.086111 0.008547 0.085947 0.273336 -0.521230 -0.093205 0.118973 -0.050476 0.171895 0.060302
0.014250 0.049049 -0.016971 0.011324 -0.055246 0.164801 0.025951 -0.079465 -0.110818 0.030701
0.120196 -0.066214 -0.038632 -0.056999 0.061117 0.136586 -0.050255 -0.011538 0.045760 0.053940
0.062303 0.030995 -0.107984 -0.095754 -0.135686 0.023651 -0.062250 0.009493 -0.042650 -0.461625
-0.062303 -0.561978 0.103385 -0.158161 -0.082112 0.091834 0.084725 -0.152621 -0.090527 -0.049210
0.044976 0.103228 0.034104 -0.156802 0.021730 -0.042493 -0.002635 -0.006965 0.329895 -0.024042
0.029987 -0.196853 0.119948 -0.206335 -0.009679 -0.248324 -0.131913 -0.111370 0.007718 -0.267889
0.022274 0.047407 -0.090826 0.023271 -0.019941 0.113025 0.191285 0.133042 -0.040672 0.039807
0.332303 0.193392 0.101060 0.148393 0.172021 -0.338624 0.016574 -0.029893 0.080893 -0.073745
-0.162579 -0.038832 0.032600 -0.568878 -0.243124 -0.041514 -0.135565 0.022830 -0.051594 -0.217302
-0.253254 0.059589 -0.062320 0.023823 -0.006049 0.095442 -0.262192 -0.078111 0.113021 0.079601
-0.139538 -0.053332 -0.423083 -0.147781 -0.180655 0.030490 0.240542 -0.054673 0.300528 -0.173504
0.115901 0.300131 0.506333 -0.192358 0.029450 -0.069365 -0.073375 -0.278682 -0.023968 -0.544529
0.191746 0.136209 -0.031531 0.073337 0.005935 0.081359 -0.046714 -0.041481 -0.040756 0.087928
0.009430 0.125896 0.019633 0.097477 -0.095491 0.000071 0.110159 -0.048471 -0.017933 0.071848
0.010113 -0.033059 -0.131396 -0.077348 -0.051333 0.041470 -0.156566 -0.080897 0.083274 -0.474166
0.138314 0.079566 -0.286895 -0.000035 -0.151718 0.193545 -0.006417 -0.127382 -0.015139 -0.072104
0.038904 -0.069490 0.016184 0.064309 0.049384 -0.012726 -0.081563 0.021199 -0.031299 0.069442
0.043918 -0.060839 0.061267 -0.048957 0.038405 0.021876 0.035854 -0.026049 0.007617 -0.048703
0.023693 0.000554 0.055845 -0.030791 0.031523 -0.021922 -0.039894 -0.028332 -0.044635 0.454488
0.310719 -0.161447 -0.290114 -0.044928 -0.040479 -0.024908 0.026005 -0.289645 0.167652 -0.011678
-0.010712 0.055172 -0.104724 0.007786 -0.061348 -0.116022 -0.063923 0.000071 0.103273 0.050200
0.029358 -0.030879 0.126185 0.009190 0.130220 -0.073659 -0.052491 -0.032401 -0.080293 0.017449
-0.120645 -0.084123 0.300928 -0.478202 -0.227338 -0.031102 -0.084533 -0.339775 -0.076053 0.050132
-0.040386 0.025681 0.032384 -0.015901 -0.060015 0.010575 -0.017662 -0.147318 0.025989 -0.087885
0.047964 -0.100080 -0.153592 -0.058833 -0.037039 -0.082645 -0.126798 -0.263559 0.234577 -0.084079
-0.052682 0.449832 -0.006255 -0.371941 -0.063210 -0.027737 0.378583 0.202877 0.147478 0.024529
0.109514 -0.022850 -0.049134 0.012019 -0.168611 -0.120383 -0.236992 0.076796 -0.091853 -0.258125
-0.153894 0.361375 -0.029738 -0.141172 -0.187073 0.134853 0.639963 -0.073885 0.052914 -0.004765
0.079509 -0.464140 -0.197350 0.058781 -0.588855 -0.035970 -0.055309 -0.034113 0.058851 -0.133326
0.051212 -0.088953 0.015268 -0.273595 -0.040484 -0.022655 -0.034130 -0.018784 0.034321 0.089995
0.060622 0.021509 -0.055587 -0.034651 -0.019673 -0.391146 -0.293845 0.088779 -0.040021 -0.037971
-0.196652 -0.046952 -0.009419 -0.132575 0.220060 -0.022640 -0.035355 0.022114 -0.034762 -0.142068
-0.057496 -0.034115 -0.038645 0.016531 -0.050080 0.047491 -0.077722 0.152640 0.036326 -0.018918
0.109437 -0.084896 0.091746 -0.093903 0.012351 -0.037054 0.017622 -0.036843 0.073686 0.198323
-0.119953 0.001903 0.036700 0.037985 0.012695 -0.105730 -0.082996 -0.028774 0.452852 -0.031702
0.052380 -0.046125 -0.042555 -0.235337 0.070487 -0.066488 -0.063632 0.010767 -0.071572 -0.030103
0.166221 -0.029017 0.098247 0.041698 -0.079169 -0.093449 0.027546 -0.000533 -0.051154 -0.192543
-0.458860 -0.049211 0.164836 -0.043876 0.271611 0.071873 0.090565 -0.192543 -0.013378 0.049790
-0.083080 0.008834 0.135309 0.064925 0.097512 -0.029196 0.048425 -0.045489 0.003500 -0.061162
-0.049211 0.106692 0.010204 -0.045861 -0.025350 0.023117 0.073237 -0.057688 0.036846 0.004688
-0.004459 0.010705 -0.018060 0.112737 0.016367 -0.020619 0.013276 0.054984 -0.017331 0.063489
0.034315 -0.058692 -0.006057 0.118967 -0.425631 0.418510 0.040348 -0.030459 0.017541 0.095777
0.057703 0.036293 -0.034612 0.067840 0.022906 -0.086827 0.036466 -0.015897 -0.022078 0.035824
0.060917 -0.030706 -0.116760 -0.058995 0.082146 -0.096406 0.138122 -0.047140 0.058828 -0.162838
-0.221330 -0.090366 0.051698 -0.218870 0.035761 -0.020159 -0.043114 0.099985 0.156240 0.010925
-0.006812 0.029917 -0.213837 0.140582 -0.012197 0.032461 0.000658 -0.048315 0.022088 -0.069508
0.007000 -0.059778 0.038081 0.007591 
