0.016565 -0.035954 -0.040409 0.028620 -0.354957 -0.214881 0.157971 -0.121595 -0.252577 0.074952
-0.114114 -0.070515 0.113968 -0.171611 0.593160 0.044480 -0.128562 0.528915 0.005170 0.045433
-0.103847 -0.116241 -0.210627 -0.438856 -0.247296 -0.494886 -0.517181 0.356130 0.231749 0.135602
0.157824 -0.025815 0.142643 -0.187599 -0.060174 0.427122 0.172345 0.294233 -0.215761 0.021140
0.022808 0.181145 0.053207 -0.148803 -0.092039 0.068315 0.128489 -0.145503 0.143450 0.129662
0.046203 -0.014292 0.255657 -0.000705 -0.067068 -0.018005 -0.012953 -0.029959 0.081772 0.047120
-0.049503 0.001136 -0.148730 0.074842 0.049173 -0.237909 0.106414 0.232482 -0.258591 0.059771
0.214588 -0.288659 0.037036 0.317701 0.368158 0.095560 -0.009396 0.415094 0.106414 -0.249790
0.004506 -0.048550 0.170731 0.121008 -0.027557 0.069928 0.212681 -0.052657 -0.049540 0.194786
0.082652 -0.039016 -0.287192 0.110007 0.111181 -0.328849 -0.102527 -0.153130 0.059771 0.209601
0.100767 -0.272085 0.033809 -0.060357 -0.195960 0.154304 -0.099813 0.174985 -0.291446 -0.023468
-0.018610 -0.227789 -0.087566 0.077959 0.089986 -0.101280 0.850137 0.146970 0.142790 0.235709
-0.181145 0.263578 0.359064 -0.045836 -0.271498 -0.352023 0.126362 0.132669 -0.094166 -0.114994
0.044260 -0.077739 -0.153570 -0.003438 0.273552 -0.119101 -0.042683 0.176305 0.099593 0.236442
-0.212534 -0.137289 0.046386 0.043673 -0.191119 -0.229695 -0.026072 0.074768 0.067104 0.190826
-0.106340 0.110227 0.310074 -0.112941 0.049870 -0.208721 -0.119615 0.064098 0.165158 -0.156210
-0.058304 0.340289 -0.011624 -0.103700 -0.086686 -0.129222 -0.323275 0.044516 -0.057350 0.034524
0.017785 0.106340 0.102307 -0.065968 -0.065638 -0.093800 -0.131055 -0.012825 0.067948 -0.039053
-0.213268 -0.070075 0.027190 0.039493 0.124162 0.141763 0.357304 0.198307 -0.367278 0.344690
-0.004095 -0.052950 0.120201 0.146676 0.097687 0.122035 0.076198 -0.103187 0.429175 0.312128
-0.253604 0.017280 0.259911 0.356424 -0.298487 -0.025137 0.506914 -0.007646 -0.108687 -0.040813
0.118515 0.234096 0.206520 0.161931 0.263284 0.015300 0.115654 0.030875 0.074365 -0.023340
-0.074512 0.028052 0.089986 -0.076858 0.223975 -0.244950 -0.399253 -0.049173 0.067031 -0.075758
-0.005477 0.337943 0.116754 -0.172932 0.062558 -0.147116 -0.043233 0.211361 0.243190 0.032709
0.094460 0.481979 0.406294 -0.427415 -0.609001 -0.398080 -0.173225 -0.320635 0.007095 0.221775
0.050053 0.163398 -0.190679 -0.304794 0.222508 -0.004173 0.000708 -0.183199 0.293940 0.268858
-0.162077 -0.205934 -0.243483 -0.096073 0.146676 -0.104507 -0.271351 0.004240 -0.056397 -0.341756
-0.128049 -0.082872 -0.006651 0.041693 0.014127 -0.043196 0.050200 0.060504 0.028254 0.132596
0.185692 0.075318 0.126655 0.257857 0.261084 0.027997 0.026512 -0.006481 -0.066860 -0.296132
0.872061 -0.188800 -0.124715 0.938240 0.116233 -0.165658 -0.202727 -0.219900 0.091520 0.482523
-0.078536 -0.105761 0.280425 0.110474 0.030027 -0.022199 0.018260 0.029582 -0.100526 0.067069
0.285032 0.067960 0.048430 0.167438 0.037880 -0.357913 -0.245450 0.304090 -0.154768 -0.226392
0.151940 0.212151 0.004984 0.222204 -0.006178 0.036938 -0.025432 -0.165658 0.186287 0.547446
0.224507 0.227439 0.160213 -0.062357 -0.272467 0.105604 -0.463256 -0.182203 1.015310 -0.187543
0.006767 0.314562 0.109322 -0.200842 0.019359 -0.142726 -0.300530 0.796666 0.045210 -0.426187
-0.098693 0.062724 -0.602317 0.305766 0.162517 -0.198643 0.158642 0.029137 0.002418 0.020694
-0.040132 -0.228068 0.169637 -0.203879 -0.102306 0.419276 -0.024555 -0.019870 0.270372 0.004244
-0.258435 -0.052252 -0.269535 -0.374039 0.203983 -0.202203 -0.350583 -0.165972 0.233094 0.362730
-0.716665 0.276865 0.086442 -0.540745 0.230581 0.120003 -0.121469 -0.223879 -0.198015 -0.008515
0.041624 0.059844 -0.404407 -0.231000 -0.082829 -0.018966 -0.018351 0.028299 -0.253199 -0.188276
-0.101102 -0.443570 -0.233513 -0.241471 -0.212256 -0.134977 -0.037462 -0.165763 -0.145972 0.193407
-0.199690 0.339693 0.150265 -0.180109 -0.569646 -0.244194 0.487969 -0.634987 -0.453622 0.759388
-0.174663 0.111102 0.297598 0.308279 0.355191 -0.554567 -0.023953 0.095499 -0.203460 -0.013174
0.233722 -0.186810 -0.154768 -0.050760 0.185554 -0.042619 0.137804 0.457811 0.118955 0.069373
0.174559 -0.123668 -0.019451 0.043221 -0.006833 -0.120003 -0.101154 -0.160736 -0.138432 -0.235398
0.102201 0.215502 -0.335923 0.075865 -0.007814 -0.265974 0.059216 -0.043666 -0.039058 -0.189323
0.234769 0.332782 0.812164 0.280634 -1.254058 -0.169428 -0.114872 0.062462 -0.152988 -0.185554
-0.012081 -0.318331 -0.227230 -0.093091 -0.073300 -0.332991 -0.280844 -0.161679 0.053823 -0.142307
-0.000118 0.035760 -0.348280 0.030367 -0.076337 -0.204926 0.226811 0.011551 -0.688182 -0.221575
0.132568 0.079216 0.362102 0.271419 -0.070892 -0.063300 -0.285032 0.100002 -0.080944 -0.089950
-0.051258 -0.135814 -0.136547 -0.065918 -0.048195 -0.356029 0.102568 -0.028247 -0.229953 -0.022566
-0.311839 -0.268906 0.296551 0.080525 0.092515 -0.140003 0.120107 0.242518 -0.231419 -0.105028
-0.041676 -0.145972 0.101887 0.101520 0.025249 0.634150 0.299902 -0.735094 -0.018338 0.097175
-0.249011 -0.100316 -0.013102 -0.330478 0.031310 -0.214455 0.764833 -0.095814 -0.082567 -0.037907
-0.189952 -0.114976 0.007526 -0.018770 0.093353 -0.107437 -0.265137 -0.258435 -0.139898 0.914784
0.647553 -1.243168 -0.027330 -0.329012 -0.697397 0.201261 -0.123877 0.016349 -0.218434 -0.186496
-0.122306 0.070525 -0.048116 -0.333410 -0.147438 0.060996 -0.150474 -0.294247 -0.247754 0.370689
-0.216340 -0.130893 0.561269 0.021178 0.158223 0.293619 0.077207 0.066764 0.108389 -0.174138
-0.518256 -0.173655 0.150062 0.174525 0.094417 0.066909 0.009820 -0.046339 0.001716 0.040585
-0.044622 0.012352 0.077835 -0.030965 0.042640 0.055790 0.141167 -0.148805 -0.139523 0.043680
-0.097898 0.034518 0.032584 -0.088519 -0.055355 0.006188 0.100461 0.068698 0.203242 0.085570
-0.158378 0.208270 -0.048079 0.034808 0.071502 0.035195 0.033044 0.120282 -0.005575 -0.060238
0.122022 0.065604 0.044090 -0.102104 0.106262 -0.266283 -0.100267 0.195603 0.188255 -0.071985
0.035026 0.099687 0.112450 -0.009965 -0.543783 -0.155574 0.120765 0.049844 -0.011857 0.040054
0.114771 0.067876 -0.254681 -0.271505 0.007669 -0.098430 0.046991 0.064154 -0.100654 0.064154
0.042398 -0.039909 -0.026735 -0.108099 -0.030336 0.082283 -0.008932 -0.026300 -0.068215 0.053421
0.034422 -0.195120 0.143584 0.174815 0.020933 0.117091 0.048683 0.051971 0.032971 -0.045251
-0.063380 0.228188 0.051826 0.048659 0.160118 -0.030723 -0.125600 -0.026082 0.119702 -0.034736
0.054485 -0.022686 -0.069568 0.082621 -0.007790 0.026493 0.038748 0.085135 -0.037806 -0.131981
0.107132 0.105005 0.051536 0.097705 0.108292 -0.000356 -0.199954 -0.246945 0.051874 0.007681
0.030191 -0.057337 0.026565 0.102684 0.078415 -0.092725 -0.175588 0.099494 -0.063090 -0.042834
-0.133045 -0.261449 -0.036621 0.029176 -0.300318 0.075853 0.011041 -0.068795 0.120089 -0.154897
-0.012570 -0.195120 -0.007808 0.003315 0.004179 -0.022202 0.080736 -0.095094 0.201501 -0.044622
0.007010 -0.082911 0.197440 0.155574 0.029055 0.089196 0.093257 -0.006895 -0.073387 0.020293
0.092339 -0.017477 -0.049070 0.243658 -0.121055 -0.204402 0.210977 0.069375 -0.066232 -0.168047
0.349436 0.069133 -0.221033 -0.148709 -0.199761 -0.210203 0.002491 0.139136 -0.099397 -0.030409
-0.019290 -0.130338 0.029055 0.100944 -0.125213 0.073581 0.092097 -0.045807 0.236696 0.099494
-0.003224 0.133818 -0.040682 0.003611 -0.111677 0.017187 0.095916 -0.348276 -0.083153 -0.012594
-0.218132 -0.055838 0.016087 0.104231 0.036089 0.002311 0.207689 0.100654 -0.046073 -0.016788
0.082525 -0.147548 0.043559 0.083346 -0.041770 -0.005179 0.072904 -0.315982 0.094127 0.023955
-0.240564 0.133915 -0.040416 -0.074113 0.164469 0.026034 -0.015893 0.029877 0.003191 -0.066522
-0.143197 0.001887 0.047185 0.023060 -0.155187 0.005816 -0.033044 0.042809 0.060624 -0.097608
-0.015700 -0.107035 0.018202 -0.032028 -0.146388 0.064395 -0.001956 0.006022 0.034832 0.119218
0.012558 0.168047 -0.016183 -0.027218 0.027677 0.114384 -0.085377 0.045082 -0.121636 -0.169304
-0.010303 0.307280 -0.046846 0.001842 -0.327391 0.046991 -0.045082 -0.022130 -0.026082 0.023604
-0.011186 -0.053614 0.177812 0.074499 0.099880 -0.044816 0.041552 0.003475 -0.094224 -0.186031
-0.268217 -0.198020 -0.251780 -0.138556 -0.189793 0.016640 -0.010653 -0.172016 0.071682 -0.096465
0.068440 -0.033148 -0.078897 -0.165846 0.105876 0.133221 0.025541 0.050716 0.095785 -0.000794
0.217713 0.090452 -0.069434 -0.089773 0.055003 -0.183832 -0.057147 -0.038298 -0.090923 -0.355535
0.055160 -0.148488 0.007444 -0.088465 -0.020286 -0.060075 -0.040730 0.415348 0.348424 0.009463
0.006434 0.222105 -0.068702 0.065251 -0.040547 0.097511 -0.104569 -0.507369 -0.130188 -0.056781
-0.872524 0.105719 -0.244482 -0.292166 0.132489 -0.188224 1.079152 0.214366 0.019685 0.157272
0.051187 0.039396 0.014862 -0.016875 -0.020953 -0.248874 -0.184878 0.370802 0.204642 -0.336503
0.218549 0.233607 -0.255148 0.006326 0.204537 0.148802 -0.016417 -0.171807 0.097877 -0.101171
-0.095210 -0.012535 -0.069016 0.151311 0.044416 0.235489 1.095883 -0.270415 0.148488 -0.368083
0.031580 -0.036913 -1.606180 0.082819 0.023358 0.121927 -0.113667 0.067081 -0.008490 0.003608
-0.202759 -0.299695 0.008470 -0.182787 -0.970400 0.195962 -0.111889 0.175258 -0.098138 0.106190
1.145240 -0.282127 -0.078950 -0.271879 -0.085851 -0.021594 0.004611 0.119732 -0.244482 -0.318099
-0.087315 -0.148174 -0.045854 0.524100 -0.165010 0.063160 0.505277 -0.122659 -0.290911 -0.141168
-0.141482 -0.025632 -0.046324 -0.173062 -0.003064 -0.037671 0.159886 0.058977 -0.004885 0.246574
-0.010470 -0.010156 -0.081146 0.216040 0.113353 0.112098 0.537485 0.054010 0.151207 0.186760
-0.105562 0.239672 0.004987 0.184146 0.211334 0.051579 0.100386 0.115862 0.201191 0.029096
-0.082191 0.081512 0.036338 -0.051919 -0.240927 -0.184983 0.305760 0.347797 -0.033645 -0.060702
0.249083 0.039527 0.026064 0.152671 0.105353 -0.152462 0.272089 0.035867 0.023672 -0.318935
-0.387114 -0.065042 -0.290493 -0.057147 -0.064205 -0.392552 -0.152252 0.021646 0.016849 0.082557
0.110739 -0.398408 -0.164278 -0.315589 -0.591442 -0.223778 -0.161036 -0.222105 0.247201 -0.123705
0.588933 0.233398 -0.182682 -0.533302 -0.121614 0.116804 -0.192093 0.243646 0.076858 0.008313
-0.021371 -0.531211 0.546269 0.263305 -0.459685 0.616957 0.023567 0.317472 0.170343 -0.034769
0.197217 0.113562 -0.079368 0.088675 -0.092387 0.129143 -0.021175 -0.212171 -0.043762 0.080727
-0.313498 -0.356789 0.075028 -0.655020 -0.315589 -0.021162 -0.086792 -0.067499 0.002823 0.404264
0.071996 0.044939 -0.250338 0.056676 -0.078479 -0.310152 0.198995 -0.052729 -0.062480 -0.207047
0.218968 0.162709 0.101746 0.008679 -0.213634 0.017620 -0.085590 -0.290284 -0.009313 0.093119
0.166474 0.052781 0.344241 0.197949 0.099602 0.272298 -0.012025 0.023175 -0.220431 -0.126424
-0.005300 -0.062689 0.126529 0.132071 0.133535 -0.005196 0.039449 -0.205060 -0.273343 0.012418
-0.015711 0.575130 0.225660 -0.178604 -0.308688 0.072466 -0.137508 -0.268952 0.066872 -0.029750
-0.135417 -0.213948 -0.020679 0.006287 0.021857 -0.040725 -0.107892 -0.031988 0.072483 0.429037
-0.078059 -0.035839 -0.034977 0.033713 0.004717 0.157383 -0.076162 0.067598 0.083060 -0.087831
0.133931 0.089440 0.053314 0.016899 -0.124504 0.031844 -0.073058 -0.381213 -0.085704 0.014406
0.013019 0.025651 0.013271 -0.108064 -0.047134 0.114330 0.522386 0.050957 -0.001427 0.069724
-0.035724 -0.053888 0.074898 -0.134965 -0.198194 0.444902 -0.166235 0.010850 0.030292 -0.030063
-0.023366 0.031557 -0.047019 -0.119330 -0.209345 -0.134160 0.025737 0.128412 -0.049577 0.044950
0.111111 -0.127033 -0.113352 -0.080243 -0.110306 0.096108 -0.073518 0.074610 0.064091 -0.013738
0.032247 -0.141863 -0.405125 -0.013113 -0.047968 0.094786 0.056964 0.012567 -0.011863 0.008931
0.027275 -0.168879 -0.032620 -0.017690 0.057079 0.021383 0.020406 -0.038541 0.033339 0.055699
0.083462 0.051215 0.046445 0.035121 0.081795 -0.042421 -0.000918 0.104673 -0.066218 -0.119215
0.211990 -0.008270 0.057883 0.006837 -0.058602 0.012294 -0.197274 0.072253 0.563773 -0.084095
-0.044347 0.036903 0.040409 0.110076 0.205667 0.201298 -0.019227 0.300050 0.020075 -0.090073
-0.112318 0.013328 -0.109616 0.054521 -0.009470 -0.145887 -0.173362 -0.203827 0.035581 -0.048456
0.052997 0.031758 -0.026139 0.025076 0.018121 0.042852 0.011697 0.107317 0.127723 0.198654
0.085589 0.050353 -0.088003 0.096281 0.148991 -0.099557 -0.039949 -0.132551 -0.024027 0.108869
0.459387 -0.096338 0.150830 0.917855 -0.091682 0.035466 0.203367 0.030551 0.052969 0.255215
0.070989 -0.068115 0.389031 0.126343 0.318214 0.320054 -0.036788 0.015419 -0.086854 -0.116111
0.116686 -0.108524 0.033942 -0.061849 -0.054319 -0.072886 -0.092429 -0.016942 -0.039949 -0.109731
-0.032505 -0.036845 -0.104788 0.044318 -0.071621 0.015103 -0.089843 0.015807 0.122549 -0.360750
0.148531 -0.030839 -0.041616 -0.147266 -0.019874 0.184744 -0.042766 -0.040352 0.043226 -0.022389
0.151405 0.258434 0.013465 0.007868 0.105190 -0.135310 -0.133011 -0.095821 -0.191871 -0.085647
-0.101799 0.076565 0.112720 0.187388 0.176236 0.007688 -0.260963 -0.027576 0.001953 -0.131056
-0.067310 -0.031758 -0.122434 -0.027260 0.007081 0.846579 0.011705 -0.171178 -0.531583 -0.121860
0.010253 -0.144162 0.143817 -0.100304 -0.176236 0.089785 0.122779 0.091280 0.047192 0.061849
-0.051963 0.031413 -0.038886 -0.086164 0.003927 0.030379 -0.068632 -0.007731 0.107892 0.153704
0.089843 -0.041271 -0.221646 0.023898 -0.077599 -0.235327 0.065471 -0.040122 0.043944 0.118066
-0.002414 -0.032017 0.159797 -0.012351 0.189572 -0.017072 0.091854 0.031586 0.032390 -0.022418
-0.123699 -0.040122 -0.026872 -0.056044 0.046128 0.026844 -0.040179 -0.031298 0.078059 0.253606
-0.135770 -0.007067 0.251077 0.017043 -0.131286 0.340977 -0.097890 -0.221187 -0.330170 -0.155658
-0.072046 0.840309 0.036143 0.020236 -0.072286 -0.142937 -0.052712 -0.100999 -0.083492 0.054155
-0.037009 -0.097151 -0.095372 0.017506 -0.086186 -0.028737 -0.039870 0.022869 0.030925 0.122353
-0.071565 0.080895 -0.076374 0.070507 0.128316 0.031021 -0.023590 0.167465 0.434006 0.114080
0.056607 0.007262 0.009511 0.023506 -0.053674 0.020128 0.025153 0.186415 -0.045257 0.026524
0.302419 -0.051317 -0.023711 0.014068 0.031526 -0.033666 0.194014 -0.212963 0.000727 0.294916
-0.018913 -0.000759 0.115042 -0.072767 -0.111195 0.194398 -0.205653 0.076855 0.000858 -0.106481
0.050740 0.082049 -0.024721 0.120621 0.455167 0.213155 -0.030564 0.034027 -0.150151 -0.110521
-0.080078 -0.147843 -0.142360 -0.156885 0.037009 -0.012709 -0.059156 0.080751 0.087003 0.008471
0.140051 0.079356 0.289530 0.139378 -0.021931 -0.059012 -0.029410 -0.106193 -0.050884 -0.026115
-0.048792 -0.231624 -0.090562 0.079837 0.014320 0.004401 -0.060792 -0.087147 0.067284 0.030348
0.092678 -0.001085 -0.058243 -0.083396 -0.199496 0.073344 0.079164 -0.049345 0.005609 -0.075076
0.070266 0.071709 0.026356 0.022556 0.043213 0.014356 0.147650 -0.027534 0.154191 -0.134473
0.081905 0.198150 0.019875 -0.003379 -0.033474 0.059445 0.087196 0.407073 0.000065 0.046435
0.127162 -0.083396 0.090322 0.057714 0.062860 -0.088542 -0.617150 0.020621 0.060070 0.149574
-0.040977 0.070940 0.111676 0.002940 0.060792 0.167369 0.008080 0.067621 -0.032031 0.050740
-0.035253 -0.137166 -0.016052 0.117543 0.144765 0.065216 0.059974 0.164099 0.027101 -0.076422
0.055742 -0.034989 -0.010701 -0.331853 -0.118024 -0.046075 -0.143803 -0.086666 0.164003 0.092053
0.046772 0.023759 -0.108790 -0.318002 -0.156788 -0.229507 -0.166407 -0.019178 -0.024059 0.012541
-0.080847 0.008098 0.108117 -0.037754 -0.067669 0.087580 -0.054395 -0.199689 -0.016028 0.022340
0.002420 -0.091620 0.096526 -0.000553 -0.131779 0.096237 -0.003550 -0.003763 -0.136589 -0.313000
-0.137454 -0.109656 0.010425 -0.188916 0.102249 0.149574 0.044271 -0.073585 0.134857 -0.046027
0.001311 0.001256 0.019154 0.001274 -0.049297 -0.052327 0.033931 0.145342 -0.056704 0.001370
0.037394 -0.021607 -0.114369 0.015330 -0.064928 0.028761 -0.107347 0.068535 -0.076663 -0.325120
-0.030612 -0.125431 -0.382448 -0.012901 -0.194110 -0.030011 -0.020104 0.003842 -0.174776 0.124084
0.003433 0.083492 0.119659 0.010749 -0.204113 -0.039510 0.004782 0.131875 0.117736 0.061802
0.028135 0.055165 -0.062234 0.024396 0.060647 -0.084839 -0.004695 -0.011777 -0.057521 -0.117832
-0.029819 0.037273 -0.949580 -0.209885 -0.141591 -0.042035 -0.020609 -0.003760 0.033570 -0.047950
-0.046243 -0.040351 0.044752 -0.019418 -0.074450 0.030107 0.051557 -0.040640 -0.031622 -0.067332
0.035277 -0.135723 -0.069449 0.220466 -0.090466 0.018264 0.105231 0.108117 -0.088546 0.329406
0.298098 0.130418 -0.087442 -0.072652 -0.020048 -0.290031 -0.015918 0.122927 0.136852 0.052724
-0.138005 0.064681 0.288302 -0.131570 -0.162398 0.087538 0.394903 0.305589 0.044945 0.102375
0.196683 -0.222229 -0.062376 -0.359178 -0.490172 0.171234 0.152410 0.154235 0.025450 0.079807
0.157020 -0.093540 -0.138293 0.131090 -0.318074 -0.326717 -0.203406 -0.297714 0.141174 0.192170
-0.018763 0.121391 0.370702 -0.098006 -0.237979 -0.082352 -0.215507 0.042736 -0.162110 0.012977
-0.050996 0.084560 -0.396440 -0.368589 -0.015486 -0.219540 0.008601 0.100647 -0.198028 0.046746
0.271592 0.325949 0.429092 0.032364 0.045593 -0.112459 -0.211665 -0.121198 0.096853 0.092627
-0.043024 -0.461361 -0.123695 0.063240 0.015678 0.069627 -0.015318 -0.041536 0.054549 -0.000819
0.016146 -0.154907 0.237595 -0.128785 -0.130514 -0.238555 -0.119566 -0.332095 -0.178724 -0.229912
-0.304437 0.039855 -0.406812 -0.008727 0.014562 0.099686 -0.053877 0.077118 0.074381 0.157212
0.040311 0.080911 -0.134836 -0.203598 -0.116781 0.203790 -0.034717 -0.368589 -0.134259 0.233561
0.111307 -0.145880 0.095220 0.163743 0.131090 -0.447147 0.162878 -0.255266 0.295409 0.429861
0.349958 0.054981 0.000812 0.309815 -0.219348 -0.160477 -0.126769 0.118317 0.392598 -0.013253
0.273705 0.177764 0.245086 0.059447 -0.097189 0.162206 -0.213202 0.045305 0.090899 0.173442
0.071836 0.245854 0.100935 -0.163839 -0.060599 -0.117741 -0.032869 0.069867 0.041992 0.074044
-0.036902 0.028571 -0.170753 -0.381074 0.138197 0.074429 -0.211665 0.104872 0.020156 0.065737
0.161246 -0.184295 -0.321723 0.144727 0.222229 0.023289 0.200141 0.406812 0.392983 0.051908
0.203598 0.045329 -0.123791 -0.155291 -0.076061 -0.216659 -0.109866 -0.005666 -0.096805 -0.540495
0.002329 -0.107561 -0.277738 0.069146 -0.083072 -0.099206 -0.000714 -0.544721 -0.193994 0.295409
-0.192266 0.216083 0.108426 -0.172290 0.077934 -0.043265 -0.508227 -0.749087 0.073180 -0.311159
0.076685 0.614251 -0.021212 0.227223 0.360138 -0.076685 0.488251 -0.450605 0.115340 0.385300
-0.236443 0.068138 -0.281580 -0.000403 -0.123119 -0.026122 -0.054693 -0.091379 -0.196587 -0.213970
-0.109002 -0.001675 -0.176420 -0.005024 -0.229336 -0.290991 -0.063528 -0.490940 -0.311351 -0.078654
-0.271784 -0.472117 0.064009 -0.161150 0.054501 0.074477 -0.060311 0.431013 0.073564 0.311159
0.142423 0.126480 0.021236 -0.368397 0.169697 -0.397592 -0.095653 0.085905 -0.091667 -0.121294
0.086577 -0.102759 -0.198796 0.002724 -0.191882 -0.448684 0.081679 -0.287726 -0.420257 -0.041560
-0.038055 0.150298 -0.342851 -0.175459 -0.015078 0.019652 -0.077358 -0.123311 0.180741 -0.100166
-0.167008 -0.032725 -0.068234 -0.069963 -0.101799 -0.113900 -0.107945 -0.108714 -0.114764 0.239900
-0.165856 0.331135 -0.006657 0.027515 0.348422 0.236635 -0.184481 -0.177441 -0.119395 0.058117
-0.000703 0.083117 -0.048994 -0.066702 0.024030 0.097197 0.004647 -0.099281 0.235630 0.102513
0.069288 0.145185 0.157182 0.174855 0.112068 0.054058 0.117168 0.433904 0.336778 -0.002190
0.022252 -0.015742 0.077514 0.092384 0.035632 -0.138648 0.588500 0.048347 -0.116737 0.302871
-0.054561 0.002640 -0.042421 0.159194 0.092672 -0.179021 0.126507 0.165372 -0.139654 -0.073850
-0.170401 -0.076508 -0.093534 0.020115 0.113217 0.170113 0.024281 -0.063218 -0.036817 -0.057327
-0.420686 -0.164654 -0.035722 -0.354882 -0.030891 -0.049820 -0.333043 -0.143964 -0.121120 0.229308
0.067097 0.271118 -0.027999 -0.042672 0.124999 -0.235774 0.102585 0.164510 -0.078519 0.074137
0.087212 -0.184768 -0.039008 -0.005020 -0.000176 -0.042959 -0.010668 0.158619 -0.076364 -0.151723
-0.450571 -0.464938 -0.381318 0.061530 -0.103088 -0.286348 -0.118749 0.279882 0.222843 -0.446835
0.046408 0.028250 -0.187067 0.101508 0.112643 0.019378 -0.231463 -0.094683 0.971255 -0.004310
-0.196550 0.216377 -0.297124 -0.136062 -0.176579 0.043426 0.031753 -0.285342 -0.175717 -0.071479
0.070114 -0.045438 -0.045725 -0.057614 -0.111852 0.050826 0.313790 0.230458 0.056537 0.086278
-0.033980 0.283618 -0.233762 -0.191521 -0.016936 0.024641 0.061781 -0.036961 0.016487 0.026598
-0.159769 -0.003332 0.042205 0.186636 0.028951 -0.010830 0.142384 0.251865 0.133548 0.252871
-0.070761 0.013012 -0.031519 -0.055100 0.257613 0.246118 -0.090588 0.001540 0.004075 -0.136637
-0.013820 -0.048096 0.127082 0.016729 -0.178159 -0.186205 -0.128663 -0.092169 -0.015409 0.049353
0.085775 0.173993 -0.521259 -0.028969 -0.229883 -0.392812 0.000378 0.117384 -0.082399 0.083692
-0.202584 0.257038 0.439364 -0.533616 -0.039439 0.082399 -0.238791 -0.146910 -0.013694 -0.616661
0.236348 0.125933 0.082830 0.113505 -0.026041 0.109769 -0.320112 0.067959 0.738499 0.082902
-0.242383 0.134122 -0.220975 0.029939 -0.217670 -0.006443 0.201579 -0.637925 0.283474 0.278589
-0.441950 0.047054 0.249998 -0.093103 0.019774 0.032309 0.880452 -0.265658 0.037751 0.072018
-0.251147 -0.001515 0.062930 -0.225429 -0.091594 0.445111 -0.065660 -0.018076 0.145401 0.041630
-0.033549 0.218532 0.042564 -0.008818 -0.092097 0.164223 0.053879 -0.097485 -0.046120 0.025808
0.105818 -0.081824 -0.262210 -0.164941 0.181320 -0.116163 0.106752 0.244682 0.022270 0.260917
0.051041 0.013586 -0.271693 -0.164079 0.067492 -0.364077 0.061889 -0.044755 -0.003890 0.026850
-0.098562 -0.510915 -0.271549 -0.419824 -0.124137 0.093893 -0.271980 0.204596 0.125717 -0.076149
-0.396835 -0.101795 -0.058081 -0.049640 0.082111 0.012473 -0.083979 -0.017627 -0.021947 -0.062930
0.178016 0.008486 0.340801 0.064295 -0.004483 -0.125430 -0.014799 0.152154 -0.103663 0.302296
0.315802 -0.464363 -0.088505 0.134553 0.284574 0.157129 -0.259306 0.184115 0.178840 0.367003
-0.352283 -0.363323 0.415331 -0.207788 0.046397 0.160441 -0.294142 -0.240171 0.308371 -0.125973
0.273535 0.407481 -0.048574 0.180190 -0.039374 0.403065 -0.233915 -0.731062 0.484022 -0.035786
-0.015639 0.006877 -0.263231 0.086599 0.485494 -0.143882 -0.169027 -0.094265 -0.135786 0.409198
0.008349 0.213185 -0.143023 -0.991104 -0.007789 1.084326 0.052959 -0.154676 -0.121619 0.046090
0.147194 0.064765 0.483286 0.145354 -0.312786 -0.414841 -0.060533 0.241030 0.208279 -0.109414
-0.123581 0.004078 -0.257589 0.203372 0.474454 -0.155535 -0.603494 0.017096 -0.157620 -0.153572
0.578471 -0.049862 -0.723211 0.308861 0.454583 -0.281140 -0.133578 -0.322599 0.368475 0.193314
-0.199079 0.132106 -0.014597 0.163630 -0.019196 -0.101932 -0.563752 -0.093468 0.274516 0.072800
-0.304691 -0.392271 0.145354 0.270591 0.121864 0.085618 -0.192578 0.047163 0.282857 0.357680
-0.051610 0.130757 0.529897 0.111438 0.095553 0.052254 -0.995519 -0.360134 0.899844 -0.248267
-0.265930 -0.154799 0.146580 0.055964 -0.226678 -0.046703 -0.222630 0.211468 -0.364795 -0.447223
-0.266911 -0.100276 0.019105 0.026418 -0.212940 0.032567 0.056271 0.298558 0.497269 -0.019748
-0.074946 -0.261759 -0.001759 -0.325298 0.138362 0.556392 -0.062496 0.042993 0.157497 0.267892
-0.128549 -0.274271 0.340753 0.236123 -0.042962 -0.413859 -0.120331 0.251701 -0.167555 0.010334
0.536766 -1.895854 -0.366512 2.488553 -0.021849 -0.118246 -0.168537 -0.006079 0.048359 -0.149892
-0.107881 -0.236368 0.007053 -0.161177 0.087948 -0.165593 -0.081079 -0.314013 -0.118246 0.153204
-0.221158 -0.122171 0.439864 0.216865 0.243115 0.112787 0.051579 -0.069242 0.250229 0.020822
-0.517140 -0.207052 0.018108 0.225942 -0.234283 -0.086292 0.223734 -0.078197 -0.271572 0.308616
0.045323 0.128672 -0.037289 -0.034161 -0.176019 -0.163998 -0.236246 0.192456 0.093897 -0.157252
0.052376 -0.266420 -0.267892 0.021941 -0.091444 -0.364549 0.040141 0.092487 0.038209 -0.008364
0.005152 0.225452 0.115363 -0.395215 0.071205 0.005182 -0.315730 -0.107022 -0.005869 -0.015018
0.208402 -0.677581 -0.248267 -0.582396 -0.028703 1.343387 -0.392271 -0.707511 0.077890 0.275497
0.085066 -0.072064 0.546088 0.347868 -0.360134 0.026510 -0.061668 -0.262741 0.072677 0.338545
0.092057 -0.078135 0.478134 0.354491 0.178227 0.222876 0.076173 0.086844 -0.080772 -0.059920
-0.421955 -0.146948 0.100521 0.032904 -0.022984 -0.190738 -0.175038 -0.129285 -0.083103 -0.254890
-0.014451 0.009851 -0.204967 0.159950 -0.213553 0.079055 -0.274516 -0.299784 0.144986 0.049402
-0.074455 -0.228886 -0.074149 0.115670 0.351302 0.140447 0.032444 0.141919 0.191106 -0.147439
-0.483776 -0.073167 0.144740 -0.172462 0.114750 0.098681 -0.401348 -0.082183 0.100644 0.464641
-0.022907 -0.281140 -0.241271 -0.163137 -0.200462 -0.196083 -0.334236 -0.363698 -0.090925 0.753674
0.370865 -0.253613 -0.779951 -0.403910 -0.083808 -0.383605 -0.110284 0.142533 1.026398 0.564160
-0.027646 0.021549 0.155274 -0.055590 -0.016386 -0.051011 -0.406697 -0.340208 -0.264960 0.041481
0.320102 -0.411276 0.098191 0.150197 -0.303779 0.051409 -0.413665 0.716647 -0.000255 -0.214198
-0.250030 0.130489 0.145221 -0.337222 0.148804 0.584466 0.238484 0.072212 -0.120934 -0.161246
0.020977 -0.109189 -0.297209 0.331051 0.849625 0.511606 -0.001658 0.549031 0.102222 -0.011496
0.138054 -0.060616 -0.024224 -0.922086 -0.315922 0.173190 0.510412 0.327667 0.257197 0.296413
0.099285 0.250030 -0.050887 -0.176872 0.051857 -0.089879 -0.235896 0.000844 0.085201 0.090029
0.032722 -0.172294 0.082613 -0.029313 0.081618 -0.103118 0.029487 0.109687 -0.077935 0.178465
-0.059770 0.283275 0.182347 0.162042 0.011546 0.047105 -0.098639 -0.218378 0.125712 0.130589
0.268544 0.034364 0.022308 -0.144225 -0.139647 0.027248 0.013674 -0.046781 0.197775 0.419637
0.034439 -0.078831 0.163037 -0.045960 0.011571 -0.301589 0.193694 0.506431 0.249831 -0.042576
0.020492 -0.063155 0.274914 0.168711 0.117948 -0.005919 -0.038445 -0.079329 0.014569 -0.072013
-0.054545 0.050140 0.027944 -0.080473 0.131087 0.036255 -0.127205 0.042999 -0.074949 0.588845
-0.204443 -0.390772 0.262173 0.085848 0.369870 -0.618307 -0.104810 0.079329 -0.137258 -0.021475
-0.055938 -0.181352 0.173389 0.397739 0.528328 0.181750 0.169905 0.265358 0.082215 0.286460
0.054047 -0.230721 -0.108393 -0.216388 0.123821 -0.196381 -0.162340 0.150396 0.255405 -0.492894
0.112573 0.606363 0.450691 -0.053301 -0.014283 -0.074153 -0.026526 -0.083957 -0.258988 -0.066091
0.197078 0.013537 0.175280 -0.095652 -0.037549 0.184636 0.320102 -0.220170 0.139547 -0.293626
-0.000447 0.145619 0.075198 0.054346 0.031727 -0.060865 -0.112275 -0.057879 0.032622 0.082116
0.009076 -0.309751 -0.137158 0.149202 -0.084106 -0.055938 0.302982 0.383008 0.122527 -0.134073
0.107497 0.067932 0.083310 0.191604 0.031751 0.069724 -0.007154 0.074402 0.071267 0.288649
0.330653 0.056038 -0.089083 0.153283 0.081817 -0.174185 -0.340407 -0.183840 -0.216388 -0.050364
-0.403512 -0.562568 -0.073705 -0.000505 0.004868 -0.176872 -0.006806 0.085749 -0.164829 -0.044143
-0.042675 -0.289446 0.147510 0.370069 0.293626 0.130987 0.244456 -0.254808 0.077239 0.146315
-0.257595 -0.093065 0.068032 0.171796 -0.023689 -0.186428 0.008871 0.205638 0.318908 -0.145320
-0.028566 -0.070371 -0.238683 0.161843 0.167317 -0.040933 -0.209420 -0.010264 -0.014420 -0.022607
-0.121133 -0.041008 0.085251 -0.077438 0.005524 -0.161743 -0.137755 -0.243461 -0.163933 -0.441136
-0.351754 -0.055242 -0.487320 -0.135168 0.192201 0.154975 -0.049394 -0.037425 0.193992 -0.183740
-0.096298 -0.089306 -0.082170 -0.028597 -0.084477 -0.133851 -0.115183 -0.252998 -0.088225 0.033156
0.043392 -0.017047 -0.057699 0.051465 -0.210327 -0.103073 0.148339 -0.019137 0.120444 -0.012398
0.040436 0.212490 -0.010479 0.132698 0.137023 -0.059105 0.052690 0.065268 0.144879 0.073485
-0.078927 -0.015722 -0.071467 -0.044365 -0.316860 -0.034976 0.038166 0.561065 -0.019912 0.110497
0.208021 -0.045122 -0.114101 -0.360396 -0.104515 -0.070421 0.318302 -0.045410 -0.024237 0.320897
-0.008312 0.034562 0.243916 -0.022777 -0.136158 -0.058492 -0.068223 -0.063862 0.032652 -0.156268
0.125778 -0.014362 0.115471 -0.010316 -0.434494 -0.009541 -0.112372 -0.285145 -0.000122 -0.112227
0.176162 0.077341 -0.019209 0.053339 0.283271 -0.084765 -0.036382 0.146105 -0.036436 0.078566
0.303021 0.045590 0.124841 -0.044437 -0.106677 -0.087648 -0.019155 -0.163187 -0.009190 -0.099181
0.024309 -0.040617 0.172558 0.080945 0.042959 0.056762 0.079503 0.115038 -0.043536 0.068547
0.156989 -0.000286 0.038454 0.024201 -0.093991 -0.138536 -0.223878 -0.205137 -0.097523 -0.196344
-0.259774 0.060799 0.059501 -0.085991 0.037337 -0.279956 -0.143149 0.176017 -0.010037 -0.068115
0.092982 -0.066421 0.093775 0.079143 0.028453 0.222869 0.337042 0.400184 0.151511 0.022957
0.142501 0.020182 0.076260 0.244204 0.147186 0.063286 -0.078422 0.001462 -0.133779 -0.011298
0.090387 -0.151943 -0.216814 0.043680 0.073052 0.004703 0.055573 0.071394 -0.018488 0.063898
-0.199371 -0.208309 -0.101127 0.062709 0.418636 0.101127 0.128085 0.405085 0.159728 0.094496
0.621035 0.256025 0.165494 0.134139 -0.021570 0.046671 0.237573 -0.026705 0.127652 0.326375
0.273036 -0.138104 -0.199371 -0.192452 0.024777 0.115038 -0.093487 0.042274 0.165494 0.085486
-0.030471 -0.069052 0.066061 -0.034958 -0.001356 0.029048 0.004960 -0.100334 -0.174720 0.010704
0.118642 -0.032003 -0.064187 0.190145 -0.009082 -0.000480 0.255449 0.031030 -0.097307 0.369622
-0.029372 -0.006685 0.111867 -0.079864 0.000111 0.028291 -0.186109 -0.037986 -0.115759 -0.000056
-0.048113 0.005469 -0.027318 0.078783 0.106461 0.082963 -0.166359 -0.217823 0.090748 -0.056979
-0.083396 -0.024651 0.017317 -0.483507 -0.101632 -0.169674 -0.705800 -0.215805 0.031336 -0.191442
0.069809 0.079503 -0.125634 0.067754 0.155403 -0.040220 0.072908 0.028453 0.010749 -0.058348
-0.027174 -0.022290 0.131400 -0.025768 -0.458136 -0.001808 0.155979 -0.216814 -0.001788 0.310229
0.016686 0.080080 -0.135509 -0.334159 -0.139762 -0.067791 0.020290 0.003613 -0.012947 -0.467073
-0.065160 -0.101271 -0.172125 0.049194 0.042923 -0.038671 -0.065412 0.007676 -0.281253 -0.001724
-0.205570 -0.146033 0.161890 -0.074458 0.055105 0.085918 -0.074746 0.084189 -0.058636 -0.191010
0.143582 -0.033517 -0.159151 0.181784 -0.006645 0.241321 0.485237 0.049591 -0.093827 -0.026761
-0.113064 0.018942 0.234320 0.450519 -0.025613 -0.208753 -0.057773 -0.003690 0.131060 0.229728
-0.201803 0.080920 0.894585 0.027832 -0.251075 0.211359 -0.055601 0.051754 -0.304069 0.087435
0.219426 -0.534666 -0.084953 0.258893 0.137762 -0.043035 -0.023302 0.229107 0.000480 -0.002746
0.766007 0.204906 0.153648 0.133915 -0.138134 -0.072418 -0.127585 -0.027971 0.264354 0.175367
-0.054081 -0.068509 -0.206767 -0.175367 -0.010922 -0.171644 0.021378 0.059045 0.183062 -0.133046
-0.116663 -0.114802 -0.075955 -0.023457 -0.282474 0.188771 0.080113 -0.609628 -0.080734 -0.172761
-0.157371 0.126096 0.029693 0.347756 0.070432 -0.041763 0.027552 0.194480 0.022061 -0.148436
0.106362 0.071363 0.073163 0.044183 0.096433 0.063917 0.117780 -0.000882 -0.030438 -0.109155
0.034689 0.145457 -0.236305 -0.141734 0.045393 -0.180704 0.012372 0.117160 0.032269 -0.083216
-0.012969 0.079741 0.031307 -0.143223 0.074714 -0.042725 0.092896 -0.251075 -0.090538 -0.006966
-0.220792 -0.105307 0.264603 -0.252067 -0.106921 0.066151 -0.026575 0.051071 -0.191998 -0.071301
0.064785 0.023472 0.008633 0.026994 0.105059 0.070991 0.049706 -0.059821 0.141734 0.183807
-0.280489 -0.119332 -0.051288 -0.252812 -0.000785 -0.047720 -0.174623 -0.043625 0.066957 -0.169038
0.057370 -0.032982 -0.093145 0.176360 0.192991 -0.085946 0.060286 0.046045 -0.997348 0.100591
0.162336 -0.018446 -0.122993 -0.081788 -0.028188 0.027552 0.160598 0.156999 -0.043625 -0.012589
-0.012388 0.023240 0.038474 -0.127027 -0.101770 0.207015 0.077631 0.056749 -0.012644 -0.109093
-0.024636 -0.084457 0.060814 0.136397 -0.328147 0.414031 0.142726 -0.267085 -0.372826 -0.011744
-0.036023 -0.068074 0.044276 0.372082 0.068323 -0.129695 -0.012605 -0.238539 0.098295 0.163081
0.058859 -0.203292 -0.017608 0.259390 -0.218309 -0.210987 -0.162088 -0.013854 -0.063668 0.030748
-0.091717 0.023364 0.062613 -0.023084 -0.046169 -0.001504 0.129199 -0.077507 -0.281978 0.292900
0.036302 -0.307545 0.259886 -0.005259 -0.291410 -0.088677 0.013598 -0.010906 -0.010565 -0.056191
0.203913 -0.180456 -0.132177 0.055508 -0.179215 -0.187530 -0.059294 -0.096371 -0.026466 0.069253
0.030841 0.053429 0.194729 -0.015203 -0.028576 0.075645 0.029802 0.254922 -0.040987 -0.130315
-0.134163 -0.071487 -0.040150 0.037388 0.261127 0.047193 0.065158 0.494951 0.015087 -0.005542
-0.113437 0.019408 -0.162708 0.104377 0.062676 0.047844 0.512823 0.216324 0.084891 0.018151
0.079927 -0.051195 -0.016724 -0.146574 -0.014870 -0.206023 -0.170899 -0.049582 0.159481 0.058983
0.178222 -0.012605 0.000366 -0.136645 -0.290169 -0.054391 -0.023534 -0.114926 0.129819 0.012589
-0.118897 -0.136521 -0.060783 -0.043407 0.067950 0.090849 0.036054 0.052281 -0.024838 -0.116167
0.218930 0.284957 -0.039064 0.284708 -0.025412 -0.159481 0.668577 0.582503 -1.067922 -0.249841
-0.151130 0.377576 0.336040 -0.105403 0.077129 -0.053984 -0.039034 -0.567990 0.098648 0.394591
-0.318275 0.319776 -0.096083 -0.136117 0.180155 -0.404349 -0.583504 0.189038 0.278490 0.092017
0.320527 0.488171 0.229823 0.050512 0.210181 0.486420 0.193542 -0.442632 -0.106342 0.046071
-0.120979 0.172149 -0.052733 0.223693 -0.917292 0.157136 0.357559 -0.163266 0.215436 -0.212308
0.250716 0.275488 0.181782 -0.844229 -0.031668 -0.006310 0.234953 0.060427 -0.114286 0.143874
0.415358 -0.008632 -0.859242 0.159012 -0.019423 -0.011565 -0.032372 -0.131989 -0.020956 -0.169271
0.299008 0.615031 -0.195419 -0.330035 0.252468 -0.047041 -0.120667 0.129111 0.046759 0.187412
-0.089577 0.068497 -0.011494 0.436126 -0.044695 -0.022473 0.302011 -0.235453 -0.024459 -0.196920
-0.395341 -0.268482 -0.137869 -0.266480 -0.300509 -0.201174 0.124670 0.029916 0.427869 0.021284
-0.102526 -0.385833 0.124733 0.148878 -0.087138 -0.044601 0.352304 -0.041630 -0.266480 -0.390337
-0.171273 -0.206303 -0.072125 0.105466 -0.000603 -0.152757 -0.287999 -0.179905 -0.181657 -0.477912
-0.249340 -0.418111 -0.351303 -0.079444 -0.188037 -0.540967 -0.034686 -0.153883 -0.050982 -0.191540
-0.322028 -0.106529 0.134116 -0.395591 -0.535963 -0.109219 0.300009 0.172023 0.292753 0.228822
0.208180 0.035312 -0.602520 0.363814 0.207179 0.338792 -0.305764 -0.101212 0.233702 0.205678
0.014622 -0.146627 0.161264 -0.074752 0.148628 0.215436 0.114974 0.155634 0.205427 -0.302011
-0.154759 0.177653 0.001591 0.263477 0.224193 0.024021 0.112785 -0.024474 0.038846 -0.301260
-0.271985 0.106655 -0.169021 -0.009297 0.518447 0.364314 0.412356 -0.472408 0.452140 -0.090078
-0.158262 -0.270233 -0.290501 -0.199047 0.101900 0.042349 -0.294504 0.198171 0.010650 -0.326782
-0.437378 0.079318 -0.438128 -0.287498 0.059708 -0.222817 0.125171 0.185910 0.021956 -0.094957
-0.165893 -0.097334 -0.134866 -0.170272 0.055485 -0.503184 -1.280105 0.416359 0.208805 -0.503935
0.510691 0.320777 -0.079318 -0.144375 -0.073689 0.164392 -0.055642 0.064868 0.139996 -0.165518
-0.207179 -0.152131 -0.223943 -0.120166 0.564487 -0.155634 -0.131238 0.284746 -0.393089 -0.055016
-0.150380 -0.256471 -0.277990 0.447887 -0.378076 -0.435626 -0.135617 -0.305764 -0.616032 -0.345548
-0.114161 0.299759 0.309267 -0.079881 -0.125546 0.095332 -0.117852 -0.115600 -0.069685 -0.026132
0.395341 -0.435376 0.151506 0.158262 0.592011 0.301760 -0.105341 0.546972 -0.213684 -0.039034
-0.143624 -0.572995 -0.340043 0.006408 -0.293503 -0.497680 -0.116788 -0.400346 -0.397593 0.711114
0.244086 -0.133365 -0.445635 -0.056080 -0.007874 -0.052107 -0.173149 0.016702 -0.142373 -0.221066
0.101087 0.028853 -0.064305 0.110345 0.088514 0.138745 0.260225 -0.942814 -0.174901 0.245962
0.377826 0.162265 0.254970 0.053765 0.016454 -0.092820 0.104220 -0.024842 0.126859 -0.173188
0.008520 -0.114973 -0.038426 -0.083522 0.079519 -0.173835 -0.105109 -0.082794 0.052555 0.004811
0.003179 -0.066259 0.134459 -0.189520 -0.179980 0.102522 -0.187418 0.240134 0.178201 -0.100986
0.086351 0.071111 0.567267 0.132761 0.013927 -0.122655 -0.122816 0.039093 -0.168013 0.153379
-0.172379 -0.451485 -0.130902 0.181111 0.436608 -0.055223 0.044591 -0.024862 0.114084 0.046086
-0.434344 -0.006549 -0.034059 0.538483 -0.116186 0.056961 0.150549 -0.003244 0.081945 -0.579557
0.026055 0.006504 0.247896 0.003755 -0.016211 0.090960 0.014746 0.020901 0.210865 0.012492
0.069574 0.060074 -0.203427 0.069938 0.114893 0.023104 0.038284 -0.124514 -0.113276 0.113680
0.043216 0.069008 0.145536 0.064844 0.023124 0.153864 0.031917 0.027086 -0.149417 0.082956
-0.067068 -0.133651 -0.066947 0.048876 -0.113841 -0.403943 -0.084007 0.031108 -0.127101 0.005377
0.051867 -0.200355 -0.029289 0.113033 0.104220 0.072081 -0.255335 -0.149498 -0.196150 -0.103007
-0.058497 -0.080207 0.189844 0.095649 0.219598 0.134621 0.225419 0.260024 -0.013230 -0.029794
0.076123 -0.241590 0.304170 -0.027632 -0.081379 0.561122 0.074911 0.114731 0.063834 0.129123
-0.509699 -1.318233 -0.215717 0.088615 0.310962 0.025085 0.106403 0.187580 0.220406 -0.088534
-0.376453 0.065370 0.179171 0.254203 0.137451 0.122816 0.100662 0.071151 -0.068361 0.026318
-0.157017 -0.009905 0.126616 0.036667 -0.096377 -0.096054 -0.105352 0.020476 -0.259378 0.083764
-0.083522 0.064036 0.031108 -0.060721 0.120148 0.096296 0.044146 -0.300128 -0.003396 -0.150145
-0.348316 -0.152732 -0.003055 0.054333 -0.048552 -0.031129 0.847343 -0.378394 -0.403620 -0.514227
-0.317754 -0.203427 -0.005473 -0.163890 -0.216525 -0.138017 0.042771 -0.226228 -0.001949 0.097752
-0.141089 -0.180950 -0.051180 -0.106080 0.112305 -0.185316 0.045480 -0.097913 -0.152975 -0.109718
-0.118531 -0.056193 -0.262935 -0.311932 -0.029431 -0.157745 0.137532 -0.059346 -0.023710 0.135995
0.120633 0.094841 0.143434 0.048876 -0.054333 -0.048876 -0.152894 -0.010632 -0.130093 -0.149821
0.041963 0.340554 0.099935 -0.229623 -0.069857 0.017808 -0.197767 -0.036910 -0.197929 0.044469
0.027450 0.015403 -0.234151 -0.318400 -0.118531 -0.124110 -0.163728 -0.045844 0.009460 0.239973
0.103250 -0.124433 -0.489001 0.040447 -0.082551 -0.006458 -0.023245 0.191784 0.106807 -0.043135
0.022599 0.367074 0.103573 0.093871 0.110688 0.257275 -0.139795 0.071272 0.087160 -0.458277
-0.031068 -0.208116 -0.201810 -0.065127 -0.117399 -0.139957 -0.222023 -0.012613 -0.025711 -0.162839
-0.139876 -0.029855 -0.010956 -0.050978 0.011299 -0.060923 0.101471 0.072525 0.067634 0.011491
0.000652 0.115944 -0.116752 0.051908 0.170924 -0.135914 0.015867 0.298672 -0.146587 0.074830
0.168013 0.035616 -0.072141 0.005613 0.072487 -0.155799 -0.228633 0.026003 -0.126787 -0.207502
-0.100287 -0.097862 -0.059540 0.478743 0.171908 0.154847 0.112584 0.214257 0.011378 -0.173899
0.120985 0.277650 0.093705 0.118127 0.562229 0.315756 -0.067204 0.153548 0.007551 -0.026566
0.281980 0.427474 0.231577 -0.096736 -0.068417 0.426435 -0.160996 -0.214430 -0.001728 0.401839
0.102279 0.174419 0.421585 0.124536 -0.051096 -0.307095 0.092579 0.148352 0.250630 0.100373
0.169569 0.184985 0.033689 0.247512 -0.122284 -0.220319 0.412925 -0.163680 -0.145580 0.248898
-0.145494 -0.002828 -0.103751 -0.223263 0.066988 -0.332384 -0.149391 0.010863 -0.155973 -0.050750
-0.082143 -0.249937 0.148092 0.123670 -0.226554 -0.235041 0.154154 -0.274879 0.087166 0.038993
-0.237813 0.100720 -0.225169 -0.086084 -0.012980 -0.031589 -0.356459 -0.008206 -0.023881 -0.108947
0.064563 -0.161862 0.245607 -0.020493 -0.250803 0.025137 0.027064 0.098728 -0.229326 0.164027
-0.069326 -0.367891 0.136314 -0.027930 -0.095004 -0.154760 0.039838 0.135448 -0.198322 0.255653
0.214430 -0.147832 -0.294278 -0.179442 0.089461 -0.084915 0.320606 0.311252 0.120725 -0.266045
-0.089201 -0.165153 -0.200054 -0.121591 -0.048281 -0.721233 -0.439599 0.067334 -0.280941 0.276957
0.074782 0.269510 -0.044038 -0.084655 0.278516 -0.184292 -0.037737 0.009104 -0.047156 -0.127567
-0.038257 0.121678 -0.056422 0.423663 -0.402532 -0.042760 0.156319 -0.239545 -0.326668 0.049970
0.158397 0.131983 0.554261 -0.049147 -0.071361 -0.135274 0.081321 -0.260503 0.289428 0.067291
-0.322857 0.475625 -0.087210 -0.134408 0.026566 0.052438 -0.054430 0.102192 -0.274186 -0.088335
0.052655 0.098468 0.100633 -0.056725 0.343469 0.289082 0.034013 0.053521 0.069023 0.079848
0.037672 0.150170 0.114923 0.265526 0.421585 -0.561190 -0.279729 -0.290987 -0.515117 -0.257905
0.114316 -0.080498 -0.262754 0.156146 0.513385 -0.245261 0.019594 0.103231 -0.208887 0.271588
-0.478050 0.092925 0.191220 0.341390 0.512692 0.101846 0.371355 -0.013391 -0.394911 -0.209407
-0.336887 0.094138 0.337233 -0.329266 0.182213 0.395950 0.247339 0.207155 0.020698 -0.230018
0.140817 0.120379 -0.136833 -0.115615 0.241277 -0.132850 0.079805 0.217721 -0.473547 -0.390754
0.084135 0.016942 -0.010479 -0.241450 0.031870 0.440984 -0.124969 -0.176238 0.043800 -0.167924
0.039491 0.150690 -0.051962 0.130511 0.002153 0.728854 -0.040314 0.020449 0.392140 0.510960
-0.156579 0.044644 0.189142 -0.036633 0.541444 -0.246300 -0.282500 -0.122544 -0.076557 -0.154760
-0.321991 0.412925 0.235561 -0.030441 -0.220838 -0.364773 -0.221358 -0.268644 0.143762 -0.282327
-0.201439 0.089548 0.023058 0.072617 -0.019843 -0.013326 -0.059843 -0.244741 0.642943 -0.250284
-0.113191 -0.043583 0.127134 0.316795 0.474240 0.144801 -0.292719 0.378976 -0.150863 -0.111892
0.114811 0.470539 0.089205 -0.068476 0.213963 -0.016172 -0.096778 -0.289819 0.038602 0.210626
0.160825 0.203182 0.068861 0.087921 -0.063053 -0.207032 0.147348 -0.320367 -0.041747 -0.130213
-0.391988 -0.079001 -0.125657 -0.371195 -0.313179 0.192528 -0.287509 0.122448 -0.040912 0.039083
-0.024965 0.083621 -0.137337 0.139262 -0.223718 0.137080 -0.153381 -0.095366 -0.262480 -0.195352
-0.501600 -0.206134 0.556022 0.150814 0.068219 0.165318 0.020007 0.350658 -0.422022 -0.770627
0.344497 0.087921 0.249003 -0.796810 -0.091451 -0.125400 -0.192785 -0.019477 -0.145295 -0.069759
-0.032617 0.278011 0.109805 -0.014311 -0.614550 -0.719286 0.157873 0.033789 -0.509558 0.097355
0.528811 -0.069118 0.034591 -0.193170 0.045052 -0.136310 0.081054 -0.065845 -0.175714 0.413294
-0.170708 0.130213 0.341160 -0.026248 -0.074252 0.577071 0.215632 -0.169297 -0.276471 0.157873
-0.307532 -0.099665 -0.290076 0.147348 0.080220 -0.006779 0.117121 0.378382 -0.060775 0.211781
-0.058176 0.224745 -0.039565 0.038474 0.426129 -0.255293 0.560129 0.094531 -0.000823 0.043351
0.179821 -0.005784 0.019895 0.542673 -0.055095 0.128609 0.059555 0.008559 0.415861 0.333459
0.274160 0.003305 0.462325 0.005800 0.170323 -0.111089 -0.297264 0.203182 -0.119432 -0.250800
-0.299061 -0.053234 -0.113656 0.032698 0.003658 0.342700 -0.002709 -0.966749 -0.543700 -0.434344
0.617117 -0.027146 -0.632520 0.268769 -0.109998 0.099730 -0.027499 -0.345524 -0.213578 -0.253367
0.173917 -0.279551 -0.515976 -0.225258 -0.134256 -0.183030 -0.156076 -0.188549 0.064561 -0.046111
0.131176 0.472849 -0.024419 0.118790 -0.577585 0.148247 0.322421 -0.263635 0.027435 0.182003
0.303681 -0.118212 -0.171093 0.111346 0.262352 -0.508018 -0.673079 0.006073 -0.304451 -0.179051
0.085739 -0.454623 0.276984 0.181875 0.021242 -0.368884 -0.037062 -0.154536 -0.002553 -0.294697
0.274417 0.062989 0.111153 -0.431263 -0.309842 0.183287 -0.013605 -0.173147 0.083493 0.048485
0.241816 0.121164 -0.264662 -0.080284 0.399945 0.320367 -0.416631 0.351942 1.104856 -0.263892
-0.390447 -0.785515 -0.068604 0.093761 -1.100748 0.123539 0.080541 -0.116993 -0.301114 -0.106982
-0.263635 0.016798 0.024997 0.167115 -0.203695 0.046945 0.328068 0.026489 -0.122576 0.250929
-0.037703 -0.019574 0.223846 -0.095879 0.059491 0.231162 0.208829 -0.124373 0.565263 0.505451
0.261068 -0.176741 0.183800 -0.118148 -0.281605 -0.087921 -0.026729 -0.013028 0.050025 0.041907
0.863554 -0.233986 -0.211011 0.336796 0.226542 -0.037960 -0.010621 0.088691 -0.097419 -0.052079
-0.030965 0.142599 -0.316260 0.055448 -0.064818 0.026489 0.088884 0.100628 -0.010701 -0.011512
0.212936 -0.018531 0.131048 -0.508531 -0.394298 0.110640 -0.195609 -0.645355 -0.063117 -0.656650
-0.193427 0.470539 -0.034783 -1.023737 -0.143113 0.388650 0.282632 -0.182388 -0.082278 -0.161493
0.192439 -0.543730 0.123153 0.003578 -0.099441 -0.532746 0.010384 -0.004258 -0.219689 0.094266
0.378541 0.101289 0.205219 -0.035594 0.280103 0.010338 0.253910 0.245460 0.047740 -0.052414
-0.126532 -0.045786 -0.027963 -0.104722 -0.074832 -0.051358 -0.283483 -0.211873 0.397553 0.247573
-0.014734 0.172899 0.141530 0.398820 0.075941 0.089988 -0.164661 -0.264472 -0.137728 -0.405791
0.391849 -0.301650 0.157585 -0.184518 -0.288553 0.241658 -0.410649 0.322774 0.531478 0.131285
-0.491765 -0.410861 0.103824 0.012192 0.095586 -0.010437 0.011605 0.017005 -0.009618 -0.100972
-0.156000 0.384667 -0.301650 -0.640055 0.091678 -0.753702 -0.769756 0.123786 0.289187 0.080324
0.277780 -0.301439 -0.260247 -0.177864 0.342630 -0.402411 -0.444025 0.059147 -0.016305 0.088509
-0.136249 0.093685 -0.039185 0.130018 -0.072772 -0.002853 0.079637 0.032610 -0.088773 -0.207226
-0.286652 -0.337349 -0.306086 -0.067016 0.175329 0.099758 0.115654 0.070660 -0.175857 -0.206064
0.211134 -0.354248 0.044572 0.431351 0.364177 0.011684 -0.053787 0.061365 0.078264 -0.152937
-0.167830 0.416353 0.079268 -0.085182 -0.314747 0.009644 0.206698 0.272710 0.384244 0.433463
-0.146389 0.075201 0.179553 -0.141108 -0.040003 -0.126849 -0.097381 0.049166 -0.130652 0.011902
0.252220 0.288764 -0.148713 0.112062 -0.064745 -0.317070 -0.247995 0.394173 0.005195 -0.164555
-0.515424 0.151564 -0.277357 0.319394 -0.081961 -0.278625 -0.350235 -0.049905 0.383822 -0.213563
-0.440645 0.284962 0.310944 0.211134 0.235532 -0.183039 -0.102557 -0.102979 -0.188003 -0.328055
0.112696 0.005482 -0.536126 0.254755 0.296369 -0.455432 0.185468 -0.016305 0.187792 -0.251164
0.003677 0.226871 -0.387836 -0.438533 0.092945 -0.044043 -0.351714 -0.374316 -0.152937 -0.006667
0.159169 0.125793 -0.667516 0.054183 -0.126532 -0.011407 -0.105725 -0.172266 -0.082595 -0.028887
-0.629071 -0.509087 0.241235 0.063055 -0.282638 -0.054077 -0.050935 -0.678923 -0.551757 0.163922
-0.310099 -0.030709 0.914244 0.875376 -0.198459 -0.029072 0.239123 0.194974 -0.591470 0.244826
0.322351 0.138467 -0.460502 -0.058461 0.211028 0.040373 0.309466 -0.511199 0.150719 0.303551
0.303129 -0.367134 -0.256022 -0.036782 0.253276 0.399876 -0.565699 0.145016 0.632028 -0.318549
-0.113224 0.124737 0.239545 -0.169942 -0.186313 0.355305 0.085658 -0.233842 0.205113 0.056823
-0.061576 -0.115759 0.049060 0.183461 -0.154838 -0.350446 0.341152 0.014311 0.074832 -0.322140
0.125687 0.525986 0.130018 -0.031131 0.332491 0.228983 0.082383 -0.442335 -0.009809 -0.282427
0.132553 0.127272 -0.125371 -0.104669 0.109739 0.136883 -0.271443 -0.270598 0.090252 0.257078
0.222013 -0.123681 0.206275 0.251375 -0.396074 -0.850450 -0.016833 -0.249051 0.146072 0.196030
-0.022655 -0.449095 -0.153149 -0.052097 -0.080852 -0.147973 0.069790 -0.157402 -0.119267 0.146061
0.348952 -0.689429 0.044523 0.042560 -0.318543 0.031234 0.007563 -0.042529 0.012907 0.208000
-1.230305 0.006220 0.024458 -0.368393 0.009324 0.080197 0.142696 -0.052343 -0.226694 0.216973
-0.040659 0.019535 0.282153 -0.020875 0.054150 0.080757 -0.015835 -0.081941 0.577266 0.003379
-0.106119 0.134222 0.043152 -0.005682 0.005998 0.168992 0.335243 -0.800097 0.054243 0.163509
-0.310816 0.020143 -0.061222 -0.085742 0.054929 0.267197 -0.042123 -0.099763 0.126807 -0.428712
-0.145563 -0.199401 -0.221460 0.073903 -0.373379 0.202891 0.030860 -0.187562 -0.051533 0.183449
0.008529 0.027558 0.072844 -0.012618 0.300846 0.099015 -0.191799 -0.196410 0.021669 0.024878
0.099950 0.004019 -0.028726 0.132602 0.009845 -0.047607 0.043806 0.011232 -0.032995 0.093781
-0.197906 0.004786 0.221709 -0.068233 -0.081817 0.092098 0.068731 0.003268 0.073529 0.165503
0.132602 0.159396 0.071660 0.048573 -0.033555 0.040472 -0.076894 -0.036952 -0.036235 0.035549
-0.129860 -0.051875 0.017307 -0.116089 -0.001717 0.080197 0.152666 0.039943 0.138958 0.061534
0.004198 0.220214 -0.195538 0.297357 0.173105 0.254236 0.141076 0.223703 -0.065802 0.019130
-0.025128 -0.141326 -0.003639 -0.177716 -0.108674 -0.026265 -0.059104 0.001641 -0.122320 -0.141326
0.026685 -0.002720 0.072408 0.208000 -0.133848 -0.120326 -0.054991 0.100448 0.201769 -0.011263
-0.071286 0.018912 -0.063995 0.001658 0.010289 -0.045893 0.144690 0.010920 -0.024863 0.018725
0.028929 -0.039911 -0.057079 -0.045364 0.135219 -0.062219 -0.263459 -0.053745 0.034210 -0.099638
0.088920 -0.002442 -0.019301 -0.425223 -0.104125 -0.172980 -0.382601 0.053838 -0.118083 -0.164007
0.116899 0.423229 -0.484794 -0.113409 -0.170114 -0.247756 0.110668 -0.093719 -0.118207 0.016934
0.090229 -0.064556 -0.165877 -0.318792 -0.135094 0.009137 -0.069167 0.017790 0.232053 0.234047
-0.091849 0.111041 0.071348 -0.078763 0.122258 -0.022775 0.049165 0.241400 0.155657 -0.087051
0.188933 0.114967 0.018663 -0.007244 -0.033119 0.009612 0.132103 0.171983 0.151669 -0.039943
0.027044 -0.044709 -0.131854 -0.180956 -0.141076 -0.085119 -0.173853 0.176096 0.014075 -0.118394
0.105932 -0.114095 -0.005577 0.032185 0.128738 0.364156 -0.185194 -0.092971 0.155408 -0.010578
0.033369 -0.032652 0.112724 -0.013865 0.252492 0.172856 -0.019722 0.039693 -0.076707 -0.073467
-0.195039 -0.138958 -0.073716 -0.196285 -0.031639 0.098579 0.111353 0.040129 -0.073903 -0.255732
0.085556 -0.149302 0.001845 0.120326 -0.118893 -0.002224 0.067672 -0.051128 0.031250 -0.081817
-0.044273 -0.202891 -0.028633 0.056455 -0.040690 0.027044 -0.081692 -0.170488 -0.111415 -0.156156
-0.318792 -0.118706 0.054773 0.238783 0.335991 -0.007423 -0.212611 -0.121635 0.094466 0.447905
0.032901 0.056892 0.125747 0.213484 0.171839 0.101039 0.174165 0.201060 0.094133 0.377696
0.006960 -0.057316 -0.078069 0.051646 0.082503 -0.059533 0.109325 0.075307 0.701311 0.159045
-0.000085 0.025223 -0.252960 0.038271 0.081631 -0.272005 -0.179108 0.001916 -0.095151 -0.174165
0.070872 0.040488 0.109616 0.040961 0.221849 0.028585 -0.115504 -0.212981 -0.080613 -0.049029
0.171112 0.049502 -0.056116 0.036563 -0.082939 0.055062 0.125753 -0.033655 -0.158027 -0.046812
0.142399 0.066220 0.067565 0.132150 0.240458 -0.143344 -0.163552 -0.016555 0.167623 -0.003353
0.126335 0.176345 0.107581 0.138910 -0.065602 -0.120592 0.021534 0.078505 -0.158900 -0.096532
0.217633 -0.187394 -0.459399 0.201496 0.012712 -0.158754 0.039071 0.126553 -0.052555 -0.327395
0.001097 0.124081 0.028603 -0.100530 -0.240167 -0.209056 -0.189429 -0.222867 -0.312566 -0.045104
-0.232898 -0.057461 -0.147197 -0.119429 -0.033019 -0.077560 -0.288869 0.131423 -0.041179 -0.426253
0.190302 0.163843 -0.069928 -0.218651 -0.016928 0.138547 -0.275349 -0.251361 -0.018663 -0.202804
0.083157 0.086355 -0.003060 0.226937 -0.018463 0.051174 -0.085556 -0.159481 0.060950 -0.001202
0.038671 -0.101693 -0.060151 0.158027 -0.208474 -0.065457 0.235224 -0.089118 0.020517 0.184487
-0.185213 -0.279274 -0.143199 0.149450 0.115649 -0.009404 -0.246418 -0.070182 0.073453 -0.126117
-0.114341 -0.024914 -0.112814 0.045431 0.046558 -0.065821 -0.155701 0.129097 -0.067710 -0.052228
-0.071163 0.042087 0.189866 0.283490 -0.042996 -0.159481 0.022061 0.131205 0.053863 0.017273
0.156864 0.273604 0.178235 0.080976 -0.041251 0.106200 -0.038017 0.096241 -0.093770 -0.318672
-0.189139 -0.401247 -0.120447 0.053863 -0.254559 0.186376 0.019717 0.367519 0.283345 0.309949
0.714104 -0.067710 -0.117394 0.023951 -0.077124 0.054517 -0.048339 -0.145525 -0.062404 -0.217342
0.138547 0.131786 -0.068728 0.186667 0.180852 0.207456 0.136148 -0.031765 0.149305 -0.220686
0.079741 0.127643 0.131132 -0.373916 -0.155265 0.729805 0.018845 0.408516 0.033455 -0.301808
-0.038453 -0.384674 0.039180 -0.130115 -0.737365 -0.130042 -0.073344 -0.245401 0.063494 0.019335
0.023933 -0.091226 0.037363 -0.245982 0.024624 -0.288287 -0.103147 -0.065021 -0.282763 -0.086501
-0.151776 -0.130478 0.049211 -0.121392 -0.102129 -0.017536 -0.111070 -0.118993 0.013457 0.096314
-0.126117 0.365193 0.158754 -0.109616 0.254123 0.092461 0.152939 -0.052555 0.038089 -0.444861
-0.122119 -0.152358 -0.499524 0.140873 0.293230 0.037163 -0.003809 0.159627 -0.051791 -0.236678
0.025532 -0.464342 0.158027 0.174455 0.050774 0.019554 -0.086864 -0.061423 0.127425 -0.050374
-0.164860 0.026041 -0.005443 -0.109689 0.169512 0.310240 0.095005 0.055862 -0.053100 -0.106854
0.149450 -0.014883 0.017673 0.037326 -0.143635 0.138329 0.401247 0.118339 0.063494 0.060187
-0.275058 -0.234352 0.051859 0.045112 -0.085133 0.208294 0.225590 -0.060599 -0.338079 -0.453389
-0.204736 -0.160821 0.018247 -0.053024 -0.036157 -0.168181 -0.062776 0.069554 0.038948 0.005474
-0.053270 -0.162170 0.045664 -0.117334 -0.203019 0.207803 0.230129 0.198848 0.076546 0.136655
-0.033489 0.074215 0.131870 0.482094 0.172842 -0.010665 -0.373899 -0.175050 -0.196640 0.001811
-0.179466 0.196027 -0.001180 0.131502 -0.185477 -0.139844 0.407265 0.003105 -0.064034 -0.053178
0.027217 0.283613 -0.066181 0.004267 -0.415116 -0.134692 0.094395 0.065445 -0.104086 -0.182165
0.296616 -0.189648 -0.000229 -0.119235 0.108931 0.007226 -0.254663 0.046676 -0.126105 -0.523065
0.011209 0.143892 0.227921 0.186581 -0.166586 -0.082557 -0.285331 0.095867 -0.336607 -0.418796
-0.031925 0.045695 0.174805 -0.161311 -0.115003 -0.095867 -0.049252 0.031036 0.022847 0.054435
0.038610 -0.025546 0.026236 -0.067039 0.045235 0.008449 -0.023430 -0.017618 -0.043885 -0.223382
-0.455106 -0.100651 -0.022157 -0.075810 0.122363 -0.051981 0.069677 -0.100712 -0.028475 0.055754
0.082496 0.188053 -0.061427 0.035022 0.243132 -0.417324 -0.155546 -0.634450 -0.444066 0.114513
0.002315 -0.110710 -0.069309 -0.212955 -0.232337 0.083232 0.155791 0.010373 -0.078325 -0.108747
-0.030162 -0.015196 -0.115985 0.020149 0.027739 0.106355 0.012282 -0.093781 -0.132729 -0.026696
0.224609 0.013754 0.303977 -0.307411 -0.178608 0.052227 0.072559 0.198971 -0.071701 0.007567
-0.059158 -0.140212 -0.487491 0.078202 -0.013831 -0.023476 -0.051797 0.002026 -0.205104 -0.560357
0.002685 -0.178976 -0.118990 -0.193941 -0.125860 -0.049283 -0.093843 -0.097707 0.120830 -0.020455
0.036249 0.108440 0.235036 0.107030 0.110035 -0.243500 0.074154 0.062132 -0.222892 -0.046369
-0.093475 0.255645 -0.073357 0.257853 0.070045 -0.041585 0.131502 -0.031986 0.021115 0.112489
0.117886 0.095499 -0.114390 -0.021621 0.234668 -0.028337 -0.157999 -0.089917 0.047688 0.098075
-0.220684 -0.076976 -0.045725 -0.111752 0.083968 0.084949 -0.154074 0.080226 0.189157 0.018079
0.209521 0.105987 0.034746 -0.050448 -0.048363 0.016468 0.271837 0.138617 0.066119 -0.007632
0.039070 0.580475 0.516687 -0.025469 -0.545146 -0.821890 -0.537786 0.128436 0.008748 -0.089733
0.145609 0.191243 -0.285576 0.144260 0.034225 0.011309 -0.101816 -0.068634 0.093720 -0.108563
-0.006268 -0.045971 -0.001700 -0.269874 0.129417 0.038304 0.294654 0.140825 -0.083232 0.266930
0.023139 -0.033152 0.090899 0.136655 0.010120 0.256135 0.025791 -0.011431 0.333663 -0.061304
0.154196 -0.021452 0.173578 0.022694 -0.057870 -0.105251 0.105312 0.097523 -0.054374 -0.099117
-0.282632 -0.047749 0.021360 -0.017634 -0.042689 -0.016254 -0.077712 0.009867 -0.358933 -0.247794
0.011171 0.087034 0.348874 -0.205104 -0.326303 -0.232092 -0.122609 -0.157386 0.118377 -0.007813
0.142052 -0.405923 -0.201142 -0.293952 -0.065673 -0.171490 -0.372953 -0.262052 -0.216771 0.070972
0.198787 -0.079001 0.288385 -0.081784 0.225227 0.095433 0.010390 0.338912 0.158430 0.054166
-0.017823 0.364817 0.333345 0.083925 0.215700 -0.006771 0.136699 0.124175 0.175772 0.073381
0.065620 -0.191079 0.082052 0.205531 0.003313 -0.123425 0.188724 0.061445 0.145691 0.183586
0.188831 -0.039929 -0.052480 0.161106 0.235932 0.253702 -0.148153 -0.380874 -0.001745 -0.051891
0.412132 -0.264835 0.631151 0.322855 0.596467 -0.080125 -0.245566 -0.030642 -0.387725 -0.172560
-0.048921 -0.013548 -0.074558 -0.207672 0.052373 0.351543 0.165174 0.236360 -0.298662 0.157359
-0.150830 -0.284103 -0.226084 0.081249 -0.462444 -0.064121 -0.081088 -0.085156 -0.164210 -0.005694
0.054434 -0.204139 0.198787 0.081624 0.353256 0.141731 -0.169563 -0.053443 0.086173 0.208207
-0.237859 -0.004941 0.406780 -0.141302 0.045656 -0.603747 0.069099 -0.415986 -0.358822 0.035566
-0.083015 0.060803 -0.079697 0.242355 -0.039607 -0.008082 0.013582 -0.269759 -0.069955 -0.152007
0.092007 -0.151900 -0.609313 -0.212596 -0.159072 -0.166137 0.269759 0.115183 -0.535236 -0.152328
-0.851668 0.147832 0.136485 -0.148475 0.332703 0.243640 0.220731 -0.459447 -0.327565 -0.271900
-0.217092 0.151044 -0.043541 -0.048947 -0.227582 0.095968 0.307226 0.119893 0.531811 0.022212
-0.414487 0.292239 -0.038778 -0.353470 -0.042177 0.242569 0.186690 0.114112 0.298448 0.085531
-0.118930 -0.031365 0.181231 -0.118394 -0.262052 0.106566 -0.111543 -0.071722 -0.033104 0.102230
0.111971 0.139804 0.210776 0.164639 -0.003743 0.102551 -0.076753 -0.664549 0.249634 -0.181873
-0.667547 -0.553220 -0.598180 0.343408 -0.671400 0.226298 0.557502 -0.236574 -0.267618 0.598608
0.008591 -0.180482 0.072953 0.126530 -0.080500 0.524103 -0.062837 -0.285174 0.147190 0.074398
-0.305085 0.064389 -0.874790 -0.450455 0.102123 -0.458162 0.154148 -0.340410 0.812703 0.669688
0.029170 0.583193 -1.102159 -0.447886 0.051971 -0.570776 -0.236574 -0.127386 -0.394790 -0.001771
-0.443604 0.180161 0.019857 0.119251 0.144193 0.251775 -0.189260 -0.166887 -0.179304 -0.179732
0.152542 0.218269 0.169135 -0.108599 0.400785 -0.241713 -0.026748 0.346619 -0.628153 0.247279
0.376806 -0.238073 0.317930 0.197930 0.229081 0.443176 -0.064978 0.077663 -0.267832 -0.285174
-0.137663 -0.113256 0.029893 -0.373381 0.335700 -0.153506 0.094951 -0.270401 0.268260 -0.294594
-0.329277 0.292453 -0.070384 -0.183907 0.312364 -0.117538 0.365888 0.053095 -0.335486 0.422194
0.226084 -0.515540 -0.009882 0.141516 -0.364389 -0.094683 -0.006573 0.020071 0.154576 -0.189902
-0.146227 0.157574 -0.084032 0.241499 0.225656 0.041374 0.119786 0.356253 0.052346 0.363104
-0.231650 -0.252417 -0.249634 -0.049857 0.140981 -0.475290 -0.024915 -0.142587 -0.124977 -0.016896
0.043115 -0.060697 -0.014544 -0.032196 -0.144687 0.179851 -0.066912 -0.045831 -0.196313 0.050058
0.004990 0.074023 -0.038104 -0.021347 0.112883 -0.084998 0.129569 -0.014187 -0.016518 0.032952
-0.144575 -0.067416 0.054202 0.061593 0.165852 -0.003552 0.109579 -0.057953 0.195417 0.020536
-0.031832 0.042163 0.443468 0.039979 -0.109915 0.048742 -0.011178 -0.091157 0.220614 -0.072343
-0.341112 -0.486023 -0.089198 -0.203144 -0.034828 -0.247715 -0.046335 -0.095749 -0.133824 -0.079847
0.151966 -0.171116 -0.051906 0.050226 -0.127441 -0.115234 0.016252 -0.158237 -0.280863 -0.544256
-0.247715 0.069936 -0.009932 0.108291 0.178059 -0.113723 0.109243 0.118818 -0.187690 0.038355
-0.020088 0.054314 0.025687 0.030320 -0.090821 -0.171004 0.205496 0.045103 -0.227333 -0.155998
-0.024133 -0.149390 0.040623 -0.169100 -0.040007 0.066800 0.255554 0.208631 0.086118 0.011311
0.065176 -0.124305 -0.091269 -0.006961 -0.006222 0.113051 0.170892 0.127441 0.138752 0.004798
0.011101 0.217142 0.038355 -0.106555 -0.249731 -0.089198 0.097485 0.020648 0.057449 0.018058
0.017918 0.034912 -0.065960 0.071504 -0.061145 0.111483 0.013487 0.029733 0.135952 0.174028
-0.011675 0.052522 -0.166412 -0.219494 0.136736 0.232709 0.042331 -0.047594 0.141439 0.085390
-0.163277 -0.349399 -0.101572 0.120610 0.051458 0.089254 0.090373 -0.041491 -0.092837 -0.053614
0.271904 0.077495 0.127665 -0.152078 0.019374 0.199001 0.393746 0.153086 -0.313563 -1.052676
-0.182091 -0.025813 0.149726 -0.032448 -0.119938 0.047958 -0.044823 -0.019864 -0.557694 0.058849
0.087294 0.033932 -0.005267 -0.003454 -0.202024 -0.093957 0.016392 -0.292510 0.001923 -0.039307
0.009729 -0.029956 -0.109579 -0.077831 -0.180299 -0.108347 0.006863 0.002217 -0.065960 0.076151
0.145807 0.010499 0.019850 0.094965 0.111819 0.097373 0.020074 0.056441 0.027913 -0.138416
0.002707 0.030488 -0.081134 -0.084718 0.042667 -0.091885 0.065176 0.258466 0.088190 -0.068032
0.119154 -0.087574 -0.181643 -0.155214 -0.260705 -0.020802 -0.081246 -0.032812 0.065400 0.147599
0.108291 0.089645 0.053278 0.049134 -0.026849 0.005071 -0.028347 0.086174 0.325210 -0.055937
-0.063609 0.070776 0.013872 -0.118706 -0.419055 -0.053866 -0.206280 -0.480200 -0.191497 -0.059913
-0.050842 0.005774 -0.084326 -0.059577 0.048182 -0.086510 -0.118594 -0.005400 0.023279 -0.128673
0.026975 -0.011423 -0.126433 0.141999 0.135504 0.129233 0.239204 0.049274 -0.101236 0.102524
-0.108963 -0.184554 -0.014068 -0.157118 -0.127105 -0.130353 0.026387 -0.132704 0.103140 0.029397
0.007972 0.061985 -0.009848 0.119154 -0.068032 -0.075591 -0.029649 -0.100396 0.022719 -0.007685
0.109243 -0.117026 -0.119826 0.003682 -0.048714 0.070216 0.087406 0.148383 0.294749 0.209079
0.070664 0.437421 0.120946 -0.109747 -0.186458 0.013081 -0.272870 -0.008299 -0.071485 -0.307371
0.111213 -0.111932 -0.068152 0.401464 0.005501 -0.177862 0.064297 0.086710 -0.110494 -0.036069
0.058874 -0.044008 -0.071746 0.023817 -0.185442 0.100693 0.009107 -0.279405 -0.059723 0.138526
-0.083050 -0.170675 0.053352 -0.060997 -0.047733 -0.111474 -0.168714 -0.024242 -0.084749 -0.075471
0.200079 -0.020354 -0.099909 0.078019 -0.186618 -0.210272 0.055182 -0.109057 -0.101150 0.136435
-0.151725 -0.165839 -0.107684 0.084423 -0.100105 0.123955 0.480921 -0.086971 -0.292212 0.099778
0.094420 -0.151856 -0.191192 -0.294825 -0.060703 -0.134867 0.010153 0.080371 -0.162834 0.270779
0.158652 0.111082 0.117355 -0.177470 -0.098210 0.247256 -0.256927 -0.080698 0.151072 -0.244642
0.115591 -0.075079 -0.020665 0.175118 -0.051294 -0.131535 -0.054430 0.401726 0.321747 0.031642
0.087690 -0.009475 0.023768 0.208443 -0.096511 0.108534 0.021008 -0.026039 -0.209096 0.156038
-0.052699 -0.149896 -0.034468 -0.124674 -0.042081 -0.197334 0.104679 0.034730 -0.081090 -0.069524
-0.237716 -0.161788 -0.097295 -0.087298 -0.022772 -0.171720 -0.123105 0.262546 0.086056 0.063872
0.010577 0.051947 0.276791 -0.071746 0.019488 0.097752 -0.051915 -0.051457 0.176817 0.230920
-0.106835 -0.148850 0.134475 -0.050281 -0.048027 0.173288 -0.034501 0.022870 0.014253 -0.090891
-0.127614 0.261109 -0.060213 -0.218375 -0.012497 -0.009736 -0.098275 -0.071746 0.216545 -0.032671
0.080698 0.133037 -0.084357 -0.186226 -0.077627 -0.127157 -0.207005 -0.153816 -0.091676 0.092394
0.029535 -0.031348 0.120753 0.086383 -0.094747 0.120492 0.294825 0.034991 0.109122 0.061455
-0.264899 -0.156953 0.129705 -0.166493 0.208181 0.047929 -0.136958 -0.253790 0.151725 -0.164663
0.011843 -0.300053 -0.403294 0.004194 -0.158782 -0.001041 0.227915 -0.206090 0.166362 0.228960
-0.214062 -0.041068 -0.056881 -0.006101 -0.275223 -0.283587 -0.537900 0.091676 -0.045348 -0.398589
0.119838 -0.237193 -0.386566 -0.053875 0.027591 -0.428647 -0.090957 0.138657 -0.194067 0.156299
-0.024307 -0.198119 0.078084 -0.295087 0.374021 0.062598 -0.860953 0.309724 -0.095531 -0.375327
0.363827 -0.027787 0.018051 0.018182 0.051653 0.076973 -0.042048 0.039434 -0.193675 0.102065
0.086775 0.067499 -0.178254 -0.160873 0.347622 -0.193675 -0.134214 0.223341 -0.202431 -0.121798
-0.134736 -0.108795 -0.036821 -0.101216 0.107162 -0.000737 -0.127549 0.237193 0.202039 0.142577
-0.057371 0.030286 0.083900 -0.201124 0.213670 0.164271 -0.212625 0.007257 0.112912 0.317303
-0.213931 0.420544 0.281234 -0.160873 -0.022756 -0.151725 -0.074098 0.075209 -0.134998 0.039500
0.007857 0.111344 0.105724 -0.177993 -0.060376 0.061128 0.212102 -0.088082 -0.024275 0.126438
0.107684 0.126634 -0.097687 0.044335 0.077954 -0.102196 -0.051686 0.079130 0.148850 -0.050379
0.011288 0.248824 -0.199948 -0.227784 -0.132225 -0.058750 -0.143496 -0.135497 -0.196095 -0.074899
-0.220092 0.071930 -0.186521 0.006090 -0.234878 -0.167735 0.119681 -0.386858 0.071082 0.021134
-0.186884 -0.095624 -0.034208 -0.105077 0.062658 -0.043176 -0.129801 0.264208 -0.076475 0.063143
0.055175 0.246149 0.256693 -0.141921 -0.130528 0.199125 -0.684031 0.006666 0.279236 -0.115318
0.151616 -0.000990 0.142890 0.139376 -0.036935 0.079080 0.081383 0.201792 -0.121923 0.128104
0.096836 -0.181794 0.172583 0.268571 -0.432185 0.094654 0.178885 -0.446002 -0.077869 0.054175
0.237787 -0.160342 0.060416 -0.360437 -0.113197 -0.105804 0.021906 0.089746 0.286750 0.116106
0.000254 0.155858 0.043934 -0.096957 0.036116 0.203125 -0.203246 0.000988 -0.137800 -0.020316
0.009582 -0.075687 -0.153919 -0.068900 -0.077566 0.064537 0.130649 0.064961 0.146647 -0.036207
0.065628 0.065749 0.055387 0.011385 -0.110713 -0.203731 0.250149 -0.027102 -0.020770 -0.069203
-0.049054 0.090776 -0.351954 0.119742 0.232818 -0.038449 -0.198640 0.212336 -0.108107 0.019179
0.318988 0.051690 -0.022618 -0.047176 0.060628 0.054659 0.099260 -0.014097 0.075263 0.358983
-0.353166 0.000373 -0.028072 0.011680 -0.062022 -0.273176 0.070657 -0.213063 -0.361892 0.145557
-0.150526 -0.067203 0.101805 -0.118287 -0.046297 0.085746 -0.113561 -0.129316 0.152465 -0.137921
0.031844 0.388312 -0.215608 -0.365285 0.727662 -0.028072 -0.211851 0.379829 -0.076293 0.042873
0.002032 -0.138285 -0.171008 -0.298385 0.007991 -0.088231 -0.284569 0.133679 0.158040 0.108955
-0.058417 -0.037025 0.142405 0.041873 0.135376 0.193550 -0.064052 0.114833 0.231000 -0.159979
0.170281 -0.038116 -0.178764 0.252330 0.029269 -0.054326 -0.077081 -0.122347 0.129680 0.123923
-0.187490 -0.167372 -0.081020 0.039207 0.142890 -0.123620 -0.254027 0.199246 0.261299 -0.325048
-0.129316 -0.144951 -0.083807 0.054266 0.122408 -0.167614 0.073142 -0.057992 -0.143375 0.067324
0.036753 -0.065628 -0.262511 -0.073687 0.156464 -0.230273 -0.242635 0.247725 -0.129559 -0.125680
0.203004 0.115742 0.077929 -0.048478 0.169917 0.307596 -0.391948 0.079747 0.109864 -0.102896
-0.045903 0.098896 0.028814 0.060022 0.113258 -0.112046 -0.037480 -0.179007 0.122287 -0.034026
-0.121923 0.009400 0.192096 -0.189430 0.078535 0.016468 -0.112349 0.164948 0.070476 0.075384
-0.091321 0.026178 0.278024 -0.443578 0.014854 0.025269 -0.141072 -0.018013 0.131377 -0.250149
0.059326 0.221668 -0.486481 -0.032420 0.164584 -0.255481 -0.045903 -0.243725 -0.040177 0.336440
0.334017 0.044267 0.067385 0.271479 -0.014286 0.112106 -0.008181 -0.073869 -0.208579 0.030238
-0.167614 0.058114 -0.032874 -0.081262 -0.080232 -0.091685 -0.118590 -0.071324 -0.064719 0.018361
0.000448 -0.003683 -0.026981 -0.149798 -0.304445 0.053902 0.011317 -0.103380 0.134770 -0.127620
0.079080 0.268328 0.592907 -0.537762 -0.413777 0.877148 0.147579 -0.439314 -0.053064 -0.117323
0.163771 -0.291642 -0.123707 -0.102982 -0.244269 0.080081 0.056626 0.009299 0.180611 0.068423
0.283500 -0.152483 0.180426 -0.250191 0.172469 -0.027272 -0.347158 0.023895 0.091740 0.155814
-0.017083 -0.078647 0.026624 -0.025815 0.075548 0.094238 0.119081 0.036941 -0.130647 -0.053619
0.203928 0.365663 -0.088362 -0.257223 -0.193935 0.169970 0.140455 0.323471 -0.103074 0.172006
0.944507 0.004973 -0.495200 0.100021 0.132405 -0.052277 0.478915 -0.041035 0.094562 0.852721
0.000104 -0.321066 -0.059078 -0.414887 0.021015 0.243899 -0.533691 -0.020229 0.113807 0.245379
0.282020 -0.054082 0.048715 0.050612 -0.162753 -0.063797 -0.245749 -0.259998 0.071060 -0.174504
-0.028984 0.030302 -0.025769 -0.082071 -0.366403 -0.018644 0.185052 -0.344197 -0.383798 -0.000820
-0.110661 -0.109181 0.136939 0.303301 0.213365 0.266660 -0.133238 0.060928 -0.021142 -0.106035
-0.081701 0.211700 -0.012283 -0.225949 -0.080637 0.170341 0.221693 -0.091416 0.108071 0.022993
-0.043071 0.000789 -0.279244 -0.027318 -0.112697 -0.221322 -0.042655 0.026092 -0.303856 0.447826
-0.284980 -0.012040 0.535541 0.009490 -0.118989 -0.105942 0.190604 0.217251 0.695796 -0.210219
-0.368809 1.054057 -0.343827 -0.456709 0.279429 0.136476 -0.237792 -0.616964 0.248895 0.457079
0.181999 -0.019326 0.082580 0.041868 0.087252 0.088455 0.210960 -0.169323 -0.205593 0.393421
0.084661 -0.127779 0.244639 -0.030233 0.092063 0.002036 0.086743 0.006211 -0.024311 0.060188
0.013405 -0.175800 -0.106775 -0.025745 -0.046864 0.138882 0.259628 -0.078092 -0.115010 0.191529
0.080313 -0.195415 -0.023687 0.369549 0.147024 -0.156832 -1.161388 0.192269 0.947467 0.033032
-0.023097 -0.037357 -0.160070 -0.074992 -0.149245 -0.191159 0.119636 -0.160163 0.159330 0.212440
0.089149 0.287941 0.007454 -0.042909 0.111216 -0.093775 0.101594 -0.209294 -0.122412 0.195970
-0.013624 0.114640 0.158775 0.243714 0.158220 -0.203372 -0.030279 0.232241 0.235016 0.179038
-0.233166 -0.060651 0.168675 -0.110661 0.053804 -0.002546 -0.188846 -0.113807 0.026115 -0.138789
-0.092480 0.015012 0.032731 0.151835 0.141195 -0.079249 -0.083320 -0.140362 0.032384 0.019488
-0.097060 0.278319 0.284425 -0.072355 -0.063612 -0.021489 0.112142 0.187365 0.028799 -0.763155
0.577733 0.559228 -0.069487 0.152113 0.008466 -0.297934 -0.008420 0.084661 -0.267956 0.154704
0.015822 -0.287016 0.242789 0.097985 0.012734 -0.231315 -0.177928 -0.035021 -0.016793 0.154056
-0.097708 -0.191899 -0.233721 -1.196918 0.563669 0.638800 -0.556637 -0.614003 0.403044 0.110384
-0.087437 -0.111864 0.020414 0.135273 0.035854 -0.109736 -0.026347 -0.054452 -0.031436 -0.163401
-0.114547 0.328653 -0.123800 -0.435983 0.173857 0.010889 -0.291272 0.044991 -0.133700 -0.075455
-0.032121 1.118144 0.297155 -0.012095 -0.085029 -0.087454 -0.108093 -0.468401 -0.043207 0.125712
0.882954 -0.146796 -0.293592 -0.455335 -0.186192 -0.256571 -0.866324 -0.190152 0.210840 -0.041871
0.060827 0.077456 0.252414 0.088939 -0.071616 0.216779 -0.112646 -0.141451 -0.309232 0.598666
-0.208464 0.099877 -0.443061 0.104034 0.325069 -0.646179 -0.018015 0.734871 -0.187677 0.166692
0.199159 -0.279734 0.204307 -0.586788 -0.056719 -0.213215 0.243703 0.203713 0.221134 0.243109
-0.208662 0.080871 -0.175205 -0.260135 -0.014996 -1.114184 0.018448 -0.079783 0.239744 -0.044816
-0.112943 0.812476 0.023732 0.067607 0.178174 0.127791 0.036823 -0.119080 -0.010406 0.269439
0.141550 0.143430 0.151250 0.111854 -0.016419 -0.147786 0.048058 0.052166 -0.070725 -0.141451
-0.140857 -0.031007 -0.353577 0.094779 -0.041920 0.111656 -0.117001 0.102351 0.115813 -0.190251
0.063549 -0.069488 0.111161 0.084831 -0.037120 -0.300521 -0.075229 0.022470 -0.466025 -0.187083
0.187479 -0.066914 -0.284485 -0.029918 -0.054987 -0.026503 -0.256967 -0.025266 -0.071022 -0.306856
-0.131057 0.031131 0.384263 0.016741 0.281516 0.160456 -0.231231 -0.008098 -0.253998 -0.373572
0.121852 -0.105123 -0.165108 -0.075180 -0.350212 0.085672 0.238556 0.118684 0.002343 0.090770
-0.030983 -0.036650 -0.091611 -0.264094 0.025712 -0.149865 -0.555508 -0.263104 0.179164 0.043925
0.465233 0.095521 0.105717 0.545610 0.069142 -0.126207 0.168474 0.062361 0.085326 -0.061718
0.088840 -0.105717 -0.183322 -0.025712 -0.118585 -0.108587 0.177977 0.173324 0.027295 0.040658
0.130265 0.240338 0.075675 0.635885 0.138085 0.028929 0.127989 -0.325465 0.137986 -0.325861
0.005803 -0.013895 0.440289 -0.091611 -0.379314 -0.214007 0.100273 -0.167880 -0.301313 -0.037516
-0.050829 0.198863 -0.063252 -0.018597 0.408218 -0.264292 -0.010505 -0.205297 -0.170553 -0.019067
-0.182134 0.113834 -0.061916 0.022754 0.003740 -0.126900 0.104925 -0.240536 -0.033606 0.033581
-0.055680 0.112745 -0.164415 -0.121159 -0.049221 -0.381491 0.024635 -0.015330 -0.114824 0.247069
0.028656 -0.004761 -0.010152 0.116902 0.142243 -0.276764 -0.137095 -0.620839 -0.268648 0.000227
-0.073744 0.139966 -0.118486 0.288643 0.073348 -0.349816 -0.293394 -0.110963 -0.370207 -0.354765
0.107895 -0.055877 -0.187776 0.127989 -0.128088 0.262114 -0.025266 -0.225688 0.096115 -0.296562
0.024784 -0.116110 -0.124326 -0.108884 0.343085 0.240931 0.357141 0.394162 -0.189657 0.292998
-0.010288 -0.112250 -0.068152 -0.107796 0.006694 -0.019723 0.322694 0.116308 -0.032096 -0.144816
0.165900 0.032170 0.046325 -0.109973 -0.159664 -0.039520 -0.130463 -0.058253 0.313785 -0.093492
0.072705 0.231033 0.023695 -0.076912 -0.041178 0.018176 0.021034 -0.252810 -0.198566 0.085375
0.466025 -0.102450 0.199852 -0.055135 0.069686 -0.107796 -0.158476 0.124326 -0.078978 0.033693
-0.167471 -1.054521 -0.200817 0.871994 0.123964 0.223725 0.050297 0.020691 0.107798 0.180588
0.127566 0.180126 0.108814 0.040182 0.044708 -0.071588 0.211717 0.148073 0.024733 -0.240352
0.002351 0.249035 -0.037226 0.062397 0.185391 -0.047387 0.103180 0.046602 0.364685 -0.016211
-0.180126 -0.027296 -0.157033 0.070157 -0.070849 0.196014 0.039697 -0.234256 -0.055285 -0.059811
-0.399787 0.119714 0.186499 -0.050528 0.013556 0.079671 -0.406438 -0.078147 0.445234 -0.128213
0.389811 0.140775 0.163314 -0.170242 -0.078470 -0.929634 -0.240537 0.690205 -0.185299 0.107706
-0.009358 -0.072512 0.049281 -0.128213 -0.237581 -0.067386 0.103087 0.060180 0.287462 0.003395
-0.082581 0.034570 -0.051867 0.007586 -0.072974 -0.053114 -0.104196 -0.150012 -0.009584 0.068586
-0.206544 -0.012955 -0.093896 -0.519501 -0.026603 -0.041383 -0.084428 0.095605 0.069602 0.257903
0.135880 -0.089601 -0.227605 -0.496962 -0.067663 -0.045355 0.050897 -0.013509 0.045239 -0.078516
-0.036348 0.106413 0.025633 0.116297 0.069880 -0.213749 -0.104750 -0.159989 0.018440 -0.013763
-0.209500 0.089278 -0.047110 -0.016731 0.149643 0.148996 -0.147057 -0.093573 -0.426021 0.076530
0.001234 0.348058 0.279518 0.031568 0.502874 0.105674 -0.173475 -0.156940 -0.017620 -0.174861
0.032469 0.159896 -0.070249 0.382790 0.066139 0.022262 0.588596 0.374292 -0.019918 -0.033092
0.251252 0.254763 -0.035448 -0.210239 -0.080225 -0.026372 -0.110754 0.177262 -0.062120 -0.043346
0.090479 0.067570 -0.033739 -0.112417 -0.016177 -0.060873 0.038496 -0.118791 -0.070711 0.006362
0.317576 0.010346 -0.067016 0.465556 -0.225942 -0.343070 0.133663 -0.419370 -0.169965 -0.328660
-0.121008 0.279703 0.437475 0.508417 -0.491051 0.253839 -0.102348 -0.387594 -0.158880 0.017170
0.046879 -0.339745 -0.024756 0.286354 0.006010 -0.042537 -0.028658 -0.185761 -0.115003 0.154446
-0.045863 0.052929 -0.045932 0.168117 -0.012909 0.018578 0.146040 -0.024663 -0.051775 -0.046325
0.201741 0.027943 -0.311479 0.286908 0.148535 -0.071727 -0.027481 -0.005311 0.100039 0.099300
-0.063460 0.269727 -0.079024 -0.308893 0.068679 -0.036649 0.002487 0.108168 0.023278 -0.119622
0.080225 -0.052560 -0.129783 -0.126180 -0.000904 0.152229 0.329030 -0.009584 -0.168117 0.065261
0.061243 -0.207098 0.054915 0.013706 0.059442 -0.255686 0.304274 0.420478 0.080456 -0.081888
-0.121654 -0.267695 -0.008798 0.146687 -0.243678 0.013313 0.174214 -0.311664 -0.065492 0.078793
-0.291342 -0.171628 0.173013 -0.427129 -0.059950 0.252915 0.006945 -0.003597 -0.356187 0.002747
0.152045 0.086599 1.462437 -0.233332 -1.433617 -0.066416 -0.161005 0.215597 -0.141884 0.082719
0.084752 -0.089001 -0.089647 -0.045609 -0.030437 -0.089278 -0.029005 -0.049327 0.069187 0.053206
-0.058933 0.190841 0.016581 0.047803 0.117313 -0.388333 -0.052129 0.140496 0.245761 0.396868
0.188353 0.003976 0.213502 -0.449077 -0.439314 0.131370 0.137631 -0.111102 -0.197161 0.039209
-0.164159 -0.092797 -0.040138 -0.105955 0.214457 0.060857 0.086749 -0.367793 -0.029341 0.141981
0.060326 0.281204 0.056559 -0.270168 -0.203634 0.197479 -0.292876 -0.043480 0.259981 0.727521
-0.229632 -0.362063 -0.100278 0.123942 -0.055498 0.957578 -0.056028 -0.631594 -0.032789 -0.113543
-0.157792 -0.188672 0.200875 0.085687 -0.415332 0.405145 0.538637 0.271017 -0.013026 -0.250006
-0.264650 -0.237060 0.118424 -0.109086 -0.135827 0.075129 -0.265499 0.131582 0.466479 -0.094124
-0.236211 -0.143042 -0.017575 0.101499 0.414271 -0.017734 0.341477 0.234513 -0.110571 0.177636
0.096989 0.152911 -0.107441 -0.160657 0.311764 0.064942 -0.009232 -0.025295 -0.380527 -0.089985
-0.537364 -0.226661 0.254250 0.099270 -0.083141 -0.252340 0.257858 -0.085104 -0.134341 0.245973
0.235362 0.297333 0.361002 0.184639 -0.026754 0.024526 0.172542 -0.050776 1.010210 -0.226873
-0.795010 0.056771 -0.241092 -0.334897 -0.200769 0.093381 0.432523 -0.008960 0.109935 0.059424
0.127125 -0.051572 -0.428915 0.012024 0.055551 -0.034859 -0.182835 0.011613 -0.121183 -0.240880
0.115453 0.687198 0.097678 -0.141769 -0.049927 0.037246 -0.079851 -0.139859 -0.121395 -0.098103
0.115028 -0.187610 0.014551 0.261466 0.188566 0.096723 0.210956 0.381588 0.040615 0.030588
0.459688 0.166494 -0.020653 2.264909 -0.674039 -1.581531 -0.154503 -0.379466 0.103249 -0.042154
-0.049370 -0.152805 0.085369 -0.218384 -0.041225 -0.139859 -0.134659 0.062979 0.047009 -0.455444
-0.393048 -0.181244 -0.180607 0.252765 0.015997 0.001206 0.474544 0.048733 0.054145 -0.134447
-0.142830 0.209895 0.217747 -0.030375 -0.026356 -0.021130 -0.307520 0.015174 0.056400 -0.282052
-0.041146 0.062608 -0.111632 0.082769 -0.034248 -0.105053 -0.199601 -0.016978 0.566652 -0.023584
-0.252977 0.106857 -0.022112 -0.135084 0.128080 0.145483 -0.067754 -0.001687 0.226661 -0.060114
0.162567 -0.048839 0.319617 0.056612 0.010432 0.276322 -0.040536 -0.170738 0.171269 -0.275261
-0.213821 -0.119485 -0.586177 -0.519961 0.121819 0.869290 0.069983 -0.371613 0.527601 -0.702903
-0.387530 -0.166069 0.023292 0.280567 -0.260830 0.406631 0.595515 -0.161294 -0.059636 0.058257
-0.029288 0.337020 0.193977 0.116302 0.568774 0.154715 0.071044 0.148666 0.057620 -0.332138
-0.069293 0.123623 -0.107176 -0.224963 -0.393685 -0.213184 -0.025242 -0.065420 -0.352088 -0.219657
-0.043454 -0.167767 0.030641 -0.235999 -0.113861 0.017668 -0.063085 -0.076456 -0.107865 0.154927
-0.022337 -0.151850 0.259132 0.110147 0.053720 -0.092267 -0.041146 0.038413 -0.013901 0.266560
-0.187080 -0.135190 -0.117469 -0.302426 0.007295 0.132537 0.155352 -0.281204 0.561134 -0.182305
-0.126382 -0.051704 -0.024552 0.045974 -0.198250 0.047020 0.169535 -0.022159 -0.279733 0.173350
0.066278 -0.355389 0.109032 0.231840 -0.185959 -0.013437 0.241164 -0.193376 0.045218 0.542937
0.191257 -0.053880 0.102887 0.046066 0.221244 0.063046 0.181721 0.214992 0.119205 0.075231
0.338647 -0.073483 -0.031417 0.046967 0.072000 0.104635 -0.009768 0.107231 0.120052 -0.031417
0.026742 0.268078 0.018993 -0.243283 0.174198 -0.112529 0.096900 0.156608 -0.335256 -0.165191
0.003397 0.232052 -0.320210 -0.017271 0.377004 0.073536 0.430832 -0.069457 0.091708 0.107549
-0.257694 -0.049722 0.320846 -0.162754 -0.306435 -0.026079 -0.160211 0.008477 0.242859 -0.067284
0.080052 -0.119522 -0.329534 0.274647 0.228661 0.066543 0.128847 -0.174410 0.037086 -0.038251
-0.019404 0.123337 0.050781 0.132450 0.339495 0.168688 0.181721 0.181509 0.096264 -0.162542
0.013258 -0.479785 -0.104953 -0.041457 -0.032530 0.137218 -0.090331 -0.070092 -0.036503 0.067178
0.207575 0.196343 0.500977 0.282276 0.047099 0.116238 -0.005066 0.068344 -0.061774 0.051258
0.465798 -0.050092 0.114118 -0.139443 -0.187337 -0.007470 -0.011093 -0.092609 -0.193588 0.021430
-0.075125 0.117297 0.506063 -0.025020 0.206091 0.239681 -0.115072 -0.086251 -0.281429 -0.653559
-0.230356 0.285667 0.448421 -0.250912 0.322753 0.293720 -0.470461 -0.169747 -0.033059 0.230992
-0.066119 -0.192741 -0.173138 0.115920 0.171549 -0.132238 0.095470 0.006566 0.134251 0.032079
-0.016477 -0.242859 -0.074172 0.279945 0.299018 0.440792 0.265111 0.009212 0.334620 0.103046
-0.151098 0.225906 0.238409 -0.341826 -0.217005 -0.289905 0.154171 0.117085 -0.049139 0.091814
-0.111469 0.197509 -0.195495 -0.530222 0.066755 0.304528 -0.096105 -0.257906 0.171655 -0.094622
-0.084768 0.255575 0.411547 -0.101191 -0.079311 -0.196343 0.137853 -0.057801 -0.306435 -0.084185
-0.435706 -0.814194 -0.420660 -0.262568 0.030225 -0.092874 0.012662 0.312581 0.233535 0.665850
0.181403 -0.023576 -0.169959 -0.501401 -0.229932 -0.001123 0.185747 0.164767 0.324872 0.474275
-0.398832 0.058172 0.368316 -0.102675 -0.246674 -0.233959 0.116132 0.265323 -0.745532 -0.166145
0.072053 0.070410 0.267866 -0.129059 -0.064529 0.051841 -0.031841 0.015801 0.071205 0.192635
-0.339283 -0.634486 0.148449 -0.258118 -0.256422 0.003921 -0.084768 -0.014344 0.345216 -0.234806
-0.240104 0.278886 -0.059337 -0.506487 0.294568 0.245826 -0.393746 0.059655 -0.407944 -0.274647
0.099337 0.131390 0.331230 -0.167946 0.438249 0.246038 -0.242859 -0.102940 -0.177482 -0.046410
-0.119734 -0.035073 -0.012119 0.048768 0.324872 -0.187760 -0.071152 -0.084927 0.044847 -0.315972
-0.233747 -0.165933 -0.167628 0.192423 -0.087099 -0.171549 0.039841 -0.411123 -0.139761 -0.068291
0.066913 0.226965 -0.079999 -0.311733 -0.406461 0.294356 -0.488686 -0.041801 0.443335 0.051284
0.211389 0.128953 0.025045 -0.194381 -0.102977 -0.248125 -0.214192 0.385231 -0.040406 -0.091355
-0.032168 0.142206 -0.215761 0.110430 -0.103369 -0.057128 0.549209 0.076007 0.124160 0.092336
0.165057 0.002018 -0.620999 0.052518 -0.075958 -0.526456 0.015336 0.105330 0.087972 0.061835
-0.070416 0.021797 -0.034669 -0.292846 0.645713 -0.022532 -0.223018 0.033664 0.158290 -0.003072
-0.069043 -0.134556 0.158388 0.190360 -0.001699 -0.122493 -0.305400 -0.043054 0.079439 -0.089884
-0.034914 0.149659 0.442506 -0.050410 -0.164174 -0.396411 -0.155642 -0.297161 -0.242829 0.060756
-0.267936 -0.505665 -0.040602 0.262444 -0.278724 0.208896 0.122003 -0.375620 0.292454 0.313834
-0.520964 -0.112098 0.135635 -0.145148 0.002250 0.258128 0.578631 -0.185652 -0.022263 -0.114059
-0.191929 -0.058648 -0.396019 -0.085667 -0.474674 -0.097926 -0.118276 -0.334037 0.276370 0.112980
-0.059481 0.209484 0.111411 0.058353 -0.211642 0.121414 -0.105625 0.350513 0.089443 -0.018229
0.567255 0.189281 0.063846 0.398177 0.003298 -0.202423 0.023023 -0.049306 0.204188 0.011101
-0.129260 -0.089933 -0.122689 -0.253813 -0.222626 0.219291 -0.396411 0.016023 -0.212622 -0.003466
0.094150 -0.138871 0.203207 0.217722 -0.722995 0.256951 0.333841 -0.149659 -0.066346 0.037072
-0.162507 0.005256 0.239691 -0.003644 -0.013681 0.300888 -0.313834 0.005014 0.184574 -0.096406
-0.189673 0.004334 0.004600 -0.183691 -0.332468 0.027902 -0.028441 -0.190458 0.330702 0.286569
0.594715 0.113667 0.007264 0.311872 -0.912472 -0.164959 0.014625 -0.148875 -0.181337 -0.049404
-0.005290 -0.006767 0.192027 -0.529987 -0.017212 -0.322072 -0.013693 -0.112980 -0.559016 0.071888
0.078606 -0.196931 -0.162899 0.110136 0.015827 -0.027730 0.088952 0.159075 -0.228118 0.012909
-0.229099 0.155936 -0.156721 -0.233218 0.055951 0.086500 -0.081499 0.259305 0.069779 -0.136714
-0.119649 -0.029741 -0.178199 0.002127 -0.082283 -0.036802 -0.363851 -0.099446 0.063355 0.122297
0.415830 0.170745 -0.015079 0.217330 0.321287 -0.006626 -0.009440 -0.214192 -0.539010 0.020914
-0.143579 -0.056931 0.113765 0.133968 0.111705 0.036630 -0.009930 -0.017690 0.056490 -0.278527
0.262247 -0.472320 -0.251067 1.105480 -0.282843 -0.344629 -0.705341 -0.219488 -0.085373 -0.007165
-0.397588 -0.058403 0.184475 -0.257736 -0.191144 0.209876 0.247340 0.295200 -0.104742 0.290885
0.417399 0.178983 0.209876 0.192419 -0.132987 -0.348552 -0.439760 0.050753 -0.263620 -0.118668
0.351886 -0.134458 -0.002363 -0.123866 -0.281470 -0.212819 -0.278920 -0.149071 -0.307949 -0.479381
0.111705 0.325014 -0.014490 0.180945 0.007398 -0.006246 0.035478 -0.009672 0.006050 0.147600
0.048326 -0.499780 0.023207 0.104840 -0.127005 0.203992 0.040038 -0.322268 -0.291865 -0.358163
-0.128868 -0.063600 -0.233218 0.198206 -0.262247 -0.296573 -0.418576 -0.107782 -0.265386 -0.232041
0.408994 0.191327 -0.039051 0.161821 0.065596 -0.005424 0.142831 0.146303 -0.030552 0.239924
-0.003672 0.118839 -0.116899 -0.314862 0.022219 -0.049363 -0.160902 -0.110365 0.062278 0.076316
-0.001137 -0.237882 -0.262385 -0.079481 0.038337 -0.393067 0.015965 0.105158 0.174991 -0.006840
0.038133 -0.146609 -0.197248 0.022691 0.127823 -0.105362 -0.247071 -0.469639 -0.108119 -0.084892
0.106383 -0.063044 -0.059879 0.356517 -0.109344 0.359580 0.675871 0.030220 -0.138952 -0.212154
0.374690 0.071365 -0.898439 0.072130 -0.119554 -0.272799 -0.071212 0.099033 -0.000505 -0.033360
0.153347 0.472089 -0.093928 -0.020368 0.188570 -0.189285 -0.113122 -0.100053 -0.244212 0.203272
-0.003353 0.079685 -0.065137 -0.249725 0.128640 -0.294851 -0.083157 0.037775 -0.175604 0.194798
0.113530 -0.194185 -1.523263 -0.139360 0.154062 -0.194288 -0.028229 0.049082 0.970315 0.098930
-0.093877 -0.072947 -0.180607 0.082136 0.206947 -0.070446 -0.028153 -0.094540 0.043314 0.376732
1.118149 -0.061257 -0.101228 -0.266469 -0.101942 -0.062023 -1.122232 -0.011282 0.021836 0.018607
0.011869 0.180505 0.028357 -0.062074 -0.078613 -0.132520 0.026213 0.029939 0.172133 0.238495
-0.137216 -0.038005 0.626866 -0.272595 -0.161004 0.022333 0.257485 0.446361 0.245437 -0.024158
-0.009565 0.095765 -0.010669 -0.182444 0.065749 -0.040991 -0.030705 -0.291789 -0.003430 0.127823
0.025026 -0.042880 0.285459 0.133745 0.127415 -0.189591 -0.055387 0.103678 0.044871 0.041936
-0.030195 0.055489 0.065800 0.004524 -0.081625 -0.179688 -0.091529 0.112305 -0.040226 -0.010777
0.220118 0.243600 0.089231 -0.118124 0.074632 -0.035019 0.023686 0.032594 0.234819 0.315883
0.127823 -0.304653 -0.254013 -0.020457 -0.053855 -0.329972 -0.361009 -0.033283 -0.009750 -0.108221
-0.152224 -0.071467 0.100309 -0.067128 -0.113632 -0.048929 -0.236249 0.036831 -0.175196 0.111897
1.078127 0.266673 -0.411444 -0.483524 -0.038286 -0.513744 -0.768574 -0.411240 -0.052732 0.034610
0.099951 0.228489 -0.045739 -0.017484 0.033360 -0.315883 -0.246662 0.211542 0.237678 -0.307103
-0.429209 0.796344 -0.107915 -0.546823 0.277291 0.144771 -0.300773 -0.261364 -0.163353 0.074734
-0.042548 0.231757 0.069731 0.011275 0.051405 -0.190714 -0.199801 -0.266469 0.072130 -0.419816
-0.424717 0.067842 -0.103729 -0.354067 -0.217259 -0.380816 0.106894 0.269328 -0.000771 0.066362
0.201740 0.345695 -0.036091 -0.129865 -0.272595 -0.342224 0.009169 -0.047091 -0.038311 0.159575
0.102197 -0.103269 -0.144669 0.156104 -0.037877 -0.037392 0.345287 -0.123025 0.037061 -0.020674
-0.124965 -0.156819 0.070497 0.004211 0.119962 0.024197 -0.185916 0.080655 -0.036576 0.109957
0.017611 -0.238495 0.114551 -0.175400 0.259731 0.123842 -0.202557 0.136093 0.190102 -0.174583
0.050818 0.268715 -0.101483 -0.138543 0.029939 0.096174 -0.126394 -0.054621 -0.079122 -0.014134
-0.047481 0.194925 0.035734 0.219329 -0.042744 -0.147937 0.092082 0.035260 -0.002534 -0.035999
-0.067754 0.290114 0.239033 0.134219 -0.040205 0.110271 0.083366 0.119441 0.137706 0.027852
0.040698 -0.090717 -0.165974 0.129975 0.072528 -0.084579 0.023229 -0.040243 0.085261 -0.056803
-0.073514 0.137024 0.015650 -0.020425 -0.028098 0.075712 -0.008024 0.215994 0.136948 0.180222
-0.141798 -0.094052 -0.107088 0.043312 0.067261 0.100039 -0.539606 0.448661 0.045776 -0.309819
-0.093522 -0.057864 -0.050247 -0.170825 0.124291 -0.287689 -0.121336 0.091096 -0.255100 -0.154682
0.094810 -0.025559 0.021637 0.114590 0.022736 -0.161579 -0.181890 -0.205838 -0.075067 0.007413
-0.019335 -0.007072 0.009919 0.128460 0.037249 -0.037572 0.035563 -0.021183 0.005665 -0.115197
-0.123306 -0.212205 0.908842 -0.651165 -0.326795 0.102995 0.016057 -0.101782 0.124594 0.152711
0.018530 -0.516263 -0.293903 -0.095719 0.039447 0.148695 0.030144 -0.052255 0.001569 -0.015821
-0.646314 0.234941 -0.141798 -0.189317 -0.128611 -0.053582 -0.185982 -0.144602 -0.121411 -0.099357
-0.052028 -0.096780 0.285264 0.260860 0.010506 -0.278443 0.017024 0.059266 0.097614 0.273138
0.072415 0.069004 -0.092309 0.055135 -0.119896 -0.109967 -0.066693 -0.121411 -0.068966 -0.189923
-0.127550 0.001644 -0.030940 0.163246 -0.065670 0.062828 0.163852 0.022547 -0.047329 0.168703
0.084048 0.177797 0.077606 -0.051384 0.103525 0.070217 0.133689 0.141571 -0.219329 0.179768
0.048390 0.096023 -0.000544 -0.048769 0.257829 -0.109210 -0.103071 -0.061653 -0.229787 -0.070293
0.054984 0.010137 -0.060630 0.319519 -0.193258 0.007465 -0.061236 -0.083897 0.000989 0.097463
-0.233425 -0.101782 0.190984 0.087989 0.332252 -0.100646 -0.122700 -0.053657 0.124367 0.139146
0.047291 -0.029443 0.132704 0.189468 0.261163 -0.008280 0.047102 -0.659653 0.086398 -0.005092
-1.358109 0.214781 0.102616 -0.293297 -0.099585 -0.010894 -0.155667 0.151954 0.058243 -0.579015
0.438354 0.259799 -0.084730 0.009270 0.218722 0.081623 -0.372874 -0.007650 0.719677 -0.144451
0.142708 -0.098599 -0.334677 -0.083972 -0.026336 -0.314063 -0.152787 0.335283 -0.034673 -0.029216
-0.045624 -0.153545 -0.010288 0.055590 -0.049641 -0.058053 -0.142177 0.119744 -0.077530 0.053089
-0.168703 -0.165974 0.129369 0.165065 -0.095795 0.304968 0.069156 -0.030637 0.184163 0.194319
-0.025313 0.302240 0.022793 -0.109892 0.184770 0.167642 0.051839 0.103222 0.307697 0.077568
-0.021164 -0.224937 -0.150589 -0.243277 -0.267378 -0.356807 -0.066844 -0.087838 -0.119062 0.086549
0.035866 -0.038917 -0.133386 -0.230545 0.105572 0.006385 -0.011311 0.014267 0.132704 0.134750
-0.009729 0.003275 -0.049603 -0.050702 -0.433504 -0.081775 -0.009597 -0.108149 0.099888 0.068966
-0.018833 0.208870 -0.023702 -0.213114 -0.122321 -0.110498 
