-0.063828 -0.038316 0.026802 0.008243 -0.005403 0.031246 -0.012438 -0.047265 0.024083 -0.002680
0.032691 0.015273 0.005780 0.026429 -0.031650 -0.040926 0.047110 -0.013316 0.002346 -0.042045
0.003867 0.050000 0.052020 -0.001382 0.018598 0.060410 -0.027936 0.009400 -0.017526 0.008841
0.013044 -0.000905 0.006631 0.019639 -0.068179 0.099813 -0.007885 0.149036 0.072094 -0.029972
0.030562 -0.004972 0.000938 0.011218 0.061560 0.052393 0.069919 0.002958 -0.020603 0.007536
0.019313 0.051957 0.076010 0.013254 0.020774 0.016889 -0.114791 0.003793 0.001394 -0.011296
0.002412 0.041796 -0.089496 -0.017635 -0.069732 -0.002711 -0.029086 -0.000390 -0.021877 0.113673
0.593658 0.168178 0.001750 -0.011544 -0.003057 0.023291 0.009734 -0.035426 0.010263 -0.022840
-0.010387 -0.019608 0.040304 -0.007054 0.008654 0.023539 0.005360 -0.000323 0.055718 0.022467
-0.005904 -0.012197 0.008825 0.001136 0.032691 -0.023664 0.039900 0.037135 -0.027999 0.065320
0.013098 -0.008017 0.019251 -0.021209 -0.025621 -0.026321 -0.109571 -0.043381 -0.028527 -0.071535
-0.021255 0.076134 -0.002694 0.024907 -0.068054 -0.204101 -0.139092 0.014232 0.167557 0.029366
0.068489 0.099689 0.065568 -0.063238 -0.060534 -0.074456 -0.000452 0.110068 -0.011902 -0.046830
0.026585 -0.029195 0.091920 0.321689 0.034587 0.005489 -0.016874 0.034307 -0.023229 -0.088750
-0.000819 -0.042231 -0.114667 -0.066687 0.010659 -0.149533 -0.039590 0.097327 -0.029925 -0.020183
-0.103045 -0.219763 -0.188439 0.038471 -0.146426 -0.041268 0.046209 -0.074767 0.005364 0.002573
-0.091982 -0.051802 0.029024 0.010247 0.054630 0.027983 -0.002072 0.064885 0.021784 -0.031355
0.034587 -0.049068 -0.038347 0.009431 -0.014038 -0.054164 0.017340 0.004016 -0.018443 0.005986
-0.008344 -0.005846 -0.023757 0.027393 0.011436 -0.003053 0.030920 -0.023555 0.028092 0.020432
-0.016703 -0.047265 0.001023 -0.011824 -0.010270 0.034618 -0.024829 0.003684 0.100497 0.079552
0.056650 -0.052765 -0.017076 -0.046302 -0.046768 0.049596 0.022436 0.002041 -0.052051 -0.030764
-0.002439 -0.044717 0.015266 0.016579 0.043847 -0.022079 0.094592 0.079801 0.031759 -0.036078
-0.060317 -0.083219 0.137849 0.254567 0.039496 -0.031572 -0.149036 -0.086824 0.029086 -0.043940
-0.023104 -0.092231 -0.303790 -0.134617 -0.066749 -0.017713 -0.013619 -0.040056 -0.017930 0.002195
-0.054879 -0.012609 -0.037912 0.050932 -0.013020 0.004828 0.020945 0.014054 -0.012912 -0.008887
0.062585 0.146674 -0.036140 -0.098135 -0.033375 -0.060348 -0.109819 -0.058483 -0.041734 -0.124922
-0.053480 -0.012414 0.032225 -0.009742 -0.014551 0.001653 0.016610 0.056650 0.092977 0.046209
-0.000655 0.006813 0.014162 0.010954 0.026973 -0.022794 -0.002237 -0.012523 0.031634 0.020696
-0.071410 -0.018536 0.008289 -0.056712 -0.035394 0.090863 -0.042480 -0.052548 -0.015997 -0.008866
-0.016472 -0.009570 0.017643 -0.004466 0.008910 -0.062981 -0.002507 0.022120 0.004388 0.013076
-0.008896 -0.024611 0.008429 0.048510 0.043974 0.034900 -0.009207 0.017776 -0.003649 -0.010704
-0.050378 -0.023825 -0.067369 -0.004296 -0.000453 0.025441 0.023914 0.044122 0.004818 -0.028125
-0.038488 0.027339 0.054026 -0.012854 -0.149445 0.157155 -0.019051 -0.076561 0.161425 -0.065353
-0.013714 0.121573 0.074367 0.019096 -0.095123 0.069860 -0.096962 -0.153004 0.032676 -0.190483
-0.250736 0.073952 -0.050972 -0.020890 -0.112084 -0.028303 -0.055301 -0.018295 -0.029682 -0.045693
0.033062 0.026405 -0.104019 -0.001330 -0.060964 -0.104671 -0.052929 -0.041246 0.032172 -0.005115
0.090853 0.030215 -0.028570 0.008644 0.031075 -0.061972 -0.033418 -0.009770 0.068318 -0.182300
0.157748 -0.000739 0.045901 0.074308 0.004915 0.225710 -0.079111 -0.031016 -0.050764 0.072291
0.035226 -0.123708 0.105442 0.013195 -0.204716 0.214324 0.105442 0.143278 -0.252397 0.014982
-0.181588 -0.150157 -0.005489 -0.161425 0.065531 -0.043974 -0.033418 -0.004989 -0.028051 -0.019985
-0.094115 -0.041068 -0.008896 -0.019807 -0.015997 0.081898 -0.021201 -0.018948 0.027176 0.051920
0.028332 0.000010 0.068436 0.035612 -0.036205 -0.020564 -0.024374 -0.010942 -0.002704 -0.043232
-0.024374 0.104730 0.033892 0.020000 0.086109 0.074011 0.070749 0.108170 -0.023039 0.036057
-0.055004 -0.015953 -0.024003 -0.006368 0.031550 -0.039496 -0.019674 -0.003336 -0.031342 0.031283
-0.026598 -0.013017 0.018547 -0.094234 0.003004 0.014744 -0.052454 0.014203 -0.105916 0.054737
0.024344 -0.031342 -0.061201 0.008584 -0.041631 -0.004451 -0.050171 -0.007183 0.035968 -0.128452
0.059155 0.025204 0.028065 0.239468 0.010126 0.027458 -0.063040 0.071342 -0.025145 -0.108763
0.027028 0.036353 -0.115998 0.057080 0.033684 -0.056101 0.035790 -0.030363 -0.357245 -0.062091
-0.050972 -0.311937 -0.019185 -0.060164 -0.157748 0.071461 -0.015567 0.046880 0.007146 -0.011386
-0.123708 -0.110423 -0.011994 -0.123114 -0.006560 -0.143396 -0.129282 -0.008347 -0.129282 0.150987
-0.048392 -0.054619 0.250262 0.047087 -0.050734 0.009985 0.003686 -0.025604 0.045397 0.013825
0.001820 -0.036709 -0.014604 0.004522 -0.039585 -0.063277 -0.019377 0.040742 0.019793 -0.037628
0.119556 0.027250 -0.043351 -0.027843 -0.063633 -0.031045 -0.019022 -0.000535 0.086880 -0.009229
-0.017495 -0.006679 0.037243 -0.004778 -0.021053 -0.038963 0.069504 0.048095 0.021379 0.067903
-0.073833 -0.089786 -0.073181 -0.128926 0.153952 0.001966 -0.098326 -0.002107 -0.068733 -0.030289
-0.022965 0.091980 0.013529 -0.011994 0.037302 0.013699 -0.038933 -0.007784 -0.065649 0.050497
-0.001497 -0.023455 0.008925 0.043173 -0.040060 0.034693 0.008807 -0.017539 -0.033803 -0.038785
0.013277 -0.018799 -0.004700 0.011542 -0.059719 -0.010801 -0.040508 -0.037864 -0.098819 -0.021576
-0.026754 0.035656 0.037185 -0.016082 -0.000696 -0.043127 -0.020351 -0.030635 0.036069 0.054479
0.096539 0.027070 -0.004039 0.024984 -0.056274 -0.029544 -0.017222 -0.031703 -0.024838 0.023213
0.006398 0.016094 -0.085478 -0.004997 0.038058 0.011704 -0.006337 -0.000128 -0.009533 -0.050453
-0.075097 -0.035826 0.052781 -0.027094 -0.091931 -0.012395 -0.095035 0.080918 0.012528 -0.203945
-0.030732 -0.172218 -0.127975 -0.022158 -0.274191 0.016094 0.034056 0.003496 0.349482 -0.002216
-0.003511 -0.021321 -0.069081 -0.021794 -0.012419 -0.033425 -0.030999 -0.081743 -0.050938 -0.048755
-0.214618 0.006683 -0.075242 -0.145148 -0.059961 -0.016543 0.028307 -0.118467 0.114004 0.036408
0.028283 -0.053121 -0.038203 -0.044947 0.009642 -0.111578 -0.025032 0.258861 0.376649 -0.039586
0.170666 0.113810 -0.043855 -0.108376 -0.224126 -0.077377 -0.040241 0.252069 -0.143693 -0.064327
0.047227 -0.058215 -0.001010 0.056759 -0.043709 -0.445148 -0.135252 0.139521 -0.286416 0.134864
0.065588 0.041066 0.163001 0.005291 -0.060010 -0.084072 -0.077037 -0.033667 0.012249 -0.007586
-0.017525 -0.014178 0.030708 0.038761 0.012831 -0.057341 -0.021260 0.120698 0.003138 -0.117885
-0.126035 -0.083004 0.010533 -0.039246 -0.087710 0.088923 0.172703 0.132729 0.116235 0.168725
0.143402 -0.051180 -0.062338 -0.106436 -0.103234 -0.090572 -0.114198 -0.069566 -0.087564 -0.074175
0.073981 -0.042691 -0.051132 -0.017076 0.053024 -0.011958 0.018871 0.000188 0.089456 -0.108667
-0.072332 -0.090087 -0.015112 -0.093046 -0.043079 0.038980 -0.034953 -0.096733 0.030587 0.167173
0.028986 -0.088341 0.040556 0.037839 0.013438 0.027118 0.031970 -0.013741 0.134864 -0.042472
0.034638 -0.321539 -0.114974 -0.096054 -0.276908 -0.087613 0.079705 0.044680 0.019271 -0.017355
0.020581 0.041041 0.049968 0.028113 -0.012292 -0.333570 -0.535574 0.124676 -0.044971 0.208990
0.062241 0.060689 0.228201 0.058748 -0.155724 -0.206468 -0.096394 -0.019829 -0.144469 0.004933
0.078784 0.154657 0.014263 -0.140879 0.460284 0.142141 -0.191138 0.060301 0.140782 0.000885
-0.335704 0.068839 0.019259 0.102555 0.034007 0.012795 -0.037621 -0.011849 -0.017513 0.058603
0.021382 -0.021782 -0.179689 -0.087661 0.038858 -0.084751 -0.066074 0.052684 -0.014808 -0.022388
0.075776 -0.009921 0.021636 0.022534 -0.120795 -0.076164 -0.046111 0.052684 -0.000173 -0.006543
0.103137 0.105465 -0.024389 0.103719 -0.077231 -0.041890 0.081743 -0.035414 0.008192 0.078347
-0.021806 -0.002899 -0.154366 -0.146895 0.033522 -0.130692 -0.109249 0.124773 0.296700 0.069712
0.051665 0.037815 0.022983 -0.027895 -0.108473 0.030466 0.021976 0.016070 0.005239 0.025372
-0.013414 0.007240 0.026342 -0.006543 0.090136 0.007538 -0.018325 0.058748 0.000968 -0.044850
0.014639 0.013705 0.081500 -0.016324 0.044652 -0.446334 0.049924 0.105873 -0.342156 -0.073992
0.028916 -0.024334 0.007868 0.044589 -0.031818 0.069222 -0.064452 -0.388848 0.014889 -0.008919
-0.311028 -0.050551 -0.005209 -0.014874 -0.032603 -0.086480 -0.010967 0.076251 -0.023895 0.081397
0.052215 0.022154 0.080330 -0.157773 0.054913 0.276888 -0.263583 0.052340 0.346172 -0.209737
-0.058490 -0.019125 0.097840 0.052622 0.149615 -0.003901 -0.006947 0.028853 -0.043523 0.010481
-0.002587 -0.011759 0.033199 0.029904 -0.031489 0.003197 -0.006229 -0.025354 -0.057988 -0.206348
-0.137565 -0.006743 -0.142962 0.104931 -0.044433 0.050426 -0.014630 -0.003410 0.061126 -0.044778
-0.004954 0.110517 -0.006680 -0.028806 -0.027237 0.058082 0.049453 0.034705 -0.017964 0.002328
-0.005836 -0.035364 -0.029669 0.008708 0.003750 0.016615 -0.031536 -0.021636 0.033764 -0.022216
0.005264 -0.014670 -0.059432 -0.035992 0.027190 -0.016348 -0.008982 0.004017 -0.008755 -0.010488
-0.028994 0.001047 0.046190 0.025778 -0.074431 0.081146 0.038000 -0.082150 -0.047790 -0.023628
-0.042613 0.010441 0.019329 -0.027849 -0.042456 0.047508 0.073301 0.003546 0.011995 0.027096
-0.070352 -0.033324 -0.046755 0.075372 0.000121 0.036870 -0.005307 0.063542 -0.000230 -0.033450
0.024931 -0.017635 0.041891 0.013360 -0.001342 0.029951 -0.057957 -0.084158 0.047288 -0.023519
-0.038690 -0.001744 -0.024225 -0.033356 0.148736 -0.014254 -0.045343 0.092066 -0.002157 0.034423
-0.072674 -0.023754 -0.048763 -0.023926 -0.012097 -0.037623 -0.035301 0.051054 -0.050865 0.034799
-0.036682 0.032446 0.001692 0.005021 0.002044 0.007213 0.016898 -0.144469 0.060467 -0.022310
-0.017353 -0.126332 -0.056231 -0.052591 -0.037812 0.007507 -0.060812 -0.035678 0.017666 -0.085225
-0.050646 -0.020428 0.003222 -0.036996 0.046096 0.036996 0.011908 0.037655 0.102107 -0.020961
0.002269 0.000697 -0.040855 -0.088489 -0.043272 -0.044589 -0.029229 -0.018733 -0.014866 -0.031520
-0.045280 0.011312 -0.049328 -0.024083 -0.046472 -0.021824 0.037278 -0.071105 -0.014332 0.043679
-0.023817 -0.028461 0.036870 0.034391 0.073238 -0.010347 -0.008362 -0.006025 0.017760 -0.003834
-0.079954 -0.117043 -0.038282 -0.013948 -0.050112 0.005295 -0.034862 -0.031018 -0.057769 -0.112337
-0.057047 0.017557 0.014874 0.041703 -0.044307 -0.006178 0.015940 -0.077945 0.005860 -0.035113
-0.005272 -0.008488 -0.003832 -0.052622 -0.032038 -0.024303 -0.018906 0.034831 -0.011406 -0.037310
-0.099032 0.230196 -0.088175 -0.016584 0.117985 0.009037 0.002630 -0.030422 -0.084849 -0.045280
0.157522 -0.082903 -0.011202 -0.037780 -0.025495 0.035929 -0.023503 -0.103299 0.070854 0.099408
-0.099534 -0.052466 0.100350 0.010190 -0.008614 0.009516 0.073427 -0.014081 0.080518 -0.032540
-0.001975 0.061691 -0.123821 -0.042801 -0.036180 0.037215 0.208733 -0.180743 0.087610 -0.020710
-0.078322 -0.032916 0.041086 -0.028760 0.087010 -0.002945 -0.011638 0.099004 0.009982 -0.003879
0.066964 -0.024983 -0.027650 0.055500 -0.013477 0.004875 0.070575 -0.002738 0.014074 0.026027
0.051391 0.035387 -0.016434 -0.004784 0.009683 -0.008515 0.052683 0.022498 0.007472 -0.024055
0.018108 -0.066931 -0.029473 -0.002510 -0.048674 -0.026607 -0.008226 -0.074021 0.000213 -0.031991
0.032687 0.000333 -0.001123 0.138235 -0.040788 -0.029191 0.013303 -0.032521 0.002953 0.011116
0.034758 0.047978 0.036083 0.019864 0.004896 0.013635 0.021173 -0.037143 -0.103975 0.006308
-0.058714 -0.241083 0.001278 -0.053478 -0.123855 -0.002895 0.013452 0.018075 0.028909 0.051424
0.049635 0.029423 0.006995 -0.027584 -0.015275 -0.010205 0.104902 -0.004235 -0.027949 -0.070575
0.007364 0.041152 0.067859 0.057753 0.059078 0.031958 0.021670 0.005873 -0.006850 0.016261
-0.038833 -0.086546 -0.033366 0.001681 -0.003879 -0.028678 -0.008913 -0.032190 -0.014720 0.005032
-0.006784 -0.008387 -0.052020 0.059840 0.006208 -0.021752 0.105764 -0.012599 -0.039761 0.041616
-0.003098 0.008532 -0.011332 -0.003156 0.002029 0.020145 -0.030235 -0.035917 -0.008230 -0.023840
-0.021255 0.000255 -0.000616 0.005036 -0.011431 0.032007 0.032886 0.065970 0.006117 -0.060933
-0.086480 0.027137 -0.015846 -0.032952 0.006320 -0.031709 -0.085817 0.019599 -0.005330 -0.033880
-0.023144 0.039993 0.055963 0.020908 0.019930 -0.020079 -0.003802 0.039794 0.020261 0.017926
0.044300 0.012815 -0.008499 0.024122 0.084028 -0.018058 0.009037 -0.035652 -0.030434 -0.041020
0.041848 -0.013684 0.024188 0.069979 0.024834 -0.040092 0.049933 0.047746 0.046355 0.144199
0.034459 -0.024768 0.072166 -0.026391 -0.017395 -0.005571 0.000414 0.003984 0.000485 -0.017627
-0.005256 0.004278 -0.015780 0.002578 -0.014165 0.026076 0.011837 0.026242 -0.046818 -0.005740
-0.004974 0.062590 0.010429 -0.030748 0.091384 0.054042 0.010031 0.011630 0.016600 -0.034327
0.062656 0.006817 -0.107951 0.107884 0.026209 -0.090854 0.079190 0.039430 -0.030699 -0.033499
-0.004051 -0.024337 -0.050927 -0.033780 0.027799 0.012467 0.002634 0.020957 0.001402 -0.016840
-0.033101 0.068256 0.066202 -0.012831 0.023807 0.005289 -0.029175 -0.004672 0.007555 0.035785
-0.001653 0.055168 0.074949 -0.016981 0.003825 0.005521 -0.009476 -0.018953 -0.027054 0.006987
0.047713 0.004929 -0.005372 -0.020261 -0.002336 0.001679 -0.039396 -0.093836 0.000216 -0.123789
0.002462 0.003986 -0.127367 -0.044267 -0.011406 0.023542 0.007381 -0.060735 -0.081974 -0.064943
0.002243 -0.014198 -0.013759 -0.018787 0.009186 0.009451 0.000081 0.039993 0.062193 -0.035718
-0.018489 -0.007795 -0.029224 -0.032372 -0.019731 -0.008499 -0.037905 0.121734 -0.000956 -0.049602
0.127964 0.034791 -0.032355 0.080317 -0.016608 0.039860 0.127897 0.003446 0.048674 0.088600
-0.015074 -0.105728 0.047399 -0.044958 -0.373365 -0.178230 -0.086128 -0.029256 -0.053520 0.097130
0.018781 0.022661 -0.031187 -0.000599 -0.300790 0.038109 0.107040 -0.093851 0.009536 -0.047836
0.011659 -0.082338 -0.062738 0.027653 -0.106749 -0.050897 0.035504 -0.065179 0.048383 -0.036724
-0.059531 0.058949 -0.002981 -0.032626 -0.038983 0.050496 0.071591 0.141214 0.071919 0.081318
0.206648 0.014610 0.096402 0.129628 0.088605 -0.016786 0.030276 -0.056034 -0.081974 -0.006467
-0.072647 -0.011249 0.090718 -0.025303 0.026195 0.018326 -0.071882 -0.062920 -0.032480 0.018763
-0.024410 0.164823 0.023426 -0.043574 0.010128 -0.055451 -0.012506 0.128025 0.022953 -0.099681
-0.008903 -0.010137 0.021914 0.109372 0.158265 0.064778 -0.163365 -0.098515 0.068640 -0.024210
-0.039712 -0.054868 0.016677 -0.009618 -0.147553 -0.186974 -0.029966 -0.177501 0.014027 -0.158119
0.005119 -0.001438 -0.009085 0.027817 0.004791 -0.043683 -0.056544 -0.021204 0.052682 -0.018608
-0.002176 0.163511 -0.015994 0.086565 -0.193969 -0.160888 -0.123799 -0.050168 -0.002728 -0.038364
-0.021113 -0.027689 -0.024465 -0.016641 -0.032389 0.061280 0.065689 -0.020311 -0.051553 0.044958
-0.047217 0.025011 -0.006503 -0.004647 -0.017725 -0.140558 -0.038765 0.002981 0.043501 -0.129046
-0.255176 0.034374 -0.038801 -0.135603 -0.043064 -0.065106 -0.097422 -0.114399 -0.019419 -0.264358
-0.035322 0.043938 0.044885 0.046671 -0.046161 -0.073376 -0.101794 -0.084087 -0.108279 -0.092977
-0.072720 -0.088386 -0.068239 0.003033 0.026541 -0.050715 0.008229 -0.089771 -0.066636 -0.007829
0.055706 -0.027853 0.025412 -0.036724 0.106821 -0.056544 -0.063831 -0.125985 -0.076728 -0.050241
0.030859 -0.145805 -0.235211 -0.069004 0.217432 0.285051 -0.174587 -0.106093 -0.082557 0.015593
-0.032170 0.022916 0.035723 -0.050897 -0.096912 0.093414 -0.022024 0.035759 0.154039 -0.060114
-0.020803 -0.031478 -0.164823 -0.075489 0.015584 -0.040331 -0.111922 -0.033664 0.004115 0.024538
-0.009864 -0.084524 -0.052427 0.102231 -0.067984 -0.040732 0.107696 -0.038874 -0.130649 -0.041242
0.055378 -0.087803 0.024756 -0.017788 -0.057200 0.025631 -0.020858 -0.005729 -0.046999 -0.015630
0.067328 -0.068968 -0.049476 -0.193386 -0.072611 -0.150832 -0.163948 -0.111339 -0.024538 0.030513
-0.256779 0.046343 0.118771 -0.151853 -0.065069 -0.082411 0.005410 0.111631 0.142161 -0.140923
-0.071846 -0.233317 0.029529 0.127588 -0.030075 0.053338 -0.027780 -0.253136 -0.184788 0.004272
0.087148 0.096547 0.009304 -0.166280 0.091301 0.143327 0.298750 -0.285780 -0.048019 0.148646
-0.026669 0.011158 -0.131742 -0.141651 -0.137789 -0.434281 -0.100336 0.000998 -0.045031 -0.029219
0.043137 -0.069077 0.046816 -0.020330 -0.063940 -0.147626 0.010238 0.098150 -0.033282 -0.116221
-0.108060 -0.000433 0.072210 0.132252 -0.055342 -0.012733 0.127588 -0.003716 -0.041078 0.412340
0.359436 0.058661 0.061190 0.021025 0.002920 0.010571 -0.048197 0.038297 0.207881 0.193255
0.029156 -0.099584 -0.065430 -0.069047 -0.216751 -0.197456 -0.018322 0.067258 0.050375 0.063913
0.003173 0.060256 -0.038550 -0.006914 -0.024390 0.014733 -0.086202 -0.191232 0.017194 0.017165
-0.042401 0.021881 0.104408 -0.099351 0.061190 0.153188 0.074027 0.009093 0.194189 -0.108375
-0.026899 0.023612 -0.194033 -0.001586 0.020422 0.024935 -0.018458 -0.058739 -0.089392 0.026510
-0.033999 -0.069086 -0.024079 0.022290 -0.143074 0.015541 -0.060917 0.152488 0.016037 0.021103
0.141051 0.015220 0.071498 -0.025713 -0.009754 0.107597 -0.006190 0.015463 0.029992 -0.016435
0.002740 0.047069 -0.000712 -0.012808 -0.052243 -0.050920 0.003890 -0.011398 -0.026141 0.070876
0.124091 -0.097406 -0.011787 0.029817 -0.005879 -0.037752 0.001213 0.007192 -0.012088 0.000141
0.029136 -0.005393 -0.006005 -0.020734 0.005217 -0.027658 -0.014938 -0.020053 0.120668 0.080134
0.042401 0.072121 -0.013411 -0.029233 -0.032948 -0.057805 -0.014014 -0.019255 0.064691 0.041351
0.083324 0.058117 0.009944 -0.051620 -0.045552 0.006618 0.068658 -0.054888 0.021298 0.040417
0.012691 0.038103 -0.008266 -0.065002 -0.050298 -0.044502 0.006316 0.061384 0.040378 0.022212
0.031003 0.035263 0.032326 -0.017962 -0.016241 -0.148364 -0.062862 0.026160 0.058000 0.006404
-0.022951 0.100129 -0.019810 -0.012185 0.032229 0.023340 -0.005028 -0.012399 0.009229 -0.043918
-0.050609 -0.001765 -0.078539 0.056288 -0.029136 0.044268 0.076322 -0.021842 -0.040184 -0.016766
0.012905 -0.021006 0.290972 0.018254 -0.016708 -0.039211 0.061462 0.017923 -0.177695 -0.079901
-0.064496 -0.094994 -0.125180 -0.136694 -0.022873 -0.035496 -0.043490 -0.019557 -0.020539 -0.053876
-0.068736 -0.036780 -0.074027 -0.036235 -0.002679 0.034076 -0.024449 0.029408 0.032793 -0.025207
0.056716 0.052126 -0.006083 -0.002614 0.019042 0.024818 0.093749 0.067491 -0.017262 0.004072
0.028241 0.022601 -0.066402 -0.049870 -0.093360 0.028125 0.093438 0.013129 0.000976 0.010775
0.027891 -0.008684 -0.050609 0.006880 0.055043 0.070331 -0.164780 0.056249 -0.011203 0.029603
0.051465 -0.019644 0.078345 -0.098184 -0.105497 -0.002217 -0.016396 0.039542 -0.034738 0.008359
0.046524 0.006360 -0.102540 -0.038258 0.083868 -0.084491 -0.103941 -0.019586 -0.045202 -0.032170
-0.008577 0.047341 -0.295795 0.188120 0.024371 -0.072510 -0.078967 0.058117 0.335162 -0.099039
-0.003107 -0.122224 -0.016960 -0.093593 -0.249893 -0.023087 -0.028008 -0.070253 0.000793 -0.009307
-0.011320 0.110398 0.008291 -0.024760 0.020559 -0.030731 -0.031665 0.015035 -0.008096 -0.150309
-0.403004 -0.012458 0.012711 -0.138717 -0.005354 -0.049559 -0.295173 -0.041234 0.266854 0.092893
-0.001777 -0.145875 -0.131482 0.002024 -0.205703 -0.147353 0.107632 -0.215873 0.113056 0.064786
0.044369 -0.119516 0.032789 0.155170 -0.050738 0.056985 -0.026055 0.309365 0.088129 -0.024988
0.140299 0.090871 0.036080 -0.275479 -0.003297 -0.020463 -0.033734 -0.045070 -0.043303 -0.035562
0.049580 -0.010247 0.023830 0.011587 0.028081 -0.220139 0.005683 -0.020509 -0.132864 -0.003834
-0.108607 -0.063202 -0.012585 -0.096235 -0.113239 -0.017994 0.031022 -0.004731 -0.043607 0.019122
0.026055 0.027639 0.051561 -0.004792 0.015221 -0.013812 -0.000111 -0.014901 -0.071673 -0.016105
0.049611 0.020752 0.156877 -0.003173 -0.033124 0.101415 -0.032485 -0.066797 -0.004720 -0.021758
0.005436 -0.044308 0.051774 -0.009622 -0.064908 0.059606 -0.023830 -0.021042 0.047447 0.014002
0.061434 -0.049245 -0.007824 0.059179 -0.009820 0.024165 -0.020051 0.100135 0.095381 0.010384
0.005173 0.027685 0.001664 -0.064238 -0.033246 -0.063628 0.030534 0.012494 -0.007375 -0.021438
-0.034465 0.007028 0.002282 -0.003480 0.018010 -0.023982 -0.027456 -0.096052 0.082948 0.070759
0.059179 -0.004937 -0.010437 -0.056498 -0.048849 -0.053542 0.010201 0.023906 0.050525 -0.022901
-0.030169 0.024729 0.058600 -0.034496 -0.059667 -0.093187 0.013721 0.077219 -0.008334 -0.034191
0.053907 0.049702 -0.123965 -0.078560 0.011123 0.031296 0.070271 0.100318 -0.014452 -0.001381
-0.119882 -0.008334 0.008502 0.037970 0.004255 -0.033185 -0.030824 -0.008479 0.014787 -0.022093
-0.036720 0.039981 -0.014536 0.037238 -0.001942 0.042632 0.033795 0.040103 -0.025125 0.082948
0.121588 0.083984 0.007336 -0.009691 -0.027243 0.007809 0.067773 0.071856 0.008792 -0.142249
-0.308146 0.045984 -0.025506 -0.301564 0.072161 0.076793 -0.094041 -0.015191 0.075635 0.046380
-0.097210 -0.022916 0.044887 -0.080937 -0.058204 -0.020859 0.012982 0.035989 0.014376 -0.025400
-0.032027 -0.096357 -0.077219 -0.020478 -0.072283 0.062044 0.009165 -0.037848 0.046655 0.034252
-0.023449 -0.028813 0.043516 0.056650 0.057960 0.028828 0.096783 0.090262 0.032698 0.115616
0.047508 -0.104645 -0.072770 -0.027807 0.046990 -0.027335 -0.005234 0.042297 0.054486 -0.023282
-0.052871 0.033277 0.133717 0.084777 0.195882 0.043546 0.026786 0.058448 0.077890 0.018543
-0.009218 0.006948 0.006350 0.017309 -0.030702 -0.027731 -0.024028 -0.056711 0.017035 0.023571
-0.032058 -0.000593 0.031022 -0.037970 -0.083253 -0.093248 -0.086544 -0.062166 -0.049946 -0.106474
-0.033490 -0.331793 -0.030108 0.008083 -0.195151 0.014521 0.002939 0.052109 0.010170 0.075025
0.034801 -0.112142 -0.079109 -0.101842 -0.074842 -0.082583 -0.000930 -0.034069 0.009165 0.063202
-0.024988 0.036019 0.036294 -0.093370 -0.057899 -0.000154 0.010353 -0.110679 0.025247 0.006026
-0.031936 -0.117688 -0.002897 0.042175 -0.081790 0.057655 -0.122381 -0.023937 0.022489 -0.173942
-0.138714 0.057259 0.063811 -0.147369 0.018062 -0.072785 -0.005237 -0.035501 -0.071180 0.156036
0.013439 0.009641 0.050426 0.046383 -0.159128 0.100080 0.053043 -0.037017 0.664581 0.070050
-0.000864 0.348940 -0.005973 -0.044420 -0.028811 -0.016457 -0.052627 -0.013989 -0.012079 -0.014829
0.042131 0.003048 0.045610 0.028513 -0.064995 -0.104480 -0.173876 -0.020099 0.041358 -0.186006
0.039455 -0.006117 -0.070942 0.004226 -0.036928 -0.052121 0.053281 -0.055659 -0.057592 -0.021526
-0.049178 -0.019653 0.029539 0.016264 0.019609 -0.014703 -0.064401 -0.043320 -0.016739 -0.047096
0.016665 -0.023295 -0.089971 -0.075283 -0.069752 -0.097404 -0.030803 -0.036333 -0.017572 -0.000039
-0.048494 -0.025392 0.054975 -0.070169 -0.030149 0.042042 -0.071774 -0.056849 -0.076353 0.007210
0.010116 0.115778 0.063925 0.022775 -0.009247 0.059138 -0.025689 -0.031100 0.115124 0.011477
-0.054470 0.038623 -0.091873 -0.030981 -0.074926 0.027785 -0.012153 -0.072607 -0.013038 -0.004237
-0.024024 0.046502 0.032022 -0.114886 -0.119822 -0.096095 0.004296 -0.023325 -0.012220 -0.059495
-0.067909 -0.065114 -0.029153 -0.037998 0.009886 -0.007296 -0.039663 0.012517 0.041447 -0.039604
-0.008243 -0.035917 -0.047067 0.011908 0.043082 0.040585 -0.040436 0.022597 -0.025451 -0.029866
0.058841 0.009202 0.030253 0.044837 0.022344 -0.161150 -0.008622 0.024752 -0.179822 0.031606
0.037403 0.071834 0.047007 0.048613 0.009277 -0.059970 -0.032289 -0.011514 -0.004259 0.041863
0.069633 0.015312 -0.002451 0.084024 -0.007812 0.011878 -0.001708 -0.026640 -0.036006 -0.126898
-0.118989 -0.110070 -0.022225 -0.051586 0.027592 0.091933 0.026239 0.101209 -0.105729 -0.018895
-0.011886 -0.142002 -0.014346 -0.002903 -0.044450 0.062260 -0.059911 -0.030416 -0.002343 -0.045372
-0.053875 -0.001153 -0.017185 -0.042071 0.061368 0.007894 0.014063 0.042696 0.016472 0.033538
-0.010384 -0.018048 -0.013224 -0.012309 -0.053697 0.041417 0.010986 -0.072012 -0.084262 -0.009670
-0.017468 -0.013476 0.083251 -0.029450 0.022225 0.210744 0.061725 -0.089197 0.077840 -0.030178
-0.043023 -0.056254 0.002916 0.017007 -0.087295 -0.102518 -0.027592 -0.057770 -0.022879 0.051378
-0.057919 -0.006742 0.009366 -0.041744 0.020411 -0.033300 0.003800 -0.028855 -0.027547 -0.032081
-0.027844 -0.022478 0.000009 0.004248 0.058127 0.039723 0.023414 -0.023043 0.075283 0.049029
0.115303 -0.034549 0.040436 0.116432 0.030833 0.004928 0.017795 -0.005021 0.015847 -0.049891
-0.092052 -0.145213 -0.145808 -0.002903 -0.091517 -0.139386 -0.008481 -0.063092 -0.033330 -0.040228
0.048999 0.032617 -0.019891 -0.009946 0.000930 0.056373 -0.007924 -0.018613 0.045580 0.014376
0.024113 -0.015847 0.013506 -0.002633 0.012369 0.073142 0.001357 -0.063925 -0.009745 0.095501
0.016918 -0.033449 0.140099 -0.011744 -0.115005 -0.068385 -0.138434 -0.027547 0.145808 0.016739
-0.124401 0.046115 -0.029866 0.010228 -0.057858 -0.046484 0.021456 0.069055 -0.021076 -0.003584
-0.007473 -0.024737 0.041519 0.048764 -0.058517 0.041874 0.097224 -0.069308 0.041823 0.029562
0.014908 -0.001399 -0.036605 0.005991 -0.072956 -0.036453 0.012520 -0.031868 0.004446 -0.030981
0.018961 -0.022178 0.012387 -0.062215 -0.003999 -0.006871 -0.070321 -0.029816 -0.005823 -0.081670
-0.082278 0.022773 -0.040860 0.043622 -0.042608 -0.016250 -0.016124 -0.013325 0.005852 0.019278
-0.005896 0.038656 0.081822 0.001482 0.025117 0.011292 0.008683 -0.007853 -0.100061 -0.019417
-0.087040 -0.042988 -0.026396 -0.102696 -0.061253 0.022495 0.087952 -0.009050 0.013907 -0.007074
0.010171 -0.025231 0.008993 -0.034071 0.060239 0.068953 0.058010 0.003103 0.179553 0.361740
0.047599 0.010981 -0.014667 -0.113082 -0.110650 -0.094235 -0.002692 0.223326 0.158172 0.018606
0.018885 0.022279 -0.031817 0.010785 -0.015528 -0.055021 0.021279 0.000002 -0.005377 0.009791
-0.014908 0.006618 0.066876 0.074982 -0.053096 0.071081 0.020734 -0.061658 0.020405 -0.003493
-0.004357 0.000875 -0.018340 0.002459 -0.017872 -0.020848 0.018860 0.018188 0.035870 -0.049828
0.005453 0.022191 -0.016744 0.070828 0.052589 -0.024306 0.049549 0.052538 -0.027890 -0.083646
-0.034831 0.004433 0.057351 0.058466 -0.030778 0.004256 -0.032704 0.018125 -0.061911 0.044230
-0.007036 -0.149762 -0.181073 0.002334 0.003328 -0.049524 0.021494 0.050005 -0.014161 0.016415
-0.007441 0.049245 -0.015870 0.020987 0.046079 0.016263 -0.009499 -0.017162 0.046687 -0.119567
-0.042254 -0.014173 -0.054464 -0.006764 -0.065508 -0.041975 -0.037061 -0.063178 -0.034755 0.143987
0.042330 -0.078580 -0.004357 -0.022862 0.057301 0.053450 0.000768 -0.072753 -0.139123 -0.084558
-0.011114 -0.019974 -0.085723 -0.103152 0.055072 -0.026421 0.098186 0.018682 -0.094387 -0.072500
-0.022140 -0.037669 -0.062063 -0.068092 -0.026750 0.013983 -0.049423 0.033666 -0.016111 -0.052994
-0.035971 -0.034274 0.004791 -0.023457 -0.017606 0.035971 0.077566 -0.008822 0.051804 -0.058415
0.011184 0.012622 0.062975 -0.017099 -0.112980 0.012710 0.017289 -0.030297 -0.080809 0.012856
-0.022507 0.012210 0.014515 -0.055578 -0.046813 0.009512 0.039467 0.022710 -0.005747 -0.007277
0.004142 0.027764 -0.005022 -0.044888 0.050461 -0.005266 0.039543 0.008252 0.142973 0.113588
-0.120073 -0.165265 0.079188 -0.026143 -0.089726 -0.005940 0.041874 0.045420 -0.083291 0.134158
0.099858 -0.100213 -0.018568 0.023863 -0.062823 0.098338 0.064343 -0.072297 0.100466 0.109940
-0.022444 -0.143075 -0.120175 -0.147432 -0.372278 -0.212991 0.019442 -0.011583 -0.119060 -0.098896
0.073969 0.011108 -0.001453 -0.021431 -0.034781 -0.054109 0.020848 -0.022216 -0.047953 -0.049575
-0.006441 -0.034629 -0.023457 0.011672 -0.109738 -0.036047 0.001233 -0.035338 -0.059783 0.007080
-0.030754 0.046834 0.070116 -0.040438 -0.019830 -0.012261 -0.082549 0.050420 0.027063 0.010476
-0.016378 0.022311 0.057025 0.082609 0.041006 -0.063362 0.048776 0.106758 -0.041693 0.013591
0.009198 -0.066291 0.006344 -0.033952 -0.022191 -0.052213 0.006317 0.007401 -0.065932 -0.016812
-0.010715 -0.103530 -0.045788 0.010363 -0.053469 -0.066171 0.033504 -0.106160 -0.044054 0.072866
-0.063601 -0.013360 0.079561 -0.059626 -0.020309 -0.001630 0.051855 0.043128 -0.150274 -0.014466
-0.010894 -0.135570 0.022610 -0.016453 -0.016931 -0.009108 -0.008697 -0.017559 -0.138678 -0.129831
-0.016603 -0.069100 -0.029738 0.080876 -0.025270 -0.032996 0.101259 -0.111540 -0.054007 0.021922
-0.082370 -0.062345 0.003346 -0.003090 0.116382 0.014376 -0.041813 -0.147644 0.002290 0.022983
0.041872 0.159838 -0.026854 0.074958 0.267553 -0.003712 -0.040826 0.176934 -0.093129 -0.057653
0.143938 0.038376 -0.096298 0.115426 -0.016005 -0.085658 0.064318 -0.027452 -0.055830 0.131864
0.023805 0.038495 0.089005 0.164740 0.027751 -0.023297 -0.043845 -0.027855 0.012657 0.016109
0.011529 0.044622 0.052841 0.012784 -0.023312 0.021683 0.026092 0.033713 -0.029095 -0.015960
0.055262 0.073762 -0.056727 0.027168 0.092711 -0.014891 -0.008802 -0.010760 0.079321 0.013957
0.074659 0.136407 -0.014383 0.013816 0.088049 -0.010969 -0.114947 -0.068861 -0.009766 0.042470
0.058699 0.147286 0.022505 -0.003486 -0.068024 -0.027541 -0.024463 0.013352 0.009146 0.060134
0.061389 -0.014092 -0.016573 -0.047850 -0.017335 -0.021624 -0.043427 -0.050510 -0.122897 0.000502
-0.022386 -0.009138 0.081234 0.003261 0.056129 0.027063 0.010879 -0.084343 0.089423 0.001295
0.005313 0.068323 -0.093966 -0.068084 0.098868 0.060403 0.030934 -0.006530 -0.033594 0.023910
-0.072567 0.029200 -0.008585 -0.064079 0.021624 -0.060403 -0.031262 0.041334 0.006034 -0.260858
0.056816 -0.034729 -0.179684 0.062345 0.012209 -0.003747 0.020563 -0.006385 -0.227026 -0.010072
0.176336 -0.454290 0.071252 0.332349 -0.162588 0.062525 0.165338 0.090141 -0.117279 -0.083805
0.222961 -0.070355 -0.120028 0.097672 -0.118893 -0.165816 0.001577 -0.046864 -0.014458 0.001686
-0.059745 0.021310 -0.007689 -0.025942 0.028393 0.009908 -0.011178 -0.014099 0.078664 -0.035536
-0.071790 -0.019636 0.058699 -0.007831 0.050540 0.017051 -0.042799 0.117577 0.100422 0.069578
0.044293 -0.073703 -0.033205 0.001502 -0.116561 -0.129234 0.015258 -0.205148 -0.132581 -0.044712
-0.128636 -0.064318 -0.027497 -0.037867 -0.033295 -0.022162 -0.022610 -0.095939 -0.077050 0.034640
0.042351 0.016558 -0.066649 0.017753 0.014533 0.019636 0.013053 -0.069160 -0.072328 0.010700
0.020279 0.023417 0.034699 -0.028184 0.026122 -0.003882 -0.004834 0.028886 -0.026077 -0.029992
-0.030246 -0.044592 -0.072806 0.026241 -0.064916 -0.017918 0.026540 -0.016094 0.051319 0.191999
0.061059 -0.087963 -0.037190 0.010433 -0.158805 -0.094689 0.043479 0.072851 0.036753 -0.015407
-0.029241 0.010515 -0.007916 -0.022155 0.044942 0.152603 -0.006868 0.105870 0.015319 0.023650
0.086260 -0.007277 -0.048742 -0.057215 -0.035923 0.120982 0.038500 0.032538 0.098096 -0.008238
-0.019097 0.061539 0.003964 -0.129542 0.041252 0.162037 0.037015 0.033215 -0.038719 -0.085386
-0.028651 -0.055075 -0.060011 0.024895 -0.046864 0.012786 0.027821 0.034111 0.012437 -0.073594
0.078616 -0.013561 0.019305 -0.028411 0.104909 0.021161 0.032538 -0.011312 0.038216 0.013332
-0.050620 -0.145965 0.039592 0.016706 -0.097048 -0.014915 0.038435 -0.068353 -0.006994 -0.063461
-0.122816 -0.143693 -0.113295 -0.122205 -0.023934 0.075428 -0.116789 0.005086 -0.095563 0.055861
-0.024371 -0.043610 -0.162387 0.027407 0.033325 -0.016793 0.114780 0.045423 -0.001788 -0.014741
0.029721 -0.023192 -0.011694 0.065295 -0.006224 -0.074205 -0.080276 -0.048830 -0.040946 0.054071
-0.006393 0.059617 0.048917 -0.008904 0.070973 0.068615 -0.115566 -0.022034 0.020626 -0.048349
-0.049310 -0.024699 -0.001486 -0.020604 -0.048218 0.046340 -0.033325 -0.090758 0.066693 0.034831
-0.108491 0.066518 0.095039 0.084687 0.284766 0.022198 -0.064640 0.206499 -0.011956 -0.018409
0.274109 0.175402 0.179420 -0.009379 0.035989 0.070012 -0.198638 -0.006049 0.030551 0.049921
-0.025070 0.041536 -0.082154 -0.012349 -0.013987 -0.053415 -0.074686 -0.001631 0.023104 -0.091020
-0.006666 -0.222397 -0.122205 0.042759 -0.178896 -0.172170 -0.135482 -0.172869 -0.311146 -0.207198
0.127271 0.097834 0.075384 -0.006988 -0.077656 0.021303 -0.052586 -0.152778 -0.083115 -0.274808
-0.069095 0.114955 0.018813 -0.054464 0.053809 0.012284 0.065557 0.079141 0.401468 -0.006546
-0.053066 -0.048873 0.082416 0.007916 0.033914 0.169200 0.117488 0.161251 -0.140199 -0.044942
-0.052542 -0.005978 -0.009592 0.065470 0.055163 -0.059530 0.164745 0.050620 -0.147624 -0.032320
0.041732 -0.005459 -0.148672 0.029503 0.092418 0.018595 -0.099319 0.026970 0.062762 -0.116527
-0.053284 0.086784 -0.200385 -0.113906 0.194270 -0.004297 -0.165269 0.115566 -0.023498 -0.098358
-0.022711 0.085692 0.088138 -0.117663 0.030922 0.133386 0.052105 -0.051843 -0.034897 0.053153
-0.036644 -0.081586 -0.414396 -0.133648 0.018519 -0.093554 -0.043064 -0.035290 -0.031905 0.010690
0.064291 -0.052149 -0.008162 0.034897 -0.118623 0.002414 0.000440 -0.054158 -0.122904 -0.092243
-0.488470 -0.095475 0.107006 -0.144654 0.065907 0.101590 0.039920 0.002839 -0.011345 0.371768
-0.110238 -0.104123 0.060709 -0.111286 -0.160378 0.011891 0.066606 -0.042103 -0.043392 0.049703
-0.027145 -0.004526 0.058613 -0.003838 -0.007146 0.012142 0.092156 -0.027385 0.010602 0.015865
0.001407 0.013714 -0.007447 0.093728 -0.124738 -0.031709 0.006232 -0.014240 0.021817 0.049069
-0.012487 0.033375 0.006477 -0.050355 -0.008731 0.015694 -0.056814 -0.033054 -0.001887 -0.016498
0.080253 0.041968 0.019303 -0.011917 0.063711 0.047550 -0.057369 0.021846 0.006506 0.000932
0.012691 0.026098 -0.033171 -0.002886 -0.004146 0.008833 0.022153 0.042114 -0.030745 0.041588
0.023220 0.019990 -0.100243 -0.044218 0.006660 -0.068329 -0.136074 0.083409 -0.050502 -0.110004
0.021583 -0.013889 0.032703 0.005717 -0.145309 0.270744 0.082182 -0.212177 0.194875 0.020107
0.081597 0.009491 -0.058422 -0.001597 -0.028612 -0.057779 -0.026011 -0.035889 0.016819 0.002239
-0.036532 -0.008417 0.044101 -0.019113 0.014525 0.024111 0.019347 -0.006484 0.011478 -0.006013
-0.021013 0.011624 -0.011727 -0.019756 -0.036649 0.008117 0.040769 -0.064997 0.047988 -0.011208
-0.087910 -0.009243 0.024754 -0.179210 -0.118597 -0.119941 0.068212 -0.023687 -0.006218 0.116726
0.110706 -0.066926 0.076571 0.136424 -0.005567 -0.050034 -0.072654 -0.030044 0.245026 0.220710
0.017082 0.160974 0.105212 -0.029883 -0.007434 0.017535 -0.011361 -0.024959 0.015197 0.003960
-0.048748 0.013349 0.022167 -0.046176 -0.097496 -0.081597 -0.013685 0.053921 0.048894 -0.000475
0.109537 0.091183 0.000859 -0.077038 -0.073005 0.018982 0.050092 0.049654 0.060789 0.078850
0.009491 -0.034954 0.002658 0.030015 -0.012194 0.001601 0.111583 0.019727 0.034018 -0.001556
-0.071485 0.006652 0.002924 -0.041179 0.000596 -0.044335 0.056668 0.052489 0.035450 -0.029182
0.052810 0.024184 0.013319 -0.041003 -0.028349 0.036298 -0.093755 0.096561 0.045884 -0.051320
-0.004263 -0.035041 -0.053833 0.072947 0.004110 -0.052080 0.021700 -0.087676 0.055558 0.047725
-0.054535 0.026405 0.034106 -0.056259 -0.011749 -0.045504 0.005885 -0.050472 -0.055616 -0.018880
-0.072304 0.027691 -0.003993 -0.082416 -0.034837 -0.277525 -0.001067 0.127072 -0.338080 0.183769
0.071252 -0.168455 0.164130 -0.052109 0.018032 -0.118714 -0.026069 -0.130696 -0.234388 0.085221
-0.084403 -0.251572 -0.029372 -0.113862 -0.022387 -0.049566 -0.048105 -0.138528 0.023322 0.059006
-0.100769 0.037701 0.027194 0.039162 0.002656 0.046498 -0.005078 0.041588 -0.007124 -0.153375
0.012121 0.010507 0.007737 0.045007 -0.036093 0.031797 -0.006557 -0.037058 0.060789 0.032645
-0.132216 -0.027881 -0.041208 -0.094690 0.033463 0.014328 0.039367 -0.001396 0.019873 0.062776
-0.022416 -0.039016 0.049596 -0.003410 0.036356 0.025251 0.041120 0.123565 0.002311 -0.057486
-0.038694 -0.026814 -0.055674 0.037993 0.003036 -0.108076 -0.015884 -0.064822 0.035012 0.009001
0.056639 0.013020 0.023526 -0.009359 -0.053103 -0.043371 -0.004380 0.039863 0.005458 0.046615
0.024374 -0.007149 0.041032 0.029123 0.000389 0.044744 -0.029167 -0.001549 -0.002524 0.038373
0.082357 0.012866 -0.031768 0.011595 0.003675 0.016659 0.029264 -0.018010 0.040251 0.019520
0.035761 -0.010093 0.004095 -0.062462 0.005598 0.015159 -0.061668 -0.005394 0.010048 -0.004264
-0.006000 0.013152 0.013301 -0.020781 0.006507 0.078475 0.084078 0.029105 -0.305478 -0.168315
0.021238 0.008424 -0.057535 0.010391 -0.041721 -0.018596 0.016867 -0.012218 0.068462 0.018933
0.021278 0.045575 0.047999 -0.025132 -0.005851 -0.007256 -0.013430 0.021437 0.016281 0.000878
-0.021397 -0.032046 0.013520 0.022430 0.002526 0.020543 0.032105 -0.000692 -0.016937 0.070608
0.078515 -0.016172 -0.052290 -0.024715 -0.016728 -0.057416 0.028331 -0.030893 0.010391 0.011424
-0.121269 -0.201533 -0.083124 0.108475 0.122302 0.072793 0.012437 0.014106 -0.004562 0.028708
-0.028708 0.001645 0.015486 -0.003191 -0.014473 -0.003320 0.013748 0.006467 -0.037013 0.002794
-0.009755 -0.000910 0.002346 0.014473 -0.001473 0.016460 0.003189 0.016351 0.024814 -0.012566
-0.028052 -0.002102 0.039357 -0.004356 -0.021615 0.006745 0.083601 0.052728 0.077164 -0.060158
-0.137242 -0.095601 -0.008727 -0.026066 -0.011622 0.274644 0.183255 -0.018178 -0.024516 0.009223
0.016867 -0.013212 0.022092 -0.010490 -0.025589 0.097429 0.021635 -0.148209 -0.289584 -0.131282
0.016281 0.001648 0.007803 -0.016400 -0.082965 0.014275 -0.005225 -0.050185 -0.023225 0.002739
-0.029841 -0.047602 -0.005156 -0.015328 -0.001355 0.033357 0.021496 0.006700 -0.011285 -0.047761
0.021218 -0.007987 0.130806 0.142964 -0.069575 -0.182460 -0.212499 -0.012357 -0.032980 0.042635
-0.053363 0.018377 0.012407 0.049469 -0.004060 -0.026066 -0.039536 -0.016728 0.009606 -0.022410
0.008866 0.011612 -0.065204 -0.019857 -0.005349 0.019609 0.018457 0.015596 0.027119 -0.012109
0.054158 0.025033 0.027119 0.025966 -0.004122 0.007112 0.002208 0.017861 -0.010068 0.032443
-0.029860 -0.007182 0.026960 0.021894 0.032821 -0.010097 0.049271 0.016708 -0.004470 0.045615
0.023503 -0.004751 0.016271 0.040807 0.028350 -0.001501 0.010381 0.006968 0.001353 0.003353
0.020255 0.029125 0.015010 0.007391 -0.018367 -0.016778 0.000294 -0.047840 0.008369 -0.018178
-0.045774 0.047562 0.036913 -0.098303 -0.097349 -0.039695 0.005468 -0.025609 0.016073 -0.006646
0.044145 0.025072 0.081376 0.071721 0.022748 0.065482 0.184526 0.137719 0.023304 -0.002254
-0.006099 -0.019808 0.005180 0.035284 0.011285 0.027317 0.025331 0.016947 -0.018864 -0.008896
0.023781 0.013808 -0.005071 0.030397 0.018675 -0.014483 0.009164 0.042794 0.045138 -0.003561
-0.020602 0.051853 0.014424 0.038662 0.044264 -0.003941 -0.017652 -0.040152 -0.012318 -0.016380
-0.015596 0.015804 0.041085 0.047642 -0.021635 0.051019 0.000643 -0.008583 0.028013 -0.003124
0.007545 -0.003785 0.016490 0.005300 0.050781 -0.016331 -0.048198 0.044145 -0.006516 -0.017314
-0.041403 0.006169 -0.041172 0.032795 0.049202 0.039566 0.011999 -0.025878 0.011789 0.031335
0.020586 -0.049932 0.024163 0.015713 -0.056502 0.061283 -0.025422 0.045880 0.131327 0.042486
0.018432 0.055115 0.017027 -0.009362 0.084534 -0.073073 0.302220 0.270246 -0.045004 0.021006
-0.014162 0.045515 0.002541 -0.105631 0.021498 -0.027338 0.052706 -0.052304 0.072635 0.080081
0.006232 -0.021352 -0.000742 0.025623 -0.018615 -0.043873 -0.034018 0.022301 0.023780 -0.082563
0.005817 -0.024564 -0.068218 -0.047486 0.042084 -0.050005 -0.022155 -0.005863 -0.004289 -0.022739
-0.005699 -0.025495 -0.052049 -0.096360 -0.016918 0.131254 0.016534 0.001100 0.008121 -0.008728
-0.020148 0.023342 0.246594 0.075190 -0.044968 -0.029017 -0.005717 -0.047048 -0.032467 0.011461
-0.025331 -0.063291 -0.016106 -0.078329 -0.128261 -0.052231 -0.051282 -0.013213 -0.013021 -0.042668
0.013249 0.018286 0.030350 -0.030222 -0.008500 0.018031 -0.032631 -0.021225 0.045661 0.097017
-0.070226 0.021736 -0.066247 -0.082344 0.006000 0.010567 -0.025915 -0.083950 -0.123005 -0.023031
-0.067926 -0.127239 -0.000741 -0.181040 -0.170674 0.087673 -0.121326 -0.151694 -0.022064 0.037704
0.068985 0.036938 0.055443 -0.002276 0.000740 0.170528 0.512168 0.076358 0.063656 0.105412
0.023597 0.032576 0.057670 -0.071649 0.037102 0.017803 -0.076796 -0.017593 -0.034803 0.017693
0.012410 -0.023962 0.016188 0.047158 0.059641 0.053253 -0.016753 -0.077088 0.098331 -0.070700
-0.041719 -0.003634 0.093805 0.159870 -0.098769 0.002950 -0.028123 -0.020257 -0.023305 0.018442
-0.065554 -0.017128 0.105193 0.044968 -0.026773 -0.068364 0.026189 -0.047231 -0.016315 -0.023415
-0.114975 0.005434 0.010202 -0.076431 -0.067525 -0.051793 -0.062780 -0.083001 -0.009618 -0.066795
-0.055261 -0.073949 0.045296 -0.027174 0.000294 0.005256 -0.047012 -0.012273 -0.013797 -0.093805
0.002450 0.034419 0.029109 0.011123 0.009321 -0.045041 -0.057414 0.030532 -0.098623 -0.045150
-0.104536 -0.012091 0.008139 -0.079497 -0.015841 0.023615 -0.089571 -0.072416 0.100448 0.000436
-0.070043 0.002216 0.017237 -0.064824 0.004051 0.029273 0.061210 0.054239 0.054969 0.045552
-0.037193 0.080446 -0.000318 -0.059641 -0.317696 -0.072671 0.056648 -0.118990 -0.146073 -0.079570
-0.178850 -0.138554 0.052304 -0.226446 -0.332880 -0.102930 -0.065517 -0.030167 -0.032777 0.014281
0.057743 0.042814 0.030824 0.074277 0.061210 0.012054 -0.050151 -0.016434 0.033288 0.018551
-0.042997 0.033306 0.224402 0.024309 -0.109208 -0.227030 -0.191406 -0.071211 -0.119209 -0.117968
-0.068036 -0.079935 -0.084972 0.015485 0.020568 0.079424 -0.015622 -0.005370 0.012866 -0.002795
0.030751 0.044420 -0.001818 0.004480 -0.035642 0.018797 0.047559 -0.026335 0.013660 0.115632
-0.115851 -0.047596 -0.051866 -0.016060 -0.015038 -0.050114 -0.063108 -0.014563 -0.095265 -0.070591
-0.001101 -0.021348 0.070614 0.054534 -0.073736 0.000918 0.032002 -0.030311 -0.016587 -0.049227
-0.053181 -0.037700 -0.042722 -0.082322 0.186499 -0.119060 -0.024899 0.121661 -0.263929 0.012072
-0.269966 -0.203359 -0.139146 -0.339487 -0.029973 -0.052869 -0.189725 -0.067335 0.014089 0.041005
0.010095 -0.122286 -0.034943 -0.025017 0.023820 0.133526 0.093562 0.096684 -0.140395 -0.262681
-0.046234 0.609036 0.141435 -0.089503 -0.240617 -0.191599 -0.012736 0.051906 0.001080 0.085652
-0.003708 -0.143517 -0.039600 0.157150 -0.022727 -0.143621 -0.239160 -0.105634 -0.255604 -0.110942
-0.038013 -0.134254 -0.129987 0.057136 0.122910 -0.214807 0.086485 -0.104802 0.091636 0.001878
0.158920 -0.091688 -0.134983 0.006602 -0.023065 0.005295 0.039053 0.035905 -0.009887 -0.046547
-0.135295 -0.059322 0.025693 0.015975 -0.054482 -0.080344 -0.088254 -0.086589 -0.110109 0.138521
-0.103397 0.082114 -0.112399 0.024678 -0.053337 -0.175571 -0.025043 -0.062548 0.013022 -0.030597
-0.042774 -0.135087 -0.122806 0.132173 0.620276 0.051698 -0.089815 -0.188789 0.076338 0.043841
-0.074152 -0.433777 0.020971 -0.192639 -0.138417 0.044205 -0.002903 -0.003698 0.037466 -0.001594
-0.144349 0.078315 0.154445 0.095487 -0.113127 -0.443351 0.047301 0.087421 0.016457 0.032835
0.130195 -0.041395 -0.073476 -0.014375 -0.001678 0.064942 0.031196 -0.049591 0.037648 -0.000828
-0.005035 0.088618 0.011194 0.077326 -0.148825 0.197635 0.490393 -0.154965 0.070926 0.477904
0.240409 0.011116 -0.567407 -0.117290 -0.167245 -0.088618 -0.065722 -0.243947 0.077482 -0.058801
-0.029479 -0.126761 0.059218 -0.051985 0.006661 0.078887 -0.098505 -0.027345 -0.003831 -0.063224
0.093926 -0.038429 0.023312 -0.001102 0.023833 0.072591 -0.084507 -0.022207 -0.066138 0.022011
-0.011285 0.041681 0.116042 -0.098765 -0.067231 -0.039860 -0.033043 -0.008781 -0.061663 0.007786
0.112919 -0.039652 -0.155589 0.089295 -0.041057 -0.078055 0.032055 0.050736 -0.082530 -0.063276
0.110734 -0.068116 -0.056304 -0.055107 0.001430 -0.087421 -0.106415 0.081385 0.144453 -0.058385
-0.168286 -0.075713 -0.138105 -0.050736 -0.014206 0.086641 -0.206169 -0.266427 -0.038637 -0.035853
-0.217929 0.085080 0.098974 0.013699 0.154132 0.331785 0.195553 -0.208458 0.050866 -0.001295
0.616113 -0.207106 -0.115521 0.191703 -0.026396 -0.031820 0.013985 0.018044 -0.071082 -0.002202
0.015260 0.046573 0.097204 -0.033590 -0.188893 0.136960 -0.062548 -0.092729 0.016678 0.090335
0.026981 -0.056408 -0.076806 -0.049018 0.048810 -0.131132 0.000493 0.095955 0.069209 0.019527
-0.057604 0.040250 0.060727 0.081177 -0.022011 -0.132485 -0.028048 0.023911 -0.063485 0.008033
0.018720 -0.092573 0.106675 0.018005 -0.051568 0.004056 -0.039808 -0.014310 -0.077170 -0.070822
-0.100535 -0.047900 -0.063016 -0.082062 0.085080 -0.012547 0.021920 0.043086 -0.008455 0.000980
-0.001992 -0.026839 -0.014798 -0.004766 0.054721 0.056942 -0.004598 -0.013584 0.026373 0.032723
-0.069614 0.020585 0.094959 -0.026126 0.018844 0.020640 0.052993 -0.019749 -0.015525 0.004423
-0.021518 -0.011294 -0.033271 -0.058862 0.063361 0.027950 0.008510 -0.023177 0.017486 0.012165
-0.035136 0.031598 0.021737 -0.003458 -0.222722 -0.121674 -0.103352 -0.106643 0.071041 0.001296
-0.032531 0.007845 -0.064238 0.269900 -0.019927 0.024480 0.083000 -0.024768 0.007906 -0.060343
-0.132865 0.010162 -0.054474 -0.049043 -0.018652 -0.029513 -0.083109 0.001377 0.029349 -0.000297
-0.049207 0.020914 -0.089857 0.044654 0.027319 -0.006549 -0.003406 -0.059301 -0.022807 -0.027923
0.001377 0.018391 0.021340 -0.073509 -0.048000 -0.007625 0.002973 0.018034 -0.018268 -0.090351
0.119370 0.056778 -0.086511 0.011273 -0.052362 0.025303 0.011911 -0.018226 -0.060069 -0.134621
-0.106972 -0.124198 -0.134621 -0.084700 -0.114323 -0.072138 -0.030912 0.210873 -0.025509 0.046684
0.277141 -0.011280 0.069340 -0.020037 -0.125624 0.034560 -0.030528 -0.031461 -0.026935 0.026935
0.063086 0.051319 -0.031159 -0.039031 -0.017102 -0.001903 -0.043475 -0.026592 0.072467 0.086017
0.045175 0.037166 0.012953 0.051100 -0.150200 -0.029239 0.031817 0.023054 0.099347 0.125405
0.000783 -0.003888 0.023315 -0.001575 -0.027031 -0.055269 0.062373 -0.049619 -0.016293 0.006867
0.043557 0.040704 -0.059959 -0.013666 -0.043557 0.001156 0.047123 -0.009010 0.052993 -0.028526
0.032393 -0.023424 -0.032997 -0.082341 -0.006963 -0.118383 -0.045395 -0.020997 -0.013598 -0.042762
-0.053843 -0.025495 -0.021312 -0.014057 -0.052225 -0.075155 0.059521 -0.023808 -0.034533 0.053349
-0.008469 -0.083274 -0.109386 -0.111910 -0.066707 -0.036645 -0.048384 -0.047178 0.003039 0.081628
0.013783 0.116408 0.036727 -0.018583 0.032147 -0.056997 -0.037797 0.134511 0.236107 0.010903
0.242032 0.012501 -0.052142 0.067859 -0.145812 0.045066 -0.374788 -0.036480 0.041966 -0.291185
0.086565 0.181798 -0.001311 -0.071425 -0.063141 0.054885 -0.244446 -0.007742 0.049619 -0.250371
-0.070218 -0.088869 -0.018624 -0.083109 -0.049975 -0.030940 -0.034396 -0.093148 0.022807 0.063251
-0.087827 -0.048494 -0.009641 -0.095178 -0.058314 -0.031653 0.025673 0.093039 0.059301 -0.063799
-0.032860 -0.005798 0.064019 0.140984 0.031763 -0.098963 0.011122 -0.019145 0.010492 0.041171
-0.016814 0.012206 0.026935 -0.010402 -0.025783 -0.012720 -0.043200 0.032201 -0.015785 -0.046547
0.012748 0.072741 0.025907 -0.110813 -0.069121 -0.070163 -0.033107 0.012172 -0.062538 0.007118
-0.009676 -0.072357 0.036892 0.025509 0.019845 -0.097263 -0.040211 -0.026345 -0.021957 -0.016498
-0.031241 0.016937 -0.027209 -0.009477 -0.001015 0.010780 -0.020750 0.036782 0.030391 0.059959
-0.020297 -0.025043 -0.007344 0.025975 0.018076 -0.013529 0.063276 -0.153021 -0.072306 -0.010003
-0.024607 0.002966 -0.182798 0.041564 0.077958 -0.034688 -0.006953 -0.100222 -0.210094 0.076097
-0.206785 -0.093674 0.169564 -0.270337 -0.029915 -0.010029 0.035705 -0.024246 0.025641 -0.002667
0.064655 0.003257 0.061140 -0.027502 0.026917 0.029519 0.062139 0.007518 0.100429 -0.046596
-0.005820 0.399785 -0.004222 0.021506 0.036980 -0.073409 0.072995 0.004890 -0.035222 0.208440
0.076924 -0.047974 -0.060795 -0.054178 0.066171 0.084989 0.065896 0.007418 -0.049249 -0.012166
-0.031707 -0.037083 -0.188450 0.025504 -0.156468 -0.174251 -0.037497 -0.388205 -0.077751 -0.056418
0.003813 -0.016999 -0.054901 -0.076579 0.026020 -0.058830 -0.000117 0.063345 -0.040495 -0.055005
0.013114 0.006130 -0.008500 0.098430 -0.039220 -0.006445 0.022988 0.023074 -0.014630 0.119108
0.099326 0.097465 0.121245 -0.116765 -0.100429 -0.006738 -0.005273 -0.007681 -0.020558 0.096844
-0.082025 -0.043253 0.056418 -0.084782 0.005376 -0.031259 -0.160190 -0.013458 0.006712 -0.070514
-0.003709 0.065241 0.065758 0.046492 -0.016164 -0.031276 -0.011373 -0.119935 -0.088504 0.042253
0.045183 0.023350 0.105323 -0.051455 -0.095190 0.009771 -0.030415 0.032741 0.070789 0.131722
0.210921 -0.035946 0.027485 0.010856 0.010632 0.137857 0.105667 -0.020816 0.132067 -0.223742
-0.237252 0.020696 -0.042770 -0.005394 0.008314 -0.049663 0.021092 0.004838 0.073409 -0.017103
-0.046527 0.012941 -0.013243 -0.071410 -0.076786 0.024780 0.032276 0.032844 -0.008543 -0.031328
-0.159776 -0.028467 -0.179765 -0.185004 -0.086988 -0.117868 -0.033189 0.014716 0.046079 0.005329
0.003698 -0.030811 -0.022229 0.100291 -0.040461 -0.000648 0.175492 0.033068 -0.048870 0.004226
-0.074925 -0.063897 -0.038393 -0.046596 -0.017956 -0.081680 0.074512 0.040840 0.056935 0.091399
0.002197 0.005174 0.001736 -0.029536 0.033310 0.016931 -0.065585 -0.030432 0.062380 -0.054970
-0.051938 0.106219 0.010701 -0.056556 0.016758 -0.019886 -0.116834 0.070273 0.123244 -0.081473
0.010882 0.109320 -0.034585 -0.086092 0.000670 0.027916 -0.000351 -0.081887 -0.023591 0.054316
-0.121590 -0.002163 -0.072099 -0.120418 -0.111182 0.094777 0.033137 -0.093398 -0.061588 0.080646
-0.036704 -0.057969 -0.006406 -0.036911 -0.133445 -0.100222 0.003235 0.034188 0.056797 -0.010503
0.025486 -0.066102 -0.064414 0.080922 0.068067 0.055212 0.002598 -0.031225 0.084920 0.085609
0.005514 0.023074 -0.016146 -0.051558 0.180868 -0.116420 0.220295 0.235735 0.032190 0.046733
0.026262 0.058761 0.118833 -0.002514 0.007905 -0.088849 -0.070273 -0.041323 -0.067240 -0.081473
0.007957 0.052765 -0.021575 -0.153021 -0.057176 -0.037497 0.037428 -0.079061 -0.032017 -0.013837
0.114973 -0.006772 -0.023729 0.311556 0.075132 -0.021833 -0.160879 0.062139 -0.019800 -0.033258
0.006199 0.113732 0.153159 -0.033155 0.061472 0.111262 0.001093 0.009242 0.055937 0.025215
0.023741 -0.015382 0.020305 -0.007385 0.056966 0.000089 -0.040944 0.079107 -0.028650 -0.067703
0.055325 0.044978 -0.001718 -0.007642 -0.009930 -0.039915 -0.012002 -0.015646 -0.021919 -0.033017
-0.039081 0.027343 0.003028 0.025396 0.004739 -0.034436 0.020417 0.005497 -0.035214 0.039164
0.007761 0.021627 0.120163 -0.024186 -0.008651 -0.063197 -0.001467 0.018442 -0.036438 0.111429
0.032294 -0.053934 0.085338 0.040944 -0.004211 0.058635 0.026397 0.022976 -0.043086 -0.048260
-0.091235 -0.017566 -0.007781 -0.009270 -0.039220 0.028845 -0.009423 0.062418 0.064421 0.012997
0.000911 0.008957 0.005010 0.021307 0.056354 0.015493 -0.001843 0.009130 -0.119941 -0.006314
-0.069706 -0.013129 -0.048093 -0.043503 0.049512 0.177797 0.227754 -0.045590 0.080443 0.111429
0.022531 -0.049762 0.015354 0.005466 -0.018066 -0.013101 -0.000811 -0.002682 0.005323 0.000421
-0.045729 -0.049595 -0.023518 0.071653 0.131512 0.018956 -0.001791 0.001431 -0.000778 -0.013797
-0.049706 -0.007587 0.018247 0.023796 0.045590 0.004614 -0.008991 0.012176 -0.000085 -0.031849
-0.024172 -0.046313 -0.028330 0.013984 -0.024964 -0.067091 -0.038886 -0.013699 -0.011919 -0.006975
-0.126171 -0.048260 0.007628 -0.011015 0.022976 0.010932 0.057689 0.059136 0.067202 -0.016119
-0.043253 0.084059 -0.060248 -0.028789 -0.009944 -0.002684 0.019930 -0.005574 0.001251 0.045145
0.025757 -0.010925 -0.004377 0.000585 -0.076270 -0.039498 -0.043949 0.017552 -0.068760 -0.058246
0.022155 -0.131957 0.021460 -0.025688 -0.028873 -0.022141 -0.172901 -0.012983 -0.059915 -0.039665
0.022002 0.024895 0.002773 0.052432 0.105365 -0.118272 -0.337792 -0.082835 -0.121164 -0.095073
-0.027635 -0.080498 -0.073377 -0.057467 0.146532 0.110928 -0.025910 0.010104 0.085894 -0.062863
-0.012371 -0.005692 -0.003296 0.005911 0.063976 0.049901 -0.023254 0.031042 -0.048955 0.021460
-0.017190 -0.017858 -0.141525 -0.123723 0.002816 -0.067814 0.009701 -0.010500 -0.018024 0.021599
-0.011356 0.028928 0.019777 -0.064254 0.054880 0.028469 -0.004892 0.018038 -0.021418 -0.010194
-0.022155 -0.112653 -0.130844 0.008901 0.003981 -0.034130 0.019262 0.061305 -0.015771 -0.023894
0.031292 -0.022169 0.024589 -0.025020 0.002077 -0.086284 -0.068760 -0.043253 -0.216182 -0.214180
-0.080053 -0.094128 -0.097799 0.019012 -0.041417 -0.003051 -0.030597 -0.011467 0.134182 0.055464
0.000403 0.086228 0.018706 0.008748 0.037301 0.033935 -0.040917 -0.035548 -0.067369 -0.252120
-0.220522 -0.041250 -0.056160 -0.088565 -0.069038 0.024130 0.363160 0.003487 0.040917 0.133292
-0.074212 -0.033712 -0.026606 0.000701 -0.008741 -0.034324 0.009603 0.000543 0.016356 -0.030347
0.039971 0.006989 -0.008866 -0.044477 -0.029318 -0.031515 -0.054963 -0.039721 -0.020778 -0.025006
-0.033768 0.034797 0.026307 -0.139869 -0.059682 -0.028750 -0.060904 0.025784 0.001222 -0.000716
-0.024955 0.027005 -0.091530 -0.091181 0.003632 -0.031237 0.020319 0.019730 -0.055537 -0.008311
0.069324 -0.179569 -0.075300 -0.179918 -0.269965 0.115525 -0.252689 -0.211854 0.045765 -0.027529
-0.007008 -0.006953 0.003902 0.046419 0.016240 0.029361 0.043976 0.014877 0.000691 0.023930
0.026045 0.122156 -0.084419 -0.149816 -0.175381 0.087516 -0.013655 -0.044063 -0.120586 0.045372
-0.078354 -0.206444 0.093449 0.170408 -0.362280 -0.021017 0.054141 0.055407 -0.038566 0.030495
0.026067 -0.082455 0.012412 0.075911 -0.079838 -0.140741 0.035992 0.020734 0.012815 0.195450
-0.080405 0.082106 0.053705 -0.034836 -0.059289 -0.027332 -0.084942 -0.018781 -0.009091 -0.010689
0.050957 0.017156 0.049779 0.057195 0.026896 -0.001896 0.011245 0.104007 0.066095 0.020210
-0.087298 -0.020188 -0.016960 0.053312 0.021639 -0.073948 -0.015815 0.035709 -0.045329 -0.174421
0.066706 -0.110377 -0.053661 -0.008289 0.007853 -0.288986 -0.136466 -0.003965 -0.025238 0.015444
-0.024104 -0.035862 -0.017265 0.208189 -0.080798 -0.162119 -0.137164 -0.141003 0.046768 0.052047
0.028379 0.061165 -0.231922 0.140043 0.201034 -0.161595 0.188295 0.117444 0.002087 -0.035251
0.022730 -0.011801 0.081321 0.055319 0.030583 -0.025849 -0.073861 -0.005802 0.051611 -0.050302
-0.029208 -0.031782 0.057326 0.033200 -0.056148 -0.004747 0.055843 -0.130183 -0.124250 0.056715
-0.010067 0.032284 -0.148594 0.190563 0.109766 0.001254 0.038632 -0.047292 0.047903 -0.022621
0.002633 0.017582 0.015139 0.085858 0.001789 -0.045678 -0.029994 -0.048775 -0.010732 -0.028467
-0.066226 -0.100604 -0.116921 -0.053138 -0.010378 -0.077089 -0.021421 0.043627 -0.028467 -0.025718
0.019676 -0.015858 0.032110 -0.024562 -0.018563 0.070458 -0.053749 -0.010312 -0.025238 0.035905
-0.060947 -0.131667 -0.220928 0.015946 -0.040770 -0.111598 0.026133 0.068233 -0.028903 -0.031346
0.081277 -0.098859 -0.020472 0.030103 -0.085553 -0.103571 0.031172 0.037825 -0.040551 -0.080667
0.251293 -0.079489 -0.104792 0.137862 -0.044892 0.009783 0.013492 -0.080841 -0.115001 0.068887
0.044173 -0.132365 -0.115874 0.033375 0.107846 -0.190563 -0.114827 -0.110115 0.092228 -0.021159
0.163427 -0.277643 -0.248500 0.179918 -0.182013 -0.023210 -0.022141 -0.083590 -0.035229 0.019294
-0.009707 0.044151 -0.056803 0.087865 0.034618 0.137600 -0.084549 0.024388 0.075955 -0.019687
0.052265 0.012194 -0.032328 0.022512 0.052745 -0.018291 0.075213 0.002090 -0.007651 0.058984
0.047859 -0.044936 -0.006631 -0.018662 0.046288 0.050171 0.076478 -0.027551 -0.092839 0.077656
-0.061427 -0.036276 0.016775 0.078398 0.041838 0.008862 0.025238 0.050171 -0.007684 -0.024082
-0.028598 -0.031237 0.034291 0.042515 -0.082935 -0.035273 -0.022708 -0.063652 -0.048644 -0.017484
-0.024811 0.078439 0.024791 -0.026303 0.011384 0.047537 -0.119845 -0.150011 -0.057756 -0.023217
0.157450 -0.000020 0.106193 0.009483 -0.126303 0.048845 0.016830 0.018486 -0.494749 -0.390763
0.084774 0.141836 0.099489 0.099571 -0.118455 -0.089516 -0.018833 -0.036297 -0.115757 0.019967
0.087717 0.123932 0.073861 -0.089679 -0.006489 0.039710 -0.072716 0.046516 0.049499 -0.059105
-0.311956 -0.148866 -0.075332 -0.007449 -0.130636 -0.203066 -0.212876 -0.026119 0.021909 0.137585
0.096383 -0.122134 -0.049786 -0.049254 0.019180 0.018557 0.301002 -0.079215 -0.044267 -0.034314
-0.040793 -0.014296 0.005068 0.015931 0.001477 0.094012 -0.055753 -0.195055 -0.147640 -0.031310
0.014582 0.076967 0.060781 -0.046066 -0.088371 -0.008952 -0.066176 -0.014153 0.040813 0.039996
0.074310 -0.086246 -0.004205 -0.020907 0.016299 -0.004215 -0.045453 -0.075905 -0.090006 -0.045535
-0.047619 -0.040323 -0.031412 -0.092541 -0.034968 0.082117 0.070550 0.057306 0.037360 -0.061067
0.114940 -0.004448 0.031617 -0.133170 0.028285 -0.120417 -0.001892 -0.017535 0.131372 0.281873
0.093930 -0.287268 -0.212058 -0.139383 0.008778 0.036992 0.017637 -0.037319 -0.287268 -0.061108
-0.154016 -0.276968 -0.111098 0.033620 -0.011189 -0.030370 -0.011782 -0.170039 -0.014551 -0.018670
0.009652 0.009263 -0.029798 -0.005809 0.052647 -0.063356 0.001321 -0.039546 0.039035 0.035173
0.038300 0.052279 0.035050 0.004966 0.024668 -0.242469 -0.318333 0.043818 -0.069487 0.023810
0.039403 0.033006 -0.033272 -0.019058 0.030390 0.215001 0.045044 -0.119027 0.018588 -0.020202
-0.020325 -0.042714 -0.117801 -0.059963 0.023033 -0.020754 0.004427 -0.056571 0.037727 -0.043164
-0.058737 0.060004 -0.013611 -0.140609 -0.075659 -0.107501 0.019283 -0.037462 -0.086573 -0.050889
-0.064868 -0.000638 0.027141 0.047742 -0.058001 -0.059391 0.057511 0.024116 -0.016421 0.082526
0.109463 -0.059228 -0.063806 -0.008492 0.016973 -0.020090 0.033211 0.012702 -0.138729 -0.044267
-0.051543 -0.034437 0.015594 -0.017045 -0.034928 0.060781 -0.052156 0.120172 0.062416 0.039424
-0.052320 -0.124995 -0.044554 0.007787 0.008926 -0.071940 -0.036828 -0.064378 0.015512 -0.137748
-0.020662 -0.063479 0.016738 0.015246 0.061598 0.122543 0.466300 0.106438 0.027018 0.068751
-0.231515 0.094257 0.009003 -0.009294 -0.044676 -0.036603 -0.006632 0.066135 0.010801 -0.007833
0.047660 -0.005973 -0.042305 -0.049295 0.007056 0.024791 -0.012416 -0.131372 -0.059759 0.136685
0.006923 0.018618 -0.070959 0.222032 0.010265 -0.037400 0.010408 -0.043900 0.019794 -0.108236
-0.007536 -0.098999 -0.040466 -0.095075 0.001325 -0.047864 -0.053096 -0.066871 -0.041243 -0.053914
0.008977 0.024443 0.015073 -0.019303 -0.101124 -0.011271 0.039322 -0.004256 -0.000513 0.027550
0.164971 0.036971 -0.047987 -0.097936 -0.009463 0.059105 0.020029 -0.014398 0.013412 0.027295
-0.001241 0.032061 0.059177 0.091677 0.046457 0.059470 0.043724 -0.016624 0.004908 -0.016567
0.020707 0.030630 0.122323 0.029101 0.004713 0.004652 0.026970 0.060251 -0.021846 -0.018544
-0.049580 -0.025912 0.046066 -0.000058 0.021992 -0.031833 -0.005018 -0.027815 -0.031671 -0.050718
-0.060023 0.012582 -0.047758 -0.035331 -0.040080 -0.306588 0.025929 0.103389 -0.118354 0.045969
0.044863 0.073068 0.033476 -0.290192 0.109505 -0.026091 -0.140281 -0.041674 0.029003 -0.097663
-0.263385 -0.007861 -0.056151 -0.048506 -0.136637 -0.024286 -0.023489 -0.044830 -0.021130 -0.062625
-0.028011 -0.044212 0.081462 -0.094215 -0.061227 0.018592 -0.054883 -0.076907 0.029849 -0.085821
0.037022 -0.007100 -0.063471 -0.071507 0.053614 0.055110 -0.004363 -0.023245 -0.007828 0.138459
-0.194415 -0.017405 0.201703 -0.048148 -0.033200 0.173985 0.093369 -0.043561 -0.126227 -0.065521
-0.018007 -0.059112 -0.010378 -0.088294 -0.177238 0.076061 -0.028547 -0.274316 0.383626 -0.050231
-0.322725 0.291493 0.044407 -0.103194 0.013290 0.013696 -0.015030 -0.014501 -0.047335 -0.040243
0.011785 0.029654 -0.004530 0.063504 0.031557 -0.034647 0.016250 -0.054134 0.002361 -0.003278
-0.001309 -0.016836 -0.017161 -0.010760 0.058103 -0.027864 -0.002660 0.037705 0.083349 0.047140
0.010923 0.119525 0.111457 0.036469 -0.087253 -0.056314 -0.063959 -0.039234 -0.016502 -0.068319
-0.049287 0.000033 -0.010980 -0.024774 0.022025 0.003847 0.030971 0.040536 0.021325 0.008426
0.052345 -0.038389 0.010744 -0.028059 0.017974 -0.080811 0.008393 0.031833 -0.040243 -0.018072
0.036567 -0.010077 0.068254 0.032175 0.008654 0.061942 0.031589 0.070206 0.011842 -0.050458
0.047791 0.014924 0.035331 -0.206648 -0.087903 -0.044114 -0.049515 0.024757 0.031768 -0.021813
-0.055468 0.010671 -0.027539 0.033476 -0.017779 -0.041251 -0.073003 -0.296698 -0.059795 0.161102
-0.201833 -0.033379 -0.047368 0.003792 0.013428 -0.015559 -0.043269 -0.119916 -0.103584 0.010874
-0.158630 -0.069490 0.015892 -0.074175 -0.153815 -0.041739 0.340162 0.020252 0.001087 0.074695
-0.041805 -0.058136 0.099355 0.006283 -0.030467 -0.041447 -0.036827 -0.000804 0.059632 0.011500
-0.007783 0.035884 -0.019080 -0.004831 -0.100786 0.023407 0.003200 0.051076 0.072027 -0.063894
0.017128 0.017942 -0.051304 -0.100396 0.028694 0.077753 -0.070271 -0.010012 0.032191 0.025929
-0.034485 0.038779 0.061389 0.076257 0.008052 0.081072 0.023554 0.000215 0.037608 0.017128
-0.100591 -0.005640 -0.000686 -0.063504 -0.122453 -0.165006 -0.033346 -0.042553 -0.054590 -0.019487
0.121542 -0.003650 -0.004331 0.085691 0.050588 -0.047238 -0.103779 -0.031378 0.007487 -0.029621
0.010305 -0.031443 0.019308 0.040959 -0.010557 0.011476 0.049873 -0.006039 0.000027 0.013973
0.018609 0.006116 -0.017128 0.022952 -0.004823 -0.024969 0.007937 -0.012834 0.026140 0.033836
0.037503 -0.003415 0.009212 0.026430 -0.006648 -0.052207 -0.011482 0.057399 -0.020222 0.003050
0.041715 -0.004572 0.012779 0.042477 -0.017472 -0.020640 -0.045599 0.202293 0.154805 -0.035506
0.016120 -0.090037 0.025523 -0.013651 -0.024397 0.008691 -0.017209 0.047197 0.005777 -0.040008
0.051808 -0.024706 -0.002405 0.023453 0.019714 -0.055075 -0.025886 -0.031186 0.096862 0.153934
0.054857 0.025432 0.040843 -0.046725 -0.020658 0.053296 -0.016147 -0.058633 -0.005396 -0.051045
-0.020712 -0.013614 -0.054240 0.007057 -0.057798 0.009267 0.013669 -0.038955 0.034926 0.008014
0.074644 -0.043929 -0.035888 -0.079944 -0.031731 -0.062300 -0.083720 -0.045382 -0.001213 -0.008010
-0.006199 -0.001963 -0.022963 0.003524 0.003204 -0.011273 -0.024179 0.007161 0.032820 -0.016918
0.033020 0.023780 0.040734 -0.011509 -0.047705 -0.005251 0.034218 -0.007547 -0.036705 0.007656
0.058923 -0.023780 0.005114 0.054204 -0.006018 0.003002 0.030787 -0.006086 -0.020186 0.059177
-0.045962 0.057035 0.168747 0.034889 0.000186 -0.011863 0.004588 -0.049194 -0.042368 -0.077112
0.159888 0.064623 0.026448 -0.008373 -0.009013 -0.029934 0.080452 0.133385 0.035035 0.011037
-0.005419 -0.010710 0.032402 0.029026 0.016092 -0.023381 -0.018207 0.020894 -0.059686 -0.115015
-0.051299 -0.017245 -0.034236 0.009403 -0.006757 -0.040916 -0.010283 0.048467 -0.035978 -0.017345
-0.003780 -0.044438 0.022291 0.009811 0.011491 -0.031749 0.088004 0.081251 0.149868 -0.003680
-0.050791 -0.060484 -0.030151 0.028627 -0.041461 -0.003946 0.014577 -0.023217 0.011790 -0.030478
0.008514 0.030732 -0.037794 0.026848 -0.032057 -0.045018 0.015312 -0.036904 -0.057798 -0.043530
0.002482 -0.021438 -0.008886 0.035416 0.034000 -0.014876 -0.035016 -0.007565 0.018016 -0.003540
-0.003308 0.058597 0.003256 0.007942 0.027919 0.067673 0.052134 0.008999 0.033383 0.035815
-0.006975 0.009226 0.014014 -0.047378 0.044220 0.050065 0.021021 -0.021801 -0.008886 0.021874
-0.084446 -0.027937 0.036487 0.015856 -0.067854 -0.042876 0.021547 -0.005282 -0.034181 0.057943
0.045599 -0.016256 0.041097 0.103179 -0.004788 -0.084591 -0.011463 -0.012053 -0.088004 -0.058451
0.002328 -0.045127 -0.086116 -0.048939 -0.111965 -0.185302 -0.127359 -0.014186 0.025232 -0.091562
0.009194 -0.000043 0.032076 0.031041 0.007275 0.047088 0.006113 0.024397 0.021674 -0.006272
0.029970 -0.011155 0.046471 0.040371 0.021656 0.032421 0.067637 0.061102 -0.011817 -0.063679
-0.023671 -0.001977 -0.008886 0.017635 0.002276 0.062699 0.005895 -0.007343 0.003472 0.006453
-0.011436 0.018162 -0.008042 -0.021420 0.046253 0.024379 -0.035379 0.024996 -0.001951 -0.009085
0.070723 -0.041424 -0.003256 0.023453 -0.014522 0.011917 -0.057435 0.005931 0.021057 -0.001343
0.002478 0.032439 0.008895 0.002848 0.048816 0.087869 -0.344343 -0.017508 0.124857 -0.204090
0.002929 0.023293 -0.037692 -0.018130 -0.098853 -0.202963 0.048159 -0.074163 -0.262106 -0.024901
-0.094629 -0.093972 0.012122 -0.047009 -0.034922 0.084584 0.029337 0.012803 0.041658 0.023880
0.045108 0.024643 0.006354 0.079467 0.030182 -0.029079 0.172172 -0.006237 0.080735 -0.066043
0.014657 0.071957 -0.223429 -0.037809 0.102139 -0.231502 0.006589 0.079045 -0.122886 -0.014410
0.034195 -0.058204 -0.005407 0.007252 -0.028586 -0.016006 -0.007440 -0.078623 -0.035791 -0.020688
0.102327 0.021744 -0.035016 0.155743 0.019644 -0.027365 0.004280 0.020148 -0.002329 0.027013
0.022801 0.044357 -0.016264 0.017708 0.053557 -0.058110 0.047549 0.022977 0.036260 0.012744
-0.054355 -0.005565 -0.021944 -0.032177 0.011306 0.024572 0.037152 0.044122 -0.035110 0.011124
0.015267 -0.024009 -0.013084 -0.059988 0.016159 0.010356 0.031355 -0.008249 -0.011711 -0.010010
0.028539 -0.021580 -0.013565 0.009288 0.071582 -0.214604 0.005463 0.126829 -0.238825 -0.020148
0.061114 -0.132555 0.029618 -0.012779 -0.008989 0.012310 -0.001290 -0.005281 0.001227 0.001668
0.018611 -0.028914 -0.005920 0.009576 0.020301 0.073929 -0.011876 0.021392 0.018940 -0.035204
-0.065808 -0.012216 -0.064682 -0.007903 -0.016863 -0.038255 -0.048816 -0.062851 -0.035767 -0.030393
-0.013659 0.048300 -0.014821 0.048206 -0.013225 0.021733 0.030229 0.044240 -0.029689 0.016933
0.012122 0.001885 0.002035 -0.019257 -0.030839 -0.011459 -0.013295 0.019773 -0.023200 -0.003245
0.012697 0.015513 0.042855 0.064306 0.020395 -0.021956 -0.034171 0.043371 -0.090827 -0.012427
0.040626 -0.160061 -0.033538 -0.029571 -0.180902 0.005507 0.075478 -0.038114 -0.023469 -0.032083
-0.056843 -0.071769 -0.061161 -0.014011 0.002147 0.034289 0.038795 -0.031261 -0.047502 -0.013964
0.029290 0.011741 -0.032622 0.028351 -0.005952 -0.034054 0.050647 0.025816 -0.038513 -0.008584
0.030322 -0.046094 0.034688 0.007188 -0.059096 0.083504 0.040743 -0.035603 -0.006513 0.010667
-0.040672 0.055716 0.061020 0.011553 0.031613 0.018928 0.027670 -0.011036 -0.038865 0.048629
0.024291 -0.068718 -0.036941 0.029337 0.034054 0.026849 0.063039 0.048488 0.000978 0.007862
-0.005463 -0.049614 0.007105 0.053557 -0.042480 -0.034570 0.016393 -0.061443 -0.007457 0.033233
-0.054496 -0.026919 0.036190 -0.015560 -0.063133 -0.030628 -0.012016 0.005242 0.174800 0.008836
-0.050459 0.022390 -0.040156 0.056467 0.083504 0.010432 0.036659 0.050929 0.006888 -0.015243
-0.017450 -0.043278 -0.033702 -0.031778 0.010902 0.080265 0.100918 0.028891 0.046986 -0.008525
0.056280 0.003767 -0.011271 0.014844 -0.013389 0.088010 -0.081767 -0.015713 0.137906 -0.117347
0.014305 0.093267 -0.282572 -0.028820 0.000767 -0.027905 -0.022507 0.054496 -0.081251 0.036425
-0.109555 0.026497 -0.001573 0.002631 0.006068 0.031907 0.039174 -0.056528 -0.009556 0.022333
-0.012851 0.056894 0.000436 -0.062642 -0.068647 0.000171 0.006769 -0.034268 -0.007482 -0.010654
0.094678 0.040822 0.055613 -0.070367 -0.034140 0.092408 -0.151425 -0.017281 -0.017729 -0.080985
-0.033628 0.024145 -0.066560 0.022040 0.093067 0.013436 0.091529 0.081351 0.170903 -0.030735
0.032328 -0.129239 -0.121184 -0.046899 -0.073223 0.005492 -0.051293 0.132827 0.023139 0.005794
0.211615 0.025775 0.015981 0.069928 -0.045252 0.041701 -0.019679 -0.010553 0.035641 -0.079594
-0.091163 -0.052940 -0.035605 -0.050817 -0.058066 0.038296 -0.049645 -0.014873 0.098998 -0.048327
-0.016402 0.052501 0.000677 -0.019331 -0.006041 0.020136 0.029710 0.065791 0.001868 -0.015963
-0.067585 -0.052025 -0.100682 -0.044520 -0.036044 -0.053746 -0.141174 0.057407 0.059421 -0.160652
-0.050487 -0.035532 -0.076225 -0.108590 -0.066926 -0.149741 -0.129825 0.019587 -0.147984 0.007725
-0.018004 -0.245151 -0.082815 0.034708 -0.082522 -0.029308 0.043604 -0.145568 -0.120745 0.052501
0.081351 -0.033609 0.028447 0.283520 0.071869 0.052208 -0.004741 -0.016402 0.026324 0.018525
-0.016530 -0.031962 -0.036850 0.017262 -0.002810 -0.148863 -0.117230 -0.042652 0.031999 0.073040
0.072747 -0.256574 -0.047339 -0.028319 -0.169292 0.009894 0.045874 -0.135023 -0.077104 0.033207
-0.023468 0.082156 0.108810 0.217619 0.065535 0.043348 -0.018818 -0.055210 -0.055686 0.054478
0.039650 -0.015789 -0.059494 0.003984 -0.043824 0.019715 0.037252 -0.006805 0.021583 0.005917
-0.035001 -0.031285 0.023889 0.093286 -0.031175 -0.069086 -0.101048 -0.036026 -0.024511 -0.055320
-0.000144 -0.105881 -0.069123 0.100242 0.032969 -0.034836 -0.002222 -0.075786 -0.058286 -0.054002
-0.022223 -0.071466 -0.095263 -0.000888 -0.024273 -0.248666 0.031028 0.016274 0.213372 0.144030
0.044703 0.120745 -0.082669 0.064546 0.490888 0.062606 -0.009711 0.180861 -0.009418 0.123820
0.003270 -0.036685 0.042909 0.079154 0.166949 0.099510 -0.027770 0.063594 0.074980 -0.149961
-0.149448 -0.071502 -0.195652 -0.234460 -0.114228 -0.128799 -0.057077 -0.043787 -0.038918 0.053819
-0.014315 -0.106174 0.059640 0.007130 -0.126603 -0.008160 -0.060299 0.010544 0.039504 0.010389
0.058579 -0.041481 -0.115546 0.053453 -0.010590 -0.022553 0.092627 0.041298 0.037161 0.303144
0.074212 -0.042689 -0.089405 -0.038039 0.031577 0.050194 0.052025 -0.009038 0.018928 0.023010
-0.045764 -0.039101 -0.034433 -0.030296 0.078202 -0.063484 -0.072198 0.163288 0.032072 -0.054185
-0.093506 -0.089186 -0.019422 -0.032438 -0.041847 -0.022553 -0.083474 -0.015880 -0.008494 0.001063
0.023486 -0.003036 -0.007904 0.013912 -0.015953 0.016072 0.027678 -0.028209 -0.004943 0.028429
-0.081571 -0.044446 -0.071283 -0.059933 0.089259 0.115912 0.078056 -0.054808 0.006906 -0.020155
-0.064838 -0.041280 0.027316 -0.039172 -0.025559 -0.009915 -0.043755 0.008853 0.022626 -0.084455
-0.038897 0.018333 -0.021618 0.028355 -0.004240 -0.027545 -0.005122 0.038316 -0.034925 -0.078099
-0.092154 -0.058024 0.006814 0.053472 -0.044794 0.000953 0.000909 -0.003894 0.052402 0.064960
-0.004507 0.016057 -0.016943 -0.008502 0.021633 -0.001013 -0.034130 0.262775 0.163287 -0.046841
0.139332 0.074738 -0.052280 0.027057 0.022122 -0.047819 0.005664 0.090077 -0.051272 0.014330
0.022641 0.007658 0.004736 -0.049469 0.027148 0.028340 0.000614 -0.019005 -0.018364 -0.046322
-0.006256 -0.068505 -0.053991 -0.001588 -0.124482 -0.072110 -0.020671 -0.008617 -0.028920 -0.022000
0.010458 -0.025743 0.002979 0.002643 0.010274 0.035780 0.045099 -0.021190 0.028600 -0.040150
-0.019983 -0.117210 -0.426306 -0.146543 0.005760 0.060469 -0.056649 0.060621 0.158276 0.034466
-0.005015 -0.012978 -0.015797 -0.008701 0.003010 -0.018028 0.050997 -0.022458 0.034955 0.018501
-0.093682 -0.054113 0.003636 0.008387 -0.026583 0.019036 0.012558 -0.019754 -0.040913 -0.048124
-0.086593 0.028890 0.001925 0.022703 0.014315 0.007983 0.083355 -0.033672 0.103704 0.015889
-0.004721 0.030036 0.009816 -0.037552 0.012910 0.029562 -0.005519 0.205086 0.068077 -0.065633
0.056863 -0.070460 -0.014460 -0.010534 -0.198486 -0.022748 -0.085371 -0.028920 0.041524 -0.019403
-0.089832 -0.055183 -0.011099 -0.024719 0.005011 -0.088977 -0.029532 0.053013 -0.063127 0.000021
0.016362 -0.019861 0.000126 0.001653 -0.046138 -0.067099 0.016958 -0.115376 0.033458 -0.068932
-0.041005 0.044763 -0.019494 -0.086654 0.061966 -0.010183 -0.031564 -0.021557 -0.001362 -0.018684
0.074066 0.010129 -0.074921 -0.029577 0.012428 0.007860 0.001427 -0.059155 -0.003644 -0.007230
-0.149965 -0.036483 0.050630 0.019968 -0.195553 -0.003634 0.029975 -0.175998 -0.056649 -0.041891
0.072477 -0.055885 -0.018730 0.050263 -0.058574 -0.012337 0.001163 -0.071805 -0.130287 0.004484
0.085249 -0.013620 -0.022076 0.004423 0.103399 0.041433 0.009052 0.031869 0.033122 -0.044549
0.029302 0.011771 -0.027790 0.025804 0.020869 0.001610 -0.019128 0.208264 0.096310 -0.033458
-0.020686 -0.015621 0.027515 0.049530 0.016821 -0.034497 -0.010763 -0.057383 -0.047727 -0.023940
0.016439 -0.033825 -0.032419 -0.031380 0.065144 -0.130287 -0.238819 0.052066 -0.013628 -0.055947
-0.012069 -0.011550 -0.012635 -0.008089 -0.035230 0.044122 0.004026 0.003273 0.088488 -0.049438
-0.015194 0.061905 0.029791 -0.347351 -0.368373 0.059155 -0.085799 -0.154731 -0.085799 -0.083171
-0.069299 -0.018807 0.235030 0.287952 -0.036300 -0.000741 0.121732 -0.010885 0.074921 0.000503
-0.000868 -0.055335 -0.022871 0.019341 -0.019219 -0.002328 -0.028218 -0.057627 0.010251 0.069360
-0.048919 0.046963 0.081705 -0.045191 -0.045099 0.056435 -0.046902 -0.002013 -0.079975 0.066382
-0.092218 -0.004772 -0.072932 -0.180091 0.003192 -0.069377 -0.074906 0.037716 -0.022363 -0.277508
0.077934 0.120192 -0.086030 0.010252 0.063947 0.109726 -0.007862 0.025440 0.018743 0.049104
-0.007837 -0.019615 -0.010992 0.027975 0.006183 -0.008425 -0.023992 -0.001599 -0.027646 -0.062729
-0.095575 -0.034195 -0.013280 -0.071747 0.041534 -0.073458 -0.123944 -0.002306 -0.024651 -0.196152
0.024535 0.098931 -0.054732 0.038638 0.000709 0.015995 0.036597 0.039527 0.114597 0.022709
-0.003789 0.048610 -0.023910 -0.012440 0.029258 -0.025243 -0.121443 0.084977 0.028304 -0.054699
0.014333 0.034162 0.074314 -0.009256 0.026691 0.058451 -0.178906 -0.007709 -0.033356 -0.237225
0.021458 0.021524 0.062992 0.003999 -0.091691 -0.136385 -0.003073 0.000650 -0.016151 0.016349
0.019089 0.049499 0.006274 -0.006257 0.052691 -0.050420 -0.031101 0.012029 -0.086886 -0.044101
-0.005253 -0.113149 -0.116901 -0.038177 -0.080435 -0.012095 -0.014909 -0.087149 -0.043542 0.036630
0.037321 0.088268 0.092744 -0.010515 0.004673 0.024305 -0.060030 -0.030937 0.017871 0.044101
-0.028781 -0.026905 0.032072 -0.042324 0.003653 -0.044727 -0.096694 -0.060557 -0.026362 0.032944
-0.043673 0.115585 0.127169 0.059701 0.040349 -0.105448 0.039823 0.027382 -0.017986 0.202076
-0.019582 -0.005940 0.247098 -0.032319 0.044200 0.064440 0.011741 0.035347 0.084977 -0.037651
-0.046142 -0.063618 -0.000083 0.040711 0.028616 0.020191 -0.083661 -0.045780 0.016357 0.018710
0.005809 -0.006356 0.020570 0.058385 -0.126972 -0.101762 -0.219453 -0.025589 -0.036532 -0.173114
-0.003847 0.079185 -0.060689 -0.018134 -0.003914 -0.449174 0.059866 0.052921 -0.366237 0.024585
0.024058 -0.023992 -0.033602 -0.026905 0.035742 0.058878 0.046833 0.022840 -0.008364 0.074380
0.110582 0.046833 -0.050223 -0.020389 0.010326 -0.017739 -0.034787 0.064835 -0.058516 -0.014736
0.138886 0.045253 0.105053 -0.032401 0.006105 0.051440 0.156790 -0.123747 -0.046306 0.369923
-0.030097 0.102025 0.096035 -0.085767 0.083726 -0.076025 -0.010441 0.063683 -0.077539 -0.075433
0.030739 -0.030608 -0.027168 -0.000893 -0.053909 -0.108739 -0.043015 0.040382 -0.006471 0.097023
-0.034030 -0.103737 0.025194 -0.022676 0.021047 0.068192 -0.086491 -0.046471 -0.086359 0.040448
0.080633 -0.037387 0.056344 0.054468 -0.019500 0.034359 0.068785 0.041139 -0.036597 -0.044332
-0.051671 0.054863 0.004320 -0.065559 -0.054106 -0.074906 -0.339382 -0.014300 -0.061018 -0.332536
0.091954 0.048577 0.024552 -0.100709 0.011264 -0.003194 0.006981 0.004513 0.047294 0.009824
0.030114 0.041304 0.018200 0.088531 0.014448 -0.071747 -0.007240 -0.076552 -0.045878 0.074051
0.014144 -0.067534 0.050947 -0.131974 -0.011947 0.146785 -0.104197 -0.026362 0.037289 -0.019632
-0.020915 0.007944 -0.173640 0.053975 0.045089 -0.087873 -0.013850 -0.090901 -0.036119 0.014627
-0.035419 -0.001511 0.083728 -0.026494 -0.042200 -0.010746 0.009282 -0.003639 -0.035111 -0.038978
-0.072575 -0.085801 -0.156583 0.091293 -0.006564 0.009751 -0.080982 0.036176 0.067531 -0.180569
-0.413146 -0.221256 -0.290301 -0.039790 -0.050999 0.040687 -0.038557 -0.059854 -0.001325 -0.048785
0.001626 -0.055987 -0.007692 0.049037 0.098691 -0.083055 0.045591 0.108499 -0.091630 0.001370
0.016855 0.008687 0.005419 -0.062039 -0.058789 -0.013646 0.032449 -0.061479 0.007370 0.012960
-0.017135 -0.061591 -0.063833 0.002531 -0.075377 -0.160282 0.044050 -0.059854 -0.360018 -0.172051
0.026732 0.174180 -0.297698 -0.252640 0.610640 0.075153 -0.085129 0.393868 -0.019923 -0.008273
0.032757 -0.000639 0.063216 0.119931 0.054782 0.076218 -0.004946 -0.070894 0.057248 -0.027993
0.013310 -0.107490 0.022865 0.072407 -0.198615 -0.116120 -0.032533 0.019461 0.037072 -0.030207
0.011152 0.042172 -0.035251 0.050803 -0.035419 -0.112253 -0.004189 -0.112085 0.017135 0.190209
-0.037128 -0.142572 -0.006585 0.048589 -0.004266 -0.019531 -0.010074 0.173620 0.073864 -0.182811
0.094824 0.192338 -0.128562 -0.012799 -0.025752 -0.029114 -0.129571 0.014242 0.028680 -0.232241
-0.297474 0.561323 0.109059 0.060750 0.081318 0.027839 -0.116681 0.390057 0.000377 -0.092919
0.380866 0.062039 0.025079 -0.070950 -0.023678 0.022431 0.026592 0.035783 -0.014991 0.029731
-0.055650 0.005625 0.017948 0.070950 0.248829 -0.297923 -0.224395 -0.003583 0.724519 -0.002641
-0.099308 -0.174629 0.039006 -0.062544 -0.305544 -0.014627 -0.232241 -0.216100 0.053773 0.115336
0.032056 0.023636 0.006631 -0.059013 0.072071 -0.054361 -0.019040 -0.098299 0.019153 -0.002713
-0.052904 0.080029 0.010858 -0.060246 -0.020386 -0.077003 0.038501 -0.013149 -0.004063 -0.016841
-0.060694 -0.038305 -0.010550 0.005159 -0.008638 0.035671 0.019839 0.016533 0.028652 0.041275
-0.007790 -0.030908 0.098355 0.011755 0.129795 0.021632 -0.005026 0.041556 -0.036848 0.005243
0.037605 -0.098243 0.040827 0.115448 0.128226 -0.027755 0.097906 0.084736 -0.100765 0.025808
-0.035111 -0.024869 -0.183932 -0.036596 -0.134839 -0.158937 -0.165550 -0.095665 -0.169809 -0.213522
0.096898 0.079917 -0.028316 -0.064449 0.219351 0.042144 -0.251968 0.286266 0.227869 -0.860366
-0.031384 0.012701 -0.030095 0.081542 0.059237 0.016659 0.087707 -0.023118 -0.099476 -0.025780
-0.149970 -0.051839 0.013885 -0.177431 -0.022221 0.015538 -0.157144 0.055762 -0.062151 -0.062880
0.004624 -0.019797 -0.085297 -0.017009 0.011405 -0.112141 -0.220696 -0.067980 -0.064673 -0.110068
-0.069885 -0.052092 -0.083279 -0.069605 -0.035867 -0.186174 -0.016280 -0.104688 0.025149 0.011026
-0.085353 0.001792 -0.046655 -0.010816 -0.013836 0.016294 0.003054 -0.022977 -0.014256 -0.097850
0.015370 -0.033037 -0.172051 -0.056183 -0.085857 -0.089257 -0.032824 0.217308 -0.069821 -0.096444
-0.043933 0.047836 0.020885 0.009447 0.003603 -0.038311 -0.082070 0.137015 -0.093894 -0.023473
0.064798 0.022449 0.069010 0.069899 0.019300 0.027743 -0.003649 -0.022778 0.068392 0.025425
0.009737 0.112904 -0.027840 -0.045440 0.016335 0.048686 0.035162 0.077472 0.028806 0.005796
0.041653 -0.071135 0.059891 -0.032283 0.114836 -0.029269 0.147139 0.062209 -0.084234 -0.003485
-0.068546 -0.052743 0.086320 -0.089721 -0.019426 0.085702 -0.048222 0.001513 -0.052356 0.038234
0.009520 0.080293 -0.006989 -0.019687 -0.069087 -0.079365 0.017755 0.129674 0.038833 0.043701
0.037654 0.067812 0.033790 -0.041460 0.005313 0.034138 -0.111127 -0.031085 -0.052240 -0.197988
-0.119396 -0.280831 -0.156799 0.045865 -0.036611 -0.000931 -0.070324 0.049652 0.197679 -0.052009
0.014335 0.053129 -0.021889 -0.051352 -0.078167 -0.098530 -0.066344 0.003270 -0.073724 -0.006675
-0.084466 -0.108577 -0.061050 0.009409 -0.036012 -0.031897 0.227663 0.013939 -0.031820 0.032998
-0.023860 0.052356 -0.051815 -0.038562 -0.036166 0.038466 0.019957 -0.084852 0.040649 0.019783
-0.015881 -0.075965 -0.106722 -0.024092 0.126351 -0.058307 -0.019001 0.148066 0.064451 -0.016557
0.011862 0.044397 -0.007269 -0.112132 0.019136 -0.000228 0.107340 -0.029327 0.036166 -0.147371
-0.004697 0.031588 0.541261 0.526423 0.086475 -0.072642 0.000635 0.078052 -0.068044 -0.042812
-0.026043 -0.051854 -0.013562 -0.029405 0.022295 -0.045169 0.021348 -0.098840 0.035780 -0.035490
-0.069628 -0.056491 0.034505 -0.069087 0.091807 0.017030 -0.049420 0.008356 0.023512 -0.101622
0.034254 -0.010539 -0.025212 0.038292 0.039683 0.132997 -0.125192 -0.134079 -0.276967 -0.441726
-0.042735 -0.194743 -0.107031 -0.072294 -0.170477 0.030061 -0.015475 0.106567 0.241573 0.081297
0.309888 0.136938 -0.055873 -0.053979 -0.009930 -0.037944 0.166613 -0.107495 -0.058152 0.075617
-0.157649 0.003089 0.011321 0.051120 -0.046097 -0.034235 0.133383 0.072835 -0.027048 0.130678
-0.002883 0.012596 -0.019233 -0.029289 0.027183 -0.242810 0.000495 0.011640 -0.231064 -0.040030
0.054752 -0.034544 -0.022334 0.032843 0.017301 0.005385 0.044551 0.027473 -0.059930 -0.048377
-0.018402 0.032979 0.022681 -0.084929 -0.000319 0.033655 -0.039567 -0.024903 0.253320 0.084775
0.004813 -0.243274 0.074497 0.167850 -0.197988 0.061668 0.094512 0.102317 0.080911 0.014287
-0.002630 -0.008988 -0.034292 -0.030061 0.035510 0.039683 0.291496 -0.057805 0.019880 0.438325
-0.055873 -0.071869 -0.079095 0.062596 0.152626 -0.201852 -0.038388 0.000877 -0.387321 -0.080834
0.048917 0.130601 0.043237 -0.100076 0.029984 -0.042001 -0.016567 -0.029366 0.029095 -0.041769
-0.073144 0.059118 -0.012654 0.023454 0.027067 -0.032129 0.131838 0.059196 0.021136 -0.006216
0.052395 0.042233 -0.005222 -0.036328 -0.047313 -0.013587 -0.082695 -0.038138 0.048835 -0.022361
-0.086069 0.009221 -0.010260 0.015459 0.102032 0.068624 0.012240 -0.011684 0.058750 -0.077511
-0.002510 0.008799 0.057269 0.076236 -0.127210 0.029581 0.101291 -0.015521 -0.015582 0.009406
0.045544 0.007812 0.030877 -0.022587 -0.053690 0.048424 0.044269 -0.016601 -0.027030 0.073849
0.076606 0.074549 0.149427 -0.147288 0.001392 -0.020478 -0.009236 0.008007 -0.152060 0.120545
-0.053402 -0.458484 0.041923 0.066691 -0.040278 0.011324 0.016724 -0.007832 -0.047231 0.023801
0.046284 0.228748 -0.019635 -0.002834 -0.084217 -0.067596 -0.036493 0.022978 0.010033 -0.225457
-0.081831 0.018216 -0.158149 -0.065374 0.000010 -0.010321 -0.096107 -0.046614 0.048012 0.011983
-0.054677 -0.002361 0.038879 0.043857 0.029766 0.036287 0.171479 0.035896 -0.041080 -0.096930
0.110754 -0.078992 -0.077141 0.097506 -0.036184 -0.081666 -0.107627 0.055706 0.052579 -0.344933
-0.032193 -0.103842 -0.001851 -0.065415 -0.090512 -0.225621 0.031617 0.230065 -0.236812 -0.160617
-0.035217 -0.013854 -0.067555 -0.130173 -0.130090 0.014122 -0.011458 -0.098823 -0.014214 0.023286
-0.018216 -0.085163 0.030918 -0.047601 0.119723 -0.028902 -0.182669 -0.042253 -0.013700 -0.153459
-0.113963 0.048506 -0.001254 -0.044063 0.102114 0.128280 -0.081214 -0.046531 0.083641 0.038426
-0.031041 0.040010 -0.009463 -0.097095 -0.098411 -0.007102 -0.082489 -0.002115 -0.015243 -0.054060
-0.014636 0.017002 0.040442 -0.088043 0.034353 -0.067473 0.004780 -0.054883 0.004875 -0.080185
0.075454 -0.101456 -0.039270 -0.019697 -0.034353 -0.065169 -0.051962 -0.025199 -0.010090 -0.045174
0.043857 -0.081378 -0.108367 -0.091252 0.138565 0.114210 -0.072985 0.194847 -0.015449 -0.067925
-0.089936 0.042006 0.013412 -0.067431 -0.010332 0.037089 -0.177732 0.078540 0.021126 0.016333
-0.044392 -0.078786 -0.299512 0.049946 -0.106393 -0.300335 0.044392 0.082366 0.112646 0.119064
0.018401 -0.003057 -0.009041 0.007066 -0.180036 -0.346249 -0.008629 0.122932 -0.024438 -0.066156
0.261991 0.018750 -0.241749 0.300170 -0.116596 0.005292 -0.316462 -0.068748 0.025570 -0.076030
-0.017197 0.063852 -0.066485 -0.075495 -0.040607 -0.067637 -0.066814 -0.008501 0.016704 0.020879
-0.254256 0.304778 0.271042 -0.058380 -0.122602 0.090594 -0.004492 -0.131325 -0.082530 0.074755
-0.073644 0.018318 -0.094297 0.094955 -0.020643 0.022278 0.072533 0.092816 -0.014523 0.007843
0.041841 -0.015058 -0.073397 -0.048753 -0.070476 0.097177 -0.054060 -0.162428 0.172466 0.112564
-0.066033 -0.051057 -0.063482 -0.061096 -0.003186 0.016148 0.031720 -0.097012 0.008665 -0.008090
-0.025899 -0.048300 0.008264 0.020015 -0.049164 -0.048424 -0.076030 -0.020705 -0.031515 -0.045709
-0.028182 -0.005636 -0.041450 0.063893 -0.056447 -0.013525 -0.019007 0.065045 -0.092651 -0.022073
0.029950 -0.076789 0.003680 0.022037 -0.019740 0.052497 -0.041160 0.010561 -0.035246 0.018708
-0.049349 0.029120 -0.071599 -0.046669 -0.095805 0.042947 0.060410 0.059857 0.051604 0.002563
0.020505 0.265975 0.017347 0.018634 -0.070450 -0.064239 -0.046839 0.063473 0.024398 -0.032077
0.025377 -0.092572 -0.035246 0.045052 -0.086446 -0.105080 0.000513 -0.007152 -0.079256 -0.062920
0.047988 -0.017336 -0.241470 -0.061176 -0.091892 0.110185 -0.238237 0.010965 0.363822 0.014549
0.028610 0.402621 0.175104 -0.014390 -0.066068 0.023398 0.030928 -0.058453 -0.017517 0.005493
-0.115970 -0.111461 -0.053008 0.063941 0.100570 -0.042223 -0.129499 -0.048498 -0.046924 -0.002162
-0.098613 -0.069769 0.029929 -0.017453 -0.003744 0.069727 0.088318 0.005315 -0.062112 0.021367
-0.007035 0.053433 -0.079639 -0.071982 0.011316 0.000903 -0.001334 -0.187527 -0.024632 -0.034736
-0.096316 0.064835 0.042372 0.054965 -0.093338 0.032162 0.182592 -0.224454 -0.015145 -0.039139
-0.095295 0.018495 0.069940 -0.127287 -0.007238 0.194844 -0.006312 0.056794 -0.091977 0.040032
0.031247 0.222582 0.022675 -0.044797 0.115885 -0.032864 -0.023313 -0.038118 -0.105420 -0.021080
0.158853 -0.046499 -0.057900 0.147112 0.041777 -0.069940 -0.069684 0.012167 -0.012103 -0.135029
0.010354 0.004307 -0.129839 -0.130605 -0.047052 0.055731 0.020495 0.080277 0.104824 0.070323
0.048115 0.053008 -0.002680 -0.022739 0.046414 -0.031588 -0.016709 0.061133 -0.116141 -0.174934
0.152897 0.019325 -0.036906 0.062367 0.007737 0.011529 -0.090020 0.017878 -0.026227 -0.092402
-0.035672 0.018974 0.096231 -0.076236 -0.071429 -0.016581 -0.031694 -0.113928 -0.075300 -0.151110
-0.180550 -0.118693 -0.013475 -0.071641 -0.121331 0.084915 0.024185 -0.009200 0.067132 0.004132
0.036735 -0.130860 -0.007854 0.133073 -0.032162 -0.097167 -0.083298 -0.070748 -0.008530 0.039628
-0.173488 -0.001996 0.215605 -0.107632 -0.149409 0.273803 -0.075896 -0.080660 -0.188378 0.025589
-0.028652 -0.049094 0.292862 0.138348 -0.551689 0.096146 0.206075 -0.236025 -0.044457 -0.122182
0.054795 -0.094614 -0.092998 0.123118 -0.268357 -0.079767 0.032098 -0.006307 0.097082 -0.008216
0.095550 0.048201 -0.262571 -0.085042 -0.036331 -0.149664 -0.065473 -0.026419 -0.136561 -0.128053
-0.104995 0.104229 0.057219 -0.121756 0.068068 -0.053859 0.010359 0.070025 -0.048413 -0.002563
0.014560 0.022867 -0.042904 -0.009264 -0.036076 -0.140220 0.005642 -0.078831 -0.127457 -0.023590
-0.107037 -0.091466 -0.067855 -0.099549 -0.167532 -0.158258 -0.117757 -0.078874 -0.064664 -0.048754
0.004688 -0.064707 -0.124139 -0.003090 0.107632 0.087127 0.062835 0.045350 -0.062325 -0.081979
0.011061 0.028971 -0.041628 -0.111546 -0.029099 -0.007509 -0.020697 -0.012231 0.025036 0.070195
-0.033268 -0.013624 0.014145 -0.115205 -0.122947 0.021548 -0.019272 -0.001239 -0.063500 -0.141781
-0.121253 0.016377 0.021098 -0.057433 -0.051913 -0.019570 -0.008992 0.012066 0.003461 -0.071392
-0.021201 0.038867 0.037065 -0.064686 -0.022684 0.090141 -0.034556 0.014096 0.022912 0.004884
-0.024907 -0.015738 0.008280 -0.023607 -0.060170 -0.040121 0.025478 0.042813 0.001161 -0.028853
-0.034829 -0.020391 0.002359 -0.040919 0.021919 0.026299 0.011615 -0.050408 -0.109210 -0.063363
0.017278 0.026276 0.053145 0.010253 -0.051320 -0.037795 0.032548 0.062086 0.005129 0.012898
0.008947 -0.001595 -0.052871 -0.087359 -0.011769 -0.001654 -0.123260 0.086720 0.019582 -0.108388
0.019889 -0.062679 -0.096345 -0.036608 -0.008690 0.026230 0.072624 -0.038182 -0.034533 0.002017
-0.035468 -0.147802 -0.285934 0.000574 0.055015 -0.094885 0.016844 0.052233 0.093152 -0.041558
-0.031294 -0.028146 -0.122256 -0.082797 -0.054559 -0.029378 0.014324 0.015715 -0.053875 -0.020916
0.013799 0.011000 -0.044637 -0.010435 -0.008297 -0.019194 0.041535 -0.138131 -0.131380 -0.106837
0.074357 0.127366 0.053282 0.012693 -0.007327 -0.013549 0.043474 -0.005363 -0.016468 0.002771
-0.004191 0.036061 0.012248 0.011849 -0.001927 -0.018703 -0.019810 0.003071 -0.015841 0.048629
0.027051 0.050864 0.063546 0.013754 0.113771 0.065781 0.045800 -0.025615 -0.082067 -0.019798
0.007641 -0.005993 0.013172 -0.094338 0.108115 0.128643 -0.045800 -0.030245 0.001554 0.028534
-0.050910 -0.022205 -0.023231 -0.032320 -0.029766 -0.003102 -0.006763 0.025615 -0.058209 0.040577
0.055198 0.022284 0.029059 0.001272 0.057844 -0.054240 -0.013423 -0.015579 0.034328 0.034624
0.009078 0.027302 -0.012362 -0.050408 0.011975 0.029515 -0.060353 -0.010914 0.030564 -0.002572
0.074221 0.026801 0.165593 0.087997 0.098991 -0.012032 0.101363 0.009084 -0.044318 -0.092376
-0.054696 -0.320239 -0.073673 -0.052187 -0.014951 0.117603 0.088134 -0.088134 -0.077094 0.007635
-0.006387 0.065918 0.006033 0.035057 0.030564 -0.033461 0.051731 0.035331 0.043246 -0.050180
-0.002954 -0.035787 -0.012408 0.051457 0.049404 -0.019410 0.070434 0.006626 0.019034 -0.035742
0.007898 0.013651 -0.002204 -0.002463 -0.015864 -0.031727 0.057616 0.014883 -0.022125 0.038296
0.012043 0.025797 0.008137 -0.000241 0.029652 0.034852 -0.017574 0.046713 0.005953 -0.040304
0.025911 -0.012625 0.051183 0.082477 0.033803 0.100360 0.209113 0.269146 -0.045983 -0.093517
-0.078463 0.020095 0.006352 -0.028055 -0.056429 0.018829 -0.008656 -0.070982 -0.033347 0.017916
-0.106837 -0.068838 -0.054377 -0.049496 0.157108 0.108753 -0.106929 -0.099721 -0.002352 0.027280
0.103644 0.071575 -0.134573 -0.189224 -0.136763 0.022535 -0.006540 -0.040030 -0.077003 -0.007852
0.018088 -0.033689 -0.029150 0.007373 0.002311 -0.017677 0.046371 -0.016308 -0.040532 -0.037475
0.022934 0.026413 0.042265 -0.013343 -0.009015 0.002488 
