0.057854 0.003782 0.041632 0.035359 -0.002079 0.029339 -0.007663 0.001169 0.001955 0.034123
0.035834 -0.058614 -0.012745 -0.023414 -0.049078 -0.049553 0.000031 0.055383 0.069830 -0.072555
-0.004954 0.014162 0.024111 0.013687 0.021529 0.031414 0.023969 -0.072935 -0.014028 0.002578
0.036531 -0.041188 0.017632 0.031652 0.001928 0.012832 0.007992 -0.081046 -0.042519 -0.028056
0.020800 0.019295 -0.032919 0.049616 0.036531 -0.001862 -0.028547 -0.022036 0.020990 0.006198
0.055541 0.007739 -0.020071 0.040048 -0.057094 -0.037608 -0.015620 -0.013149 0.011184 -0.016665
0.023430 0.057505 -0.029165 0.056365 0.217991 -0.006009 -0.030112 0.023180 -0.020869 -0.051068
0.037495 0.045284 -0.002231 0.080337 -0.139631 -0.132655 0.018791 0.016945 -0.135910 -0.083360
0.047987 -0.009759 -0.005700 0.036506 0.039674 -0.008567 0.092021 -0.054876 0.046127 -0.032117
0.042378 0.006979 0.017541 -0.004680 0.050574 -0.142072 -0.041041 -0.052463 -0.030577 -0.020201
0.019052 -0.001208 -0.030751 -0.031158 -0.007949 -0.034443 -0.130214 0.047057 0.035605 -0.135910
-0.030199 0.045865 -0.124865 -0.006994 -0.050080 0.091498 -0.009533 -0.040227 -0.030025 0.006660
0.110275 -0.003898 0.004418 0.054091 0.011779 -0.108821 -0.017861 -0.022744 -0.033642 0.025971
-0.058127 0.011003 0.007373 -0.094315 -0.189450 -0.000766 -0.147350 -0.009910 0.038239 -0.067626
0.128214 0.068002 -0.015958 -0.000092 0.003676 0.062056 -0.024040 0.040870 0.117689 -0.142019
0.017300 -0.044184 -0.036769 -0.050848 -0.075110 -0.039571 0.152817 -0.006920 0.046987 0.027457
-0.013669 -0.066567 -0.011157 0.020896 0.056213 -0.070189 -0.036940 0.040870 0.012968 -0.037384
0.045551 -0.025407 -0.004699 -0.003310 0.018897 0.023169 -0.148307 -0.087617 -0.028243 0.060143
-0.140515 0.006523 -0.028568 0.096160 -0.076409 -0.055803 0.032429 -0.046782 0.053138 -0.005954
0.076340 -0.115912 -0.122886 0.011295 -0.002399 0.084299 -0.009080 -0.017015 -0.021295 0.023400
-0.031670 0.022821 -0.125570 0.054596 -0.090823 -0.029889 0.098457 -0.138895 -0.029241 0.027460
0.019513 0.016170 -0.070373 -0.012099 0.101974 -0.005061 -0.038078 -0.020797 -0.034677 0.030698
0.013313 0.027645 0.043029 -0.128716 0.038101 -0.037338 0.001703 0.025216 0.057973 0.004497
-0.044903 0.017478 -0.023434 -0.104009 -0.122146 0.019849 0.004395 -0.017801 -0.038957 -0.019143
0.053809 0.002540 -0.005526 0.034261 -0.046753 -0.035996 -0.047656 -0.027136 0.018102 -0.030537
0.073658 0.020138 -0.017165 0.010827 -0.064173 0.054688 0.020786 0.013746 0.038082 -0.021989
0.007898 -0.029523 -0.036800 0.062517 -0.057429 0.025441 -0.011991 -0.048238 0.020530 -0.016300
-0.078807 0.066303 0.077978 -0.019544 0.001436 -0.072377 0.001913 0.000430 -0.039581 0.044255
0.020530 -0.036524 0.037293 0.056482 0.031949 0.045556 -0.038476 -0.004970 0.066382 0.049580
0.047095 -0.000595 -0.043624 -0.029720 0.030667 0.012493 -0.032876 -0.002055 -0.111307 0.039048
-0.041257 0.002013 -0.024829 -0.024494 0.002902 0.072930 -0.002547 0.024908 -0.084644 -0.059835
0.049658 -0.045517 0.057784 0.004058 -0.074152 0.007514 0.011419 0.029622 -0.040508 0.016428
0.018375 0.034466 0.040937 -0.032840 -0.035643 0.051457 -0.009932 0.014923 -0.002424 -0.011670
-0.004163 -0.023825 0.008647 0.004866 0.009153 0.010079 -0.027459 0.008123 -0.024794 -0.083398
0.000022 -0.032753 -0.019569 0.016654 0.013366 0.049762 -0.036231 0.018548 -0.001587 0.018358
0.008565 -0.056129 -0.076753 -0.030521 -0.005848 -0.050350 -0.074054 -0.035245 0.030885 0.025521
0.002483 0.012380 -0.022164 -0.026507 0.059901 0.000296 -0.036127 0.057513 0.074400 -0.002816
-0.060385 0.041318 -0.069694 0.006506 0.020175 0.060697 0.053707 0.034501 0.063015 0.046474
0.011186 -0.007003 -0.032978 0.009845 -0.041618 -0.009485 0.035429 -0.100941 -0.018596 -0.016737
0.005432 -0.003976 -0.023070 0.028512 0.029547 0.097032 0.025216 0.035870 0.086915 0.083543
-0.081014 -0.005178 -0.023837 -0.076070 0.005734 0.015722 -0.056219 0.015003 0.095959 -0.057292
0.015990 -0.061316 0.024009 0.004697 -0.047558 0.027286 0.019094 -0.001892 0.013145 -0.050011
-0.027515 -0.077450 0.053728 -0.021633 -0.009619 0.014860 0.025906 0.037288 -0.049819 -0.034605
-0.023338 -0.014285 0.027918 0.012771 0.057292 0.016747 0.063883 0.035314 0.037077 0.014697
-0.004271 0.007329 -0.005432 -0.017370 0.017580 0.014984 0.047213 0.018740 -0.152561 -0.026716
0.098085 0.090352 -0.047057 0.095089 -0.024887 -0.019593 -0.049913 -0.023650 -0.028353 0.063393
-0.059527 0.068235 -0.001558 -0.088611 0.049008 0.124835 -0.023337 0.058726 -0.030704 -0.009396
0.087496 0.031818 -0.047614 -0.033438 -0.014202 -0.107768 0.020307 0.008804 0.035040 0.026942
-0.026420 -0.107211 0.054198 0.007632 0.020516 -0.016467 -0.070986 -0.008595 -0.005307 0.095925
-0.009613 0.000039 -0.015674 -0.013610 0.047405 0.060293 -0.018896 -0.050157 -0.105818 0.056044
-0.114874 0.032341 -0.075723 -0.161339 -0.019610 -0.036016 -0.074191 0.017938 0.025967 -0.122188
0.096274 -0.219855 0.065132 -0.118771 0.091279 0.073350 -0.160738 -0.211068 0.018392 0.104952
-0.132518 0.003189 0.011473 -0.074623 -0.274491 -0.068186 0.008623 -0.061131 0.063022 0.036639
-0.034239 -0.137391 0.003471 0.194049 0.065641 0.083787 0.057895 -0.142991 -0.062877 0.210923
-0.252380 -0.132809 0.136445 0.026784 -0.120371 -0.016447 -0.037239 -0.062040 0.108589 -0.186048
0.066332 -0.253544 -0.091206 -0.023692 -0.130554 -0.023511 -0.192303 0.038730 -0.214559 0.082914
-0.037857 -0.216305 0.052658 0.066550 0.068041 -0.069095 -0.139500 0.047749 0.029347 -0.127354
-0.022129 -0.069750 0.131572 -0.141100 0.094624 -0.168302 -0.015579 0.021222 0.046333 0.031264
-0.030138 -0.170626 0.010531 -0.016153 0.021094 -0.047184 -0.027439 0.006769 -0.053475 -0.008225
0.021541 -0.049436 -0.017449 0.015398 -0.041105 -0.022168 0.024506 0.004442 0.027375 -0.003207
-0.033921 0.006764 0.128203 -0.020117 0.000901 -0.131179 -0.013900 0.013018 0.070648 -0.008092
0.057980 -0.026461 0.051562 -0.015090 0.000690 -0.079362 0.007779 0.064782 -0.012561 -0.059341
0.031116 0.036748 0.010638 0.043825 -0.036387 -0.021190 -0.062061 0.035366 -0.032901 -0.027630
-0.031307 0.022975 0.039405 -0.008656 0.039532 0.028395 -0.017428 0.028778 -0.051987 -0.011084
-0.006653 0.046600 -0.233219 0.019659 -0.194532 0.069295 0.065339 -0.069845 -0.033713 0.072043
0.047891 0.072428 -0.228823 -0.029592 0.075835 -0.179366 0.102322 -0.059514 0.052013 -0.067537
0.062591 0.041572 0.135733 -0.035087 0.039346 -0.041407 -0.008367 0.081989 -0.085177 -0.184751
0.105564 -0.049540 -0.166287 0.037615 0.083088 -0.010640 -0.087759 -0.001512 0.027737 -0.043165
-0.059569 -0.181893 -0.122764 0.019920 0.157384 -0.051024 -0.023959 -0.017022 0.124962 -0.009314
-0.079681 0.149361 -0.035774 -0.074791 -0.062866 -0.194093 0.171452 0.031598 -0.000808 0.055337
0.015510 0.089518 0.121995 0.047149 -0.040470 0.010774 -0.025958 0.002146 -0.036441 0.050112
0.020225 0.004613 0.041172 0.013731 0.004540 -0.001208 -0.002036 -0.032613 -0.055364 -0.054081
0.057609 -0.005763 -0.041372 0.043658 -0.021227 0.000060 0.039488 -0.013149 -0.033715 -0.031551
-0.105516 -0.064544 -0.012358 0.040150 -0.019173 -0.045341 -0.084669 0.043217 -0.088277 0.034678
0.117142 -0.015515 0.012718 0.003077 0.025617 -0.007953 -0.052116 -0.034176 -0.033755 0.012388
0.014763 -0.000411 -0.046865 0.038707 -0.043858 0.031089 -0.043978 0.022570 -0.007286 0.056847
0.017249 -0.059974 -0.062820 0.023392 0.013941 0.014192 -0.075609 -0.018271 -0.041645 -0.096054
-0.028957 0.077358 -0.078976 -0.047008 0.138178 0.058213 0.013325 -0.035264 -0.116966 -0.012186
-0.162266 -0.198699 -0.044941 -0.051562 0.051023 -0.105821 0.009902 -0.066213 -0.126434 0.059292
-0.042844 -0.184677 -0.154836 0.000504 0.098331 0.031758 -0.290018 -0.037121 0.111274 -0.088384
0.077418 0.067232 0.053899 -0.069988 0.022830 -0.081972 0.031578 -0.076160 -0.117985 -0.073523
-0.076459 0.050903 0.020059 0.038439 -0.035773 0.043623 -0.072505 0.178685 -0.294812 0.008292
0.178445 -0.084189 -0.057434 0.067711 0.307276 0.093357 -0.143451 0.143931 0.020044 -0.003356
-0.122299 0.070887 -0.060386 -0.016532 0.079297 0.135786 0.004756 0.047423 0.159990 0.034008
0.044100 0.012215 0.069247 0.001855 0.089020 0.085902 -0.103296 -0.021250 -0.043443 0.044920
0.085984 -0.087625 -0.272885 0.032449 -0.070436 0.049228 0.035464 -0.128648 -0.020573 -0.018009
-0.236621 0.110106 0.036880 0.017137 0.012215 -0.088856 0.070970 -0.033700 -0.021496 -0.141858
-0.077000 0.011722 -0.075728 0.006051 -0.000271 0.034152 -0.102640 -0.027219 -0.005866 0.079462
-0.039628 -0.046725 -0.028060 0.177876 -0.007261 0.021824 -0.066293 0.129633 0.070354 0.086969
-0.042500 -0.077164 0.154575 -0.070026 0.042459 -0.045125 -0.043458 -0.075627 0.050277 -0.018136
0.010161 0.014967 0.042109 0.034346 0.092694 -0.005943 -0.054130 0.002225 -0.026891 -0.021344
-0.006444 -0.101478 -0.026699 0.037274 0.036581 -0.287869 -0.010450 -0.020438 0.088996 0.052666
-0.001032 0.015102 0.023000 0.193710 -0.047195 0.004226 0.042263 -0.094313 -0.033402 0.015083
-0.006670 -0.109877 0.046540 -0.188779 0.136075 -0.031014 -0.032208 0.068076 0.028124 -0.004325
-0.116889 -0.027623 -0.218059 0.033171 -0.048774 -0.045577 -0.037505 0.008047 0.026834 -0.228076
-0.024638 -0.006588 -0.071043 -0.026699 -0.081753 -0.006940 0.061835 0.024021 0.046155 -0.080443
-0.109237 0.002011 -0.115022 0.037399 0.043587 0.034540 -0.037365 -0.028705 0.046210 -0.046446
0.021323 -0.020095 0.034574 -0.102914 -0.141120 -0.037971 0.098542 -0.050280 -0.016345 -0.087242
0.030168 -0.015303 0.039215 -0.072040 0.120941 0.064607 -0.018514 0.034876 -0.001645 0.063565
0.037399 0.007773 0.019204 0.007975 0.008522 -0.069484 0.061009 -0.086434 0.007437 0.099215
-0.088520 -0.057679 0.051558 -0.053912 0.080515 0.001883 0.010241 -0.012200 -0.257218 0.007386
-0.103923 0.102578 0.000677 -0.099416 -0.058621 -0.093295 -0.026267 0.038341 0.033447 0.078228
-0.026283 0.082466 0.070896 0.103116 0.023385 0.004647 -0.039711 0.033054 -0.011539 0.017899
-0.026109 0.024978 -0.006830 0.007458 -0.053140 -0.032901 0.008738 -0.072055 0.023251 -0.011232
-0.078079 0.023309 0.013323 -0.027778 0.031385 -0.039903 0.020258 -0.031558 0.031577 0.054061
0.025380 -0.018110 -0.030714 -0.017103 0.037965 -0.060046 0.016776 0.103977 0.012642 -0.009323
0.012211 -0.015539 -0.041284 -0.002782 0.010935 -0.020335 -0.020239 0.032076 -0.137281 0.006340
0.006340 0.015309 0.035318 0.004084 -0.093618 0.024191 0.081417 -0.016105 -0.013640 -0.038349
0.006901 0.031328 -0.163908 0.074971 0.049226 -0.027951 0.015223 -0.020776 -0.075176 0.187351
0.012837 -0.065795 0.021196 -0.069750 0.053767 -0.008208 -0.020951 0.064390 -0.031002 0.044550
-0.049976 -0.039288 -0.034450 -0.013295 0.047916 -0.094918 0.072103 -0.022798 -0.002762 -0.003209
-0.015901 -0.011129 -0.120608 -0.122700 0.027701 -0.007129 0.036117 -0.013458 0.035333 -0.058278
0.036836 0.062396 -0.008735 0.074653 -0.088904 -0.044484 0.096552 0.000796 -0.001656 0.004731
0.056415 0.034646 -0.034581 0.026034 -0.078575 -0.018124 -0.061808 -0.120412 -0.026835 0.018320
0.049093 -0.012968 0.005479 0.012878 -0.007967 0.052362 -0.097140 0.081713 0.078510 -0.023958
0.037817 -0.187743 0.007200 0.003696 -0.005519 -0.085794 0.023416 0.053988 0.007428 -0.042289
0.012969 -0.036439 0.028801 -0.031949 0.030518 0.019677 -0.003482 0.014257 0.069694 -0.016100
-0.025473 0.027119 -0.029266 0.012907 0.051018 -0.001202 -0.051877 -0.083575 0.036278 -0.004143
-0.012155 0.015617 0.001315 0.039498 0.055383 -0.049408 -0.013828 0.001497 0.030840 0.018139
0.069873 -0.022790 0.065258 -0.090874 -0.065937 -0.068442 -0.006418 0.001239 -0.004432 -0.034811
0.040858 -0.070087 -0.037924 0.024615 0.018372 -0.017084 0.019660 -0.066402 0.033988 -0.020429
0.013747 -0.011243 -0.020518 0.006950 0.044865 -0.007875 0.021974 -0.040987 -0.024809 -0.040236
-0.002156 0.027019 -0.040820 0.032210 0.031439 0.029416 0.041112 -0.041404 0.024204 0.023058
-0.027582 0.026331 -0.029854 0.001584 0.048659 0.206978 0.036171 -0.037901 -0.044448 0.035483
0.110827 -0.007849 0.047200 -0.023996 0.056665 -0.007000 -0.014937 -0.019222 0.027394 -0.014927
-0.000485 0.024455 -0.042655 0.108993 0.036171 -0.013186 -0.031897 0.013520 -0.041133 0.024851
0.022891 -0.012832 0.040778 0.022349 0.023475 0.013885 -0.025935 -0.116248 0.019003 0.094899
-0.023099 -0.021932 0.023287 -0.010935 0.007443 0.019086 -0.014197 0.011550 0.003145 0.006359
-0.031714 -0.077125 0.191072 0.108390 -0.219026 -0.122367 0.070221 0.096098 0.195226 -0.000799
0.024081 0.096210 -0.138084 -0.100364 0.108447 0.002694 0.202636 0.090260 0.073869 0.088688
-0.143024 -0.005164 -0.262248 0.094414 -0.052090 -0.170641 -0.085769 -0.068818 -0.144371 -0.105079
0.039854 0.075497 -0.225313 -0.115631 0.061969 0.044288 0.131236 0.039854 -0.103956 -0.067751
-0.010553 0.004631 -0.132920 -0.011016 -0.068200 0.029413 -0.000223 -0.031462 0.113947 0.010426
0.001108 0.005922 -0.123378 0.015113 -0.070726 0.084871 0.171202 0.113386 -0.016264 -0.022621
-0.003019 -0.111983 -0.015071 -0.111085 -0.079134 -0.023744 0.028283 -0.012306 -0.160294 0.198342
-0.040182 0.039097 0.058663 0.104090 -0.080075 0.011908 0.018246 -0.024540 0.017279 0.000895
0.016854 -0.024359 -0.019187 0.050056 -0.040869 0.002428 0.092950 0.014404 0.035281 -0.005642
-0.291798 -0.003750 0.004770 -0.134470 0.038699 -0.109659 -0.182573 -0.013680 0.167816 -0.003714
-0.009024 0.007432 -0.023997 0.083836 0.018120 -0.023364 0.034522 0.108502 -0.021972 -0.168974
-0.026728 0.039929 -0.001099 0.051828 -0.044667 0.017695 0.020507 0.032677 -0.005556 0.109659
0.011655 0.011845 -0.039712 0.051538 0.022261 -0.078628 -0.066367 -0.033853 -0.062919 -0.105130
-0.017631 -0.104098 -0.095428 -0.067804 0.032715 0.007818 0.057415 0.069043 0.014156 -0.098249
-0.046476 -0.111322 -0.009271 0.051051 0.084420 -0.014835 0.072930 -0.069352 -0.027332 0.026867
-0.042313 -0.016323 0.140219 -0.025870 -0.119096 0.018972 -0.054491 -0.143108 -0.158107 0.003305
-0.141319 -0.108157 0.011593 -0.029877 0.046063 -0.102584 0.052702 -0.081255 -0.269154 -0.062541
-0.098593 0.077196 -0.028518 -0.059032 0.018336 0.057140 -0.016160 0.006274 -0.084558 0.115312
0.067908 -0.062713 0.067116 -0.006988 -0.038495 -0.060718 -0.074169 -0.024752 -0.053597 -0.001412
0.134439 -0.064192 -0.005618 -0.011311 0.003959 0.046328 0.119847 -0.026671 0.003231 0.059144
0.026260 0.016301 -0.041003 0.017395 0.032841 0.020631 0.002067 -0.051394 -0.016843 0.023099
-0.039617 0.034746 0.000020 -0.030113 0.011658 -0.062262 -0.036197 0.024680 -0.025762 0.010402
-0.021259 0.111275 0.008470 -0.034053 0.122878 -0.038903 -0.060530 -0.002542 0.031456 -0.012535
-0.012015 0.044012 0.049056 -0.019473 0.022666 -0.042778 0.035829 0.011171 0.033729 -0.123658
0.026217 0.051437 -0.071831 0.008622 0.030027 0.030005 -0.018391 -0.018899 -0.016009 0.033772
-0.016670 0.032040 0.040007 -0.099151 -0.072134 -0.064557 0.007756 0.021188 0.014076 0.025601
-0.035299 -0.009273 0.005064 0.041572 -0.027577 -0.073401 0.038171 0.052626 -0.003780 -0.147445
0.029599 -0.041641 -0.055384 -0.019017 -0.006199 0.059015 -0.016661 -0.038884 0.025716 0.055200
-0.057866 0.028037 0.006228 0.023395 -0.010767 -0.031966 0.012272 -0.062232 -0.036126 0.041526
-0.040056 -0.002210 0.003530 -0.010657 0.010370 0.016834 -0.012674 -0.082915 0.067242 -0.025876
0.063106 0.024865 -0.080525 0.025555 -0.043664 0.069310 -0.018017 0.021487 0.008038 0.041917
0.000075 -0.032426 -0.016673 0.038930 -0.089809 0.036057 -0.072803 0.034150 -0.084983 0.139816
0.023544 -0.064243 -0.007703 -0.063257 -0.013595 0.007891 0.047389 0.072863 -0.001162 -0.015289
0.063686 0.011054 0.039455 0.041063 -0.011065 0.115106 0.026611 0.063257 0.055709 0.060641
0.012072 0.013477 -0.045331 -0.015889 -0.023373 0.025174 0.049791 0.041021 0.022644 -0.005291
-0.057510 0.054294 -0.005128 0.027104 0.065358 0.056352 0.017862 0.073292 -0.106443 0.016340
-0.034287 -0.042264 0.020810 0.014549 0.051678 -0.012544 0.085386 0.014088 0.009355 0.036303
0.015375 0.056567 0.071791 0.027490 -0.079253 0.023030 0.003546 0.139037 0.008218 -0.020382
-0.054980 -0.050777 -0.031779 0.030342 0.007756 0.044860 -0.108909 -0.019861 -0.059971 -0.090192
0.020426 -0.024281 0.075765 0.031353 -0.038731 -0.018764 -0.007968 0.000444 0.024186 -0.016985
0.005743 0.002394 -0.047831 0.056199 -0.054738 0.099291 0.048561 -0.099480 -0.014215 0.049787
0.000630 -0.045591 -0.093351 -0.064167 0.027062 -0.012541 0.017586 0.025577 0.060584 0.031753
-0.048608 -0.030056 -0.013295 -0.042291 0.014769 -0.028854 -0.081470 -0.024611 0.022300 -0.000377
0.017621 -0.008663 0.046463 0.065770 0.002570 0.026284 -0.071239 0.094247 0.006889 -0.006247
-0.021122 -0.023786 -0.022289 0.021947 0.015723 -0.053087 0.042715 -0.013861 -0.024833 -0.029143
0.021839 0.073795 -0.105606 -0.084904 -0.202268 0.024941 -0.114768 -0.027069 -0.030297 0.030423
-0.042921 -0.013210 0.039134 -0.009973 0.166056 -0.062650 0.006325 -0.062253 0.059872 -0.049846
-0.086418 -0.117292 -0.129844 0.045662 -0.046888 0.063660 0.118735 -0.079349 0.040288 0.032389
-0.076608 0.033182 0.026329 -0.048439 0.033146 -0.063227 -0.071198 -0.134461 0.059728 -0.005203
-0.111233 -0.078051 -0.024544 -0.002998 0.068024 0.101783 0.142612 0.080792 -0.030622 0.123496
0.103514 -0.022867 -0.080359 0.039314 -0.025698 0.081225 -0.019891 -0.024508 0.070368 -0.076319
0.019837 -0.017754 -0.058373 -0.000714 0.035766 -0.045540 0.092624 0.029602 0.038232 0.199983
0.022725 -0.070107 0.012090 0.077712 -0.152453 0.018151 0.078603 0.188338 0.117518 0.047916
-0.025236 0.103081 0.047649 -0.075038 -0.103556 -0.036895 0.005559 0.002807 0.011548 -0.050352
0.038470 0.059977 -0.087693 0.045540 0.099813 0.061195 0.049907 -0.017660 0.011489 0.029290
-0.031875 0.065770 -0.010323 0.105814 -0.011125 -0.015626 0.004393 0.025592 -0.062799 0.010145
0.044292 0.027107 -0.047203 0.044619 0.040371 0.056442 -0.077831 0.035945 0.043579 0.025102
0.043995 -0.023988 -0.005893 0.011578 0.028993 -0.002724 0.014642 0.008636 -0.115578 -0.101221
-0.007094 0.022805 0.020718 -0.090596 0.023051 -0.012704 0.077225 0.028739 0.053332 -0.068880
0.050896 0.041230 -0.047838 -0.149059 0.017712 -0.027210 -0.019941 -0.039286 -0.029361 -0.042214
0.000844 0.050326 0.000184 0.164711 -0.006764 0.012886 0.007107 0.094017 -0.002669 0.000757
-0.000214 0.014680 -0.019397 0.096194 -0.014344 0.010249 0.030527 0.046827 0.040582 0.002839
0.059758 -0.005610 0.030579 -0.006411 0.067014 0.004383 0.018879 0.109877 0.010774 -0.154657
-0.061054 0.032160 -0.039545 -0.049911 -0.019760 0.005115 0.040841 0.058774 0.031045 0.036125
-0.158418 -0.073844 -0.052764 0.024140 0.002706 -0.007266 -0.518000 0.073132 -0.117179 -0.024936
-0.121118 0.024915 0.070198 -0.105193 -0.075102 -0.051884 0.067935 -0.003866 -0.079251 -0.075814
0.108713 -0.133775 0.014867 -0.146264 -0.189598 0.147354 -0.036985 -0.135451 0.217258 0.028310
0.120364 -0.095218 -0.061691 -0.010153 0.075186 0.006271 -0.039248 -0.071707 0.137211 0.349692
-0.041805 0.032962 -0.079293 0.012059 -0.004500 -0.105276 -0.036042 0.212229 -0.150874 0.019813
-0.385567 0.070575 0.187419 -0.091279 0.058799 0.018147 -0.152802 0.038494 -0.247433 0.158585
0.059092 0.126902 -0.085286 -0.075060 0.044468 -0.091593 0.028889 0.088844 -0.119405 -0.041077
-0.236245 0.097412 -0.094846 -0.040390 -0.153220 -0.098878 -0.066621 -0.098145 -0.118672 0.006048
0.033425 -0.028706 0.094571 0.010412 0.040894 -0.042497 -0.037503 -0.050722 0.019805 -0.242293
-0.147630 0.071020 -0.030012 -0.082292 0.005570 -0.030401 -0.041856 -0.085728 0.032555 -0.010756
0.031043 -0.219750 0.112074 0.056770 -0.165408 0.015544 -0.005163 -0.019794 -0.214068 -0.007234
-0.092830 0.065293 -0.041123 -0.136817 -0.012188 0.063368 0.199589 0.088386 0.022268 0.023826
-0.036999 0.021535 -0.015728 -0.071387 0.055121 -0.103277 0.078993 -0.147355 
