-0.043416 0.407559 -0.640030 -1.357146 0.753687 -0.886809 -0.500547 0.011503 0.024658 0.909065
-0.300427 0.821924 -0.082975 0.530266 -0.002796 -0.226138 -0.307429 0.426353 -0.395993 1.346105
-1.312144 -1.082342 -0.558267 -0.086866 -0.132957 -2.365293 -0.218017 0.136025 -0.880732 1.350147
-0.871503 -1.367438 -0.119787 0.003135 -0.419049 -1.008797 -0.402241 -1.006011 -1.060597 0.797622
0.054664 0.047123 0.646294 -0.275837 0.612802 -0.156729 0.131729 -0.166165 -0.325642 0.367843
1.042729 0.156120 -0.087608 -0.767180 -0.160556 0.954488 0.353519 -1.629141 -0.665446 0.611803
-0.193478 -0.356094 0.316941 -0.234623 1.303027 -1.623935 0.098218 -0.186579 -1.173642 1.386606
0.335991 -2.092999 -0.664213 -1.613471 0.958481 0.161669 -0.131462 0.437984 -0.720812 -1.537363
1.566243 0.115888 -1.812697 -0.368897 -0.102767 -1.329926 -1.432791 -1.092090 0.467441 -1.197265
0.178239 0.740102 -0.153085 -0.391310 -1.124056 -0.468696 -0.063627 0.828701 0.803672 -2.056774
-0.961635 0.695381 0.496646 -0.766968 -0.873783 -1.206605 0.836210 -1.539686 0.534309 -1.690147
0.368888 0.183823 -0.271985 -0.024766 -0.276705 1.006296 -0.596736 -0.429918 -1.055731 0.858743
-0.586366 -2.213972 -0.163088 -0.944301 0.632736 -0.531963 0.440857 -0.637419 
