-7 -1 -14 7 -12 -21 2 -48 -12 -5 -18 1 -10 -2 -6 -19 -15 -11 -22 -2
-6 -2 -9 8 -1 -12 11 -8 -4 1 -3 -2 -3 2 -4 5 -1 -14 -2 3
0 11 6 7 -3 4 34 25 10 5 15 -2 -19 3 5 -17 -11 -2 -6 -12
-6 20 4 -3 -6 -6 1 3 6 -6 -4 -2 1 0 11 3 0 0 0 3
10 -16 -96 -7 -5 -27 -12 -4 -19 -10 5 13 0 7 5 2 10 8 -7 19
60 3 -8 2 -31 -12 -18 -17 -14 4 27 1 -28 -1 13 12 6 5 2 5
-7 0 3 5 1 10 11 6 0 8 -2 -3 -2 -3 -8 -18 -13 5 -2 -6
-7 -4 3 4 -9 -23 -3 -6 -13 0 -14 -5 2 -1 21 12 25 -26 -11 9
-3 -8 7 1 -27 4 -5 -14 -3 3 4 -5 -4 8 -3 9 -2 -7 -9 -1
-1 0 -8 -14 -10 13 -12 -5 -4 12 4 7 3 -5 0 3 5 2 3 4
-8 -11 0 -3 -10 -11 -13 -5 -41 14 -9 -9 -11 -5 3 -15 -13 -15 -9 10
-1 -6 3 -3 -2 8 105 14 8 26 10 -3 -8 2 -17 -14 0 -10 -14 -7
-4 -6 -3 13 14 5 4 8 5 -2 1 3 -8 -3 0 -3 4 -1 4 5
-13 -8 -5 17 0 5 3 4 -2 -12 -5 8 9 -3 -3 1 11 5 6 -6
-5 -11 -11 -7 -5 -7 -2 -2 -6 -11 -8 3 9 -7 -5 0 -9 4 -3 -7
0 -4 8 3 2 19 -14 5 22 -22 -2 29 -17 -5 11 6 3 2 -3 -2
-6 4 3 -4 8 2 -11 6 -4 -5 9 4 10 1 -13 -3 4 5 6 2
-4 6 -4 -1 0 -17 -12 -11 -6 -2 0 -10 -4 -2 -7 -2 -4 -4 -4 -4
3 9 9 3 5 10 -4 -7 1 0 -2 4 -3 12 22 9 20 26 0 -3
-11 4 7 -4 3 1 -14 3 11 35 0 17 69 -2 -2 19 3 10 23 -1
-5 3 14 -10 -18 4 -5 -1 6 1 5 3 0 -4 2 -6 -9 12 15 3
-6 -4 2 -1 0 6 -1 -14 2 7 5 3 -2 3 2 -3 -11 -3 -2 -1
-4 17 -13 -4 25 -19 2 10 -16 5 3 4 -16 11 12 7 -2 -5 -14 -5
-5 -8 -13 -3 7 -4 3 13 -3 -9 -14 -4 -14 -5 -5 -1 6 0 2 -1
7 1 5 4 5 10 -7 -2 -3 -19 -21 -3 -5 -12 -1 -12 -29 -25 -14 -59
-33 -7 -19 -7 2 -7 0 5 1 -5 -1 3 -5 -6 -9 2 -10 -17 21 4
-2 3 -7 -9 -14 1 -2 12 -1 8 3 10 7 -2 4 -3 -8 10 7 -4
-7 -13 -21 -4 1 -2 -1 4 9 -4 -2 8 -6 1 37 6 11 36 6 -3
-4 1 0 -5 -4 1 -7 -10 0 -6 -8 3 3 -1 4 -2 -5 5 -1 12
-8 -37 1 -43 -31 -10 3 -2 2 12 -12 -2 1 -13 -16 -3 1 38 2 -18
16 1 9 -12 -5 -2 2 -5 -2 2 -26 -3 0 4 0 88 -41 -20 43 -40
-27 9 8 1 7 -2 3 7 0 -17 1 -12 13 -2 0 9 -28 1 8 0
3 14 15 12 -5 10 -2 2 -34 -10 -2 -68 -11 -18 -60 -58 -20 -11 1 -2
1 0 7 20 3 2 15 -10 -9 -43 -20 21 -8 19 11 -3 6 4 -1 -4
0 -20 -6 5 -21 -10 -5 -14 -11 -2 -9 -18 -8 -3 1 5 1 11 15 -13
4 1 24 -5 -27 41 -2 -17 16 12 1 -44 -4 3 -56 -13 2 -21 -11 -8
-22 -9 -7 -67 -40 0 17 -47 -22 -13 15 8 -18 5 -2 -16 -8 -6 -11 -13
-1 -17 -5 -9 7 6 6 -5 -1 -6 -123 53 77 92 -17 -48 11 -14 0 -7
-24 -11 -7 10 -1 -34 -4 -11 -25 17 28 52 -16 -17 -17 -42 -7 9 -33 -5
-1 -31 -5 -21 18 -4 -19 0 -6 17 -3 -4 -10 -16 -6 21 -7 -4 18 -4
1 10 15 2 11 2 -9 7 -10 7 -5 4 13 -13 -2 8 17 9 2 7
10 13 101 29 -13 48 25 13 -9 10 10 -5 18 -10 -2 2 -20 -23 -10 9
-5 39 55 8 10 -21 -23 1 2 -15 3 -1 -13 16 9 -8 -2 15 -2 -6
18 3 -6 6 2 -16 -1 8 -9 -13 23 -21 1 18 -16 -18 -1 7 1 -10
3 -2 5 21 10 18 -19 5 34 -41 36 -5 6 0 0 -7 7 -6 -8 2
4 -6 -1 -8 -2 8 14 20 -3 1 -3 -2 -1 12 -10 -2 -8 6 -9 15
4 -17 -2 8 4 -6 -13 -6 7 -4 -7 -8 0 -1 -9 7 -7 -24 -7 -10
-5 -10 -9 -14 7 0 24 -3 18 22 6 91 -36 -26 18 8 -9 7 12 7
-6 -8 7 -26 2 0 -20 -19 1 0 -31 -22 33 -27 2 37 14 -1 1 -2
3 -7 -3 10 1 -10 -1 1 -12 4 -11 -11 -6 -20 -25 -17 -12 -23 -11 -3
-9 7 -14 5 -5 11 10 1 3 -15 0 -26 5 -8 3 6 4 5 -33 -1
-9 -63 5 63 44 10 -4 4 12 0 -4 0 0 0 -14 -10 -9 -10 -64 -6
30 -38 46 -19 -13 0 -2 2 10 -3 -13 -18 -16 10 -5 -1 -9 -3 9 -7
18 -5 -1 -2 -3 -5 1 -11 16 -2 -6 28 -48 -6 41 -21 -2 -26 91 17
-3 -7 -1 4 -9 -10 17 -1 3 -16 -37 -8 -29 -17 -12 -110 -37 17 21 -1
-13 2 2 28 3 -8 2 -3 2 -2 -9 11 0 2 -11 13 7 9 4 12
1 -16 -4 -9 -19 13 8 -7 1 20 22 6 -5 -25 -3 -3 -1 -10 -1 -14
-7 0 -4 -12 -4 0 -9 7 -1 6 -16 -16 5 7 9 6 10 10 0 7
3 1 -3 6 0 2 17 -1 1 -5 -12 -8 -5 -6 14 1 5 7 4 -6
-5 0 -8 3 2 -4 12 0 3 1 1 -4 -5 3 -4 -12 6 -1 11 8
2 6 10 4 -8 -1 -10 -10 -7 -9 -3 -1 -6 -1 -1 4 1 -4 4 -15
-14 8 5 -10 0 -7 -8 -6 13 18 -8 -4 2 0 -7 -3 -1 -6 -6 -3
13 1 7 18 7 -9 -10 4 -4 -5 6 7 -5 3 4 -6 0 1 1 4
-8 -5 3 -4 -2 -9 3 0 -3 1 -9 5 6 -11 -1 -1 2 -7 6 6
-6 4 -5 -4 1 -1 1 -6 -1 0 0 6 2 -2 0 -3 0 8 3 5
6 8 3 13 3 -3 5 8 -6 14 4 -1 22 14 7 -2 -7 4 -8 -18
3 0 -16 3 6 -11 -4 -4 6 8 6 -1 0 -2 0 1 3 11 3 9
6 0 -7 -3 5 18 8 -6 -7 -1 1 -7 -3 -7 10 5 1 19 2 -3
-12 4 6 1 3 5 6 4 4 -1 2 7 4 1 1 1 -2 -3 8 3
-2 5 5 1 -4 9 -1 -7 0 0 2 8 3 -1 -7 5 8 -4 -6 -7
-9 2 3 6 -3 0 3 -2 -4 2 0 -3 1 5 -1 -6 0 -2 -1 -3
1 -2 8 -3 6 2 -3 1 2 -5 -4 -1 -7 6 -3 -14 11 2 -2 -5
-8 -9 -2 -11 -3 -5 4 13 11 11 8 11 7 -3 7 8 4 9 2 -10
-5 13 -12 -13 26 1 -9 3 -9 -1 24 35 3 27 92 7 -2 3 -6 -10
-11 -18 11 14 -16 -7 -5 6 -10 -12 3 -2 9 5 -2 14 2 5 2 2
3 -19 2 -7 -20 -1 14 -3 -5 33 60 10 3 10 7 -8 -3 0 -11 -12
4 2 -3 5 5 -1 -6 1 6 -7 -4 5 17 2 0 2 -8 6 -3 -3
-10 -10 -6 -8 -5 -3 -1 -4 1 -2 -1 -1 1 -6 -3 -8 -9 3 -2 4
-1 -6 8 1 12 3 -5 -3 -7 -2 0 -7 -3 25 8 2 -4 -6 0 -18
-6 9 -60 -27 1 0 -10 -18 -36 -19 24 -24 -42 -4 2 -1 -2 1 10 2
3 4 -13 0 2 -25 -11 -7 -28 -3 11 5 2 -4 -1 -5 -12 16 -1 -2
5 11 -6 11 8 1 16 6 -1 4 8 -2 -9 -8 -5 24 10 -2 -8 0
-3 -17 -13 6 8 -51 -10 -1 4 1 8 -12 1 -7 -4 5 2 0 2 9
4 4 8 5 -13 0 1 2 -2 -1 3 -9 -1 6 2 -3 3 4 -4 -4
13 6 14 3 -3 -2 -2 -4 -5 8 -10 3 3 2 0 5 4 9 -5 14
27 1 -3 6 -4 -5 -7 0 7 2 -8 -7 3 -16 -15 0 -17 -69 -17 -7
-3 6 -11 -26 26 3 -2 -16 25 11 -7 -30 -8 3 -74 -8 -2 12 9 -8
-1 -9 -1 -18 -3 -6 25 7 -19 40 37 -35 33 7 -46 -7 1 1 -9 -3
3 -9 -4 1 -15 -3 4 -1 -13 -16 -38 -28 -7 11 -9 0 4 13 10 0
16 12 -6 -6 -2 -10 -8 -2 13 -11 10 -8 -21 7 -20 -11 9 -3 3 9
-14 -9 -2 13 1 -1 12 14 7 20 5 14 -43 -11 15 -44 23 -4 -18 -1
-2 -13 -4 1 -13 16 3 9 -35 0 -15 2 12 23 5 -3 39 -3 0 -12
-2 6 -13 -21 12 6 -28 8 34 -11 10 -20 9 0 -14 -31 0 25 21 14
14 41 -11 -22 -19 -11 -10 -22 -11 4 -15 -3 -11 -12 -10 40 -8 -3 9 -18
-4 59 -27 25 66 -28 15 -95 18 1 19 -17 1 -3 -29 -2 24 -12 -11 19
14 2 78 -44 1 55 -57 20 23 -15 -20 6 -16 0 -27 -2 -3 -17 -11 -2
-4 -13 9 3 -17 9 2 14 -16 8 24 -15 -18 3 -7 58 20 7 108 -26
-2 -72 7 -16 -2 6 -6 8 6 -1 -22 -1 0 8 -55 10 -11 -40 5 0
-34 -8 6 12 -5 -5 -25 7 -24 -21 10 -2 -6 10 -2 2 -2 -12 -4 -4
7 3 0 -11 -11 10 -7 6 0 -2 2 -9 7 -52 -10 -31 -39 13 -7 -4
-13 -12 -14 -17 -20 -6 -7 -4 -10 -1 26 -24 9 -14 5 19 0 6 3 -2
0 -5 -3 4 1 -2 -3 0 2 1 -2 -6 1 6 1 -2 -2 2 12 12
5 12 6 -3 -5 -1 6 -7 -2 2 -12 3 -7 0 1 0 3 3 8 54
20 -5 -8 -2 -3 -5 5 -2 -5 5 0 -2 4 -1 5 1 0 0 -5 -2
6 3 14 9 -2 7 -2 -1 -5 -2 0 12 1 4 1 14 13 2 2 0
3 5 -1 -2 4 -6 -5 -10 -2 3 7 13 -2 6 -5 -3 -2 -1 -1 5
6 0 3 1 1 -6 -1 2 -1 0 -4 -5 0 -2 1 -2 2 4 2 4
5 4 4 -4 -7 7 1 -7 10 7 3 2 -4 -1 0 -2 -4 4 -1 -6
-1 -10 0 7 7 3 1 -10 0 -1 0 1 3 0 9 3 0 2 12 1
-8 5 -4 -17 6 -4 -10 5 -10 -3 11 11 1 -6 -30 -21 1 -1 -7 11
1 2 -1 2 1 1 0 4 0 0 -6 -11 -43 -15 7 -4 -5 8 -1 5
6 10 -1 -2 -10 2 -1 3 -3 0 5 2 -2 -3 0 -7 1 3 6 -4
-7 -2 -2 6 0 2 6 1 -2 4 7 2 6 -6 -7 3 -12 -10 -7 6
6 4 -10 -14 4 3 12 -4 4 -5 -1 1 -1 -1 1 3 3 3 -2 -7
-2 9 8 -1 -14 -13 0 8 -2 1 9 1 -5 12 -3 -2 -1 1 3 6
-5 -3 1 -2 -3 -24 0 -15 -28 -14 -8 1 -3 2 4 -16 -11 6 66 -17
11 83 -25 -22 49 17 12 -80 -12 -11 6 3 5 0 0 -9 7 -8 -2 20
-3 2 -4 -4 0 -10 -8 14 12 -4 5 -19 -17 -37 9 -38 -36 85 -27 -15
17 -1 11 11 -11 -13 -21 -9 3 8 2 4 1 11 3 -6 -6 6 -7 0
3 -5 -2 3 -10 -2 3 4 4 -10 -15 11 0 -5 3 -5 -17 -10 -6 0
-5 5 -1 -2 1 8 5 10 57 19 12 2 -4 6 -3 1 -21 -21 16 -9
-71 -7 -25 -9 -22 -28 26 18 33 -1 -11 -2 -2 -21 -18 6 -19 -3 6 5
3 12 0 -10 11 -5 -11 -8 2 3 -14 -9 10 -14 3 21 3 15 0 13
-11 -3 37 4 -8 -12 0 -2 2 1 1 2 22 6 -6 7 5 4 0 -8
2 0 -11 5 2 -4 9 -18 -4 16 3 25 2 -5 -2 -16 8 7 3 -3
1 13 -2 -2 6 -10 -17 -32 -13 4 -20 -13 -1 -6 -24 -29 9 -26 -57 -31
9 23 7 -26 -69 -113 -21 -12 -61 -4 3 -2 -4 -6 -16 -6 -15 -6 -3 4
-3 -11 17 102 -5 -10 -4 1 2 2 5 -1 -10 -4 0 4 0 0 -7 8
-1 -13 14 -2 14 -1 4 10 0 0 -19 6 -1 -4 7 0 7 3 8 4
-3 5 -13 2 11 -4 0 -7 -14 -9 9 8 -6 -2 -7 -5 -3 2 -1 5
0 -1 2 -10 -4 10 9 0 -6 -2 -14 -25 -9 -9 -7 -3 -5 -5 2 1
6 -3 -6 11 -6 -4 7 -3 3 -3 -3 1 -3 0 -1 2 -4 -12 -24 -12
8 29 6 2 5 2 5 7 6 11 -2 0 1 2 1 3 4 -11 -7 -5
-11 -2 1 -2 0 -3 2 -4 -7 -1 -2 -2 1 -1 0 -2 -2 4 -5 2
7 -1 -12 -29 -14 2 8 5 2 16 3 5 6 3 4 3 -2 4 6 -3
2 8 6 -1 -4 12 3 -3 6 5 32 10 14 14 7 -7 -6 1 -3 -3
-8 -3 6 -1 0 3 -6 -1 1 2 -5 -9 0 -2 -4 2 -3 -7 -4 -6
-13 2 -1 -9 3 9 4 3 8 2 -4 4 5 7 0 7 1 -3 7 5
-3 2 0 -6 -3 1 -11 -6 -1 -4 -7 -2 3 5 -2 2 -5 -9 0 -3
-3 5 -2 -2 -5 -13 -9 6 -2 7 6 15 1 8 -1 2 3 -8 -2 2
-7 -1 3 -3 -2 -3 5 6 0 -2 -9 8 12 -6 6 3 1 3 -1 -2
-1 0 -2 -5 -1 -1 0 -5 8 -11 -1 -4 2 -1 -3 -2 4 1 0 3
2 4 4 3 1 -5 -11 1 -2 -6 -2 1 -7 -1 0 3 -1 1 1 -5
-3 1 -5 -4 5 -8 -14 5 -4 -1 4 -5 3 1 -6 -2 14 -2 -3 -1
-8 -7 -7 -25 -18 -5 -35 2 2 5 -9 -1 -7 -2 4 -6 11 3 -3 6
6 1 -3 -8 -6 32 9 7 9 2 -10 21 15 -22 96 34 9 2 3 3
5 -3 4 22 0 -4 -2 -11 -5 -5 -10 0 -2 -2 -28 17 6 -21 4 8
10 1 3 9 -19 7 -27 -28 11 -34 -17 11 3 -1 -4 2 8 1 -2 -6
-2 5 18 5 2 -4 -1 -3 -3 1 1 -1 15 -1 6 -1 -3 3 -13 11
-2 -7 11 12 9 6 11 6 7 0 -8 3 3 3 -11 -9 -8 5 -10 -6
1 4 16 4 3 11 -3 -12 -6 15 4 10 -2 25 5 -14 0 -3 -9 -34
-6 9 -66 -17 -8 -12 -6 6 -48 -17 13 10 -19 0 0 -13 1 -7 5 0
-3 8 17 -8 -8 21 1 -6 -13 -1 8 2 -15 -7 17 4 -17 8 0 13
-1 -7 0 6 -3 1 9 30 4 3 3 2 -4 -6 -1 9 21 -3 -9 -1
2 14 1 -2 24 64 -40 13 2 1 7 5 7 2 22 10 10 22 14 -2
8 4 0 2 -16 10 -6 -1 2 2 4 5 4 -3 0 -1 10 -5 16 13
-16 4 17 -6 -8 -5 -6 -17 -5 10 -8 -3 2 10 3 9 4 14 -6 -35
17 2 8 7 -1 -3 -8 -4 -2 8 -9 -28 4 -7 -58 -3 15 -82 -22 -19
-9 8 -37 18 -15 -15 78 -4 -9 -6 -1 0 6 9 1 10 6 1 -2 0
0 -1 0 -2 2 4 2 2 -10 -5 -6 -9 0 1 -5 2 -6 -6 -3 -14
-5 2 -12 2 -1 -6 -1 0 -1 -1 1 -14 -1 0 -6 -7 -1 -1 -7 2
2 -1 7 5 2 6 -1 -2 0 -4 0 -6 1 -1 -9 11 10 -5 -8 -1
3 -3 -4 1 10 14 -1 -8 -7 -5 -7 1 1 6 1 1 8 2 0 -1
-4 -8 -14 -9 3 5 5 3 -1 2 2 9 10 0 -1 4 -4 2 4 -7
-3 2 1 -4 2 0 10 4 1 7 4 -2 -4 0 4 -2 -1 -5 4 8
-1 1 0 6 1 -1 1 -6 2 -1 -3 -4 -1 -2 0 -1 -11 0 -5 4
0 -1 3 1 -3 15 2 -4 4 1 -3 -6 2 -5 -6 9 0 -4 4 9
10 1 -3 -12 1 8 12 8 -3 -4 -8 -4 4 -15 -2 -8 4 -1 -1 2
5 6 6 -2 1 6 1 6 1 14 -4 -6 12 5 2 3 -8 2 -3 -7
3 2 -2 6 3 -6 -3 2 -7 -6 1 -3 -3 -1 7 0 3 5 1 -2
1 2 -1 -5 -3 -1 -8 -1 2 -4 0 0 -1 0 0 -5 -9 -2 0 1
6 -3 -3 -3 -4 1 -4 -4 -1 -3 -1 -2 -2 -6 -7 -4 7 6 -4 19
4 2 14 4 1 6 3 6 7 -1 17 27 -6 8 12 -3 -10 -3 -12 -5
-31 -26 -55 -44 -10 10 17 10 3 5 -6 9 8 -6 -8 -4 -4 3 -14 -6
-3 -12 -1 1 -1 -8 4 -3 -7 10 -4 -10 14 -3 6 -10 -15 -21 -68 -6
14 -1 -4 -1 12 -6 -8 11 5 -3 5 -4 6 -29 1 11 -26 17 5 1
-12 -11 42 0 2 12 7 2 -22 4 9 -104 -41 -5 18 -14 -19 -14 -8 -6
4 12 24 1 -6 -4 8 -13 -8 2 0 3 7 18 9 11 10 -4 28 21
-4 -7 9 -3 -17 3 2 -11 2 4 -7 5 11 1 0 3 21 9 2 -1
7 -2 11 12 4 6 21 -10 -21 0 -2 -32 -2 4 -46 -13 4 2 -1 -1
-26 -19 -5 -22 -83 -25 12 -38 -17 -9 27 3 -10 3 1 -6 -11 -6 -3 0
14 -12 8 2 -12 -6 5 -4 6 10 55 11 -13 49 -23 -6 -11 -18 -10 -3
-22 -9 9 19 3 -25 13 3 80 -15 1 12 -58 -38 5 -37 7 0 -49 0
-13 -5 -5 -20 4 3 -29 1 -2 11 -17 -15 -3 -15 -11 7 6 12 -15 0
11 -3 1 1 -7 4 5 -4 -6 -6 -3 -6 15 -4 0 -1 13 13 9 24
16 -4 97 35 -10 -43 -28 16 -6 -5 4 -9 8 -12 2 -16 -2 -11 8 8
-31 5 18 1 12 3 -6 2 0 -5 3 -8 -13 -6 -7 -9 -4 4 8 9
7 14 14 4 4 7 5 0 11 -4 -8 11 -21 -5 -9 -2 -6 3 2 -2
4 -2 -5 -7 -22 2 -4 -10 15 16 -1 -2 -2 5 -5 1 7 0 2 8
4 -12 -2 0 19 -1 7 64 9 5 4 9 -1 4 1 -5 -3 -1 2 -9
-9 6 -15 1 -12 -23 6 12 3 -3 0 -10 -13 8 9 -3 -9 -7 3 3
-12 12 15 9 2 6 -1 -1 5 1 -7 7 14 1 7 32 13 9 13 3
-30 -67 -30 1 3 15 -3 7 1 1 11 6 -7 -19 -3 0 -11 1 4 -13
0 -3 -6 0 -5 2 6 -5 -2 2 7 14 4 -13 15 -3 -14 4 -4 -3
-15 -8 6 -35 -1 1 -1 0 -28 -27 -4 -17 -38 -3 -4 -2 -2 3 -3 -3
-7 12 4 -12 9 12 -7 -3 -5 -12 8 -4 -8 10 -8 -10 -18 -8 -11 -75
-37 -13 4 10 -10 -2 -9 -3 0 -1 -13 -16 11 12 33 24 -1 -24 -11 27
43 17 -3 -5 -13 5 4 7 13 19 -2 -4 -8 -1 -3 -5 13 -8 7 -1
2 2 7 3 -2 -3 -7 -4 -9 6 -1 -5 12 2 -6 3 -3 -3 -3 0
-4 3 3 -6 4 9 -11 -7 -2 4 1 4 15 -6 -3 -5 4 0 8 -8
1 4 -9 11 11 -4 -8 -1 -10 -16 3 -5 -1 16 -4 0 1 -6 -15 -1
1 -7 -6 14 -3 6 4 3 -1 12 21 -6 4 2 5 0 2 9 -5 5
29 3 2 -5 -3 -3 6 1 -6 -6 1 -2 -9 1 7 -3 -8 -13 -7 0
6 -1 -5 2 -2 -8 -5 0 -3 -7 -5 8 1 -6 -6 4 17 8 6 -8
2 -3 -3 -9 -22 -10 -13 -22 -13 -15 -13 -11 -3 4 -5 -10 -10 6 -20 -2
15 1 -6 -1 -1 -3 -4 2 -1 -4 4 9 20 5 3 3 10 1 -6 0
-7 17 14 21 -8 2 1 1 -2 16 5 -5 2 -3 -1 1 -10 5 -6 3
1 3 13 2 -1 0 13 6 -2 2 -1 6 -5 -9 -7 4 8 -4 -2 8
-6 -1 4 0 -8 0 7 7 1 2 12 12 0 6 7 1 -10 7 7 -3
-7 6 0 -11 -1 -1 4 4 -4 -3 -7 0 -8 -14 3 3 5 3 3 21
1 -1 17 7 3 -1 -3 -20 -19 -3 -33 -22 -13 -17 -4 -19 -22 -3 -4 -12
-11 4 6 -1 4 -7 -12 10 -33 -14 5 2 -1 0 -6 1 1 2 -4 4
4 2 -2 -9 -9 4 -11 -4 24 7 -1 3 -10 -20 -8 9 4 -2 6 -9
1 2 -11 -3 -6 -12 -5 -7 -11 18 12 1 -1 7 9 2 1 2 2 -1
6 -5 0 -5 2 2 -3 -4 -4 -3 -17 -23 -9 2 -4 -9 6 -5 -19 11
-12 -8 3 -5 7 -6 -6 7 -6 -5 0 1 4 1 1 6 3 4 1 6
6 -2 -8 -17 -20 -18 1 5 -3 8 5 -7 -71 -60 -39 -10 18 -16 54 -18
-39 -84 57 64 0 -20 -3 1 -3 1 -8 -12 -10 -5 9 -6 11 8 -1 2
0 -1 4 11 -7 1 -1 -14 -22 -28 -36 26 -38 -49 3 -5 -5 -8 2 1
-6 -3 -1 10 -4 0 31 25 6 -19 16 23 4 -6 2 6 8 -7 1 7
-15 -1 -9 0 -3 -14 -12 -7 1 3 7 6 2 3 2 3 -14 -4 0 -12
3 -13 15 27 13 -9 -4 3 -14 -2 3 26 27 11 4 6 9 -18 -21 0
11 7 -17 -11 44 25 -1 6 2 -25 -7 -12 -9 15 8 -6 -7 -5 -7 -10
-4 5 -19 -16 -10 -3 -7 6 -13 -1 7 -15 -9 -2 3 7 -22 14 -1 -7
13 -2 -1 4 -6 -6 9 -8 6 3 16 0 -2 3 2 -9 -2 -5 7 1
5 -25 -7 2 -3 -2 -24 4 -2 0 4 -4 4 -1 -3 17 3 -5 3 -10
-8 2 -14 -1 7 -28 -10 -13 -8 -2 19 5 7 -22 -9 3 -34 6 1 28
6 -2 23 27 8 5 4 0 -2 -5 1 -7 -3 2 19 -10 -15 -76 -69 -9
-14 6 11 6 5 -6 1 0 -3 3 -1 -11 -3 5 -1 5 7 -8 -10 5
-4 20 -2 -1 3 -1 2 1 5 -9 9 0 0 -1 14 -5 -1 -6 3 10
-4 4 21 10 -12 -1 -3 -6 -5 5 11 -15 1 22 -3 3 -14 -5 -8 -8
0 -1 -5 9 -2 -1 -15 2 5 -12 -2 3 -5 4 3 -1 2 2 -6 -2
3 2 11 5 -9 -12 15 -10 -29 48 -8 -24 2 5 5 1 -8 -12 6 1
-7 4 3 -14 -22 -15 -9 -14 -3 -4 -2 3 6 -2 -5 4 13 -7 -6 5
5 4 -2 -6 37 87 -5 5 45 -2 7 6 2 6 -2 0 -8 -1 -8 5
6 9 -4 -36 26 21 -25 -5 -1 13 8 15 19 11 4 -13 3 -4 6 8
-11 -11 2 4 -10 -1 0 4 -1 0 5 5 10 11 -10 -5 3 -10 -17 -10
-8 -31 -20 15 15 2 -4 19 2 -12 3 6 -2 -14 6 -6 13 0 -6 -10
6 -4 -10 0 -1 -8 24 0 -22 -7 0 3 -5 8 -1 -6 2 -7 0 -9
-1 -25 35 9 -44 -25 -48 70 -6 14 -11 5 6 -28 3 7 -7 -9 10 -19
-4 -5 40 -9 -22 63 10 -1 -19 -2 0 -14 -13 8 6 -8 -37 6 -17 -29
-2 -3 -2 -4 8 -2 -3 -2 -6 -3 -9 -8 -5 -3 -16 -5 -2 -10 -17 3
6 -9 -10 -13 -16 9 6 13 3 -3 -8 6 -7 -16 -32 -17 -82 0 -41 -61
9 7 -15 1 -8 -2 7 -12 -4 3 2 -11 12 1 -36 -11 8 72 -1 -3
1 6 -9 -5 1 -1 6 -3 9 1 -3 10 5 -19 -21 1 29 -21 -45 -16
-69 -48 -63 -54 14 -1 3 9 11 -10 -6 2 -4 11 21 35 2 28 13 -20
18 -9 -11 -14 -11 8 -19 -17 -7 4 -9 11 -20 -11 -4 29 12 -17 -6 -37
-17 2 1 4 -1 -4 3 -10 -6 10 -32 -27 21 -35 -1 15 28 31 -3 9
-15 -21 -17 -11 3 6 16 7 5 -20 -9 20 1 -8 10 18 -3 10 22 17
2 -5 2 -16 -20 7 -3 -7 -13 -25 -37 -3 -19 1 20 4 13 -16 -6 -23
-13 0 -13 -15 -14 17 15 -14 6 3 -2 15 1 11 -1 1 10 -10 15 4
11 8 21 -2 -12 7 -25 4 -17 -1 41 -7 10 8 23 3 -1 -5 -19 -11
1 -6 -19 5 -22 -1 -11 -9 1 -7 27 6 -12 -4 10 10 -26 -20 12 2
-35 14 -19 -26 -9 -6 20 24 -1 9 32 3 -7 20 -18 6 12 -21 -3 -26
-10 13 17 31 -7 -11 -5 2 19 -3 -10 15 -5 -12 17 8 6 4 -21 -8
-7 -21 -10 2 31 4 -5 -1 -22 8 -25 7 8 -3 14 7 11 14 -39 -7
7 1 5 13 8 -7 10 1 -1 5 -14 -17 -15 -17 -26 -19 -18 -15 26 18
0 6 -13 -4 16 5 1 -12 -5 3 -5 0 -26 -14 -8 -25 9 -14 -6 34
13 23 -12 -2 -30 -39 2 1 -8 3 9 -10 15 -4 -11 -9 -24 11 2 -6
14 3 5 -4 15 -1 -12 6 13 -24 2 7 -19 -1 -15 -22 -1 9 14 1
-3 9 -22 -11 4 -11 -5 14 -18 -14 4 -2 0 -2 -9 -5 -11 -5 -6 -11
-5 -1 -8 -9 2 16 0 2 5 11 -5 -7 -3 -5 0 -10 -7 4 5 -9
-3 0 -10 -10 0 -3 11 -6 7 -12 -9 15 1 1 -3 4 4 9 3 -5
-3 0 -8 -10 -7 -2 2 -3 2 22 0 -2 12 -8 -5 -1 1 -3 3 5
-1 8 -4 0 3 -10 1 3 18 8 -9 3 3 8 10 -5 -17 17 10 -12
-8 7 18 10 -9 2 17 3 -4 -1 2 -2 -20 11 10 -11 13 2 -24 -4
2 5 -12 -15 2 -5 -8 -4 4 1 -3 -13 -19 -10 -13 -14 -11 19 -2 36
12 12 64 10 -6 20 20 0 -40 61 23 -66 27 -1 -35 2 -7 0 -3 -24
11 5 -18 4 -10 -3 -10 -16 -26 -6 -5 -12 -1 6 9 6 -4 -4 0 3
10 3 -25 -9 -5 -36 -30 -16 -23 -25 -12 -27 -33 19 -17 -31 48 -16 -37 1
15 -8 -6 10 3 1 7 2 -1 -10 -6 2 -15 1 0 -12 -9 1 0 -5
-2 0 7 2 7 7 -3 3 0 10 0 6 9 3 4 3 -3 3 -7 5
14 -6 11 17 12 1 -10 -6 0 3 15 8 1 2 -3 -4 -3 2 -8 -13
5 7 -9 -16 -2 -4 -25 -15 -15 -17 -8 -5 -15 -11 13 -22 -11 5 -36 -2
11 -9 -5 -17 23 -10 -40 10 0 0 3 -40 -24 -47 13 21 -5 -23 1 -4
-4 4 4 -10 2 7 1 -5 -9 18 6 -6 11 -4 14 17 7 -1 -16 -10
21 -36 -43 -1 1 -6 11 -25 -4 -46 -31 12 -17 5 -18 -1 16 3 -44 -20
20 2 12 10 -13 -9 -6 -5 -4 -6 -8 -1 -3 -5 -18 1 -13 -22 3 -18
-4 1 -11 -21 -13 -6 5 10 8 1 -10 25 14 0 -14 -3 11 -4 -11 14
-4 -2 -11 -6 10 0 1 -29 -15 -5 -4 5 -8 -58 -16 -36 27 33 -12 16
1 9 22 -8 -8 1 3 3 -5 2 -6 -17 16 -6 16 2 3 4 15 -2
11 7 -7 31 8 18 5 -5 -12 12 12 0 12 -11 -15 -16 4 1 -11 -3
-10 -5 -7 1 4 -1 -9 -27 15 -21 -10 2 9 -8 -3 -26 13 48 33 66
18 18 4 2 -1 -5 1 -6 -2 4 12 -20 10 -7 -32 15 2 61 -16 -2
14 -12 5 1 15 -3 -12 -3 0 4 5 16 16 23 -39 -16 8 2 -6 5
-8 -21 -2 -5 -12 0 -15 -25 -35 8 -9 -17 17 13 28 -6 -7 1 -14 -2
-4 -2 0 0 -11 -3 -2 -8 8 -10 -2 1 -4 -2 -3 3 -2 -11 -1 0
15 12 5 -2 -3 6 17 -11 6 -2 14 0 -5 -1 -5 -14 3 13 29 -7
6 -8 -3 15 -2 -13 7 -1 0 -25 -29 -16 -49 -14 -54 -13 7 -7 13 5
14 3 4 -11 20 -4 -12 6 14 18 -15 2 17 -4 8 2 -24 -8 8 -15
-3 -1 -5 2 -13 42 -37 -2 91 -46 -36 8 14 9 -12 0 8 -3 -2 10
12 12 12 41 2 -11 -26 0 19 -24 5 30 -7 -10 2 0 -2 0 12 4
-6 5 -1 6 20 -4 3 20 11 -6 2 -18 -1 23 2 -12 6 1 -7 19
-17 -23 -7 4 4 -1 3 -1 12 -2 -44 -3 43 -5 1 -10 -3 9 -16 -16
22 -6 1 -16 -7 4 -44 -34 7 -14 -24 -21 -5 7 -3 9 7 -13 5 0
0 8 -11 -8 -12 4 -5 -13 4 -10 -6 -7 -14 -9 -13 6 -4 19 2 9
7 -7 -3 -16 -19 9 27 13 -17 10 30 -18 1 -10 -4 -3 -3 10 16 -6
9 -30 -2 -47 -80 -11 -29 -17 -11 -1 -12 -7 7 7 -4 -3 12 11 22 -7
3 6 -31 -5 0 -30 -5 3 -17 -6 10 12 -8 3 15 -4 5 -8 3 113
36 -13 9 3 -9 1 1 9 -6 6 1 -11 -1 -4 -89 -45 8 -55 -9 3
3 1 1 3 11 1 -1 12 -4 -9 -10 11 5 -15 6 -21 -21 -27 -14 -6
-19 -2 4 -3 -9 -10 -9 -9 -7 10 -5 -13 -7 -21 -19 -15 -6 1 -10 6
-7 9 10 -24 20 5 3 22 2 1 12 -2 0 12 -1 -10 -2 -1 -2 -2
-5 -15 -10 -8 -7 -9 12 -3 -12 34 7 -1 0 -8 -6 -28 -40 -15 -21 -4
-5 2 0 6 -2 -3 -8 4 -7 5 7 7 12 9 5 -5 12 10 8 -1
-8 -9 45 -14 2 -12 -13 -4 -17 9 6 34 26 5 76 14 -9 -11 -19 -8
3 8 7 3 6 -8 11 3 -7 -9 -3 -7 -2 0 1 -1 -4 -1 6 12
-2 0 12 15 4 8 7 -15 -10 -4 -7 4 -2 3 -6 -12 -6 -2 0 -9
-3 -9 17 17 -1 2 4 0 -1 0 -3 2 -4 5 -13 9 -10 6 15 10
-15 -30 -2 15 3 1 7 11 -5 6 4 -2 -10 1 1 -4 -6 -7 11 6
-7 -5 -11 -9 8 -5 -3 -4 -1 -5 -26 13 10 -15 12 7 -14 -2 1 -1
0 -8 21 -1 8 -2 -7 1 16 -21 -34 7 -62 -24 -20 -27 -23 -11 -6 2
8 2 3 8 -5 0 -15 -27 -15 -28 -28 1 -9 1 5 0 -7 -4 0 -8
-11 3 8 -11 4 -2 -4 10 -7 -13 12 3 4 -2 0 -10 1 -1 -5 4
12 0 -2 -2 -3 -14 -2 -10 -5 6 -1 17 10 4 18 6 4 3 1 -3
1 -18 -9 -3 -9 -3 -4 -7 -10 7 -3 -4 4 -1 -10 0 4 0 47 69
12 18 7 8 7 -10 -1 2 -10 5 -10 -14 21 -8 17 28 -7 -1 -1 17
6 5 17 9 10 8 10 15 -6 -2 -4 6 -2 -7 3 0 -7 16 3 -3
11 0 -6 13 4 -2 -14 -15 -5 4 -6 -2 0 -6 0 -8 -13 -14 4 -1
1 -7 3 1 4 4 -4 -1 0 -2 -5 13 3 -22 -2 0 -16 10 15 -9
5 7 -3 7 13 2 3 12 1 0 -6 -10 -4 -5 2 -5 6 -2 -2 3
9 -2 2 8 -3 0 -18 -12 -8 4 1 5 -1 -7 -4 7 1 8 9 3
2 1 0 -12 5 -1 -1 -7 -9 -8 10 -3 -11 3 7 -2 -7 9 11 -3
6 6 0 -1 0 28 12 4 17 -6 6 -6 -2 -3 -19 -20 -16 -3 -4 -8
9 -6 -3 -17 -18 -15 -11 -13 -15 5 6 -7 17 11 -6 2 6 -3 21 -9
-4 61 -3 20 37 -9 14 1 3 -5 2 0 -4 8 8 0 -4 -4 -16 -23
-24 -19 -5 -5 -2 -7 0 3 1 -1 6 22 11 11 -14 -10 -5 -63 -22 -4
-42 -13 -7 3 5 -5 2 -1 -12 6 3 -10 -5 -1 -2 -3 -11 -10 0 11
1 -1 2 0 0 -1 -4 -7 -7 -1 -12 0 7 -12 -1 -4 -2 -1 -1 5
8 -1 6 2 -5 -1 -9 -4 1 -2 -3 16 3 2 22 4 12 1 -7 -7
13 -2 -5 1 -2 9 -2 -1 2 -5 -10 0 16 1 5 -19 14 1 -63 -11
11 -32 0 2 -22 -13 -6 -6 -4 5 4 -2 -8 8 -4 0 -4 -3 1 -10
-6 -4 2 14 -3 -1 -23 9 -6 -23 -12 18 9 -2 8 -21 -8 -3 -41 0
17 -3 -6 -5 -3 7 0 7 18 -5 10 6 -7 12 4 1 4 -4 -42 39
-4 -36 12 -14 -5 -3 -10 -17 -52 3 -10 -84 6 -17 -32 -8 -10 -4 1 4
8 3 0 16 7 5 -5 -3 2 -5 1 -4 -9 -10 1 -11 0 -2 6 -6
-3 7 -8 14 0 2 -1 5 18 -5 3 2 9 -5 10 -2 -10 3 -13 0
-7 -6 -8 9 6 9 10 13 -4 4 -12 1 -4 0 -43 3 6 -52 -3 -16
7 -1 -23 28 9 -11 24 3 2 -11 6 -15 9 12 -8 10 13 -6 4 12
-4 6 13 4 -6 -2 -6 11 1 -15 5 -11 -13 0 -9 -10 7 2 -5 -1
2 -5 -6 3 12 -3 13 10 21 1 0 -15 -8 0 -16 -13 -13 7 16 5
5 13 -12 35 -10 -21 37 -10 -7 32 1 1 8 0 11 1 14 2 -3 -5
0 15 -1 9 -8 0 1 -28 -5 0 4 -1 3 3 -3 0 3 -4 7 4
-6 5 -3 11 0 -5 4 -7 -7 -3 -1 6 0 10 7 6 -12 27 7 -3
2 12 2 -26 6 -7 9 6 -16 -1 4 -9 1 12 -23 1 17 2 -17 32
8 26 19 -14 4 -10 -9 -38 13 -9 -37 13 -22 -6 -5 -8 2 9 10 20
-12 17 10 33 4 -14 -13 6 -7 -9 0 14 -5 -15 3 1 -3 2 -11 -7
8 -9 -14 8 0 -7 -4 -11 -7 8 -17 -3 3 10 24 -9 -33 -2 11 12
-1 -4 -3 -1 13 -1 26 7 9 10 -19 3 8 -2 9 -24 -18 2 -23 -14
9 -16 -19 3 12 3 10 1 -11 -10 8 -2 1 -3 3 2 -14 5 -13 -1
1 -14 -3 28 -7 -3 -3 -17 17 47 -4 0 -4 15 8 2 -5 3 -8 -7
-2 -45 -14 0 -22 -18 8 -3 2 -4 -17 18 -15 -1 -4 -4 -6 2 -4 16
19 13 11 -5 45 20 -9 -12 -36 -22 -3 -27 11 -12 -31 5 -20 -19 -2 -31
-29 -2 -50 -33 17 -3 -21 -18 -14 -15 -10 -8 2 15 -4 2 33 1 9 23
-11 0 1 4 11 18 -31 -31 9 -45 -50 -3 -3 -3 -7 -6 -13 -6 -8 -3
6 4 26 12 -14 -1 6 -43 -57 24 5 2 -22 8 0 -1 8 -2 -1 5
-25 -6 6 -2 -3 -19 10 -9 13 12 2 11 -7 -10 15 2 -9 8 1 14
13 2 -10 14 9 -4 -5 -11 -11 -8 5 -1 -17 -9 -10 -7 -5 -7 -7 6
9 21 -7 -1 -1 6 30 8 8 16 8 8 -10 -5 -1 8 -10 -2 7 -16
-12 28 -23 0 -9 -16 2 0 -17 -4 14 4 1 7 8 9 11 -11 -10 0
2 2 -9 7 -5 -19 -1 -22 -29 -3 0 -3 3 -5 -1 1 -6 1 -10 -4
3 -12 -16 -11 -10 -13 -12 -2 3 -1 2 7 -1 2 10 2 6 15 2 -4
-45 -18 -2 -22 -8 -5 15 -2 -1 10 6 -7 -6 -10 -1 -1 0 -10 -3 0
1 -3 0 8 4 -10 5 6 -4 -5 -3 0 3 0 1 31 -1 8 15 -3
-21 0 -4 0 2 -4 8 0 0 1 -4 -9 0 6 10 13 -2 -3 -9 -11
-4 3 -6 9 9 -1 -7 -3 0 1 6 -1 -4 1 5 0 1 -2 8 4
-1 13 12 4 6 5 -6 0 9 -13 -8 15 -23 -29 5 7 -2 6 4 8
2 0 6 -1 9 4 6 13 39 -9 0 -6 -4 -11 3 6 -5 10 4 9
-2 -13 2 -4 1 9 2 -6 7 4 -2 2 -10 2 -5 37 24 -10 -15 -6
10 15 2 -5 3 -6 -6 -3 6 -5 -7 -18 6 34 12 -22 -50 -16 -1 9
-1 -2 -9 -7 -18 -12 -7 -11 0 -2 -14 -4 4 1 -15 -19 -5 0 0 -5
-4 3 -9 -8 12 -6 -1 3 -5 5 10 -6 -9 -1 -3 -4 2 8 -3 -7
-7 -4 -2 11 5 -2 -15 -23 7 -6 0 24 -7 -1 3 -3 -10 -3 8 -6
1 5 -8 -6 -6 21 34 4 -1 -1 -4 3 -7 -1 2 -1 0 -7 -6 6
4 -11 3 19 -3 -3 -6 5 -1 -3 7 -10 -19 -11 15 9 4 -9 -6 -17
13 -12 -57 10 21 11 -23 -41 -18 10 24 16 -13 -8 -11 -1 0 4 7 -2
-9 -3 3 5 1 1 11 2 5 4 2 4 6 -6 -9 -17 -38 -45 -32 -21
-13 -20 -16 7 -1 -23 -8 -1 5 -8 -4 -20 -5 10 29 17 -10 19 5 -11
-7 -4 4 3 1 4 -6 -4 1 0 -9 9 -2 0 17 7 10 9 3 -6
-2 4 -4 -2 -10 -21 -9 -6 -17 -26 7 21 20 -8 0 14 -7 -9 -4 0
13 -1 -24 -14 14 -12 -14 -5 -40 -81 -43 21 15 14 4 6 9 -12 -30 -19
-1 9 13 6 -6 -9 -2 8 14 12 -7 -2 -7 -13 -4 4 -15 -6 7 -3
-18 1 -6 -10 -3 16 16 -7 -2 -11 5 7 3 -11 -1 -20 -1 6 6 6
-7 10 -6 -8 -4 -4 4 6 -16 -4 -5 10 3 -4 -7 -26 -23 2 3 1
8 18 4 13 19 15 -1 6 -1 -2 4 10 3 -1 -5 0 6 -3 -11 0
4 -6 -6 2 -12 -1 -5 -62 -13 46 4 26 7 3 -1 0 5 -11 1 -4
-1 -4 15 11 -20 17 -18 -27 -8 -1 16 -3 -2 -2 5 7 11 4 -9 0
7 -4 -6 12 -8 -13 7 -1 -6 -3 2 10 -4 -1 6 2 11 4 -4 -2
-1 -10 -7 -3 0 -1 0 -5 14 5 16 0 7 7 2 3 2 -14 5 5
-14 -18 -1 -24 -13 -17 7 14 -2 -6 -7 -3 0 7 -5 -6 -19 3 -7 -11
11 7 -12 -3 7 11 1 1 4 -5 3 -3 -17 -7 0 -4 7 4 -3 24
-10 8 18 0 6 33 -17 -9 16 -12 -4 -11 6 5 -3 -1 -2 5 5 5
5 2 3 5 8 7 0 8 5 3 -6 -2 -6 1 0 3 5 1 15 8
11 -20 -11 5 -40 -22 1 2 9 -6 10 9 -5 4 3 8 -49 -33 19 -28
-40 1 -19 -18 20 32 -28 -18 6 -10 -11 -6 -7 -2 11 -11 2 27 4 3
-3 15 -11 -14 -21 14 3 -26 14 11 -17 2 12 -7 3 -9 5 -6 -10 2
-6 -8 -5 -8 -15 -4 -8 -12 4 2 42 -17 -15 53 -24 -2 29 -2 -2 -7
-24 5 -11 -26 2 -5 -16 -7 -25 -3 5 1 -2 -4 8 -2 0 -2 -2 -15
-27 3 -1 4 4 6 11 -1 -1 4 2 13 13 9 2 15 -2 5 4 -5
5 -3 5 -20 50 3 -20 12 -1 -1 7 16 -4 -9 -4 14 10 -11 -11 -13
-27 15 11 -28 16 -5 -5 9 14 0 -3 5 3 -1 -18 -7 -10 -15 2 -2
-3 -7 8 6 -3 4 15 -10 1 4 9 -3 0 -4 1 2 -13 3 3 -3
6 -7 -13 -4 -4 -18 -1 -3 -1 0 0 7 8 12 18 9 5 11 10 5
11 7 5 6 -16 6 5 -9 -5 -9 2 10 -4 9 -15 -12 10 -12 -25 -5
10 2 11 35 10 -2 -4 -5 3 10 7 1 -4 -2 2 1 0 -3 4 4
4 2 0 -7 -6 -7 -2 1 0 -16 -23 5 -22 -57 -27 6 23 0 -14 -7
-4 2 -1 -3 3 -2 -1 -5 -2 2 16 -2 -2 6 -8 -4 0 -2 0 0
1 -3 -3 -4 4 -11 1 5 -2 -1 3 1 6 1 -19 -30 -9 -10 -9 -5
-2 -7 -2 -4 -6 -12 1 2 1 -10 0 4 -4 -25 -29 -3 21 -1 -5 -6
0 -3 -23 -12 12 21 -5 2 3 -5 2 2 -8 -8 -7 -9 -3 3 -7 11
6 -3 0 3 6 -5 -5 -1 15 8 5 3 0 -4 0 -7 -5 -6 -11 -4
-1 12 6 5 7 5 1 6 0 -8 7 -5 -2 0 -1 6 6 8 1 3
-8 4 2 -7 5 -3 -5 10 7 -9 6 -9 -1 -5 0 0 -8 0 2 -2
1 6 4 11 4 -4 2 -4 -5 3 -9 3 -14 -9 -1 29 -5 10 20 4
-20 -15 10 -16 -12 8 12 11 0 5 1 17 -2 -7 1 -5 -1 1 19 1
-1 0 -2 20 -6 -3 1 1 1 2 3 0 5 0 -2 0 -1 -13 -15 4
-7 -15 -2 -5 -22 -8 -1 3 -5 1 -2 -2 -2 0 9 -1 -2 0 -10 -6
-5 -8 -7 5 -3 0 1 12 -7 1 4 -8 -15 -9 -16 -10 4 -14 -4 4
9 -19 38 58 -4 11 15 -2 -3 5 10 -12 3 -2 -2 5 2 -5 -10 3
-3 3 -6 -4 -1 1 1 3 4 -16 4 -2 -1 -1 -7 4 -8 25 117 27
2 34 18 -6 -9 -9 40 9 -3 6 -11 -5 10 -2 0 -10 4 -5 1 4
2 -6 -10 -1 2 3 -1 -4 -11 -6 -1 -6 -9 3 7 -10 -2 3 -2 2
-6 -4 -13 6 -6 6 14 9 5 16 9 11 -2 -4 9 7 -5 7 2 3
-22 -12 12 4 -6 -4 9 6 10 -2 -9 3 -17 -27 -16 2 4 10 -15 -12
-7 -18 2 -1 -4 7 -3 3 -4 -2 3 -21 6 -6 -8 -5 -2 -16 1 -7
-13 1 -4 -17 -1 2 11 5 6 -3 -3 -6 -4 1 -7 1 -4 -4 11 -6
-2 2 -10 9 0 0 4 -13 -6 -1 -10 -10 -9 11 -3 1 -9 -3 -10 -27
2 0 26 18 -3 -3 -10 -4 -6 1 16 18 -8 3 -4 5 11 -1 2 -10
19 -6 -5 -4 -3 -10 -5 -5 1 14 -24 10 -5 -7 -1 -11 -11 2 -8 0
14 -6 -12 3 -6 -6 2 -10 -1 0 -14 -7 -1 -3 4 -5 1 0 -3 2
0 -7 -3 2 0 10 15 -1 5 26 0 11 17 3 3 -3 6 -1 3 -9
-14 0 -10 8 11 -11 -5 0 0 -1 -1 7 10 -2 4 4 -1 -1 0 3
-24 -7 -11 -18 -27 -1 20 23 5 -4 11 -5 -4 10 0 -5 4 14 -17 -3
-3 22 8 -5 45 -21 29 -3 18 5 -2 -4 17 -8 5 -3 13 2 0 2
4 4 -4 20 8 -10 -24 -5 -9 -19 1 -3 -17 -1 2 3 7 -20 5 4
-7 19 -9 -17 -2 7 -18 -6 11 -15 -13 -17 -5 -7 -4 -1 -10 -1 2 4
2 0 2 5 32 26 -3 81 70 7 19 -11 -7 17 3 -8 -12 3 2 -17
-53 6 -13 -40 -10 46 20 13 31 7 -13 27 26 3 5 10 0 -9 -13 -6
5 -8 -3 16 -15 9 0 -26 8 -1 -11 -12 0 -6 -12 -7 -5 -5 -17 13
-6 3 7 16 -10 -18 -1 -24 14 8 3 -7 8 54 -57 -14 51 -32 -17 -68
93 -4 -2 -11 4 6 -14 14 -3 -16 -5 -16 -10 1 -13 -28 -17 -28 11 1
-10 -2 11 19 3 6 0 -3 -8 7 13 6 -6 -9 -2 9 35 6 5 0
-5 -11 2 -10 -2 -22 7 23 -21 -8 32 18 6 -62 75 3 5 10 5 9
-4 2 5 -6 0 4 -56 -9 -2 -64 -4 -63 -127 -7 7 20 -3 -11 10 -1
-6 14 22 1 -10 -2 5 -8 -7 -6 -23 -31 -1 9 14 0 -1 -1 -8 3
0 -8 5 -3 -12 3 -2 -5 0 6 -3 -13 6 6 1 -5 -4 8 22 7
10 -7 4 9 -1 -5 9 -18 13 11 41 0 18 -4 9 -36 -49 -5 -1 22
2 -27 -3 -1 -10 -10 3 41 -45 21 45 2 17 8 -12 2 -6 -2 4 -3
1 -4 -2 -5 -26 -15 -18 -9 11 -5 8 6 -11 0 -3 -8 3 11 5 2
5 -3 8 12 6 3 1 -5 -15 -17 -14 -4 0 7 28 2 -7 -7 -3 12
4 -10 -5 -4 -16 -11 -11 3 33 2 9 34 1 42 -7 -2 -17 -16 -3 -9
17 -3 -16 23 -2 -18 8 -6 -29 -65 30 79 -77 3 2 -21 9 45 -33 -24
12 16 -6 -31 2 6 -7 0 6 19 -3 21 -2 -13 -18 -26 -16 -5 -14 -13
9 0 27 17 12 1 0 -8 25 3 16 12 -12 -2 20 6 3 13 18 5
10 0 -12 -17 28 37 31 8 10 0 -11 -23 4 6 -34 -52 -4 -32 -14 -12
-2 -2 7 0 41 10 9 8 14 -8 24 -7 2 5 -19 -8 10 -11 -3 -19
-3 8 4 6 9 -1 0 2 -20 1 -15 1 10 -2 7 -8 4 -26 -21 -100
21 10 -5 -17 1 -1 23 -10 -8 9 20 17 4 1 -24 -45 -16 -36 -44 22
6 17 6 7 15 -17 -23 -32 -12 -17 -11 -8 -16 -10 -2 -10 9 -2 -5 17
3 0 6 -13 -14 -12 3 -2 -6 4 5 20 6 -5 -25 1 23 -34 2 -5
-1 -1 -5 1 -12 -3 -2 17 1 6 11 17 6 0 -10 4
