18 -2 -2 -35 14 15 51 -38 29 -23 60 44 20 17 21 45 3 28 18 13
25 0 -27 -2 -36 -17 34 5 22 18 9 29 16 51 -4 -6 9 44 -18 29
-10 43 36 -58 2 8 33 0 14 -4 20 2 -14 -26 -73 25 6 -7 11 -29
-14 17 -2 15 0 6 -68 -61 7 -15 6 -9 11 26 12 -25 24 33 6 23
-20 -38 -1 -40 33 5 44 -28 7 34 -6 27 14 2 11 29 -3 12 -10 -8
37 -32 10 17 7 14 -19 -8 -26 -13 -31 13 -3 -23 36 -15 52 -44 -29 -13
-3 5 -4 3 -8 31 4 22 -27 19 1 15 16 -32 -13 35 -7 -11 -57 -9
-13 -4 14 -4 15 12 32 -76 3 -14 15 -2 31 -6 4 46 5 -21 -18 -1
-2 4 11 14 48 34 28 -4 -29 19 3 14 48 -17 -46 23 -11 2 -3 65
20 -96 -7 30 -5 -6 10 -27 18 -27 -19 -14 17 1 5 -22 -45 -68 -10 -3
-17 -6 -11 0 -6 -10 11 -19 34 -4 3 2 17 -2 -4 9 -17 12 22 -1
4 -111 -7 7 -52 7 51 -5 20 -3 2 -26 -3 -5 -3 -4 -27 -12 -10 21
37 5 -1 -10 11 4 3 -33 25 -10 -17 -4 16 5 6 5 -1 -15 -63 43
-7 -12 -7 22 2 -13 -38 7 7 -3 25 39 18 54 -10 73 -12 2 -7 -19
12 -17 7 32 -7 6 -8 -11 6 8 5 7 11 57 -4 -13 -6 1 21 0
1 10 -38 22 -5 9 -7 -101 13 24 -9 26 6 11 -2 -9 -26 -22 32 -7
-1 -12 3 2 -53 30 -15 13 3 -2 18 24 7 5 8 14 -8 -6 -2 1
-10 -13 -5 -11 -4 -2 -24 -3 6 71 -15 9 -25 20 -84 -4 -10 6 21 13
-10 8 7 5 13 -29 -1 3 7 14 -6 14 -7 2 5 24 9 0 4 3
4 1 -6 5 13 17 -9 -1 -32 7 -22 5 -7 8 -5 -10 -1 -19 6 3
0 11 -8 -12 -9 6 24 4 10 -8 1 -10 -5 -6 2 11 -9 -73 -2 8
5 0 1 7 28 -19 -15 -2 48 -15 -5 -4 -9 100 -12 14 -44 12 6 -7
6 -11 -17 12 -13 16 -14 10 13 -17 5 21 -4 2 0 11 -9 -1 6 8
9 -1 10 -1 -2 37 3 -13 -1 -9 -13 4 -11 -1 -21 -64 -4 -8 -17 -1
-18 9 14 -4 15 -35 -22 -14 -13 4 -2 -5 -4 1 -9 -2 -11 27 7 37
1 75 2 21 -5 13 -2 -5 -17 -2 -2 0 -42 -7 -11 -17 -8 30 8 -27
36 -11 -14 -13 4 -47 -27 16 -7 17 -8 -13 -5 9 53 22 20 -5 -6 -6
18 -51 -35 -28 -35 -36 -29 1 0 7 50 -21 13 2 -16 -9 -11 -43 10 13
-46 -59 2 15 -5 -22 4 -107 3 -8 -19 -13 -65 -33 46 -9 -87 -5 -11 -7
-45 73 16 -48 45 13 -30 -16 -21 -8 2 -29 34 8 52 26 -5 -16 28 -6
9 5 -98 8 6 15 58 13 -59 15 63 15 12 36 -3 -11 27 -14 44 15
84 -22 5 -25 -61 19 8 14 30 0 -45 -109 20 28 21 0 11 15 22 -16
48 -18 -1 3 -10 -7 1 16 -8 -2 -37 -32 -25 -17 -52 15 55 -3 -6 19
15 2 6 -10 10 0 6 -9 12 11 9 -7 -3 4 -7 -13 7 -14 4 -14
-4 10 26 -14 11 5 1 13 -69 23 -6 9 -4 1 -10 5 23 -1 -9 -12
7 -16 -28 8 20 -3 -10 -1 53 -25 -7 7 0 1 16 -3 13 -2 9 -19
-22 -12 10 -4 12 9 3 15 -5 -5 -16 10 5 44 7 2 79 -26 -2 -10
-9 -3 6 23 23 -3 34 -9 3 -4 -5 -11 -15 -9 -5 17 5 13 11 -90
-23 3 8 -8 12 5 20 -16 -32 5 -3 -18 -16 -49 7 -23 17 -1 -5 33
-6 -23 27 -25 -20 2 -6 -18 0 1 -20 -21 -30 0 7 11 11 -7 8 2
26 -14 13 -47 -17 -19 -19 13 0 10 14 -4 -36 -20 4 8 -16 -13 -14 -33
13 -7 13 29 -8 18 -30 -16 24 -9 -2 4 -20 8 -33 28 -14 -30 -6 -30
7 4 0 11 23 -21 -15 -32 5 -4 13 -1 14 -9 10 0 -30 19 1 -23
0 -16 1 10 -14 -39 7 14 8 3 -22 5 3 -12 -19 10 22 -4 -4 2
-7 -55 7 6 4 -30 -8 -24 1 3 40 -21 4 4 17 32 25 -5 -24 11
4 -16 7 -29 -15 -14 -24 -80 13 -4 -9 27 -53 13 13 9 -32 -27 -9 -12
26 1 62 -12 18 -2 26 -3 -8 1 6 3 3 3 6 10 -12 -11 37 3
6 -14 -7 -7 -81 21 -3 -4 3 8 15 35 -36 20 2 -3 3 0 54 -12
3 -10 2 -10 7 -10 1 39 -12 -3 -17 3 7 0 0 35 16 0 -1 -1
-15 3 -2 -6 -4 11 3 -1 5 -2 -10 -7 6 -48 13 0 10 -10 9 8
-10 5 6 -5 25 6 -39 -1 -5 -55 -4 18 15 36 11 -3 8 2 60 -15
-10 -20 -3 32 13 3 6 11 16 -1 9 3 4 -2 14 -9 -18 2 -11 23
56 37 -6 21 4 7 -5 -15 -35 -5 -2 -3 -5 14 -8 13 30 22 -6 4
-7 25 -32 -8 4 9 -45 -8 -4 19 -1 -5 39 13 7 -10 -14 3 -1 -8
13 5 -4 15 -7 1 9 10 -8 -3 -7 7 -7 27 2 -2 0 -15 10 2
-4 -69 -2 -22 11 -27 17 -2 -8 -3 -3 21 11 38 6 10 7 13 -12 -16
-4 -24 8 -6 -45 -29 10 3 -1 9 3 -14 -25 -4 -27 7 -4 58 -32 6
-18 30 0 -7 5 17 -83 -6 -6 55 -26 76 -96 -29 -127 108 23 45 -70 -52
-31 -48 81 -41 -23 -7 -34 28 73 -20 -23 -16 -22 -25 -59 -22 64 -24 -14 -47
-87 26 42 114 33 -76 -21 -29 -126 -108 -19 -40 -20 10 -80 35 -69 -68 -24 -6
-53 -54 39 95 60 -49 -16 -70 -39 1 -8 -88 -121 25 125 28 -9 -1 -13 -29
53 -59 -19 49 -16 -23 1 6 -46 1 2 31 29 6 -40 1 3 -26 -4 -36
24 -15 -22 -3 -3 18 -45 -7 53 24 42 -14 17 -4 9 -12 -10 3 12 23
-26 9 -21 -14 -15 0 -19 14 -29 -9 -24 -15 -12 -18 -6 2 -20 -17 -2 4
6 35 -45 58 5 44 -31 21 6 -11 39 -18 -29 3 -6 -42 38 43 7 -42
-18 -15 -56 -58 52 19 -25 44 -8 -7 63 -12 2 -31 -9 -49 -30 -62 -23 -24
-44 5 -3 -37 -22 -11 -20 32 -15 -33 -32 29 -34 -43 -11 -34 -20 70 -8 20
78 4 84 30 -67 7 -15 10 -6 3 -5 -24 4 -9 -18 30 4 5 63 3
-63 6 5 -4 5 11 -21 1 16 3 6 -5 -14 4 -22 1 -12 -26 -14 14
-10 3 -20 -1 14 7 -45 4 -16 14 21 10 72 -9 -17 4 3 -13 6 24
-6 -1 -4 6 0 16 -3 -3 -14 10 -22 -1 -9 -8 16 -22 3 14 -2 1
6 -1 -4 -26 31 -25 -12 55 -12 2 15 -7 21 -19 3 -23 6 3 7 4
-18 -30 1 2 -12 10 5 -1 -1 -22 -3 18 -6 -1 13 -3 1 -11 10 -44
1 110 10 3 -10 -3 11 -24 5 -19 -5 -24 9 49 48 0 -3 32 11 -33
-14 26 -33 6 20 -28 -1 -1 -36 -22 5 7 -3 -7 7 -17 -45 -8 22 13
30 -23 12 57 7 22 -16 16 34 -9 20 -21 19 20 -12 3 -23 -23 -21 -2
0 -56 9 26 -62 3 -27 -63 -8 -24 -21 22 46 20 33 -21 -4 11 6 -27
0 -24 4 -4 7 -2 -30 -21 51 7 -11 -34 6 10 13 -21 -5 12 -3 8
-7 -25 -28 -13 27 -8 7 3 -2 -57 4 15 10 -12 -17 5 9 1 9 2
-33 -7 19 8 6 -33 3 15 -27 -5 -15 8 13 -6 -32 -13 -8 -15 -12 -35
-2 49 19 65 26 -31 1 -31 19 1 -50 -7 -24 -18 -8 -4 3 -19 -8 10
-3 -4 -32 -1 -26 -38 5 5 0 15 -15 12 7 22 -16 -2 -29 35 14 -22
-5 44 2 -8 -43 0 -9 12 14 -57 -6 -9 28 12 -10 38 7 -29 84 6
15 -63 -25 -58 21 5 4 -10 -43 43 5 -10 -1 11 -27 6 -16 -4 -27 7
11 13 0 -21 6 0 10 4 12 4 -26 -8 -13 -14 -16 -23 -53 21 17 0
8 -1 -1 5 -4 -2 -31 0 2 -5 -12 -24 10 -27 20 -38 4 1 15 17
0 -3 -18 13 3 17 -9 3 2 -11 30 -26 7 5 2 -28 8 -11 -7 -17
14 39 5 8 -14 -11 12 -53 6 28 -11 -4 13 1 -7 -11 5 -18 23 -24
-11 -16 3 10 4 10 17 -9 -11 -34 9 -6 82 1 12 -3 18 -60 -1 -3
-41 -63 -1 -14 5 3 41 4 -2 34 -21 -17 8 -2 55 7 3 4 -1 9
-9 3 -20 -2 -19 -14 9 17 -8 10 -2 -107 -4 2 12 0 2 11 6 -22
-20 5 3 -6 11 19 -6 -26 3 -62 10 -6 1 29 1 4 9 -4 -14 3
15 1 2 40 11 -63 1 10 0 2 -13 7 -1 -13 -8 5 -43 0 13 -3
-14 -34 -26 -12 5 17 -24 72 13 18 -93 -6 35 22 18 10 0 -30 -1 16
-42 8 6 -11 10 24 -28 -4 -5 16 10 19 22 27 2 -17 -29 4 -52 40
5 -10 -29 -10 -67 4 12 8 22 12 13 5 10 -14 28 8 -45 10 -10 -1
30 20 -20 30 -22 -23 -14 25 7 9 19 105 -24 -11 3 37 -44 10 -14 8
-22 -21 -12 -33 27 -9 3 -2 19 15 -7 14 -7 -34 11 -11 -26 25 -2 -15
5 -22 -5 7 -24 -2 -17 -9 -97 -25 2 28 7 2 -12 18 -44 -1 -7 8
1 8 -25 2 24 -1 -15 -10 -95 36 21 -74 1 32 -18 49 -73 58 33 9
-50 -6 9 -20 2 -27 -13 -12 35 14 111 -3 20 0 -39 8 -21 35 6 12
-24 -35 -19 -28 -28 -5 30 27 -6 5 -14 37 -25 54 -2 43 -8 -3 7 19
-49 -7 -29 -7 -42 -8 55 -31
