14 1 10 9 -1 7 -2 0 0 8 9 -14 -3 -6 -12 -12 0 14 17 -18
-1 3 6 3 5 8 6 -18 -3 1 9 -10 4 8 0 3 2 -20 -10 -7
5 5 -8 12 9 0 -7 -5 5 2 14 2 -5 10 -14 -9 -4 -3 3 -4
6 14 -7 14 53 -1 -7 6 -5 -13 9 11 -1 20 -34 -33 5 4 -33 -20
12 -2 -1 9 10 -2 23 -13 11 -8 10 2 4 -1 12 -35 -10 -13 -7 -5
5 0 -8 -8 -2 -8 -32 12 9 -33 -7 11 -31 -2 -12 22 -2 -10 -7 2
27 -1 1 13 3 -27 -4 -6 -8 6 -14 3 2 -23 -46 0 -36 -2 9 -17
31 17 -4 0 1 15 -6 10 29 -35 4 -11 -9 -12 -18 -10 37 -2 12 7
-3 -16 -3 5 14 -17 -9 10 3 -9 11 -6 -1 -1 5 6 -36 -21 -7 15
-34 2 -7 24 -19 -14 8 -11 13 -1 19 -28 -30 3 -1 21 -2 -4 -5 6
-8 6 -31 13 -22 -7 24 -34 -7 7 5 4 -17 -3 25 -1 -9 -5 -9 8
3 7 11 -32 9 -9 0 6 14 1 -11 4 -6 -26 -30 5 1 -4 -10 -5
13 1 -1 8 -11 -9 -12 -7 4 -7 18 5 -4 3 -16 13 5 3 9 -5
2 -7 -9 15 -14 6 -3 -12 5 -4 -19 16 19 -5 0 -18 0 0 -10 11
5 -9 9 14 8 11 -9 -1 16 12 12 0 -11 -7 8 3 -8 -1 -27 10
-10 0 -6 -6 1 18 -1 6 -21 -15 12 -11 14 1 -18 2 3 7 -10 4
5 8 10 -8 -9 13 -2 4 -1 -3 -1 -6 2 1 2 2 -7 2 -6 -20
0 -8 -5 4 3 12 -9 5 0 5 2 -14 -19 -7 -1 -12 -18 -9 8 6
1 3 -5 -6 15 0 -9 14 18 -1 -15 10 -17 2 5 15 13 8 15 11
3 -2 -8 2 -10 -2 9 -25 -5 -4 1 -1 -6 7 7 24 6 9 21 20
-20 -1 -6 -19 1 4 -14 4 24 -14 4 -15 6 1 -12 7 5 0 3 -12
-7 -19 13 -5 -2 4 6 9 -12 -8 -6 -4 7 3 14 4 16 9 9 4
-1 2 -1 -4 4 4 12 5 -37 -7 24 22 -12 23 -6 -5 -12 -6 -7 16
-15 17 0 -22 12 31 -6 14 -8 -2 21 8 -12 -8 -3 -26 5 2 9 7
-6 -26 13 2 5 -4 -17 -2 -1 24 -2 0 -4 -3 12 15 -5 -12 -26 14
-28 8 -19 -40 -5 -9 -18 4 6 -30 24 -54 16 -29 22 18 -39 -52 5 26
-32 1 3 -18 -67 -17 2 -15 15 9 -8 -34 1 48 16 21 14 -35 -15 52
-62 -33 33 7 -30 -4 -9 -15 27 -46 16 -62 -22 -6 -32 -6 -47 9 -53 20
-9 -53 13 16 17 -17 -34 12 7 -31 -5 -17 32 -35 23 -41 -4 5 11 8
-7 -42 3 -4 5 -12 -7 2 -13 -2 5 -12 -4 4 -10 -5 6 1 7 -1
-8 2 31 -5 0 -32 -3 3 17 -2 14 -6 13 -4 0 -19 2 16 -3 -15
8 9 3 11 -9 -5 -15 9 -8 -7 -8 6 10 -2 10 7 -4 7 -13 -3
-2 11 -57 5 -48 17 16 -17 -8 18 12 18 -56 -7 19 -44 25 -15 13 -17
15 10 33 -9 10 -10 -2 20 -21 -45 26 -12 -41 9 20 -3 -22 0 7 -11
-15 -45 -30 5 39 -13 -6 -4 31 -2 -20 37 -9 -18 -15 -48 42 8 0 14
4 22 30 12 -10 3 -6 1 -9 12 5 1 10 3 1 0 0 -8 -14 -13
14 -1 -10 11 -5 0 10 -3 -8 -8 -26 -16 -3 10 -5 -11 -21 11 -22 9
29 -4 3 1 6 -2 -13 -8 -8 3 4 0 -11 9 -11 8 -11 6 -2 14
4 -15 -15 6 3 3 -19 -4 -10 -24 -7 19 -19 -12 34 14 3 -9 -29 -3
-40 -49 -11 -13 13 -26 2 -16 -31 15 -11 -45 -38 0 24 8 -71 -9 27 -22
19 16 13 -17 6 -20 8 -19 -29 -18 -19 12 5 9 -9 11 -18 44 -72 2
44 -21 -14 17 75 23 -35 35 5 -1 -30 17 -15 -4 19 33 1 12 39 8
11 3 17 0 22 21 -25 -5 -11 11 21 -21 -67 8 -17 12 9 -32 -5 -4
-58 27 9 4 3 -22 17 -8 -5 -35 -19 3 -19 1 0 8 -25 -7 -1 19
-10 -11 -7 44 -2 5 -16 32 17 21 -10 -19 38 -17 10 -11 -11 -19 12 -4
2 4 10 8 23 -1 -13 1 -7 -5 -2 -25 -7 9 9 -71 -3 -5 22 13
0 4 6 47 -12 1 10 -23 -8 4 -2 -27 11 -46 33 -8 -8 17 7 -1
-29 -7 -53 8 -12 -11 -9 2 7 -56 -6 -2 -17 -7 -20 -2 15 6 11 -20
-27 0 -28 9 11 8 -9 -7 11 -11 5 -5 8 -25 -35 -9 24 -12 -4 -21
7 -4 10 -18 30 16 -5 9 0 16 9 2 5 2 2 -17 15 -21 2 24
-22 -14 13 -13 20 0 3 -3 -63 2 -25 25 0 -24 -14 -23 -6 9 8 19
-6 20 17 25 6 1 -10 8 -3 4 -6 6 -2 2 -13 -8 2 -18 6 -3
-19 6 3 -7 8 -10 5 -8 8 13 6 -4 -8 -4 9 -15 4 25 3 -2
3 -4 -10 -1 3 -5 -5 8 -34 2 2 4 9 1 -23 6 20 -4 -3 -9
2 8 -40 18 12 -7 4 -5 -18 46 3 -16 5 -17 13 -2 -5 16 -8 11
-12 -10 -8 -3 12 -23 18 -6 -1 -1 -4 -3 -30 -30 7 -2 9 -3 9 -14
9 15 -2 18 -22 -11 24 0 0 1 14 8 -8 6 -19 -4 -15 -30 -7 4
12 -3 1 3 -2 13 -24 20 19 -6 9 -46 2 1 -1 -21 6 13 2 -10
3 -9 7 -8 7 5 -1 3 17 -4 -6 7 -7 3 13 0 -13 -20 9 -1
-3 4 0 10 14 -12 -3 0 8 4 17 -6 16 -22 -16 -17 -2 0 -1 -9
10 -17 -9 6 5 -4 5 -16 8 -5 3 -3 -5 2 11 -2 5 -10 -6 -10
-1 7 -10 8 8 7 10 -10 6 6 -7 6 -7 0 12 51 9 -9 -11 9
27 -2 12 -6 14 -2 -4 -5 7 -4 0 6 -10 27 9 -3 -8 3 -10 6
6 -3 10 5 6 3 -6 -29 5 23 -6 -5 6 -3 2 5 -3 3 1 2
-8 -19 47 27 -54 -30 17 24 48 0 6 24 -34 -25 27 1 50 22 18 22
-35 -1 -64 23 -13 -42 -21 -17 -35 -26 10 19 -55 -28 15 11 32 10 -25 -17
-3 1 -33 -3 -17 7 0 -8 28 3 0 1 -30 4 -17 21 42 28 -4 -6
-1 -27 -4 -27 -19 -6 7 -3 -39 49 -10 10 14 26 -20 3 4 -6 4 0
4 -6 -5 12 -10 1 23 4 9 -1 -72 -1 1 -33 9 -27 -45 -3 41 -1
-2 2 -6 21 4 -6 8 27 -5 -41 -7 10 0 13 -11 4 5 8 -1 27
3 3 -10 13 5 -19 -16 -8 -15 -26 -4 -26 -23 -17 8 2 14 17 3 -24
-11 -27 -2 13 21 -4 18 -17 -7 7 -10 -4 34 -6 -29 5 -13 -35 -39 1
-35 -27 3 -7 11 -25 13 -20 -66 -15 -24 19 -7 -14 4 14 -4 2 -21 28
17 -15 16 -2 -9 -15 -18 -6 -13 0 33 -16 -1 -3 1 11 29 -7 1 15
6 4 -10 4 8 5 1 -13 -4 6 -10 9 0 -7 3 -15 -9 6 -6 3
-5 27 2 -8 30 -10 -15 -1 8 -3 -3 11 12 -5 6 -10 9 3 8 -30
6 13 -18 2 7 7 -5 -5 -4 8 -4 8 10 -24 -18 -16 2 5 3 6
-9 -2 1 10 -7 -18 9 13 -1 -36 7 -10 -14 -5 -2 14 -4 -10 6 14
-14 7 2 6 -3 -8 3 -15 -9 10 -10 -1 1 -3 3 4 -3 -20 16 -6
15 6 -20 6 -11 17 -4 5 2 10 0 -8 -4 10 -22 9 -18 8 -21 34
6 -16 -2 -16 -3 2 12 18 0 -4 16 3 10 10 -3 28 7 16 14 15
3 3 -11 -4 -6 6 12 10 6 -1 -14 13 -1 7 16 14 4 18 -26 4
-8 -10 5 4 13 -3 21 3 2 9 4 14 18 7 -19 6 1 34 2 -5
-13 -12 -8 7 2 11 -27 -5 -15 -22 5 -6 19 8 -9 -5 -2 0 6 -4
1 1 -12 14 -13 24 12 -24 -3 12 0 -11 -23 -16 7 -3 4 6 15 8
-12 -7 -3 -10 4 -7 -20 -6 5 0 4 -2 11 16 1 6 -17 23 2 -2
-5 -6 -5 5 4 -13 10 -3 -6 -7 5 18 -26 -21 -50 6 -28 -7 -7 7
-11 -3 10 -2 41 -15 2 -15 15 -12 -21 -29 -32 11 -11 16 29 -19 10 8
-19 8 6 -12 8 -16 -17 -33 15 -1 -27 -19 -6 -1 17 25 35 20 -8 30
25 -6 -20 10 -6 20 -5 -6 17 -19 5 -4 -14 0 9 -11 23 7 9 49
6 -17 3 19 -37 4 19 46 29 12 -6 25 12 -18 -25 -9 1 1 3 -12
9 15 -22 11 24 15 12 -4 3 7 -8 16 -3 26 -3 -4 1 6 -15 2
11 7 -12 11 10 14 -19 9 11 6 11 -6 -1 3 7 -1 4 2 -28 -25
-2 6 5 -22 6 -3 19 7 13 -17 12 10 -12 -37 4 -7 -5 -10 -7 -10
0 12 0 40 -2 3 2 23 -1 0 0 4 -5 24 -4 3 7 11 10 1
15 -1 7 -2 16 1 5 27 3 -38 -15 8 -10 -12 -5 1 10 14 8 9
-39 -18 -13 6 1 -2 -127 18 -29 -6 -30 6 17 -26 -18 -13 17 -1 -19 -19
27 -33 4 -36 -46 36 -9 -33 53 7 30 -23 -15 -2 18 2 -10 -18 34 86
-10 8 -19 3 -1 -26 -9 52 -37 5 -95 17 46 -22 14 4 -37 9 -61 39
14 31 -21 -18 11 -22 7 22 -29 -10 -58 24 -23 -10 -38 -24 -16 -24 -29 1
8 -7 23 3 10 -10 -9 -12 5 -59 -36 17 -7 -20 1 -7 -10 -21 8 -3
8 -54 27 14 -41 4 -1 -5 -52 -2 -23 16 -10 -34 -3 16 49 22 5 6
-9 5 -4 -18 14 -25 19 -36
