17 30 -1 -12 35 -15 -2 -5 6 -5 10 2 23 9 15 5 -4 -16 -8 31
4 -21 6 -17 -5 -2 -22 6 7 -10 -4 -17 -1 -13 14 -6 -34 13 -3 -14
5 -9 18 17 -34 1 18 -10 -10 -7 -21 7 -7 18 13 -20 -6 17 11 -5
-61 7 3 20 -10 20 7 -8 16 21 -33 31 20 4 -7 52 -26 -9 22 -28
-28 12 -15 20 1 5 8 -14 35 -29 14 -15 19 -15 23 9 -43 -3 35 -35
-10 8 8 18 9 2 -5 13 28 3 6 -9 -8 -7 -7 -24 -12 4 -8 20
4 -27 -7 -22 -71 -8 -44 6 -33 -18 -31 0 -41 -12 -32 -29 4 -15 7 -3
-15 -28 -18 -34 -5 -14 -9 13 9 37 1 0 -7 21 -8 5 -3 19 7 -37
5 17 3 17 37 -28 46 -17 -17 -10 -16 -3 -1 -18 2 -36 23 23 21 -2
-6 -5 -4 10 -21 -12 -10 -5 -4 -8 -34 -4 5 -12 5 2 5 -4 25 4
-3 -13 6 -9 -13 4 2 7 -8 0 7 -7 -18 -20 -5 3 -3 -9 -3 -1
-11 8 -2 9 -4 -14 -2 4 -33 24 4 -7 6 12 -7 -13 6 -11 -9 -7
-2 2 -1 35 1 6 -1 20 7 -24 -9 1 15 24 -3 2 -3 3 2 0
8 19 0 10 9 -11 1 7 4 13 4 0 -15 14 -8 -24 0 8 15 -14
21 2 22 -3 -14 -8 -5 -9 0 -22 -4 -26 -5 -37 -7 -33 10 7 14 7
-8 -18 -7 -18 7 5 -1 -14 23 -1 36 13 -18 12 -10 -7 0 -1 1 -3
4 -5 0 -17 -4 -1 -5 1 1 -31 4 -6 15 0 -13 41 7 9 -31 -17
1 9 9 -1 -8 -12 3 5 -1 -10 -3 -10 -14 19 -6 21 9 16 -1 5
-1 -6 -17 -2 20 -9 0 3 -4 -7 -33 -7 -11 14 16 -9 -4 13 11 -25
-8 13 -12 -3 -24 -14 17 -7 27 -19 -22 2 -9 6 11 13 -30 -7 16 -16
-11 -19 18 13 9 -1 -25 -33 -25 -14 -5 -19 11 -4 -11 42 -9 5 9 0
-45 4 13 -6 1 -1 -29 -11 -45 -23 -2 0 -14 -20 -30 35 43 26 5 3
-5 17 -14 14 -16 -21 -4 6 -34 30 27 9 7 -25 -44 -19 -5 71 2 64
-26 -15 -20 -5 -7 15 -22 15 42 25 -2 37 -12 -19 69 -25 -37 -30 24 25
26 9 6 51 -57 -31 -22 17 2 -26 -49 -8 10 -25 -8 28 44 -51 4 -9
-40 -18 -39 -30 29 -3 0 4 30 -28 14 2 3 -8 5 -1 -6 -19 -25 26
-4 57 -16 7 15 -33 -11 -15 -33 1 -3 -59 20 34 55 10 -8 -14 21 -15
-37 -41 33 -29 30 17 -9 -11 -1 -3 -13 37 17 -19 -38 -27 18 24 -13 -7
32 0 50 6 11 -34 -12 5 -23 15 -27 18 -32 -30 15 -5 -5 -32 16 16
15 -2 -12 -16 5 40 5 33 4 1 6 21 -4 -15 -12 21 -7 3 -3 26
-10 1 -16 4 -5 -9 -15 14 14 11 -19 -23 3 7 -1 -20 -10 -16 -27 23
-21 12 0 -3 0 4 -6 12 6 -37 -18 -6 -12 -10 -6 10 -12 -3 -39 1
27 -36 -22 19 6 -11 12 22 -4 -9 0 -1 -32 -7 9 -6 -7 24 8 -25
-24 -20 -17 -33 -9 36 -3 -14 -30 10 56 -20 -25 -65 -46 -17 23 9 -12 -25
92 25 -45 -23 19 8 -14 -34 -4 -24 -17 -49 -36 -6 36 14 26 0 -17 -57
39 -21 3 6 -24 -100 -42 31 -23 -2 21 4 -15 63 -24 -23 12 -8 63 -39
-49 -17 25 3 21 -39 31 -6 1 22 -10 7 -50 -42 23 -26 -83 32 15 29
2 27 14 1 -20 -12 12 28 -37 -3 -5 -14 37 0 76 -3 -8 10 81 -60
-12 -27 11 41 -9 -2 49 20 -4 18 3 8 0 2 -2 10 -13 6 1 7
-3 -6 12 -8 5 -11 -1 17 -5 1 9 -3 -5 2 3 -2 -7 -3 9 -4
6 6 0 3 11 3 -3 7 3 -17 4 0 19 1 -5 9 7 -5 -1 8
-3 -15 3 8 10 0 -2 3 -1 9 19 4 0 -4 -6 -3 4 -4 11 -3
2 -3 -7 -6 9 -10 8 3 5 -2 5 6 -7 -1 3 7 -4 11 4 12
8 8 -20 3 -7 6 6 -4 3 -35 6 5 -3 -5 -4 5 0 -1 2 2
1 9 7 -16 15 -5 12 -18 5 6 -2 1 11 21 0 -3 11 -9 -22 10
0 -11 -9 -2 1 0 -13 3 1 -2 24 -1 0 -15 -1 0 2 3 -7 -1
13 5 -1 5 -4 -13 -2 -6 -11 -8 -2 4 11 4 2 -3 -10 3 -8 -4
7 15 -3 -17 -16 -25 1 4 -10 1 8 -4 18 -19 -18 -1 -9 -7 -2 -3
4 1 -2 -1 14 7 -10 2 8 10 5 -18 24 5 7 -8 7 -17 0 -15
-3 -19 15 -10 20 3 -13 21 -3 74 5 12 -5 2 -1 1 -27 10 0 5
2 -8 -10 13 -11 -5 8 -8 -3 3 6 -13 8 4 10 -6 -6 22 4 -11
-14 15 30 11 47 -36 -12 -3 -10 64 17 6 -4 15 -10 12 17 -8 -6 3
7 21 1 -14 -15 27 11 1 -2 -5 -77 -16 -32 10 -1 12 -10 -2 27 -22
-7 2 -14 -6 0 11 5 -19 2 19 -13 10 2 -13 -23 -24 14 -3 5 6
20 25 -32 7 36 -8 6 -8 -9 -1 5 -48 -10 -3 -43 -11 14 21 -2 -26
-42 -4 23 -21 -9 1 19 -14 22 24 30 10 11 -6 -10 -4 -9 7 -7 -21
6 15 3 46 -8 20 43 -7 -1 -2 -29 -7 14 -23 -3 2 9 4 -2 16
3 8 3 21 -17 -5 -64 -7 0 -5 7 -2 14 14 3 2 -1 -6 -1 7
1 3 26 0 -5 9 -9 -8 0 -5 -5 12 -5 2 -1 -12 8 -4 2 -9
-2 -4 -5 15 -7 15 -8 -9 -18 25 -2 -4 22 2 -15 -6 8 -3 -1 -4
-11 5 -2 8 -1 2 7 11 -2 -4 -15 -6 -16 34 12 5 -5 -19 14 8
6 15 -2 -5 -2 4 9 18 -11 -22 5 -15 -12 11 10 14 -1 -11 -10 25
18 2 8 -5 21 -7 -18 1 -18 5 5 -12 -22 31 -23 11 -37 -6 -7 -7
-20 5 6 9 4 -10 -26 5 14 -6 21 8 -4 12 12 -5 -10 -15 27 -4
8 0 -2 -26 -2 -19 25 -24 4 35 -13 6 -13 -32 11 29 -9 -26 -9 0
12 4 24 -6 10 -15 -8 -7 -17 8 8 -12 -15 19 -21 -30 -25 -3 -9 9
0 17 31 -8 4 2 -15 6 7 -27 -22 4 -2 5 -23 3 -13 -15 17 13
-7 7 -29 -1 -8 9 0 8 -7 -3 13 8 -8 1 -1 -6 4 -8 19 -13
-5 -8 14 21 -4 -13 12 -14 -4 1 2 10 -12 -11 13 8 5 -1 -9 16
-2 -24 0 -13 8 10 9 -7 24 -13 -10 4 10 -18 0 23 3 0 -14 1
4 -12 16 15 -7 3 -5 14 -3 -16 9 0 2 14 -20 18 8 49 10 22
36 -12 -10 -6 -2 29 1 -18 14 -6 -30 40 17 -32 10 -3 -1 -9 0 11
17 11 10 2 -16 -51 27 2 15 5 -17 7 -11 14 -17 16 1 -13 -29 20
-2 -9 15 -46 7 -3 -2 -15 -16 -11 -3 19 -2 14 -21 -38 -6 4 -7 20
-13 1 9 -5 10 20 27 20 -6 -3 5 -3 -5 11 31 -1 -6 11 -16 -10
-5 7 36 10 27 -3 -11 -29 -4 -36 4 -6 -4 0 2 -29 36 0 10 -17
-5 -18 -24 8 -10 4 -1 -22 -26 11 0 19 7 -43 -11 -13 -5 19 -2 -10
12 -20 -6 6 1 -3 -3 -4 1 8 22 -10 0 -8 2 -1 3 -3 8 -12
8 11 -4 17 1 -17 4 5 14 -5 6 -1 1 18 5 -9 5 -10 -9 5
-16 -5 -2 6 5 6 3 -1 8 1 6 -11 -4 10 16 -6 -19 8 10 6
-24 16 2 -4 7 19 -9 0 -7 -18 -3 -3 -21 3 7 -13 -2 3 5 -26
-2 22 27 12 -52 22 43 -5 -5 3 -2 11 -24 0 12 -15 10 -8 14 -7
-27 -1 17 6 10 -1 6 -3 1 -13 -6 -3 0 3 24 5 4 -2 -16 -20
10 -15 1 -2 16 -5 10 14 -7 20 22 -7 18 18 -2 4 16 23 1 11
5 -11 31 -12 15 17 9 -16 48 -58 -2 -9 10 2 -14 -3 -12 12 24 24
-17 17 8 0 -9 9 7 -5 -11 -18 5 -7 12 -9 17 3 -7 7 -7 13
24 -5 -27 12 16 -14 2 8 20 -11 12 0 -11 1 2 -1 -5 -5 -5 6
-1 -13 30 8 4 8 8 -6 0 4 -19 3 5 10 7 11 -7 -8 -2 -7
2 2 -7 4 -1 11 -13 5 -3 7 -1 -15 1 7 -1 11 5 13 -8 -9
-14 9 -18 -3 2 -15 0 2 10 3 -2 -5 -21 3 0 -1 8 -16 -7 -6
3 -14 2 -2 -8 3 -6 5 2 27 6 -2 12 4 0 -3 -1 -14 -2 16
2 4 4 6 2 -2 -15 -6 -10 -27 -9 -1 20 -2 8 -5 1 -1 0 7
-7 19 4 5 6 -12 7 -4 5 5 5 -10 13 -9 -10 7 2 1 -13 -3
0 1 -7 12 7 -22 -8 0 -26 7 3 -2 15 -16 -21 11 10 9 4 -10
24 6 19 -6 1 -3 -14 7 6 -11 -11 -7 4 -9 2 -2 7 4 8 -9
-18 4 2 3 -11 -33 -23 -2 4 11 -6 -6 -7 13 -9 19 -1 15 15 2
2 9 7 3 4 -10 -25 2 9 17 3 14 -4 12 3 2 -6 -9 -25 1
-15 -8 -8 -13 3 -7 -7 -8 12 4 -7 -22 -1 17 6 -10 2 1 9 -4
24 7 7 29 16 20 7 -9 -13 12 -9 -16 -27 17 12 -1 1 1 -14 13
-8 -8 18 5 -32 -22 3 19 -13 7 -8 -4 -7 12 -10 -17 45 19 -4 29
-12 -21 1 -25 -6 9 -15 1 43 56 15 40 2 2 36 -10 -13 -40 -12 -34
4 14 11 -35 12 -22 -44 -31 -2 -5 10 -39 -13 -11 -27 8 -10 -9 -47 -1
-12 3 22 0 -42 -7 -4 17 4 0 -32 -28 21 -27 0 43 25 12 1 -9
34 -6 37 -33 -1 1 -12 16 -14 -8 -14 12 26 -14 -31 -16 -34 11 3 8
-2 10 -12 9 1 8 -2 9 0 -13 -19 10 -32 0 -5 -8 -7 19 5 -1
-3 -5 -27 -13 -13 3 -26 7 -23 12 -14 -2 -16 12 -2 -5 5 -5 -4 2
-7 -3 -5 -8 -6 5 12 -9 6 0 4 0 5 8 13 -13 -9 7 4 6
9 4 5 10 -1 2 2 6 5 11 -7 -1 -3 -9 0 7 12 8 4 11
6 0 -8 -14 7 -9 1 3 -5 2 0 1 1 2 0 -4 -1 1 11 8
2 -5 -7 -8 -15 0 -9 15 24 0 -8 2 -2 15 6 3 -10 -8 -15 9
-11 17 -21 8 3 -7 1 -22 10 7 14 10 -2 17 3 11 -27 -5 6 1
9 2 6 -13 17 -14 0 2 -2 -11 -1 -21 -8 -7 -1 17 -24 1 19 2
3 -14 6 -17 6 11 2 1 -2 -5 0 -13 -12 -6 -20 11 1 5 2 -1
-2 13 -11 -7 -22 5 -9 -9 15 -13 -10 0 5 3 -9 -1 -5 -6 2 17
-2 8 -15 -3 0 21 3 11 3 -11 2 11 3 -2 -3 19 -22 6 -22 0
8 -24 6 5 -2 1 -16 -21 3 -41 -2 -3 -3 -11 -1 -8 -8 -1 -23 -12
-2 -1 -3 -12 -6 -9 23 -12 3 14 -5 -4 12 -17 16 0 0 22 15 8
-36 15 16 -4 2 5 2 4 8 6 -1 2 -20 0 -18 -11 5 7 2 11
-1 -16 13 -6 -38 8 -8 14 -31 24 -11 4 -18 41 -22 13 -21 -3 -20 -23
-21 2 -20 10 -49 41 -11 29 13 9 5 19 -54 27 -3 10 23 3 -5 -19
-1 10 21 -7 2 -30 3 29 11 -5 -22 -30 7 8 -3 -22 7 -7 -39 14
-33 -2 53 -7 -31 -2 12 -3 -13 20 45 -10 -6 20 28 23 -4 0 -39 1
32 -14 -29 11 -35 -4 20 6 -19 -23 -34 -3 -21 30 11 -2 -29 24 38 4
4 36 42 19 -5 5 -14 46 -18 10 21 10 9 -10 -27 -31 17 32 -26 11
-10 23 37 14 1 -7 -1 -29 34 -5 30 3 -3 -50 -19 14 4 7 12 -7
4 -18 -7 0 0 6 0 -6 9 19 1 -5 -3 -9 12 5 0 -7 4 -13
1 -5 -2 7 6 -7 1 16 11 2 8 7 -9 -19 5 -10 8 5 -24 3
18 -16 -2 9 7 -8 10 13 16 2 -3 4 7 -4 2 18 -1 5 -2 5
-7 6 -3 -5 -4 -11 -23 21 -15 9 -9 25 -9 13 -4 -7 10 14 -6 15
17 -73 -7 15 -13 -14 6 -5 13 -12 -1 -7 -5 1 -2 0 -10 3 -12 10
-24 12 -51 -12 10 8 -9 6 5 -5 1 -26 -2 0 -14 18 -1 26 -18 18
-8 -18 3 27 -1 -16 25 12 -11 7 10 -9 5 8 -4 -9 -13 1 43 -4
9 -11 24 -2 -11 11 7 12 6 1 2 -6 15 9 6 7 -16 8 -9 -32
-9 13 22 2 8 5 15 9 -10 -19 12 9 4 -3 12 5 3 7 -7 -12
-36 10 -14 -20 2 31 1 9 -16 0 17 -14 5 -8 -26 10 -2 18 15 -9
-15 32 11 -16 -10 -3 21 -33 -19 -14 8 -15 2 3 -21 1 17 24 8 29
17 16 15 13 -36 -4 13 10 6 -5 -71 6 -2 -21 1 -7 -6 -25 -6 -11
3 14 8 4 0 -6 -1 5 -5 15 -1 20 -36 19 17 -3 8 24 -8 -13
-8 -74 -26 -31 10 1 -23 -34 19 -20 23 -27 11 -7 -12 5 16 10 56 -4
-38 -3 12 -4 29 3 16 -22 -6 20 -61 7 27 4 21 -19 1 -3 -8 2
34 -6 -12 61 -34 26 0 -18 19 -28 -22 -25 -19 -7 -24 -33 -46 29 -1 -39
-7 11 -38 -30 9 37 -3 -39 -39 -28 -10 -17 -11 15 -23 -22 -5 29 -23 -11
-30 -20 -4 -9 -9 5 3 11 -10 -16 -2 -40 -8 -7 -16 -4 8 8 -16 -14
16 14 59 -34 -11 15 14 -21 -1 7 14 -7 -42 9 10 4 27 67 -6 8
4 -14 4 -10 16 -10 -8 18 -14 0 18 -6 2 15 0 -2 -7 6 0 -43
12 -4 17 14 -11 1 -6 14 -3 39 -8 2 -12 0 3 0 -16 34 2 -13
0 6 -3 4 -3 9 10 5 -11 8 -11 -26 1 0 8 16 -6 -10 -29 6
-19 22 13 -2 -30 -15 -25 15 2 29 10 13 11 -1 10 -20 27 -15 20 -21
-24 7 -9 -18 -22 24 36 -24 -36 11 14 0 -17 -7 -33 -4 -6 -1 30 0
-20 22 22 -11 14 -31 -46 -16 -22 13 0 -11 41 -25 -32 -44 9 15 -25 26
31 -1 8 -2 36 -21 18 -15 29 -5 4 -51 -10 -12 -1 31 6 38 -15 -30
-17 39 -14 -42 -7 25 -4 -10 -28 14 -37 -4 -3 19 16 3 6 15 -8 -18
-4 28 -14 -57 -7 3 25 -6 15 -7 27 -1 -42 9 18 -3 -14 -21 -59 14
22 0 5 10 -27 -22 24 -25 -6 27 4 0 7 4 -13 -13 18 -6 4 2
-12 -6 -12 -12 0 2 -5 -6 -12 -3 -1 -3 -15 -15 18 -19 -10 4 -11 16
-3 -25 14 -1 2 -9 11 4 -34 26 -33 -6 -12 -16 -16 8 -14 3 -13 -3
-29 -2 -13 -24 1 -18 -13 -10 -7 -3 11 -25 -14 3 -5 -8 10 -7 -42 7
-17 32 10 -10 -31 -22 -4 39 8 -17 3 -19 11 28 -14 -28 -13 6 9 -9
36 11 6 5 -9 3 -7 -2 -10 4 33 -32 -26 -22 -26 4 19 -22 -18 -31
27 -4 -8 -26 10 -26 -20 -23 20 -5 5 -80 28 -8 3 -28 4 -11 10 4
-6 1 -22 -42 -3 -8 19 -26 -6 0 -7 -18 -29 -18 39 13 0 -6 -7 -21
-9 95 -2 -14 -12 -1 -1 -12 -23 63 39 -10 -21 8 7 -6 -17 4 -6 3
-17 -6 -19 -23 4 0 -13 -26 -2 -48 -2 16 -19 -21 -32 18 -10 2 32 -2
7 -34 -40 18 5 19 -9 -3 12 -16 -12 3 -6 -1 19 -8 1 -7 -16 -16
-10 -9 -10 49 -7 -10 14 -4 -7 -5 -20 -18 1 -31 3 26 2 0 -18 6
-5 22 5 -2 -8 -1 -9 -6 23 -19 -8 -7 -3 -18 -10 12 14 -12 9 -1
6 25 13 -19 -2 1 6 5 -2 -31 -4 9 -15 15 10 -20 16 0 0 -16
-53 -41 -1 -16 15 15 3 -22 17 -9 29 24 50 -20 -8 -26 -25 13 -8 15
28 20 7 8 9 13 33 -4 36 13 -37 -14 7 2 -5 -31 -57 -28 2 -17
13 14 4 14 -24 5 -21 2 -23 -13 -3 30 58 -14 9 0 -19 10 31 1
-7 -11 -22 -33 7 -5 -25 -45 -5 37 -8 -8 -25 39 38 -7 -22 -55 -27 8
-2 17 35 -8 3 24 -1 -25 -12 -20 -6 -20 -14 -10 -31 5 32 -3 -12 -15
16 -30 -11 7 -14 -11 -15 4 -25 3 -24 -14 19 -7 -37 20 -6 5 6 -7
8 -10 -5 0 -10 8 -2 -12 22 16 15 -9 -3 2 11 41 -15 -2 17 -29
0 14 1 3 4 -66 3 3 11 -3 12 13 -20 -12 -1 -12 -9 3 -40 16
15 -16 -13 -2 -2 -27 11 -10 8 -13 -8 -31 -15 -8 -12 -23 -5 1 -9 -2
4 -13 6 -4 -7 18 3 -31 -12 35 -11 17 29 -10 -3 -16 4 -36 7 13
-11 8 9 0 8 12 35 -2 -9 18 21 -9 3 -7 35 -11 -17 35 -92 17
36 -13 -73 -5 -18 25 4 -20 -3 -25 -29 20 -1 17 -9 -20 19 -13 -5 -11
18 11 -14 21 12 20 0 41 -32 -1 13 -3 -10 31 -2 -27 -11 -9 10 18
-30 22 -3 -23 -7 1 -8 2 -31 -29 -5 -28 7 -13 -22 -20 7 21 -35 -16
-14 -51 0 19 2 17 30 -21 8 -1 8 0 17 -46 -12 -1 15 6 6 20
7 3 7 24 -4 -48 0 -30 -41 7 -7 5 6 -9 -8 4 -4 18 7 -13
11 16 -17 -7 2 -1 2 -2 17 21 9 -8 2 6 5 -12 10 -1 -1 6
1 2 4 0 13 -13 9 1 4 2 32 -1 35 -3 3 1 6 -2 -6 -33
13 -2 1 4 -3 5 -5 6 -1 5 8 4 -4 -6 0 -2 4 -7 1 -7
0 1 2 10 0 3 1 -2 -3 0 3 6 -2 -8 0 5 1 5 -5 -5
2 -8 0 -9 2 6 0 2 7 -5 2 5 2 -4 9 1 2 0 9 2
10 -14 4 -4 5 3 6 -4 6 -1 2 -1 0 -2 -2 3 2 -3 3 7
-6 2 -1 2 7 2 3 -3 6 -7 1 -5 2 12 7 1 -1 -5 3 5
-2 6 3 3 4 15 3 -2 -1 0 6 6 7 -3 -2 3 -1 3 13 3
4 -9 1 8 7 4 -6 3 8 2 1 -5 5 1 1 -7 -3 5 0 6
-3 4 -7 -3 6 3 3 14 1 1 12 -7 10 10 -21 -14 -10 -9 -11 18
0 5 -17 -9 11 -16 -2 8 28 -6 10 23 10 20 -4 2 -22 24 -10 5
2 -4 -4 -12 20 -3 16 -9 3 10 -21 -13 20 6 4 29 10 10 -10 4
19 -9 41 -11 -45 37 -5 2 -12 31 -8 -7 -12 -5 -1 17 17 2 14 26
2 -25 -6 10 -15 40 -7 12 28 -2 44 2 19 22 -18 38 -6 -6 -4 -15
23 -25 -13 -8 1 -10 -30 -9 28 15 -13 11 -20 -25 1 -16 -5 -43 -13 -38
-32 -3 -19 -1 9 0 -14 34 -27 -9 5 7 12 -26 2 7 -15 6 -21 -60
-14 24 -75 58 31 9 33 17 14 -2 -31 -5 28 34 9 -31 5 40 7 -31
8 10 16 -8 -14 87 -12 -14 -13 -12 1 8 10 19 0 -15 -1 14 -23 10
-2 -18 40 -7 -27 -7 42 19 6 63 -25 -5 -10 5 4 -12 -4 -10 -8 2
-6 8 21 10 3 4 5 -8 -1 7 -5 22 -9 2 -13 -20 -3 8 4 5
26 -17 -10 16 -12 1 9 -16 -28 8 -11 -1 -8 -12 -24 -5 -21 12 3 -14
-5 -2 -4 -18 -1 -10 0 -9 -13 -13 -23 -1 -22 14 -25 -7 -55 -14 -16 9
-9 11 -44 5 1 -4 4 20 -2 6 44 -26 -38 -96 -35 -38 22 54 -6 20
42 -48 55 35 11 -3 24 9 30 10 25 55 20 13 35 -34 -14 -2 -80 -12
-29 -31 -14 63 -11 -14 -37 13 27 73 -44 -9 5 8 40 51 28 -5 12 -31
-1 -32 3 32 -11 1 2 -28 -13 -18 -31 9 -57 24 70 1 -42 1 -46 -22
11 3 -1 -14 18 10 -15 37 -14 12 36 17 -31 -44 -16 8 -9 -26 15 10
24 -35 -3 17 35 -37 -36 -49 9 -13 40 -21 31 30 -19 20 11 8 -87 45
9 57 25 -29 1 -10 -6 -4 23 4 -9 1 -8 -3 8 -6 6 15 -20 -8
-2 -1 4 -4 -1 -3 8 -39 0 12 5 -2 -9 -2 4 18 1 3 17 9
-10 9 -3 -4 -5 -12 -13 14 -10 6 -7 10 -3 3 10 -17 10 0 5 12
4 4 -13 1 -4 4 5 -4 -20 -25 2 12 10 6 -10 22 -13 -25 28 5
-14 4 -18 -28 11 28 8 -12 31 38 10 10 11 -17 22 0 3 -11 -28 22
-5 1 42 -8 -3 26 -4 -30 -13 8 -27 -27 -2 -13 -8 -16 5 -30 -9 -5
4 0 -62 -31 30 -3 22 -15 1 17 2 12 15 -9 44 -43 -11 2 -9 13
-6 11 -9 -8 18 -9 27 -8 -7 1 14 5 -12 -6 20 -19 5 16 -16 -37
0 5 -18 3 15 15 10 0 20 -15 -3 -9 5 4 -10 10 -2 21 -20 1
-28 -16 7 -5 -4 -8 -21 35 -3 -5 26 7 12 -12 -5 12 15 -11 10 0
11 5 -2 4 0 4 5 -9 17 19 7 4 -3 -2 -14 -17 3 -5 22 -8
-4 10 -20 3 4 -5 9 9 9 6 0 13 -27 -12 2 -4 -6 0 -12 6
-6 -14 -3 5 -2 -12 -16 -1 2 -24 3 -6 0 -12 11 3 -19 26 -10 5
9 12 -14 8 7 18 2 -17 5 14 1 5 5 -3 5 -3 5 47 12 -11
1 -14 27 -127 -3 -16 40 13 10 -15 -1 10 4 9 11 -12 -7 -21 17 15
24 -2 -4 -8 10 -12 -9 13 23 -14 -7 10 15 9 5 -36 14 -1 44 15
-11 2 28 28 25 9 3 -19 -7 12 -6 22 -8 -18 -10 -5 20 -52 27 5
2 14 40 -6 -19 6 16 -20 -10 -1 -10 4 -1 23 19 10 -12 -10 21 -57
-9 53 -10 -25 -1 17 -10 -6 2 3 7 -13 3 0 60 10 5 -12 14 -11
-13 3 -4 -20 12 5 -1 -3 -10 -27 -19 23 21 45 -32 20 18 -39 6 3
-2 -47 -9 7 11 -2 41 13 15 21 -42 -28 2 -9 12 -7 -26 1 14 -4
-30 0 -7 14 -2 22 -5 8 12 20 11 -25 1 -17 6 2 -37 -7 -11 17
-6 -4 1 29 -2 -12 -7 -11 9 -14 0 3 -9 1 16 6 -30 7 -2 30
-30 38 -17 -1 5 11 16 -4 -3 -41 -3 11 8 -6 5 -10 -9 67 -9 22
-1 21 -27 10 -4 2 -14 -5 3 33 -23 -51 -2 -2 -17 -2 -2 -11 -2 -14
-3 -1 -33 -6 -20 -13 -19 -31 10 21 -7 -4 -7 -1 30 -11 -12 19 24 -14
3 -8 -14 13 0 15 -1 4 11 -18 8 -4 21 -4 0 21 11 3 10 3
-5 3 -6 15 -22 18 9 2 -14 -22 -22 1 24 -21 -10 11 -16 1 -18 -14
-14 33 22 1 -10 -31 -12 -7 -9 5 -15 -11 -20 -29 -18 23 -5 -10 8 3
-23 8 3 23 -28 -15 -11 9 -18 15 15 -20 -28 -18 -63 -7 9 -1 6 -24
-14 2 29 21 -17 29 11 8 -10 -24 4 -7 28 -8 -49 17 0 99 -53 -5
6 -46 -4 -8 -14 7 -77 -43 -33 14 -3 -24 12 -114 74 1 1 94 -17 0
-42 -50 41 -17 25 10 -12 -17 29 -9 21 -11 -5 -1 -19 17 -6 5 11 16
-19 10 -27 15 -8 -17 -1 47 12 23 -16 12 -25 12 -6 1 -1 46 8 -13
-15 7 4 20 19 -2 -1 -9 4 -12 -4 31 20 -2 7 -8 -10 18 27 18
-15 -8 7 28 -13 -6 -10 19 -1 -7 9 -19 -32 13 18 -16 6 10 -6 -11
-13 -15 8 45 17 12 2 16 0 -14 16 -10 0 5 -9 18 10 29 2 -2
-24 25 6 20 19 2 10 11 -17 10 -9 -6 7 -20 0 -18 22 27 5 18
9 3 7 -2 4 35 33 29 -10 21 -38 11 18 15 20 23 12 46 -8 9
-8 18 17 21 7 10 -11 -16 11 -4 -13 6 8 -9 -3 -2 8 -12 4 5
-7 -17 4 3 -3 -1 -1 4 -24 -7 10 7 -13 -15 -9 -2 -9 -5 8 -7
-12 -9 5 1 8 -18 8 3 9 -2 5 -17 -19 -11 -7 -7 28 -21 -12 0
17 -9 -21 10 6 -31 -4 42 12 4 -2 -26 -15 15 -9 -8 -19 32 20 4
-15 6 -37 21 -2 13 19 3 15 2 1 9 19 26 -79 -3 10 5 -14 -9
5 -10 -6 5 33 -4 -7 -15 25 0 39 -6 -2 2 -10 11 -36 -17 34 2
-9 -5 -43 34 -9 5 -10 -2 -11 -53 4 19 -16 5 9 31 4 -3 -2 -9
-6 23 25 23 3 -5 14 -19 7 9 29 -21 5 -2 3 17 3 -21 -18 -11
-7 -15 -1 -2 -15 -7 -29 7 -2 34 22 17 -14 -16 48 48 -32 -19 -30 7
0 37 -4 -8 -1 2 0 0 15 4 8 -1 9 -7 -10 -4 -9 -8 7 3
17 1 -4 -2 -11 10 -17 1 2 0 1 3 8 2 -3 -1 -12 3 -4 -12
-2 9 -6 0 7 -15 3 -6 23 4 8 5 -14 -2 -3 -3 1 -7 7 -11
-11 0 13 -14 -1 -3 5 6 -9 -6 4 0 15 22 -19 -7 -7 3 5 -12
29 -13 -16 -16 -16 -37 3 -5 12 2 -1 6 35 18 -14 -10 24 -9 0 -15
-7 22 0 0 3 -40 -28 4 -1 -4 -13 -7 -6 5 10 14 5 -8 19 2
0 -12 6 -4 8 -8 -17 20 36 -11 0 -1 -17 5 -23 -18 10 2 -25 1
2 -13 -8 1 -2 -3 9 12 -2 -16 4 -18 0 5 20 21 2 3 -14 -12
-4 1 11 -7 -20 0 2 -26 -5 -32 -4 -13 -27 14 -5 -21 -5 23 0 18
-9 1 3 16 -8 7 13 -13 -2 -6 19 -4 6 -30 1 -1 -9 1 -12 0
-2 3 -32 4 -10 -13 6 10 11 -19 18 -2 20 -39 12 55 14 0 13 -5
-12 12 -9 0 3 -29 21 4 -3 -5 -1 6 -4 60 -17 11 -25 -8 22 -4
-24 -12 -2 8 -11 -11 10 2 18 -16 -7 -18 -5 4 5 -6 -43 5 -19 -16
17 -9 -21 -10 -28 56 27 -32 13 1 2 15 4 27 -18 24 11 53 -19 20
-41 18 4 -28 -40 -19 -1 16 38 -13 9 13 -44 36 -12 -20 10 -4 -19 38
11 3 -22 -6 -6 26 -10 -13 2 -1 -7 -14 -33 1 10 -13 12 -16 9 18
42 -3 16 -12 -56 -1 13 -22 -16 -10 36 -36 39 11 19 1 -12 -13 -44 9
-1 -31 29 -26 -3 -9 58 37 -30 -3 19 -16 4 3 6 -10 -7 -61 -24 5
28 -14 9 -27 -8 -12 1 -6 -31 -21 3 37 4 -28 10 -17 10 -6 -10 23
-12 -39 -50 6 2 28 -4 -11 12 1 17 -3 8 26 14 -3 3 -8 2 6
4 8 17 0 7 -5 -1 -6 -16 -16 -5 -1 4 6 0 13 7 19 -5 2
17 -5 -1 -1 -37 -4 8 -10 8 7 -27 10 2 13 2 6 -15 16 10 21
14 -2 -6 -4 -4 -24 -10 -7 0 7 13 -6 2 25 -23 -11 -10 3 7 0
-10 -5 10 18 -13 1 6 4 -18 -11 -1 -6 20 0 -5 12 16 9 -20 -1
-26 -9 -2 2 20 6 -23 -5 -4 17 -40 -8 7 -9 41 13 15 15 -7 -6
11 -3 7 -4 23 -17 -34 24 2 -10 -18 -4 -28 3 -34 -7 39 -18 26 14
-13 -10 5 12 -9 2 -3 -27 -1 -16 6 -44 -1 11 -2 -12 -8 27 -13 -10
-14 -58 14 -4 -1 16 -10 0 -10 9 7 -14 -12 18 6 4 18 -6 -4 2
-13 -1 14 -7 13 -18 44 -3 21 8 -15 -25 -8 7 15 -36 -1 -48 -10 8
11 -17 16 -3 -8 -25 23 4 -17 -20 34 -2 -13 27 -21 -13 -18 2 3 5
-14 -23 11 11 -8 -2 2 -4 -17 4 6 4 -2 -15 2 15 -6 -2 -8 -25
-2 -13 -16 16 -3 13 -12 12 15 18 6 -20 -1 6 7 26 -1 3 11 0
5 -6 3 -4 -12 -21 34 15 -25 6 17 -12 -9 -15 -11 -33 23 30 -15 -3
-19 14 -3 -33 20 -18 9 -8 20 -14 -10 -7 43 -7 -1 -7 30 24 2 -25
-22 57 -3 20 -6 -5 7 5 -15 11 -11 -46 14 8 -6 -39 -1 5 -9 -28
-16 -19 3 -23 13 4 1 -17 -6 -9 -19 -22 2 -19 11 -7 -15 -2 -15 4
12 -31 -4 48 0 -3 -7 26 -28 6 -8 -20 21 -31 6 -18 -6 36 -13 -24
17 1 10 0 -19 -19 -1 6 -20 13 -22 12 -11 4 1 -5 -5 3 -16 -10
-22 -4 7 27 12 23 8 -23 -7 -19 -24 14 -16 10 -3 15 7 -8 -35 -9
-14 -4 10 -15 10 7 -19 -11 -14 7 7 -3 -6 -4 9 11 3 0 -2 -9
7 9 -14 12 -3 -4 -6 -15 12 19 -14 4 0 1 26 12 13 -8 -4 -7
6 -2 -11 -22 4 -5 -10 -17 -13 -10 21 -8 -14 -13 -1 13 19 -16 13 3
-6 -2 25 -38 -4 -23 -1 -10 21 6 12 5 -3 -42 -16 19 -7 0 28 -4
4 -20 -11 20 19 -18 -10 8 -15 -8 -29 17 -3 9 31 22 -42 -7 13 17
-32 -27 6 1 -23 14 3 26 -7 -15 51 42 -16 6 -23 -2 0 44 6 1
-32 13 32 1 -29 -11 1 0 21 -52 -10 -18 -34 26 4 34 -18 -34 -17 25
-15 17 -14 -14 -6 -23 -24 4 -5 -31 -12 23 -5 -29 -9 0 -10 -2 -26 29
10 -14 18 -7 -6 9 -19 45 12 63 14 6 8 0 26 38 2 38 3 -28
-19 6 -18 16 -8 21 -14 -9 1 -5 -7 0 -3 3 14 -12 15 5 14 -11
1 -8 8 -3 7 1 5 -7 3 -6 -7 12 -2 -20 2 6 4 -2 14 1
-13 18 8 -3 10 -8 23 11 -11 -3 -7 -4 -8 -12 2 -15 9 9 -4 2
-2 -4 10 9 -13 24 -14 5 2 19 -23 -10 -1 4 26 6 -9 23 -25 23
0 -21 11 5 -8 -6 0 -9 -7 43 15 -10 13 -16 1 -3 6 -4 -10 5
-24 6 -13 0 11 22 -6 -9 -19 -24 -9 -4 -3 5 -13 -11 2 -20 -6 3
9 0 4 22 -12 -19 -37 -19 3 -18 22 -10 10 -11 20 2 -10 -1 10 -9
6 0 -9 -8 -15 15 -7 -21 9 5 17 9 3 -8 -12 6 -5 -11 1 2
-9 16 21 0 -9 18 -25 -18 0 37 -1 -10 19 -2 3 -1 2 -1 -2 -33
0 11 22 -6 14 5 -6 32 -19 -18 0 11 3 -11 -6 -4 3 -33 4 -12
24 -11 19 1 -18 -7 1 -13 -11 -7 -32 -13 -12 -13 -22 -29 -4 -4 12 -1
-14 2 -13 15 -4 -21 10 6 11 -22 17 -3 -6 40 -1 -15 -2 -18 -27 12
-35 17 1 6 -10 29 -4 -21 16 -26 6 4 -7 -7 3 -16 -21 -13 -11 -9
13 -5 -8 -8 -10 -31 2 10 10 -18 3 8 -23 19 -16 -13 51 1 -4 24
42 42 20 -22 18 34 -38 -38 11 -24 52 30 -8 -5 25 -9 -4 41 -35 -17
29 -1 -4 -1 13 -23 -5 -2 0 -36 -16 -52 -29 8 -10 -34 8 -2 11 -33
-3 29 7 43 23 -19 -3 -20 6 -1 -52 5 2 20 -10 -32 -48 -13 -10 -21
-14 -28 -55 19 -15 16 5 18 -19 -49 -20 -12 -13 -22 19 -12 16 -36 -32 30
15 6 24 -5 9 -6 -35 -24 22 35 4 4 11 -38 44 27 20 -21 -28 3
20 -9 10 4 -4 -2 -29 15 -4 -7 0 -9 16 16 8 -4 4 -17 -8 -8
2 3 20 -6 -10 -8 -2 -12 8 -9 2 -9 -2 7 -3 27 1 13 -8 2
-14 -7 -2 -8 3 6 10 -9 -2 7 8 11 38 0 -6 0 3 -1 -13 -15
-1 -4 8 -7 -8 2 11 15 10 -18 7 -7 -5 5 7 -4 -3 8 -7 5
5 2 -4 14 -1 -13 -4 34 31 20 -11 -8 2 -7 21 -33 -36 -6 42 -5
4 -6 -1 10 13 -2 -5 -1 10 -6 9 -4 18 -19 -7 -21 3 -2 -11 -1
13 8 -6 11 22 -15 -4 -17 -27 -5 -4 14 49 -15 -9 0 6 -8 2 -44
15 4 6 9 -3 -4 -16 18 -5 -23 46 1 12 3 41 16 15 8 -15 11
-29 -26 -11 2 13 0 30 -3 -14 3 -10 27 -2 -103 -12 7 0 -9 -3 12
20 17 3 -16 6 12 18 13 1 0 -1 27 0 8 40 -9 6 7 -2 -16
-7 21 -4 -9 23 -15 18 -11 -17 10 8 -12 14 14 0 -15 2 6 -2 21
-3 -5 23 -1 -1 -15 -3 -10 8 -8 3 19 -7 -3 0 -3 8 28 -1 -7
-3 -16 12 -1 16 -13 -7 5 3 3 -30 -22 0 -15 7 -2 -7 16 -24 20
-34 -1 -5 -8 14 -26 -20 -9 2 46 10 -8 0 -4 -1 -36 14 -12 0 -14
3 38 2 -48 -41 15 20 11 -20 -12 33 -3 9 5 -13 -19 4 -14 -6 -39
19 8 17 -34 -30 6 -28 11 25 -18 8 5 5 -1 -2 20 -16 -21 -38 31
-9 -16 1 -17 -23 8 -5 -1 36 -15 -21 21 28 -4 1 -7 -44 14 -4 -28
23 -15 15 20 -9 -12 -18 -8 4 -9 12 -15 -6 9 32 32 2 20 6 -28
-4 -2 -14 3 -21 -37 28 8 -3 -11 23 -10 -25 -34 5 -13 -31 -20 28 3
2 10 14 15 -9 25 20 -22 3 8 -2 -2 5 -25 7 -21 0 1 -1 -10
12 -17 -15 0 -8 -3 36 2 2 17 -9 -13 -20 -1 -7 27 9 7 -15 12
-2 0 -6 -12 -17 6 -8 -9 -17 -12 -24 2 -9 -1 -25 11 -38 -15 9 -4
-5 6 30 -3 -21 3 22 -3 -9 45 3 -5 10 24 29 9 24 16 -9 5
7 -11 -2 41 7 -31 3 25 -34 16 2 16 8 10 -5 9 8 25 -1 -2
18 32 0 34 -21 -32 5 -65 -17 -15 6 -27 -32 26 4 -19 3 -2 -10 -24
11 -8 -5 11 -25 48 13 -1 -28 14 -20 32 -16 -6 -5 -11 5 -9 10 -27
8 5 22 11 26 2 -15 2 24 8 -1 11 -11 15 -13 -1 -11 -47 -35 -83
0 5 -8 21 -38 -18 -2 -51 9 -34 -3 -2 16 -47 -23 15 7 5 -42 -36
16 -4 12 -23 9 30 -15 -21 -4 30 -1 -21 -6 5 -1 -1 31 3 5 -43
1 15 22 -22 13 9 10 7 7 0 -25 -5 10 -15 3 17 -27 -10 20 -4
-9 -28 -6 21 -10 -19 3 -12 -14 -8 -9 -13 -2 4 -15 -11 4 6 3 -3
-2 -27 11 1 11 -10 -8 2 22 -5 4 -13 -21 -21 8 54 -3 5 5 -9
13 6 -2 10 -5 11 -5 29 23 -22 7 -2 -8 40 26 -9 -16 -34 -8 16
7 0 5 -13 24 24 -6 24 -11 23 -12 -13 -17 -23 2 -16 -6 -9 -15 18
-2 -5 8 1 -16 11 1 -23 52 -7 -14 -30 -20 6 0 16 22 -25 -11 -15
6 -11 -50 -23 4 7 33 -3 0 12 24 24 -17 -46 13 -15 -13 10 -16 -9
-18 6 -8 -20 -18 25 -18 -18 2 -3 11 3 4 11 47 -21 1 -6 -10 7
-2 22 0 9 -5 -24 -9 -16 -7 -30 21 3 -12 -7 25 -44 5 -16 -30 13
13 12 -12 12 -17 15 27 -3 9 -9 27 43 2 -28 13 -13 23 4 16 9
8 -10 13 8 -12 12 -3 17 14 11 4 -5 -11 -25 -1 -28 4 7 24 -16
-10 16 -1 7 -1 4 -4 4 5 5 6 22 -4 34 -5 -2 0 -14 -18 16
-20 2 -6 -7 -14 18 15 -4 8 3 12 -19 0 -1 -11 -1 -12 13 -9 9
4 -8 -23 -3 -32 10 -22 -17 -8 -17 19 24 -15 -18 14 -4 25 -2 -3 -3
-59 -10 -11 28 9 18 -21 -11 10 -33 -3 -35 -4 23 -37 -4 4 31 -14 1
-14 -25 12 -1 22 -7 -2 14 -8 -56 -52 18 0 -2 47 -89 24 7 -15 19
1 12 18 -4 -17 2 -22 17 12 2 -9 8 -8 -1 -5 19 -11 13 16 5
-20 20 8 -24 -53 -14 -1 -28 -26 -20 -14 -8 -5 18 31 0 18 -20 -1 3
29 -4 -26 5 -12 6 -19 12 -16 54 4 -13 14 -7 12 -2 -4 4 -2 -2
2 9 21 -45 -6 11 4 10 1 2 -2 10 3 9 -1 5 3 -2 5 -3
0 18 2 5 8 3 4 -4 4 -4 -3 -10 2 6 0 4 -7 10 3 10
-5 2 -6 -2 -21 3 1 -2 -4 4 14 -4 9 -3 5 4 -2 -4 -10 -6
6 7 7 1 -4 6 4 -10 -3 -6 11 2 0 4 10 -7 -9 -10 12 -11
1 1 11 5 7 -11 -3 -6 -2 -16 -1 4 -2 6 1 28 -23 -18 10 -5
0 -2 4 -13 -9 10 5 -12 2 -2 -16 -2 23 5 -12 3 8 8 -3 2
6 3 -11 4 10 -9 25 -23 -1 -3 10 8 4 -10 1 -7 -12 -19 -8 -39
-5 5 12 15 1 -9 -5 -3 4 5 29 6 2 -9 -10 -11 15 29 -34 1
23 -3 -12 -8 3 2 8 -5 0 -12 -9 17 3 9 -8 1 -9 4 7 -11
-28 -2 -2 -2 -5 -9 -15 -13 -4 4 0 -1 -9 -6 -1 -7 -4 -17 -9 -5
6 -1 16 -4 18 -12 -7 10 -9 12 28 9 3 3 -20 -18 -1 -1 2 20
-1 -6 -1 -13 -2 1 -2 -9 -4 -20 5 -3 -5 -3 10 10 -21 -11 -1 -11
-2 -11 7 -1 33 -6 -8 10 5 -12 -15 -11 5 -7 -3 14 1 -22 0 -1
-11 14 -6 1 -15 -10 -1 6 -6 -10 -3 -11 -7 21 -8 14 9 3 14 -29
-15 19 -7 11 -43 -6 -10 1 15 6 -18 0 -11 -3 12 0 0 19 17 -2
-3 -9 21 -2 1 -8 -4 -4 7 -3 -5 -11 11 -8 -17 34 6 10 1 -2
4 -6 5 -6 14 -6 0 -13 -12 6 16 -27 -7 -13 -1 -7 3 17 -9 -8
7 23 -13 32 4 -13 -15 3 -5 38 18 3 -10 -15 -6 -3 -6 1 13 -17
-2 4 24 -30 4 -3 -13 1 -9 -5 -13 -16 -63 8 -26 -1 1 1 2 -9
1 -1 11 20 18 2 15 21 -2 16 4 9 -9 14 -10 27 4 13 -8 -3
-7 -8 -21 -5 19 1 -5 -5 14 1 0 -23 11 2 18 19 14 -5 -2 37
1 41 10 -6 18 -18 -5 -2 21 -8 6 -23 12 -33 -10 3 18 17 7 10
-20 22 16 11 16 -9 -15 -7 1 -1 22 -14 -16 -15 8 -16 37 11 -27 6
-12 -25 -29 -36 -30 12 22 68 22 21 8 -5 8 -16 -19 -2 29 34 -29 -26
0 25 30 -13 -25 6 26 59 4 18 5 43 -25 -3 19 0 -25 -5 -41 22
50 -3 -3 22 7 -14 11 2 -12 19 -16 13 7 -5 25 20 -38 31 -19 41
3 -14 7 -17 -14 -7 6 1 -21 36 -40 -32 -17 1 -11 9 -13 -14 14 -3
-27 7 -79 -44 -38 -1 -30 5 -6 -26 16 -16 -4 -42 11 20 5 -26 -23 -9
-10 -9 23 -21 -65 0 15 4 0 -66 36 -14 -8 -10 73 5 -29 -11 49 2
6 29 28 20 1 21 22 2 5 -1 4 -3 -7 1 22 3 -7 3 14 -7
-5 0 -11 -16 -4 -10 3 1 -6 1 -7 -9 17 19 -3 1 9 5 -2 2
10 1 7 0 5 14 -14 11 -5 -19 -3 -6 -19 14 -17 -4 -1 2 2 -16
-1 -8 15 2 -3 1 1 17 -46 -33 -5 -7 2 -46 -16 42 -15 -22 -24 5
29 -23 -20 40 -3 39 0 -72 5 9 18 12 -27 10 -13 -22 21 7 -14 15
-41 -21 9 -48 7 23 -51 41 -8 4 -42 15 12 -37 4 -25 -5 -16 -18 -28
-16 -13 -24 15 -8 -11 -1 -24 16 -8 -34 -10 25 11 -15 14 -1 -6 -47 -25
-3 -28 -34 48 46 60 -25 -47 -6 -6 11 10 13 64 -18 -23 -47 4 27 -26
-3 38 10 -11 15 26 -15 -18 4 -13 -1 1 15 2 -15 15 -10 11 -5 7
28 -32 2 12 1 3 -42 -19 1 1 -14 31 4 28 -13 7 -3 -4 -8 -7
-4 -11 -9 13 20 -1 13 -14 7 12 -19 -2 -17 5 2 29 5 13 -1 -16
16 0 -3 -14 -3 35 18 21 -1 15 7 0 -45 -2 -3 -14 -6 12 17 7
28 -9 2 8 -3 -5 -7 -15 10 17 8 9 -10 16 3 -14 -1 2 12 9
-7 1 11 -2 5 6 17 -13 -14 5 -13 -2 20 -7 5 -11 12 -2 -7 6
10 7 0 -2 10 -9 4 2 1 -26 2 10 -25 -19 17 10 11 20 1 5
12 -14 -1 -4 20 6 -19 -25 4 -5 -19 -12 -18 -3 -1 -28 -14 -6 -3 -5
26 -8 0 -3 20 2 -15 3 -11 7 -3 -14 -2 -14 -13 -5 -13 6 15 14
-7 -11 13 -3 -14 22 25 -13 -11 -17 -4 -7 -11 33 1 4 0 -10 -20 -3
6 19 -2 -6 5 -2 5 -24 19 6 -2 1 -14 -28 34 7 16 -9 2 13
-2 8 -4 2 17 12 -13 1 17 13 -4 -5 2 -4 10 -6 14 9 0 0
16 6 23 -3 -2 -12 0 14 -8 -14 -18 -13 1 -1 4 5 -6 19 -4 7
4 0 18 -11 -15 14 -6 -15 23 7 -25 8 -20 14 -1 -4 -10 23 9 27
10 14 -4 -6 -9 17 0 -1 -3 8 10 14 56 -4 -8 -14 14 -4 16 16
-37 4 -12 27 -25 -3 -8 20 -9 -3 4 17 -41 36 -2 -7 -40 19 4 -4
-7 0 -1 9 23 -7 35 4 0 -21 -8 0 1 3 9 -2 8 -17 -10 -19
13 -23 -2 -10 -13 3 -6 5 -6 2 3 -5 -19 -12 -10 3 25 -9 4 40
-8 5 19 -16 0 1 0 -17 -35 -24 41 -25 -3 18 6 13 -16 10 -9 -16
-59 -28 20 -10 -18 0 18 5 -14 28 -9 -24 -14 -3 9 3 -2 1 -33 4
36 -6 -18 -16 4 5 -21 -1 1 -1 -10 12 23 5 -17 31 15 40 -3 4
14 3 13 -18 3 -11 -9 3 -1 -6 -11 -5 -9 -3 4 -10 1 -4 10 -19
-13 -8 9 -21 -2 -2 -4 20 13 16 19 10 5 -4 -4 4 -32 10 -4 -4
5 5 -14 23 -3 -18 -10 12 -6 9 11 7 9 -16 -4 -8 3 2 28 -1
-11 18 13 10 6 -2 2 26 -15 14 -4 -3 9 -5 -9 41 -30 -33 -27 -10
-51 -27 -7 -34 -13 30 -5 5 -14 11 -6 5 -40 -9 15 -22 -36 -11 11 -37
-3 15 11 13 17 -5 -66 34 -16 -9 8 -22 25 -21 -26 12 1 13 30 -10
19 8 -24 -25 19 26 17 17 16 -15 6 19 -16 53 -12 -14 -2 -13 -3 11
10 -4 33 -35 -25 16 -7 8 22 33 66 -41 -27 44 -17 -26 3 -12 -22 -13
-9 9 22 -7 8 -6 4 39 3 6 -6 -19 -28 -19 -4 -15 46 3 -11 8
1 5 -25 39 -18 -9 -1 -38 40 50 17 2 42 -5 0 3 4 -7 -1 -13
-1 -22 6 3 2 -11 12 3 17 -20 9 5 -5 -4 3 1 3 1 13 0
-6 19 6 -14 13 -8 26 2 24 21 -13 -1 9 -4 -8 4 -25 4 -1 14
-16 14 9 7 -1 -4 -2 -18 -6 -1 1 -19 -1 -12 -4 0 -6 -19 -20 -5
-37 -26 19 -21 -13 16 2 -19 8 4 -9 6 6 15 -9 22 14 -24 -16 -29
15 -30 -6 23 -20 24 -14 4 -11 -5 13 2 17 12 16 6 12 -6 -3 24
-4 5 -5 -18 7 -22 5 -35 6 -7 28 13 6 1 10 10 -11 -11 1 -34
4 10 23 11 29 3 16 4 10 -22 15 5 0 -15 -13 8 7 5 11 12
8 -3 1 -20 34 -26 -21 5 7 20 -10 7 4 5 -2 15 3 -34 2 0
-5 -14 19 18 -12 -25 2 31 20 -7 29 15 1 -15 5 -10 0 17 9 -9
-2 11 22 0 35 -13 15 -19 7 -22 -15 3 1 9 -1 3 0 -5 15 5
-11 4 8 22 4 12 9 7 10 -4 11 -3 -2 5 11 11 -7 6 -16 10
18 18 -9 0 -15 9 5 -1 3 -5 -4 7 1 -8 8 2 -8 6 -9 -3
6 2 1 -4 17 -2 -1 -3 30 3 16 -12 6 37 -14 -10 -2 6 1 4
-21 11 18 11 -21 -45 -5 -11 -11 -22 10 5 7 25 8 11 0 14 -12 7
-15 1 -10 -1 -8 8 -1 12 7 -10 13 1 10 -3 17 -7 10 22 -3 -5
-9 9 22 -15 -12 -3 -3 14 -4 -10 5 5 -22 14 -18 -8 -12 -6 -25 -31
3 -2 13 4 -6 3 13 -25 -5 6 -12 -17 -13 -22 -20 2 -6 35 -3 -29
-4 6 -12 7 19 -16 19 -38 16 -7 -2 -11 12 4 3 5 2 4 0 0
-16 -18 -14 -8 4 4 -1 11 -16 5 14 15 -1 -11 -11 -8 2 8 3 -4
7 7 -13 10 3 8 4 -4 10 1 2 -1 -4 1 1 11 4 0 8 0
9 5 -7 -12 7 -11 10 5 7 5 17 2 3 -4 13 -13 -9 -3 -13 -1
15 -8 -7 10 -16 -5 -6 8 0 7 -2 -1 -8 -4 16 6 -6 4 -6 20
4 -17 5 6 -1 -29 11 -17 7 -18 -9 2 -4 -9 -31 -37 5 -11 -2 -16
-26 -17 -2 -58 8 17 -10 18 -18 -13 -19 21 -17 5 1 1 -26 1 -12 -8
-22 -3 -46 -12 2 21 8 -8 -3 -3 -1 21 25 -1 -22 -13 1 6 36 -4
25 -25 2 -24 7 4 34 36 -14 4 -22 -23 -24 28 -6 -8 -19 -3 0 7
-5 22 12 2 -9 29 0 -13 -9 19 27 11 -6 13 15 -6 12 -2 25 27
2 -22 12 -13 3 8 21 -4 2 -6 0 2 11 18 19 13 9 -15 -9 -6
-23 10 -6 -21 11 -2 7 -3 5 -11 2 0 -8 -18 2 -3 18 -3 17 4
-4 1 -1 3 -4 9 5 -4 12 9 16 -29 4 8 3 -2 0 -25 8 4
0 10 6 8 -5 -27 5 -10 -8 -4 -31 3 12 -9 5 13 5 5 8 -11
10 -7 2 7 -7 -3 2 9 6 17 -1 -4 23 -7 3 18 11 27 -39 12
-12 11 -13 -2 33 -6 -15 -8 -7 -8 -2 5 -15 -14 21 -12 -20 -42 21 1
19 -8 -11 -3 4 -11 -11 8 20 5 -13 2 3 -2 8 8 -28 -2 2 4
-12 -16 20 -6 16 1 -4 3 -17 6 -3 -8 -2 25 7 -7 -5 1 24 -14
10 -1 -2 -1 20 15 -4 -3 23 -1 15 -1 13 12 7 -10 -4 29 -9 2
-3 14 -36 -8 -16 32 -1 -1 -1 17 3 19 -18 3 -19 20 6 -1 -15 1
-24 3 7 4 22 -15 -7 11 7 0 14 40 6 3 -4 5 1 -10 -16 -7
8 14 3 5 4 -7 10 -8 -4 -9 -22 -4 -4 -10 18 -10 -3 -7 0 2
-9 -23 -7 3 5 -4 5 -10 -2 12 -6 -8 7 7 -3 -1 17 9 2 0
15 3 -10 -6 12 -4 3 -3 5 10 3 16 -3 6 2 -1 6 17 7 8
7 4 13 9 -11 4 -4 8 8 3 8 3 4 7 7 9 0 3 3 5
-11 -7 8 1 -2 9 -12 -10 -4 -17 -4 -12 -1 0 -10 6 13 10 10 0
0 -6 -16 -7 1 5 18 1 -5 -2 1 -2 -13 -1 -18 -2 -8 5 -14 -5
0 5 -3 -7 -7 -23 5 1 10 0 -14 -3 7 -3 -7 4 -2 -11 -2 -4
0 -10 6 -9 2 3 7 -7 -1 13 -10 -15 -4 -12 6 0 5 22 23 -12
4 1 -10 -9 5 8 12 4 4 6 10 6 0 9 4 11 8 -13 0 -10
0 4 -9 8 -4 12 3 11 -1 -15 -8 1 -2 6 6 3 4 -13 -4 4
-1 -7 3 4 -3 -5 17 6 2 -5 4 10 -2 2 -1 -9 -1 7 4 5
0 -10 12 2 -15 15 1 10 3 11 -2 -2 2 0 -12 -9 10 -12 -3 4
3 -6 -1 3 6 -5 4 -5 6 2 1 8 2 5 6 9 19 16 6 -10
1 -45 7 4 -5 -6 -3 14 -5 0 2 -6 5 -11 2 -7 10 13 28 -11
12 7 -56 -10 5 -4 -16 2 -17 1 5 -5 -9 -31 -12 28 -3 5 -5 4
1 15 11 0 -1 11 7 7 -3 5 -2 -13 -15 -1 10 6 13 12 16 0
-2 -6 -26 -8 -9 1 -5 -3 5 -5 0 -3 -4 4 32 24 0 -20 -11 -13
9 -8 1 0 17 -6 -5 -17 -10 -9 25 -12 5 14 1 15 10 -4 -12 1
-5 -1 5 -9 -10 0 0 1 -5 -5 0 -4 -5 15 -22 15 -2 6 26 24
-1 2 6 -8 18 18 -1 -19 6 -14 -1 9 -5 -17 12 0 -1 -5 -7 -5
-4 2 9 7 -9 -5 -3 -6 -2 -7 12 0 4 14 5 1 4 3 0 -1
4 3 8 -5 15 -15 -18 3 -6 -6 -13 -1 -6 4 20 13 1 -7 9 1
12 19 2 3 -1 1 9 16 48 -4 -6 2 10 12 -11 -2 12 30 -5 6
-42 -4 0 3 12 39 -10 -7 7 -4 8 20 0 11 7 -35 -10 -11 15 11
-14 11 20 -15 -2 22 -11 -26 -9 11 -16 19 -1 -10 7 -10 -16 -10 -11 27
17 21 -24 2 6 -5 48 -8 23 3 4 12 -31 5 -6 -4 -27 -5 -7 -17
9 -6 -2 -2 -42 -31 17 -14 11 -4 -4 3 17 -8 -43 2 -24 -10 0 -33
-5 4 -12 -1 -10 1 11 -1 16 66 -1 4 7 -8 17 -1 -5 -11 -14 -4
6 -19 -23 7 4 -23 -16 -20 9 11 -14 -12 0 -22 -3 -9 12 1 14 -1
19 -7 -3 11 -18 -4 1 2 8 4 1 -18 -8 -8 10 -6 0 -7 -2 -29
4 -1 -8 2 12 88 7 4 -2 -5 9 1 -2 24 -5 -8 -6 -4 -13 -12
2 3 3 1 -11 -8 -17 9 18 -10 1 -15 5 0 14 -26 -11 4 7 9
-1 -7 2 1 8 25 10 9 -3 -9 -11 12 19 19 -15 -48 -26 -11 -7 58
-18 29 -38 -31 20 -7 5 -8 25 13 7 -11 8 15 0 8 -19 10 -32 -4
0 -6 -27 -24 28 -22 -9 14 -29 -14 16 22 -7 6 13 -2 3 -17 20 -15
20 -10 -35 -28 8 -7 -1 17 -43 -5 21 -29 -3 4 -4 71 32 -73 -6 -35
14 7 -26 -12 -18 20 42 -12 -11 -25 -19 -15 5 7 55 -19 4 -27 13 39
-23 7 -9 -23 -7 2 1 -12 0 -22 -1 -34 0 23 -9 -29 -7 9 -1 18
39 9 -13 -13 -5 -12 -20 -17 1 -2 -5 -12 11 0 10 1 4 -6 8 -13
4 14 21 -2 1 12 4 -7 -17 -19 17 -11 1 2 -9 20 2 -34 -10 -2
1 -4 12 11 7 19 -5 -1 2 -17 -13 9 18 -22 1 -7 0 1 -17 -9
5 -10 -13 6 -2 -4 0 1 15 1 -18 9 1 -9 -34 -17 -1 30 1 38
-30 -53 -6 31 -15 -12 -21 -15 9 -6 -15 -34 -15 -21 26 -79 33 32 -12 -7
-21 15 -21 -8 7 -20 11 1 -17 11 6 -9 0 -6 -16 -29 -31 17 -3 -4
34 -18 -7 -2 12 -28 27 17 26 11 -24 5 -47 2 -45 -20 -30 -53 -23 -28
30 -8 -1 -17 -2 46 -17 11 21 -16 -3 -4 5 9 -42 3 -1 -7 18 23
22 32 -16 23 -7 35 0 -9 -12 -27 -31 -14 20 47 -14 -36 -4 -23 -12 -10
3 -10 -3 -10 -39 -19 15 2 -13 5 14 13 30 -21 -4 -10 -4 -6 6 -8
-3 6 6 -15 8 -5 -5 3 9 2 22 7 5 10 0 -12 6 -8 -2 -4
-2 -9 23 -19 -1 -8 -8 9 2 -11 1 3 5 -13 5 -2 -24 13 11 -5
5 -14 -17 21 -18 10 -8 3 -10 0 5 -2 12 -5 -3 -8 -6 2 2 -16
-16 8 3 -1 14 -8 -60 7 -7 30 0 -22 12 -14 8 27 8 -9 7 -17
17 8 -5 -14 -13 12 21 -10 -22 34 -14 8 3 5 2 -7 -1 -18 -13 -9
-14 14 -14 -13 9 4 13 1 7 -2 -16 -29 29 -25 -14 -15 3 -7 6 84
11 -2 17 1 26 -12 -50 -17 -3 -18 -1 6 -1 9 -13 -11 -13 15 -10 -11
-17 -31 -14 2 -6 -1 -15 -26 -15 0 19 -3 -12 -4 -4 12 -4 34 28 -28
13 3 4 -11 -3 12 -6 -4 -3 -3 -6 -5 0 -66 -4 -25 11 20 11 3
1 -5 -4 -12 -4 4 -3 5 20 -10 -28 -3 4 21 -12 -1 9 16 12 7
-14 -10 -52 4 -8 5 34 -16 -3 0 10 -17 -8 1 14 -22 6 12 6 -3
-8 4 7 -8 4 1 7 -6 -48 31 11 -4 19 10 -41 1 5 9 -4 -2
-18 0 15 39 -3 8 1 -11 -5 3 10 -11 -12 15 -4 19 -56 -8 16 19
0 10 -20 -12 -12 36 -12 -20 7 1 26 11 6 1 0 21 3 0 18 5
23 46 -32 -22 -52 9 -6 -38 -26 14 35 -3 0 55 3 -7 40 -11 5 -11
5 -43 -1 8 27 -2 2 -14 11 13 18 -11 -6 -16 5 10 -8 23 -2 3
2 -36 29 15 -9 1 -23 -5 4 15 2 -18 11 6 50 34 0 6 -33 -16
-20 -17 6 -21 -28 2 -33 16 -8 22 17 16 -15 -6 -20 8 15 22 -2 -5
-19 10 -19 -19 -21 -27 -17 -24 23 -7 -16 6 -13 -5 29 7 -5 -12 -4 0
4 30 -43 -10 -8 38 2 -9 17 -3 12 -4 -29 -30 -5 -2 4 -24 -3 -41
22 -23 -20 18 -28 -16 -17 -15 -23 -9 -27 -11 0 -9 -9 -27 -5 -6 0 -2
-13 43 -27 -13 -29 -1 58 -13 2 25 -3 7 -2 -11 -22 7 9 -24 -19 8
-8 33 -60 31 -89 -1 7 -27 56 72 -13 -26 -27 12 -44 -14 -11 -19 1 -6
7 -7 -1 -2 -79 69 0 22 16 5 4 -63 14 -8 -1 -28 39 21 -58 47
6 -41 -3 -42 38 55 -27 -5 -15 19 41 7 1 -16 -23 -33 -21 -44 3 -36
10 -3 25 -41 -37 3 1 -48 10 -52 7 -13 7 -13 -53 7 -11 -3 -51 19
21 -30 -1 -50 -8 -25 6 0 -4 18 -38 -58 18 4 -3 39 4 -86 57 -30
-21 -4 34 -4 -14 14 -26 32 -40 3 5 -3 -4 5 -13 2 -101 -1 -15 -9
13 5 33 0 8 -2 23 -32 13 -33 -44 31 -3 -10 -4 -38 -19 -3 -9 -3
10 14 7 -3 2 -9 -5 -2 17 21 -21 -4 9 -14 -6 -33 -11 -6 25 4
-7 16 -16 19 -2 26 -11 8 13 1 11 0 -19 10 0 7 -5 -18 -2 13
-25 14 10 -2 -12 3 -9 -16 -4 -23 9 -22 -8 -13 4 -27 -26 -11 -4 -6
15 -5 -3 3 9 -19 -53 -22 18 -5 -26 6 -27 -4 9 -16 -9 -4 -10 -37
13 24 21 -10 -36 38 31 -1 -6 7 -5 17 -7 10 49 23 29 -1 -19 -22
-13 -10 98 2 -17 5 1 -4 -32 -33 30 11 -37 8 -11 -51 15 -14 25 6
-27 28 -7 -5 12 8 -20 -48 -5 -6 8 0 -14 16 -26 1 -5 58 33 -18
-22 -18 -30 16 -30 26 73 9 10 38 -12 22 26 12 9 -28 -25 9 -29 -17
3 18 -6 7 -10 -2 33 6 24 -1 0 7 -21 1 23 4 0 42 -10 -9
-12 -19 9 2 -5 16 -22 -4 19 1 9 -12 13 1 0 -3 -1 16 -1 -6
25 13 14 -5 2 -4 0 -17 9 0 14 -10 -5 9 -13 30 -4 39 -6 2
3 -4 13 1 -25 17 0 -8 1 -12 -18 14 -15 9 -1 9 -6 -3 2 6
15 -4 6 -18 -7 2 -5 3 -4 8 14 -6 12 14 -15 -1 7 32 13 -10
-16 2 1 -16 -76 -7 1 4 4 5 1 17 -22 -12 18 13 48 11 14 3
0 1 5 -17 3 -6 13 -3 3 14 2 12 47 1 -2 -9 -2 16 -24 -22
1 -27 -14 -27 -5 -11 -39 11 18 1 -8 -19 -10 -8 19 -3 9 -5 10 -13
1 -2 -14 16 -9 -5 -5 15 14 -23 -43 12 -10 1 14 -25 2 3 -45 22
-25 1 1 5 -13 15 20 4 -11 -7 -1 8 -12 -15 -2 8 7 5 -11 -6
-11 -10 12 -11 -2 -42 56 3 10 17 -2 26 -16 -23 -12 -18 0 29 -22 -11
-3 8 -11 -3 -17 52 15 -7 1 -31 -8 -12 36 30 -9 -16 21 2 13 -91
-13 -33 9 -22 25 2 3 64 4 -31 -8 -1 14 -33 -3 8 -82 -6 15 -15
13 14 -46 -15 32 10 -22 -6 31 -3 4 13 19 -26 -4 -9 12 -50 -4 0
-17 32 9 -19 1 3 -13 -4 -6 38 6 12 7 -13 13 4 7 0 11 14
-45 9 -10 12 -25 8 -14 8 -26 4 25 4 2 -36 -43 -29 -9 18 21 0
-13 -5 14 -20 4 -15 13 0 -23 2 7 6 21 -12 23 22 -21 9 -7 1
-13 -8 9 1 1 -14 -31 -10 -5 -7 3 -4 -9 14 -22 2 -4 25 -23 -5
-33 2 33 31 -26 27 121 -28 12 8 -7 -30 12 -2 -10 -3 -2 20 -44 -30
1 -2 42 16 15 -19 -26 -15 23 16 29 4 7 35 -22 8 -16 -26 -10 -4
-6 15 -6 11 18 17 -1 -11 16 28 -33 -22 6 -9 -2 -5 3 -10 -13 -3
-8 -8 -5 -5 0 16 0 -10 -16 -15 -1 -14 7 5 23 -10 -2 14 -10 6
0 11 6 3 2 1 14 13 -11 -4 6 -9 9 -9 4 8 1 10 -6 9
9 2 1 -10 -6 4 9 1 -3 -21 7 2 4 16 -10 -1 28 -14 10 10
17 14 -13 8 -4 7 11 -35 48 -1 -22 2 23 -16 4 -57 -19 -18 -11 29
-5 -29 -22 22 -18 -8 2 8 29 -16 60 -5 -17 -41 -22 7 -9 -15 -23 -17
-7 -2 -28 -30 26 -33 -2 -1 -2 4 -24 -45 -18 9 -7 -12 -5 0 21 9
10 4 14 11 25 12 -16 -12 25 -11 -15 16 -25 11 6 23 -18 8 5 23
0 8 22 -30 0 -16 11 -23 -24 5 -25 -14 -10 -4 5 6 -8 12 17 -2
-6 16 -10 -3 -16 -17 23 5 3 -2 17 -16 4 -6 22 6 12 5 54 13
7 -26 0 -20 -2 3 9 0 0 -4 -13 -2 4 2 8 1 14 -4 4 -22
-21 21 6 -18 0 5 9 -15 -10 3 -14 6 0 -27 7 7 1 14 16 2
11 6 -4 -14 9 -6 -11 -10 11 -6 -6 -1 7 11 -18 -14 -6 -7 10 -1
-5 -5 12 19 -19 -7 1 10 -40 -12 -17 8 -5 -50 21 -20 3 -45 13 -3
22 -21 9 -30 -13 -29 -2 12 8 21 11 -10 5 -30 -9 3 -25 4 -13 -8
-22 -16 -4 -11 -2 36 1 -16 25 9 15 6 -21 -1 -25 14 -40 -16 -33 -9
-2 -6 -47 -14 -9 7 -9 -16 46 15 24 -1 -30 30 31 -6 -3 3 35 -15
-6 -25 -8 10 5 13 13 -10 -4 3 -26 -18 -46 11 -8 -2 -72 6 4 7
-12 37 -23 -10 -31 17 2 35 -4 7 11 -3 -19 -4 -4 -6 34 4 -17 4
-19 5 -36 22 -16 1 6 26 -15 2 -24 -29 3 -14 10 18 -8 6 -6 -10
23 6 18 5 -9 -5 -8 -19 -4 7 30 -13 4 8 -3 0 -18 -22 13 -21
-8 16 -13 29 -1 -13 -2 -5 6 -7 6 2 -12 -7 -16 0 8 -2 -24 4
12 23 8 4 -9 9 -6 -21 -6 -32 -5 -2 -4 36 7 -28 -10 2 12 14
20 -57 -22 -3 6 1 -28 12 -17 8 8 27 19 -16 24 6 10 -52 -5 1
-3 5 -11 24 -81 36 -4 11 -8 -18 -35 -15 -26 -3 34 3 20 12 7 18
1 -26 -4 23 -14 7 -27 -25 6 -48 -2 -16 0 8 -13 -9 23 3 -3 -35
22 13 34 40 15 -2 9 -28 -1 -14 -32 53 29 -40 -18 -2 -36 -32 -5 11
-27 -15 -38 -20 -22 27 4 30 22 4 -3 -28 -43 4 3 19 -24 15 -18 -10
-10 -6 -13 -9 -11 -6 -18 -16 33 -8 -29 -14 13 -20 29 -4 -19 -2 7 7
-44 -4 29 -21 -6 25 -10 -16 5 -48 -1 0 25 -7 5 9 -18 -1 -1 1
5 8 -5 -9 -9 11 7 -9 1 1 22 -3 -14 18 -2 -3 -21 0 -7 10
-2 -7 0 17 19 -21 9 7 -29 3 -5 -11 12 20 1 -1 2 1 -3 1
-6 10 5 0 5 16 -3 6 10 10 -33 -19 0 0 8 30 9 8 3 4
0 1 -1 2 1 -2 -5 1 -6 2 -3 0 6 -6 -7 6 -4 2 -5 -3
3 -8 -3 0 2 7 -12 3 -1 0 6 11 1 2 -2 -1 0 8 2 4
-2 -9 -3 -2 -9 -2 0 -12 10 1 -5 -2 -7 -8 0 0 -2 3 -1 -4
-7 1 -3 1 -1 -1 1 0 4 -3 -6 -9 -1 3 1 -2 -6 -1 -1 0
5 -5 3 6 0 0 -5 3 -9 5 5 3 -2 2 -7 0 -21 5 5 1
8 0 3 0 -4 1 8 -3 21 4 10 -2 0 3 5 -4 3 7 -7 1
-50 41 -17 20 -10 17 5 -29 -16 -28 -21 0 3 -11 -17 -14 -10 7 -12 12
-2 8 -23 -9 -8 -26 3 -8 0 -12 -24 -36 -20 -2 -10 -9 -6 11 17 -7
-24 -12 -60 -28 38 -9 -15 -20 -25 15 30 -1 -18 5 10 -45 -9 3 -10 25
8 -2 -27 5 15 13 -11 1 -26 37 -28 -19 -14 4 -36 -69 29 -20 -31 6
-1 7 -27 4 11 -65 1 -19 36 27 -23 -14 -30 -36 -47 51 2 25 -22 -12
-35 14 7 26 -12 47 15 28 -13 4 13 -22 -7 -5 28 30 55 -24 -41 19
15 -14 -57 -12 -46 -16 -3 8 9 44 -38 -15 -11 -6 -40 10 -55 38 3 20
25 -17 19 9 88 14 -5 -57 -74 -1 14 -8 -8 -27 -25 -56 -1 9 27 -8
29 -36 11 77 43 -13 93 -18 26 -53 18 -56 -39 -30 11 64 12 -29 -26 17
29 -39 6 -23 -24 3 -37 -16 -4 -31 -13 51 -68 10 -51 -3 13 -2 4 -6
8 -14 1 -35 22 23 -4 -1 11 -7 1 -24 -5 -6 12 -12 -1 8 2 -3
10 -2 6 41 2 -13 11 5 11 14 10 -7 7 3 19 13 11 10 13 -2
4 6 21 -14 28 16 10 1 -4 14 2 -7 -8 -12 1 -1 10 20 -4 -5
-11 -9 1 -5 6 -14 1 -23 10 12 6 -1 -17 -2 -1 6 -3 8 6 1
2 19 -2 -19 13 -3 -4 1 10 10 7 7 3 -3 9 15 13 -6 -4 -12
0 11 10 -7 12 -7 -11 -4 8 0 -6 -7 3 4 11 12 -8 -1 -1 1
-3 6 1 7 -44 6 2 3 -10 1 -9 -4 2 -7 -3 0 9 2 -2 10
-5 14 6 -2 5 -12 18 7 3 10 8 8 -2 4 1 -3 -2 -5 -1 18
-6 1 14 3 -8 9 8 -1 2 14 -2 2 4 -1 1 3 10 -3 -10 2
-3 1 10 4 4 -7 14 0 -4 4 -5 -1 -2 3 -1 5 9 1 -9 -10
-1 -31 -4 23 1 -4 -6 -8 2 2 -13 -4 7 12 1 4 5 -6 6 -5
-19 39 -10 -10 -4 3 8 1 -7 8 3 6 -15 11 -4 14 0 0 0 -18
-10 11 -6 -18 -47 -1 -22 -14 0 6 -32 6 1 20 -6 7 -5 -1 -4 6
7 -1 -12 -2 -24 -7 -14 6 4 28 12 8 4 0 0 -9 6 -38 10 -23
0 -4 -5 12 -3 9 1 10 1 -16 -3 -17 -20 5 -7 -10 21 -39 4 1
9 -2 1 -38 -10 -4 10 -12 -2 -3 3 3 1 -6 5 12 6 7 -9 8
-9 16 -8 -4 1 6 8 -8 -10 -4 32 -3 -2 17 9 -10 7 -13 -3 -6
4 2 -7 11 -4 16 10 0 -18 -6 -15 13 -11 -6 16 -11 5 19 4 1
-3 11 -2 3 -4 11 4 -8 7 2 12 0 8 19 -13 -4 -16 -5 0 0
0 14 -24 13 2 15 22 14 6 -6 13 11 -5 -24 -56 38 -17 -7 16 -9
5 -7 -11 -4 13 -1 -20 10 -87 -12 0 -15 25 -4 76 54 13 -67 4 -24
15 -14 19 -55 -51 -6 2 15 -23 22 70 -8 70 -52 -10 -11 6 10 -6 9
20 14 -7 41 9 -4 -6 13 20 1 3 -4 -12 10 8 -7 -10 -2 -2 -8
-6 4 0 -2 3 22 3 -10 5 -1 -7 22 -4 2 -3 -10 0 11 -2 0
-6 11 8 14 -10 1 -1 -2 -17 4 -23 -9 16 0 -24 5 -22 6 1 -12
10 18 -8 -1 5 -1 5 2 -1 -11 -5 2 9 -13 -23 -9 -3 -12 5 -6
11 -5 0 -8 -16 18 1 15 3 -15 -5 -11 -3 -15 6 -6 1 -5 1 -14
10 4 6 1 -18 -14 -15 10 -5 11 1 -14 1 -5 -7 -3 16 0 -4 -9
-3 -37 -1 -22 4 -2 -23 -1 8 0 0 -2 6 -4 12 -10 -7 1 4 -3
4 15 -4 -6 0 4 6 -8 -5 2 5 3 0 4 4 -4 -1 -5 2 -8
5 0 19 12 -7 -16 -26 -5 2 7 -15 44 15 11 -21 25 -10 -3 -6 -1
-3 -32 -38 -1 -17 -37 -1 1 11 14 -10 0 -7 0 0 -16 6 1 -7 2
-6 -5 -1 0 -1 -6 -8 5 6 5 0 2 -1 -1 -6 3 1 13 -1 -5
-3 -4 3 -3 3 3 3 -3 -1 -1 -2 2 1 -2 1 -13 2 2 1 -2
13 -9 3 11 -7 2 7 1 8 -1 9 4 -6 -3 2 0 0 -1 12 -1
0 0 1 -4 -4 2 0 -8 1 -1 -9 -7 -7 3 2 7 0 -3 5 -1
-2 8 -4 5 2 14 3 -1 0 -1 -1 -1 -7 0 -2 4 14 0 4 1
2 -1 -1 0 6 8 1 -3 -17 -3 4 -1 0 3 -3 -3 0 1 0 -1
-7 -20 2 -39 37 28 -11 21 24 -14 -7 -42 -25 -20 -21 -12 -25 20 -29 9
-19 14 -20 -6 52 -14 0 -9 -33 0 -28 -2 -19 -13 -3 14 0 -15 -4 31
-13 12 -4 -8 33 -5 35 3 -16 23 -8 14 12 -35 10 -2 -49 -28 25 7
4 -14 -7 4 -14 -13 -17 7 22 15 -20 10 -6 12 -5 6 -21 9 6 -29
-6 7 51 -22 17 2 0 -11 5 -9 -7 -19 5 8 1 3 12 2 -5 2
-3 -12 -4 -24 9 4 -10 -3 14 8 7 1 -32 9 -3 -17 25 -8 -9 4
10 -17 -7 -5 -2 13 -4 0 11 -1 -17 0 -16 -64 4 7 -3 -22 5 -7
-7 -7 3 16 -22 2 -23 -1 3 10 -24 21 -9 1 -5 2 6 -11 -21 -10
-35 -2 -6 -13 21 13 -10 -13 -16 -62 7 -10 -7 -7 -3 -5 -19 -3 4 -4
0 8 4 10 16 2 6 15 12 11 13 4 26 15 13 -11 -26 -10 -17 3
3 -15 4 13 1 -36 42 6 -13 -27 0 1 9 -9 -2 -4 -35 0 -1 27
-11 0 -19 -19 -23 2 10 1 -40 40 8 -21 55 18 19 0 34 -4 4 2
-26 -23 -11 41 -5 29 -5 -10 5 15 8 12 -35 31 -30 13 -11 7 -12 -7
11 15 23 8 31 4 2 7 -7 11 15 16 11 -2 -1 2 -19 21 34 -3
-14 23 12 -27 10 -7 -5 31 -4 -3 -2 5 1 4 -7 8 1 9 -11 8
-20 -7 -16 -4 5 -8 9 -6 -8 5 -8 2 1 13 11 3 13 -10 18 -2
0 -10 2 -6 -18 2 -7 -6 7 10 1 -2 -5 -8 -3 3 22 10 -15 6
18 16 39 22 0 -25 2 12 -3 37 -3 7 -29 4 -13 -14 -8 -3 -2 21
-14 -1 -13 0 -9 2 6 0 -7 26 -4 -4 -1 1 8 2 9 -11 11 6
-7 2 -21 -14 -39 -47 -26 -13 -9 -19 12 -1 0 -47 -33 -8 -3 20 3 5
13 -1 -20 7 -12 14 -5 10 -4 -15 2 8 0 17 14 22 -1 5 3 -12
16 23 -21 -35 -13 5 6 -3 -12 -38 9 4 11 -17 -36 -3 17 -4 15 -9
-9 5 -9 -22 -19 -7 -17 -16 -2 -22 -17 7 -7 18 -25 -7 -15 17 1 7
-15 -8 -9 7 20 -2 55 -13 31 11 -8 -22 2 15 -11 52 -23 4 1 1
-11 -12 -10 -15 4 20 -2 11 -13 -14 1 32 13 8 -19 4 8 -21 -19 6
7 -11 -19 13 18 -7 -4 2 13 15 -5 -4 -9 -10 -11 7 31 -88 7 -1
-24 7 4 -7 -4 -2 21 5 6 9 -26 -19 7 26 -3 -6 4 7 -9 -22
-7 -15 10 -13 -36 -2 4 -1 14 13 -6 -18 51 -50 -16 9 0 -10 1 5
1 -1 -13 -22 -74 -25 3 -5 1 -8 -1 -4 46 -1 -62 -15 -16 -12 12 13
33 7 20 -21 -22 -3 -9 5 -21 -30 -22 -21 0 -32 -9 47 8 8 -40 -8
15 -3 -12 -17 -1 34 -17 -4 -34 3 9 -10 16 52 -9 -3 -23 -17 -3 -39
-23 -34 -11 -14 -17 -3 30 38 -7 -27 -7 -1 7 -19 -11 -8 -14 50 -70 0
-6 -14 -5 -12 3 71 3 -5 -2 -13 -12 18 -19 -27 9 7 -3 4 -7 16
-27 -13 -33 -11 34 53 -22 52 -61 -8 -10 7 -2 -9 -49 -12 21 58 -8 -11
24 -14 -11 13 -51 21 24 2 -24 -58 -18 -25 -2 -42 18 -1 37 6 -22 14
27 -35 -57 -12 12 21 1 -28 9 -11 -12 -21 20 -33 46 0 -10 25 48 45
30 25 -19 15 -21 31 -15 11 45 28 8 13 4 -63 27 -16 -47 -2 -25 18
47 15 -24 -7 -12 -20 -38 -40 17 -5 28 32 7 -40 6 -37 -24 11 36 -49
-32 -33 20 -30 -19 -16 -29 41 -20 -20 -10 14 -37 18 -4 -5 23 -7 -29 -5
-12 -21 6 13 10 -4 -1 -19 -2 8 -36 2 40 -2 14 9 1 -31 -5 -8
-18 7 -8 -4 -41 1 -4 23 -7 23 -21 -30 -11 -27 -6 -12 -6 -14 -3 -7
-12 0 2 -13 11 -29 2 2 18 -23 -6 -8 -5 -7 -22 3 -4 1 -11 5
-18 -5 12 -8 -14 -12 0 -6 0 7 0 1 13 -12 7 -7 -1 -10 15 13
-2 14 2 -23 1 -5 -7 -1 2 13 -7 1 -5 -7 -2 6 6 6 -13 -18
12 25 7 9 -20 5 5 14 18 -7 -9 -8 3 1 -11 -10 8 6 16 9
4 -6 -15 6 -13 4 -8 -2 -5 3 2 -3 -3 0 -20 -22 13 4 -1 -3
-3 8 -6 -7 0 -4 -9 -5 1 -17 7 0 -16 15 -4 -17 -6 1 -21 3
-4 -13 4 -3 1 8 -1 -7 0 7 -3 34 3 6 -3 -10 -8 -5 -9 14
9 -9 11 -10 -1 -7 -12 1 21 4 -3 -7 -1 -6 9 15 -2 1 -4 11
-5 10 -55 -5 20 -17 7 12 23 -2 1 5 -2 3 -5 -31 -37 8 -13 -8
42 14 8 8 11 -21 0 -2 8 5 6 4 4 12 9 4 -5 -1 13 6
18 10 46 4 -9 6 -15 -27 -3 -1 -4 -2 5 -3 7 -2 3 -2 -3 0
-8 2 1 -2 -2 1 8 -3 5 6 0 -1 -9 -1 1 0 -3 -2 1 -5
0 -1 0 -1 -4 0 3 10 -3 3 -6 4 5 16 -1 11 14 2 -3 -4
-9 3 11 -12 2 19 1 -1 0 2 0 5 -1 -1 3 -1 6 0 -3 -3
-2 4 2 5 5 -2 -8 -10 0 6 -2 0 2 4 -1 -6 1 -6 0 6
1 -2 4 -2 3 -2 3 4 -2 -2 6 -3 -3 12 -5 -8 2 -2 -6 -3
4 -1 1 5 6 -13 -6 -17 3 0 -2 2 1 -57 0 -1 8 -20 -2 8
-27 -8 6 -10 5 0 -2 0 -10 -12 23 -14 0 -13 -48 11 -19 -24 -25 10
-27 7 -7 4 33 -12 47 -25 -31 26 12 10 -12 -34 -2 39 -11 9 -3 27
-15 -8 -15 2 4 10 34 -1 2 23 -36 1 -16 21 -35 0 10 -18 -4 27
21 8 5 -6 9 -7 -3 20 -16 0 -14 1 15 0 -18 -5 0 12 12 10
3 16 -5 -1 18 -8 -2 -18 -4 0 -28 0 -5 0 2 11 2 1 -23 11
13 -12 14 -22 -9 36 -4 0 -11 -8 -9 22 -11 3 -15 8 5 -6 -6 0
-10 -10 3 -7 2 18 -11 5 -3 -15 -5 5 -6 -11 1 7 -11 6 -40 -18
3 8 13 14 -1 -1 -3 -3 0 14 7 1 -5 -6 1 1 -13 8 9 -2
37 22 1 0 6 0 -3 -10 -18 -26 8 -15 -47 7 8 2 -5 -11 -8 -2
-30 3 19 -9 -15 5 8 53 -3 89 -13 -12 -10 -4 23 8 -1 8 -26 -3
12 -12 -15 -29 11 -5 -15 1 13 6 -6 -46 9 1 8 -12 3 -51 1 -5
-35 2 5 8 4 1 3 -15 20 28 11 0 -39 4 -8 -12 -1 -11 18 11
12 -1 3 -51 -19 -2 -21 -6 -3 6 -46 16 14 -4 -6 9 -2 8 15 -29
-5 3 11 0 23 5 -14 2 -14 -17 10 5 14 -4 19 -43 4 5 -1 -8
20 -13 -9 -1 2 -12 -15 -7 16 15 -22 -3 -13 3 -26 -24 12 13 -24 19
-43 -10 -2 -5 6 1 -6 -24 -26 -19 -30 3 -9 -18 -6 -9 -56 0 -18 -16
4 -38 -3 -3 4 3 1 13 -19 20 -17 -10 9 14 9 -5 13 -1 9 3
-41 -4 26 7 -9 -6 -7 -26 -5 4 17 4 -6 -6 -9 23 30 -1 1 -10
19 -3 3 -28 -12 16 -15 32 1 15 5 -7 -11 -13 12 15 12 -9 4 10
26 -2 -21 0 -14 5 -3 2 15 -10 16 -75 29 -34 -4 23 -10 1 -84 -21
42 -35 13 20 47 4 5 -4 1 -2 -11 -53 27 -12 -3 -6 27 30 2 -12
21 -34 -6 -9 7 7 -1 5 7 -26 -8 4 -13 -14 5 -12 -11 13 -8 99
3 7 0 -32 -14 -5 -5 4 11 2 6 -1 -3 2 7 -6 -13 0 -6 -7
-1 2 27 -4 2 3 10 -5 -1 -6 7 -7 -4 -5 8 -6 4 4 8 6
0 13 0 15 1 6 -13 -1 8 8 3 3 16 6 -12 -2 -16 -1 10 -5
18 8 10 -4 9 -3 4 8 -2 10 -1 9 -3 0 -9 -4 -3 4 7 0
6 -3 -11 -6 2 14 7 10 -4 6 -13 2 3 -13 -4 3 -4 -8 2 -4
1 1 6 3 -17 14 -4 4 -9 -4 4 0 3 4 -10 1 1 0 -4 4
9 -13 -3 -23 -6 -4 -9 -7 9 24 22 -2 -5 -5 -15 1 -8 12 -5 15
15 10 25 -4 -1 2 1 35 8 -4 28 -2 -19 12 4 21 -3 2 0 13
27 -8 12 15 20 -20 -2 -9 21 4 50 11 91 -19 9 -1 -3 -18 4 -5
6 15 5 18 3 10 6 25 -27 18 -23 -7 18 -1 -21 -7 3 5 5 18
4 9 -3 -11 15 -13 8 -1 -29 4 -11 7 9 2 -8 -27 1 -16 24 -5
-1 0 -5 22 6 3 -4 10 8 12 -1 -5 5 11 2 -14 -9 -1 -16 -16
-1 5 -3 4 -1 3 7 53 1 -2 -7 -18 -4 -18 -15 -15 23 12 21 5
-9 6 -23 3 3 -19 3 -1 2 2 -5 4 3 2 9 -7 -17 -4 -1 -6
0 -8 -2 -2 1 -5 6 0 -5 0 4 -14 -8 6 18 -16 10 -9 17 10
-9 -20 10 -4 -7 12 -6 -3 12 13 2 6 0 7 -20 -36 0 -5 -27 -8
4 5 15 -11 7 0 -5 -1 7 0 -1 9 1 1 5 8 16 -11 -6 0
1 -1 17 -18 -4 35 4 0 -26 0 1 -3 -1 3 5 20 37 2 -4 1
-28 -4 6 -3 -2 7 -1 -14 0 -2 -10 9 -12 -15 -3 -6 -4 3 11 -5
8 17 -54 -22 -7 1 -13 -48 -6 0 -6 5 11 -10 -1 -4 8 2 0 -2
-1 3 1 0 -2 7 11 1 2 4 -1 1 1 -9 -3 1 1 -2 -9 -4
6 -2 -3 3 -2 0 1 11 -8 3 -2 1 -5 2 -4 9 9 2 -17 12
-11 1 8 -8 5 5 3 4 1 -3 1 3 1 2 5 4 10 1 -8 -6
-7 -2 -1 1 -2 2 -16 -14 1 12 8 14 -3 0 -6 -13 -6 -8 8 0
-9 -1 -3 -8 3 3 9 11 -6 -2 -3 2 -5 17 7 -7 8 -6 8 -4
15 -1 5 -4 7 -14 -7 -18 -11 -1 -11 1 -39 8 -1 2 2 9 13 -1
-7 34 13 -28 2 -60 -9 -11 -10 -23 0 -16 25 14 5 -23 -2 -2 13 -34
12 0 -9 -6 7 2 15 10 17 -7 -5 -7 13 -1 32 12 26 -1 10 -5
-25 -4 -23 -54 10 5 -3 2 -2 2 -18 7 -22 16 7 -3 3 -6 -3 6
1 -1 -1 13 2 -5 -2 -18 7 2 -1 2 -36 -12 5 -13 -5 2 -2 6
-4 -9 0 1 2 -9 3 -27 6 8 3 4 1 -2 6 8 8 -9 -1 -22
-4 4 8 -21 -21 -5 -3 13 -21 18 -6 -10 -12 -7 9 -3 -1 -3 -4 0
1 -8 -1 -1 -21 -16 2 8 4 8 -1 0 8 -3 -5 -5 -13 4 -2 7
-11 4 13 -1 -9 8 0 -6 2 -11 8 0 12 0 0 -4 33 -10 2 14
10 -5 3 2 -11 9 0 0 2 1 3 20 6 -20 2 -1 6 2 8 0
-5 10 -8 5 -7 -30 -3 -5 37 -4 -8 0 -12 17 -2 -13 33 13 -5 -2
-18 -24 -3 19 -19 -15 -15 -32 -3 -15 -35 -1 2 29 -20 -16 -8 -13 -4 -6
-15 15 -14 -6 -7 -10 28 1 7 14 -11 15 2 1 14 -14 -30 -26 -12 -14
-2 -33 -55 10 40 12 -25 -14 11 -23 3 12 -2 -3 -16 -7 20 26 35 -53
14 -15 -5 8 -2 -2 -5 -16 36 -11 -11 -10 24 31 20 -26 -9 -35 11 12
12 52 73 -51 -2 22 -2 23 -24 -39 46 42 -12 -10 1 0 21 -56 -34 -60
-18 4 7 -6 22 4 -7 -83 -3 -5 -53 -1 -34 -12 -21 -5 -21 -21 12 12
-35 15 -19 30 -32 7 27 35 4 25 3 3 -25 41 22 -3 10 -14 0 -44
35 -5 17 -34 -55 -10 -2 28 -44 -13 -8 -15 8 26 -33 -23 -42 -19 16 28
26 19 -6 52 -6 3 29 -16 -16 -67 32 -6 -35 7 -25 -18 76 9 63 -5
7 -2 7 -4 4 -9 9 48 -44 -58 11 -8 -2 -4 5 19 10 15 8 -12
1 4 4 3 -7 8 -3 -50 10 11 6 12 6 2 7 -8 5 0 11 0
20 -22 -6 -3 -25 -4 61 0 -51 14 1 -7 7 3 -8 3 -15 9 2 6
-7 -13 8 3 5 1 -5 -1 3 -1 7 -11 7 -1 -7 4 -12 -5 -3 -8
-7 3 12 -8 -3 -11 1 1 -6 -7 5 -19 10 5 7 -3 -6 -2 3 5
1 -1 3 -3 6 1 18 -14 -10 -8 4 0 -8 10 3 -13 -15 10 -8 -2
0 0 5 3 1 -3 2 5 -6 -7 -2 8 0 5 0 2 1 -3 -2 -1
-5 -5 -4 -9 9 -5 12 0 -8 10 4 -4 5 -6 1 -8 8 -3 8 1
0 1 -2 -6 19 0 -12 -2 -6 -6 -3 -5 -4 -14 -8 5 5 -15 1 0
0 17 2 -3 -4 -5 -10 -2 -48 1 -27 39 -17 -11 -7 -1 10 -52 -40 -15
-3 21 11 -15 -7 -15 -7 10 -13 13 -32 27 28 -9 -17 1 21 15 -4 0
2 -17 -5 -25 -16 -3 -13 10 -9 6 16 25 -2 -22 -2 -12 -6 6 -20 -25
17 -22 -6 16 -25 -8 5 6 -13 -10 2 -7 -1 -34 -4 -42 -12 0 -18 -18
4 15 0 -2 -9 -5 -2 11 19 -3 -69 5 29 -1 9 -2 6 10 4 36
-15 10 -4 -6 -9 -15 -22 -7 -16 6 1 -1 -20 -23 -17 13 3 -4 -25 -1
5 -6 -5 11 -9 -16 -16 5 37 2 -24 3 0 -17 5 -1 -13 -29 -24 -5
17 30 1 -4 -5 -7 18 -4 0 0 11 15 2 26 14 -5 8 13 -8 -2
5 14 -11 3 2 -13 19 -4 -42 -7 1 -3 23 3 3 -9 -80 42 -12 20
0 -7 -14 0 -7 13 -5 -8 37 -23 6 0 8 1 -8 10 -64 -1 -37 -7
7 -29 -15 -7 10 0 30 -30 -7 12 -2 25 5 -37 -5 4 9 -28 -12 16
39 -68 -20 6 -28 39 -22 -7 0 8 6 -9 -4 46 -24 -17 -11 29 -43 -69
12 15 14 3 -7 15 -20 30 -38 48 9 -21 -3 -25 -22 -6 40 -45 -9 -39
8 24 -17 -38 19 -4 -10 0 10 -31 -8 -7 14 18 -18 7 1 14 -12 -4
22 -10 25 6 5 -9 38 4 20 9 21 -23 -31 -5 -6 8 -20 -26 -6 22
-18 -3 -17 -1 -7 4 -33 15 -19 -4 5 -41 21 13 -8 -1 -9 -31 -4 8
-8 7 -36 8 -16 -23 5 -9 -5 -6 -22 -8 -10 -116 -27 8 -2 -2 0 -16
-20 3 -1 21 20 7 -4 -31 -2 18 21 -8 12 -19 -8 -30 7 14 18 17
-15 -7 3 3 22 7 27 -1 -68 -38 20 -5 13 0 -9 6 -9 -15 6 -18
35 4 2 -11 -14 7 -15 -4 71 -7 -3 -15 9 -13 -10 -6 -2 -7 3 15
12 0 5 -7 11 16 -18 9 -7 -19 -6 4 -3 -5 21 -2 -5 4 -18 -10
1 3 3 8 3 5 10 5 -27 31 -7 -5 7 14 11 0 6 2 -1 -7
-32 -3 -7 1 20 -2 -8 -5 -9 -10 -14 -22 -24 17 -7 -1 -29 -21 -6 8
0 21 -6 -10 -12 -28 -13 19 -4 3 -27 -8 26 10 -12 -13 -27 23 19 16
16 45 -13 -28 -23 2 -12 18 -27 4 -14 -23 -12 23 -8 -9 17 -9 2 3
-23 2 -6 -10 33 -20 33 14 -23 -7 -7 -40 7 -12 8 -7 21 -18 2 -3
-13 -23 -12 -12 8 3 1 -18 -1 14 10 -8 -14 -15 11 -3 -13 0 -32 2
-18 19 5 -5 -10 15 5 -5 -6 22 46 -16 7 -7 -3 -9 -27 8 3 -5
-20 -2 1 -18 8 19 0 -5 5 -2 10 -11 6 -3 -13 -34 -1 22 -8 28
8 3 -30 -1 -1 10 -7 -5 -22 -31 17 -12 1 -33 -3 -11 -30 7 -26 -8
-1 -12 -25 11 -6 22 3 -10 13 -12 -8 -3 16 14 -2 6 -9 11 8 -17
11 8 -3 1 -12 -13 -32 5 3 -21 14 -12 -9 -5 -21 4 31 -3 4 7
-1 22 -28 -10 -18 -5 13 -12 26 30 -18 12 -14 -10 6 -13 -5 -5 0 -27
8 29 3 11 -35 -26 -10 22 -5 16 17 -1 1 62 -19 31 18 -4 -49 11
10 40 3 6 0 15 -10 9 52 -6 -33 -84 33 -30 -21 -13 16 -29 -17 10
-8 11 -5 1 17 -11 39 42 -23 -11 -28 29 9 0 -30 -12 -41 -12 4 -22
-46 -14 -6 10 -36 -3 -6 23 10 19 -11 -5 -21 31 37 -22 13 -1 35 7
35 10 37 13 -9 2 -15 -15 1 -16 -2 2 -2 -32 16 -39 -5 16 -18 39
-3 24 4 -15 -20 -25 -34 -48 -6 14 -25 55 9 -3 7 -4 12 -34 4 -4
38 0 8 -5 -8 1 5 -3 -3 2 2 -28 -20 -26 -20 -2 -5 -7 -36 -2
6 -47 -23 6 1 3 -3 -3 -19 -6 -15 -29 2 25 0 0 5 -5 16 -10
2 17 10 -22 2 6 -4 7 7 -6 -10 -10 -1 -7 3 -13 22 15 4 -15
5 -9 17 -5 -7 0 16 3 6 10 -3 -5 -7 -6 -2 -8 -11 -5 2 10
0 20 -13 -8 0 9 2 15 3 24 -2 -6 -1 5 -15 7 3 21 2 11
-12 -11 -11 -31 -30 2 -1 -12 -6 -23 -10 -18 -1 -9 3 9 21 -1 -14 8
-6 -10 -3 7 -9 5 -7 -16 -14 -7 7 -5 -7 4 -6 12 -3 4 -1 3
-28 -3 3 8 -13 9 6 5 -1 -20 -5 10 -20 -2 5 -4 -41 3 -1 3
-24 2 -2 2 -2 6 -10 -4 -10 -34 -4 -4 2 -15 12 -4 -2 -3 7 3
-9 11 12 4 -2 -17 -19 -14 3 0 12 24 -21 40 -49 8 31 14 -30 -10
-6 -28 -43 24 -4 -3 -21 -13 30 3 0 -13 -23 -30 -8 18 13 -7 5 -27
-27 42 -19 -22 43 -4 4 -13 -5 22 16 -12 46 16 8 1 -30 -28 20 6
-7 -3 -5 -22 -19 -18 -8 45 -5 -61 20 1 -6 -19 -8 4 21 10 -33 -9
-10 2 -1 2 18 -12 12 -20 -7 -4 23 12 2 -15 37 6 10 25 21 -51
-25 -14 -1 -27 18 13 -30 -3 -10 -29 3 -23 -8 42 -12 -30 -10 7 -36 17
-27 35 -26 6 -45 4 5 34 -11 -9 6 -12 -6 -5 26 29 7 26 -9 9
-13 5 -16 6 -12 5 55 -21 -20 -24 -32 -17 -5 6 5 -22 -22 -17 8 -15
-4 12 12 -46 5 24 49 -7 -5 -28 11 -5 30 -11 27 -6 -10 10 -1 3
-6 -26 -3 23 14 -8 11 -8 8 28 -10 37 -3 -9 -12 -25 11 7 4 3
12 13 -4 -6 -13 7 2 7 -10 -12 -1 4 -3 -2 1 5 -7 20 -13 -11
11 -11 -2 12 0 2 -7 0 -2 1 1 3 -28 -7 -37 -3 -10 -1 37 -28
-11 85 2 0 1 -12 46 -17 -6 -11 6 -9 -6 37 -38 -3 -30 -49 -1 6
9 1 -28 3 0 9 -18 62 -7 -3 -3 -6 8 -5 9 8 -5 4 -3 -6
-9 10 3 -5 -18 3 7 1 13 5 2 -20 -7 9 -7 -3 -6 1 20 -9
-1 5 -1 -4 -5 0 2 12 -13 5 17 -7 2 18 -4 -5 22 2 -5 -2
-14 0 1 -13 11 24 -11 -13 3 1 -5 -1 1 -5 -8 1 -2 -5 -4 -6
-4 3 10 -11 14 -18 -14 -18 -1 -4 -15 -6 2 -1 -5 -23 -1 -23 4 6
3 -2 1 -8 12 11 4 -9 -32 -1 -3 -8 1 20 2 -24 -5 -13 -7 0
23 -3 -13 -4 -4 -24 -5 -20 -3 -13 -4 11 4 5 -21 0 -14 -4 23 0
7 -58 27 -1 -52 -28 8 -1 3 -3 12 -12 -38 -46 3 3 -1 6 5 -7
3 2 3 7 1 -4 9 17 -8 4 11 1 12 -4 -26 3 21 -1 9 6
-1 5 35 56 11 16 1 8 25 8 2 9 1 4 3 9 9 17 5 -5
2 -13 8 4 3 0 3 -19 15 8 2 3 -21 0 -10 0 5 -5 -3 3
-4 -3 7 -10 9 -5 3 7 7 4 -3 4 1 -7 12 7 3 -2 -6 -7
15 6 7 -6 10 -10 1 -12 1 -2 -2 1 -5 6 -2 -4 1 11 15 1
1 2 -12 2 -13 0 -13 10 -1 4 -8 1 -5 -4 6 3 1 -2 -2 3
-2 5 4 0 1 0 21 8 6 -12 -12 8 -4 13 7 -16 -20 9 -10 0
9 -11 0 2 -3 -8 2 -11 -7 10 -6 -4 12 -1 -3 13 8 13 -5 -12
12 6 2 5 -35 -24 10 60 34 -10 -9 -25 -8 7 3 54 -41 -38 -18 2
44 1 -12 -6 6 -23 -7 -20 -29 -7 -32 12 4 24 14 -3 -28 46 -29 -44
19 36 9 -44 -8 19 31 10 40 11 -30 -9 -17 -17 23 4 -17 25 5 2
32 -12 27 -14 17 -30 -3 -11 -2 -11 -33 -11 35 -3 -16 -2 7 12 4 -13
-18 5 4 -14 -14 12 -71 -10 4 6 5 -10 11 -8 -2 -14 -5 -2 8 8
8 -7 -4 -1 -2 -10 -2 -16 9 -9 -9 -14 18 1 33 -5 6 4 -7 -10
25 3 4 -7 -4 -13 -11 10 0 -2 2 -7 11 -3 -17 9 -32 22 4 1
11 -22 4 -21 -8 -11 0 19 -15 9 -23 -3 7 20 -12 31 0 5 -6 7
8 -13 -7 -6 -24 -2 -15 -3 31 11 2 -11 6 38 5 3 -2 -13 -2 -5
-13 -3 -4 -6 -33 7 -4 -4 3 3 -1 -7 -77 -10 -8 -13 5 7 1 23
-12 4 -38 2 -13 4 9 -3 1 17 -4 1 5 8 32 18 1 -10 1 -20
-22 -14 -1 -6 -2 -2 -3 -3 50 -5 40 1 3 13 -63 30 7 4 9 -52
7 -24 -46 17 -24 -9 -9 10 -8 -42 -36 16 22 60 5 -3 -12 11 7 3
-6 3 4 9 -1 2 3 8 10 0 3 2 5 -4 6 -8 -9 1 2 3
2 -5 15 8 -1 -1 -2 -3 1 -5 -2 3 -3 -3 -20 6 12 -4 4 -5
-5 9 5 10 -5 8 4 1 0 -8 -1 2 1 -4 4 -4 -2 5 -9 5
11 -8 -4 3 0 -4 5 1 1 -5 9 8 5 -10 -3 -14 0 6 8 -5
-1 4 10 0 6 9 -4 7 9 -2 -4 4 -5 -10 -2 0 -17 2 3 0
-3 8 -2 6 18 -6 -1 1 4 6 4 -7 -2 -10 -8 -2 -33 9 8 -2
5 -1 1 -20 3 5 -12 -1 -22 -9 -8 -20 -10 -10 -22 10 4 -9 8 -10
-12 11 -8 -13 8 -26 12 -20 -10 -9 -14 -28 -8 7 9 3 5 11 -6 11
-11 15 18 -4 -18 13 18 15 13 7 -9 -19 9 -7 9 -9 -25 -20 -10 -4
-15 5 -3 11 1 -27 -24 -1 -29 -8 -19 -5 -3 -23 -19 16 -41 -8 -18 6
5 1 -7 27 13 -5 11 0 19 -23 1 7 1 8 6 14 -1 -3 14 2
1 -50 4 -27 -11 -1 -17 0 8 5 15 -11 4 -28 -16 10 26 -18 -4 13
-1 -51 -16 -4 -9 3 15 -5 15 3 3 -17 -2 -31 3 -15 -8 42 6 11
16 1 5 -9 -9 6 -7 -3 -8 1 -5 9 5 37 9 -27 -21 -1 19 8
-6 -13 10 -51 1 -13 -5 -1 -5 -16 -2 -8 49 -8 -30 10 -1 -3 0 1
-14 30 15 33 -2 -6 16 -18 10 -16 5 26 3 -5 3 -12 0 1 -14 -14
-3 -14 -4 -10 24 -50 -10 -7 -15 -17 20 -16 -9 12 -26 -2 -16 -55 -17 -18
-23 -10 25 11 -37 -14 -16 -3 -5 -18 -15 0 2 -6 -12 -24 -17 37 -26 -8
-6 -27 -7 13 -53 6 3 12 -33 15 -28 -34 -15 -33 -5 -8 -21 -4 -15 -38
-56 6 -23 -4 38 -20 -103 -3 -1 27 -7 -23 7 -14 6 26 -24 5 15 -40
41 -8 -18 -6 -46 9 47 -27 29 -10 -12 36 24 18 -36 -15 -9 -30 -6 -8
-24 -5 -31 -7 -9 6 -11 -1 18 -24 -23 -7 15 39 -27 -4 2 -29 18 44
1 4 23 -17 -15 -7 -24 -5 -20 5 -11 -20 -25 -21 -1 -12 9 27 -16 -16
-4 -9 -6 -4 -17 -36 -39 -40 0 21 5 30 0 2 -7 -28 -8 40 31 -11
3 -8 -1 -1 9 -20 62 -1 -16 -15 -31 -2 4 -46 -4 -12 15 25 0 -5
-25 14 -1 17 -4 -4 -25 2 -11 -48 -19 21 7 8 8 4 -27 -5 -11 9
-9 9 12 12 1 5 10 -9 8 36 -8 -19 4 -2 23 -20 -11 -17 3 7
-16 -4 -1 9 -54 -4 -10 11 -19 8 9 16 23 -41 30 -48 13 -15 17 -31
-39 -3 -1 4 3 58 71 17 8 56 21 -1 -3 20 6 1 -4 3 11 9
-16 2 11 4 -9 -3 6 3 8 -4 10 0 -5 10 4 -2 6 0 13 -8
5 -10 -7 -3 -8 -10 5 4 -7 -1 -11 2 4 8 11 -6 -11 0 -3 8
-4 4 0 6 1 -14 -7 -1 17 3 -6 -8 -7 3 -9 -6 4 15 11 3
-4 0 -1 5 6 1 4 3 10 -8 -1 1 4 3 0 5 -8 5 1 -3
-4 5 -5 -9 2 3 0 0 -1 -5 -4 5 -14 6 7 -9 1 -7 -4 -1
5 -1 7 2 4 -3 2 -2 2 2 -8 2 -34 6 -1 10 5 -7 3 -19
0 1 -15 -1 9 4 8 -14 7 -11 -8 20 6 3 60 9 3 4 -53 2
-4 -10 2 17 4 2 4 -14 -2 3 4 -1 -4 1 21 -1 3 -13 -2 8
-12 -22 11 -1 0 2 10 5 2 0 -2 -3 -3 -1 -4 5 0 8 8 32
2 6 3 8 9 -10 -1 0 -3 -1 -4 -3 2 7 -9 -3 5 -1 1 3
4 4 1 -2 -5 -1 -2 2 -3 -1 -2 2 6 -8 3 -2 -7 -3 -6 -4
7 5 5 0 -5 -7 -3 2 -2 0 5 -14 4 7 -8 5 -5 -3 1 1
7 4 1 -13 -1 3 -3 -9 4 3 0 1 -3 -4 -2 -6 5 3 0 -3
-1 2 4 -1 9 -4 8 -10 6 2 -3 -3 5 4 -7 -6 -2 9 -8 -2
6 11 2 -4 6 0 0 6 2 4 5 -3 -1 1 6 5 -2 -3 0 3
2 -8 -9 1 8 -7 0 -3 -2 7 -3 6 -1 0 -8 4 -14 22 6 5
19 5 19 4 -2 -1 4 8 8 2 -1 -5 2 29 -25 -19 9 1 15 -3
-5 -5 -2 5 7 15 -10 2 -61 5 -22 4 -7 23 44 -35 -5 19 18 -8
3 13 39 4 -16 -7 6 -1 1 47 6 1 -26 -44 -6 -1 8 5 -2 4
-6 0 -3 -30 11 8 0 2 10 -5 2 -1 -4 -2 -1 -2 0 -3 13 1
9 4 1 5 -3 9 -3 3 4 -3 2 1 -4 8 -15 2 5 3 3 1
0 -5 0 4 -7 0 2 -7 4 -5 8 2 -2 -3 -8 -8 5 5 -2 -3
-6 2 2 6 -5 1 -6 -2 -8 0 -1 9 2 2 -6 -4 9 -1 5 10
-8 -1 -1 4 5 2 11 9 -10 -1 -7 10 0 -5 -10 7 -16 -1 3 -1
-14 -1 -1 3 30 -2 -2 0 3 3 -2 6 -1 2 0 -2 -18 3 10 -8
5 -2 1 -6 -8 1 -6 -8 -27 18 -22 -27 -15 17 41 -7 -7 -26 17 16
-34 -53 5 0 -4 30 13 44 -36 -17 -38 16 11 -42 34 2 18 50 -4 -31
-1 -13 -37 16 -11 51 -6 5 -27 -4 21 -22 -11 -66 -6 -38 -3 4 59 10
-5 -45 -11 22 -33 -4 11 -11 -30 15 -65 -9 23 -59 8 13 6 -12 -9 24
-33 -1 22 -14 10 -41 41 -2 -47 16 8 -14 -30 -10 17 -11 10 -15 25 -54
-29 -10 29 12 1 4 37 -73 -32 24 20 -6 -12 1 4 40 30 -10 33 -15
23 -21 -30 -10 -6 -31 27 -15 -1 25 -6 -53 39 11 -48 1 -14 2 2 21
31 -58 16 42 12 -8 53 -8 6 -32 -2 29 7 36 25 -13 -38 23 5 -24
25 32 -67 -43 11 -2 63 -23 -62 23 14 -25 -24 -20 -31 -1 16 8 25 -19
14 -39 17 67 -33 25 21 73 14 -11 11 -76 -22 4 -31 9 -53 2 14 -11
-7 -3 -1 4 8 3 -17 9 -6 14 9 -2 -14 12 -33 4 -5 -43 0 13
4 7 -6 -22 -6 -17 6 -18 -5 3 8 3 -6 17 16 -4 42 49 7 15
-6 6 2 -10 -21 10 1 -3 -24 -19 -18 5 2 11 -5 14 -13 -1 -26 6
-23 -19 13 1 31 -8 -23 15 11 -15 -15 6 -7 -10 9 -6 5 -2 -19 -38
-9 2 -13 -20 -8 21 15 26 10 25 10 9 9 -14 47 -29 -2 -4 8 -11
6 0 4 1 3 -5 -13 -46 21 4 -27 10 -22 -7 -46 15 12 11 -9 -54
-33 -5 31 -63 26 27 -8 -6 11 -13 -5 4 18 -21 -23 -4 -7 -22 -27 -41
-8 13 2 -4 9 -27 -15 -40 7 22 7 -1 16 0 5 -33 5 -37 44 5
32 -12 14 -30 16 2 7 -24 -18 -13 -6 3 -6 14 -1 -28 20 6 17 3
-22 7 -16 5 15 -21 3 -23 5 -17 -20 -6 -51 12 -21 0 -14 25 -13 -1
15 -15 -13 33 -25 -16 6 4 3 -11 12 5 -50 -43 -22 4 -1 -7 6 3
-22 -4 -7 -14 2 6 -10 14 -3 -18 5 0 12 11 0 -12 -26 -5 -24 -1
-32 1 -62 105 -15 17 3 8 11 1 -26 1 -27 -8 -11 11 4 -17 -27 -7
0 9 -14 -2 0 6 18 -11 4 -2 4 4 -18 -8 8 -18 -13 2 4 -16
6 -17 -5 43 -1 12 -6 -17 -12 3 -10 -12 -2 -8 1 2 -20 3 4 -1
7 -12 10 -18 -43 26 -4 3 -37 20 -8 2 3 19 7 1 11 -9 -11 6
2 0 7 -10 27 -2 0 -6 5 0 25 2 -1 6 12 0 -6 -17 -25 -18
2 -9 -10 0 2 5 -9 -11 1 -23 -22 -13 8 -8 -11 3 2 -2 3 -11
-1 9 -19 -3 -20 24 -4 -7 -5 -25 -5 4 -3 -16 -1 -19 1 33 0 -16
-5 -12 -18 8 -7 6 6 -12 -7 11 -10 -9 11 -18 -1 7 -32 -57 -13 -11
-24 -5 0 1 -16 -10 13 -5 -16 1 -14 9 -2 5 5 -38 15 -7 13 6
-3 31 0 -20 7 -5 -11 20 4 0 6 -5 -19 33 -8 -8 -21 10 15 -9
-20 10 1 -21 -50 -7 1 1 22 22 18 -15 -23 -28 32 3 -15 16 -1 -22
-11 6 -9 -16 6 -22 -16 -3 -6 -14 6 -1 -3 2 8 4 7 29 -22 61
-16 -17 -8 -2 3 3 2 3 8 -9 -10 25 16 5 17 -31 18 -39 -17 -19
38 -13 6 -2 -7 -11 -6 0 -16 12 -4 -4 -18 -7 -29 -23 10 4 -8 0
-9 -16 -32 -17 -23 -7 -12 14 12 -6 6 2 -10 34 12 -23 -11 -14 -7 6
-3 12 11 3 -16 -14 -19 10 -1 -4 -5 -9 2 -26 -11 -2 19 -24 -1 0
6 13 -6 -18 -5 -5 -19 -16 -6 -15 10 -20 4 -23 -14 -18 -24 -4 0 10
-14 -18 7 -16 10 -15 20 0 -13 -19 1 1 -11 7 44 2 5 3 -41 -5
34 -3 -3 -1 21 -3 20 11 9 14 16 -23 9 6 -21 -2 -28 24 27 47
-9 -12 -18 -11 -49 19 14 -3 -8 -32 -22 18 -23 -29 -26 2 5 13 -9 12
-4 6 2 9 10 4 -4 0 13 8 5 6 -9 14 14 9 19 11 -17 3
-2 -11 -2 8 13 12 -7 4 1 -26 -9 -1 -13 -3 -29 17 2 -15 6 28
14 -5 1 6 -18 7 13 23 -7 -25 14 29 15 6 12 -19 -2 16 7 1
17 -20 12 1 -7 -5 -18 5 24 9 -20 0 -19 12 13 10 -13 9 19 -14
13 -8 -20 8 -4 -1 -3 12 3 -6 -17 -4 3 -8 7 3 -30 -2 8 -3
-11 -7 -7 12 12 34 3 -20 3 11 -3 13 -17 -2 -2 -6 -30 1 31 3
10 -17 -6 -16 -14 0 -41 -8 3 15 -11 -8 -11 3 -33 -11 -9 -7 -8 1
-5 3 0 -13 23 5 6 0 -9 -10 -5 5 -2 18 3 0 0 13 -12 -8
-4 -5 21 -3 13 8 -4 20 -5 -19 10 -26 15 -19 -1 8 -4 -4 -6 -2
-15 -4 -6 -6 -4 -11 -15 -7 13 7 -15 -1 -3 4 -25 7 18 -26 -15 0
5 0 1 11 -2 3 -3 12 -1 -4 -8 10 14 -2 8 -15 26 24 -1 -25
-37 -34 11 -12 2 -1 27 2 7 -15 5 5 1 18 -1 7 8 -16 2 -18
-7 17 7 37 24 -11 3 5 -38 -17 3 -20 -10 -32 10 -12 12 0 5 37
6 16 13 6 11 -13 -19 -12 -5 8 3 0 -2 18 10 -26 -17 -4 0 -7
3 21 -9 -64 9 14 -2 0 23 -15 11 9 42 -4 22 -14 7 -5 32 4
-2 13 0 2 2 12 -20 -8 17 0 12 -23 -4 -51 -20 7 -13 15 -2 -10
-1 29 1 -7 -13 -15 -18 -3 0 -9 15 -8 0 5 -20 9 -12 -12 23 8
31 -5 16 -19 -18 4 14 -38 -13 4 -9 27 9 -8 21 28 15 4 19 -20
25 3 57 8 -2 -34 -7 -5 -23 1 1 12 8 28 13 -8 11 15 13 -11
-33 -22 2 10 14 24 -8 5 10 -19 -20 -15 6 4 9 -2 10 -11 -8 16
-68 -3 -14 21 -6 -20 21 4 -6 18 4 9 17 -9 -7 -3 4 -11 -4 10
-4 -3 -2 1 11 -3 2 4 -4 26 24 -33 -17 10 2 -13 -22 -18 0 -6
-7 15 16 8 -14 -3 -2 -16 -4 20 4 -4 -21 -9 -9 0 6 4 7 -22
-4 -8 -14 -3 -12 7 -8 -10 1 -14 2 12 10 -3 11 4 -9 -17 22 15
-13 -23 -14 1 -16 -2 -1 -3 8 -11 -1 -5 -9 -2 18 39 8 15 -3 2
-2 -16 -13 7 -16 0 -8 5 1 4 16 7 -3 -50 1 11 -13 3 -12 0
73 0 -5 7 11 1 -6 53 -53 24 14 -17 4 13 -13 -3 41 -6 -34 -3
32 -3 -5 -6 4 -5 11 -1 -6 1 6 10 -52 13 3 -8 8 -5 -5 9
8 1 6 2 5 -1 12 7 1 21 -6 4 -3 6 -20 23 -2 10 -5 -24
-7 -3 7 2 3 1 2 -7 6 1 -5 -8 -8 3 -6 -6 -10 -1 4 0
9 -2 -4 -5 -7 -1 -6 -5 3 2 19 -11 -2 3 5 0 -11 4 -1 19
-3 2 2 -3 2 1 -2 9 8 3 -12 -3 -11 -1 2 -24 4 17 -4 -6
2 -7 -1 6 -2 2 1 3 3 -13 -13 -5 9 4 5 2 -3 -3 -12 -9
11 3 -7 3 -3 5 -5 -10 0 -13 -1 4 5 0 1 -5 3 2 8 2
9 1 0 6 -5 6 4 -12 9 -7 -6 6 -10 -2 0 0 0 -9 -3 -24
0 -5 -1 5 1 40 -19 -1 -9 -14 -22 -2 6 6 16 -23 -3 -6 12 19
4 -15 -22 17 -16 -23 -25 28 25 -34 5 21 20 6 1 -2 -13 -9 4 -26
29 60 -1 9 11 30 2 -44 8 -10 3 -17 -15 7 -24 -3 2 16 -9 28
11 9 -2 -5 -5 7 -17 19 18 -15 -26 -1 -4 14 -6 10 -12 -8 -21 5
18 -14 13 -7 -32 -5 -1 5 -16 -19 -21 -18 -10 -6 19 -33 8 4 -8 -23
7 -35 24 9 -26 11 -1 -15 7 -13 -19 -2 -27 11 -1 3 -6 -14 -14 -16
-9 -2 -7 27 -29 19 -8 46 -20 -35 -11 -3 -18 26 -25 -5 12 -11 1 15
-1 -34 26 22 -22 -19 -15 5 -28 -5 -20 18 11 1 7 -31 22 -19 4 38
18 19 46 -6 -28 -40 -23 2 -39 -4 -1 4 -3 8 3 -4 -12 9 7 107
5 1 29 -14 -1 -5 -17 4 6 36 25 56 -18 -11 -1 25 -9 4 7 -18
1 0 -1 -14 6 -5 -44 -2 -1 -3 105 4 7 6 3 -22 3 0 10 -11
-7 12 -2 30 -1 0 -29 -5 9 28 12 2 9 16 6 7 4 -8 5 5
14 -8 6 5 3 -6 5 -9 -1 4 6 -12 -4 9 19 27 -19 -6 -1 3
-8 -6 3 3 -4 6 -2 -3 -6 -1 2 6 -2 -2 0 -4 -1 3 2 -10
-1 -3 7 -2 6 -2 4 6 -6 -2 -3 -7 0 2 3 1 1 -2 -4 -4
-5 -3 -6 -9 1 -2 -5 -12 5 2 5 0 -7 1 9 -11 1 -3 -4 -5
6 -4 2 4 -3 0 0 -10 13 -2 2 -6 -1 -6 2 0 -2 1 9 -5
0 -2 1 -1 4 -1 0 -6 -2 6 -3 0 5 -4 -9 -2 4 -2 1 6
-4 0 -2 -4 -3 1 -1 3 5 -2 -6 -1 -4 -3 -8 -5 0 1 0 0
2 13 5 -3 0 1 -4 -5 16 -52 -5 -15 -1 -22 -6 -4 -29 -12 19 -21
-2 -6 11 -17 -15 -16 -14 13 2 -2 -40 -9 -3 -43 -7 -2 -6 23 -4 2
-35 -21 -43 -25 10 17 -24 21 -29 -40 49 -29 39 -2 -9 -13 3 -24 -12 -10
-5 -33 -36 34 -2 -51 -15 6 9 23 -42 -24 38 -13 -17 -6 -57 -33 -49 -13
19 11 -10 -21 -10 -14 30 1 14 38 6 16 -12 -16 12 -15 11 -8 7 27
29 -34 10 0 2 -1 -25 -19 46 23 20 -1 -13 -35 -19 11 20 -15 8 8
7 -12 23 41 13 19 9 -19 -33 -27 -19 0 20 -49 -2 -23 -9 -15 22 2
-4 -17 0 5 5 -36 52 -11 -28 6 -4 -28 -63 30 -41 -48 12 -46 -8 21
24 -40 6 -30 10 -23 -2 -12 26 -2 21 0 4 -6 -40 -14 -2 -12 -21 12
36 27 24 5 21 -6 42 -5 -36 -2 36 19 1 -29 -5 3 -17 7 -6 -24
16 3 -8 5 8 26 9 4 -4 -34 -18 0 -1 -15 13 -9 -4 18 -2 13
-12 -8 -5 9 0 2 -2 28 9 -9 -3 -13 -8 -17 -11 0 -28 -5 -1 6
-7 -4 -11 -19 -12 26 2 1 -8 -19 18 13 -10 -3 14 -26 6 2 11 -29
12 4 -1 0 -18 -24 -37 -5 10 -12 -27 -12 -3 6 -5 -6 -1 -13 12 10
-8 8 -2 -7 0 -4 14 -15 -11 1 -9 25 13 -6 15 -37 -4 -13 -15 4
-1 15 15 12 11 14 0 -27 5 -8 25 -30 -7 -8 11 23 -21 3 18 -2
18 0 -12 -5 -3 3 -10 -13 15 -8 15 15 4 -10 -15 -1 -14 14 -5 12
-5 -9 0 -10 -7 -7 -12 -27 10 -23 19 13 -21 16 -5 -24 -13 -23 -29 -17
28 -14 19 3 22 12 -7 -4 -13 3 -26 -15 -14 -21 9 1 -11 -19 -4 -3
-9 3 -1 18 -2 33 19 1 3 1 -17 -3 -14 -17 -4 13 2 -12 27 4
-10 -1 14 2 6 -11 3 3 -7 32 34 6 18 -12 2 -7 -2 -7 -15 -7
4 2 6 31 -11 -4 -10 -4 -18 -3 -17 41 -8 63 5 8 -4 -52 0 -58
-27 -3 6 -15 -9 -7 -59 -5 -112 -30 32 -21 -15 8 -33 -25 -8 8 5 39
-11 -6 12 4 10 19 3 2 -13 17 8 -4 11 -6 -25 1 16 12 0 -7
1 21 -12 0 -10 1 -3 -1 -6 -2 -8 9 23 4 12 3 -8 -9 -15 14
-25 12 2 24 -17 -63 -13 5 14 -17 -17 -19 8 -2 28 -13 9 43 -11 -17
-1 24 -22 -5 5 13 -11 -1 -6 -8 7 3 10 24 4 -7 -26 -4 0 -7
-6 18 5 -12 16 -9 -8 -24 -2 -13 6 3 -45 22 11 -16 -16 -21 -7 8
19 -1 -10 -8 9 1 -5 -13 7 5 8 -5 -22 -12 35 1 5 -36 -2 -49
-38 -2 -53 -6 21 87 16 -12 17 4 14 -4 -74 1 12 -11 4 15 0 -46
37 -23 2 -15 -9 4 7 -10 -42 28 48 11 -46 5 -5 11 8 -4 -8 15
-10 2 -7 -9 35 -16 1 4 11 -11 -8 -5 21 -4 2 9 -10 -19 -16 -3
0 -13 2 0 4 -11 11 -31 -4 1 15 -15 5 0 12 1 -5 -2 -7 5
1 -5 1 1 -14 -2 5 8 -1 3 5 -8 0 -2 -1 -1 2 -11 1 3
-10 1 -15 -4 -5 -2 5 5 6 -6 3 1 3 5 -9 7 3 -1 2 5
-1 -5 -4 -1 -3 -3 -12 0 -2 6 7 7 -5 -7 -1 2 -14 2 4 -3
3 2 14 1 2 1 -5 2 -10 15 25 -1 1 14 4 5 -3 0 1 14
-3 5 -5 4 -6 3 0 -1 0 2 0 -7 -19 3 1 -2 8 -3 1 8
-4 3 2 0 26 -3 6 1 3 2 0 -2 -6 6 -2 -17 -1 4 -1 -3
10 -12 -1 27 5 2 6 1 8 3 -15 0 7 -1 -1 15 4 7 11 -8
0 -1 4 -23 -8 -2 26 -1 0 9 1 3 25 28 6 0 3 1 1 5
9 11 -9 13 11 -9 -2 3 -4 3 3 34 2 -6 -3 6 1 79 17 -1
-5 -2 -8 -4 2 -4 -3 -1 -7 4 1 1 -6 0 1 1 -4 6 6 3
4 5 5 2 6 -8 1 6 -3 -4 -2 -9 -8 0 6 4 -2 -1 -2 -2
4 0 -5 -2 4 2 -21 -2 -9 1 3 -4 -8 -5 8 -8 -7 -2 -4 5
-1 -13 4 -1 -6 0 -1 -7 0 2 5 3 2 -12 14 -2 -4 0 1 -6
11 -11 -1 0 4 8 -7 2 2 4 -2 -1 1 0 0 3 0 -3 -2 4
-10 -7 5 -5 -4 11 -3 -6 0 5 0 3 0 -15 1 -3 0 5 3 -5
-3 10 3 3 2 0 2 1 -13 -21 -22 20 24 17 29 -24 -14 21 -8 -22
3 25 -35 15 -44 -13 41 11 9 0 19 17 -20 -28 -1 -42 -8 7 -21 0
5 19 -29 28 -4 24 -18 -18 -9 1 -40 8 -10 -27 -2 -27 -44 -7 24 -1
-4 -34 -16 -29 -4 -16 -4 4 5 -52 -20 -20 21 -25 -16 11 2 -2 8 -6
25 1 22 -41 18 1 -5 16 -34 7 2 8 -18 16 -8 13 0 3 -15 -26
4 -6 -7 -37 11 17 -19 -2 -17 -2 -6 1 9 18 12 -23 -23 9 -7 1
-9 18 -19 12 -22 2 -4 46 11 2 21 -18 2 -13 5 23 9 -7 -33 14
-39 10 1 10 -2 -9 5 29 3 -1 -5 25 15 -3 -30 -17 3 18 6 -5
1 -20 9 -17 -3 6 26 -4 -1 12 -3 -10 29 3 25 19 -26 -5 -3 4
14 7 -4 -1 -30 -2 22 -19 -13 18 -27 6 -20 9 -3 3 13 -10 26 1
-24 8 -48 -6 16 -3 20 4 -7 -18 6 -36 27 -6 0 -2 -4 -15 9 -29
-6 0 -15 -2 -1 3 -7 0 17 -6 -1 22 9 -4 13 8 -30 18 -4 1
8 21 -5 -4 22 -1 5 4 -15 1 -24 18 27 -5 -2 14 16 -6 1 3
-18 -3 -3 4 -1 -6 -20 -2 7 -5 0 8 -8 -3 10 -10 11 -6 -7 -4
-10 -11 -9 -16 3 7 0 4 -1 -8 -2 13 19 -11 3 -12 -4 7 -10 1
1 7 4 11 0 -3 8 1 -13 2 12 -28 -16 0 -3 -7 -11 13 0 -2
4 3 7 -22 12 -5 -5 -5 -2 -7 -13 -17 -2 -13 -10 15 -3 15 -4 5
2 -8 15 1 5 -8 -7 2 9 6 4 10 2 3 -5 -5 -2 -28 -2 -3
0 -3 9 -6 -5 5 -4 -1 1 -24 -21 3 -11 15 -3 -3 -13 -22 -4 2
6 -4 2 -8 10 1 11 -7 -6 -5 -14 0 -10 19 -17 8 6 28 -6 5
-9 -24 -7 -8 -23 -17 -41 -13 5 -14 -3 25 -10 -26 18 -4 5 5 -2 -21
-9 19 32 -10 17 -19 5 0 5 -12 2 -8 3 -8 2 16 15 -10 11 -10
2 2 -2 -15 -6 2 7 30 3 16 18 -19 -32 -48 -6 -5 10 -10 -10 -19
-10 5 -5 0 22 -2 -17 5 10 13 -15 -3 10 -14 -12 -14 4 7 -6 -12
-14 -78 7 -68 3 -14 -6 -3 -4 -14 23 -19 -10 9 5 5 3 -12 -14 -25
-9 -6 -37 34 -31 -28 -5 -13 -4 -2 -4 23 -18 18 -5 10 18 1 16 -9
-2 -16 -6 -17 32 -9 -8 -23 7 -7 2 -14 10 -17 8 40 -1 -12 -12 -18
-11 3 13 -14 -9 -18 -28 -5 9 18 20 -10 28 11 -9 4 3 9 -12 -3
-9 -11 12 -6 -24 2 -4 10 -7 14 35 -13 -9 -3 -1 2 4 20 -4 41
12 -13 -11 0 65 8 -14 2 18 12 5 -9 -4 40 -8 -18 62 -48 8 0
-4 1 6 -1 53 40 4 -6 4 2 4 4 5 9 -6 -37 7 -3 8 7
10 23 1 -8 1 -8 6 9 10 -4 6 9 -9 5 -46 -72 -28 14 10 2
4 -1 12 -12 -13 -15 3 3 8 -7 4 5 -1 -7 2 5 10 1 3 -10
3 2 -6 2 -20 -1 1 -2 -3 0 7 -4 -8 -5 -4 -11 -3 -4 2 -11
4 6 8 4 0 -1 7 6 6 3 3 4 -3 0 5 -5 -13 -5 -6 -6
-9 5 3 -6 -11 6 2 -5 -2 -8 11 2 2 5 -2 -4 -13 1 -5 2
-2 3 -1 3 2 3 -4 0 1 2 4 -4 6 10 12 1 -2 -4 8 1
2 0 4 5 -1 2 0 -4 -3 -7 -6 -3 3 3 -1 1 4 -9 -1 4
-3 -1 -6 -1 0 -2 0 3 0 15 10 12 -2 -1 -5 7 -3 7 4 5
-13 21 -10 3 15 9 -14 8 17 -38 26 16 10 -8 1 -19 -1 3 -21 -4
16 -21 -6 41 6 -18 -13 -44 -11 7 -17 -8 -6 -28 0 8 -9 7 40 -18
32 13 -10 -1 -13 -14 -25 17 -23 -5 9 -4 -2 17 -11 -2 7 -3 19 2
-13 6 20 2 5 18 -12 -1 25 -11 -12 -2 8 -19 0 -14 -9 6 5 18
2 -18 8 -11 -6 5 -14 6 -12 7 8 31 -3 10 -28 -5 -21 -22 -9 15
20 20 1 19 12 -31 -2 -7 0 -1 18 14 20 -13 9 2 -10 12 -30 60
-25 -2 33 35 12 1 19 5 -16 2 5 -13 -6 -11 11 -26 -11 -13 -8 4
14 -16 0 18 -2 -17 2 13 2 0 -5 29 -13 35 10 2 -17 -3 -1 4
-3 20 32 -4 19 -4 41 0 20 -13 14 6 26 26 16 -7 6 -11 1 -8
13 -22 -14 -21 -3 10 -1 5 3 7 5 10 15 4 2 -5 -1 -2 9 -5
-2 2 -1 4 4 6 12 18 -6 3 -4 -16 4 -15 3 -1 5 10 -8 2
6 5 -2 -4 32 10 -3 -3 7 3 6 36 6 1 1 26 -4 6 1 6
12 -21 -32 8 -17 -34 14 -3 0 -12 4 4 4 7 1 22 -2 -2 5 5
8 0 4 -3 4 6 3 2 -1 3 0 9 2 -7 -9 -1 -2 -12 -9 -2
7 -6 -8 3 2 -2 -20 9 3 1 5 10 -5 6 -1 6 -13 10 -3 6
-6 -7 -2 3 -2 -3 -9 -7 -4 6 -11 3 -3 -5 0 3 -5 -6 -11 4
-6 -4 -1 4 18 -4 -6 8 10 2 4 1 0 1 13 -3 -4 0 0 6
-1 -3 -3 -1 -1 -12 -7 5 -11 6 0 -5 6 -2 -1 12 20 -3 2 5
7 8 7 2 -9 -2 5 -3 -18 7 13 -6 6 -8 5 -14 10 2 -6 0
-26 2 -8 -19 35 -2 9 12 -22 -6 12 22 -4 -20 -13 -11 -71 -58 -20 -12
-3 -1 0 -11 -72 11 41 -8 11 5 -29 -9 27 -19 -15 48 28 18 -4 0
17 14 19 -11 -10 -79 6 7 23 -10 12 -28 16 -2 14 6 -5 10 -6 -13
2 -19 -41 -13 -1 7 -7 -33 6 5 3 -10 6 -6 -3 4 -2 2 8 0
2 1 27 3 -4 3 -8 13 18 -4 -3 4 -2 -5 -3 -9 -12 5 -7 6
3 -9 6 7 4 -14 6 -7 -8 8 4 11 -12 -2 -4 33 25 4 8 -13
10 14 27 6 2 -15 9 -2 0 -6 4 3 23 -34 -10 -14 -4 -4 13 -2
-10 9 9 -11 8 -7 -17 6 -3 12 -12 1 2 0 -18 -3 10 -17 15 4
-36 -5 -1 -12 2 1 9 20 -26 -17 -5 2 9 18 0 -4 -9 5 4 -22
24 -13 34 -10 17 -32 -6 -13 18 -5 -36 9 12 2 12 0 18 0 -4 -3
-9 -13 -11 9 24 15 4 -12 -3 8 12 35 -8 -1 22 -29 -14 15 -3 3
-16 17 6 -3 8 10 3 15 -1 -9 -9 -19 -10 5 31 26 21 3 -17 30
21 -21 -8 2 1 -16 -5 8 -13 -16 -24 13 -13 25 -14 -22 7 -23 -11 5
15 13 -14 8 -13 18 13 -12 3 15 0 -13 0 -3 -5 -32 9 1 25 -6
15 -6 20 -8 21 -24 -10 10 10 33 -8 16 -9 -13 11 26 -15 -11 -23 26
-12 -14 -26 8 3 1 -17 -14 14 5 1 -3 -4 -1 13 -20 -17 22 14 -28
11 -1 4 -6 -14 -8 20 -15 -25 18 -1 6 -4 0 4 22 -19 6 -5 -14
17 21 13 5 14 -23 4 4 -20 31 -7 -5 20 15 6 13 -17 5 9 23
-5 3 2 -4 -4 -1 25 20 20 28 -10 -17 2 -3 18 10 2 -12 1 -9
-3 -5 -19 6 -16 22 -14 20 2 87 -9 -43 6 -30 -50 -12 7 -9 -35 0
7 8 -3 37 -1 5 15 -15 -8 9 8 91 10 -1 -40 1 -3 1 -4 -5
20 -16 -3 2 -1 -1 1 -6 26 -4 21 12 -19 -11 -24 -5 -2 -2 9 -35
-11 11 21 19 -39 -77 -7 6 0 6 -15 7 7 7 -12 1 0 4 -1 -14
11 -18 5 -2 -11 3 3 -5 0 2 14 -1 2 -10 5 -18 1 -16 7 -13
-8 -7 -7 6 3 5 -5 -2 8 2 -8 -13 -1 3 -33 11 11 -3 5 13
-10 4 1 6 -7 5 10 -8 -4 -13 1 -7 3 -16 18 1 -11 9 -4 -16
-4 -11 -4 -5 6 7 -3 7 2 11 12 -5 2 5 4 8 -9 -3 7 -10
-1 -10 14 2 6 2 -3 6 -7 1 4 -1 -8 1 -3 8 0 2 2 -5
13 11 -9 -12 -6 2 -1 9 4 3 -7 0 -1 -6 -6 -7 -16 4 13 14
-8 27 18 -23 -1 14 -3 1 -7 -13 -24 -8 -17 -14 -16 -20 13 2 7 7
-10 7 6 -7 0 -10 -21 1 1 -6 -9 11 -17 30 5 -8 -2 -7 15 4
14 -14 3 -10 -27 15 21 -7 1 9 2 -40 9 0 -8 -44 7 -26 -6 -13
12 5 1 -11 -11 47 6 23 -5 3 -4 27 -13 4 19 -32 14 14 -12 -11
4 15 11 -13 -14 -74 -29 33 -20 -2 -11 22 -24 -1 9 -23 -8 43 -17 8
12 -14 -15 14 29 17 72 -18 -7 -32 -10 -15 31 -21 10 -44 -3 -10 -17 34
25 25 -6 -5 -7 -8 -8 0 42 11 -21 14 0 8 1 -3 -8 -1 16 33
19 15 -10 11 -9 -17 -12 -7 -14 1 1 13 9 20 32 11 -26 14 32 -16
-26 31 -3 -10 7 -22 23 -9 7 -12 2 -1 -17 10 6 16 -4 -20 -16 -22
1 -20 -4 -2 16 1 -42 -10 -20 -12 -7 -8 24 -10 -13 -1 -26 -20 -16 -15
-13 -2 -32 -20 -1 -1 7 3 6 -11 -13 -36 -2 -9 1 19 -32 -4 27 4
-2 -39 -1 -2 0 0 -13 -10 1 -15 -35 12 19 14 -14 9 9 35 24 -8
9 12 -15 -3 1 -6 18 -13 7 -31 -14 -13 15 8 -37 8 10 8 -41 6
-27 27 1 -19 -4 -17 0 -18 -18 21 -12 3 21 5 18 -26 -9 -23 2 -3
-16 -22 3 6 9 -5 -1 -22 -21 8 -19 -2 -9 -1 -37 -34 1 32 -32 9
-3 -7 26 -5 12 -25 -13 -26 0 -7 -13 -53 -7 -17 3 2 22 13 5 -6
-8 6 10 4 15 21 0 -19 16 -14 -14 -16 22 11 -7 -17 -21 12 11 -1
2 -3 9 -20 35 54 3 -8 6 31 15 6 4 9 -12 -1 0 -7 -22 1
-2 -52 22 36 3 -4 6 4 -17 24 -9 31 -1 -8 -15 -17 -17 22 -14 3
-18 31 -29 -21 -28 -51 -9 15 -3 -21 20 -11 -19 -30 44 -4 2 0 -2 -11
-11 -14 2 -1 0 13 4 -15 6 -14 24 1 7 -10 8 -5 -25 7 -3 -5
11 15 -21 -12 -22 -4 14 -3 6 -9 -16 -41 3 15 11 6 9 8 7 -22
-15 74 3 -3 -16 12 -40 -11 -13 20 -16 6 -2 -13 12 33 -19 4 -5 -14
10 4 2 0 8 -12 43 -2 -2 -4 1 -7 -24 -14 -13 -10 -7 -15 26 -31
4 8 -6 -2 -8 -7 -2 -8 15 12 -17 11 6 -7 29 -9 -2 -5 -4 2
-6 -7 -8 -7 5 2 -5 -7 0 13 23 4 53 1 0 -7 -3 9 -23 -20
0 -17 21 1 11 17 -16 -12 6 0 -5 -12 -1 6 -12 -11 11 19 10 2
2 -2 6 -1 -16 4 -32 9 13 -3 11 -11 -4 -15 9 4 -7 9 -26 7
6 -8 -15 -23 -10 -22 -2 17 8 -8 -21 3 11 20 4 -1 -3 5 6 -11
9 -4 -19 2 18 -4 -9 -17 2 6 -9 -6 -13 8 15 5 14 3 -11 19
20 -4 -11 -7 10 -2 -9 -7 -14 12 2 -7 13 -6 -9 -10 -40 -28 0 -1
2 2 -4 1 0 -3 1 -5 -4 -5 -15 -22 1 14 15 6 11 6 -25 5
2 0 12 4 -4 3 -4 8 -4 -1 7 0 -1 -11 -6 2 0 -19 13 -12
-10 11 9 0 19 1 1 1 -5 -9 9 3 -11 -2 -16 6 -1 -5 -27 -2
21 -13 5 -4 -1 -13 -10 -10 13 -10 -19 37 12 -2 -19 -13 -2 22 -6 -9
2 9 9 -16 9 -3 3 -9 -10 -7 -1 5 -12 -3 -12 10 -10 1 -37 -12
-8 13 11 -7 -3 -26 2 2 6 32 6 -7 -13 8 -6 2 -3 -2 -2 0
-1 6 9 -11 -3 -39 1 5 -10 23 -18 -16 6 3 0 10 0 -2 -13 20
0 -19 1 -5 2 17 -14 -21 -6 -44 -13 13 14 -12 -72 -4 11 -7 23 -3
-8 6 -3 15 9 -7 18 -18 -5 -8 -4 -16 2 -3 -1 -14 11 44 7 -7
14 3 11 -3 -1 10 -2 -13 12 0 -2 9 -8 -31 -4 -9 -13 18 8 20
0 18 13 47 -43 5 5 6 11 -6 -5 4 -3 5 -5 1 13 -3 2 -9
9 -7 -2 -4 -8 1 2 -11 5 13 -4 8 -5 -7 2 -9 4 -8 4 -20
2 -4 -4 5 -3 -3 11 13 12 15 3 -24 3 1 -43 23 -11 -6 -8 6
0 5 0 -5 -11 8 17 1 4 1 7 -1 6 -11 3 -3 9 -2 3 -12
-5 7 2 -3 -6 0 5 6 -6 0 15 -6 3 14 3 -9 -3 -5 -15 -7
3 -4 10 -7 9 2 9 -4 10 -7 0 10 -17 -9 -2 6 -3 6 -2 1
7 8 10 -9 -7 -2 0 1 10 1 -2 4 0 4 -15 -8
