-1 -2 -4 0 -4 -2 -3 0 -4 -5 1 -2 -1 -1 1 -4 -3 -1 0 22
-2 -2 2 3 -2 1 -14 -3 14 -11 2 -4 -5 2 -1 -1 -19 -5 -1 -11
-3 0 0 2 1 0 0 1 -4 -1 -4 -1 -5 1 -5 3 -3 -3 0 -4
-7 -1 2 -1 3 -7 -9 4 11 40 1 2 -4 1 54 2 -2 1 -2 -4
0 10 -7 1 0 -15 5 -3 2 -5 -5 -1 6 -1 -3 -1 -1 0 -2 28
0 -39 5 0 5 -9 5 -3 15 2 13 -4 -5 -1 3 -6 -2 -1 5 1
-11 -3 -12 -2 0 -1 0 3 0 -6 5 3 -4 -1 -13 -1 -6 -1 -3 1
-29 -28 -16 -2 -26 -4 4 -4 -5 -1 1 -1 -4 20 -3 -4 -2 2 -8 2
-2 5 -2 0 -9 -2 8 -7 -2 4 -2 -3 -1 3 1 28 -4 13 -5 -5
-4 2 1 -10 -2 -1 6 -2 2 3 -5 0 0 -1 -6 3 -7 -5 -6 -8
-7 3 0 1 -15 -8 -7 0 -5 0 1 -8 2 7 1 5 -1 32 -14 -8
1 5 -5 0 3 18 5 2 -21 -2 -4 -1 20 0 1 3 17 -19 -7 2
-5 -34 11 -1 -2 4 16 8 14 -10 1 25 6 -2 -3 1 17 -7 9 -4
-2 6 0 -3 -1 -4 -5 -25 2 -3 -1 -8 0 -1 -9 -2 2 0 5 32
17 1 -6 0 -4 -5 -22 -34 -2 5 3 8 -2 3 -2 0 -11 7 7 3
-3 5 -15 -4 -14 -7 -10 -6 8 1 2 6 8 3 9 7 -1 10 -3 7
-2 1 -5 4 -11 -16 -5 -3 0 2 4 -3 28 -37 -21 -3 -38 -2 0 -3
-5 -3 5 3 1 28 -3 5 2 -4 -8 -5 -4 8 3 1 0 0 -10 1
-7 0 4 0 -3 -2 4 9 -1 6 -7 -1 -7 -1 -4 -19 -1 -20 7 9
-1 2 1 -3 -14 0 2 29 -3 0 -2 -1 2 1 2 -7 2 1 1 -2
-1 0 -8 -3 1 0 1 5 1 -1 3 -5 1 0 -1 0 -1 1 -2 4
1 1 2 0 1 -4 6 -1 0 -1 -3 0 -2 0 3 -1 -3 -1 2 0
0 2 3 0 2 -2 10 -6 16 20 -2 0 2 0 -8 5 0 3 1 5
-1 1 0 -1 2 5 -2 1 2 -1 2 22 -3 1 1 -16 -3 -2 7 7
1 0 -2 -1 0 -2 1 1 -4 0 -1 1 11 5 4 -3 -11 2 5 -4
5 16 0 1 -1 -2 -4 -2 -2 5 0 -2 0 -6 -4 -4 3 -4 1 -28
-7 -19 -3 5 1 27 17 -1 6 3 0 -2 1 -6 0 5 6 2 -6 1
-13 -13 -7 -3 -3 5 9 -2 7 -1 21 -12 -9 6 -6 3 2 2 -2 -10
1 -12 4 -2 -2 0 -10 2 -9 -2 -6 5 1 -2 5 -4 -4 -10 -19 8
37 -8 -4 10 -11 3 -2 0 0 -3 1 -8 -2 1 1 1 -4 -2 9 -5
20 -2 -3 -6 6 -7 -32 -8 -8 8 -5 1 -2 5 1 -4 7 1 1 -6
15 -5 9 3 0 -7 -6 1 2 0 -10 5 -12 -3 -11 5 -6 0 -7 -5
-6 -6 0 -5 -1 1 -21 -2 1 -2 1 1 2 1 -1 0 0 0 10 2
-3 2 1 -4 7 3 4 9 1 0 1 -7 1 2 -1 -1 -2 4 2 1
0 -3 -1 6 8 2 -1 0 12 0 1 -5 0 -4 2 0 0 0 1 0
-1 5 0 0 -1 -19 3 -10 2 -2 -7 2 -6 0 -4 -24 9 -4 0 -6
-1 5 3 -8 8 12 -2 9 -9 -1 -11 12 0 1 3 20 2 -16 0 18
0 3 -2 0 0 5 4 12 -1 -5 -21 -3 -3 10 -3 -22 9 -1 -4 -7
2 -4 8 -4 6 -13 0 10 -10 5 18 -1 18 -3 -3 -4 -12 -5 -10 -19
-6 -3 5 -10 -10 -11 -10 -1 6 8 2 1 5 -8 -9 -6 -6 5 6 -9
-23 -13 14 -9 11 6 1 -1 -13 -7 2 -1 12 -4 -2 6 -1 7 -1 3
-11 7 -1 -12 1 8 -4 -6 -5 10 3 4 0 0 5 -1 -8 -2 -5 26
2 -1 -3 -1 -11 1 11 2 -10 1 2 -5 2 3 -1 1 0 0 -1 0
1 1 -3 -3 -2 1 -1 -1 -1 2 4 -2 0 -1 0 1 -1 -1 -1 5
0 -2 2 1 -1 1 0 1 -2 -2 0 -3 2 0 -1 -1 -9 -9 -10 -2
8 4 4 9 7 -13 11 -20 1 -5 -3 -12 -7 1 -6 11 -7 -2 -6 0
11 10 7 1 1 -17 10 -2 5 17 19 0 -8 -2 -4 -1 8 8 4 -2
-2 8 0 2 -2 -2 -13 -9 -13 5 -5 14 11 1 3 6 -2 5 0 2
-2 3 -10 -1 -4 0 -2 -1 -1 1 -3 -10 3 1 1 -5 0 -6 -2 -2
1 14 28 -4 -3 -1 2 -1 1 2 -1 0 -3 0 -1 -1 2 0 5 0
-4 1 0 0 0 0 -2 -2 1 1 -5 -5 -2 -1 3 -2 0 2 -3 0
3 1 2 -3 1 -6 12 -4 -18 -26 -3 -8 7 6 18 -4 2 -2 -8 6
3 -4 -5 -2 -1 -13 14 1 1 -4 -6 0 -3 11 17 -6 0 2 -3 1
-14 2 -3 -4 0 -4 3 -6 -7 2 2 2 5 9 2 0 -3 -2 7 -7
0 6 5 -9 6 -10 3 -23 0 1 -1 -5 -1 1 0 11 -18 -29 3 6
1 1 6 0 1 -4 1 -27 13 3 -9 3 3 -2 -24 1 -10 -21 -5 3
-8 11 6 5 -5 -3 -4 -33 -7 -2 0 10 6 14 -1 -7 -4 2 -1 0
5 -1 1 8 4 -4 8 -7 4 0 -7 -15 -27 -20 2 -9 -9 2 7 2
1 -4 2 -2 1 2 -2 1 1 -1 -6 -8 1 5 -3 -11 0 -1 -1 13
-3 1 -9 -3 -1 1 -2 4 2 6 1 2 5 3 -22 0 -8 0 -14 -5
-6 1 -1 -4 -1 13 2 1 4 -3 4 0 1 -5 6 -3 4 5 12 -5
-4 12 -1 2 -4 0 4 10 0 0 -1 -5 -1 6 1 -1 2 12 12 2
4 0 1 1 -2 0 -8 6 8 2 -3 9 -2 4 4 -1 12 0 -2 -1
6 6 -4 -2 0 1 22 -16 4 -2 -2 -2 2 3 4 -5 2 -1 -1 -2
-15 1 -7 -3 10 -10 -13 -27 -3 -2 -11 -7 -33 -10 -5 5 -21 -2 7 -19
-6 2 -9 -4 -4 35 -3 -6 -4 -6 11 -1 -31 9 9 7 10 5 -7 13
-4 -1 13 -4 15 -77 -11 -42 -3 -77 -13 0 -12 11 -11 12 16 -14 11 -58
-1 11 0 -9 29 -14 -1 3 0 3 -29 0 2 1 0 -2 -3 1 4 -4
1 4 -21 3 0 1 4 -19 -7 -2 2 -32 -2 -1 -1 5 3 4 4 -3
5 3 0 -1 1 1 4 2 2 -1 10 1 -10 0 9 0 2 13 -6 2
1 -1 2 3 0 -1 4 -5 -3 5 -1 -14 -5 -5 -2 42 -5 -8 -1 0
-13 -35 -2 -2 -13 -3 -1 -1 7 -2 -7 6 6 -23 -3 -6 -15 -3 -9 -6
-3 -9 12 2 1 -2 -5 -5 -11 0 0 2 6 12 -1 2 1 0 -17 4
8 2 -6 6 9 7 7 -5 -1 4 -10 -7 -1 -9 -2 -4 -24 11 -5 -8
6 -6 0 11 -1 3 -8 -14 -1 1 1 -1 -3 3 15 -2 -6 -2 -3 -1
-8 3 35 -11 -7 0 -2 6 4 6 -2 1 4 -1 8 7 4 -4 4 -3
5 -1 -9 -4 1 0 0 3 -3 -3 -10 -6 7 1 -5 -11 6 4 -12 -6
12 5 -1 17 -1 -7 3 18 0 -6 -5 -1 -4 -10 2 -2 4 1 1 4
5 -1 -1 -2 -5 -2 13 2 -4 4 9 4 -2 4 -1 2 -4 -5 2 1
-4 2 2 7 3 4 4 -1 -3 1 0 -4 6 3 -2 5 -7 2 6 -6
-2 -8 7 2 -20 -15 -3 4 -3 -3 -11 14 -3 -9 -8 7 -4 6 -1 -6
4 -14 21 -15 1 -1 0 -4 -1 -5 -15 1 -19 -11 13 1 -1 -6 -1 2
-8 3 -4 7 1 -8 -1 6 -2 -3 -6 -5 -16 4 -1 4 -14 2 -21 1
-2 -3 14 19 -2 -3 2 3 8 -2 0 -4 8 -14 0 -1 4 -2 -2 4
-1 -2 6 -14 17 -1 5 0 -2 2 -25 4 -29 19 1 2 2 -5 -3 -2
-2 -1 1 3 1 0 -1 1 -4 1 2 -1 -2 -1 7 1 0 -2 3 -1
0 -1 3 0 3 -2 1 -1 -1 4 27 -1 13 0 -4 -1 -5 -11 -11 -14
-1 -3 -1 2 -4 -15 -8 1 -7 -28 7 -3 -3 -4 -3 4 -5 -14 -16 -14
-2 2 6 -3 13 1 12 -5 -1 -1 4 -6 8 -5 -1 10 -9 -2 -14 7
-4 0 -11 1 9 2 4 -3 -13 1 16 -11 0 3 1 3 4 1 -8 -35
0 4 2 5 11 1 1 0 19 0 6 -7 0 -1 6 3 -2 -18 0 -2
-1 -4 -6 2 1 -4 4 1 -2 -1 -6 -5 -4 1 -5 3 -2 9 -2 -10
-2 -7 9 1 4 0 3 7 3 4 -4 10 -1 0 4 -9 -21 -19 -8 36
-16 -2 -2 -3 1 4 -9 -18 1 -4 -4 -8 -5 9 -1 -8 -5 -16 11 -3
-2 0 7 -7 6 -2 -6 9 -3 -2 -7 1 -1 6 3 2 0 0 -7 -1
-1 2 4 -5 -2 -4 -2 -4 -5 -11 3 5 3 4 -9 -6 -1 -1 -5 12
0 0 -14 -1 -22 -28 -5 7 1 -5 -2 -1 8 -20 -10 -2 -29 -2 -1 -5
-2 -4 4 -5 3 19 3 -1 0 1 -18 -3 -6 6 -7 3 -3 4 32 8
-2 -3 10 -2 12 -7 -4 9 3 12 4 -1 -5 -2 10 9 5 -33 -6 -19
0 -2 -2 0 -1 3 -4 2 -4 2 -3 3 -25 -24 0 4 -1 3 2 0
2 1 1 10 -11 -2 -2 0 3 -1 12 2 -12 -16 1 1 0 1 6 4
6 1 -2 5 3 3 0 7 -3 7 0 -3 6 -2 6 -1 -3 2 0 1
-1 5 -1 -1 -16 0 -5 3 -5 3 -2 0 -8 4 -1 -2 16 -12 -5 -1
3 0 -1 0 2 -4 -1 -1 -13 -1 1 -2 0 -1 15 -2 16 -16 2 3
6 1 -12 4 4 -4 0 6 5 1 1 2 -1 2 2 2 -1 -6 -2 -4
0 0 11 -3 3 3 2 6 -11 3 -2 -3 4 2 -2 10 -8 0 -9 0
-60 -49 -15 2 9 6 -6 -3 2 0 7 -15 0 -12 2 3 -9 5 16 4
-20 -20 -13 -1 1 -7 28 8 20 -3 10 -46 -8 -8 -3 -5 -1 -6 3 2
-3 0 -5 -2 -9 0 2 -4 2 6 -5 -4 -36 4 0 3 5 40 -1 -13
-7 -6 -53 3 -2 -8 -23 1 1 0 -2 -15 -1 7 -74 -2 -3 -2 -1 14
-8 -4 -1 -56 2 7 -4 5 2 5 0 3 2 5 0 0 3 2 -17 9
-14 -2 21 -3 -5 0 27 -2 19 3 -4 11 -1 1 -19 3 -2 11 -3 17
-2 6 -8 -14 -19 -4 -10 -5 -10 2 3 3 -1 7 -1 0 -3 1 1 -8
6 1 -9 5 -7 -8 0 -1 -1 11 -19 0 -4 -6 1 -5 -5 0 3 -6
-15 -4 3 2 -3 -3 -11 2 -12 -2 -5 -1 19 -1 -1 -6 2 -3 2 7
1 0 -3 -9 3 12 4 -7 -2 -22 -2 2 7 1 -23 2 4 3 -2 3
5 -20 5 -3 -5 -34 5 -4 -2 -3 6 7 -2 -4 -2 4 -2 -4 -4 -5
-7 14 2 -4 1 -5 4 10 11 11 18 1 9 -5 6 11 3 2 5 -12
11 -1 1 1 9 0 0 -22 2 0 -9 5 -1 -4 -2 1 0 -1 6 2
1 3 -1 22 1 11 1 0 2 -16 -11 5 0 1 1 1 4 -1 0 -1
3 1 -2 -2 -1 8 3 0 2 0 1 4 1 2 2 -2 4 -1 4 0
1 1 2 1 3 -1 10 1 1 -3 -3 -1 6 -14 -3 -10 3 2 -52 3
0 -2 -1 1 -2 1 -3 -4 5 -3 26 -15 5 -2 6 -4 -5 0 4 -24
0 -4 -2 3 -1 -1 -6 -10 0 -5 2 0 -1 3 24 -2 5 4 -3 -3
-18 1 10 -4 9 -18 2 1 -3 0 -6 -4 -1 7 -6 -4 -4 -18 0 3
11 -1 -4 8 -4 -4 4 -25 -7 -1 -3 -3 -4 -1 10 1 4 -10 -3 10
9 -2 -7 9 1 -1 13 7 2 5 3 1 3 3 8 0 -3 8 2 -2
7 -2 -5 -2 -6 -1 -3 4 -4 -9 2 0 17 3 -5 8 0 -1 -2 2
2 -1 -5 7 -7 -1 -4 -2 4 1 -6 10 1 3 -4 -7 1 1 -7 -1
-2 38 -20 -3 -15 0 2 -6 -1 2 -4 -4 -2 0 2 1 -4 0 1 4
-7 5 -5 -6 -10 4 0 -1 -5 0 2 0 8 1 0 -3 4 -3 5 0
-1 4 4 6 -1 2 5 -1 -3 2 -17 14 26 -13 -3 13 1 6 2 -1
-2 7 -4 -60 1 -1 3 2 -3 -6 -35 3 25 -60 -10 3 -10 3 7 -8
-6 -3 -6 -13 -6 -2 -4 -1 4 2 -8 -11 -5 2 12 -1 10 3 7 -3
3 5 -6 -12 14 5 -8 -4 2 2 -2 -7 -4 -1 -19 0 -16 34 -9 -4
1 -2 -9 1 -4 5 6 -76 17 3 0 4 -10 -4 -65 -2 -19 30 -5 -2
-4 24 16 4 1 2 2 -17 -7 -1 -5 2 -1 11 -1 -1 0 -1 28 -1
25 -7 16 -6 -4 5 -15 -9 -16 -3 0 -2 0 -1 0 -5 -1 -21 -1 -1
8 -1 -21 -9 5 -2 -3 6 0 -15 8 -2 -1 -26 -9 1 0 2 5 -6
-6 1 5 -1 -2 2 5 32 -3 -45 3 0 7 -8 2 -37 2 0 6 1
-10 -2 4 -4 3 -5 0 1 -7 -3 21 -6 -5 -6 -4 -6 15 22 1 -41
3 -14 3 -3 -4 -2 -9 -8 -3 -7 -7 -8 -2 0 3 4 -2 -19 25 4
4 -1 1 2 3 2 2 11 8 -4 -6 -10 1 -4 2 4 3 4 -3 -5
-2 -2 -13 3 -4 -3 0 -3 2 4 -2 -4 -4 1 -1 1 0 -6 5 -5
2 -53 -4 25 -5 3 3 1 1 1 -2 -9 0 -2 -2 -3 -4 2 17 2
0 5 -1 -7 0 -3 -1 -1 2 -1 -1 -5 2 -2 -3 11 1 -2 -1 -1
-1 -3 2 0 1 7 -10 1 3 2 -3 -1 -6 1 7 -6 5 1 3 2
0 2 12 0 18 -3 1 -22 1 0 3 -2 -3 1 2 -4 2 1 1 -4
-1 0 20 0 0 1 3 -20 1 1 1 4 1 -1 0 -4 -2 0 -1 1
-2 -1 4 -2 0 2 -3 -3 -2 3 -2 -3 1 0 3 -3 3 4 1 -1
4 -1 3 -2 -1 -2 2 1 -8 -12 -3 -8 -1 1 19 0 -1 -4 -3 -3
2 0 0 -1 3 4 2 -6 2 0 -6 -2 -9 -7 4 -14 6 -3 4 6
-6 1 -2 0 -6 -6 3 1 -2 5 7 -4 -15 9 3 -10 -8 1 -2 2
-1 -35 1 -1 7 -1 7 -6 6 28 -4 -8 -1 0 11 13 -4 0 -2 -4
-4 3 0 15 -4 2 -5 -28 -2 36 -1 -5 -1 13 -18 -4 0 -2 -1 -3
-7 2 -4 1 -5 -2 -2 1 5 -35 2 6 -12 10 2 -4 4 -1 4 -1
-1 0 4 -22 8 0 1 -3 -6 -1 -23 1 -2 -2 -11 -1 -10 6 8 8
5 3 -13 -1 -3 -1 2 -1 1 0 2 2 -1 -1 -6 -2 -3 -3 -9 -16
-8 0 -2 -14 1 -3 3 13 -1 1 -1 -2 -2 -2 1 -5 4 1 3 -1
4 -1 2 1 -2 1 -6 5 -2 0 1 7 -3 -1 -4 -1 2 8 -1 1
-4 -3 -6 -2 -9 2 0 16 -9 27 -4 -6 -8 -14 -7 0 -15 4 7 -5
-6 -5 -8 -7 -11 -5 1 -3 15 18 -1 12 -9 -21 -15 2 1 -6 -18 -3
1 5 -5 -1 -8 -9 -1 18 -10 -1 2 3 6 1 14 5 9 0 -6 -21
-4 2 8 -1 -2 2 2 -2 8 2 2 3 29 20 0 -6 3 -4 0 0
-2 -3 -1 -1 9 2 0 2 -5 -4 -13 1 -3 10 3 4 -1 -1 2 -4
10 -3 -2 -13 1 -1 -1 -2 -2 0 1 -2 -1 1 2 -6 -1 1 17 0
-6 4 0 -1 -17 1 3 -7 7 -14 -8 -7 5 12 -1 -2 -1 0 -27 -28
6 -3 13 -127 3 -70 9 -2 1 -9 30 3 -15 -25 10 1 2 -8 -2 11
-20 10 2 28 -13 -6 -9 -19 11 44 -8 19 -1 6 -5 -6 -9 -5 30 -4
15 7 10 6 2 3 -25 8 -15 4 -15 14 4 2 -6 8 3 -2 -3 -5
2 4 -3 -14 -2 12 9 -6 5 -11 -1 0 0 -32 35 -5 7 -1 -1 1
0 6 -2 2 -14 -4 -6 2 1 13 2 0 -8 22 0 11 5 -2 2 -5
-1 3 -4 3 0 -3 3 -5 4 5 -2 -4 3 9 -17 7 2 3 3 1
3 -2 -3 5 4 14 2 -4 0 1 0 -1 0 -1 -1 -13 -7 6 0 2
1 -2 -7 -1 27 4 4 -3 4 3 -2 3 -12 1 -2 -6 3 0 -1 -1
-5 6 1 -3 -1 1 12 -3 1 2 -15 2 -1 -2 2 -5 8 0 4 -2
-8 -1 -15 8 -1 -2 -3 0 14 6 -1 21 9 2 0 -2 10 4 -16 -2
-6 0 4 -2 -6 2 -11 -9 -3 6 1 -27 -1 -4 -1 3 -4 2 0 -1
3 0 1 1 -6 5 1 -6 0 2 14 0 -1 -3 4 4 2 -2 -8 -11
-5 -2 3 -4 -14 -15 -14 21 7 2 9 6 8 -6 -2 -6 0 -1 0 5
9 -10 -10 2 -5 -11 -8 -6 1 0 -11 9 -1 -5 10 -9 2 9 1 -1
-2 -9 3 1 17 5 0 -1 5 5 -1 -1 1 1 -21 7 -9 -10 4 3
3 1 -6 8 4 -13 -10 8 1 4 0 3 10 2 -5 3 -1 3 0 5
-17 27 23 2 -22 0 4 -3 2 2 -1 5 -1 -16 3 -3 -1 -5 4 1
-3 -4 1 1 -2 -1 -3 -1 -3 2 -3 -3 -3 3 2 -2 -4 1 -6 -2
-2 0 4 0 7 1 -3 -9 -1 -2 1 -2 2 -5 -4 3 20 -19 -5 5
-10 -1 28 2 2 2 -6 -18 0 0 2 -2 0 15 6 -3 -7 4 -9 -2
0 0 -12 -5 -5 2 -4 4 -4 2 -3 -4 -1 -7 -1 20 2 1 6 0
0 5 -6 2 2 1 -1 1 -1 1 -4 -5 -5 5 2 -7 2 -4 7 -1
-5 -1 -8 16 -2 1 -5 6 35 -32 -45 -5 25 0 0 1 -2 0 -1 1
1 -24 -4 -2 -5 7 -7 4 -1 8 5 3 -3 3 1 -2 -9 7 -1 -1
0 7 1 -9 -1 -10 8 1 -3 0 0 -17 -5 15 2 -1 7 3 0 1
-3 1 -3 4 -10 57 -5 1 -1 -3 -12 -1 -4 -3 -5 -3 -2 1 -3 -2
0 -4 -3 -1 -1 -2 2 -5 -1 -7 13 1 -1 1 -1 -4 -1 -7 1 0
-7 -7 3 15 6 8 4 -7 4 -1 -8 2 2 1 3 -1 4 0 -5 -5
1 6 0 -3 1 2 2 -3 -5 0 -10 -4 26 -44 1 4 2 5 1 2
-2 -5 -1 -28 -13 0 1 -1 -3 -3 11 1 -2 -37 -1 8 -6 -20 -30 2
-24 -1 5 22 0 -1 -4 1 -2 1 1 17 -13 -4 8 3 -3 0 2 -1
8 -4 -4 -8 19 3 2 0 0 -3 5 2 -3 0 -7 4 1 0 -4 -5
-23 27 9 4 25 -1 3 -6 3 -2 1 2 -2 -40 1 -2 -1 1 1 -5
-3 -6 -2 1 -5 -3 19 -2 2 4 0 2 -3 9 2 0 -2 1 9 0
11 -4 5 4 6 2 -4 2 -4 -2 -1 0 3 -1 12 0 -3 -2 -2 4
-2 -1 0 13 -3 0 3 -4 -5 9 -1 -5 0 1 -28 1 0 -3 0 -2
-2 3 0 -2 -4 0 1 -1 1 -6 3 5 -4 -4 1 -9 -3 3 -3 1
-3 1 5 -1 3 -4 0 0 1 0 -6 -3 -2 3 1 1
