-9 -6 4 1 -1 5 -2 -7 4 0 5 2 1 4 -5 -6 7 -2 0 -6
1 7 8 0 3 9 -4 1 -3 1 2 0 1 3 -10 15 -1 22 11 -4
5 -1 0 2 9 8 10 0 -3 1 3 8 11 2 3 2 -17 1 0 -2
0 6 -13 -3 -10 0 -4 0 -3 17 88 25 0 -2 0 3 1 -5 2 -3
-2 -3 6 -1 1 3 1 0 8 3 -1 -2 1 0 5 -3 6 5 -4 10
2 -1 3 -3 -4 -4 -16 -6 -4 -11 -3 11 0 4 -10 -30 -21 2 25 4
10 15 10 -9 -9 -11 0 16 -2 -7 4 -4 14 47 5 1 -2 5 -3 -13
0 -6 -17 -10 2 -22 -6 14 -4 -3 -15 -32 -28 6 -22 -6 7 -11 1 0
-14 -8 4 2 8 4 0 10 3 -5 5 -7 -6 1 -2 -8 3 1 -3 1
-1 -1 -4 4 2 0 5 -3 4 3 -2 -7 0 -2 -2 5 -4 1 15 12
8 -8 -3 -7 -7 7 3 0 -8 -5 0 -7 2 2 6 -3 14 12 5 -5
-9 -12 20 38 6 -5 -22 -13 4 -6 -3 -14 -45 -20 -10 -3 -2 -6 -3 0
-8 -2 -6 8 -2 1 3 2 -2 -1 9 22 -5 -14 -5 -9 -16 -9 -6 -18
-8 -2 5 -1 -2 0 2 8 14 7 0 1 2 2 4 -3 0 -2 5 3
-11 -3 1 -8 -5 13 -6 -8 -2 -1 -2 -1 3 -1 1 -9 0 3 1 2
-1 -4 1 7 6 5 -1 3 -1 -2 -7 -4 -10 -1 0 4 4 7 1 -4
-6 4 8 -2 -22 23 -3 -11 24 -10 -2 18 11 3 -14 10 -14 -23 5 -28
-37 11 -8 -3 -17 -4 -8 -3 -4 -7 5 4 -15 0 -9 -15 -8 -6 5 -1
13 4 -4 1 5 -9 -5 -1 10 -27 23 0 7 11 1 33 -12 -5 -7 11
5 -18 16 2 -30 32 16 21 -37 2 -27 -22 -1 -24 10 -6 -5 -1 -4 -3
-14 -6 -1 -3 -2 12 -3 -3 4 8 4 0 10 5 -5 -3 -4 -2 0 -6
-4 15 5 3 13 11 10 16 -3 5 -8 -2 -4 -1 5 -6 -3 0 -5 5
-4 -2 3 -14 0 2 -8 2 -16 8 4 -5 -9 1 -6 -1 -7 -1 5 -19
9 4 4 35 1 4 -9 11 -4 -16 4 5 -17 8 5 -8 5 -4 -53 -9
-8 -46 -3 -9 -23 11 -2 7 1 -2 -18 -16 -2 -18 -1 -21 -19 -1 -19 22
-7 -8 37 7 -7 1 1 -4 7 2 0 -5 -2 1 -6 -9 -3 6 3 -6
18 4 -6 -4 -9 -5 -3 0 13 -1 -3 -1 5 -1 -3 -6 10 7 3 10
-11 -13 -11 -19 23 0 -15 0 -10 -4 -3 14 2 -2 6 2 -6 -1 -10 7
0 -3 1 6 -6 5 1 -3 -5 -6 2 -3 -1 2 -9 -2 -6 -6 -15 -3
-4 5 5 -2 0 -6 -3 -5 5 8 14 4 -1 4 -8 -4 -3 -5 -4 3
1 2 -13 -1 6 2 -1 0 -1 -7 -11 -5 8 -4 -14 -2 -14 12 2 -30
-5 -25 -19 -3 -40 2 5 1 52 0 -1 -3 -10 -3 -2 -5 -5 -12 -8 -7
-32 1 -11 -21 -9 -2 4 -17 17 5 4 -8 -6 -7 1 -16 -4 38 56 -6
25 17 -6 -16 -33 -11 -6 37 -21 -9 7 -9 0 8 -6 -66 -20 21 -42 20
10 6 24 1 -9 -12 -11 -5 2 -1 -3 -2 5 6 2 -8 -3 18 0 -17
-19 -12 2 -6 -13 13 25 20 17 25 21 -8 -9 -16 -15 -13 -17 -10 -13 -11
11 -6 -8 -3 8 -2 3 0 13 -16 -11 -13 -2 -14 -6 6 -5 -14 5 25
4 -13 6 6 2 4 5 -2 20 -6 5 -47 -17 -14 -41 -13 12 7 3 -3
3 6 7 4 -2 -49 -79 18 -7 31 9 9 34 9 -23 -30 -14 -3 -21 1
12 23 2 -21 68 21 -28 9 21 0 -50 10 3 15 5 2 -6 -2 -3 9
3 -3 -27 -13 6 -13 -10 8 -2 -3 11 -1 3 3 -18 -11 -7 8 0 -1
15 16 -4 15 -11 -6 12 -5 1 12 -3 0 -23 -22 5 -19 -16 18 44 10
8 6 3 -4 -16 4 3 2 1 4 -2 1 4 -1 13 1 -3 9 0 -7
2 2 12 -2 7 -66 7 16 -51 -11 4 -4 1 7 -5 10 -10 -57 2 -1
-46 -7 -1 -2 -5 -13 -2 11 -4 12 8 3 12 -23 8 41 -39 8 51 -31
-9 -3 14 8 22 -1 -1 4 -6 2 0 -2 5 4 -5 0 -1 -4 -9 -30
-20 -1 -21 15 -7 7 -2 -1 9 -7 -1 16 -1 -4 -4 9 7 5 -3 0
-1 -5 -4 1 1 2 -5 -3 5 -3 1 -2 -9 -5 4 -2 -1 1 -1 -2
-4 0 7 4 -11 12 6 -12 -7 -3 -6 2 3 -4 -6 7 11 1 2 4
-10 -5 -7 11 0 5 -1 9 0 -5 4 -3 6 2 0 4 -9 -12 7 -3
-6 0 -4 -5 22 -2 -7 14 0 5 -11 -4 -7 -4 -2 -6 -5 8 -8 5
-5 5 0 1 0 1 2 -21 9 -3 -3 -19 -8 -8 -6 1 -9 -5 3 -13
-7 -3 0 -5 7 5 2 6 15 -3 0 0 -6 -13 -6 -7 -4 -3 -2 -5
-7 2 -7 -4 -7 -3 6 -10 -2 6 -4 -4 5 5 11 -2 -1 -1 3 -1
-12 -17 -6 -2 -7 1 -5 -5 -9 -17 -8 3 2 6 -7 -1 2 -12 1 -5
-1 -1 -1 -8 -5 -4 -3 5 -2 -6 -15 34 -13 -2 17 1 0 -4 -13 -7
23 -12 -2 -6 -4 5 -3 -15 10 15 -15 -8 15 2 -1 1 11 -2 12 -5
0 9 -18 -6 -5 5 31 -27 13 -3 -12 -5 6 -4 13 0 -2 15 1 -1
10 -4 -4 8 -2 1 10 0 2 4 8 5 -2 -1 1 -1 8 3 1 -4
3 -10 -4 0 -7 -4 -1 -11 0 -5 5 0 0 20 -6 -4 2 -5 0 2
5 7 5 3 1 2 3 -5 -15 1 -9 -36 0 -8 -18 0 2 3 4 8
7 4 1 -4 -2 -2 15 -1 -4 -10 1 6 10 9 9 5 3 1 -1 2
-6 -13 -5 0 -1 -4 -1 -5 -2 1 -1 -1 -8 9 1 -3 16 -2 -6 6
0 1 -2 0 0 3 -4 -5 -1 -4 -3 0 0 1 -2 5 5 10 1 -9
-13 4 -2 -5 1 -5 -13 3 -1 -5 -3 6 8 3 3 -3 -1 6 3 3
7 2 -1 4 12 -3 1 -5 -4 -6 6 -2 4 10 4 -6 7 7 7 21
5 -4 11 -4 -3 -1 0 1 0 -3 -1 1 -2 0 -2 4 2 4 -7 -1
-1 9 2 -5 13 8 1 2 2 -5 9 1 -16 16 4 -13 12 6 -5 -5
-1 -4 -8 -5 4 2 0 3 0 -2 -5 10 10 -2 4 1 -4 -1 1 5
0 8 11 -3 1 1 -1 -3 -4 1 7 1 -1 -3 0 0 -6 -14 0 -18
0 1 -19 -7 -2 3 1 -9 -12 -10 0 -2 -2 -3 1 1 0 6 9 -5
-3 -1 -4 -5 -3 -1 -6 18 0 -7 19 5 -5 12 -2 6 19 1 7 13
-2 -16 7 -7 -55 -26 -13 -4 -8 14 3 3 -5 0 -44 6 16 -14 1 -7
2 -12 -9 4 -16 -8 5 -10 7 -5 -9 9 0 -5 -6 7 11 21 11 12
31 2 14 19 13 -2 4 -8 -12 -1 -11 -2 13 -4 4 3 -11 -9 -5 3
-4 24 3 -6 1 -8 -2 19 3 -15 -1 -1 3 16 23 10 -24 -15 10 -4
-6 -8 2 -1 -22 -28 -4 -26 2 -23 1 0 -1 4 1 -6 -8 -3 8 -3
0 24 -2 13 -29 -24 -18 -7 0 -6 -3 -4 -4 -2 -5 9 10 -3 -8 7
-7 4 -1 -1 -3 -21 -6 0 6 -19 -38 5 -6 -20 -6 -10 -14 -17 -3 -39
-5 6 7 7 -7 -11 -15 -12 -16 -14 -11 -13 -10 0 4 -7 1 -13 -10 -1
8 -4 4 -5 16 -8 -9 -19 -11 -7 5 -22 -35 -10 32 42 -26 -16 -12 2
-5 3 5 -8 -14 14 -3 5 23 -9 -3 -5 -24 -11 2 -6 -17 -5 1 4
-1 -12 -8 15 -10 -6 16 -6 -19 -6 8 -13 4 -3 -8 4 -3 -1 -7 -2
10 -10 -7 -29 -11 -22 -24 -16 -4 5 -38 7 18 -22 -10 -12 1 16 21 -21
-11 -34 4 19 -4 8 -4 -37 -27 1 13 14 1 -25 13 21 44 -42 -7 22
-4 2 -19 -21 -20 -64 -15 0 -7 -4 6 -10 7 -3 -9 -22 2 14 -5 -17
-16 0 11 20 -8 -2 19 -1 -6 61 53 9 9 3 0 2 -7 6 31 29
4 -15 -10 -10 -32 -29 -3 10 7 9 0 9 -6 -1 -4 2 -13 -28 3 3
-6 3 15 -15 9 23 11 1 29 -16 -4 3 -29 0 3 4 -3 -9 -13 4
-5 -10 -4 3 -21 2 -9 23 2 3 21 2 11 -4 -1 16 -1 2 4 -2
0 7 0 -2 -8 -8 1 -2 -4 10 18 -14 -2 4 -1 -6 0 1 -2 0
4 -1 -1 -3 1 -4 -2 -3 18 12 6 11 -2 -4 -5 -9 -2 -3 10 6
12 9 1 -8 -7 1 10 -8 3 6 2 6 -1 -10 -7 -7 1 9 6 3
5 5 5 -3 -2 -22 -9 4 9 1 -3 15 -3 -2 5 3 -1 -2 1 -6
-7 0 -12 8 -4 7 11 -3 -6 -2 2 -3 43 3 -2 -6 9 3 -26 -12
-10 -14 -18 -20 -3 -5 -6 -3 -3 -8 -10 -5 -11 -5 0 5 -4 4 5 -4
8 8 -1 0 3 4 14 10 -3 1 4 3 -10 -7 -14 4 14 2 0 2
4 -1 -7 1 8 10 -24 8 -2 4 8 -3 12 -14 -16 0 -2 6 -5 1
7 1 -15 -6 12 -12 -15 -3 -7 -5 -1 7 -44 28 4 -11 -12 9 49 -15
0 -18 -3 -14 -37 -3 -4 -10 0 -1 -2 16 1 -4 3 -5 -5 2 -1 -22
-59 -2 2 -20 -1 -7 -44 -6 39 14 0 -22 -19 0 -30 -22 16 -32 17 10
7 -18 5 23 -7 8 -4 46 13 -4 21 13 5 -41 0 -3 -5 -7 -6 -5
7 -2 4 2 4 -32 1 -3 -20 -1 -16 -9 -2 -14 -17 -3 5 -1 -6 3
4 4 8 -1 2 -2 0 -2 -11 -2 7 3 23 0 -5 15 -5 -10 -1 -3
1 -7 8 -1 -10 9 -4 -3 7 2 9 -7 -1 9 -1 4 -3 15 14 2
1 4 0 -9 -5 -9 5 2 -1 -3 -5 1 0 -1 3 -4 -4 -14 12 10
9 -1 -2 -8 -7 -8 2 4 7 -3 -4 4 9 -5 -9 -14 2 11 -1 -5
8 7 -18 -12 2 5 10 15 -2 0 -18 -1 1 6 1 -5 -5 -1 2 -3
-5 6 -2 5 0 6 5 6 -4 12 18 12 1 -1 -4 1 10 11 1 -21
-45 7 -4 -45 11 11 -14 -2 11 7 -14 -3 7 -12 -9 -3 2 5 2 -4
-5 -14 -11 -3 -11 9 1 -6 7 5 -3 -4 6 8 9 4 14 13 5 17
7 -15 -11 -4 7 -4 -1 6 8 -3 -8 5 20 13 29 6 4 9 11 3
-1 1 1 3 -5 -4 -4 -8 3 3 -5 0 5 -6 -12 -14 -13 -9 -7 -16
-5 -49 -4 1 -29 2 0 8 2 11 5 -17 -12 -15 -11 -12 0 -5 1 9
-4 5 5 -14 -9 0 2 -16 4 1 -5 -17 0 6 -12 9 -18 -4 3 -26
-20 8 9 -22 3 -11 -1 -5 -11 23 2 1 7 7 -23 15 8 -5 98 10
0 52 -1 -7 -4 -2 -8 -2 -2 -2 6 0 7 4 -10 -15 -26 -3 6 -27
6 -1 -10 1 -5 -8 8 -8 -9 -3 -7 -3 4 2 3 -2 -10 -6 -2 -7
2 -3 -13 -11 -10 -14 -5 -5 -3 0 -7 -4 8 -10 -4 6 -11 -8 -11 1
1 17 9 3 -1 9 -4 -5 17 2 -8 6 -14 -5 -11 4 -2 -11 -2 -1
-4 7 5 -17 -18 -14 1 -3 -2 -9 -10 -10 -4 -6 1 -1 -6 2 6 -6
-1 -5 -7 2 6 6 -6 3 -4 -4 9 1 4 7 3 -24 -1 4 -27 5
6 11 7 7 1 -9 -5 -2 -1 6 10 2 0 12 -1 2 0 -4 -5 -19
-18 -16 -3 -8 4 14 4 15 -16 -3 -2 -21 -2 0 -7 9 -9 -4 0 -7
-8 0 -3 -6 9 1 2 6 2 5 -2 -3 -2 -2 -8 6 2 -11 -12 -1
-3 -2 12 -4 3 31 9 -13 11 -4 -6 -8 0 3 -13 -15 -4 -9 -3 8
-9 -1 1 -6 3 -5 1 -4 -4 -5 -4 -3 0 1 9 6 3 -3 11 7
17 -5 6 17 5 1 3 -1 2 -7 -14 -21 -22 0 -14 -21 -1 -9 -5 -6
7 5 -3 -1 0 8 -1 -3 7 2 4 -2 2 0 2 11 0 -9 -1 14
2 -5 21 -2 -17 -10 -20 -4 22 2 -18 7 -4 2 -9 -7 3 10 -3 -1
-1 -4 6 7 -9 6 14 -10 6 4 2 0 -5 1 -11 -5 2 -5 1 -5
3 -3 2 -9 -1 -1 -10 -4 -1 -12 -12 3 -6 6 -6 -2 -2 -2 1 3
-1 6 12 0 4 2 1 -1 -15 -3 -13 -6 -4 -15 -9 3 13 -1 2 -1
2 -4 1 -5 9 10 9 0 27 53 7 2 -2 -17 -16 -14 0 33 23 3
3 3 -5 2 -2 -8 3 0 -1 1 -2 1 10 11 -8 10 3 -9 3 -1
-1 0 -3 0 -3 -3 3 3 5 -7 1 3 -2 10 8 -4 7 8 -4 -12
-5 1 8 9 -5 1 -5 3 -9 7 -1 -22 -27 0 0 -7 3 7 -2 2
-1 7 -2 3 7 2 -1 -3 7 -18 -6 -2 -8 -1 -10 -6 -5 -9 -5 21
6 -12 -1 -3 8 8 0 -11 -21 -12 -2 -3 -13 -15 8 -4 14 3 -14 -11
-3 -6 -9 -10 -4 2 -7 5 -2 -8 -5 -5 1 -3 -3 5 11 -1 8 -9
2 2 9 -3 -17 2 3 -4 -12 2 -3 2 2 -8 -7 1 6 3 -1 -1
1 4 -1 -7 7 -1 6 1 21 17 -18 -24 12 -4 -13 -1 6 7 -12 20
15 -15 -3 4 -9 15 9 -11 15 16 -3 -21 -18 -22 -55 -31 3 -2 -18 -15
11 2 0 -3 -5 -8 3 -3 -7 -7 -1 -5 -3 2 -16 -5 0 -5 -9 1
-5 7 10 -6 -3 -2 -12 7 4 2 -2 3 8 12 6 -9 7 16 -6 2
1 -10 1 -5 -3 -8 1 1 -10 -2 -2 -15 -7 2 -8 -10 5 -16 -7 11
-9 -2 12 -9 -3 0 8 6 -22 -2 -2 -20 3 -2 -2 -1 -1 -3 -20 -19
-2 -10 -4 12 -4 -5 15 -16 -8 3 -12 -9 0 0 17 2 -6 -22 0 3
6 24 -4 11 39 -1 -6 26 -14 -9 21 6 -14 17 -2 -13 9 -4 -8 19
4 6 13 24 4 -3 -6 -4 2 2 2 7 8 2 -3 3 4 5 -4 -2
8 11 -8 4 14 -2 -1 -2 12 2 11 20 -2 2 13 -2 -17 -10 -1 6
9 22 3 -1 -10 -4 -4 2 1 9 9 -2 -2 -7 -3 -3 -6 -7 -18 0
-3 -1 12 0 8 4 2 -12 13 0 1 10 -14 -10 15 9 5 -1 -5 4
-11 4 -1 -9 3 -9 -5 6 1 -39 8 -5 -27 9 2 -1 3 -1 -34 -1
26 -67 11 49 -24 9 24 13 -17 -12 33 -10 -18 14 -18 -24 0 -7 -2 0
-9 3 -1 -4 4 1 -2 -2 12 -5 -11 -3 9 -1 7 3 -6 17 15 10
7 -11 -5 0 -17 -19 2 -30 -20 -7 -19 -9 -4 -6 -5 -3 -3 -14 -11 5
6 2 -10 3 2 3 2 -10 -11 2 3 3 5 -4 4 -1 -1 4 -4 -4
-4 -7 -11 4 -10 -3 4 -2 8 28 9 -13 -5 2 -23 -14 6 11 5 -2
-4 2 -1 -3 7 23 -1 16 2 3 13 -1 -7 -8 -5 18 6 5 14 -1
-3 9 1 -19 6 24 5 5 -6 -13 -4 -8 -9 4 -7 2 4 5 2 -11
12 -2 3 -4 15 3 5 -2 6 2 -7 -22 6 2 -14 -2 6 -10 -1 -9
-18 -21 -17 -18 -4 11 -17 1 -14 8 -4 -6 -24 4 5 -2 17 7 0 -2
4 -3 -2 10 -1 -11 -12 -7 -6 8 -1 9 7 -1 10 10 -17 -3 3 -7
-7 -4 0 -3 -7 7 -5 -13 10 5 -16 10 14 13 42 3 -10 30 -2 -3
40 26 26 -1 5 10 -29 -1 5 7 -4 6 -12 -2 -2 -8 -11 0 3 -13
-1 -33 -18 6 -26 -25 -20 -26 -46 -31 19 14 11 -1 -11 3 -8 -23 -12 -41
-10 17 3 -8 8 2 10 12 59 -1 -8 -7 12 1 5 25 17 24 -21 -7
-8 -1 -1 10 8 -9 24 7 -22 -5 6 -1 -22 4 14 3 -15 4 9 -17
-8 13 -30 -17 29 -1 -24 17 -3 -15 -3 13 13 -17 5 20 8 -8 -5 8
-5 -12 -61 -20 3 -14 -6 -5 -5 2 9 -8 -1 5 -18 0 0 -8 -18 -14
-72 -14 16 -21 10 15 6 0 -2 55 -16 -15 9 -16 -24 2 10 -6 -6 7
-4 -1 9 -1 -1 2 14 -4 2 2 0 2 -1 14 -18 -5 1 -2 3 7
-2 5 1 -7 -1 2 -8 -5 0 -2 12 6 3 -2 9 7 -8 3 1 0
2 4 -5 0 -1 1 3 6 -5 6 3 3 -15 -7 1 -10 -20 12 -7 -16
3 -2 5 1 -21 40 12 -31 29 3 12 1 -9 0 -4 -9 -4 -5 2 0
-5 -1 7 -3 2 4 3 -1 2 -1 -3 2 -2 -3 -5 1 6 -10 7 -2
-13 -1 4 -26 -18 -18 10 -3 -1 17 16 -10 11 20 -1 -7 -11 -4 36 33
3 24 16 -4 -1 3 -2 -4 2 1 -7 2 3 -7 -14 -12 -2 8 7 0
16 13 0 -11 -11 3 7 7 9 12 1 -5 0 4 -2 0 16 3 5 0
-11 1 0 -6 0 -7 8 8 5 -4 8 4 2 -6 -4 5 -14 14 7 -8
-1 -5 -8 11 1 -8 3 -13 8 7 -8 4 5 -8 -2 -7 1 -7 -8 -3
-11 4 -1 -12 -5 -41 0 19 -50 27 11 -25 24 -8 3 -18 -4 -19 -35 13
-12 -37 -4 -17 -3 -7 -7 -20 3 9 -15 6 4 6 0 7 -1 6 -1 -23
2 2 1 7 -5 5 -1 -5 9 5 -20 -4 -6 -14 5 2 6 0 3 9
-3 -6 7 -1 5 4 6 18 0 -8 -6 -4 -8 6 0 -16 -2 -10 5 1
8 2 3 -1 -8 -6 -1 6 1 7 4 -1 6 4 0 7 -4 0 0 6
12 2 -5 2 1 2 4 -3 6 3 5 -1 1 -9 1 2 -9 -1 1 -1
-1 2 2 -3 1 12 12 4 -45 -25 3 1 -8 2 -6 -3 2 -2 10 3
3 7 7 -4 -1 -1 -2 3 2 0 -3 -5 2 3 0 3 5 0 -3 10
12 -2 -8 -4 -2 -8 4 -5 2 2 -18 -30 -12 16 18 11 2 2 -1 4
-4 0 2 0 -2 0 2 1 -5 0 -1 0 0 2 0 2 0 2 4 -2
-4 0 6 -1 -3 1 12 8 11 -9 -20 -14 -1 -4 -2 41 27 -3 -4 1
2 -2 3 -2 -4 14 3 -22 -43 -19 2 0 1 -2 -12 2 -1 -7 -3 0
-4 -7 -1 -2 0 5 3 1 -2 -7 3 -1 19 21 -10 -27 -31 -2 -5 6
-8 3 2 7 -1 -4 -6 -2 1 -3 1 2 -10 -3 -1 3 3 2 4 -2
8 4 4 4 -1 1 0 3 -1 5 -4 -1 4 3 5 -1 7 2 -1 7
3 -1 2 6 4 0 2 1 0 0 3 4 2 1 -3 -2 0 -7 1 -3
-7 7 5 -15 -14 -6 1 -4 2 -1 7 4 12 11 3 10 27 20 3 0
-1 -3 1 5 2 4 4 3 -3 -1 4 2 -1 4 3 -2 1 6 7 -1
-3 8 2 6 7 -1 -3 -6 -2 -2 -2 2 6 7 -3 8 0 -1 4 0
1 -1 2 1 7 -2 -7 7 -1 -3 -6 1 -6 5 7 6 2 -4 2 5
3 -7 4 2 -8 9 -4 7 19 6 3 8 3 -1 12 -11 45 40 -7 3
-2 7 0 -16 3 -4 8 -8 11 12 1 -3 0 4 -3 -6 -5 3 4 -12
1 -4 -10 -7 6 -7 -3 -1 -1 -3 -1 -4 -8 -14 -2 19 2 0 1 -1
-3 3 36 11 -7 -4 -1 -7 -5 2 -4 -9 -2 -12 -19 -8 -8 -2 -2 -6
2 3 4 -4 -1 3 -5 -3 7 14 -10 3 -10 -12 1 2 -4 -12 -18 -3
-10 -19 0 -27 -25 13 -18 -22 -3 6 10 5 8 0 0 25 76 11 9 16
3 5 9 -11 5 3 -11 -3 -5 3 2 -4 2 7 9 8 -2 -11 15 -10
-6 -1 14 24 -15 0 -4 -3 -3 3 -10 -3 16 7 -4 -10 4 -7 -2 -3
-17 1 2 -11 -10 -8 -9 -12 -1 -10 -8 -11 7 -4 0 1 -7 -2 -2 -14
0 5 4 2 1 -7 -8 5 -15 -7 -15 -2 1 -12 -2 3 -13 -11 15 0
-10 0 3 -10 1 4 9 8 8 7 -5 12 0 -9 -47 -11 8 -18 -22 -12
-26 -20 8 -33 -49 -15 -10 -4 -5 2 9 6 5 11 9 2 -7 -2 5 3
-6 5 33 4 -16 -34 -28 -11 -18 -17 -10 -12 -13 2 3 12 -2 -1 2 0
5 7 0 1 -5 3 7 -4 2 17 -17 -7 -8 -2 -2 -7 -9 -2 -14 -10
0 -3 10 8 -11 0 5 -4 -2 -7 -8 -6 -6 -12 28 -18 -4 18 -39 2
-40 -30 -21 -50 -4 -8 -28 -10 2 6 1 -18 -5 -4 4 20 14 14 -21 -39
-7 90 21 -13 -36 -28 -2 8 0 13 -1 -21 -6 23 -3 -21 -35 -16 -38 -16
-6 -20 -19 8 18 -32 13 -15 14 0 23 -14 -20 1 -3 1 6 5 -1 -7
-20 -9 4 2 -8 -12 -13 -13 -16 20 -15 12 -17 4 -8 -26 -4 -9 2 -5
-6 -20 -18 20 92 8 -13 -28 11 6 -11 -64 3 -28 -20 7 0 -1 6 0
-21 12 23 14 -17 -65 7 13 2 5 19 -6 -11 -2 0 10 5 -7 6 0
-1 13 2 11 -22 29 72 -23 10 71 35 2 -84 -17 -25 -13 -10 -36 11 -9
-4 -19 9 -8 1 12 -15 -4 -1 -9 14 -6 3 0 4 11 -12 -3 -10 3
-2 6 17 -15 -10 -6 -5 -1 -9 1 17 -6 -23 13 -6 -12 5 7 -12 -9
16 -10 -8 -8 0 -13 -16 12 21 -9 -25 -11 -20 -7 -2 13 -30 -39 -6 -5
-32 13 15 2 23 49 29 -31 8 0 91 -31 -17 28 -4 -5 2 3 -10 0
2 7 14 -5 -28 20 -9 -14 2 13 4 -8 -11 -7 7 -19 0 14 10 3
-9 6 9 12 -3 -20 -4 4 -9 1 3 -14 16 3 -8 1 -6 -2 -11 -10
-15 -7 -9 -12 13 -2 3 6 -1 0 0 -4 -2 -1 8 8 -1 -2 4 5
-10 3 14 -4 3 3 8 -3 -2 1 -3 -2 -5 -9 9 4 1 -3 3 2
-5 5 3 -1 -33 -18 -15 -16 10 0 -5 1 -9 40 -3 4 12 -4 1 -9
-20 2 -8 -7 -3 -4 -12 0 4 0 -7 3 -13 7 4 -1 -1 -9 -3 -4
0 3 3 -11 -7 -1 0 3 -3 -13 18 8 -13 2 -8 4 2 -3 -9 -20
-16 -18 -20 -13 -17 -11 -5 31 -4 7 41 -2 10 -3 -19 5 -5 -5 -4 4
9 8 -5 -6 -3 0 -6 -4 11 13 7 5 2 8 -22 -4 5 3 15 19
0 -1 3 0 -4 -8 9 -7 -2 1 6 6 -9 -2 -6 0 7 -1 8 -4
5 -3 -5 -12 -1 -17 -7 -3 -2 -6 -8 -4 -3 -2 -8 -11 9 -4 -5 8
-1 -12 -16 -17 -10 -5 -7 -7 0 12 2 17 5 -3 5 -8 -6 20 35 2
36 2 -8 10 -22 7 -55 -5 6 -43 13 27 0 -11 -9 8 -36 -1 7 -37
-10 -13 -3 -12 -7 -5 -5 -14 3 9 -13 -7 -1 -14 -9 -5 4 14 9 -9
-5 -1 9 21 5 -15 2 -3 2 6 -2 2 4 -2 -4 -2 -6 5 -2 -7
2 11 4 -16 -10 -10 -5 2 -9 1 -1 -11 5 4 3 -14 -6 -4 -3 -2
-5 3 -4 -1 0 2 -3 5 4 9 -3 -4 -1 4 3 -2 9 -23 -11 -1
-4 0 -27 6 12 -5 -1 -15 -31 11 -31 -14 25 -40 -4 -1 5 -4 4 0
10 0 9 -4 4 4 9 1 15 -7 -1 59 -1 3 5 -11 11 1 -5 31
11 -7 -9 -8 10 13 10 1 -7 -2 -5 -5 -28 4 -23 -26 -6 -57 -11 -8
1 -3 -8 -11 4 -9 0 9 -6 -8 2 1 -1 15 -6 -1 3 3 -2 18
15 14 18 -17 -15 -1 -1 -1 -3 14 -12 -6 8 -13 1 -5 -24 -2 1 -10
-1 10 10 7 -2 -5 -2 -18 -13 6 7 3 16 -8 -14 1 -4 5 10 19
31 -5 4 2 2 20 16 -3 19 -33 -35 3 -6 -1 1 -7 3 1 11 -3
-7 2 -2 -11 -11 4 5 5 -1 -5 -24 -4 -27 -27 -13 -17 -5 2 7 1
1 -5 -3 15 -6 0 26 5 -7 1 -11 -9 -6 -7 -3 -12 11 6 8 13
0 1 0 -4 5 2 -10 -4 9 -8 -8 16 2 -8 2 -3 -17 10 18 -12
2 16 -5 -13 0 4 0 -12 -3 8 -18 0 -11 -18 -16 14 5 -14 -9 12
-5 -9 -1 -5 -20 -15 0 5 8 -2 4 -10 -10 12 10 8 0 -5 13 13
1 3 -2 -8 27 -17 33 35 5 7 4 9 18 0 1 -13 -10 -6 -10 -12
1 8 -3 -23 -8 -6 6 -12 -5 -2 17 -1 -4 46 11 -3 -24 9 -3 -5
1 17 23 -5 9 16 0 1 8 4 4 -2 3 -1 8 0 -6 12 -4 -10
8 7 0 -1 -1 -6 -2 -2 -3 -5 -6 4 0 4 1 -5 3 1 -5 6
1 3 18 -4 -1 -9 0 3 -5 16 5 -8 13 6 -1 9 4 3 -6 -7
-13 -3 -1 -1 -6 4 -1 9 10 2 0 1 1 3 8 2 0 1 -18 -1
-10 -2 -7 -6 7 26 34 -7 12 16 3 -7 2 1 -3 -2 0 0 1 0
-7 -7 -3 11 19 3 0 0 0 -2 -7 -1 3 4 7 1 -1 2 0 -5
-4 -7 -4 2 -4 -10 -6 -2 -2 -1 -19 -7 1 -2 3 2 9 9 10 -2
-6 12 -9 -4 -1 0 3 -1 0 7 4 -2 -1 0 -11 -6 -6 3 -10 -9
3 -19 3 -4 -4 -3 -26 -2 -9 -6 3 4 0 8 16 -17 -50 -12 -18 -14
-4 -12 -11 -8 22 16 -4 1 13 -9 -2 -1 0 1 9 7 -3 5 -7 3
-3 -3 -21 -18 0 -10 1 -2 -3 3 -2 4 3 -9 8 4 -1 3 -3 -2
-3 -17 -19 1 1 -5 3 9 -2 -4 5 -3 4 -4 0 -13 -10 -6 -32 -32
-12 -14 -14 3 -6 0 -5 -2 20 8 0 13 3 1 6 5 -6 -5 -10 -37
-33 -6 -8 -13 -10 4 54 1 6 20 -11 -5 -4 0 -1 -5 1 0 2 -4
6 1 -1 -7 -4 -5 -8 -6 -3 -4 -5 5 4 -21 -9 -4 -9 4 0 0
-4 4 -14 -13 1 -5 3 3 -8 -1 10 -27 -11 -27 -40 17 -37 -31 7 -4
-1 -1 1 7 2 4 6 2 0 4 4 18 -12 -22 -26 13 -2 -7 -18 7
-12 -30 14 25 -53 -3 8 8 -6 5 4 -12 2 11 -12 -21 5 3 2 29
-12 12 8 -5 -9 -4 -13 -3 -1 -2 8 3 7 8 4 0 2 15 10 3
-13 -3 -3 8 3 -11 -2 5 -7 -26 10 -16 -8 -1 1 -43 -20 -1 -4 2
-4 -5 -3 31 -12 -24 -20 -21 7 8 4 9 -34 21 30 -24 28 17 0 -5
3 -2 12 8 5 -4 -11 -1 8 -7 -4 -5 8 5 -8 -1 8 -19 -18 8
-1 5 -22 28 16 0 6 -7 7 -3 0 3 2 13 0 -7 -4 -7 -2 -4
-10 -15 -17 -8 -2 -11 -3 6 -4 -4 3 -2 5 -4 -3 10 -8 -2 -4 5
-9 -19 -33 2 -6 -16 4 10 -4 -5 12 -15 -3 4 -13 -15 5 6 -6 -12
37 -12 -15 20 -7 1 2 -12 -17 10 7 -20 -17 5 16 -28 -17 -16 14 -3
24 -41 -37 27 -27 -3 -3 -12 -5 3 -1 7 -8 13 5 20 -12 4 11 -3
8 2 -5 3 8 -3 11 0 -1 9 7 -7 -1 -3 7 7 11 -4 -14 11
-9 -5 2 12 6 1 4 7 -1 -4 -4 -5 5 6 -12 -5 -3 -9 -7 -3
-4 12 4 -4 2 7 -18 -22 -9 -3 23 0 16 1 -19 7 2 3 -73 -58
13 21 15 15 -17 -13 -3 -5 -17 3 13 18 11 -13 -1 6 -11 7 7 -9
-46 -22 -11 -1 -19 -30 -31 -4 3 20 14 -18 -7 -7 3 3 44 -12 -7 -5
-6 -2 1 2 0 14 -8 -29 -22 -5 2 11 9 -7 -13 -1 -10 -2 6 6
11 -13 -1 -3 2 -1 -7 -11 -13 -7 -7 -6 -5 -14 -5 12 10 8 6 -9
17 -1 5 -20 4 -18 0 -3 19 42 14 -42 -31 -21 1 5 3 -6 -42 -9
-23 -41 -16 5 -2 -4 -2 -25 -2 -3 1 1 -4 -1 8 -9 0 -6 6 5
6 8 5 1 4 -36 -47 6 -10 4 6 5 -5 -3 4 32 7 -18 3 -3
-3 -6 -17 -9 3 -3 1 -8 6 -6 -9 9 -2 -21 -11 -16 3 -6 -13 -8
-10 0 4 7 -9 -9 8 4 -2 12 16 -9 -9 -1 3 -3 5 2 -20 -7
-8 -5 2 -3 -5 9 -8 18 9 6 -8 -18 -7 1 1 -11 -5 -10 2 -20
-3 -9 2 2 9 18 69 16 4 10 -34 14 1 -1 -7 -5 -1 10 2 -1
7 -1 -6 -7 1 4 -2 -19 -9 20 1 3 -10 33 2 -6 2 -6 3 -16
-1 -15 -6 -14 0 -7 -8 -10 -6 -8 1 4 2 -3 -15 -2 6 -1 0 4
24 5 -7 -14 -1 9 3 -2 2 4 0 5 9 14 7 9 6 -2 1 -2
3 5 18 4 1 1 4 9 -3 -3 -7 -4 7 0 3 -5 -1 -4 -5 -7
-9 2 -7 -5 -6 -45 4 15 -17 7 7 11 5 -43 16 -4 -21 -6 4 -14
-39 -1 -8 -7 -20 -4 -3 -7 -3 -9 -4 -7 12 -14 -9 3 -8 -11 4 -13
5 -1 -9 -11 8 8 -1 -3 -1 20 -29 -3 30 -7 -5 26 14 -6 -19 -10
-3 -9 -2 -13 -26 11 -4 -40 57 -7 -48 43 7 -15 2 2 -2 -2 -7 -6
2 4 -1 9 5 -5 2 -8 0 0 0 -2 -3 -2 9 -4 0 6 12 7
2 18 16 5 -13 -8 -9 -6 -2 -10 -7 0 -2 -4 3 1 5 6 3 1
8 -6 2 -4 3 -12 1 5 -6 -3 5 -1 10 5 1 9 5 10 2 -7
7 2 5 -31 -13 -7 -7 4 5 -3 -8 2 -4 5 -3 -6 -11 -44 -9 24
-30 -5 -7 1 2 -2 -6 -18 -15 2 -23 -10 2 -11 -23 -6 50 3 0 11
-6 -9 15 1 -4 -6 -5 0 9 2 -1 5 -3 -1 -15 3 0 8 11 -9
3 3 -8 -15 4 11 -10 -1 5 4 -5 6 9 11 1 12 3 0 6 3
-15 -1 0 -9 -18 -24 -5 -6 -8 -3 18 -1 -1 13 7 -7 -15 -5 1 -4
2 -5 3 6 -2 2 7 -1 0 2 3 1 -3 3 -1 -4 1 -2 4 5
6 -1 1 4 -1 -8 -2 8 -3 0 6 -1 2 6 -3 -3 -7 30 23 -5
2 -13 4 -2 -4 1 -3 7 1 -6 8 -4 0 3 3 -8 -4 -5 14 23
8 4 6 -7 -3 8 -2 -9 -1 -8 -3 -2 -8 1 -9 1 2 -6 5 1
11 -6 -5 -12 -5 -9 -12 -7 0 -1 -1 0 -3 1 0 -2 -4 1 5 -2
5 4 6 -2 -7 -1 5 -1 -5 1 9 -4 1 8 -1 0 5 -1 -3 9
-7 8 25 5 0 -2 1 -7 -6 -11 24 10 4 -1 -1 -4 12 20 5 2
-1 -2 5 4 2 -3 -3 3 -9 -17 -8 -3 -5 1 -1 -6 -2 7 -5 -3
-1 -7 3 1 2 -5 13 12 22 -1 -7 -9 -4 4 -6 -1 2 -3 2 -4
1 5 -6 4 -5 -7 2 -5 -9 -6 0 -3 -1 5 5 -2 -5 -1 3 -1
0 9 0 1 4 10 8 1 5 5 -1 1 2 -7 7 7 3 -3 -1 3
-12 -4 5 2 -10 -6 3 -1 -5 9 7 -2 6 15 -1 -12 -2 -2 -13 -9
0 -7 -13 -7 -17 -27 -19 -2 4 -14 1 0 5 5 1 7 1 4 3 -1
4 -2 7 6 3 5 10 9 -2 -9 -3 0 -1 3 0 9 1 -1 1 1
-2 3 -1 -3 7 4 -5 4 0 -1 10 -6 0 3 -2 2 -8 1 3 0
0 5 1 0 7 13 -51 -3 18 -30 0 3 -6 -3 -15 -30 7 -11 -39 -4
-14 -14 2 -7 -5 12 4 2 6 4 7 4 1 12 4 -4 25 -1 12 -10
2 11 -33 -6 15 -34 1 12 -18 -2 5 -9 -1 1 -4 -2 -1 -12 -5 -3
15 3 -5 23 3 -4 1 3 0 4 3 7 -2 3 8 -9 7 3 5 2
-8 -1 -3 -5 2 4 5 7 -5 2 2 -4 -2 -9 2 2 5 -1 -2 -1
4 -3 -2 1 11 -32 1 19 -35 -3 9 -20 4 -2 -1 2 0 -1 0 0
3 -4 -1 1 3 11 -2 3 3 -5 -10 -2 -10 -1 -2 -6 -7 -9 -5 -4
-2 7 -2 7 -2 3 4 7 -4 2 2 0 0 -3 -5 -2 -2 3 -3 0
2 2 6 9 3 -3 -5 6 -13 -2 6 -24 -5 -4 -27 1 11 -6 -3 -5
-8 -11 -9 -2 0 5 6 -5 -7 -2 4 2 -5 4 -1 -5 7 4 -6 -1
4 -7 5 1 -9 12 6 -5 -1 2 -6 8 9 2 5 3 4 -2 -6 7
4 -10 -5 4 5 4 9 7 0 1 -1 -7 1 8 -6 -5 2 -9 -1 5
-8 -4 5 -2 -9 -5 -2 1 26 1 -7 3 -6 8 12 2 5 8 1 -2
-3 -6 -5 -5 2 12 15 4 7 -1 8 1 -2 2 -2 13 -12 -2 20 -17
2 14 -42 -4 0 -4 -3 8 -12 5 -16 4 0 0 1 5 6 -8 -1 3
-2 8 0 -9 -10 0 1 -5 -1 -2 14 6 8 -10 -5 14 -22 -3 -3 -12
-5 4 -10 3 14 2 14 12 25 -5 5 -19 -18 -7 -11 1 -8 20 3 1
31 4 2 10 -7 6 -3 -2 5 -12 -13 -8 -5 -8 -9 6 -7 -2 15 -7
-2 8 0 -3 -1 3 4 10 0 -2 -10 -8 -15 -7 -5 -8 -21 8 9 -24
-7 -5 -11 -16 -10 -22 -19 3 -22 1 -3 -36 -12 5 -12 -4 6 -21 -18 8
12 -5 4 42 11 8 -1 -2 4 3 -2 -5 -5 3 0 -22 -17 -6 5 11
11 -38 -7 -4 -25 1 7 -20 -11 5 -3 12 16 32 10 6 -3 -8 -8 8
6 -2 -9 1 -6 3 5 -1 3 1 -5 -5 4 14 -5 -10 -15 -5 -4 -8
0 -16 -10 15 5 -5 0 -11 -9 -8 -3 -11 -14 0 -4 -37 5 2 31 21
7 18 -12 10 72 9 -1 27 -1 18 0 -5 6 12 25 15 -4 9 11 -22
-22 -11 -29 -35 -17 -19 -8 -6 -6 8 -2 -16 9 1 -19 -1 -9 2 6 2
9 -6 -17 8 -2 -3 14 6 5 45 11 -6 -13 -6 5 7 8 -1 3 3
-7 -6 -5 -4 12 -9 -11 24 5 -8 -14 -13 -3 -5 -6 -3 -12 -2 -1 0
3 0 -1 2 -2 2 4 -4 -1 4 -12 -7 -11 -9 13 17 12 -8 1 -3
-10 -6 4 -6 -4 -1 -6 1 3 -12 -6 3 -3 4 -1 -4 -1 6 -5 -12
-14 -9 1 8 -7 0 0 -1 8 10 -1 2 -3 -1 3 0 -5 39 24 -7
21 11 -8 4 3 -7 1 13 -8 2 3 1 1 -7 4 4 0 -3 -3 -7
-1 -10 -8 0 -18 -11 -3 -1 -4 -3 2 -4 0 0 2 5 7 -3 4 -6
-3 -17 -63 -22 1 9 -8 9 23 5 -1 -2 -2 -1 0 -3 8 -3 5 3
-14 -8 1 1 -4 3 2 -3 -6 -7 -13 4 0 3 2 1 12 -5 15 2
-1 4 1 -6 2 4 -1 30 10 -10 8 -10 -2 -2 -29 -3 -13 -4 6 -3
-13 -8 -2 -4 1 -13 -4 8 -9 0 2 -3 0 0 -7 -10 3 -17 5 -10
-6 7 -3 -13 9 -2 -5 -3 0 -3 11 1 -11 -4 2 1 0 -9 -1 -1
-22 -5 7 3 -29 -1 4 -26 -8 -6 11 -8 -3 7 -9 -2 0 -11 -19 1
13 -2 -3 1 15 6 1 5 5 -7 4 2 -4 4 3 0 -3 31 14 -5
-3 -2 4 7 2 -5 -2 -8 -7 -4 2 -5 -5 -5 10 -19 -35 8 -2 -8
-2 -2 -2 -1 -5 7 1 0 13 -7 -2 9 4 -51 -54 9 -13 -23 -13 -12
-10 -3 35 43 -5 0 18 -2 11 0 0 -8 -3 3 -3 0 -4 -9 2 10
-7 7 12 -7 -7 8 -7 0 -12 10 -14 -1 -11 -27 0 -10 -11 6 -3 -41
12 18 -13 2 9 16 -1 4 3 7 -1 -3 -2 4 1 -1 -4 0 -4 -9
-14 -5 -2 -11 6 -11 -18 0 -4 -29 4 15 -8 6 0 2 5 6 17 3
-1 7 -4 -2 4 -4 -18 13 4 -8 2 5 11 -1 4 9 -26 -1 -5 -35
3 3 9 1 -14 -20 0 0 -2 2 3 7 1 -1 8 -7 -5 2 -13 -7
-1 -17 -17 -6 -12 -2 -2 -13 -6 5 6 13 14 -2 1 4 -9 -5 3 7
-4 -4 5 -6 1 -7 -14 -9 -4 5 -6 17 19 9 6 -16 6 4 -3 30
-3 -1 36 -5 7 10 2 5 13 -6 -7 -9 0 6 4 3 -12 -7 2 3
1 -1 3 9 -19 -15 -32 -4 -5 -26 -1 12 -9 -3 -1 -66 9 8 -54 4
4 -4 -5 -4 5 9 7 3 -1 11 16 7 -7 -3 2 -3 -5 10 -9 -2
21 7 16 -5 1 8 23 -18 -7 55 -4 15 14 -13 12 -11 -2 9 -11 -11
5 -5 -4 0 -8 -16 -6 6 -1 14 -5 -15 4 -3 3 10 -13 -7 -13 6
12 -6 8 8 -3 5 10 6 -5 -7 -8 8 1 -10 -8 -11 -50 -2 -9 -49
14 7 4 -15 2 0 1 1 7 1 4 6 3 13 2 -11 -1 -11 -7 11
2 -10 8 -19 -2 22 -15 -4 6 -3 -3 1 -26 8 7 -13 -2 -13 -5 2
-5 0 12 -4 -6 -2 1 -1 -5 -6 -11 -13 -23 13 -1 1 -12 5 10 -27
-61 -33 -43 -6 -8 6 -6 -9 0 -7 0 -8 -1 7 15 -12 7 16 -14 0
2 1 1 -9 -9 -2 5 -9 1 2 -3 -9 -9 0 -11 -24 7 -9 -53 -25
4 26 -44 -37 90 11 -13 58 -3 -1 5 0 9 18 8 11 -1 -10 8 -4
2 -16 3 11 -29 -17 -5 3 5 -4 2 6 -5 7 -5 -17 -1 -17 3 28
-5 -21 -1 7 -1 -3 -1 26 11 -27 14 28 -19 -2 -4 -4 -19 2 4 -34
-44 83 16 9 12 4 -17 58 0 -14 56 9 4 -10 -3 3 4 5 -2 4
-8 1 3 10 37 -44 -33 -1 107 0 -15 -26 6 -9 -45 -2 -34 -32 8 17
5 3 1 -9 11 -8 -3 -15 3 0 -8 12 2 -9 -3 -11 6 -2 -1 -2
-9 -6 -2 1 -1 5 3 2 4 6 -1 -5 15 2 19 3 -1 6 -5 1
6 -15 6 17 19 -4 14 13 -15 4 -5 -4 -27 -5 -20 -23 -24 -14 -25 -32
14 12 -4 -10 32 6 -37 42 34 -127 -5 2 -4 12 9 2 13 -3 -15 -4
-22 -8 2 -26 -3 2 -23 8 -9 -9 1 -3 -13 -3 2 -17 -33 -10 -10 -16
-10 -8 -12 -10 -5 -27 -2 -15 4 2 -13 0 -7 -2 -2 2 0 -3 -2 -14
2 -5 -25 -8 -13 -13 -5 32 -10 -14 -6 7 3 1 1 -6 -12 20 -14 -3
10 3 10 10 3 4 -1 -3 10 4 1 17 -4 -7 2 7 5 11 4 1
6 -11 9 -5 17 -4 22 9 -12 -1 -10 -8 13 -13 -3 13 -7 0 -8 6
1 12 -1 -3 -10 -12 3 19 6 6 6 10 5 -6 1 5 -16 -5 -8 -29
-18 -41 -23 7 -5 0 -10 7 29 -8 2 8 -3 -8 -12 -15 -10 0 -11 -1
-12 -16 -9 1 -5 -5 34 2 -5 5 -4 8 -8 -6 -5 6 3 -13 6 3
-2 -11 -16 -4 19 -9 -3 22 10 -2 2 7 -1 -17 3 0 16 -4 5 -22
-1 5 80 78 13 -11 0 12 -10 -6 -4 -8 -2 -4 3 -7 3 -15 5 -5
-10 -8 5 -10 14 3 -7 1 3 -15 5 -2 -4 6 6 20 -18 -20 -41 -65
-6 -29 -16 -11 -25 4 -2 16 36 12 46 20 -8 -8 -1 -6 25 -16 -9 11
-23 0 2 8 -7 -5 20 11 -4 19 0 2 -3 -4 4 -36 0 2 -34 -6
8 -5 -3 5 3 1 7 4 -9 -7 -3 5 3 -13 0 5 -6 -4 37 13
1 -36 11 25 -29 9 14 15 12 2 0 -1 -5 -4 5 6 43 -9 3 65
-8 -11 -12 9 23 -30 -6 0 -57 -12 7 19 6 -15 4 -6 -2 -4 4 -6
-11 9 -2 3 4 -5 19 9 3 -1 8 6 -1 -5 -7 -2 -12 -6 7 -3
-13 1 -2 2 15 10 2 -2 9 -11 0 1 8 11 -19 4 15 -2 -2 1
7 1 5 -3 -8 7 7 -2 -4 11 11 11 22 -22 0 -3 -1 1 -22 18
-8 -68 6 10 -6 2 2 -1 -7 4 7 34 -3 0 -12 -10 -5 3 1 -33
-12 3 -23 -10 0 -2 -14 -7 7 2 -8 0 6 6 4 5 25 5 -6 -14
16 -12 -11 14 -5 -12 -16 8 8 -51 -5 -15 0 -10 -13 -33 5 34 -35 -24
-5 -2 -10 -19 -19 2 -2 -15 -2 3 -3 -13 5 -7 18 -4 -27 -6 -2 -23
-17 7 0 -7 15 19 -12 -7 12 6 -5 6 -1 -14 -15 -1 -12 0 -2 -8
-2 3 6 -13 5 -10 1 -8 1 -12 11 -15 -6 -3 -5 -10 -8 -4 -1 -7
6 -12 -16 -13 20 17 -11 29 -2 -10 -13 6 2 -10 -2 5 -26 12 3 2
-7 -12 -44 7 -16 -44 7 12 17 18 3 0 -1 1 -27 -51 -1 18 -4 -10
39 3 -36 44 -17 1 -47 -10 4 -11 -3 9 -10 -11 -6 -10 -10 -1 2 3
-38 45 40 -9 -18 13 -1 -19 -12 11 -11 3 -14 14 -3 3 11 14 -2 1
6 -2 -11 -7 -10 14 -8 -24 25 17 -10 -8 -9 -9 0 2 5 -14 1 -1
-4 -7 1 3 -7 -7 -11 -3 -5 -7 -4 -1 -6 9 -8 -2 -3 10 -14 -3
4 -11 1 3 -3 8 -6 2 -5 3 -7 4 -11 -7 -14 6 9 9 8 0
3 39 3 3 -10 -9 -7 9 4 -5 4 -14 -5 7 -13 -16 0 -1 -12 -9
7 -3 -36 -9 -14 16 -35 2 54 2 4 59 26 -2 -10 3 5 -9 -3 1
-17 -16 -8 9 15 -6 -19 -7 -7 0 -15 -10 4 -3 -1 10 13 1 -9 3
-1 8 -12 -11 2 0 0 -28 -4 -5 -14 10 6 8 -14 5 27 -33 -2 -6
-14 3 10 -19 -1 29 -1 8 -14 6 5 33 3 -7 17 -5 -3 -6 -16 -3
23 -7 -9 22 6 -10 -10 2 -2 -20 2 1 -19 -19 -7 8 3 12 15 10
7 8 0 -3 7 -5 -2 9 -17 -26 23 3 -5 9 1 2 -13 3 -4 -14
-5 3 14 -11 -11 -2 -5 -17 -11 -22 -27 -18 -2 -11 -18 13 4 -1 10 1
5 -19 -1 20 -5 -14 -12 -10 -1 6 -26 0 32 -16 -22 40 -11 -12 -28 4
-4 -7 43 20 -81 14 30 -35 -7 -18 8 -14 -14 18 -40 -12 5 -1 14 -1
14 7 -39 -13 -5 -22 -10 -4 -20 -19 -15 15 8 -18 10 -8 2 10 -7 0
2 3 -6 -1 -5 -21 1 -12 -19 -3 -16 -14 -10 -15 -25 -23 -17 -12 -10 -7
1 -10 -18 0 16 13 9 7 -9 -12 2 4 -6 -16 -4 -1 -3 -2 4 10
-5 -2 2 -17 -18 3 -3 0 -9 -21 -18 2 3 -8 -8 -3 -1 2 1 -11
-3 6 5 -10 -3 13 -5 2 3 1 -4 -2 1 -3 -9 -6 4 6 0 -4
-5 -3 0 -6 3 4 2 -7 -16 -9 3 4 8 2 -8 -6 5 9 1 2
1 0 -8 -13 -2 0 -18 13 3 -16 3 -9 -14 -5 -1 4 11 -6 -5 0
-5 -22 -42 0 8 -14 2 8 14 -6 -5 -4 -18 -12 -8 -4 2 2 -8 -3
2 2 -7 -2 -1 -3 6 -20 -19 -16 11 19 8 2 -1 -2 6 -1 -2 0
-1 5 2 2 0 -3 -3 0 -2 7 4 8 9 2 17 10 7 -4 -12 -3
1 -1 2 -14 16 19 -7 -4 0 4 -8 -3 -3 -5 -4 0 -1 4 -9 6
8 3 4 0 9 -8 -2 -2 5 5 1 4 -2 -7 2 4 -9 -2 5 0
11 4 24 13 15 -2 15 1 -7 -14 -8 -47 -11 -8 -2 17 13 -13 -11 1
-1 10 1 5 5 -5 8 5 6 -7 0 -5 -2 8 7 -3 10 1 3 -5
1 2 0 0 -2 -5 9 2 -3 6 2 4 1 0 4 5 -3 7 1 -6
4 -2 8 12 5 15 31 40 -7 -14 -12 3 1 -4 -8 3 -1 -10 -5 3
-16 -10 -8 -7 23 16 -16 -15 0 4 15 11 -20 -28 -20 3 -1 -6 -11 -1
3 -5 -4 1 0 -3 7 -2 -6 -6 3 4 6 -2 -1 0
