0.725242 1.117339 2.112681 -0.304218 0.202756 0.338118 0.785812 -0.596123 -0.742832 -0.309200
1.657930 -0.832827 0.019861 -1.019656 -1.190514 -0.573081 -0.836112 0.698151 -0.046746 -0.890335
-0.307498 0.903084 1.040368 0.802650 -0.778347 -0.638147 3.905929 -0.666312 -0.400179 -1.002070
0.263316 -0.440664 0.125389 0.763572 -0.455806 1.607869 0.463924 1.714593 -0.037511 2.235384
-0.602720 -0.388578 -0.733743 -0.031364 -0.532326 -0.617812 -2.325892 -0.279681 -2.091425 1.141132
-0.209197 0.904806 -1.036734 -1.448083 0.851786 0.175590 0.609183 -0.063673 0.588054 -0.308180
1.002486 0.316470 -0.611508 -0.255695 -1.336739 -0.708796 0.209605 1.444608 -0.368109 0.862707
0.436963 2.018215 0.688221 -2.353209 0.903075 -0.223101 -0.940660 0.739079 0.939916 -0.473650
-1.243172 -0.298576 1.032163 -0.332131 -0.654463 3.128776 -0.809549 -0.969626 -0.432477 -0.943865
0.452987 1.633542 -0.052281 1.016170 -0.873827 -1.146764 -0.660553 0.138037 1.376268 0.326681
-0.048714 0.647491 0.686571 0.353278 1.634379 -0.301329 -0.119426 0.651768 -0.149394 0.656899
1.105545 -0.806853 2.887419 -0.271847 -0.847672 0.001013 0.795885 -0.433058 -2.019652 0.873484
-0.652106 0.681958 0.400233 1.589596 -0.141067 0.223215 0.989553 2.163207 
