0.059553 0.018368 -0.007128 0.037294 -0.004533 -0.011599 -0.037764 -0.197805 -0.010968 -0.086569
-0.120868 -0.051712 -0.059054 -0.178777 -0.011262 -0.010601 -0.122043 0.024094 0.046192 -0.054561
-0.012796 0.003105 0.036677 -0.106949 0.027912 -0.087274 -0.165738 -0.098726 -0.375172 0.307514
-0.119752 -0.680808 0.423567 -0.053739 -0.467497 0.284492 0.133084 0.184650 -0.292949 0.064486
0.493339 -0.343928 -0.071064 0.244790 -0.456691 -0.109181 -0.103954 -0.125684 -0.282378 0.014367
-0.063371 -0.038322 -0.151995 -0.069479 0.242676 0.595295 -0.246434 0.100195 0.349096 -0.225291
-0.177250 0.032478 0.044136 0.115406 -0.523879 0.011085 0.153992 -0.452932 -0.125919 0.014859
-0.009206 0.048776 -0.005565 -0.099607 -0.451522 0.145652 0.087450 -0.820822 0.103601 -0.308924
-0.445414 0.089682 0.128620 -0.128620 -0.162802 0.204853 0.035503 -0.132967 -0.058731 -0.055765
0.042756 0.012767 -0.173961 0.051243 0.143538 -0.139544 -0.039320 0.023639 -0.106655 0.100841
0.122982 0.030951 0.127446 0.034005 -0.067306 -0.097904 -0.250193 -0.301876 0.030334 0.083868
0.078641 -0.024608 -0.047308 0.129090 0.026884 -0.024623 -0.011034 -0.010182 -0.082517 0.120985
-0.066248 0.052916 -0.140719 -0.080461 0.104834 -0.128855 0.007418 0.034681 -0.196396 0.034328
-0.001660 0.015167 0.181126 0.062666 -0.020791 -0.020380 -0.089036 0.031509 -0.007341 -0.098198
0.001042 0.061902 0.015931 -0.080872 0.001384 0.058701 -0.017634 0.027060 0.004636 -0.010572
0.016562 -0.088096 -0.033770 0.008142 -0.025519 0.259590 -0.095555 0.262879 0.219888 -0.126859
0.385744 -0.169145 -0.051037 0.153287 0.058232 0.011981 0.010814 0.018897 -0.053856 0.043461
-0.017619 0.017267 -0.136608 -0.013750 0.062490 -0.120398 0.072356 -0.023228 -0.097317 -0.027765
0.064780 -0.011063 0.007738 0.047073 -0.088331 -0.054414 -0.120163 0.027985 -0.117873 0.104071
0.036296 0.121103 0.008567 -0.006203 0.080579 -0.004089 -0.005146 -0.001916 -0.010344 -0.165738
0.095379 0.036384 -0.059289 0.174196 -0.015490 -0.078523 -0.063429 -0.420982 -0.015549 0.418868
-0.236450 -0.001870 0.355909 0.017252 -0.026150 0.257711 0.003529 0.024256 0.014844 0.002472
0.109004 0.060375 -0.009250 0.002182 0.055736 0.036942 -0.114466 -0.000600 -0.043931 -0.016166
0.004152 -0.067364 0.117285 0.150821 0.173843 -0.079815 0.043960 0.092207 -0.454342 0.076996
-0.007077 -0.164329 0.292949 0.017561 0.007819 -0.011467 -0.025651 -0.019910 -0.020350 -0.023419
0.038880 -0.055501 0.048981 -0.083574 0.016210 -0.053063 -0.035004 -0.029160 -0.096319 -0.057556
0.035180 -0.006174 -0.102368 -0.100430 -0.026752 -0.229520 -0.103014 -0.080872 -0.092912 -0.087450
-0.074764 -0.018676 -0.045223 -0.005429 -0.047631 0.009000 0.095907 -0.078523 -0.066777 0.057909
-0.009441 0.061021 0.025019 0.049422 -0.135551 -0.068891 -0.060199 0.039937 0.047794 0.056965
0.012607 -0.004336 -0.127784 -0.177878 0.074310 -0.104953 -0.131552 0.020960 -0.034633 -0.166352
-0.066607 -0.097639 -0.160256 -0.076138 -0.082289 -0.038956 -0.054222 -0.046824 0.005029 -0.043888
-0.010432 -0.010910 0.067328 -0.064003 -0.036019 -0.061454 -0.105452 -0.152055 -0.035160 -0.183308
-0.566105 -0.058073 -0.046021 -0.506259 0.097805 0.028372 0.337801 -0.022733 -0.100188 0.565662
0.094425 -0.120912 0.346224 -0.145849 -0.131441 -0.041837 -0.248696 -0.183641 -0.007626 -0.024964
0.002746 -0.012607 0.036047 0.083176 0.261995 -0.134433 0.118142 0.257562 -0.087941 -0.121577
0.002947 0.161475 0.194169 -0.407401 0.152831 0.395653 -0.243598 -0.184638 -0.008305 0.073312
-0.115039 -0.024617 0.551919 -0.358193 -0.202481 0.927402 0.020004 0.135763 0.503155 0.072093
0.010889 -0.019298 -0.077080 -0.040480 0.023551 -0.090103 -0.031226 0.140972 -0.065388 0.066330
-0.153163 -0.134988 0.036157 -0.088218 -0.132549 0.004804 -0.115039 -0.062839 0.002289 -0.014165
0.059736 0.108611 0.102515 0.023412 0.024354 -0.145184 -0.043472 0.040951 0.084617 0.010397
-0.023357 0.095810 -0.080793 -0.056660 -0.052809 0.059459 -0.033969 -0.145738 0.017026 0.084838
0.129335 0.044386 0.069267 0.077634 0.026931 0.027402 0.023066 -0.035908 -0.009635 0.074254
-0.035243 0.057242 0.022789 0.102238 0.032389 -0.026141 0.048487 0.133214 0.230521 -0.056079
-0.090435 -0.123018 0.105840 0.102183 -0.072703 -0.014892 0.053751 -0.099855 -0.033165 -0.027444
-0.165465 -0.077524 -0.054084 0.085392 -0.130000 -0.096143 0.331152 0.037764 -0.038762 0.230299
-0.026308 -0.027222 0.136428 -0.040923 -0.031032 0.065554 -0.030699 0.014096 0.026502 -0.048071
-0.014068 -0.008270 0.058240 0.004263 -0.026058 -0.027693 -0.052698 -0.005940 0.008700 0.049789
0.063615 0.044192 0.077302 -0.033331 -0.108777 -0.017718 0.078189 -0.090380 -0.033276 -0.050648
-0.067328 -0.082400 -0.018425 -0.046076 0.061509 0.040729 -0.003699 0.096863 -0.005018 -0.027111
0.043278 0.099080 0.007453 -0.005330 0.001988 -0.146624 -0.543497 -0.311203 -0.042281 -0.500496
-0.171782 0.026183 -0.251578 -0.261331 0.021861 0.023675 0.052975 -0.001094 -0.036628 -0.046353
0.012697 0.047185 0.079352 0.050703 -0.077524 -0.243155 -0.000949 -0.066441 -0.239387 0.111326
0.135098 0.053696 0.105840 0.067106 -0.372379 0.265985 0.230077 -0.496949 0.329600 0.201706
-0.448850 -0.012842 -0.028954 0.108389 0.083453 -0.101906 -0.106339 0.003389 -0.067992 -0.123351
-0.001092 -0.014934 0.189515 -0.012503 0.023606 0.039261 0.058184 0.082289 0.063892 0.059182
0.050509 -0.011817 -0.006019 -0.088939 -0.161143 0.024396 -0.105785 -0.151057 -0.050482 0.052033
-0.137537 -0.001533 0.118807 -0.101850 0.041061 0.018591 -0.012697 -0.020143 0.024742 0.119472
-0.089770 0.170341 0.204365 0.121910 0.018854 -0.127562 0.268875 0.067660 -0.093640 0.122394
-0.121763 -0.169119 0.420716 -0.062048 -0.287792 -0.063183 -0.223348 0.032758 0.127943 -0.193711
-0.136707 0.050918 -0.426770 -0.079956 0.028470 -0.170380 -0.073020 -0.081596 -0.037613 -0.138221
0.076993 0.186270 -0.001757 -0.037519 0.064539 0.032080 0.001154 -0.096162 0.126051 -0.139230
0.007914 -0.035911 0.091054 -0.047703 -0.035280 -0.056058 -0.256768 -0.173659 0.193080 0.003732
-0.096792 0.083740 0.170632 0.100513 -0.050099 0.191819 0.188793 -0.167101 -0.115836 -0.081659
0.164831 0.107575 0.045590 0.124096 -0.107764 -0.069173 0.029542 -0.044361 -0.011248 0.161174
0.212376 -0.070372 0.050383 0.069678 -0.080208 0.111926 -0.095279 0.062994 -0.066336 -0.093009
0.130906 0.191693 0.039884 0.077560 -0.033609 0.059463 0.002079 0.007650 -0.137464 -0.127753
0.047419 -0.125420 0.069804 0.069110 0.075668 0.131158 0.323608 0.019169 0.018019 0.266857
0.023221 -0.078380 -0.020620 0.017010 -0.057603 0.242013 0.256642 -0.075227 0.369766 -0.059116
-0.148562 0.576593 0.018097 -0.082794 0.173911 -0.060881 0.106882 0.127186 -0.211241 -0.012816
0.371784 0.157769 -0.255507 -0.346561 -0.219060 -0.003653 -0.191063 -0.331680 -0.075794 -0.016221
-0.077812 -0.047387 -0.071822 0.106629 0.006566 0.024261 -0.101080 0.018460 0.232680 -0.086451
0.056688 -0.050509 -0.084055 -0.155498 -0.001016 0.045937 -0.044361 -0.005612 0.050792 0.076110
-0.064381 0.095720 0.033799 -0.077245 0.048743 0.021124 0.000103 0.189297 -0.041901 0.261056
-0.007523 -0.103729 0.139104 -0.184757 -0.071317 -0.205566 0.149823 -0.142257 0.140995 0.038875
-0.001141 0.175424 -0.130402 -0.015930 0.103224 0.099062 0.066651 0.086388 -0.217294 0.085190
0.022701 0.065075 -0.065516 -0.068858 0.005328 0.083235 -0.000246 -0.064886 -0.036825 -0.122583
-0.039474 -0.092631 -0.192450 -0.083740 -0.150706 0.314780 -0.083424 -0.108773 0.014755 -0.120628
-0.072326 0.150580 -0.282495 -0.002865 0.048018 0.064476 0.050666 0.186396 -0.182865 -0.093577
0.259038 -0.149067 -0.144148 0.020620 0.213133 0.170632 0.068543 -0.102594 -0.201404 0.060377
-0.040672 0.009127 -0.157264 -0.026169 0.078947 -0.478981 0.087523 -0.000838 -0.252354 0.060440
0.164705 0.265344 -0.075227 -0.233185 0.034524 -0.043162 -0.039947 0.026563 0.121763 -0.019343
-0.059242 0.036951 -0.115646 -0.114827 -0.132798 -0.132420 0.039221 0.188793 0.100198 -0.072200
0.013455 -0.168867 -0.083992 -0.175929 -0.192198 -0.042721 -0.031229 -0.115457 0.265596 0.049910
-0.074849 0.355641 0.260551 0.008245 -0.059999 0.050509 -0.026783 -0.150454 -0.134816 -0.141500
0.159660 0.330923 -0.044203 0.017640 -0.288801 -0.054576 -0.066651 -0.096414 0.020919 0.013076
-0.033452 -0.041964 0.275937 -0.074029 -0.181226 0.109656 -0.041460 0.152346 -0.323861 -0.205313
0.238608 -0.119367 0.021108 -0.002899 -0.019185 0.080333 0.050756 -0.024958 0.010094 0.067410
-0.000261 -0.068530 0.072449 -0.030486 -0.134541 -0.041263 0.081872 0.103938 -0.040983 0.084951
0.065171 -0.071982 0.069230 0.084811 -0.083132 -0.000709 0.078700 0.088403 -0.006549 0.089803
0.248742 -0.046231 -0.101699 -0.188562 -0.059620 -0.150122 -0.284196 -0.052016 -0.142378 0.031349
0.041729 -0.221871 0.038090 0.113175 -0.071142 0.097967 -0.013599 -0.194627 0.206756 0.086490
-0.070583 -0.048890 -0.048330 -0.089663 0.007931 0.052529 0.066990 0.016561 0.033845 -0.107763
0.070209 0.044691 -0.012887 0.116254 0.048377 -0.016643 -0.159079 -0.025938 0.111309 0.468746
-0.047817 -0.017762 0.644153 -0.130062 -0.243144 0.339617 0.077347 -0.005846 0.202464 0.108603
0.145644 0.415378 0.000074 -0.022544 0.302483 0.082945 0.017797 0.062699 0.001025 -0.007493
0.008146 0.025914 0.009995 -0.030206 0.081965 0.015756 0.254900 0.085044 -0.001612 0.445608
0.098806 0.070163 0.296139 0.048330 0.047770 -0.000499 0.048050 -0.045811 -0.096567 0.072868
0.033122 0.240904 0.058920 0.039257 0.005802 0.015931 0.051736 0.172888 -0.042942 0.036807
-0.020036 -0.077440 -0.043665 0.050663 -0.083505 -0.041962 0.118493 0.042172 0.070443 0.124744
-0.003656 -0.003671 -0.030883 -0.028877 -0.045508 -0.041123 0.005000 -0.022474 -0.008531 -0.070583
-0.004954 -0.031466 -0.060039 0.044621 0.047957 0.039840 0.024328 0.069183 -0.104311 -0.146017
0.058920 -0.064378 0.003875 0.207689 0.014089 0.020316 0.202278 0.042685 0.058687 -0.445981
0.056494 0.120639 -0.329541 -0.035011 0.058593 -0.068996 0.005237 0.028387 0.004289 -0.052435
0.008409 -0.008823 0.013214 -0.010928 -0.090596 -0.031419 -0.060599 -0.001379 0.046161 0.041333
-0.051642 0.100952 0.025821 -0.055654 0.013330 -0.006811 0.004639 0.043199 -0.094608 -0.078327
0.042312 -0.049170 0.038137 0.033985 -0.018287 -0.075434 0.108323 0.058267 0.026824 0.112428
0.065078 0.024375 -0.037461 -0.173074 0.171581 0.043828 -0.027221 0.164957 0.058453 -0.001018
0.050196 -0.017261 -0.225603 -0.455311 -0.060553 -0.256766 -0.540029 0.009295 -0.276732 -0.446727
-0.072495 -0.056541 -0.003901 -0.184737 -0.014462 0.056541 -0.044948 -0.022964 -0.012817 0.016164
-0.035921 0.075621 0.082059 0.062232 0.136500 0.034545 -0.076227 0.067783 -0.152734 -0.193134
0.597129 -0.171022 -0.064191 0.836727 -0.114388 -0.014660 0.299498 0.017424 0.019267 0.083365
-0.055608 -0.019990 0.018065 -0.037740 -0.020690 0.000396 0.020095 0.052949 -0.059666 -0.051922
0.000229 -0.042172 -0.074315 -0.045648 -0.074081 -0.066617 -0.002373 0.076787 -0.047677 0.041846
0.038907 0.097127 -0.010537 0.011849 0.013669 0.038347 0.166730 0.009855 -0.065311 0.032166
0.019418 -0.081359 -0.027011 0.078513 -0.086211 -0.017587 0.106177 0.004309 0.121012 -0.057660
-0.116067 -0.148909 0.043460 0.053303 0.113534 0.058069 0.079421 0.157176 -0.045492 -0.090254
0.011431 -0.208214 -0.437052 -0.018371 -0.335809 -0.097806 0.086869 0.181029 0.573709 -0.004052
-0.099993 -0.332685 -0.038200 -0.091296 -0.009316 0.085046 -0.059527 -0.204048 -0.097493 0.067651
0.044294 -0.074630 -0.031482 -0.074630 -0.084681 -0.016301 0.044528 0.154989 0.233942 0.107180
0.114471 -0.085775 -0.070360 0.021899 0.091035 0.252899 0.213318 0.052991 -0.185612 -0.100670
0.115929 -0.109888 0.133115 0.023631 0.122075 -0.044710 0.124158 0.021235 -0.072807 0.234358
0.065777 0.019738 0.081453 0.000516 -0.077494 0.183633 0.191028 -0.083692 -0.053590 -0.139365
-0.149260 0.149677 -0.028930 -0.017447 0.007148 -0.158843 -0.024933 0.113221 -0.211443 -0.252690
-0.112596 -0.029451 0.033123 0.046585 -0.114159 0.126970 -0.056715 -0.182174 0.196028 -0.022030
0.064058 0.083015 -0.095722 -0.161759 0.023462 -0.159259 0.011314 0.187070 0.082442 0.187278
0.073953 0.011217 0.170092 0.140094 0.109263 -0.006543 0.012493 0.035596 -0.024009 0.066089
-0.084942 -0.024113 -0.137907 -0.201652 -0.087702 0.085827 -0.042315 0.252482 0.086400 -0.074161
0.014752 0.019582 0.266231 0.110617 0.226442 0.142073 -0.084161 0.146760 -0.069214 0.006474
-0.049293 -0.070724 -0.192278 -0.188320 0.090983 0.057913 0.048122 -0.060308 0.094941 0.048694
-0.117804 0.106867 0.386847 0.001295 0.137178 0.252274 0.284355 0.113221 0.113013 -0.133011
-0.222276 0.092910 -0.064266 -0.096712 0.156968 0.074474 -0.150198 -0.057340 0.193007 -0.059735
0.018202 0.026053 0.176237 0.305187 0.156968 0.151239 0.159155 0.034008 -0.153322 0.054892
0.026040 0.047575 -0.027654 -0.157905 -0.235400 0.059058 0.022824 -0.038565 0.089994 0.012668
-0.066818 0.142386 0.080359 -0.002846 -0.000151 0.151239 0.163530 0.026522 0.053277 -0.292271
-0.101607 0.170300 -0.023084 -0.067808 -0.079421 0.018098 0.024269 0.131345 0.442468 0.087910
0.027837 -0.165509 0.087494 0.043200 0.082286 0.220609 0.213735 0.320394 0.165197 0.228525
0.017655 -0.060204 0.100774 -0.142802 0.076192 0.115617 0.112179 0.092910 0.181237 -0.079369
0.076557 -0.165405 -0.156135 0.100878 -0.096764 -0.012668 -0.155406 0.083379 0.020194 -0.079369
0.017863 -0.028566 0.154156 -0.060308 -0.196340 0.097285 0.016678 0.138532 0.063954 -0.095879
0.051377 -0.118637 -0.096035 -0.054475 -0.324977 -0.063120 0.134990 0.238525 -0.095149 0.055048
0.150198 0.035050 -0.012519 0.101920 0.222901 0.012043 -0.039528 0.164051 0.179987 -0.027863
-0.057913 0.046090 -0.017811 0.007070 -0.055621 0.130616 -0.087338 -0.081192 0.239775 0.065047
0.332268 0.107388 -0.019946 -0.048278 0.070047 0.104940 -0.008652 0.048200 -0.033383 -0.161030
-0.187070 0.069630 -0.009713 -0.004420 -0.084994 -0.210818 0.117492 -0.126553 -0.039867 -0.002583
0.061259 -0.052256 -0.022153 0.038801 0.053724 0.031779 0.126628 0.068647 0.010348 0.005691
0.077797 -0.061797 -0.056072 0.137881 -0.033981 0.063363 0.090518 -0.044941 -0.074616 -0.010116
-0.036648 0.034103 -0.006917 0.045626 -0.045381 0.355419 -0.013211 0.039926 -0.041296 -0.032709
0.032856 -0.028550 -0.063950 -0.069675 0.000325 0.036746 -0.021553 -0.100500 -0.052011 -0.053381
0.021847 0.015474 0.086408 0.069577 0.043669 -0.005648 -0.064097 0.031926 0.033149 -0.035865
0.010300 -0.044452 -0.005553 0.024856 0.028159 -0.047192 -0.063950 0.021480 0.015816 0.028379
0.063754 0.029431 -0.011278 0.066299 0.084891 0.043278 -0.079020 -0.173306 -0.135141 0.176731
-0.078433 -0.002948 0.076574 0.080733 -0.021773 0.054507 0.013003 -0.055045 -0.025149 0.032391
0.073149 -0.032317 -0.026813 -0.058274 0.010342 -0.035327 -0.016660 0.080733 0.088268 0.007364
-0.150309 -0.078775 -0.002560 0.063216 0.017908 0.135924 -0.029210 -0.024550 0.110481 -0.019364
-0.025859 0.085234 -0.169000 -0.155104 0.006685 -0.249145 -0.087436 -0.081026 -0.079411 -0.357963
-0.072708 0.123790 0.146493 -0.034519 0.128487 0.581666 -0.015792 -0.108916 -0.102359 -0.065858
0.234858 0.035987 -0.066103 0.078775 0.063314 -0.021211 0.007180 -0.030899 0.009529 -0.077259
-0.143264 -0.032464 0.032317 0.224877 -0.116548 -0.061552 0.063852 -0.022776 -0.156474 -0.090714
-0.066739 -0.089686 0.055338 -0.006012 -0.226834 -0.235250 -0.017480 -0.147276 -0.171251 -0.060721
0.213525 0.231923 0.033002 0.037112 -0.023143 -0.034984 0.110775 0.047167 -0.057247 -0.099815
0.035987 0.055926 -0.018593 -0.066054 -0.088023 0.042935 0.002439 0.073931 0.020195 -0.005630
-0.050397 -0.019009 0.150896 -0.009358 -0.029333 -0.075057 0.064195 -0.044843 -0.473239 -0.045675
0.038409 -0.024024 -0.089344 0.000112 0.056219 -0.004783 -0.007376 -0.246405 -0.063069 -0.112438
0.171642 0.110971 -0.265781 0.019951 0.010030 -0.184168 -0.605934 -0.177514 -0.003829 -0.100598
-0.090861 0.212742 -0.023596 0.034348 0.089246 0.218222 -0.033027 0.110481 0.009651 -0.096683
0.018703 -0.027253 0.019816 0.024122 0.083473 0.015327 -0.084011 -0.052452 0.003125 0.141306
-0.009296 -0.045602 0.160682 0.086457 -0.024709 0.049663 0.091203 0.069626 -0.048782 -0.046531
-0.013932 0.015657 -0.063412 0.027498 -0.134554 -0.097417 -0.084500 -0.105099 -0.034568 0.069087
0.015792 -0.050201 0.014336 0.011370 -0.005566 0.016489 -0.073051 -0.038580 -0.064733 -0.070457
0.010801 -0.044305 0.053479 -0.000591 0.040758 -0.096047 0.043620 0.098200 -0.011688 0.131618
0.045895 -0.076965 0.089882 -0.037553 -0.266368 -0.742935 -0.048170 0.000147 -0.366575 -0.148450
-0.038360 -0.154615 -0.064195 0.093454 0.069821 -0.097222 0.296313 0.378709 -0.109992 0.190627
-0.073540 -0.002168 0.031853 -0.052696 0.032954 0.002560 -0.035571 -0.037822 -0.159912 0.149118
-0.078332 -0.285662 0.167771 -0.123025 -0.305153 0.177098 -0.081423 -0.062351 -0.177831 -0.267428
0.418118 -0.366770 -0.067643 0.109926 -0.333027 -0.104215 0.169553 0.037175 -0.027979 0.007977
0.001573 -0.072882 0.077808 -0.071887 -0.140525 0.540305 -0.427759 0.053391 1.171988 -0.200361
-0.010224 0.422310 -0.314794 0.127217 -0.675696 0.165675 -0.019242 -1.862774 0.094679 0.021220
-0.742343 0.108774 -0.098818 0.543658 -0.012202 0.058788 1.498099 -0.093212 -0.136229 0.223625
0.089702 -0.018836 -1.028633 0.185167 -0.057897 -1.041209 0.025084 -0.059784 -0.153100 0.053391
-0.015444 0.241440 -0.468628 0.001883 0.357758 -0.210945 0.187577 -0.069896 -0.053260 -0.034319
-0.033140 -0.064290 0.060936 -0.252967 -0.309345 0.003864 0.009425 -0.259464 -0.062875 -0.145346
-0.664797 0.101962 0.144927 -0.462340 0.136858 -0.117995 0.088339 0.040004 0.063346 -0.071730
-0.094574 0.077179 0.129522 -0.015247 -0.000036 0.215661 0.113384 -0.120720 -0.019452 -0.153415
-0.117366 -0.189358 -0.111289 -0.033481 -0.138534 -0.069948 -0.159912 0.106887 -0.019583 -0.253595
0.007322 0.050798 -0.243116 0.063451 0.015745 -0.005289 -0.126169 -0.187577 0.342039 -0.278955
-0.081580 0.272877 -0.402399 -0.022923 -0.129837 0.112127 0.082157 0.223625 0.060150 0.063451
0.720546 -0.330512 0.064132 -0.114642 -0.039926 -0.096094 -0.084986 -0.146079 0.100967 -0.249194
-0.099028 -0.014540 -0.259045 -0.268057 -0.191140 -0.279374 -0.082576 -0.008455 -0.291111 -0.080008
0.045034 0.227398 -0.057321 0.050536 -0.044825 -0.774619 -0.144088 -0.189253 -0.723900 -0.189882
0.273087 -0.623300 0.140211 0.266590 -0.197427 -0.093684 -0.081371 0.081318 -0.054806 0.073406
0.058212 -0.088444 0.235152 -0.001980 -0.050431 0.076917 -0.113489 -0.103429 0.051531 -0.085353
-0.122396 0.350842 -0.122606 -0.116109 0.604857 -0.250452 -0.121453 -0.138744 -0.028765 0.130151
-0.024207 -0.110450 -0.088182 0.017736 -0.104896 -0.031097 0.092740 -0.030390 0.035524 0.394435
-0.403657 0.018758 0.124178 -0.219224 -0.023722 0.468628 -0.161379 0.144298 0.426082 -0.037358
0.050012 0.194807 0.070891 0.254015 -0.071415 -0.058316 -0.095255 -0.020107 -0.106049 0.031411
0.045663 -0.021928 -0.079537 -0.074035 -0.030075 0.041026 -0.099342 -0.119462 0.074088 -0.105839
-0.168295 0.125750 -0.255691 -0.071520 0.145241 -0.192816 -0.216918 0.256530 -0.327997 -0.007335
0.043226 -0.050771 -0.119043 -0.050667 -0.036782 -0.073144 0.032538 -0.062037 -0.074926 -0.087134
0.545335 0.243116 0.034372 0.441801 -0.015745 -0.044196 0.129837 0.033167 -0.090802 0.095675
-0.055435 -0.068167 0.374315 -0.247098 0.034476 -0.129627 -0.260302 -0.009746 -0.111079 0.151738
0.007028 -0.057740 -0.100495 -0.069739 0.026696 -0.073721 -0.106678 0.017382 -0.206858 0.071677
-0.168400 -0.456472 0.181918 -0.007990 -0.231380 -0.049095 -0.112162 -0.150657 -0.046988 -0.035426
0.125732 0.084745 0.317192 0.947515 0.344148 0.031018 -0.016397 -0.003837 -0.023148 0.043319
-0.007316 0.057512 0.168843 -0.030718 0.012555 -0.120747 -0.050727 0.014920 -0.015613 0.009964
0.070251 0.047496 0.048050 -0.001158 0.017574 -0.002756 0.019305 0.031133 0.038957 -0.002630
0.000614 -0.003560 -0.012289 0.028941 0.071498 0.008545 0.063974 0.080452 0.002790 -0.015209
0.030302 -0.052435 0.000212 -0.027256 0.031456 -0.057881 -0.118901 0.010016 0.082852 0.023482
-0.021059 -0.018751 -0.004027 0.024994 0.000437 0.045950 -0.002464 -0.111331 -0.087468 -0.012682
0.034618 -0.052665 -0.039534 0.002200 -0.072790 0.058989 -0.023840 0.011851 -0.003762 -0.022479
0.137179 0.036395 0.029910 0.059681 0.029956 -0.019155 0.013824 0.006699 -0.008839 0.084283
0.033395 0.047542 0.124255 0.030071 0.093561 0.101638 0.070021 0.044819 0.041011 0.013097
-0.010022 -0.026148 0.018117 0.012797 0.037964 -0.038934 0.058481 0.045188 -0.077175 -0.052804
-0.040941 -0.092361 0.024625 0.038657 0.052527 0.006445 -0.072513 -0.002780 0.021590 0.037364
0.053265 0.064389 0.018244 0.000151 -0.146595 -0.012820 -0.300576 -0.482251 -0.378489 -0.495544
-0.533208 -0.368335 0.023748 0.103023 -0.006237 -0.048004 -0.006976 -0.041472 0.123886 0.151396
-0.041449 0.095453 -0.091299 -0.051558 -0.069513 0.048511 0.057881 -0.139579 -0.171059 -0.125548
0.079160 0.047496 -0.004261 0.055850 0.052296 -0.002190 0.009030 0.061528 0.019490 0.000337
-0.007535 0.041449 0.065774 0.023586 -0.031595 0.018290 -0.066882 0.092268 -0.027994 -0.012382
-0.005686 0.009376 -0.009583 -0.013928 0.002703 0.054742 -0.080729 -0.009699 0.063512 -0.051511
0.062589 0.047957 -0.043088 0.058158 0.102561 -0.042995 -0.059589 -0.182413 -0.053635 -0.041911
-0.233556 -0.120378 0.082344 -0.013016 0.069882 0.125271 -0.021348 0.012982 0.059127 0.058943
0.053127 0.049665 0.047819 0.026702 0.122224 0.191276 0.067666 0.008903 0.101084 0.058897
0.002122 -0.117147 0.063605 -0.070205 -0.031548 -0.033718 0.008481 0.059174 0.043872 -0.061620
0.056958 0.031087 0.107639 -0.036603 -0.058020 0.173182 0.081191 -0.080083 -0.044819 0.028987
0.014286 -0.075744 0.104592 0.018578 -0.008337 0.025248 0.112070 -0.066282 -0.029310 0.113639
0.078421 0.036418 -0.068497 -0.067805 0.005983 -0.097022 -0.045788 0.036926 -0.094392 -0.023725
0.184352 0.150380 -0.061343 0.016790 0.206600 0.000990 0.347472 0.436463 0.006641 0.017413
0.004910 0.066466 -0.050311 -0.012139 0.027925 0.017297 -0.046965 -0.038587 -0.199584 0.036349
0.022525 0.047496 0.009468 -0.066928 -0.125640 0.051835 0.061851 0.034479 -0.063051 -0.106992
0.073482 0.076021 0.037826 -0.012889 -0.047173 0.023909 0.017724 0.040480 0.101177 0.064343
0.118347 -0.033002 -0.040064 -0.112993 -0.022632 0.025150 0.067813 0.002295 0.085279 0.046815
-0.017860 -0.000804 0.004719 0.038011 0.067193 0.015880 -0.028061 -0.074876 -0.074160 0.024911
-0.084850 0.020258 0.047030 0.226203 0.007349 -0.050967 -0.003260 0.120164 -0.008005 -0.048963
0.041160 0.051063 -0.051349 -0.044191 -0.015880 0.057696 -0.026295 -0.005461 0.099835 0.076451
0.010141 0.184589 0.102412 0.014567 -0.068195 -0.190697 0.073540 0.118446 0.145266 -0.044024
-0.003051 0.034455 0.051826 -0.294350 -0.000921 0.014877 -0.042640 -0.111288 0.006711 -0.025722
0.029254 0.032093 -0.027130 -0.001964 -0.069054 -0.073587 -0.038965 -0.065522 0.045384 0.015736
0.050299 0.109856 0.103748 -0.071679 -0.062421 0.036126 -0.158533 -0.083561 -0.056073 0.002905
0.027130 0.161110 0.065809 -0.050060 -0.046768 0.026629 -0.156242 -0.122264 -0.103557 0.221049
0.707432 -0.005879 -0.091292 0.119878 0.092485 0.034885 0.180771 0.029922 0.012694 -0.284042
-0.119401 0.067384 0.288623 -0.073969 -0.041948 0.075640 -0.160919 -0.138394 -0.080841 -0.135722
0.061132 0.158246 0.103939 0.103652 0.145362 0.060989 -0.124936 0.134385 -0.052924 -0.001526
-0.035147 0.010296 0.114342 -0.049106 0.046267 -0.064807 0.143071 0.026223 -0.039156 0.135531
-0.021916 -0.032117 -0.029230 0.030494 0.027464 0.089765 -0.093154 -0.035792 0.015796 0.071965
0.040779 -0.003773 -0.007624 0.104130 0.153856 -0.047627 -0.006484 0.020186 -0.177144 -0.065570
-0.137344 -0.007880 -0.044739 0.070008 0.048366 0.033024 0.044095 0.016321 0.055930 -0.039180
-0.026605 -0.093965 -0.057839 0.039514 0.020127 0.008500 0.018111 0.139826 0.147175 -0.026987
-0.152329 0.183253 0.038082 0.373950 0.064473 -0.042926 0.065427 -0.001314 0.002880 0.050395
0.063948 -0.065045 -0.062945 -0.030351 0.049870 0.070247 0.083561 0.061609 -0.027679 -0.045909
0.063614 -0.014794 0.059653 -0.120069 -0.068386 0.050108 0.004847 0.031067 -0.003901 0.034718
-0.103748 0.041327 -0.106802 -0.028800 0.077739 0.014531 0.016249 0.063184 -0.013708 0.074971
0.020103 0.099835 0.008500 0.093344 0.076308 0.025913 0.040922 0.083514 0.010022 -0.015641
0.030757 0.017228 -0.087188 0.193561 0.070724 0.038726 -0.093869 -0.015927 0.038154 -0.066286
-0.026009 -0.079219 -0.102698 -0.182394 0.084564 0.119782 -0.043594 0.128182 -0.121978 0.085041
0.080030 0.101648 -0.034360 -0.030757 0.082559 0.111288 0.110333 0.013231 0.099644 0.013947
-0.018659 0.019292 0.090958 0.063757 0.023778 0.015963 -0.217804 -0.225439 -0.018170 0.583737
0.808603 -0.094967 0.006022 -0.011537 -0.148320 0.008500 0.046720 0.039061 -0.002617 -0.012300
-0.019053 -0.085088 -0.109474 0.026653 -0.082893 -0.020664 -0.005387 -0.137153 -0.116919 0.067288
0.034789 0.034813 -0.018671 -0.033000 -0.240328 0.030184 -0.006890 -0.157865 -0.008614 0.102793
0.038321 -0.173708 0.005654 -0.050277 0.000888 0.055845 0.015065 0.049961 0.062780 0.018007
0.008255 0.059628 0.116734 -0.114738 -0.089100 -0.172632 -0.079329 -0.062412 -0.092357 -0.092095
0.014854 0.028001 -0.006810 0.024179 0.029919 0.015065 -0.033623 0.018834 0.032756 -0.037668
0.021251 0.010560 -0.014263 -0.030602 -0.037904 -0.020817 0.019386 -0.072079 -0.209512 -0.069032
-0.110430 0.126190 0.124509 0.157922 0.018703 -0.020988 0.041766 -0.109274 0.133020 0.132074
-0.003224 -0.622441 -0.302184 -0.021881 -0.090781 -0.125980 0.060311 0.057106 0.045338 0.027581
0.018479 0.016667 -0.059943 -0.056108 -0.039743 0.228214 0.014198 -0.069977 0.087577 0.111901
0.063253 -0.102654 -0.191860 -0.082743 -0.072289 0.017402 0.190809 -0.020055 -0.095457 0.001747
0.031731 -0.046941 -0.077753 0.338749 0.540906 0.581674 0.110850 0.076019 0.461052 -0.042160
-0.022971 -0.084109 0.082743 0.058682 -0.260997 0.069557 -0.075389 0.134491 -0.080747 0.046783
0.087314 -0.413980 -0.395277 -0.083689 -0.131654 0.028001 0.190914 0.158868 0.128817 -0.033229
0.096508 -0.057684 -0.068139 0.055162 -0.097716 0.015918 -0.102129 -0.060784 -0.021421 -0.073182
-0.035356 -0.057894 0.061939 0.086053 0.045995 0.006291 -0.037773 0.002990 -0.072184 -0.046389
-0.080852 0.039428 0.023812 0.032441 0.016549 0.010323 0.030129 0.022800 0.022406 -0.002009
-0.036407 0.003308 0.027108 -0.105229 -0.015721 0.030812 -0.013081 0.177570 0.062570 0.175679
0.015065 0.040374 0.016457 -0.060311 0.010113 -0.107908 0.036722 0.046074 0.037773 -0.082954
-0.053429 -0.014500 -0.034043 -0.083847 -0.246707 -0.389604 -0.144788 0.114212 0.406835 0.162125
0.135437 -0.044393 -0.017179 0.000225 0.001688 -0.035987 0.036433 0.030996 -0.011367 0.025926
-0.065354 -0.092200 -0.051931 -0.070345 -0.031837 0.015971 -0.003233 -0.070608 -0.128607 -0.070240
-0.057369 0.052693 0.075546 -0.010015 0.033150 0.058787 -0.078803 -0.011210 -0.028343 0.014513
-0.023260 -0.002356 -0.073655 0.112111 0.012057 0.035278 0.105859 0.067351 0.090046 -0.144263
-0.027266 0.056949 0.021894 0.026491 0.041030 -0.056949 -0.049252 -0.002837 0.205519 0.035750
-0.034437 -0.137538 -0.019070 0.107908 -0.104651 0.045286 -0.016864 -0.359343 -0.701034 -0.263308
-0.057947 -0.103705 -0.229055 0.057894 0.203313 0.121357 0.161599 -0.078225 -0.157502 -0.038062
0.004489 -0.091832 0.006702 0.016509 0.042974 0.068611 0.011420 0.027450 0.003796 0.008281
0.006862 -0.050986 -0.064409 -0.070398 0.349256 0.436255 0.252591 -0.040636 0.000984 -0.069662
-0.102654 -0.091517 -0.134281 0.006252 0.018125 -0.060784 0.064146 0.072604 -0.135016 -0.102865
-0.060889 -0.099082 -0.028632 -0.106437 -0.126295 0.018611 -0.049541 0.045785 0.010652 -0.029893
0.059891 0.208461 0.412089 0.381618 -0.354720 -0.354510 -0.648499 -0.066037 -0.027108 -0.043421
-0.255033 -0.207030 0.010929 -0.056003 -0.182703 -0.042614 -0.102780 -0.016440 -0.170947 -0.016133
-1.115483 -0.343527 -0.017460 -0.581906 -0.051717 -0.092086 0.122128 0.013419 0.615867 -0.526393
-0.299933 0.040206 -0.126537 -0.065473 -0.153803 -0.055390 0.024797 0.135109 0.070942 0.007618
-0.048615 -0.170784 0.069554 0.013113 0.004044 0.044859 -0.099760 0.041022 0.048002 -0.164171
-0.115761 -0.088984 -0.121149 -0.154783 -0.090453 -0.035267 0.081922 -0.206704 0.016052 -0.548925
-0.246543 -0.005332 -0.027736 -0.051962 0.005582 -0.071759 -0.012899 -0.023246 -0.037839 0.084167
-0.074820 0.041716 -0.002625 -0.081065 0.207357 0.159355 -0.148170 -0.097882 0.061676 0.044737
0.056778 0.110699 0.026369 -0.173233 0.163273 0.139517 0.025144 -0.019032 -0.021450 -0.031389
-0.079473 0.039777 0.002258 0.119924 -0.119026 -0.257645 -0.170457 0.020399 0.079147 0.090453
0.167845 0.155763 0.290790 -0.068860 -0.065228 0.113557 -0.160089 -0.131517 -0.027654 0.048615
0.018450 0.009965 0.033573 -0.090290 -0.131272 -0.011878 -0.081147 0.027818 -0.104005 0.270707
0.060003 -0.149722 -0.302872 -0.205234 0.022777 -0.218296 -0.171763 0.369651 0.181397 -0.075106
-0.050819 -0.024552 -0.071024 0.129394 0.113965 -0.159191 0.019776 0.043063 0.009776 -0.008541
0.088821 0.096739 -0.164661 -0.199193 0.026022 0.070412 0.045757 0.009205 0.086372 0.031797
0.091515 0.007975 -0.105556 -0.168335 0.077718 0.698809 0.288177 -0.223848 0.141313 0.152089
0.067391 -0.096413 -0.188744 -0.035471 -0.105556 -0.125557 0.072289 -0.057554 -0.115434 -0.013450
-0.083841 -0.046533 -0.075677 0.337976 0.099923 0.130129 0.015950 -0.059309 -0.091760 0.102291
0.076126 0.103025 0.233807 -0.071391 -0.120577 0.178458 0.039696 -0.054329 0.077310 0.004661
0.245563 0.046900 0.127190 0.291769 0.081677 -0.079841 0.219602 0.044900 -0.017246 0.115353
1.572648 0.145232 -0.255359 0.488840 0.118047 0.015021 -0.194948 0.190050 -0.120169 0.325077
0.182050 -0.211439 -0.081106 -0.040941 -0.046451 -0.046574 -0.065024 -0.059105 0.382712 0.121883
-0.017399 0.019991 -0.107597 0.143517 -0.002170 -0.127598 -0.119843 -0.058819 -0.037981 -0.012990
0.037553 0.026573 0.064330 0.076820 0.039512 0.096250 0.018429 0.114210 -0.059105 0.082412
0.253074 -0.097719 -0.035512 -0.007903 -0.030512 -0.176172 0.206704 -0.028797 -0.167845 -0.015113
0.006357 0.056656 0.042533 -0.019440 0.050125 0.036696 -0.002364 -0.064044 0.065881 0.063268
-0.040084 -0.056288 -0.019603 0.025450 -0.041512 0.194622 -0.033777 -0.118210 0.061881 0.092494
0.023838 0.145395 0.549251 0.146456 -0.107760 0.129721 -0.078045 0.068207 0.062289 -0.065309
-0.083473 0.203275 0.037185 -0.428755 -0.400999 0.029083 0.072779 -0.476758 0.031083 0.000052
0.146374 -0.125965 -0.215031 -0.387611 -0.380100 -0.058615 -0.116414 -0.142864 -0.041675 0.135857
0.140237 -0.173689 0.020651 0.068441 -0.164557 -0.091037 -0.015212 0.034966 -0.042630 -0.076921
0.165582 0.144709 -0.314018 0.082139 -0.020407 -0.114426 -0.045728 -0.226615 -0.184032 0.017599
-0.037296 -0.027069 0.023202 0.214129 0.082558 -0.055815 0.018997 0.001564 -0.029538 0.053579
0.104828 0.023412 -0.031798 -0.061546 -0.256619 0.011199 0.012218 -0.180491 0.071935 0.114239
-0.021490 0.057259 0.091131 0.087636 0.198102 -0.074964 0.062198 0.194747 -0.063176 0.036643
-0.067556 -0.057446 -0.127564 0.001026 0.080508 -0.080741 0.059170 0.061033 -0.009586 0.061499
0.065366 -0.112189 -0.075802 -0.181329 -0.160830 -0.021327 -0.117221 -0.069373 -0.105014 -0.130919
0.013150 0.022759 0.020337 -0.064155 -0.051063 -0.031635 -0.005195 0.040813 0.139584 -0.181702
-0.120017 -0.052135 0.077433 0.092575 0.089779 0.083164 0.043003 -0.096815 0.086798 0.034803
0.002466 0.411858 -0.008887 0.040510 0.141355 -0.111258 -0.080415 0.066438 0.093926 0.062105
-0.138559 -0.164464 -0.028467 0.030540 0.063270 -0.013511 0.272087 0.156264 -0.045752 0.235001
0.052274 -0.135019 0.085353 0.017087 -0.208538 0.105946 0.028560 -0.163532 -0.157009 0.013406
0.006167 -0.157102 0.051902 -0.107344 -0.003110 0.150580 -0.020011 -0.019090 0.051669 0.028467
-0.159152 -0.100821 -0.068581 0.017495 0.009225 -0.044354 -0.030284 0.007670 -0.056467 0.112935
-0.044540 -0.151977 -0.169589 -0.032730 -0.037948 0.058331 0.349800 -0.083210 0.046660 0.182541
-0.181795 -0.128589 0.205743 0.072308 -0.143964 -0.009062 0.243015 -0.094345 -0.030004 0.237797
-0.005827 0.043376 0.072355 -0.073054 0.162134 0.034104 -0.016493 0.174714 -0.100355 0.046823
-0.044447 0.025695 0.037622 0.055815 -0.048268 0.011921 -0.013639 -0.012370 -0.044866 -0.001768
-0.033289 0.002196 -0.043678 -0.136882 -0.009982 -0.014618 -0.103244 0.211334 0.091457 -0.084748
0.150300 0.079763 -0.080788 0.046916 -0.231833 -0.082605 0.065320 0.159525 0.074917 -0.084701
-0.062804 -0.053858 -0.176204 -0.084748 -0.113680 -0.087217 -0.149928 0.021501 -0.099051 -0.034151
0.013849 -0.166048 -0.077293 -0.011129 -0.076734 0.157941 0.029142 -0.304700 0.084841 0.003497
-0.123837 0.000392 0.005675 0.055908 0.308241 0.188225 0.017739 0.082838 0.216179 0.045309
0.126353 0.355950 -0.070072 0.176111 -0.103337 -0.226429 0.088102 -0.252147 0.094578 0.117967
-0.184032 -0.029888 -0.088801 0.131571 -0.049386 0.089220 0.127005 -0.092715 -0.003812 0.098492
-0.201084 -0.036387 -0.052927 -0.211334 -0.149741 -0.096535 -0.009458 -0.053858 0.043049 -0.045682
-0.148250 -0.055303 0.149555 0.115917 -0.305446 0.091829 -0.032846 -0.212079 0.089873 0.137628
-0.125421 -0.053066 0.128030 -0.093414 -0.208165 0.074032 -0.047312 -0.075430 -0.030260 0.031379
-0.033568 0.017367 -0.121507 0.075010 0.065226 -0.065133 -0.222387 -0.531024 -0.153710 0.032378
-0.035994 -0.026244 -0.062829 -0.104366 -0.157360 -0.082466 0.019619 -0.033831 -0.066209 -0.087332
-0.092605 0.030266 0.067493 -0.002132 0.039982 -0.031465 -0.098485 0.076112 0.118831 0.007258
0.066209 0.099161 -0.089022 0.093889 -0.126199 -0.093483 -0.073881 0.021225 0.043666 -0.049074
0.040962 -0.060362 -0.091456 0.057287 0.053332 -0.052082 0.087332 0.019366 -0.100851 -0.087806
-0.161957 0.073205 -0.114167 -0.174259 -0.062728 -0.006333 -0.124577 -0.078613 0.009886 0.107138
-0.065296 0.044173 0.030722 0.055901 0.014119 -0.071312 0.012007 0.007626 0.044342 -0.047992
-0.008323 0.018031 0.070569 0.050865 0.072867 -0.210084 -0.096796 -0.083615 -0.078815 -0.066682
0.050595 -0.049716 0.026734 0.134378 -0.028086 -0.021022 -0.117344 -0.081114 -0.023438 0.032361
-0.091118 -0.010173 0.084629 -0.006274 -0.010418 0.007203 -0.022864 0.025162 0.044342 0.039712
0.056442 -0.029640 -0.126740 0.041740 0.014296 -0.047756 -0.058131 -0.057827 0.003589 -0.076382
-0.110990 -0.122549 -0.006721 -0.077801 -0.017693 0.005382 0.011221 -0.111058 -0.003859 0.054110
-0.051068 0.031601 0.021275 0.046843 0.069758 0.088414 0.406109 0.196971 -0.099297 -0.268486
-0.328781 -0.064621 -0.066513 -0.206569 0.098080 -0.178720 -0.765713 -0.336892 0.029623 0.001577
0.007321 -0.106529 -0.094565 0.060430 0.027562 0.680814 1.060426 -0.150060 -0.440988 -0.500741
0.074963 0.085237 -0.128633 0.126875 -0.011238 0.162092 -0.164525 -0.129376 -0.114303 -0.002997
0.007009 0.044815 -0.056982 -0.081249 -0.305798 0.004529 -0.073543 -0.140597 -0.154927 -0.105177
-0.069352 -0.021732 -0.015175 -0.049412 0.015175 0.129038 0.113829 0.036941 0.183587 -0.328240
-0.286872 -0.808973 0.341218 0.091929 0.224009 -0.004229 0.157225 0.133905 0.188184 -0.129309
-1.075567 -0.456940 -0.062964 0.118899 0.215492 0.064823 0.141408 0.023422 -0.030435 -0.006307
0.078139 0.038766 -0.023675 0.004288 0.306069 0.464511 0.169122 -0.674865 -0.434769 -0.415031
0.094971 -0.187102 -0.032547 -0.028897 0.082736 0.117006 -0.149114 0.020177 -0.193591 0.016273
0.082330 -0.087468 0.107273 -0.083547 -0.063336 0.262673 0.138839 0.044511 -0.104569 0.001162
-0.055935 0.010055 0.005353 0.014820 0.096120 0.074895 0.061444 -0.091253 -0.099770 -0.098080
0.077328 0.013080 -0.009396 -0.002334 -0.078680 -0.079289 -0.137285 0.042314 0.037245 0.112410
-0.303095 -0.336081 0.082060 -0.082263 -0.156414 -0.061072 -0.016890 -0.049547 0.067460 -0.017076
-0.134513 0.166824 0.036873 -0.012099 -0.056611 -0.099837 0.115857 -0.022746 -0.157631 0.147897
-0.054448 0.069352 -0.154927 -0.090577 0.103150 0.060565 0.158307 -0.055935 -0.095309 -0.066378
0.033696 0.138299 -0.297687 -0.118764 0.003855 0.070907 0.021174 0.047181 -0.106935 -0.140732
0.031060 -0.127619 0.044376 -0.017710 0.125935 0.191890 0.028597 -0.246125 -0.127429 -0.320353
-0.275770 -0.755610 -0.313918 0.097783 0.051793 -0.018557 -0.043692 0.098415 -0.081295 0.049466
0.084972 -0.011275 -0.007591 0.033380 -0.011548 0.043060 -0.060095 -0.054034 0.026141 -0.007045
-0.031340 -0.028482 0.025466 0.017825 -0.073941 0.048375 0.147422 -0.072964 -0.048403 -0.001952
-0.090774 0.035390 0.066300 0.188673 0.222684 0.116111 -0.178101 -0.060554 -0.053402 -0.037286
-0.055843 -0.083765 -0.075090 0.011641 -0.075894 -0.083765 -0.043635 0.009228 0.023771 -0.007512
0.030565 -0.002375 -0.035132 -0.045646 -0.034299 0.021817 0.037976 -0.172931 0.009774 0.036884
-0.138345 -0.044841 -0.095026 -0.124901 -0.044640 0.066127 0.024719 -0.059348 0.009013 0.103988
0.045330 0.064748 0.156385 0.186604 0.043664 0.069057 -0.000831 0.108642 -0.022263 -0.076756
0.044238 -0.016417 0.052339 0.030363 -0.070551 0.019749 0.057423 0.133863 0.064921 -0.020755
0.020553 0.059463 -0.186489 0.014112 0.031512 -0.005968 0.100426 -0.009645 0.017681 0.024274
-0.136506 -0.294155 -0.038895 0.017810 0.038206 0.066702 0.014736 0.096117 -0.097898 -0.019864
-0.016087 -0.016704 -0.320353 -0.186719 -0.523963 -0.406990 -0.477082 0.326328 0.278757 0.263131
0.043520 -0.080548 0.009171 0.208896 0.246354 0.024977 -0.256006 -0.306334 -0.176263 -0.032748
-0.146503 0.083018 -0.014736 -0.286341 -0.304036 -0.033523 -0.006772 0.126969 0.004065 -0.041710
0.070724 0.160176 0.123752 0.089683 -0.061991 -0.073022 -0.112951 0.003756 0.019361 -0.055039
0.022665 0.012589 0.146043 0.081065 0.078077 -0.020740 0.080031 -0.022421 0.106803 0.051707
-0.028266 -0.077560 -0.101116 -0.040734 -0.055326 -0.004122 -0.045358 -0.122603 0.087500 0.386308
-0.074745 0.029344 -0.102035 -0.169599 -0.005918 -0.078882 -0.018988 -0.056045 -0.301738 -0.087500
-0.145239 -0.717462 -0.284503 0.039699 -0.182008 -0.060669 0.001617 -0.024575 0.025997 0.013157
0.061072 0.011167 -0.025279 -0.136506 0.039556 0.373898 0.240379 0.277838 0.355284 0.644842
0.266118 -0.030421 -0.030363 0.006661 -0.149146 0.113468 0.002758 -0.263820 0.049495 0.066012
0.101920 -0.030593 -0.015728 -0.001898 0.059865 -0.013990 0.009307 0.106631 0.029444 0.066874
0.018600 0.002406 -0.015311 -0.018658 0.025164 -0.063312 -0.075837 0.121454 0.012395 0.017580
-0.033351 0.065208 -0.020525 0.054694 0.080203 -0.081754 -0.163968 -0.038148 0.318284 0.080088
0.030076 0.196946 0.271863 -0.071298 -0.462604 -0.500522 0.013279 0.039441 -0.050874 -0.026701
-0.102207 -0.154431 -0.021846 0.017796 -0.005415 -0.056619 -0.320583 0.018284 -0.063657 -0.103529
-0.049064 0.055211 -0.013300 -0.124211 -0.017193 -0.008733 0.029502 0.195452 0.163049 0.012503
0.060497 0.012331 -0.023871 -0.033897 -0.093992 -0.077905 0.024575 -0.063312 -0.019203 -0.004822
0.031512 0.121454 0.002544 -0.192546 -0.107982 0.008749 0.324726 0.307206 -0.420132 -0.018116
-0.462458 0.042390 -0.098962 0.064659 0.016772 -0.106594 0.050261 -0.098962 0.095579 -0.040049
-0.004868 0.009958 -0.028318 -0.012045 -0.039940 0.018517 -0.171123 -0.233137 -0.039940 -0.021922
-0.110844 -0.104860 -0.036059 -0.000510 0.045144 -0.062968 -0.096360 -0.055075 -0.084217 -0.054598
0.019276 0.045274 -0.008787 0.015254 0.065440 0.115528 0.227933 -0.018062 -0.104860 -0.120471
0.025066 -0.099569 -0.087643 -0.081745 -0.129925 -0.064095 0.060886 0.019265 -0.018008 0.053080
-0.066220 -0.063878 0.104426 -0.124201 -0.103212 -0.088380 -0.028925 0.179189 -0.034108 -0.001668
0.056246 -0.220300 -0.044494 -0.011460 0.020360 -0.011557 -0.020924 -0.104773 0.034715 -0.021228
-0.149440 0.147358 0.149440 -0.075544 -0.101130 0.012620 -0.149614 -0.159067 -0.097227 -0.008381
0.054728 -0.042542 -0.286564 -0.122380 -0.039463 -0.008115 0.087340 -0.112232 0.111018 -0.086039
-0.304431 0.078970 0.129665 0.124374 -0.084694 -0.042672 -0.024242 -0.171383 -0.144063 -0.192026
0.000568 0.047573 -0.173118 0.009470 0.100957 -0.071294 0.137905 0.279799 -0.032330 -0.134522
-0.303043 -0.257769 -0.489865 -0.843733 -0.660901 -0.814591 -0.475294 -0.410418 0.198617 -0.114921
-0.017357 0.246841 -0.227239 -0.253953 0.648065 1.348170 0.644596 0.125502 -0.032048 -0.053167
-0.024784 -0.186995 -0.104426 -0.010375 -0.710512 -0.544333 -0.113273 -0.138945 -0.203821 -0.033934
0.126109 0.088814 0.200525 0.263667 -0.117176 0.115701 0.040829 0.059932 -0.079577 -0.011362
-0.028839 -0.262973 0.147532 0.217525 0.225851 0.083957 0.132094 0.139986 -0.043388 0.179883
-0.118563 0.062317 0.058414 -0.006304 -0.077626 -0.074156 -0.101217 -0.109196 0.027299 0.396888
0.984587 0.102605 -0.144149 -0.185607 -0.080661 -0.185434 -0.641473 -0.369480 -0.029381 -0.132007
-0.039810 0.089595 -0.112665 0.030790 0.018713 -0.047139 0.059845 0.096707 -0.005521 0.074850
0.104252 0.128884 0.144236 -0.211801 0.014029 0.000820 0.752144 0.468355 0.225331 0.033045
-0.174592 -0.041241 -0.030660 0.064052 0.020512 -0.033739 0.176674 -0.038488 0.047009 -0.066307
0.034628 0.153170 0.058371 -0.083393 0.010473 -0.015677 -0.015308 0.214403 0.450315 0.278758
0.135389 0.089421 0.128798 -0.080141 -0.040070 0.069906 0.111625 0.119691 0.097661 0.011774
0.000375 -0.017585 0.089074 -0.142935 -0.171210 -0.055422 -0.098355 -0.132354 -0.006402 0.349705
0.170603 0.011470 0.210760 0.337389 -0.077192 -0.119257 -0.015243 -0.120471 -0.042998 -0.018561
-0.045665 -0.044060 -0.031506 -0.109370 -0.170950 -0.020686 -0.254126 -0.173552 -0.088424 -0.049351
-0.097574 -0.058935 0.084044 0.113273 0.007654 0.049871 0.018637 0.016696 0.458294 0.203474
-0.191852 -0.051953 -0.081268 -0.174072 -0.057200 -0.090115 -0.181271 -0.054251 -0.068432 -0.041220
-0.010321 -0.077245 0.057105 -0.050679 -0.076140 -0.047224 0.045428 -0.032594 -0.164992 0.038761
0.531733 -0.028984 -0.109442 0.747301 -0.058867 0.489172 0.435557 0.243343 -0.112966 0.878299
0.095693 0.078903 0.167479 0.118217 -0.171349 -0.069265 0.080285 -0.054410 0.134246 -0.025806
-0.098940 0.050610 0.038139 -0.079663 0.141224 0.119944 -0.095624 -0.148548 -0.108820 0.074067
0.035099 -0.084500 -0.013266 -0.087471 -0.038346 0.109166 0.171763 0.022351 -0.009276 0.150897
0.107231 -0.099355 -0.055239 0.043770 -0.043355 -0.046464 0.003036 -0.019259 -0.028656 0.016668
-0.020054 0.011668 0.022230 0.114209 0.054410 -0.025771 0.084362 0.082565 -0.038933 0.048848
-0.055170 -0.118217 0.066743 -0.083118 -0.132381 0.191800 0.041248 -0.030262 0.045394 -0.081321
-0.210869 0.129479 0.099838 0.164716 0.083671 0.192629 0.178534 -0.003774 0.132381 -0.147581
-0.213633 0.234637 -0.015200 -0.364807 0.233531 0.095554 -0.129064 0.251219 -0.042630 0.031800
-0.096384 0.000751 -0.033510 -0.181989 -0.123399 -0.066605 0.037621 0.000518 -0.300413 0.018638
0.157530 -0.666048 0.209349 0.275954 -0.407644 0.249561 0.052959 -0.175356 -0.020641 0.004759
-0.202578 -0.058072 0.185858 -0.037068 -0.053996 0.239197 0.038346 -0.067572 -0.119944 -0.068505
-0.000076 0.016867 -0.212113 0.023060 0.124435 0.046188 -0.005989 0.005683 -0.073099 0.049815
0.130446 0.100045 0.058417 0.157668 -0.108820 -0.501056 -0.194702 -0.462088 -0.457666 0.068090
-0.029468 -0.135973 0.099078 -0.013913 0.000332 -0.020469 0.029537 -0.166236 0.190556 -0.060594
-0.238506 0.064187 -0.205065 -0.143435 0.044150 -0.225240 0.022455 0.125817 -0.067538 0.187654
0.068332 0.284660 0.128097 -0.101704 0.286318 0.246521 0.038381 0.190556 0.152417 0.111169
-0.133210 -0.038450 0.023146 0.085398 0.018154 -0.124780 -0.020417 0.035030 -0.105642 -0.249699
0.324733 0.016176 -0.281620 0.505202 -0.023854 0.035617 0.482816 0.023768 -0.183371 0.092238
-0.013464 -0.323628 0.218331 0.169967 -0.242652 0.151726 0.005160 0.040523 0.017809 0.207415
0.081874 0.066467 0.105918 -0.060041 -0.029589 0.026428 -0.191247 -0.315613 0.040972 -0.462641
-0.608564 -0.064428 -0.218884 -0.169276 0.012808 0.102533 0.066190 -0.038726 0.120359 -0.083809
-0.006076 0.202025 -0.096522 0.155319 0.016712 0.001371 -0.014898 0.088922 -0.111446 -0.106056
0.071027 -0.058279 -0.094311 -0.032387 -0.030487 0.036895 -0.001986 0.058970 0.082151 -0.012886
0.076900 0.221509 -0.221509 -0.268630 -0.000599 -0.094794 -0.181436 -0.010813 -0.001441 -0.061699
-0.108958 0.116904 0.013136 0.036170 0.082634 0.726297 0.057243 -0.117871 0.228419 0.130170
-0.072270 0.109373 0.042803 -0.376414 -0.342421 0.066398 -0.218469 -0.538919 0.109857 0.057934
-0.114762 0.129686 -0.256746 -0.130031 0.385534 0.021989 0.109926 -0.125402 -0.026201 0.090077
-0.043542 -0.057538 -0.437297 -0.041077 0.237662 0.363593 0.349040 -0.048031 0.032744 -0.094771
-0.077577 -0.002096 -0.010328 -0.034388 0.081979 -0.030603 -0.038173 -0.049381 -0.017003 -0.043161
-0.058359 0.093011 -0.013644 0.013137 0.024250 -0.000472 0.022490 -0.052784 0.032891 0.068423
-0.010974 -0.024133 0.013225 0.011465 0.036559 0.154451 0.095651 -0.235666 -0.060061 0.015888
0.051288 0.075348 0.100053 -0.095534 -0.059562 -0.083680 -0.051787 -0.079749 -0.094067 -0.055748
-0.003132 -0.037234 0.014472 -0.028871 -0.050261 0.095534 -0.016460 -0.091602 0.076169 0.147057
0.148348 -0.026436 0.035268 -0.020304 -0.109970 -0.015199 -0.010372 -0.054926 -0.043483 0.006147
-0.043131 -0.142949 -0.095651 -0.100874 -0.044217 0.024338 -0.042808 0.046183 0.050085 0.069714
-0.008626 0.205387 0.039816 0.066252 0.109500 0.028769 0.134734 0.011223 -0.025688 -0.030632
0.001234 0.004221 -0.083856 0.030251 0.045977 -0.009411 -0.136025 0.004372 0.018793 0.012793
-0.004031 -0.067249 0.012477 -0.109970 -0.055748 -0.063846 0.123936 0.011487 0.019834 -0.017971
-0.080512 -0.102224 -0.115075 0.012932 -0.038847 -0.336130 -0.513584 -0.545037 0.266650 0.584472
0.274397 0.130861 -0.000314 0.012191 -0.023546 0.096121 -0.042544 -0.106860 -0.060736 0.030280
-0.146939 -0.736106 -0.286133 0.059269 -0.193768 -0.181796 -0.089138 0.210199 0.322046 -0.011634
0.103163 0.507011 0.072179 0.022431 0.040989 0.055924 0.004852 -0.117540 0.030133 -0.019424
0.005270 0.025644 -0.020201 -0.051024 -0.035004 0.083504 0.123467 -0.024221 -0.039816 -0.125697
0.057831 0.025673 0.083739 0.088434 0.021976 0.076521 0.067015 0.149991 0.160788 0.028974
0.293175 -0.146587 -0.093011 0.007350 -0.029576 -0.215363 -0.515931 0.155624 -0.124054 -0.046975
-0.027140 -0.211724 -0.601372 -0.318291 -0.216301 -0.195998 -0.371339 0.020289 -0.043865 0.076815
-0.055836 0.009969 0.109618 0.037938 0.066897 0.011612 -0.023473 -0.179097 0.001566 0.401619
0.554426 0.110967 -0.551140 -0.581185 -0.471802 0.086556 -0.092835 -0.133443 -0.051200 0.151869
-0.007284 -0.051611 0.079749 -0.042603 -0.079455 -0.074937 0.010350 0.075817 -0.052667 -0.157620
0.049792 0.065372 0.070360 -0.042984 -0.013746 0.100522 0.034388 0.092189 0.165131 -0.007357
-0.007119 0.100111 0.021874 0.023825 0.045156 0.016284 -0.097353 -0.024500 0.039053 0.022857
0.024412 -0.089607 0.327445 0.444105 -0.061147 -0.559121 -0.486825 0.081568 -0.063259 -0.074233
-0.111320 -0.008861 0.007907 -0.018676 0.036794 0.101226 0.001933 0.011575 0.026480 -0.226160
-0.317117 -0.050789 -0.072589 0.016035 -0.092013 -0.090957 0.027404 -0.207499 -0.156094 -0.120415
-0.040667 0.254679 0.106977 -0.005318 -0.180858 -0.050760 0.025483 0.028079 0.039845 0.027170
0.016636 0.001815 -0.008678 0.020333 -0.052755 -0.039522 -0.059520 0.056337 0.085384 0.132648
0.093432 0.052862 0.081872 -0.016426 -0.011185 0.253883 -0.514496 -0.141574 0.592344 -1.010263
-0.100017 0.364947 -0.467963 -0.054691 0.369630 -0.221397 0.055715 0.212179 -0.114869 -0.068336
-0.073019 0.097675 -0.148818 0.002844 -0.072250 0.011130 -0.000003 0.123868 -0.049130 -0.000957
-0.088237 0.054252 0.126210 -0.033546 -0.084067 0.109016 0.019755 0.018483 0.275978 0.067348
0.020413 -0.064019 -0.206911 -0.222568 -0.096139 -0.075433 -0.186717 -0.095480 -0.134697 -0.093944
0.154232 0.095188 -0.022206 0.133526 0.019992 -0.041924 0.087286 0.026577 -0.069031 0.047045
-0.073458 0.080335 0.048106 0.029449 0.090359 -0.130161 0.057178 0.051033 0.209984 -0.022901
-0.018063 0.077921 0.040863 0.050923 0.036235 0.017505 -0.142745 0.084945 0.058715 -0.026230
0.158622 0.012063 0.016855 0.123429 -0.104626 0.032174 -0.110991 0.002194 -0.175742 0.020706
0.163012 -0.079384 -0.065080 0.030546 -0.073824 0.149110 -0.074006 -0.088164 0.016389 -0.073092
-0.035211 -0.061093 0.113333 0.063471 -0.582979 0.153939 -0.051764 -0.612830 0.429040 -0.016288
-0.551957 0.189936 -0.011578 0.132941 -0.013362 -0.058166 -0.026870 -0.023431 -0.019681 -0.120064
-0.134477 -0.055386 -0.043533 -0.136380 -0.096139 -0.023779 0.045692 0.068665 0.077043 0.248615
0.156427 0.027016 -0.059117 -0.026870 0.033455 -0.012283 -0.006978 0.042472 -0.028059 -0.099285
-0.593807 -0.143184 -0.064495 -1.019042 0.448648 0.061605 -0.567468 0.138209 -0.025260 0.042326
0.113772 -0.013453 -0.003846 0.054215 0.053154 0.027272 0.156719 0.091968 -0.062081 0.088749
0.072141 -0.111211 -0.097602 -0.026266 0.043204 -0.006653 0.066324 0.075799 -0.210423 -0.094822
0.163743 -0.346217 0.010673 0.084798 -0.229007 -0.011542 0.068921 0.035467 0.036272 0.094456
-0.065227 -0.012740 0.046496 -0.187010 -0.326901 0.103675 0.033930 -0.057727 0.188912 0.052020
-0.128331 -0.018017 -0.085823 0.029229 -0.055642 -0.127307 -0.041485 0.027144 -0.046350 0.051179
-0.068958 0.099724 0.114357 -0.074555 0.011075 0.097675 -0.205155 0.041814 0.002373 -0.013289
0.074445 -0.107333 -0.247590 0.041631 -0.109455 -1.017872 -0.177206 0.204716 -0.170328 -0.184522
0.078799 -0.115162 -0.172230 -0.029998 -0.003475 0.036491 0.085749 -0.055459 0.049350 0.024108
0.074811 -0.004262 0.135575 0.039107 -0.174133 0.008958 0.098700 -0.012045 -0.035631 0.042582
0.039509 0.078433 0.028114 0.032833 0.061495 0.062776 0.062373 0.062922 -0.011331 0.000793
0.202960 0.014130 0.151305 -0.013435 0.067312 0.132575 0.017962 -0.120064 -0.263833 -0.056922
0.486108 -0.892028 -0.121747 0.185254 -0.337144 -0.138355 -0.129941 0.294416 -0.132648 -0.804230
0.474987 0.013920 -0.728138 0.123868 0.066141 0.033071 -0.110260 -0.017770 0.084067 0.210130
-0.019974 0.062154 -0.265882 -0.065885 0.018920 0.001740 -0.023362 -0.008807 0.008012 0.057058
0.021290 -0.117862 -0.028089 -0.043290 -0.147271 0.061088 0.015244 -0.101057 0.030090 0.027379
0.006103 -0.055922 0.045760 0.018210 0.091406 -0.014591 0.050103 -0.002519 -0.029494 -0.061429
-0.003864 0.024115 0.231523 0.069888 -0.105372 0.249123 0.101568 0.016251 0.229252 0.083173
-0.064097 -0.368121 -0.053367 0.264565 -0.636319 -0.093279 0.068412 -0.498246 0.034433 0.048712
0.103498 0.027677 0.023263 0.124789 0.031793 0.065176 -0.053963 -0.047718 0.310211 -0.475991
-0.078915 0.436703 -0.342232 -0.028600 0.206316 -0.094869 0.007892 -0.361762 0.050954 -0.016195
-0.292044 0.015769 0.339734 0.035001 -0.116159 0.209381 -0.062338 -0.281143 0.037726 -0.044624
-0.635411 -0.113491 -0.217330 -0.372890 0.103896 -0.040196 -0.004404 -0.071024 0.016322 0.098502
0.089248 -0.036789 -0.076701 -0.138301 0.065403 0.013470 0.014931 0.066198 -0.024285 -0.018409
0.020311 -0.017841 0.106621 -0.012959 0.029806 -0.025946 -0.106053 -0.140345 -0.014988 -0.176453
-0.231296 -0.013626 0.012966 0.009616 0.057199 0.026627 -0.030090 0.093563 0.118771 -0.040934
0.006845 -0.047463 -0.022156 0.048911 -0.000505 0.096118 -0.139550 0.065176 -0.021020 -0.080278
-0.036392 -0.070967 -0.032276 0.020935 -0.038209 -0.044709 0.042211 0.154197 -0.097935 -0.064438
-0.097480 -0.055922 -0.036222 -0.141480 -0.072273 0.101341 0.097140 0.091803 0.031907 -0.039855
0.054190 -0.001621 -0.059839 0.179291 -0.059556 0.001552 0.117862 -0.029026 0.115591 -0.191554
0.132850 0.361081 -0.505967 0.093506 0.144092 -0.484166 0.040849 0.114002 -0.047434 0.083514
0.002200 -0.037045 0.023235 0.061883 -0.040366 0.085728 -0.010290 0.049308 0.065971 -0.025775
0.006529 0.013775 -0.032588 0.074146 -0.024200 -0.112696 -0.003231 0.017231 -0.079370 0.032900
-0.006107 0.092257 -0.192917 0.080959 0.019346 0.045277 0.100603 0.062167 -0.035597 -0.031708
-0.015783 0.077950 -0.106905 0.118203 -0.163054 0.018267 0.299084 -0.093222 -0.006518 -0.004467
-0.195756 -0.109573 0.668567 -0.201206 -0.145681 0.684918 -0.343367 -0.298402 0.597259 -0.177134
-0.076474 0.020751 -0.039600 0.019033 0.101341 0.054020 -0.106110 0.085671 0.009126 0.041530
-0.063132 -0.055525 -0.013292 -0.011674 -0.082379 0.015613 -0.024186 -0.049535 -0.056064 0.005071
0.141594 -0.312028 0.018409 0.194052 -0.247306 0.005032 -0.012668 -0.051692 0.033525 0.032787
-0.070399 0.027975 -0.027876 0.035256 0.075963 -0.028458 0.043886 -0.030885 -0.026088 0.033809
-0.069548 -0.022241 -0.045788 0.038379 0.034632 -0.057483 -0.130807 -0.044539 -0.064665 -0.122063
0.033951 -0.091973 -0.058988 -0.016620 -0.083344 -0.035966 -0.013349 -0.037045 -0.114002 0.074487
-0.069491 -0.143297 0.027904 -0.043034 -0.114683 0.123767 0.053310 -0.145454 -0.168845 -0.189170
-0.071365 -0.027138 0.013290 0.028377 -0.002241 0.038174 -0.145854 -0.006380 -0.086144 -0.297737
-0.075362 -0.155825 0.135303 -0.126840 -0.092753 -0.254839 0.398838 0.084695 0.871415 0.082028
-0.102086 -0.185854 -0.159651 -0.255766 -0.220752 -0.023522 0.055884 -0.122202 0.032985 0.195013
-0.008188 -0.089970 0.140057 -0.052753 -0.064521 0.339476 0.210317 -0.044579 -0.089217 -0.140869
-0.164173 0.088405 0.054145 0.163245 -0.144927 0.043797 -0.166724 0.450316 0.308404 0.167883
0.326027 -0.292636 -0.019855 0.585735 1.949668 0.842661 -0.046550 -0.095825 -0.086724 -0.131941
-0.201274 -0.257621 -0.098666 -0.236752 -0.249506 -0.095594 -0.164405 0.071014 -0.283129 -0.312346
-0.217274 -0.046927 -0.356403 -0.298201 -0.026985 -0.063304 -0.187245 0.008956 -0.007522 -0.325563
-0.115304 0.285679 0.567648 0.094202 0.016652 -0.123477 0.102376 -0.562547 -0.921501 0.275708
0.263882 -0.038000 -0.202318 -0.118492 -0.047217 0.264346 0.094550 0.290549 0.112289 0.044579
-0.409736 -0.051507 -0.040840 -0.086724 -0.127419 -0.074144 -0.045072 -0.144231 0.026493 0.015942
0.090028 -0.267592 -0.188173 -0.075536 -0.086550 -0.044608 0.300288 0.074086 0.157912 -0.247651
-0.234665 0.152579 0.060695 0.146202 0.130898 0.021739 0.110666 0.142376 -0.107536 -0.193738
-0.261563 -0.296810 -0.303766 -0.196752 -0.159303 -0.293563 -0.343650 0.021710 0.008123 0.186202
-0.041043 0.300752 0.466084 0.042811 0.162202 0.051449 -0.344809 -0.210317 -0.150376 -0.461446
-0.375186 -0.133796 -0.131593 -0.012239 -0.033246 -0.102376 0.000516 0.029797 0.190607 0.122202
-0.099999 0.009580 -0.095767 0.259245 -0.079652 -0.113796 0.043275 -0.187825 -0.421794 -0.140637
0.010406 -1.386657 -0.769850 -0.127188 -0.167999 -0.121970 -0.030637 -0.118956 0.139245 -0.029449
-0.124173 0.040608 -0.082376 -0.058405 -0.091362 0.030319 -0.156057 -0.234549 -0.249506 -0.182144
0.071130 0.020101 0.114318 0.054145 -0.195245 -0.288694 0.008638 0.262027 0.301679 -0.408809
0.105507 0.049304 0.010355 -0.113391 0.189564 0.048898 0.041652 0.272694 0.055333 0.174492
0.079942 -0.136811 -0.039594 -0.500403 -0.378664 0.000860 0.050261 0.040435 -0.344809 -0.104927
-0.045217 -0.686836 -0.126144 0.210317 0.671996 0.598257 -0.322780 -0.096579 -0.009891 -0.029797
0.018725 -0.195477 -0.195013 -0.055826 -0.101043 -0.216346 0.036811 -0.078028 -0.214839 -0.217158
0.053333 0.058840 -0.053130 -0.321157 -0.022130 0.126956 0.014080 -0.022739 0.132057 -0.179361
-0.069565 -0.322780 -0.456577 -0.103478 -0.117333 0.025971 0.035043 -0.550953 -0.905733 -0.250665
-0.053159 0.783763 0.335070 -0.010797 -0.229680 -0.043971 -0.129970 -0.175187 0.258085 0.134956
0.391881 0.303302 0.080753 -0.074898 -0.235361 0.044145 0.096811 0.282665 0.044174 0.093391
-0.234317 0.224346 0.055536 0.107593 -0.114782 -0.588054 -0.330201 0.510142 1.231760 1.964509
-0.141501 -0.276518 -0.041690 -0.098916 -0.025777 -0.053817 0.084051 0.300437 0.033447 0.095563
0.189003 -0.079860 -0.064547 0.043311 0.077680 -0.084442 0.021823 -0.008858 0.035655 0.114340
-0.022312 0.003341 -0.039427 0.031268 0.109311 -0.074495 0.056583 0.024939 0.007978 0.045351
-0.021418 -0.072762 -0.087348 -0.045351 -0.076674 -0.006762 0.094893 -0.113893 -0.027258 -0.263777
-0.161843 -0.105790 0.043115 0.141724 0.067732 -0.013790 -0.592827 -0.144518 -0.041187 -0.304684
-0.039734 -0.188556 -0.175367 -0.139600 0.289037 0.086733 -0.050520 -0.018302 0.078295 0.098078
0.047055 0.067285 0.022773 0.203533 -0.268024 -0.202080 0.092713 0.206327 0.146866 0.099531
0.065944 -0.077568 0.072371 0.103778 0.013419 -0.016249 -0.013231 -0.039734 0.082933 0.025078
-0.105287 -0.211468 -0.849003 -0.370852 -0.183191 -0.489105 -0.397677 0.140271 0.194703 -0.022158
-0.242093 -0.123282 -0.273165 -0.125741 -0.135241 -0.151001 -0.008970 0.035683 -0.033363 0.086286
0.397453 -0.076562 0.029256 0.141053 -0.095004 -0.014202 0.137253 -0.003881 -0.081536 0.182855
-0.008585 0.023164 0.106461 -0.054795 0.144518 0.238964 -0.049849 -0.143959 -0.233599 -0.287919
-0.215604 -0.378229 -0.214263 -0.163966 -0.167655 -0.207221 0.158042 0.032693 0.062759 -0.040321
-0.039678 0.038141 0.040125 -0.152230 -0.089248 -0.121047 0.018400 -0.068347 -0.041550 0.001848
0.010157 -0.083883 -0.058511 0.052448 0.183973 0.191350 0.029368 -0.009417 -0.038896 0.123953
0.007817 -0.083883 0.182744 0.022102 0.112385 -0.021390 -0.059406 -0.042277 -0.000388 -0.131777
0.041774 0.063038 0.497152 0.741257 0.076562 -0.261318 0.019294 0.246117 0.276966 0.118252
0.328603 -0.107523 0.054152 0.075500 -0.125182 -0.027956 0.012895 0.026811 0.015480 -0.025707
-0.086342 0.005994 -0.023094 0.074606 -0.208339 0.042053 0.105958 -0.145971 0.013880 0.145636
0.374205 0.208451 0.037890 -0.158490 0.031184 0.108808 0.098357 0.207556 0.007705 -0.459597
-0.253494 -0.255059 -0.255059 -0.195821 -0.072539 -0.214598 -0.079804 -0.143512 -0.059462 -0.105287
-0.082542 -0.159160 0.034174 -0.072874 0.070471 0.070415 0.047279 -0.081592 0.077680 -0.102325
-0.101040 -0.015871 -0.192691 -0.018163 0.026070 0.797589 1.725725 0.222422 -0.325697 -0.347380
-0.193585 -0.056220 0.168661 0.181961 -0.102661 -0.185314 -0.035683 -0.008292 -0.135800 -0.011079
-0.052169 -0.169778 -0.007999 -0.215269 -0.154242 -0.104672 -0.084107 -0.061753 -0.060803 -0.130882
-0.106014 -0.222869 -0.260200 -0.446185 0.124400 -0.042137 -0.272718 -0.160725 0.026322 -0.271824
0.003164 -0.050408 -0.032525 -0.104561 -0.080810 -0.007503 -0.017254 -0.104393 -0.121382 -0.048704
-0.021152 -0.059741 -0.015033 -0.103443 -0.002235 -0.023360 0.025986 0.080977 -0.062200 0.100034
-0.018428 -0.163631 -0.052951 0.004680 -0.122947 -0.164413 -0.125070 -0.356993 0.089753 0.072715
0.032675 -0.123774 0.016887 0.060018 -0.203689 0.110748 0.096293 -0.147298 -0.435738 -0.076397
-0.169613 -0.551818 -0.020432 -0.434199 -0.139164 -0.152355 -0.220287 -0.131029 0.044767 -0.288001
-0.003521 -0.003504 -0.017203 -0.062437 0.004854 0.045399 0.048092 0.109649 0.008897 0.138174
-0.018041 -0.005290 0.084531 -0.007365 -0.067218 0.025873 0.023922 -0.160159 -0.073374 -0.014455
-0.117179 -0.097173 -0.044712 -0.094205 -0.099316 -0.053203 0.056391 -0.112507 -0.133558 -0.011102
-0.023263 0.012449 0.016722 -0.000893 0.028278 -0.085906 -0.091841 -0.095359 -0.071505 -0.013143
0.075902 -0.100141 0.021559 0.058974 -0.044492 0.018536 0.046086 -0.048889 -0.019676 0.071231
-0.185112 0.028965 0.035670 -0.253045 0.065515 0.035450 -0.053725 0.049411 -0.023853 0.076012
-0.057765 0.026231 -0.033774 -0.049218 -0.085301 -0.010697 0.005211 0.024060 0.029130 -0.162138
0.017739 -0.048889 -0.097228 0.100580 -0.045096 -0.053835 0.027426 -0.239634 -0.007234 -0.003724
-0.063591 0.013809 0.104977 0.098822 -0.036934 -0.019099 0.426944 -0.090412 -0.150266 0.583036
-0.226883 -0.249967 0.209075 -0.338346 -0.024142 0.158400 0.058534 -0.025846 0.101899 0.023235
-0.153674 0.165765 -0.006080 -0.113991 -0.094205 0.026121 -0.006352 0.043640 0.034214 0.048421
0.037786 0.036495 -0.008299 0.073374 0.018275 0.065240 0.078266 0.057930 -0.093765 0.091017
0.036247 -0.079365 0.589632 0.220837 0.016695 0.891703 -0.149387 -0.190938 0.620410 -0.278547
-0.103219 0.017437 0.066449 -0.026519 0.041936 0.028800 -0.097722 -0.028278 0.052186 -0.053973
0.103328 0.057490 -0.006506 0.202919 0.079805 -0.003961 -0.001646 -0.063151 0.010374 -0.200501
-0.061338 -0.008402 -0.057710 -0.208965 0.020336 0.004064 -0.115970 0.026753 0.005493 -0.065295
-0.032428 -0.167964 -0.090248 0.012401 0.107286 -0.029185 -0.026327 -0.052626 -0.446071 0.044437
0.186101 -0.438157 0.006681 -0.070626 -0.181814 -0.053533 0.091677 -0.083872 -0.061228 0.111078
-0.075518 -0.041084 0.093545 -0.037264 0.028415 -0.082003 -0.050125 -0.023235 -0.007331 0.045069
-0.047762 -0.081838 -0.037512 -0.022163 0.317020 0.006657 -0.069967 0.764631 0.114980 -0.023180
0.189948 -0.020460 -0.001579 -0.094095 0.049163 -0.036962 -0.152245 0.099536 0.010924 -0.012215
0.008210 -0.145979 -0.047762 0.078706 0.044876 -0.217320 0.039518 0.086895 -0.198193 0.028415
0.136855 -0.004108 -0.026574 -0.032400 -0.085906 -0.035643 -0.017244 0.006637 0.033334 0.008141
0.080244 -0.029130 -0.117619 0.138834 0.187530 0.000582 -0.035753 0.008856 0.033857 -0.228642
0.071890 -0.026835 -0.280526 -0.457723 -0.118278 -0.116629 -0.290419 -0.158290 0.373521 -0.221716
-0.150926 0.767708 -0.084586 -0.059084 0.278767 -0.012023 -0.103988 0.061283 0.036577 0.012202
0.251506 0.029982 -0.154443 -0.127292 -0.005754 0.056941 0.015993 0.021103 0.083851 0.023448
-0.068901 0.005611 0.012025 -0.156560 -0.144936 -0.417814 -0.034631 0.007400 -0.396971 -0.058159
-0.240973 -0.231032 -0.151590 -0.087699 -0.037938 0.010331 -0.086737 -0.100766 0.000742 0.012786
0.131789 0.041445 0.040022 -0.090024 0.031043 -0.008417 -0.047457 0.128823 -0.023668 -0.061566
-0.033007 -0.118883 0.138844 -0.031845 -0.046014 0.390879 0.065574 0.035633 0.240011 -0.011133
-0.007550 0.014039 0.077879 0.059602 0.008748 0.038018 -0.049662 -0.000140 -0.070785 -0.043329
0.102930 -0.011473 0.001602 0.175399 0.002205 0.033148 0.069462 -0.000954 -0.009454 0.105576
0.089062 0.008973 -0.000301 -0.067137 0.040423 0.019550 -0.095636 -0.048459 0.160729 -0.075514
0.045333 0.240973 -0.042968 -0.061005 0.048299 -0.026534 0.038358 0.017786 0.018077 0.073190
0.082649 0.093631 0.118883 0.034470 0.027576 0.009399 -0.372602 0.102049 0.122090 -0.668887
0.132832 0.147742 -0.299653 0.044731 -0.001483 0.067057 0.000607 0.048459 0.096838 -0.029701
0.046936 0.041164 -0.107259 -0.095395 -0.313761 -0.008001 0.019129 -0.252997 -0.010421 0.017255
-0.247867 -0.001566 -0.146860 -0.087138 -0.035092 0.007991 0.044451 0.030502 -0.033268 0.061486
0.049501 -0.007069 0.010421 -0.051826 -0.054752 -0.010511 0.009570 0.034951 0.046094 0.106297
0.061165 -0.050143 -0.038719 -0.064772 -0.018738 -0.013007 -0.024390 -0.007881 -0.070063 -0.035553
0.068059 -0.008442 -0.005857 -0.032326 0.109504 0.140848 -0.079523 0.089142 0.071787 0.120486
0.017586 0.058800 0.074753 0.053309 0.022326 -0.084894 0.037697 -0.045333 0.034210 0.116959
0.081246 -0.022586 0.041805 0.010992 0.011023 0.075234 0.004374 0.025492 0.015271 0.044371
0.023067 0.044651 -0.004770 -0.021664 0.048820 -0.032727 0.001229 0.021003 0.024911 -0.028158
-0.054071 -0.024049 0.045573 0.063129 0.027616 -0.334444 -0.095074 -0.107500 -0.388314 -0.001625
-0.141970 -0.417493 -0.091226 -0.131549 -0.007074 0.056636 0.093311 -0.008598 0.072188 0.080244
-0.041605 -0.075114 -0.013908 0.019600 0.101648 -0.014710 0.002974 0.008583 0.019931 -0.043489
-0.059321 -0.039340 0.087779 0.005526 -0.011894 0.311517 0.076757 -0.012335 0.023849 -0.014299
0.086497 -0.019199 -0.060925 -0.045814 -0.016614 -0.016343 0.127861 0.070745 0.096517 0.195760
0.270152 0.003367 0.000844 0.286185 -0.143333 -0.199448 0.271275 0.042046 -0.099964 0.044170
-0.014730 0.015391 -0.035893 -0.047457 0.001668 -0.003522 -0.061325 -0.037757 0.064332 0.024089
0.021684 -0.049221 0.089303 0.037136 -0.096036 -0.032587 -0.022646 0.005481 -0.084252 0.013037
-0.241454 -0.034250 -0.143093 -0.112069 -0.034951 -0.099804 -0.118883 0.082168 -0.010882 -0.140607
0.034851 -0.036475 0.169947 -0.100766 0.044571 0.045092 -0.009234 0.028679 0.024189 0.000233
0.027937 -0.031464 -0.010471 -0.115757 0.033176 -0.079188 -0.062752 0.040548 -0.009074 0.010495
0.026909 -0.095493 -0.103213 0.032026 0.072292 0.064877 0.025023 0.023440 0.123248 0.063142
0.151610 0.036536 0.002126 0.121600 0.074330 0.061624 0.031376 -0.014018 -0.020166 -0.163232
-0.102259 0.037902 -0.161758 -0.195323 0.028037 0.004123 -0.298536 0.086126 0.009844 -0.351443
0.006310 0.126370 0.291771 0.097402 0.142763 0.509645 0.019569 -0.111019 0.288995 0.098182
-0.010359 0.004491 0.101738 -0.100004 -0.110758 0.016458 -0.025066 0.088511 0.197752 0.237996
0.231925 0.251180 -0.030855 0.108156 0.073767 -0.001874 0.055596 -0.087124 0.043193 -0.330974
-0.073723 0.045925 -0.194803 0.012349 -0.060930 0.035322 -0.001735 0.082960 0.355607 -0.024676
0.125937 0.420830 -0.071728 0.190813 0.134697 0.083741 0.053037 -0.058675 0.028644 0.050002
-0.022637 -0.044841 0.084348 0.071338 0.072206 0.061884 -0.147880 0.076455 0.030574 -0.264016
0.006630 0.009270 -0.190987 -0.017162 0.046879 0.105208 -0.064833 -0.032568 0.041545 -0.223425
-0.193068 -0.266098 -0.031723 -0.052647 0.047833 -0.021759 0.066047 0.042825 -0.047313 -0.024502
0.074417 0.019049 -0.014723 0.145105 0.065614 -0.005407 -0.077540 0.069387 0.006874 -0.043388
-0.044169 -0.043605 -0.035300 -0.050002 0.013932 0.010999 0.030769 0.157508 -0.016696 -0.014474
-0.015439 0.004117 0.021748 -0.065267 -0.053645 -0.079621 -0.068866 -0.053384 -0.059109 -0.000989
-0.144931 -0.022128 -0.069864 -0.145452 -0.127064 -0.083915 -0.203650 0.064573 0.001077 0.191160
0.137386 0.176069 0.066047 0.066221 0.115355 -0.108937 -0.019493 0.110585 0.030335 0.023093
0.031744 -0.033804 0.000730 0.005649 0.000730 0.054122 0.050739 0.011167 0.028253 -0.061060
-0.013314 0.016328 -0.000153 0.048701 0.072206 0.025131 0.010083 0.020827 -0.070861 -0.006364
0.051650 -0.076846 -0.081182 0.032135 0.075631 0.162885 0.042564 0.104514 0.060713 -0.060540
0.028579 0.052474 0.012273 -0.014842 -0.151003 0.042413 0.093759 -0.036623 -0.001203 0.023223
-0.073073 -0.089075 -0.128192 -0.158202 -0.057027 -0.205558 -0.122467 0.035539 -0.215272 -0.160630
-0.012479 0.030248 -0.055206 -0.059282 0.042391 -0.048961 -0.075458 0.026996 -0.035669 0.007876
-0.028817 -0.022963 -0.007530 -0.032872 0.038033 0.040179 -0.017694 -0.056377 -0.067305 -0.010988
-0.265751 -0.188732 0.056637 -0.454483 -0.175028 0.020849 -0.197925 -0.001420 -0.039854 -0.045188
0.005882 0.005936 -0.057764 0.047920 -0.018030 -0.090636 -0.013064 -0.027820 -0.023852 -0.010381
0.004364 0.008928 -0.018322 0.002487 -0.120646 0.025738 -0.017683 0.006521 0.083221 -0.194456
0.049872 -0.034260 -0.041849 0.038054 -0.022312 -0.044082 -0.190119 -0.045318 -0.060106 -0.043822
-0.046229 -0.066308 -0.012164 0.000251 -0.038661 -0.040027 0.023895 -0.074330 0.024567 -0.034693
-0.044277 0.005188 0.188237 0.113937 0.000800 -0.017942 -0.123802 -0.063279 -0.162641 0.002455
-0.018453 -0.225386 -0.068256 -0.158375 0.080476 0.088786 -0.102650 0.226097 -0.297552 -0.103450
-0.277111 0.014387 0.004260 0.019141 -0.042260 -0.080609 -0.186637 -0.119714 -0.094474 0.236407
-0.394248 0.017919 -0.059768 -0.423754 -0.024485 -0.291509 0.589417 0.073055 0.166462 0.290620
0.005560 -0.033817 -0.098562 -0.094829 -0.110382 -0.423754 -0.062746 0.073810 -0.065678 0.011765
0.464637 -0.324037 -0.183971 0.016142 0.265913 0.136778 -0.247960 0.433708 0.225031 0.042926
0.043238 -0.110649 0.216676 -0.053414 -0.009971 0.415222 0.148865 -0.121847 -0.304662 0.058480
-0.099451 -0.393893 -0.123091 0.156064 0.285999 -0.227697 0.249205 0.139089 -0.148332 0.067056
-0.130290 -0.208855 -0.168595 -0.398514 -0.325637 0.035794 -0.084831 -0.280311 -0.154286 0.043126
-0.000855 -0.189125 -0.380739 -0.092519 0.044593 0.175439 0.134734 -0.290442 0.148776 -0.067500
-0.101406 0.567020 0.415222 -0.005471 -0.016220 0.236229 0.115182 -0.258981 -0.056391 -0.205123
-0.508008 -0.170462 -0.069011 -0.184326 -0.065278 -0.056347 0.204945 -0.157042 0.043260 -0.193036
0.089230 -0.091185 -0.091097 0.099629 -0.217743 0.098118 0.018086 -0.038594 0.036394 0.102828
-0.085586 -0.093496 -0.029573 0.100428 0.156864 0.205656 0.115270 0.125847 0.049770 0.013520
-0.048303 -0.009321 -0.009710 -0.028307 -0.055013 -0.111449 -0.613946 -0.234629 -0.146999 -0.615724
0.040127 0.168329 0.244583 -0.063590 -0.011576 0.176594 0.092607 0.084742 0.028418 -0.130646
0.141133 0.273556 0.215254 -0.284577 -0.295775 -0.590483 -0.137222 -0.073899 -0.068745 -0.161308
0.118914 -0.010159 0.069633 0.025263 0.274978 0.056258 0.089052 0.060701 0.026885 -0.024396
-0.015242 -0.045282 -0.030151 0.007060 0.008326 0.016197 0.031239 -0.211699 -0.078076 -0.095807
-0.037461 -0.227164 -0.181571 -0.005030 -0.056791 -0.036216 0.039216 0.129935 -0.141488 0.171795
0.069189 0.056702 -0.137667 0.191436 0.181304 0.017231 0.216854 0.012254 -0.055058 -0.554578
-0.355499 -0.000165 -0.208322 0.151265 -0.125224 0.054525 0.431931 0.034306 -0.383583 0.137134
0.010276 -0.058035 0.217210 0.118914 0.309106 0.050570 0.116515 0.180060 0.325104 -0.414867
-0.087408 0.204767 -0.048392 -0.124958 -0.155975 0.073055 0.626033 0.111982 -0.135090 -0.091808
-0.017242 -0.065367 -0.278356 -0.235340 -0.273201 0.263602 0.185570 0.198013 0.170373 0.058702
0.124247 -0.040238 -0.024418 0.094296 -0.087319 -0.121136 -0.049103 0.193036 -0.024129 -0.000432
0.152864 -0.012320 0.094740 -0.059368 0.032395 0.070122 -0.199790 -0.107005 -0.119181 0.048970
-0.299508 -0.100517 -0.421977 0.086919 -0.175350 -0.017186 0.027440 0.049592 0.262536 0.133934
-0.005738 -0.013242 0.066700 0.045371 0.083142 -0.093674 -0.312661 -0.133223 -0.096696 -0.027129
-0.139827 -0.269658 0.081921 -0.136780 -0.289163 -0.142509 0.064184 0.097525 0.141656 0.060771
-0.100146 0.047330 -0.057144 0.052420 0.018728 -0.066683 -0.040717 -0.174936 0.036755 0.109289
0.010004 0.022263 0.036206 0.016092 -0.019398 0.007600 -0.107583 -0.020008 -0.028740 0.044923
-0.060070 -0.006686 -0.043277 0.102097 0.053273 -0.068451 -0.104962 0.048732 -0.032793 0.074546
-0.145801 -0.007219 -0.164209 -0.104108 -0.091857 -0.005973 0.107400 0.022324 -0.053548 -0.319640
-0.210655 0.095697 0.089967 -0.066622 -0.009806 0.083994 0.126539 -0.049464 -0.017509 0.104474
-0.069792 0.004652 0.024351 0.120871 0.120688 0.061593 -0.065708 0.047666 -0.032884 0.108863
0.138852 -0.010111 -0.014461 0.071011 0.206876 0.084725 0.075521 -0.047544 0.047818 -0.014758
-0.078508 0.057692 0.151286 0.056290 -0.026911 -0.172376 -0.133732 0.002071 -0.020907 -0.017356
0.049616 -0.077898 0.072778 0.026850 -0.139583 -0.049982 0.030385 0.013516 0.201756 0.006613
-0.024732 0.012374 -0.018697 -0.061746 -0.083019 0.011711 0.031041 0.156406 -0.000520 -0.047087
0.056931 -0.037212 -0.091613 0.064611 -0.009989 0.030568 0.093442 0.292089 0.428137 0.329149
-0.246008 -0.546630 -0.297209 0.071620 0.020800 0.051353 0.038614 -0.452031 -0.031757 -0.129343
-0.492991 -0.207364 -0.116726 -0.327686 -0.126539 -0.014728 0.400586 0.375961 -0.148117 -0.246739
-0.509083 0.154090 -0.060892 -0.036694 0.207729 0.264050 -0.091369 -0.048306 -0.047544 0.018149
-0.008693 -0.061868 -0.021151 -0.065647 -0.068938 -0.128490 -0.068207 -0.361332 -0.546143 -0.071498
-0.076801 -0.088200 -0.203097 -0.017966 -0.068695 -0.002703 0.064062 -0.026164 0.028800 -0.020450
-0.121297 -0.060953 -0.430087 0.286481 0.080702 0.149945 0.005234 0.081739 0.099415 -0.067536
-0.077411 -0.036572 -0.032580 0.196758 0.528100 0.355480 0.046233 -0.127393 0.161039 0.089784
0.248812 -0.136901 -0.063148 0.103255 0.054431 -0.022202 -0.097647 -0.028160 -0.500793 -0.117884
-0.190906 -0.316470 -0.729491 -0.421798 -0.202609 -0.066317 -0.100390 -0.039620 0.356456 0.153603
0.030934 -0.028740 -0.057235 -0.013867 -0.130806 -0.101914 0.305255 0.159820 0.058424 -0.211996
0.003663 0.067293 -0.050195 -0.016930 0.078325 0.062142 -0.050530 -0.020709 0.072352 -0.000890
0.003579 -0.050896 -0.050774 -0.134707 -0.041113 -0.121297 0.013600 -0.133122 -0.042637 -0.083750
-0.059673 0.070218 -0.042180 0.175790 -0.268927 -0.367427 -0.051140 -0.056443 -0.104048 -0.021395
-0.124955 -0.175058 -0.092649 0.030995 0.097343 -0.143850 -0.130075 -0.035262 -0.048915 -0.126417
-0.077228 0.081799 0.396929 0.081434 -0.190540 0.054431 0.121480 -0.059765 -0.180178 -0.032214
0.042210 -0.075338 -0.044953 -0.478119 -0.233330 0.091064 -0.199318 -0.069182 0.040869 -0.106120
-0.044283 0.145801 -0.212971 -0.092527 0.097099 -0.165428 -0.209680 -0.001024 0.019733 0.028783
0.079204 -0.008586 -0.068964 -0.019546 -0.053381 -0.098529 -0.034397 0.008829 -0.038547 0.020345
-0.061138 0.073012 -0.123910 0.045046 0.214478 0.014443 -0.064575 -0.077163 -0.033988 -0.078116
-0.177597 -0.047597 -0.155959 -0.159770 0.077707 0.033172 0.009365 -0.051986 -0.014043 -0.043719
-0.036472 -0.068317 0.099142 0.152557 0.026810 -0.083151 -0.234891 -0.115336 -0.102136 -0.109688
0.118126 0.106967 -0.162900 -0.009458 -0.294771 -0.154462 0.146161 0.707668 0.132075 0.017003
-0.271227 0.067705 0.014255 -0.001162 -0.043515 0.006966 -0.080293 -0.034941 0.026333 -0.045352
-0.156640 -0.122889 -0.045488 -0.021043 0.052735 -0.261021 -0.227951 0.039262 -0.110505 -0.027881
0.071175 -0.057192 -0.187396 0.010853 0.086009 0.107103 0.064200 0.005588 0.179775 -0.001671
-0.037969 -0.150379 -0.096284 -0.355467 -0.781701 0.251902 0.541094 0.415619 -0.101319 0.015029
0.110301 -0.054912 0.047257 0.217472 -0.039296 -0.131871 -0.158681 -0.147113 -0.145072 -0.066310
0.113159 0.181272 0.083627 -0.306475 -0.330154 0.027388 -0.115064 -0.029651 -0.039738 -0.090976
0.001412 0.180047 0.051646 0.030620 -0.064643 0.029123 -0.016680 0.032474 0.008829 -0.038854
0.247820 -0.066344 0.013907 -0.043957 -0.071719 0.061615 -0.022064 -0.092609 -0.005120 0.042154
-0.136090 -0.014978 -0.123297 -0.095807 -0.085533 0.029293 0.004814 0.170657 -0.029055 -0.047291
-0.033002 0.026333 -0.126019 -0.315457 -0.159497 -0.431949 -0.325527 -0.014000 0.026163 -0.051782
-0.072876 -0.094923 0.009798 0.053245 0.034516 0.015897 0.002241 -0.017624 0.057192 0.048312
-0.043855 0.092269 0.074986 -0.147113 -0.925412 -0.527212 -0.342130 -0.269186 -0.152965 0.053585
0.072332 0.048210 0.075054 0.151876 0.115540 0.049333 0.088050 -0.110097 0.066140 0.048822
0.054538 0.030535 -0.020056 0.066004 0.006452 -0.006205 0.053449 -0.113703 -0.003270 -0.073489
-0.134593 -0.146161 0.085396 0.020873 0.123434 -0.235300 -0.081654 0.063384 0.023935 -0.001552
0.139628 0.172970 -0.000832 0.129081 0.000473 -0.025449 -0.023782 -0.157048 0.098121 0.160722
-0.045590 -0.070154 -0.069406 -0.148202 -0.323622 -0.148882 0.029327 0.345941 0.292866 0.003668
0.175012 -0.034482 -0.116357 -0.055933 -0.132416 -0.127652 0.092881 0.216791 0.057770 0.012690
-0.432494 -0.335053 -0.054946 0.217880 0.106558 -0.133708 -0.020090 0.084308 0.175148 0.018831
0.009152 0.048516 -0.003574 -0.105470 0.028902 -0.000284 0.011210 -0.054606 -0.052293 0.019546
-0.200460 -0.182497 -0.133504 -0.548442 -0.146841 0.105334 0.336414 0.494279 0.129353 0.131871
-0.039160 0.111526 0.116357 0.122073 -0.137383 0.001789 -0.137791 -0.003398 0.159089 0.082539
0.027218 -0.130238 -0.047223 0.065595 0.135614 0.052531 -0.006558 -0.124726 -0.222371 -0.235163
0.334237 0.172834 0.752850 -0.023935 -0.041678 -0.210939 0.040527 -0.017660 0.063623 -0.022141
0.029406 0.091333 -0.045205 -0.057330 0.005935 -0.056408 -0.057165 -0.097857 0.035024 0.015140
-0.106357 0.063525 -0.040065 -0.034167 0.218250 -0.003754 0.019588 0.015313 -0.012965 -0.056638
0.078351 0.003558 -0.064183 0.029275 0.093508 -0.049719 -0.187411 0.628392 -0.088499 -0.213637
0.440718 0.002928 -0.174758 -0.359797 -0.106555 -0.173309 -0.283883 -0.053047 -0.568821 0.210606
-0.092256 0.290737 -0.097198 -0.023591 0.283883 0.128301 -0.108268 0.076967 0.068599 -0.113738
-0.061679 -0.244082 -0.082766 -0.122700 -0.119800 -0.132387 0.019242 0.251067 -0.069851 -0.248431
0.100493 -0.136670 -0.288364 0.246849 -0.142205 -0.209684 0.166455 -0.040823 -0.025535 -0.091992
-0.044316 -0.249749 -0.387737 -0.049258 -0.125995 -0.120064 -0.087643 0.042438 -0.187542 -0.097725
0.081712 -0.064249 -0.069982 -0.007512 -0.057627 -0.005832 -0.000942 -0.029736 0.012471 -0.013319
-0.117692 0.019802 0.007286 0.003373 -0.047347 0.059933 -0.060197 -0.135879 -0.051301 -0.057363
-0.042701 -0.063063 -0.038648 -0.122898 -0.006157 -0.102997 0.027973 -0.017627 0.023921 -0.058648
-0.156044 -0.040757 -0.064908 -0.065337 0.108862 -0.156175 0.183589 -0.141019 0.025782 0.197427
-0.219305 0.090674 -0.084084 0.053475 -0.013163 -0.060526 0.160656 -0.016952 0.134561 0.012825
-0.151036 -0.047775 -0.097989 -0.097725 -0.020757 -0.188201 -0.061745 -0.079867 -0.170936 -0.083294
-0.130410 -0.168037 -0.103326 -0.057627 -0.068928 -0.070575 -0.248563 -0.131728 -0.053146 0.072157
-0.051037 -0.012611 0.183589 -0.467604 -0.222731 0.114199 -0.731718 -0.062207 0.100954 -0.173704
-0.026491 0.043327 -0.042569 -0.083887 0.033130 0.011244 -0.000091 0.090147 0.007611 -0.008517
0.060296 0.043657 0.036770 -0.011812 0.042767 -0.058385 0.031433 -0.061218 -0.097330 0.071564
-0.043426 -0.052388 0.157493 -0.048269 -0.116374 0.012529 -0.019818 0.039901 0.025551 0.000023
-0.066490 -0.091662 -0.001275 -0.009357 -0.134429 0.160525 -0.144446 0.190705 0.105501 -0.081053
0.081053 -0.088236 -0.121777 0.778637 0.084216 0.126588 0.692707 -0.381674 0.000319 0.408824
-0.612577 -0.058780 0.063821 0.067248 0.069455 0.081448 0.015329 0.059109 -0.057495 -0.042306
-0.037298 0.002292 -0.022125 -0.072948 -0.108466 -0.053640 -0.099570 -0.094760 0.025403 0.014580
-0.178976 0.154858 0.061646 -0.258447 0.133441 0.090147 -0.049719 -0.139701 0.176208 0.034069
-0.033278 -0.063129 0.016828 0.041614 0.043294 0.116308 0.044876 0.009679 0.168432 0.079076
0.066688 0.122832 0.017792 -0.044876 0.001525 -0.114924 -0.038978 0.118680 -0.015263 0.066095
0.117824 -0.077758 0.015733 -0.057923 -0.022965 -0.181480 -0.010585 0.002496 0.030477 -0.059439
-0.082503 0.020856 -0.136275 -0.041153 0.025568 -0.003068 0.018616 -0.097461 -0.152881 -0.054596
-0.137856 -0.083162 -0.047215 -0.038187 -0.003026 -0.003701 -0.022599 0.017922 0.062930 0.010877
0.011359 0.017089 0.031917 0.032560 -0.008687 0.002923 -0.036511 -0.163655 0.045555 0.005087
0.040581 0.018505 0.011787 -0.041318 -0.004204 0.016149 0.025991 -0.007111 -0.036368 -0.050744
-0.031108 0.019529 0.013650 0.036511 -0.018815 -0.046983 -0.088016 0.013781 -0.031965 -0.049792
0.138331 0.114340 0.011538 -0.152231 -0.123289 -0.190884 0.023658 0.017875 0.015590 -0.059931
0.163179 0.150422 -0.000851 -0.408614 -0.064072 -0.007319 0.070927 -0.061787 -0.008366 0.032298
-0.035154 0.026776 0.039295 0.000803 -0.017625 0.008039 -0.015721 0.020909 -0.002753 -0.065833
-0.065643 0.070118 0.012555 -0.050268 -0.072545 0.005855 -0.187361 -0.088397 -0.047031 -0.009943
-0.009181 0.068737 0.033988 -0.034964 -0.056265 -0.197072 -0.260477 -0.415850 -0.068404 0.114911
0.230964 -0.135094 -0.126811 0.097774 0.093823 0.108723 0.228870 -0.085207 -0.096108 -0.127287
0.047530 0.130144 0.160704 -0.112245 0.010330 -0.004382 -0.262191 -0.213637 -0.010312 -0.045936
-0.008777 0.209639 -0.044865 0.101487 -0.057551 -0.090110 -0.079686 0.000173 -0.027442 0.022147
-0.024206 -0.107675 -0.174128 -0.045412 0.016161 -0.014173 0.058027 -0.019850 -0.066881 0.084017
0.004998 -0.011067 -0.017482 -0.003847 -0.012424 -0.059788 0.007384 0.048006 -0.003213 0.017482
0.043437 -0.041985 -0.127573 0.017279 -0.016684 -0.114530 0.036154 0.122337 0.016149 -0.029132
0.079924 0.050363 0.025443 0.026800 -0.081018 -0.033583 0.060835 0.020028 0.044341 -0.043889
0.012591 -0.093728 -0.043199 0.001168 0.027014 0.032488 -0.005578 -0.369391 -0.146614 -0.254004
-0.307508 -0.187837 -0.031941 0.074497 -0.069975 -0.027228 0.000723 0.116434 0.038915 0.066309
-0.057503 0.071450 -0.065453 0.035939 0.029204 0.027847 0.021230 -0.016994 -0.011413 0.014828
0.019267 -0.169843 0.005528 -0.025943 -0.016815 0.038081 0.037653 0.179078 -0.000641 -0.154420
-0.038653 0.077401 0.029109 -0.141378 -0.018815 -0.048697 -0.015768 -0.055028 -0.090539 0.096346
-0.040723 0.008384 0.033940 0.050839 -0.010437 -0.009633 0.061073 0.013364 -0.103677 -0.106914
0.122527 0.045817 -0.045555 0.076687 -0.057931 -0.176698 -0.054457 -0.027918 0.013959 -0.184600
-0.201451 -0.101678 0.097346 -0.203355 -0.089587 0.016268 -0.128715 -0.143662 -0.002648 0.066928
0.099678 0.020326 -0.022885 0.047031 0.068404 0.009009 -0.003487 0.096584 0.033321 -0.002487
-0.032798 0.015102 0.024087 0.004174 -0.012097 -0.020659 -0.286373 -0.203736 -0.097679 0.276281
0.424228 -0.102725 -0.031893 -0.066262 -0.231726 0.036368 -0.043651 -0.072260 0.068928 0.023837
0.100440 -0.150136 -0.099678 0.061978 -0.174508 -0.082304 -0.049696 -0.079828 -0.000811 0.021992
0.028918 0.010627 -0.035035 0.381577 0.420420 0.589502 0.197643 0.085874 0.296845 -0.038320
-0.116625 -0.148899 0.032379 -0.136723 -0.041024 0.039569 0.035668 -0.001578 0.146772 0.250967
-0.003095 0.067337 0.193184 -0.059800 -0.080064 0.098708 -0.063205 -0.090510 -0.147037 -0.019553
0.151004 0.295660 0.011851 0.015719 -0.043139 0.018710 0.057651 0.023702 0.054808 0.056296
0.186044 0.159863 -0.043470 -0.087865 -0.017305 -0.051866 -0.040660 0.006773 0.023107 0.261942
0.186837 -0.094476 0.016545 0.019355 0.161846 0.196093 0.027305 -0.047635 -0.478398 -0.057618
-0.027999 -0.288784 -0.114311 -0.157747 -0.214869 -0.141351 -0.032561 -0.029602 -0.087204 -0.149417
-0.083039 -0.137781 -0.057287 0.018661 -0.008810 0.053221 -0.135930 -0.275826 -0.126343 -0.052362
-0.095600 0.005149 0.067767 0.011338 -0.141483 0.016842 0.016876 -0.029107 0.022694 -0.023024
0.004996 -0.016214 -0.010586 0.040726 0.094080 0.326337 0.029388 -0.207994 -0.471258 0.008318
-0.136723 -0.083105 0.016801 -0.093419 -0.218307 0.012190 0.140029 0.040957 -0.045023 0.034776
0.018380 -0.353576 -0.198605 -0.137120 0.289313 0.465969 0.042941 0.034313 0.083303 -0.074510
0.125484 0.158276 0.063370 0.025255 0.041156 -0.063403 0.036924 -0.011305 -0.040528 -0.190407
-0.193449 -0.211696 -0.061453 -0.191597 -0.132293 0.042147 0.008235 -0.031404 -0.051139 -0.107633
-0.167796 0.066014 0.064957 0.045651 -0.042412 0.008223 -0.055701 0.002969 -0.059502 -0.058345
-0.067767 -0.062213 -0.086873 0.123633 0.011000 -0.041519 0.199531 0.079006 -0.218836 0.073254
0.071006 -0.100228 0.120724 0.039668 -0.020065 -0.029834 0.047073 0.135533 0.083898 0.012405
-0.054907 0.068229 0.044230 0.008347 0.208258 1.080562 0.598196 0.225183 -0.005558 0.065287
0.052957 -0.307032 0.103798 -0.045090 0.043503 -0.068097 -0.006975 -0.013214 -0.028908 -0.087799
-0.059106 -0.078543 0.020760 -0.043866 -0.051040 -0.054114 -0.056296 -0.045189 -0.120129 -0.140293
-0.135136 0.006442 0.161978 -0.070543 0.048263 0.051998 0.089452 0.051536 -0.044660 0.115368
-0.083568 -0.170573 -0.248455 0.018446 -0.019768 0.047569 -0.019289 -0.083700 -0.012000 -0.074642
0.066907 0.008190 -0.032511 0.105848 0.055701 -0.058676 0.038908 0.119732 -0.043371 -0.163169
0.025074 0.014181 -0.066709 -0.148491 -0.006896 0.010314 -0.005380 -0.387426 -0.704507 -0.700805
0.051205 0.559057 0.399591 -0.104922 0.001810 0.364947 0.154177 -0.002372 -0.151797 -0.057287
-0.097452 -0.041784 0.139368 0.133087 0.110873 -0.022627 -0.073122 -0.039933 -0.018958 -0.066213
-0.062841 -0.019206 -0.031173 0.002977 0.048726 -0.011776 -0.117616 -0.140425 -0.433706 -0.076361
0.060064 0.020016 -0.009115 -0.047205 -0.127467 -0.103732 -0.080262 0.002114 -0.072064 -0.111005
-0.088196 -0.085749 0.116889 0.113187 -0.097584 -0.110344 -0.079931 -0.102873 0.058610 0.014801
0.004487 -0.393508 -0.373145 -0.583916 -0.248852 -0.455391 -0.247265 -0.088658 -0.000564 -0.084625
-0.182519 -0.061492 -0.084063 0.035352 0.203132 0.121142 -0.098572 0.173537 -0.077384 0.223745
0.367112 0.156725 0.090108 -0.035064 0.264624 -0.073296 -0.289728 0.003991 0.170313 0.547213
0.018209 -0.009493 0.094772 0.062989 0.096960 0.011400 -0.003107 0.197259 0.066559 0.039699
-0.007183 -0.206587 0.043931 0.061550 0.035727 0.110490 0.054641 0.007050 0.097420 -0.153270
0.023923 0.027738 0.253339 0.489636 0.451865 -0.054900 -0.129318 0.090914 0.204744 -0.434362
0.057750 0.004315 0.076232 -0.083084 0.072547 -0.013466 -0.089302 0.239981 0.084926 -0.014769
0.058498 -0.105078 -0.068517 -0.274758 -0.000569 -0.139106 -0.079169 0.153731 0.175034 -0.064141
0.025679 0.159719 0.029652 -0.210156 -0.181944 0.051791 -0.264394 -0.199562 -0.093505 -0.127015
0.252648 0.141640 -0.213035 0.358360 -0.082796 -0.246200 0.300322 0.062529 0.063508 0.123445
0.144634 0.128397 0.197144 -0.097593 -0.027594 0.001806 0.023031 0.007125 0.164671 -0.010314
-0.019605 -0.070877 0.070129 0.048480 -0.041830 0.061838 0.204168 0.105999 -0.015517 -0.187471
0.258867 -0.077844 -0.060629 0.251497 0.154767 -0.109051 -0.050063 0.045025 -0.009587 -0.023650
0.186089 0.055792 0.102372 0.108475 0.000784 0.267388 -0.027061 -0.003233 -0.097881 -0.115730
-0.129088 -0.146016 0.072029 -0.055504 0.090396 -0.018338 0.165592 -0.066905 -0.017187 0.249194
0.223399 0.132658 0.165246 0.148894 0.017028 0.072317 0.144173 -0.226854 -0.214302 0.064429
0.084466 -0.011616 0.085732 0.148204 -0.209926 -0.087057 0.227660 -0.044939 -0.109857 -0.026802
0.334178 0.428143 0.009529 -0.223054 0.079629 0.079744 -0.200829 -0.038634 -0.103581 -0.034460
0.006629 -0.031869 0.126670 -0.035525 -0.088669 0.027061 0.054871 -0.022973 -0.103869 0.078765
-0.023794 -0.023290 -0.030084 0.197835 0.248273 0.038087 0.038375 -0.174459 0.226048 -0.057721
0.225357 0.067711 -0.086078 -0.203478 0.109339 -0.068747 -0.242745 -0.047789 -0.110433 -0.298249
0.118609 -0.067020 -0.025190 0.101105 0.160295 0.074102 0.090338 0.286504 0.304468 0.142446
-0.163749 -0.116075 0.061550 -0.243436 -0.011825 0.171465 -0.209811 -0.093505 -0.169392 0.048883
0.012372 0.004790 0.234684 0.028198 -0.033625 0.008557 -0.001997 0.032330 0.035064 0.132427
0.295716 -0.088957 0.131967 0.254261 -0.201405 -0.060571 -0.079169 -0.040074 0.166858 -0.001965
0.288807 0.194841 -0.126670 -0.122063 0.081126 0.046781 0.026198 0.138761 0.161216 0.050553
0.106806 0.112333 -0.004275 -0.018050 0.135191 0.156840 -0.003662 0.009169 -0.030401 0.136458
0.009961 0.184592 0.591432 0.144864 -0.307692 -0.229618 0.320820 0.013012 -0.111527 0.149816
-0.043442 0.042377 0.178835 -0.097593 -0.204053 -0.001759 0.255642 0.059420 -0.233072 0.038202
-0.038893 0.068862 0.038749 -0.112678 0.078305 0.012149 -0.042003 0.010637 0.011941 -0.005474
-0.113815 0.041436 0.232568 0.081638 -0.011719 0.279946 0.060418 -0.055711 -0.025676 -0.050580
0.164202 -0.014632 -0.074694 0.033836 -0.231797 -0.031521 -0.108799 -0.150622 0.022088 -0.049153
-0.137427 0.005315 0.022358 0.075967 0.024364 0.023361 0.380567 0.019426 -0.022570 0.265594
-0.114201 0.136424 -0.452482 0.173307 -0.255100 -0.412666 -0.121223 0.100080 0.221303 0.086499
0.170221 0.201240 0.098923 0.080944 -0.030904 -0.069871 0.233031 0.166517 -0.007297 0.150930
-0.145452 0.059917 -0.151316 -0.324701 -0.223155 0.056097 0.246458 0.121686 0.140436 -0.020004
-0.145529 -0.304175 -0.390135 -0.186579 -0.054940 -0.299854 -0.328713 0.039970 -0.214667 -0.240593
0.242754 0.273773 -0.267292 -0.035128 0.178709 0.168986 0.137658 0.326861 0.307416 -0.014680
0.032177 -0.506187 0.293836 0.352171 -0.342294 -0.027509 0.113969 -0.068212 -0.242137 -0.220685
0.017227 -0.040356 0.011382 -0.138198 0.187968 0.161270 -0.194759 0.402172 0.109494 -0.017709
-0.097611 -0.187968 -0.010687 0.310040 0.190901 0.253711 -0.312663 -0.006347 0.097302 -0.003952
-0.065434 -0.141285 0.304793 -0.043481 0.058759 -0.095527 0.101855 0.106253 0.023149 0.125698
0.272539 0.085805 0.164974 -0.074115 -0.008859 0.046645 -0.055364 -0.123383 -0.178246 -0.155792
-0.088737 -0.158801 -0.013301 0.084493 0.048651 0.158801 0.081561 0.087117 0.088737 -0.065087
0.124155 0.038196 -0.150004 -0.252013 0.096762 -0.173153 0.106485 0.060496 -0.040395 0.037482
0.060380 0.083953 0.104324 -0.146686 -0.073498 0.047108 0.126393 -0.124618 0.536127 0.593536
0.035784 -0.129325 -0.354640 0.132720 0.095913 -0.009226 0.121917 0.331491 0.130868 -0.010041
0.077240 0.132180 -0.089046 -0.039044 -0.107102 -0.011603 -0.205099 0.013735 0.051352 0.025753
-0.018162 -0.059300 0.100620 0.117365 -0.239513 -0.259267 -0.166054 -0.089972 -0.017477 0.088506
-0.065395 0.084725 0.123538 -0.009669 0.035302 0.088814 -0.016899 -0.193215 0.179789 -0.116902
-0.034627 0.135806 -0.122380 0.208648 -0.042478 0.181795 -0.071067 -0.094061 -0.273928 -0.216364
-0.099000 -0.616685 -0.380875 -0.105018 -0.096916 0.097071 0.189975 0.010542 0.016715 -0.043365
-0.150930 0.007789 -0.001561 0.034492 -0.181332 -0.105636 -0.050117 -0.314052 -0.539213 0.254483
-0.025059 -0.565449 0.172073 0.044137 0.340442 0.142211 -0.172690 -0.033932 0.218216 -0.115744
-0.204636 0.146146 0.156718 0.073420 -0.207259 -0.036672 -0.068945 -0.172690 -0.005580 0.081484
-0.008083 -0.178400 -0.078706 0.194604 0.257569 -0.046452 0.063968 0.010610 0.006660 0.037636
-0.116130 0.066206 0.106639 -0.131099 0.004594 0.130559 -0.136964 -0.047532 -0.172073 0.155792
0.132643 -0.162196 -0.018982 -0.095142 0.154634 0.077703 -0.208648 -0.149927 -0.352171 -0.152165
-0.058644 0.141902 0.178863 -0.314670 -0.151856 0.030036 
