0.156206 -0.019985 -0.022245 -0.314672 0.127888 0.130995 0.457884 -0.339811 0.257048 -0.206768
0.532174 0.392351 0.178945 0.148862 0.189114 0.403085 0.023604 0.251116 0.159878 0.113694
0.225129 -0.003394 -0.237416 -0.016719 -0.319756 -0.147167 0.298853 0.040852 0.194057 0.156206
0.084105 0.262980 0.145896 0.451387 -0.039581 -0.051974 0.077397 0.393763 -0.162420 0.254364
-0.093215 0.380487 0.323993 -0.515508 0.018184 0.072877 0.293769 -0.002485 0.122804 -0.035238
0.182334 0.019755 -0.127112 -0.231908 -0.650246 0.225411 0.050033 -0.063026 0.095263 -0.257048
-0.122098 0.155782 -0.015121 0.134173 -0.000176 0.052552 -0.609625 -0.545504 0.058554 -0.131559
0.051565 -0.077388 0.093892 0.234690 0.103289 -0.223003 0.211789 0.296442 0.055553 0.204524
-0.179729 -0.338610 -0.007290 -0.352508 0.290756 0.044853 0.396414 -0.247324 0.064634 0.302443
-0.054092 0.243692 0.125715 0.019377 0.101867 0.259327 -0.025210 0.103684 -0.085758 -0.071623
0.325975 -0.289335 0.087969 0.152564 0.058080 0.125794 -0.165831 -0.069807 -0.229320 -0.113318
-0.274805 0.115766 -0.022881 -0.203103 0.319026 -0.137876 0.464010 -0.393571 -0.255063 -0.119951
-0.026829 0.042445 -0.035772 0.030580 -0.071899 0.275595 0.036266 0.194101 -0.238984 0.172405
0.007530 0.135450 0.145223 -0.284185 -0.112239 0.313657 -0.066045 -0.101320 -0.508509 -0.078796
-0.117431 -0.033691 0.126593 -0.031839 0.131709 0.102924 0.289682 -0.679845 0.029071 -0.122470
0.135603 -0.019222 0.272885 -0.056768 0.033767 0.406808 0.040696 -0.190577 -0.163395 -0.012932
-0.015490 0.034111 0.100251 0.120485 0.423911 0.302357 0.246772 -0.037394 -0.259294 0.170419
0.028518 0.122088 0.429103 -0.150644 -0.407418 0.201266 -0.099106 0.015022 -0.029243 0.576311
0.180040 -0.856373 -0.062075 0.267387 -0.045621 -0.052531 0.090936 -0.244787 0.160494 -0.242191
-0.167518 -0.127891 0.149078 0.013029 0.047542 -0.198595 -0.399560 -0.609480 -0.091923 -0.024709
-0.150790 -0.049616 -0.093964 0.001525 -0.049188 -0.086128 0.095807 -0.166725 0.306321 -0.035228
0.025219 0.021499 0.155531 -0.014931 -0.039409 0.077897 -0.155004 0.104499 0.199385 -0.013087
0.034142 -0.988760 -0.059526 0.064596 -0.463827 0.063444 0.456452 -0.040957 0.174626 -0.028051
0.016379 -0.233494 -0.029911 -0.045994 -0.024940 -0.034208 -0.237576 -0.111018 -0.087182 0.188454
0.331606 0.041978 -0.011663 -0.087379 0.096005 0.037895 0.027261 -0.293415 0.222563 -0.087906
-0.151843 -0.038916 0.139596 0.042274 0.053468 0.047706 -0.013294 -0.133740 -0.562348 0.386597
-0.066014 -0.110629 -0.058596 0.192585 0.016182 -0.119260 -0.336382 0.060486 0.065015 -0.025482
0.226109 0.350077 0.163198 0.482461 -0.086021 0.648797 -0.109488 0.015683 -0.060843 -0.167763
0.105850 -0.149931 0.058203 0.283314 -0.062198 0.050678 -0.075251 -0.094652 0.054316 0.070793
0.045471 0.065836 0.095508 0.505001 -0.032133 -0.119117 -0.052069 0.011457 0.189161 0.000559
0.011145 0.090515 -0.334955 0.197435 -0.044081 0.081385 -0.065622 -0.901583 0.119331 0.214126
-0.079887 0.235810 0.056456 0.094581 -0.022219 -0.081456 -0.229390 -0.196151 0.288449 -0.062804
-0.012118 -0.107742 0.027317 0.015333 -0.471669 0.264777 -0.133858 0.119613 0.030695 -0.020901
0.158165 0.209831 0.063763 0.046042 0.072356 0.123231 -0.075295 -0.049179 -0.018584 0.012705
-0.088353 -0.116221 -0.046494 -0.102033 -0.038241 -0.020732 -0.212432 -0.027359 0.051723 0.628590
-0.131597 0.084113 -0.221815 0.176028 -0.748881 -0.034567 -0.093441 0.057121 0.186090 0.118595
-0.092988 0.067268 0.065007 0.045138 0.114978 -0.259802 -0.005324 0.024759 0.065346 0.125492
-0.057348 0.123909 -0.065572 0.021325 0.040220 0.215823 0.084340 0.000172 0.033041 0.029988
0.032758 0.008416 -0.049547 0.046862 0.118406 0.155295 -0.079146 -0.010119 -0.282128 0.059827
-0.198114 0.043037 -0.064540 0.067536 -0.047281 -0.091567 -0.013084 -0.166655 0.050340 0.026512
-0.000654 0.095686 -0.067723 -0.104175 -0.081330 0.051276 0.214717 0.034423 0.089070 -0.075713
0.008146 -0.091504 -0.048030 -0.049091 0.019771 0.096747 -0.078646 -0.647646 -0.014340 0.070407
0.045346 -0.002641 0.010689 0.063635 0.250045 -0.168403 -0.130078 -0.022111 0.427436 -0.130328
-0.044566 -0.037419 -0.076087 0.889826 -0.105486 0.123462 -0.390984 0.106609 0.054366 -0.061793
0.054990 -0.096248 -0.149178 0.105174 -0.115597 0.141064 -0.123462 0.091130 0.117889 -0.148126
0.041043 0.189933 -0.035831 0.013863 0.004261 0.098569 -0.083832 -0.007525 0.054551 0.075154
0.080612 -0.011966 0.088799 -0.007934 -0.018270 0.330090 0.024342 -0.112322 -0.007743 -0.082359
-0.115488 0.035558 -0.101570 -0.007757 -0.190042 -0.574164 -0.033757 -0.074390 -0.155330 -0.008603
-0.157295 0.076683 0.121273 -0.040006 0.138192 -0.309132 -0.192880 -0.120618 -0.113196 0.037577
-0.013549 -0.043390 -0.032283 0.005048 -0.079630 -0.016060 -0.099660 0.242110 0.062383 0.328998
0.011400 0.672405 0.022063 0.187968 -0.041070 0.117343 -0.017451 -0.046419 -0.150090 -0.015432
-0.015923 -0.003810 -0.376967 -0.066342 -0.100058 -0.149860 -0.070068 0.265731 0.071794 -0.236467
0.318259 -0.098695 -0.124595 -0.117507 0.035602 -0.421679 -0.242284 0.138863 -0.062843 0.148769
-0.072158 -0.113962 -0.045190 0.083836 0.473298 0.192300 0.177123 -0.042372 -0.049984 -0.056527
0.158402 -0.452214 -0.308989 -0.251190 -0.311170 -0.324075 -0.262641 0.005089 -0.000179 0.062116
0.447125 -0.187211 0.119324 0.018108 -0.145497 -0.078792 -0.096332 -0.380238 0.091833 0.120233
-0.407865 -0.528189 0.019391 0.138045 -0.041645 -0.198298 0.037692 -0.953140 0.028809 -0.070204
-0.167127 -0.116689 -0.577991 -0.289904 0.411864 -0.081110 -0.777228 -0.040717 -0.098066 -0.063484
-0.398350 0.646608 0.143601 -0.427962 0.404232 0.115509 -0.263268 -0.143601 -0.183253 -0.069924
0.015491 -0.259008 0.305658 0.070735 0.465282 0.232844 -0.044191 -0.138936 0.253532 -0.051340
0.076668 0.041376 -0.876207 0.071344 0.054509 0.130721 0.515583 0.111858 -0.527347 0.129707
0.565884 0.131228 0.111351 0.320667 -0.026748 -0.100399 0.240551 -0.127679 0.392468 0.131532
0.748427 -0.195524 0.041174 -0.225745 -0.545601 0.170982 0.068809 0.121188 0.268136 -0.003163
-0.397538 -0.967884 0.181326 0.249273 0.189236 0.000732 0.100297 0.133764 0.198364 -0.144716
0.431935 -0.164914 -0.004931 0.025542 -0.087503 -0.063460 0.005339 0.143662 -0.071237 -0.017052
-0.328166 -0.283999 -0.220004 -0.150667 -0.466129 0.135113 0.491062 -0.030840 -0.054734 0.170969
0.131789 0.021178 0.056990 -0.084772 0.089581 0.002580 0.053072 -0.080439 0.106322 0.101454
0.077945 -0.061442 -0.022366 0.035441 -0.061205 -0.116710 0.064766 -0.122409 0.035559 -0.127871
-0.037904 0.091302 0.228671 -0.123122 0.094567 0.046482 0.011865 0.117541 -0.613590 0.201364
-0.057316 0.081567 -0.033719 0.009817 -0.090946 0.046542 0.209081 -0.007910 -0.081507 -0.103888
0.058058 -0.140337 -0.250992 0.066904 0.175775 -0.026694 -0.086398 -0.013198 0.474056 -0.224873
-0.058214 0.062981 0.004000 0.005292 0.140501 -0.026888 0.114522 -0.015894 0.080261 -0.165288
-0.192816 -0.109874 0.093369 -0.032652 0.106537 0.082584 0.030224 0.134304 -0.044152 -0.042305
-0.143003 0.084908 0.041918 0.394451 0.058572 0.018233 0.701193 -0.229282 -0.018680 -0.093131
-0.077043 -0.027796 0.050498 0.208070 0.203541 -0.024176 0.306742 -0.083717 0.022538 -0.031312
-0.046297 -0.099745 -0.137283 -0.080261 -0.044063 0.148723 0.044480 0.114403 0.097540 -0.804155
-0.201635 0.030597 0.067331 -0.069476 0.111304 0.047698 0.182448 -0.140143 -0.288782 0.048808
-0.028074 -0.163456 -0.139942 -0.432664 0.062313 -0.207180 0.150619 -0.006343 -0.045440 0.297425
-0.054591 -0.202605 0.243151 -0.218493 -0.180234 0.017747 -0.055481 -0.158881 -0.000749 0.006657
-0.177311 -0.187606 -0.264123 -0.001874 0.065840 0.096218 0.100158 -0.065268 0.069272 0.015022
0.227390 -0.123164 0.118017 -0.422241 -0.150873 -0.173244 -0.170320 0.118970 -0.002052 0.089418
0.126977 -0.031744 -0.319795 -0.180743 0.038068 0.071051 -0.146424 -0.113123 -0.127041 -0.294374
0.112424 -0.060629 0.116746 0.261835 -0.073848 0.157737 -0.267682 -0.145916 0.211248 -0.081410
-0.019304 0.036415 -0.181529 0.073596 -0.292553 0.249975 -0.125788 -0.269890 -0.050619 -0.269203
0.061635 0.036197 -0.000842 0.100150 0.201559 -0.186565 -0.133228 -0.284312 0.048988 -0.034652
0.113713 -0.011431 0.122698 -0.081265 0.091337 0.003280 -0.268746 0.169969 0.008527 -0.201330
-0.000628 -0.144674 0.007833 0.092024 -0.129222 -0.351613 0.059518 0.128307 0.070334 0.022849
-0.199613 0.044667 0.025796 -0.106216 -0.168252 0.087789 0.191830 -0.032878 -0.034766 0.016482
-0.062894 -0.493997 0.059747 0.050590 0.031619 -0.271493 -0.068503 -0.216896 0.005684 0.025266
0.353902 -0.186909 0.036483 0.039917 0.147192 0.284770 0.222381 -0.048001 -0.217079 0.093853
0.040084 -0.138415 0.060216 -0.260782 -0.129316 -0.126594 -0.209772 -0.712421 0.114701 -0.036646
-0.076802 0.239575 -0.472273 0.112050 0.116922 0.078234 -0.280985 -0.244590 -0.078951 -0.103525
0.231838 0.007361 0.552800 -0.104026 0.158905 -0.019057 0.231408 -0.027350 -0.073506 0.007514
0.055094 0.030825 0.023965 0.029696 0.052837 0.091417 -0.104957 -0.100229 0.329273 0.026204
0.051476 -0.126450 -0.061291 -0.066413 -0.723311 0.185699 -0.025953 -0.038544 0.030825 0.073721
0.134689 0.308066 -0.317523 0.177246 0.015144 -0.030556 0.027636 -0.000680 0.479724 -0.107393
0.022783 -0.085411 0.019544 -0.085362 0.063068 -0.085313 0.004632 0.347121 -0.110883 -0.028576
-0.150973 0.028699 0.064046 0.003138 -0.001830 0.309378 0.145595 0.003337 -0.009992 -0.012510
-0.134644 0.023724 -0.014887 -0.053975 -0.033148 0.094114 0.030825 -0.010114 0.046299 -0.021756
-0.085607 -0.060917 0.053339 -0.424759 0.119586 -0.001329 0.086438 -0.092745 0.083016 0.070695
-0.085118 0.045566 0.054610 -0.048352 0.225091 0.052117 -0.346143 -0.007847 -0.044906 -0.487338
-0.033465 0.163000 0.132199 0.324631 0.099932 -0.025301 0.067371 0.017613 0.537402 -0.131417
-0.085216 -0.179916 -0.028185 0.288844 0.119229 0.025646 0.051659 0.098764 0.146759 -0.007249
0.076625 0.027400 0.036245 -0.017246 0.120590 -0.080812 -0.159007 0.017664 -0.097979 0.201506
0.497432 0.325759 -0.056945 0.185386 0.032921 0.061813 -0.041976 -0.136396 -0.314873 -0.045352
-0.018751 -0.027609 -0.045587 0.124358 -0.069768 0.115251 0.264208 0.191876 -0.054119 0.037082
-0.065738 0.221290 -0.280957 -0.075316 0.034308 0.080445 -0.404478 -0.072856 -0.031508 0.170521
-0.010226 -0.040903 0.347951 0.115984 0.062127 -0.087197 -0.124044 0.028525 -0.006385 -0.075159
0.115251 0.042133 -0.038365 0.136501 -0.063226 0.006297 0.080288 0.091803 -0.069294 -0.029270
-0.062920 0.062849 -0.060178 0.237295 0.015249 -0.014706 -0.001111 -0.131182 0.085247 0.013789
-0.038956 -0.617024 -0.021846 -0.197129 0.096499 -0.242138 0.148274 -0.021703 -0.067514 -0.025264
-0.022896 0.190292 0.094291 0.340702 0.054125 0.087454 0.058327 0.115443 -0.109674 -0.146280
-0.033988 -0.211942 0.068155 -0.050956 -0.398245 -0.259230 0.085389 0.026368 -0.004999 0.083822
0.028825 -0.128831 -0.222054 -0.034558 -0.244274 0.060926 -0.037994 0.514756 -0.285438 0.051241
-0.163087 0.269485 0.000698 -0.059359 0.046113 0.148559 -0.741226 -0.053484 -0.053520 0.486269
-0.228322 0.676846 -0.858419 -0.255500 -1.132303 0.961219 0.204475 0.396944 -0.623930 -0.467478
-0.277448 -0.431086 0.723728 -0.365428 -0.200723 -0.060545 -0.299959 0.246495 0.649067 -0.177180
-0.206914 -0.146697 -0.193219 -0.219857 -0.523756 -0.193595 0.571029 -0.216293 -0.120528 -0.422081
-0.778130 0.235427 0.377997 1.016747 0.298083 -0.679082 -0.183465 -0.260565 -1.127801 -0.959719
-0.168645 -0.356049 -0.179338 0.093233 -0.710222 0.311215 -0.613049 -0.602544 -0.212541 -0.057122
-0.468229 -0.485862 0.350609 0.844913 0.534636 -0.440090 -0.143601 -0.622429 -0.349108 0.005299
-0.071660 -0.785634 -1.077526 0.219857 1.112043 0.248934 -0.084155 -0.005107 -0.115805 -0.255718
0.469434 -0.529777 -0.171120 0.433938 -0.141096 -0.204397 0.008777 0.056276 -0.410274 0.010177
0.016121 0.276720 0.262374 0.051543 -0.357326 0.008024 0.029469 -0.232646 -0.034017 -0.320646
0.210018 -0.130965 -0.192861 -0.025827 -0.025143 0.156330 -0.398146 -0.058790 0.470025 0.218300
0.371228 -0.121647 0.155295 -0.032353 0.083489 -0.104491 -0.089553 0.025309 0.107967 0.208982
-0.231907 0.082898 -0.190495 -0.123274 -0.133701 -0.002514 -0.168014 0.120834 -0.260451 -0.084303
-0.214750 -0.131926 -0.110851 -0.159584 -0.052504 0.018543 -0.174965 -0.148565 -0.016805 0.040044
0.054820 0.310257 -0.397347 0.518650 0.047263 0.393264 -0.272544 0.188467 0.051175 -0.097636
0.346415 -0.159016 -0.257187 0.023631 -0.057639 -0.376741 0.340777 0.386655 0.058708 -0.371686
-0.157364 -0.136855 -0.495322 -0.514373 0.465774 0.170486 -0.223167 0.393653 -0.074308 -0.063422
0.564528 -0.110612 0.018492 -0.276238 -0.084611 -0.441280 -0.267101 -0.548976 -0.200617 -0.210726
-0.394625 0.040799 -0.030253 -0.332029 -0.195855 -0.095206 -0.178942 0.282458 -0.132967 -0.296455
-0.286541 0.258353 -0.305786 -0.382961 -0.101378 -0.306758 -0.175540 0.627512 -0.069108 0.180108
0.692829 0.031395 0.746483 0.267684 -0.600131 0.060122 -0.135235 0.092645 -0.053882 0.026362
-0.044907 -0.214112 0.032522 -0.083766 -0.157367 0.268669 0.031991 0.047577 0.565646 0.022920
-0.562043 0.050504 0.047159 -0.031911 0.041497 0.100172 -0.184774 0.006015 0.142827 0.028549
0.049764 -0.047963 -0.124362 0.037122 -0.192495 0.009924 -0.107571 -0.230325 -0.125585 0.129123
-0.092387 0.024753 -0.179241 -0.009860 0.123140 0.066524 -0.397857 0.039052 -0.146558 0.124555
0.187734 0.091486 0.643879 -0.080163 -0.155566 0.040017 0.022984 -0.118443 0.052434 0.212439
-0.053013 -0.009739 -0.033937 0.049153 -0.003524 0.142570 -0.027246 -0.028437 -0.123467 0.085016
-0.194765 -0.012994 -0.078254 -0.073101 0.146202 -0.194507 0.027888 0.129070 -0.021190 0.007829
0.049561 -0.005841 -0.032364 -0.235341 0.276947 -0.224392 -0.105369 0.490003 -0.108203 0.014757
0.130809 -0.066854 0.191416 -0.170290 0.024732 -0.208934 0.049689 0.030432 0.066081 0.037291
-0.161145 -0.265096 0.010450 0.022188 -0.106206 0.093325 0.041606 -0.011561 -0.008019 -0.199402
-0.027614 0.164494 -0.056162 -0.008518 0.118121 -0.028564 0.009580 -0.098670 0.088301 -0.393909
0.009234 0.982582 0.092230 0.024217 -0.085210 -0.026085 0.094484 -0.214859 0.044408 -0.168229
-0.044312 -0.210995 0.080478 0.432743 0.427611 0.004210 -0.023057 0.286945 0.100968 -0.298012
-0.121980 0.235138 -0.298012 0.053251 0.177396 -0.250536 -0.006346 -0.006351 -0.323836 -0.195039
0.048359 0.066203 -0.024300 -0.058945 0.059867 -0.149648 -0.403231 -0.074503 0.192313 0.117328
0.271066 -0.205786 0.108426 0.507808 0.065722 0.196804 -0.143312 0.143392 0.302503 -0.078272
0.181727 -0.183170 0.166008 0.180443 -0.111394 0.026385 -0.203701 -0.202738 -0.186859 -0.016841
0.003263 -0.502996 0.080638 0.232892 -0.556568 0.025643 -0.243478 -0.560738 -0.072699 -0.214768
-0.191671 0.198889 0.409326 0.175632 0.295125 -0.186218 -0.031693 0.099733 0.052570 -0.243283
-0.003474 -0.214517 0.034675 -0.038159 0.062939 -0.017505 -0.264690 -0.183521 0.450442 0.063608
-0.095496 -0.304605 0.049309 0.092374 0.117962 -0.186086 -0.046744 0.109210 -0.025254 0.071134
-0.064444 -0.223771 -0.252203 -0.112332 0.236370 -0.070521 0.063051 0.031163 -0.021616 -0.508865
0.033281 0.135690 0.089085 -0.106924 -0.151857 0.046661 0.082284 0.005205 0.076876 0.021296
-0.296578 -0.064556 0.170476 0.073308 0.052040 -0.290334 0.029602 0.129781 -0.241945 -0.046215
-0.134240 0.070019 0.112722 -0.057699 -0.285874 -0.114506 -0.074256 -0.132457 -0.107649 -0.308619
-0.020192 0.440695 0.172984 0.583724 0.228816 -0.280570 0.009130 -0.276963 0.173769 0.012164
-0.442890 -0.064850 -0.212349 -0.164202 -0.073279 -0.039247 0.027543 -0.165927 -0.074691 0.088453
-0.028269 -0.037110 -0.282923 -0.007572 -0.228189 -0.334363 0.045010 0.043521 0.000614 0.133071
-0.137541 0.104293 0.059596 0.198391 -0.140677 -0.020270 -0.258771 0.316171 0.129229 -0.194470
-0.046853 0.394586 0.015467 -0.069907 -0.384863 0.003911 -0.081082 0.104763 0.127033 -0.506877
-0.049323 -0.077867 0.251400 0.109860 -0.093550 0.336245 0.064654 -0.261280 0.749651 0.049715
0.134090 -0.559259 -0.225993 -0.514405 0.191134 0.045916 0.035256 -0.086774 -0.387784 0.385486
0.047266 -0.086027 -0.005186 0.099704 -0.243658 0.055312 -0.142517 -0.039824 -0.240670 0.063041
0.095050 0.119760 -0.004421 -0.188260 0.050571 -0.000975 0.087464 0.036836 0.107348 0.036261
-0.234234 -0.075454 -0.116944 -0.128725 -0.146540 -0.204466 -0.468697 0.189180 0.154010 -0.002482
0.074362 -0.006368 -0.012362 0.043761 -0.036721 -0.018906 -0.274000 -0.002044 0.015200 -0.042410
-0.111255 -0.216994 0.085223 -0.242739 0.179066 -0.338133 0.037411 0.004723 0.129759 0.154125
0.003141 -0.024653 -0.159642 0.113094 0.024481 0.154815 -0.084016 0.029049 0.014214 -0.101121
0.265253 -0.232509 0.060500 0.040620 0.016630 -0.247918 0.070269 -0.099195 -0.060122 -0.153126
0.129187 0.349726 0.048737 0.070991 -0.128430 -0.099539 0.102703 -0.469145 0.052830 0.248193
-0.101602 -0.038832 0.113090 0.012408 -0.060053 -0.100777 0.044163 -0.156840 0.201966 -0.218338
-0.097200 -0.145008 0.023990 0.091146 0.037490 0.091421 0.148310 -0.083579 -0.100020 -0.299372
0.077182 -0.057542 0.734122 0.006170 0.110682 -0.029476 0.161931 -0.532982 -0.005649 -0.031041
-0.362659 -0.560222 -0.013285 -0.122652 0.041102 0.023251 0.361558 0.034464 -0.021273 0.300748
-0.183393 -0.156015 0.074974 -0.020458 0.493255 0.062189 0.028814 0.031328 -0.010845 0.080300
-0.080500 0.030595 -0.179910 -0.017112 -0.165794 -0.124446 0.077903 0.149148 -0.073575 0.089156
-0.019676 -0.957745 -0.033875 0.020158 0.105203 0.000382 0.018327 0.098145 0.049472 -0.195091
-0.177247 0.046342 0.029513 -0.057695 0.101341 0.171920 -0.050338 -0.232511 0.028415 -0.550250
0.092618 -0.052601 0.012043 0.255283 0.012543 0.034291 0.084495 -0.034724 -0.120850 0.029597
0.129306 0.009405 0.013417 0.359021 0.098345 -0.558773 0.008739 0.089955 -0.003175 0.021607
-0.115124 0.063155 -0.005814 -0.114525 -0.067250 0.042647 -0.383573 0.001797 0.118365 -0.023324
-0.126448 -0.302586 -0.231241 -0.109984 0.045648 0.154408 -0.217595 0.644924 0.117846 0.159748
-0.831816 -0.056550 0.307926 0.194160 0.160044 0.091443 -0.000647 -0.264466 -0.004932 0.144544
-0.375563 0.072717 0.050913 -0.099231 0.091814 0.210031 -0.247409 -0.038120 -0.047984 0.143358
0.084769 0.167609 0.200389 0.242217 0.018291 -0.150181 -0.262390 0.036878 -0.466636 0.360137
0.047872 -0.086474 -0.258237 -0.090553 -0.598646 0.038862 0.106424 0.075647 0.197126 0.110578
0.119625 0.048725 0.091963 -0.128970 0.252452 0.072569 -0.405228 0.089812 -0.093001 -0.007268
0.265109 0.180224 -0.177572 0.263861 -0.199885 -0.207375 -0.128029 0.227348 0.064873 0.084339
0.171174 0.936230 -0.212836 -0.094949 0.026663 0.327368 -0.396649 0.088396 -0.126937 0.074547
-0.199105 -0.188338 -0.109383 -0.291324 0.238427 -0.080516 0.023601 -0.015633 0.167741 0.135831
-0.062961 0.123426 -0.062688 -0.306615 0.094715 -0.096276 -0.234682 0.218766 -0.015955 -0.135831
0.045212 -0.196452 -0.047124 0.061791 -0.217986 -0.018178 -0.155804 -0.080048 -0.865076 -0.222667
0.018949 0.245604 0.062805 0.013488 -0.104780 0.159471 -0.393841 -0.005339 -0.058865 0.075367
0.006246 0.075171 -0.220014 0.014434 0.213264 -0.007720 -0.135423 -0.088157 -0.845553 0.322803
0.184097 -0.657235 0.011934 0.282851 -0.156337 0.438157 -0.649357 0.513934 0.289791 0.079294
-0.443409 -0.050549 0.081310 -0.175000 0.015533 -0.241962 -0.115729 -0.104287 0.311174 0.129234
0.992605 -0.025439 0.175657 0.002629 -0.349062 0.072917 -0.190662 0.307610 0.049330 0.107476
-0.216077 -0.310049 -0.166747 -0.249089 -0.249839 -0.046399 0.264657 0.242712 -0.051487 0.046165
-0.121450 0.330493 -0.220016 0.480547 -0.021922 0.383762 -0.074886 -0.024055 0.059881 0.168248
-0.433280 -0.059599 -0.256029 -0.062225 -0.371383 -0.070103 0.492551 -0.276286 
