-0.018630 -0.030961 -0.053794 0.004496 -0.051773 -0.028617 -0.037475 0.001272 -0.054482 -0.061276
0.011696 -0.028209 -0.013889 -0.006794 0.010003 -0.047817 -0.044850 -0.018834 -0.004225 0.286214
-0.029563 -0.022188 0.025650 0.035949 -0.025199 0.010051 -0.188860 -0.036895 0.176820 -0.137431
0.022597 -0.049752 -0.066608 0.020619 -0.012309 -0.013234 -0.242181 -0.060502 -0.019350 -0.143365
-0.039668 -0.005993 -0.003636 0.020544 0.015781 -0.004271 -0.001430 0.008643 -0.058395 -0.009380
-0.055170 -0.009820 -0.066307 0.011546 -0.070521 0.034229 -0.039991 -0.042227 0.004365 -0.048290
-0.086045 -0.009912 0.028015 -0.019555 0.036426 -0.097205 -0.113511 0.054866 0.141994 0.520387
0.009658 0.030040 -0.054796 0.019035 0.700940 0.025036 -0.029970 0.008905 -0.026348 -0.056755
0.002047 0.130307 -0.094826 0.008205 0.002164 -0.196370 0.068267 -0.037720 0.027415 -0.061514
-0.062284 -0.018983 0.078310 -0.011503 -0.044334 -0.011101 -0.010357 -0.003501 -0.030582 0.362227
0.000340 -0.516188 0.064139 -0.001210 0.068512 -0.111691 0.069492 -0.036566 0.202108 0.028063
0.168097 -0.057385 -0.069037 -0.017872 0.044404 -0.084608 -0.027031 -0.006657 0.063894 0.008026
-0.142553 -0.034536 -0.156900 -0.023794 0.005327 -0.015562 -0.002187 0.041499 -0.002103 -0.077720
0.063718 0.038125 -0.058775 -0.014017 -0.164265 -0.008649 -0.075955 -0.006604 -0.034006 0.007056
-0.376775 -0.367597 -0.215216 -0.021975 -0.345004 -0.049891 0.050333 -0.055069 -0.070189 -0.011179
0.009458 -0.008899 -0.051039 0.255811 -0.043626 -0.046244 -0.023254 0.030859 -0.100254 0.029094
-0.030800 0.066836 -0.021475 -0.001564 -0.111491 -0.030270 0.106372 -0.092252 -0.031447 0.052716
-0.028255 -0.040125 -0.009178 0.040949 0.017386 0.366655 -0.058717 0.172620 -0.061246 -0.059305
-0.051156 0.022269 0.012855 -0.128494 -0.027873 -0.018680 0.077426 -0.027240 0.028049 0.037801
-0.064306 0.002745 0.002577 -0.007979 -0.079356 0.042141 -0.088196 -0.061339 -0.081920 -0.110329
-0.085024 0.035899 -0.004968 0.012129 -0.192316 -0.098115 -0.089140 0.004097 -0.070718 0.002596
0.017030 -0.101219 0.032238 0.096833 0.013665 0.068222 -0.016549 0.424850 -0.189077 -0.105470
0.009793 0.064949 -0.062891 -0.005668 0.033790 0.234154 0.064848 0.025288 -0.277745 -0.027059
-0.046055 -0.019333 0.256287 -0.001882 0.017815 0.038936 0.228080 -0.252103 -0.090895 0.029016
-0.059112 -0.450763 0.147915 -0.013867 -0.026418 0.047404 0.210266 0.110734 0.181925 -0.136511
0.008072 0.328490 0.074632 -0.030265 -0.035157 0.007094 0.221648 -0.085725 0.124129 -0.047969
-0.028209 0.074578 0.001013 -0.043725 -0.018878 -0.057857 -0.063575 -0.332832 0.032650 -0.032830
-0.015696 -0.106581 0.003935 -0.014662 -0.112766 -0.022366 0.030079 0.005331 0.059511 0.421146
0.222511 0.015318 -0.072924 0.002944 -0.057534 -0.068573 -0.291407 -0.448186 -0.023067 0.061129
0.040130 0.098670 -0.025369 0.036606 -0.028857 0.003317 -0.150163 0.092917 0.096225 0.041999
-0.039662 0.067530 -0.190148 -0.050558 -0.188710 -0.087235 -0.126214 -0.077167 0.109386 0.014950
0.027814 0.082848 0.101115 0.034197 0.115571 0.095074 -0.010563 0.127940 -0.039626 0.093492
-0.027548 0.012156 -0.061134 0.051903 -0.138716 -0.206694 -0.067518 -0.039682 -0.006182 0.021523
0.049891 -0.037439 0.359787 -0.477569 -0.273291 -0.039855 -0.497813 -0.019913 0.001611 -0.033759
-0.066712 -0.045405 0.065965 0.044513 0.019036 0.371059 -0.036318 0.060041 0.031430 -0.049085
-0.101794 -0.067690 -0.056734 0.104612 0.042155 0.014126 -0.006125 -0.006355 -0.127559 0.017426
-0.091787 -0.001057 0.046440 -0.002726 -0.038302 -0.029172 0.054606 0.115021 -0.006858 0.075167
-0.085518 -0.015844 -0.085288 -0.012926 -0.052824 -0.246836 -0.011373 -0.257878 0.091557 0.119162
-0.012523 0.022659 0.007606 -0.034823 -0.177786 -0.006480 0.030365 0.381155 -0.044388 -0.000579
-0.029426 -0.009285 0.020859 0.006957 0.023587 -0.092531 0.025318 0.016693 0.011251 -0.019920
-0.008405 -0.001628 -0.101508 -0.040750 0.007096 -0.001174 0.014786 0.065658 0.007463 -0.008794
0.040398 -0.062841 0.011376 0.001207 -0.015784 0.000017 -0.014808 0.009058 -0.025612 0.047263
0.015989 0.010664 0.030423 0.006282 0.012131 -0.052984 0.073227 -0.011053 0.003924 -0.016092
-0.040633 -0.002195 -0.024966 0.000760 0.037523 -0.013246 -0.038491 -0.012505 0.024673 -0.003201
-0.003128 0.030453 0.041483 0.005710 0.022575 -0.026624 0.130729 -0.081089 0.211827 0.266293
-0.023980 -0.004402 0.027753 -0.001323 -0.109536 0.066171 0.002721 0.036322 0.007680 0.067110
-0.012300 0.007391 0.001772 -0.016803 0.023426 0.063119 -0.019771 0.018496 0.020123 -0.018798
0.020945 0.284941 -0.034511 0.014438 0.014908 -0.202839 -0.040984 -0.024248 0.097864 0.096657
0.006699 -0.000765 -0.022705 -0.013642 -0.004989 -0.024533 0.013583 0.019251 -0.052420 -0.000391
-0.006578 0.014673 0.147434 0.062985 0.046517 -0.040346 -0.147702 0.024500 0.061945 -0.049133
0.059329 0.213035 0.000404 0.010774 -0.011562 -0.023661 -0.047893 -0.021146 -0.020576 0.061442
0.005064 -0.023041 0.002330 -0.081810 -0.051996 -0.056776 0.033564 -0.049329 0.012583 -0.369916
-0.086141 -0.245484 -0.043731 0.069240 0.018947 0.353226 0.227104 -0.015977 0.075050 0.040641
-0.004040 -0.026289 0.015607 -0.076687 -0.002312 0.069188 0.074522 0.019951 -0.084451 0.006886
-0.164149 -0.167529 -0.087514 -0.045632 -0.036469 0.058889 0.113130 -0.022460 0.085771 -0.017746
0.277595 -0.154325 -0.115665 0.080279 -0.082022 0.037895 0.025417 0.027754 -0.031108 -0.136051
0.014128 -0.161085 0.052102 -0.022275 -0.027200 0.001886 -0.136474 0.025945 -0.112390 -0.028520
-0.080860 0.064064 0.015660 -0.022328 0.064276 -0.046002 -0.057944 -0.134226 -0.253699 0.106030
0.488371 -0.103341 -0.056186 0.136501 -0.143947 0.039606 -0.019993 -0.006498 0.004261 -0.034332
0.015029 -0.100721 -0.027576 0.011263 0.007446 0.007441 -0.052670 -0.025646 0.116647 -0.063942
0.266660 -0.026025 -0.038537 -0.075903 0.078867 -0.087209 -0.414192 -0.108512 -0.110649 0.109270
-0.069388 0.013822 -0.024939 0.059737 0.019613 -0.053601 0.093414 0.013461 0.009841 -0.077351
0.198272 -0.060564 0.116647 0.040399 -0.004778 -0.089553 -0.078730 0.014796 0.024491 0.000074
-0.134226 0.061770 -0.160355 -0.041433 -0.145050 0.069285 -0.075420 0.002837 -0.094586 -0.060426
-0.079114 -0.081630 0.005876 -0.063655 -0.015889 0.014730 -0.270510 -0.022178 0.017974 -0.021483
0.006931 0.015210 0.023817 0.012256 -0.007398 -0.001065 -0.003147 -0.004514 0.136910 0.023833
-0.032887 0.032026 0.008114 -0.052698 0.091031 0.043595 0.047303 0.118042 0.013961 -0.005880
0.016369 -0.094341 0.019083 0.021053 -0.018769 -0.007676 -0.027822 0.048461 0.025124 0.012165
-0.001936 -0.040815 -0.013324 0.076399 0.106257 0.030619 -0.008412 -0.004667 0.151872 0.000268
0.014681 -0.067263 0.001484 -0.052732 0.024479 -0.000551 0.005785 0.000856 0.014697 0.001706
-0.014250 0.059253 -0.001622 0.004862 -0.015537 -0.254750 0.045347 -0.128568 0.028358 -0.028766
-0.094087 0.023993 -0.074742 0.002873 -0.051597 -0.318311 0.121031 -0.048645 0.003301 -0.081965
-0.009406 0.059856 0.038439 -0.109914 0.105580 0.154759 -0.032315 0.115818 -0.119963 -0.008636
-0.137550 0.159156 0.003784 0.008322 0.038313 0.266306 0.029441 -0.205006 -0.000281 0.230003
0.004487 0.041705 -0.025767 -0.000772 0.006218 0.068272 0.049116 0.153880 -0.010811 -0.064504
-0.268316 -0.040825 -0.038815 0.124611 -0.038187 -0.283390 0.124172 -0.017288 -0.052853 -0.088183
0.025500 -0.056621 0.108658 -0.053575 0.078950 -0.175988 -0.006030 0.131018 -0.126770 0.062204
0.230957 -0.015076 0.229930 -0.040777 -0.034926 -0.052658 -0.161670 -0.062410 -0.130568 -0.254155
-0.072059 -0.045062 0.066875 -0.136521 -0.130054 -0.142988 -0.125230 -0.012112 0.078269 0.107061
0.024558 0.006627 0.064822 -0.099055 -0.116094 -0.074214 -0.075497 0.065181 0.073804 -0.118045
-0.296651 -0.173885 0.180660 -0.120611 0.143912 0.075241 0.019131 -0.017193 -0.169882 -0.091613
0.029793 -0.008347 0.151918 -0.047346 -0.025213 0.078371 -0.007974 0.096951 -0.006711 0.041162
-0.142783 0.094076 -0.006743 -0.161157 0.009694 0.101724 -0.048860 -0.080322 -0.059279 0.126975
0.036004 0.057893 0.003577 -0.006005 0.068556 -0.007888 -0.110856 -0.021007 -0.060311 0.334090
0.024924 -0.007900 -0.033200 -0.008538 -0.141931 0.012811 0.142946 0.026810 -0.127662 0.009822
0.025114 -0.067541 0.021642 0.033327 -0.011820 0.007674 -0.005458 0.001173 -0.006976 0.003070
0.013334 0.011407 -0.036117 -0.037322 -0.030489 0.006742 -0.008173 -0.008244 -0.009085 0.027555
0.054540 -0.025019 -0.002616 -0.014325 0.000577 0.016965 -0.017726 -0.010543 -0.006829 0.068048
0.002162 -0.031297 0.023402 0.014063 -0.015601 0.008292 -0.005216 0.008776 -0.027492 -0.020865
0.005414 -0.037037 0.020167 0.000072 -0.009965 -0.007911 -0.121372 -0.114652 -0.131976 -0.021655
0.102158 0.051604 0.048507 0.117277 0.087459 -0.174708 0.146780 -0.262483 0.013767 -0.063678
-0.039924 -0.158435 -0.097539 0.009607 -0.083784 0.149405 -0.096279 -0.027797 -0.075595 -0.005335
0.146045 0.124417 0.090924 0.010184 0.010329 -0.216916 0.132921 -0.027403 0.071605 0.221325
0.251983 -0.002026 -0.109403 -0.029503 -0.057589 -0.011628 0.110978 0.109718 0.057956 -0.026747
-0.027954 0.107828 0.003419 0.019791 -0.022193 -0.020828 -0.163894 -0.115072 -0.167884 0.064413
-0.068613 0.178803 0.143106 0.017967 0.033624 0.078535 -0.023728 0.059636 0.005246 0.027823
-0.029698 0.039483 -0.132382 -0.015828 -0.046904 -0.003980 -0.028759 -0.010716 -0.007029 0.016908
-0.038137 -0.127873 0.034129 0.017284 0.014560 -0.071326 -0.002280 -0.075146 -0.031420 -0.022184
0.007248 0.180601 0.362704 -0.055420 -0.033127 -0.018207 0.024454 -0.012055 0.016344 0.025487
-0.017988 0.001122 -0.033189 -0.004650 -0.010661 -0.007726 0.023953 -0.002382 0.058958 0.004626
-0.053385 0.015875 -0.004775 0.002761 0.002528 -0.001443 -0.022638 -0.021511 0.012454 0.012571
-0.065189 -0.064500 -0.029432 -0.013041 0.040485 -0.025565 -0.001357 0.025957 -0.034849 0.002108
0.038669 0.016391 0.020712 -0.040078 0.016516 -0.079374 0.151124 -0.048005 -0.235459 -0.345566
-0.044496 -0.101818 0.092320 0.082519 0.236185 -0.048973 0.020494 -0.019904 -0.101637 0.078345
0.034877 -0.049881 -0.060982 -0.022430 -0.010943 -0.163587 0.187181 0.011192 0.008439 -0.048520
-0.076712 -0.001789 -0.037448 0.141566 0.224811 -0.076288 -0.000576 0.023428 -0.035633 0.014119
-0.177381 0.026165 -0.045192 -0.049790 -0.006054 -0.047945 0.040988 -0.076409 -0.087178 0.025727
0.026680 0.027300 0.060317 0.122146 0.029130 0.004639 -0.043256 -0.026649 0.085544 -0.092562
-0.004303 0.079555 0.066669 -0.123235 0.077740 -0.129829 0.038961 -0.294747 -0.004452 0.015535
-0.013026 -0.070835 -0.010415 0.007759 0.000861 0.142745 -0.231373 -0.384056 0.042468 0.084935
0.013412 0.015384 0.077348 -0.000563 0.016106 -0.054083 0.013538 -0.358273 0.176451 0.035283
-0.115955 0.035149 0.043139 -0.027629 -0.316376 0.013521 -0.129115 -0.271390 -0.071507 0.033001
-0.099035 0.143148 0.081981 0.070030 -0.060965 -0.039245 -0.056870 -0.431055 -0.087487 -0.026706
0.002581 0.132204 0.081444 0.183434 -0.007520 -0.096148 -0.057038 0.020227 -0.014805 -0.004201
0.061503 -0.012186 0.018212 0.105615 0.054721 -0.048947 0.100244 -0.088830 0.055560 -0.002216
-0.091515 -0.194445 -0.351666 -0.265099 0.026606 -0.120009 -0.112519 0.029697 0.089179 0.020901
0.014914 -0.047202 0.022774 -0.032114 0.010315 0.023775 -0.021576 0.014108 0.010560 -0.008987
-0.075289 -0.103549 0.012933 0.067059 -0.037122 -0.141433 -0.002833 -0.011855 -0.007990 0.174265
-0.035903 0.018572 -0.121751 -0.041868 -0.013521 0.010070 -0.025539 0.057609 0.024516 0.074548
0.013597 0.027085 0.063749 0.037427 -0.286349 -0.000270 -0.105813 0.004267 -0.178881 -0.062791
-0.075768 0.008127 -0.008557 -0.057218 -0.019073 0.164511 0.029850 0.019432 0.053386 -0.042151
0.046331 0.004039 0.008850 -0.069105 0.077640 -0.033181 0.051131 0.058989 0.150904 -0.070367
-0.052055 0.152753 -0.015423 0.028570 -0.053691 -0.006458 0.049780 0.124876 -0.006120 0.001780
-0.006698 -0.059131 -0.013272 0.077870 0.016801 -0.016481 0.027165 0.156593 0.159722 0.026721
0.057958 -0.004525 0.007840 0.017601 -0.030046 -0.003136 -0.105106 0.072572 0.110653 0.030455
-0.038117 0.111578 -0.026774 0.054793 0.058598 -0.009334 0.153464 0.001045 -0.026757 -0.011752
0.075096 0.083843 -0.051131 -0.024499 -0.003536 0.006649 0.285167 -0.211350 0.055149 -0.026988
-0.022294 -0.029423 0.023076 0.038757 0.053727 -0.068732 0.026952 -0.015192 -0.008174 -0.027930
-0.193012 0.015811 -0.086787 -0.044146 0.136614 -0.133397 -0.172752 -0.357551 -0.040279 -0.030646
-0.147976 -0.088909 -0.431197 -0.131618 -0.061908 0.064200 -0.276240 -0.029072 0.086445 -0.246946
-0.084597 0.030731 -0.113617 -0.047363 -0.055097 0.453646 -0.038500 -0.081174 -0.053557 -0.078163
0.142911 -0.019438 -0.407104 0.114233 0.115739 0.094932 0.137230 0.064611 -0.098012 0.167824
-0.048732 -0.010113 0.168509 -0.056535 0.191232 -1.009685 -0.137709 -0.546730 -0.036754 -1.006399
-0.171247 0.003441 -0.150714 0.148934 -0.146059 0.154683 0.211218 -0.184114 0.146744 -0.763834
-0.019045 0.140173 0.004509 -0.113685 0.372752 -0.177125 -0.017275 0.039740 -0.001052 0.042250
-0.381326 -0.003036 0.030743 0.012382 0.003927 -0.021139 -0.042927 0.017910 0.047356 -0.055168
0.009611 0.050148 -0.275277 0.043858 -0.000263 0.009597 0.049273 -0.247072 -0.097249 -0.020166
0.030292 -0.422618 -0.031815 -0.014807 -0.018051 0.068481 0.043999 0.055422 0.058327 -0.038640
0.064081 0.044845 -0.004936 -0.014610 0.012368 0.013538 0.046481 0.027232 0.024214 -0.018700
0.128951 0.019292 -0.132449 0.004157 0.121054 0.004301 0.024933 0.170807 -0.083260 0.021027
0.014279 -0.012396 0.031420 0.045071 -0.005912 -0.015005 0.050063 -0.062727 -0.041854 0.060902
-0.013845 -0.179902 -0.067612 -0.061071 -0.030663 0.543273 -0.062685 -0.102522 -0.006731 0.000295
-0.174126 -0.456295 -0.029092 -0.021076 -0.169199 -0.043001 -0.015342 -0.018283 0.088167 -0.022658
-0.092584 0.078611 0.077252 -0.297118 -0.045358 -0.078866 -0.198079 -0.035462 -0.116792 -0.082943
-0.034124 -0.118321 0.151447 0.024717 0.014312 -0.021628 -0.066720 -0.062728 -0.138621 -0.003183
0.002661 0.031024 0.077083 0.150768 -0.016956 0.021787 0.015459 0.005110 -0.224410 0.057589
0.099464 0.028731 -0.078611 0.079546 0.114328 0.093858 0.086936 -0.065106 -0.010681 0.050072
-0.129703 -0.086978 -0.019311 -0.120682 -0.020537 -0.048226 -0.316304 0.140067 -0.064419 -0.098697
0.075412 -0.083745 -0.002648 0.140540 -0.009759 0.036169 -0.109394 -0.181674 -0.012743 0.013416
0.010084 -0.017080 -0.037647 0.040365 0.194203 -0.030407 -0.084868 -0.028752 -0.042818 -0.012167
-0.101475 0.045418 0.458144 -0.139358 -0.086050 -0.000294 -0.025856 0.077185 0.053072 0.074584
-0.030880 0.006634 0.051033 -0.016651 0.098756 0.097338 0.058539 -0.049762 0.046541 -0.033776
0.062764 -0.011510 -0.122574 -0.048078 0.011030 0.004613 0.002929 0.039242 -0.045330 -0.034160
-0.136758 -0.074466 0.095624 0.009559 -0.061700 -0.149050 0.072738 0.051914 -0.154402 -0.079878
0.151055 0.065933 -0.007307 0.226992 -0.007735 -0.087242 0.040646 0.232049 -0.001247 -0.083746
-0.061322 -0.007219 -0.057194 -0.125768 0.023688 -0.026106 0.050798 0.019114 0.014670 0.052471
0.065375 -0.014419 -0.012802 -0.021420 -0.068053 -0.021624 0.174334 0.021922 -0.048232 0.055149
0.115206 0.057826 -0.024692 0.051802 -0.013518 0.025436 -0.047823 -0.069317 0.022275 0.013527
-0.056376 0.025808 0.024209 0.096687 0.033041 0.049050 0.048195 -0.019282 -0.038712 0.006564
0.002422 -0.052285 0.077945 0.044067 -0.025882 0.065338 -0.088283 0.023000 0.074375 -0.074375
-0.023490 -0.103741 0.092379 0.032455 -0.258106 -0.198086 -0.037081 0.052206 -0.045255 -0.039958
-0.143051 0.183129 -0.033366 -0.118411 -0.099810 0.085860 -0.050336 0.083942 -0.009091 -0.075073
0.052206 -0.189169 0.268269 -0.189840 0.015221 -0.019308 -0.005711 -0.048970 -0.010589 -0.065485
-0.193292 0.017426 -0.242957 -0.150242 0.166446 0.017102 -0.007341 -0.075505 -0.014765 0.022424
-0.101632 0.040461 -0.054459 0.093961 0.017090 -0.103549 -0.016731 0.077758 -0.021057 -0.036913
-0.083079 -0.059253 -0.214577 0.046693 -0.007335 0.058630 -0.178814 0.021633 -0.274597 0.007335
-0.024293 -0.037776 0.186293 0.250628 -0.027614 -0.034986 0.021314 0.036611 0.102210 -0.030238
-0.006289 -0.051855 0.110040 -0.186260 0.001315 -0.019336 0.058394 -0.026594 -0.025178 0.048356
-0.016858 -0.022345 0.078802 -0.182428 0.225411 -0.013765 0.066640 0.005612 -0.030571 0.026052
-0.332202 0.057644 -0.373519 0.243237 0.012339 0.022387 0.019930 -0.060018 -0.042296 -0.027718
-0.026594 -0.017910 0.013234 0.035653 0.018763 0.003644 -0.009611 0.011860 -0.056478 0.010704
0.027489 -0.009621 -0.028156 -0.008070 0.090881 0.012568 0.002513 -0.020929 0.038547 -0.016098
-0.003551 -0.009882 0.043441 -0.004962 0.038172 -0.027656 0.012682 -0.012526 -0.017019 0.053876
0.353779 -0.008041 0.166273 -0.003865 -0.052549 -0.011188 -0.063165 -0.143980 -0.142918 -0.186046
-0.018014 -0.042530 -0.006855 0.021945 -0.056431 -0.198121 -0.106625 0.013137 -0.090833 -0.362537
0.092890 -0.033391 -0.039976 -0.057658 -0.045052 0.049265 -0.062634 -0.178084 -0.214178 -0.188965
-0.024898 0.023571 0.079554 -0.040440 0.168927 0.009372 0.159638 -0.061374 -0.010774 -0.015402
0.051123 -0.074113 0.102113 -0.067578 -0.006759 0.127591 -0.123013 -0.027419 -0.185515 0.096340
-0.053080 0.004068 -0.140662 0.012847 0.113591 0.031782 0.049564 -0.034900 -0.171316 0.015899
0.205022 -0.141060 -0.000768 0.041575 0.018611 0.039739 0.051640 0.009572 -0.105274 -0.462446
-0.001758 0.050688 0.025231 0.066012 0.147711 0.012015 0.013454 -0.002299 0.253166 -0.006489
0.080611 -0.096388 0.001056 -0.013137 0.072767 0.037268 -0.026409 -0.230316 -0.005398 -0.023870
-0.012015 -0.047015 -0.074263 0.028472 0.010700 -0.055085 0.054179 0.010156 -0.031442 -0.014417
-0.079477 -0.070410 -0.045859 0.013307 -0.062340 0.036588 -0.032394 0.124135 -0.025367 -0.128578
-0.030626 -0.086913 0.112710 0.017999 0.050733 0.006058 0.043366 0.095844 0.036497 0.056582
-0.055131 0.127671 -0.017942 0.002457 0.048013 -0.111259 -0.277427 -0.252399 -0.107252 0.465772
-0.212948 -0.023685 -0.028227 -0.036057 0.018382 0.049278 -0.115382 -0.231613 0.007795 -0.046945
-0.055287 -0.103363 -0.065574 0.121463 -0.012956 -0.098980 -0.065716 -0.211676 0.143945 -0.045425
-0.032204 -0.005006 0.091132 -0.093465 0.084628 -0.021705 -0.080103 0.113403 -0.037542 -0.031674
-0.097778 0.016712 -0.018294 0.076639 0.033194 0.032310 0.005868 -0.004386 -0.092758 -0.019195
-0.008250 0.026300 0.047935 -0.060166 -0.024763 -0.048359 -0.027237 -0.058575 -0.059635 -0.142743
0.039981 0.065928 0.044576 0.047051 -0.111989 -0.072609 -0.010331 -0.007781 -0.071619 0.154833
-0.000432 0.005057 -0.182052 -0.014337 -0.284066 -0.371972 -0.060842 0.095842 0.012557 -0.061758
-0.030777 -0.013795 0.106355 -0.259105 -0.135114 -0.028369 -0.385266 -0.028997 -0.010386 -0.065522
-0.024656 -0.050702 0.058163 -0.060300 0.034152 0.250287 0.034864 -0.011539 -0.000489 0.017016
-0.236315 -0.038662 -0.073051 0.072712 -0.085532 0.041986 -0.040968 0.055280 0.412397 0.106966
-0.031201 -0.045581 0.126772 -0.026640 0.161839 -0.085193 -0.056671 0.122091 0.035203 0.153292
0.053381 -0.007046 -0.060605 -0.027131 0.126704 0.113748 0.065319 -0.431661 -0.072780 -0.248252
-0.001955 -0.020840 -0.021417 -0.000154 -0.015798 0.040859 -0.057870 0.029872 -0.051951 0.021909
-0.045223 0.045351 -0.327550 -0.311027 0.000216 0.055954 -0.011742 0.035003 0.021260 -0.001409
0.024996 0.012551 0.016554 0.130475 -0.144783 -0.030851 -0.020419 -0.004804 0.043520 -0.011391
0.155599 0.026253 -0.158580 -0.215300 0.012296 0.007079 0.003574 0.008799 0.082441 0.048758
0.077842 0.010630 -0.020930 0.066515 0.039389 0.032746 0.004679 0.091043 -0.044840 0.092661
-0.001614 -0.045521 0.072860 -0.022122 0.082739 -0.018023 -0.042519 0.019663 -0.006281 0.015628
-0.007761 0.071838 -0.007021 -0.010066 -0.205762 0.006212 -0.059489 0.034663 -0.065151 0.035055
-0.028181 -0.005831 -0.107241 0.050435 -0.007705 -0.030479 0.214159 -0.158442 -0.060837 -0.017366
0.037756 -0.004354 -0.009061 0.000297 0.026588 -0.048137 -0.007998 -0.014494 -0.169811 -0.014494
0.007262 -0.024976 -0.001098 -0.013607 0.193517 -0.026951 0.203676 -0.211901 0.028141 0.043299
0.078898 0.017951 -0.156023 0.050476 0.046525 -0.054951 -0.005967 0.083535 0.071238 0.016378
0.010563 0.027052 -0.007403 0.029531 0.023907 0.024492 -0.017890 -0.075633 -0.026447 -0.051000
0.000663 -0.000408 0.144412 -0.038905 0.041324 0.035035 0.024210 0.075189 -0.144654 0.033321
-0.027314 -0.033986 0.051121 0.022081 -0.024189 0.128437 -0.110264 -0.005705 -0.124180 0.001748
-0.789120 -0.634570 -0.200882 0.031782 0.114521 0.076211 -0.076047 -0.038556 0.026359 -0.004559
0.089554 -0.190895 0.001369 -0.157906 0.030104 0.037921 -0.121806 0.070481 0.210050 0.048952
-0.259656 -0.265550 -0.169121 -0.015717 0.015277 -0.090127 0.361489 0.098149 0.261949 -0.037143
0.136131 -0.600190 -0.100441 -0.106335 -0.033132 -0.070194 -0.019370 -0.076088 0.041707 0.022695
-0.045063 -0.006533 -0.061640 -0.021406 -0.116158 0.002635 0.023391 -0.048993 0.023739 0.072527
-0.061967 -0.051448 -0.475109 0.055459 -0.003676 0.032825 0.070131 0.518936 -0.010379 -0.175090
-0.091107 -0.081371 -0.692126 0.042783 -0.026240 -0.103376 -0.295879 0.008826 0.012022 0.002592
-0.030494 -0.194403 -0.007218 0.093244 -0.973916 -0.030751 -0.043456 -0.031523 -0.010023 0.188862
-0.106858 -0.053627 -0.011745 -0.726954 0.026240 0.091898 -0.056398 0.066806 0.026161 0.062928
-0.000774 0.041873 0.023687 0.062215 0.004606 0.000774 0.042387 0.026161 -0.222741 0.119998
-0.183322 -0.020917 0.269125 -0.042110 -0.070487 -0.001151 0.355245 -0.028159 0.251553 0.035738
-0.052954 0.139074 -0.015158 0.019056 -0.242529 0.039181 -0.029485 0.141845 -0.042664 0.220999
-0.032027 0.082553 -0.110696 -0.185970 -0.253363 -0.049457 -0.132610 -0.066906 -0.125631 0.028987
0.040113 0.040789 -0.013565 0.089758 -0.007861 -0.000385 -0.038650 0.010610 0.018068 -0.109345
0.082103 0.012064 -0.115574 0.061690 -0.085630 -0.108220 0.000595 -0.011492 -0.008133 0.146719
-0.252312 0.001460 -0.052309 -0.077975 0.016895 -0.060339 -0.061540 -0.001906 0.043866 -0.074035
-0.197677 -0.047618 0.037430 0.023584 -0.041389 -0.044128 -0.141991 0.025779 -0.162554 -0.023940
-0.066193 -0.013790 0.250361 -0.009756 -0.012242 -0.074485 0.022946 -0.042102 0.032440 0.088482
0.016586 -0.003607 -0.040526 -0.111747 0.044234 0.162948 0.048793 -0.096496 -0.024210 -0.286449
-0.026288 0.024181 0.095062 0.016513 -0.306631 0.027062 0.057680 0.041884 -0.025385 0.044550
0.067828 -0.259845 0.068975 -0.032796 -0.061464 -0.440567 0.065076 -0.055702 -0.027607 -0.042600
0.077518 0.092941 -0.022891 -0.048449 -0.030847 0.046184 -0.031420 -0.053924 -0.054297 -0.062094
-0.093056 0.179919 0.024124 -0.053838 0.018777 -0.071096 0.052806 0.136803 0.146664 0.138867
0.230489 0.007117 0.123730 -0.070179 0.080901 0.141504 0.042371 0.028109 0.060088 -0.156297
0.142536 -0.013703 0.018433 0.012177 0.116047 0.005830 -0.004422 -0.283696 0.025303 -0.000852
-0.112787 0.067214 -0.006633 -0.054437 -0.030168 0.012036 -0.004044 -0.017377 0.077391 0.025023
0.012260 0.042610 -0.008045 0.288315 0.016426 0.148967 0.007381 0.006532 0.020340 -0.209694
-0.145947 0.066878 -0.001372 0.015881 0.012910 0.008653 0.046804 -0.017167 -0.001050 -0.009136
0.040177 0.009094 -0.020410 -0.029329 -0.014196 0.106469 0.043644 -0.002501 0.025513 0.005452
0.012155 0.051557 0.011337 0.019935 0.028686 -0.027624 0.052983 -0.008758 0.055359 -0.004760
0.011442 0.012980 0.024115 0.010645 0.040457 -0.011065 0.126599 0.007891 0.008192 -0.036738
-0.032852 -0.014427 0.084238 -0.183792 -0.042150 -0.126450 0.037636 0.021122 -0.677889 0.036422
0.003306 -0.022180 -0.009207 0.015900 -0.021884 0.015386 -0.035084 -0.055225 0.062789 -0.036018
0.340439 -0.202595 0.060735 -0.019814 0.072471 -0.058307 -0.058992 0.004475 0.050773 -0.308313
-0.004681 -0.057248 -0.022756 0.045294 -0.018958 -0.016950 -0.083055 -0.127011 0.004222 -0.063630
0.030897 0.004763 -0.012693 0.041372 0.315535 -0.022445 0.070790 0.049435 -0.045730 -0.038695
-0.233725 0.015464 0.134233 -0.058711 0.123151 -0.238955 0.031441 0.013752 -0.032998 -0.003354
-0.075148 -0.046041 -0.007253 0.089219 -0.081810 -0.046353 -0.047295 -0.238279 0.004747 0.039279
0.148599 -0.008743 -0.048147 0.100051 -0.049976 -0.050201 0.057415 -0.332669 -0.086324 -0.011147
-0.038828 -0.042235 -0.053959 -0.013790 0.134771 0.009694 0.052906 -0.135673 -0.035146 0.126354
0.111925 -0.025263 -0.085272 0.112025 0.017247 -0.015556 0.168840 0.087626 0.031463 0.062275
0.043638 0.012231 0.041258 0.039605 0.107115 -0.000396 -0.035045 0.109420 0.032090 -0.027856
0.091935 -0.023485 -0.064430 -0.021067 -0.076905 -0.012613 -0.035647 0.046018 -0.056614 -0.115933
0.027405 -0.006407 0.219642 0.041058 -0.069440 0.106514 -0.002038 -0.014153 -0.027580 0.031012
0.029127 -0.014695 -0.067493 0.090812 -0.085356 -0.017225 -0.052182 -0.022395 0.054690 0.011132
-0.075897 0.129002 0.008294 0.038168 -0.058825 -0.089844 0.016884 0.011615 -0.093012 -0.016807
-0.024705 0.499115 -0.255893 -0.040566 -0.193944 0.000190 0.031063 -0.072421 -0.018061 0.031327
-0.052930 -0.048662 -0.030579 0.006440 0.027015 0.015047 -0.054514 -0.003264 0.008107 0.058165
-0.095212 0.066129 -0.059353 -0.076249 -0.126451 0.049366 -0.005896 -0.012066 -0.069209 -0.005010
0.024331 0.003836 0.109907 0.008723 -0.000991 -0.036980 0.046946 -0.035660 0.060145 -0.001161
-0.008272 0.057374 0.055658 0.083420 -0.018121 0.025515 0.067237 -0.016632 -0.034658 0.027263
-0.223967 0.177662 0.345117 -0.167078 -0.043022 0.170480 0.007725 0.078766 0.028256 -0.017601
-0.031634 0.090012 -0.058118 -0.782467 0.011021 -0.015026 0.038627 0.027878 -0.038320 -0.081223
-0.452848 0.035674 0.324327 -0.785491 -0.133435 0.036194 -0.132396 0.036288 0.090107 -0.098470
-0.083303 -0.039265 -0.073994 -0.174071 -0.084578 -0.024050 -0.051267 -0.017695 0.053346 0.022184
-0.102439 -0.140995 -0.071537 0.020684 0.155359 -0.012580 0.127293 0.041628 0.096438 -0.044297
0.034942 0.065111 -0.072482 -0.160651 0.176528 0.060528 -0.105085 -0.048857 0.024517 0.023014
-0.021212 -0.089314 -0.049653 -0.012446 -0.248486 -0.004493 -0.205863 0.450636 -0.121413 -0.056860
0.018692 -0.021477 -0.121590 0.018172 -0.049520 0.065084 0.077774 -0.997483 0.220012 0.033493
0.006505 0.051466 -0.135916 -0.054428 -0.846799 -0.028916 -0.245657 0.389443 -0.069284 -0.024981
-0.050051 0.308795 0.207455 0.049565 0.015630 0.019974 0.027457 -0.227971 -0.094619 -0.007400
-0.065924 0.025821 -0.007682 0.141310 -0.019156 -0.019388 0.005836 -0.016525 0.366451 -0.012026
0.329665 -0.096034 0.209047 -0.073352 -0.050007 0.064288 -0.191715 -0.115666 -0.208163 -0.036145
-0.000649 -0.023014 -0.001995 -0.018977 0.001966 -0.065341 -0.014467 -0.276122 -0.010411 -0.017617
0.109048 -0.018336 -0.271370 -0.113675 0.061058 -0.027325 -0.039080 0.081223 -0.002528 -0.197087
0.105859 -0.029591 -0.006855 -0.345402 -0.113175 0.011646 0.005846 0.026011 0.062840 -0.081724
-0.078222 0.009246 0.058995 -0.013561 -0.022260 0.032452 0.059776 0.418435 -0.035891 -0.584758
0.040893 0.000160 0.086351 -0.103608 0.030029 -0.478961 0.027450 -0.004815 0.084850 0.013490
-0.131308 -0.022103 0.052336 -0.046208 0.037298 -0.066217 -0.003912 0.011020 -0.091790 -0.034046
0.279873 -0.073783 -0.068030 -0.079222 -0.058838 -0.081411 0.197321 0.290765 0.013211 -0.529818
0.044369 -0.184053 0.044539 -0.035041 -0.058289 -0.022624 -0.119186 -0.109093 -0.039719 -0.087207
-0.090098 -0.103026 -0.025501 0.005939 0.040456 0.055029 -0.022071 -0.248806 0.327507 0.051088
0.048593 -0.016132 0.009512 0.025289 0.037253 0.020824 0.021447 0.138692 0.107336 -0.047828
-0.083635 -0.130753 0.016514 -0.058232 0.026635 0.048593 0.039181 0.046637 -0.033425 -0.062542
-0.022114 -0.030846 -0.166248 0.044539 -0.050152 -0.043688 0.001744 -0.033737 0.025998 0.058516
-0.021717 -0.046467 -0.049132 0.010539 -0.010674 0.008399 -0.001760 -0.079325 0.068325 -0.065774
0.031164 -0.692502 -0.053764 0.321756 -0.071305 0.037443 0.043074 0.016840 0.013279 0.008472
-0.022925 -0.118531 0.002916 -0.031345 -0.021861 -0.038870 -0.057864 0.029607 0.222323 0.027687
-0.002684 0.059110 -0.015945 -0.097824 -0.003707 -0.036120 -0.019578 -0.007687 0.020097 -0.016075
-0.012137 -0.059732 0.025922 -0.031683 -0.038740 0.148215 0.016607 -0.024210 -0.009601 -0.018851
-0.012397 -0.044890 0.031994 -0.000352 0.014855 0.087756 -0.126730 0.011540 0.035627 0.028361
-0.035756 -0.018138 -0.073018 0.006565 0.087393 -0.081217 0.065856 0.016711 0.042321 0.031449
-0.004577 0.032331 0.157245 0.003701 0.236755 -0.045583 0.019104 -0.291050 0.010360 0.005478
0.033640 -0.026315 -0.041896 0.016755 0.025679 -0.055893 0.026707 0.015042 0.017995 -0.050379
-0.010564 -0.003922 0.266904 0.003479 -0.004274 0.012081 0.033640 -0.264947 0.009446 0.010751
0.011298 0.053250 0.011624 -0.009152 0.001496 -0.057818 -0.028452 -0.004870 -0.011901 0.008263
-0.027718 -0.009821 0.055893 -0.024651 -0.001938 0.026250 -0.035729 -0.045158 -0.028452 0.037197
-0.021274 -0.045028 0.019284 0.003110 0.035892 -0.035729 0.041504 0.049270 0.018778 -0.009911
0.053805 -0.011934 0.040101 -0.024178 -0.011665 -0.019855 0.025826 0.018941 -0.105551 -0.152534
-0.039233 -0.106570 -0.011739 0.011954 0.251006 -0.001150 -0.015701 -0.046366 -0.036712 -0.037114
0.032261 -0.004096 0.000311 -0.012805 0.037275 0.046232 0.020421 -0.074819 0.024001 0.005920
-0.074604 -0.022110 -0.116814 -0.088871 0.049638 -0.178600 0.084634 -0.042156 0.046071 0.081094
-0.079002 0.008193 -0.027729 -0.004686 -0.072084 -0.072030 0.043416 0.014776 -0.026736 0.066613
0.085814 -0.049450 -0.195870 0.112738 0.034326 -0.132690 -0.104103 0.010405 -0.021789 0.032556
-0.006718 -0.462966 0.019482 -0.013730 0.090534 -0.008072 0.092304 -0.071923 0.075516 0.372218
-0.057763 -0.103942 -0.013887 -0.003398 0.147282 0.174314 -0.055064 0.002724 -0.028638 -0.056094
-0.058640 0.038548 0.000506 0.195043 -0.048215 0.021941 -0.067156 -0.362447 -0.024577 0.468393
-0.015880 -0.060216 -0.012372 0.169950 -0.235045 -0.049185 0.003650 -0.021410 -0.007057 -0.040518
-0.087278 0.028578 -0.050882 0.017289 -0.058943 -0.027926 -0.024092 0.011690 0.063640 -0.451180
0.020380 0.072186 -0.161222 0.124856 0.030987 -0.053306 0.048003 -0.013425 0.056246 -0.007679
-0.014168 0.004970 0.046276 -0.283897 0.106249 0.000559 0.013811 -0.036336 -0.076065 -0.008235
-0.304262 0.009122 -0.020229 -0.020683 -0.141585 -0.016334 -0.129160 0.074603 0.099359 0.104337
0.071442 0.043861 -0.167908 -0.016288 -0.040598 -0.011243 0.032458 -0.012176 0.007135 0.006538
0.021779 0.023141 -0.018348 -0.017743 -0.077429 -0.021527 -0.034073 -0.033770 -0.115302 -0.210692
-0.104135 0.002201 -0.021678 -0.181093 0.011007 -0.034325 0.045172 0.170733 -0.015598 0.007576
-0.011571 -0.019778 -0.020938 -0.021224 0.013177 -0.061351 0.055364 0.015674 0.039656 -0.016515
0.053110 -0.007972 0.026269 0.008703 -0.019677 0.007703 -0.074267 0.059266 -0.029835 -0.004457
0.009838 0.094785 -0.035586 -0.009544 -0.056810 -0.018348 0.031432 0.098148 -0.013858 0.013513
-0.048498 -0.040000 -0.082069 -0.025563 -0.118071 0.029658 -0.006101 0.208973 -0.123662 0.358910
-0.050538 -0.074074 -0.109183 -0.182809 -0.092802 -0.001397 -0.191978 0.057414 0.095709 -0.064738
-0.073627 -0.062949 -0.104151 -0.087491 -0.147589 -0.060713 0.010098 -0.045758 0.201929 0.236590
-0.007680 0.152509 -0.118407 -0.281091 -0.192202 0.031726 0.008127 -0.074857 -0.238826 -0.040531
0.017820 0.070329 -0.071670 -0.009427 -0.099846 -0.121873 -0.016674 0.233683 -0.135067 -0.007806
0.024403 0.040671 0.073012 0.018882 0.180909 0.064179 0.118742 0.005381 -0.077652 -0.272369
-0.054983 0.026960 0.100238 -0.016240 -0.025263 0.021670 0.024189 -0.023213 0.100191 0.024696
0.019708 0.036195 0.378274 0.258951 -0.005959 -0.072313 0.042247 -0.051423 -0.005779 0.002511
-0.031158 -0.033950 -0.008600 -0.016097 0.112686 0.031295 -0.001823 0.021456 -0.068447 -0.053649
-0.167896 0.010308 -0.036430 0.124790 0.040217 0.047206 -0.017151 -0.008995 0.020792 -0.053961
0.128773 -0.045020 -0.032310 -0.168209 0.010406 -0.009713 -0.006545 -0.028171 -0.026668 -0.000643
0.011928 -0.026200 -0.018176 0.008873 0.020733 -0.073211 -0.007345 0.007189 0.218343 0.003004
-0.076569 0.053844 -0.000126 -0.015511 -0.226777 0.012856 0.035512 -0.085432 0.087774 -0.181053
-0.107168 -0.091027 0.068630 0.158781 -0.015320 -0.030170 -0.016235 0.002571 -0.357852 -0.368613
0.075950 -0.044763 0.175798 -1.660635 0.041197 -0.908895 0.124122 -0.029154 0.017877 -0.119493
0.388633 0.040133 -0.190563 -0.327823 0.125874 0.008274 0.020192 -0.107356 -0.020739 0.146269
-0.259756 0.124247 0.030874 0.363608 -0.173045 -0.081518 -0.114175 -0.254876 0.141765 0.576067
-0.109483 0.248745 -0.016454 0.075011 -0.064063 -0.075449 -0.119680 -0.069631 0.390885 -0.052739
0.195317 0.086460 0.137010 0.083207 0.020254 0.033971 -0.331827 0.105604 -0.195192 0.055523
-0.195317 0.187685 0.055719 0.023725 -0.079101 0.106476 0.037783 -0.030483 -0.038011 -0.062277
0.021786 0.051185 -0.039408 -0.180444 -0.021329 0.150788 0.111608 -0.081154 0.064615 -0.139040
-0.016653 -0.004056 0.003771 -0.414725 0.460349 -0.070889 0.092503 -0.017993 -0.008262 0.007763
0.003064 0.079044 -0.031509 0.029228 -0.176566 -0.049331 -0.080185 0.025222 0.013473 0.163677
0.023140 0.005389 -0.108358 0.285380 0.001871 0.142348 0.060737 -0.020388 0.023454 -0.059654
-0.017024 0.036671 -0.049189 0.036671 -0.006206 -0.034960 0.041062 -0.070375 0.055348 0.066098
-0.019690 -0.055348 0.035958 0.117711 -0.217172 0.093701 0.025897 0.039466 0.039005 0.015092
0.043327 -0.020991 -0.041060 0.062848 0.048571 0.181103 0.027456 -0.045807 0.006310 0.010637
0.005682 -0.010371 -0.003394 -0.016766 -0.008746 -0.172742 -0.090552 0.075672 -0.004211 0.019627
0.011239 -0.026854 -0.094874 -0.018404 0.347185 0.046303 0.055798 -0.041273 0.056896 0.042442
-0.023736 0.042477 -0.153754 0.011505 -0.029564 -0.078223 0.042123 -0.001158 -0.009432 -0.014268
-0.058880 0.073263 0.018351 -0.033886 -0.011257 0.013737 0.153895 -0.037269 0.019432 0.019945
-0.198250 0.021292 -0.008746 -0.030928 0.019786 -0.060935 0.105644 -0.003775 0.047508 -0.027545
-0.100788 -0.014853 -0.193929 0.104318 -0.013444 -0.027403 -0.043899 0.000913 0.186772 0.078876
-0.014057 0.278246 0.118828 0.024878 0.004985 -0.023959 0.135789 0.046276 -0.207067 -0.020515
-0.075297 -0.004574 0.054414 -0.024486 -0.083974 0.028261 -0.139319 -0.122750 -0.036202 0.076179
0.012421 -0.347072 -0.008879 -0.058041 -0.010846 0.042011 -0.047355 0.027795 0.003582 -0.010595
0.044266 0.000188 0.017991 0.014388 -0.081032 0.060689 0.018236 -0.083238 0.000583 0.030099
0.177065 -0.002361 -0.009847 -0.040810 0.057845 0.054316 0.027231 -0.021900 -0.108435 -0.147751
-0.062551 -0.028776 0.045590 -0.046619 -0.183910 -0.199088 -0.189117 0.278523 0.091622 0.023183
0.116550 0.072401 0.109570 -0.076777 -0.023515 -0.074672 -0.000877 -0.014555 0.001284 0.067914
0.118101 -0.134609 -0.137046 0.023404 -0.070683 -0.147460 -0.100652 -0.072954 0.011439 -0.002976
-0.138597 0.113780 -0.007527 -0.061045 0.125191 -0.122643 0.028265 0.117436 0.017034 -0.018696
-0.031658 -0.115885 0.042044 0.009791 0.218365 0.061045 -0.000816 -0.007395 0.071182 0.061045
-0.016369 -0.008240 0.014333 0.012284 -0.271654 0.090792 -0.123973 -0.126078 0.046254 0.033043
0.043845 0.011446 -0.084033 0.098602 0.046227 -0.171612 -0.131506 0.106302 0.017234 0.047722
0.004309 0.039105 0.127109 0.031031 -0.069932 0.039919 -0.014452 0.043425 0.005536 0.067218
-0.228524 0.346676 0.296557 0.032365 -0.286062 -0.001364 0.046591 -0.037477 0.022719 0.022312
-0.014068 0.067444 -0.008148 -0.203374 0.043900 -0.039399 -0.006565 -0.063192 0.046863 0.019586
-0.043221 -0.049984 0.010958 0.006746 -0.020808 -0.018252 -0.039354 -0.010093 -0.039128 0.030398
-0.034604 -0.040553 -0.042656 0.042588 0.025829 -0.030940 -0.057267 0.007243 -0.071968 -0.023149
-0.023137 -0.001542 0.049939 0.001595 0.088659 0.016544 -0.044940 -0.112181 -0.010330 -0.030126
0.010732 -0.029832 0.021035 -0.064419 -0.052602 0.044110 0.259911 -0.251419 -0.060955 0.061011
-0.131855 -0.013716 0.365172 0.027363 0.032601 0.022041 -0.074532 -0.235775 0.004945 -0.005276
0.022712 -0.028662 0.002855 0.198230 0.076320 -0.040897 -0.089393 0.051010 -0.117217 -0.027754
-0.005433 -0.000511 -0.155656 -0.060341 -0.065760 0.028452 -0.047574 0.057826 -0.048971 0.027488
-0.036763 -0.051653 -0.011244 -0.085035 -0.014457 0.265051 0.023396 0.010776 0.084589 0.001740
-0.002024 0.063469 -0.072297 0.026162 0.023452 0.018060 -0.009400 0.013206 -0.019024 0.010057
-0.050954 -0.063078 -0.060955 0.063022 0.020770 -0.088779 0.027577 -0.055486 0.092446 -0.008317
-0.064416 -0.010784 -0.107642 0.207051 -0.025079 0.011843 -0.067867 0.073315 0.453574 -0.422577
-0.589913 -0.062600 0.323532 -0.000247 -0.004787 0.015430 -0.031905 0.000679 -0.015665 0.017118
0.009482 -0.320142 -0.046768 -0.030800 -0.060057 0.091902 -0.091902 0.054669 -0.017920 0.103707
0.068533 0.036476 -0.034630 0.036264 0.015998 -0.025185 -0.123383 0.086150 -0.006610 -0.018102
0.004431 0.086513 0.019328 -0.124109 -0.016800 -0.129316 0.102799 0.007140 -0.035023 -0.000441
-0.003317 -0.227635 -0.064900 0.190705 0.031451 -0.017254 0.097169 0.040986 -0.006440 0.008756
-0.037278 0.010638 -0.038835 0.056791 -0.133221 0.738817 -0.060954 0.015667 -0.012235 -0.037786
-0.154958 -0.010305 -0.049958 -0.032860 -0.059937 -0.034481 -0.028475 0.016478 -0.032733 -0.028220
0.004588 -0.056473 -0.036293 -0.012736 -0.010368 -0.026552 0.022723 -0.059555 -0.008827 -0.095530
0.167289 0.013284 -0.010241 0.018607 -0.006976 -0.055837 -0.018750 -0.087267 0.013769 0.005454
-0.085424 -0.095022 0.040233 0.193603 0.072522 0.107098 0.057617 -0.090318 0.051356 -0.014523
-0.109831 0.021308 0.022627 0.012529 0.034767 -0.019147 0.055551 -0.002809 -0.071759 -0.060604
0.019243 0.074937 0.003867 -0.039788 0.013715 0.032011 0.031813 -0.040469 -0.066799 -0.004105
-0.133599 -0.052552 0.343951 -0.578543 0.018936 0.051182 0.031704 0.063228 0.016240 0.031903
-0.022561 -0.067557 -0.014382 -0.368190 -0.166493 0.000702 0.007611 -0.017033 -0.039171 -0.033544
0.142039 0.011885 -0.031452 -0.490246 -0.010451 0.102291 -0.081155 -0.262436 -0.392716 0.025465
-0.313365 -0.009423 0.068350 0.283067 -0.005559 -0.017629 -0.052336 0.012678 -0.023589 0.014364
0.007078 0.219009 -0.176448 -0.049631 0.103806 0.032877 -0.041371 0.000494 0.022615 -0.018061
0.100992 -0.052660 -0.053959 -0.099117 0.249019 0.034554 0.032660 -0.001871 0.004790 -0.042166
0.064204 0.030486 -0.039448 -0.004359 -0.095204 0.050932 0.007138 0.001944 -0.051520 -0.067241
-0.299522 0.347907 0.119005 0.051128 0.323421 -0.015329 0.032690 -0.078358 0.038346 -0.020912
0.012598 0.019993 -0.026495 -0.517943 0.019602 -0.022675 -0.015451 0.007193 0.016724 -0.062098
-0.032959 -0.082863 -0.030143 0.010756 -0.070032 -0.034624 0.247414 -0.031196 0.022283 0.046892
-0.004368 0.024266 -0.036510 0.112835 0.025515 -0.001884 -0.021781 0.013676 0.118810 -0.002969
0.143394 -0.054361 0.061658 0.057691 0.079631 0.032543 -0.051814 0.027254 -0.054214 -0.030315
-0.012194 -0.000833 0.043405 -0.014650 0.155231 0.003865 -0.034171 -0.029067 -0.029573 0.051159
-0.031346 -0.016365 0.004805 0.168634 -0.037502 0.001992 0.035476 -0.047419 -0.061757 0.113072
-0.008874 -0.066316 -0.002102 0.006911 -0.368127 0.019190 0.000465 -0.035846 -0.006361 -0.032573
-0.032496 0.041145 0.003570 -0.020709 -0.052834 0.002100 0.009882 -0.015663 0.010988 -0.083694
0.034327 0.058952 -0.049367 -0.056575 0.015741 -0.114397 -0.044340 0.037561 -0.038048 0.018829
-0.037911 0.008660 0.070524 -0.009488 0.043834 -0.053614 -0.003560 -0.005338 0.010910 0.002110
-0.082213 -0.042743 -0.026145 0.039704 0.016900 0.015848 
