-0.048461 -0.007679 -0.094793 0.042870 -0.078132 -0.134125 0.012962 -0.313440 -0.080186 -0.033893
-0.117312 0.009481 -0.064057 -0.015986 -0.040892 -0.123626 -0.097836 -0.071285 -0.142341 -0.010508
-0.036688 -0.015358 -0.061166 0.053483 -0.007089 -0.078208 0.070600 -0.049450 -0.028871 0.008782
-0.017079 -0.014578 -0.017098 0.010993 -0.029214 0.031458 -0.008915 -0.088478 -0.013846 0.016994
-0.002327 0.069953 0.038781 0.044049 -0.017051 0.025981 0.219256 0.166154 0.064818 0.031896
0.096619 -0.014702 -0.126441 0.017935 0.031953 -0.108335 -0.074936 -0.011545 -0.039865 -0.075659
-0.037335 0.133212 0.026836 -0.019390 -0.036688 -0.038134 0.004322 0.017374 0.036955 -0.036004
-0.028776 -0.010194 0.008202 -0.000075 0.071399 0.019381 -0.003176 0.000118 -0.001869 0.017060
0.066910 -0.107498 -0.630531 -0.044315 -0.033094 -0.178022 -0.077029 -0.024459 -0.122637 -0.068356
0.032181 0.083838 0.003224 0.045532 0.029632 0.010337 0.068508 0.049907 -0.044239 0.124083
0.394691 0.017479 -0.053445 0.010518 -0.200845 -0.079197 -0.114573 -0.109856 -0.091902 0.024744
0.177261 0.007303 -0.184108 -0.008311 0.086805 0.079121 0.039180 0.035338 0.015995 0.033132
-0.043288 0.000937 0.017051 0.031477 0.004113 0.062498 0.070638 0.041729 0.002181 0.050477
-0.011478 -0.016899 -0.016024 -0.017621 -0.049450 -0.119138 -0.082240 0.032523 -0.015777 -0.037145
-0.046027 -0.023489 0.016851 0.027464 -0.057515 -0.149493 -0.022500 -0.042223 -0.086348 -0.002368
-0.090380 -0.032561 0.010347 -0.004470 0.139755 0.077903 0.165393 -0.171783 -0.072882 0.056335
-0.021492 -0.054357 0.045913 0.003352 -0.174370 0.027027 -0.029632 -0.093956 -0.017507 0.021416
0.029309 -0.034767 -0.026722 0.051314 -0.019875 0.061014 -0.013960 -0.047130 -0.061281 -0.009220
-0.009519 -0.003074 -0.052874 -0.089163 -0.065389 0.081860 -0.078056 -0.034197 -0.029043 0.078360
0.023147 0.046521 0.021853 -0.035604 0.001367 0.017232 0.033836 0.014150 0.018249 0.027502
-0.051238 -0.074404 -0.002167 -0.018306 -0.065275 -0.072464 -0.082468 -0.033988 -0.265815 0.089239
-0.060596 -0.061319 -0.069345 -0.030222 0.020712 -0.100042 -0.085892 -0.095706 -0.056526 0.066111
-0.008725 -0.037982 0.018496 -0.016927 -0.013770 0.049755 0.687133 0.094184 0.053863 0.172088
0.068051 -0.016804 -0.049298 0.013513 -0.110845 -0.094412 0.002539 -0.067861 -0.089924 -0.047320
-0.025543 -0.039218 -0.020959 0.084903 0.092206 0.032599 0.023185 0.050668 0.033569 -0.011383
0.007979 0.018002 -0.049374 -0.017308 -0.000175 -0.018268 0.028130 -0.005021 0.026646 0.030640
-0.083229 -0.054586 -0.033759 0.111302 0.002116 0.034387 0.017802 0.024117 -0.014997 -0.079805
-0.031420 0.050325 0.057781 -0.021815 -0.020027 0.007655 0.069839 0.033170 0.042413 -0.039294
-0.030716 -0.073947 -0.071285 -0.047054 -0.033531 -0.047054 -0.011602 -0.014892 -0.041855 -0.072045
-0.049076 0.019219 0.057269 -0.046132 -0.031495 0.002566 -0.059158 0.025996 -0.022122 -0.045549
0.000891 -0.023219 0.050104 0.017511 0.014234 0.124871 -0.088765 0.031412 0.145534 -0.145090
-0.015123 0.192861 -0.112817 -0.035050 0.069212 0.037800 0.018678 0.012894 -0.019455 -0.015331
-0.039550 0.024427 0.021650 -0.024663 0.055131 0.012665 -0.069323 0.042022 -0.023080 -0.031940
0.058825 0.026510 0.066324 0.004746 -0.083099 -0.021455 0.024344 0.032051 0.037689 0.014442
-0.026788 0.036745 -0.025232 -0.008520 -0.001927 -0.108873 -0.075211 -0.072489 -0.040355 -0.011061
0.001427 -0.066268 -0.024927 -0.014623 -0.042605 -0.011984 -0.026816 -0.024191 -0.026288 -0.024344
0.020344 0.058491 0.056381 0.016428 0.035384 0.065768 -0.027788 -0.049021 0.007346 -0.000303
-0.011977 0.023608 -0.020289 0.076822 0.145423 0.057269 0.130536 0.168420 0.001562 -0.021122
-0.071656 0.028468 0.043299 -0.024149 0.022580 0.005624 -0.090431 0.020011 0.072212 0.227967
-0.000066 0.112150 0.449490 -0.010242 -0.013831 0.123649 0.018303 0.068212 0.147867 -0.008686
-0.031051 0.017622 0.094542 -0.066213 -0.116650 0.025455 -0.030745 -0.004857 0.037245 0.004051
0.029746 0.019261 0.001469 -0.023594 0.012658 -0.036772 -0.057603 0.076600 0.100763 0.016886
-0.037328 -0.024469 0.010915 -0.009193 -0.003210 0.042299 -0.003822 -0.091875 0.015137 0.047826
0.030718 0.018733 -0.013727 0.017303 0.010547 -0.020733 -0.071490 -0.019039 -0.013144 -0.007575
-0.029412 0.110984 -0.082766 -0.023816 0.165531 -0.122093 0.014317 0.066213 -0.102429 0.032745
0.019622 0.024316 -0.101430 0.072267 0.079377 0.046438 -0.010360 -0.033856 -0.092709 -0.035661
-0.032134 -0.053964 -0.086932 -0.019997 0.043160 -0.026607 0.022622 0.085876 -0.020080 -0.060213
-0.090431 -0.029301 -0.090265 -0.034856 -0.029579 -0.006023 0.039578 0.003005 0.013297 -0.009082
0.045882 0.005558 0.035495 0.026441 0.035717 0.065879 -0.048021 -0.015609 -0.022747 -0.122093
-0.136536 -0.018164 -0.035106 -0.076155 -0.006343 -0.076544 -0.189306 -0.165198 -0.091764 -0.385499
-0.213302 -0.048743 -0.124982 -0.046188 0.010478 -0.046354 -0.001227 0.035856 0.006923 -0.034662
-0.008395 0.018525 -0.030940 -0.040966 -0.056492 0.010526 -0.065379 -0.112095 0.140202 0.023149
-0.013720 0.019817 -0.046104 -0.060602 -0.092986 0.007763 -0.010929 0.078377 -0.004728 0.049159
0.017053 0.063602 0.042966 -0.015414 0.022886 -0.020691 -0.049548 0.064546 0.043466 -0.025121
-0.046354 -0.083210 -0.135980 -0.027246 0.005173 -0.013241 -0.005791 0.027371 0.056325 -0.026288
-0.013324 0.052631 -0.041938 0.009797 0.240631 0.042410 0.072878 0.237076 0.036384 -0.020664
-0.026413 0.006683 -0.002998 -0.033134 -0.025191 0.004267 -0.044771 -0.067323 0.003062 -0.040077
-0.055186 0.021066 0.018844 -0.009721 0.025232 -0.012387 -0.033584 0.032467 -0.008569 0.077697
-0.052250 -0.242505 0.003792 -0.282710 -0.202087 -0.067167 0.021379 -0.015648 0.016207 0.077006
-0.075730 -0.012630 0.004966 -0.082856 -0.107585 -0.021844 0.008336 0.248248 0.013102 -0.118062
0.103543 0.007990 0.058499 -0.076155 -0.035605 -0.010590 0.013289 -0.031616 -0.013840 0.010862
-0.171455 -0.019597 -0.001300 0.023812 -0.001870 0.572652 -0.269095 -0.127953 0.284411 -0.260161
-0.176773 0.056744 0.053021 0.003985 0.043023 -0.013029 0.018600 0.046347 -0.000536 -0.108914
0.007518 -0.079293 0.087163 -0.012172 -0.001933 0.060786 -0.182942 0.009672 0.053846 0.000895
0.019172 0.088493 0.097534 0.075783 -0.032041 0.063445 -0.011693 0.012630 -0.222934 -0.066902
-0.015755 -0.442039 -0.071050 -0.120721 -0.389497 -0.380350 -0.131569 -0.068763 0.008276 -0.015901
0.004301 0.000351 0.047517 0.127634 0.022841 0.015622 0.099448 -0.065306 -0.059509 -0.279306
-0.128166 0.135292 -0.051000 0.124550 0.069135 -0.021831 0.036535 0.023852 -0.005863 -0.029249
0.001164 -0.133697 -0.036083 0.034381 -0.135505 -0.062328 -0.035259 -0.090673 -0.070890 -0.009832
-0.055840 -0.115828 -0.055521 -0.016499 0.005916 0.035232 0.004002 0.069029 0.097693 -0.085887
0.027681 0.007159 0.159649 -0.035605 -0.173795 0.268882 -0.014678 -0.113169 0.102214 0.076049
0.004996 -0.287602 -0.028505 0.018494 -0.365884 -0.082005 0.012870 -0.134335 -0.074081 -0.050894
-0.145290 -0.056957 -0.042944 -0.439912 -0.263564 -0.002752 0.110935 -0.306747 -0.142950 -0.085940
0.096364 0.050921 -0.120614 0.031776 -0.015063 -0.104926 -0.049272 -0.041641 -0.073868 -0.082962
-0.007179 -0.109127 -0.035392 -0.060839 0.048474 0.037625 0.037945 -0.032201 -0.007306 -0.037413
-0.804946 0.345463 0.502027 0.599880 -0.111893 -0.312704 0.070199 -0.094077 -0.000483 -0.042598
-0.158692 -0.073975 -0.042624 0.063445 -0.004683 -0.224211 -0.024729 -0.071688 -0.162733 0.113701
0.182942 0.340570 -0.107425 -0.108914 -0.112743 -0.272286 -0.044566 0.059669 -0.213149 -0.035844
-0.004128 -0.200279 -0.034222 -0.138802 0.117530 -0.027468 -0.121465 0.003018 -0.036349 0.109978
-0.020674 -0.026684 -0.066370 -0.101629 -0.037625 0.137100 -0.042518 -0.024264 0.119232 -0.029117
0.009174 0.067752 0.099076 0.010969 0.072273 0.013189 -0.061105 0.046666 -0.063551 0.047623
-0.034009 0.025514 0.084079 -0.084079 -0.012564 0.052915 0.109765 0.058924 0.011434 0.047118
0.067752 0.082856 0.659868 0.187941 -0.082643 0.314831 0.164329 0.083494 -0.056584 0.063604
0.068337 -0.033610 0.119763 -0.063126 -0.011141 0.014146 -0.132527 -0.151672 -0.064455 0.060573
-0.032095 0.251865 0.361630 0.051825 0.067433 -0.139972 -0.147843 0.007120 0.011893 -0.101203
0.017909 -0.004949 -0.082803 0.106521 0.058286 -0.049538 -0.014120 0.097055 -0.014372 -0.040364
0.119763 0.019783 -0.041534 0.042226 0.010332 -0.104576 -0.007816 0.050821 -0.059133 -0.081855
0.147143 -0.134488 0.008751 0.116023 -0.106704 -0.118381 -0.005781 0.044551 0.007352 -0.066324
0.018594 -0.010354 0.030631 0.135293 0.062642 0.118612 -0.127355 0.035319 0.221117 -0.269436
0.233312 -0.034197 0.040093 0.000930 -0.001186 -0.043516 0.042912 -0.039892 -0.054445 0.013446
0.025137 -0.037706 -0.007665 -0.050361 -0.010397 0.050505 0.092209 0.130001 -0.017343 0.009800
-0.019874 -0.014898 -0.009549 0.078058 -0.065691 -0.013496 -0.050850 0.039432 -0.061434 0.099169
0.023397 -0.110501 -0.015488 0.052691 0.025799 -0.039863 -0.084846 -0.036182 0.043516 -0.027208
-0.048146 -0.053467 -0.001034 -0.006284 -0.059823 0.045299 -0.045702 -0.156001 -0.045443 -0.066956
-0.029768 -0.064483 -0.061779 -0.089333 0.044925 -0.000745 0.155081 -0.021370 0.116253 0.146452
0.041646 0.592252 -0.232276 -0.169462 0.115620 0.050534 -0.060284 0.048003 0.075240 0.047025
-0.037332 -0.055135 0.048722 -0.167621 0.016078 0.001761 -0.129886 -0.123328 0.007801 -0.002198
-0.201674 -0.140815 0.217780 -0.178550 0.014007 0.240674 0.091116 -0.007111 0.007305 -0.015847
0.017487 -0.048434 -0.019198 0.062872 0.007043 -0.067762 -0.003356 0.009254 -0.080647 0.023714
-0.072709 -0.073974 -0.036642 -0.128275 -0.166240 -0.109293 -0.080014 -0.149444 -0.074434 -0.021686
-0.059939 0.043199 -0.090886 0.035578 -0.031609 0.072709 0.067474 0.009649 0.017084 -0.101182
0.000679 -0.170152 0.029739 -0.054589 0.020478 0.037649 0.026504 0.029682 -0.213294 -0.006241
-0.059881 -0.411401 0.033047 0.414393 0.288303 0.064770 -0.023297 0.023613 0.075240 0.000616
-0.029408 0.002517 0.000224 -0.002705 -0.094049 -0.062987 -0.057781 -0.067014 -0.415313 -0.041416
0.193161 -0.246197 0.303949 -0.127240 -0.087492 -0.001721 -0.011188 0.012382 0.065173 -0.018680
-0.082257 -0.119877 -0.103771 0.063908 -0.032443 -0.006194 -0.058040 -0.021413 0.059018 -0.047082
0.119762 -0.033277 -0.009060 -0.012662 -0.020032 -0.029682 0.008952 -0.072939 0.104749 -0.015876
-0.037045 0.182001 -0.314073 -0.040582 0.265294 -0.137364 -0.013719 -0.171187 0.592713 0.111594
-0.019299 -0.044062 -0.007794 0.028071 -0.058472 -0.068452 0.109696 -0.006292 0.018307 -0.106877
-0.239524 -0.050390 -0.188444 -0.113722 -0.077483 -0.719262 -0.245046 0.111594 0.137249 -0.004997
-0.082717 0.015042 0.011986 0.183037 0.017976 -0.054733 0.010505 -0.018522 0.016322 -0.013547
-0.056746 0.071040 0.001659 0.012475 -0.073054 0.086399 0.048607 0.058961 0.025626 0.077138
0.005594 -0.104921 -0.025267 -0.060399 -0.125629 0.084961 0.053784 -0.048146 0.008003 0.133107
0.144497 0.040122 -0.030228 -0.161869 -0.022606 -0.018652 -0.008729 -0.063562 -0.008535 -0.093014
-0.045961 0.002125 -0.026992 -0.080359 -0.026619 -0.000042 -0.055653 0.044235 -0.008075 0.038885
-0.102908 -0.103771 0.035319 0.046276 0.060542 0.039523 0.062893 0.062661 -0.001204 0.044124
0.016369 0.007510 -0.020738 0.039027 -0.002100 0.010584 0.113604 -0.006591 0.009608 -0.031248
-0.080436 -0.049222 -0.033449 -0.037868 0.088315 0.003283 0.034624 0.045150 0.023965 -0.038166
-0.031297 0.001463 -0.053028 0.018090 0.013356 -0.025852 0.075405 0.002865 0.020606 0.004663
0.007874 -0.024164 -0.032075 0.017213 -0.029328 -0.079708 0.038960 -0.003565 0.072889 0.050844
0.015409 0.039093 0.066766 0.024594 -0.053062 -0.003840 -0.067792 -0.064746 -0.043727 -0.059715
-0.019762 -0.009045 -0.038298 -0.008255 -0.006562 0.023999 0.008114 -0.024644 0.025389 -0.099172
-0.089705 0.054452 0.033614 -0.064051 0.002220 -0.047302 -0.050149 -0.039722 0.087586 0.118040
-0.055180 -0.023502 0.012661 0.003031 -0.048063 -0.020672 -0.009202 -0.039027 -0.038696 -0.021532
0.084541 0.005735 0.046375 0.120621 0.048361 -0.057199 -0.064084 0.023932 -0.025372 -0.034525
0.037338 0.042899 -0.029692 0.019282 0.028550 -0.039258 0.002387 0.009757 0.005127 0.025985
-0.050778 -0.033482 0.018454 -0.024296 -0.013092 -0.057961 0.020175 0.002398 -0.018669 0.009781
-0.059185 0.029758 0.037405 -0.069976 -0.005706 -0.003923 0.014606 -0.043429 0.037603 0.039523
-0.039291 0.027242 -0.030801 -0.023568 0.006989 -0.006020 0.004171 -0.037305 -0.006248 0.002675
0.002176 0.036279 0.013009 -0.012314 0.002253 -0.017759 -0.002057 0.053558 0.019679 0.031661
0.036180 0.052830 0.019596 0.084078 0.018057 -0.019596 0.032175 0.052664 -0.040814 0.091558
0.026134 -0.003312 0.143528 0.092419 0.043727 -0.009897 -0.048891 0.024710 -0.051903 -0.115259
0.021003 -0.001737 -0.106322 0.022211 0.039192 -0.068785 -0.023270 -0.026183 0.036941 0.052797
0.036743 -0.004150 0.001997 -0.011023 0.002160 0.006124 0.021003 0.069778 0.020175 0.061436
0.037537 -0.001691 -0.046276 -0.019431 0.033813 0.116782 0.053757 -0.038696 -0.046607 -0.008068
0.003627 -0.043032 -0.021847 -0.046905 0.063522 0.033631 0.005052 0.126712 0.011677 -0.018156
-0.077457 0.028964 0.039821 0.003724 0.021930 0.034128 0.038232 0.029162 0.026762 -0.004853
0.011064 0.048692 0.028633 0.006732 0.003780 0.005255 -0.016087 -0.019795 0.049950 0.018123
-0.012512 0.031446 0.031264 0.008337 -0.024561 0.058258 -0.006918 -0.043363 -0.000289 -0.001888
0.012165 0.049056 0.021086 -0.007311 -0.048527 0.031546 0.055246 -0.023287 -0.039953 -0.048063
-0.061900 0.013340 0.020920 0.036776 -0.022509 0.000828 0.019530 -0.012065 -0.025174 0.015500
-0.002452 -0.020126 0.008582 0.031844 -0.005842 -0.038828 0.000286 -0.010890 -0.003819 -0.022691
0.007795 -0.011470 0.049453 -0.018156 0.038331 0.012967 -0.020225 0.009260 0.011097 -0.031016
-0.023005 -0.009244 -0.043131 0.040682 -0.020721 -0.088579 0.073022 0.016062 -0.010121 -0.031397
-0.050933 -0.062110 -0.013532 -0.069279 -0.022550 -0.031479 0.026363 0.082249 0.071495 0.073320
0.052399 0.070648 0.048489 -0.016766 0.046175 0.053344 0.027878 0.059634 0.014819 -0.067976
-0.033988 0.085573 -0.077035 -0.087397 0.167626 0.005772 -0.057907 0.018151 -0.056733 -0.007234
0.154200 0.225891 0.020676 0.176098 0.598552 0.044481 -0.010982 0.019422 -0.041352 -0.068171
-0.072342 -0.119072 0.073711 0.088310 -0.107862 -0.045198 -0.029768 0.041124 -0.068106 -0.081662
0.019878 -0.015291 0.060057 0.029475 -0.013027 0.091308 0.015910 0.035617 0.010314 0.010941
0.018607 -0.123373 0.013418 -0.047088 -0.130738 -0.007866 0.091438 -0.017320 -0.034998 0.218461
0.389997 0.067194 0.021149 0.063088 0.047446 -0.050021 -0.016831 0.002308 -0.070452 -0.080424
0.027128 0.013002 -0.019503 0.029915 0.029963 -0.006126 -0.040375 0.007079 0.037051 -0.042526
-0.028790 0.035063 0.109752 0.011707 -0.001015 0.013165 -0.049597 0.038029 -0.017988 -0.019503
-0.066868 -0.064424 -0.039886 -0.050607 -0.031332 -0.019992 -0.008741 -0.027862 0.006876 -0.012912
-0.007540 -0.004200 0.003929 -0.039039 -0.016798 -0.050314 -0.056864 0.021295 -0.015837 0.028432
-0.007251 -0.040342 0.053442 0.008281 0.079186 0.018249 -0.033190 -0.022371 -0.042786 -0.011063
0.001569 -0.045230 -0.021621 0.161109 0.049597 0.010591 -0.025743 -0.041744 -0.003084 -0.116400
-0.039886 0.057809 -0.394168 -0.175577 0.003841 0.003047 -0.067520 -0.119007 -0.235928 -0.123829
0.156937 -0.159805 -0.273728 -0.025483 0.012122 -0.009157 -0.010607 0.004371 0.066346 0.011308
0.021361 0.027976 -0.086224 0.001707 0.010273 -0.165410 -0.071234 -0.043340 -0.185874 -0.020285
0.072799 0.034868 0.013377 -0.025646 -0.005719 -0.029524 -0.076839 0.105646 -0.006094 -0.015568
0.031658 0.071169 -0.039528 0.075080 0.054648 0.003415 0.102518 0.042200 -0.006697 0.027161
0.052204 -0.011935 -0.057059 -0.054420 -0.035128 0.159544 0.063577 -0.014957 -0.049597 -0.000531
-0.021540 -0.110860 -0.087397 0.037638 0.054778 -0.332123 -0.064065 -0.007984 0.027976 0.009312
0.050705 -0.077361 0.008342 -0.045556 -0.026314 0.032538 0.016212 -0.001309 0.010110 0.059764
0.026265 0.029328 0.052595 0.030778 -0.082640 0.000041 0.007381 0.016261 -0.011063 -0.009393
0.017092 -0.057483 -0.008342 0.036399 0.012196 -0.017760 0.016929 0.025515 -0.025678 -0.027487
0.084921 0.041711 0.091960 0.017141 -0.022501 -0.012350 -0.015332 -0.028627 -0.035291 0.050575
-0.067715 0.016619 0.020921 0.014925 -0.001498 0.033629 0.027552 0.055951 -0.030094 0.091894
0.178445 0.006285 -0.020106 0.037214 -0.027568 -0.031348 -0.048717 0.000797 0.043405 0.015650
-0.051780 -0.046794 0.022860 -0.105190 -0.095805 -0.000269 -0.108383 -0.451521 -0.112685 -0.048131
-0.018330 0.042493 -0.072733 -0.169190 0.172449 0.016424 -0.015935 -0.102844 0.163246 0.071627
-0.047347 -0.196013 -0.049358 0.021677 -0.482402 -0.051044 -0.014321 0.078192 0.057047 -0.049062
-0.003440 -0.055835 -0.009316 -0.114508 -0.022106 -0.038446 0.165138 0.048412 -0.122671 0.261903
0.242976 -0.229253 0.216596 0.048767 -0.297627 -0.044863 0.008414 0.008155 -0.058940 -0.021071
0.018927 -0.056633 -0.028391 0.007904 -0.097474 -0.020568 0.026794 -0.008074 -0.087715 -0.107766
-0.249837 -0.181936 -0.048678 0.073046 -0.060093 0.002625 0.023452 0.083456 0.064234 0.002277
0.102383 0.078784 -0.040930 -0.036139 -0.013582 -0.065180 -0.051192 -0.010513 0.087183 -0.074466
0.062755 -0.054445 -0.136275 0.043503 -0.128940 -0.071095 0.055746 -0.016369 0.017596 0.056308
-0.089430 -0.057698 -0.011423 0.087123 0.007216 -0.006532 0.081504 0.089903 0.046075 0.130833
0.033921 0.089903 -0.279410 -0.074998 0.100313 -0.285325 0.152481 -0.028302 -0.116933 -0.004976
-0.011925 -0.084994 -0.026764 0.009656 -0.087123 0.103566 0.022491 0.061335 -0.231856 -0.002305
-0.096705 0.014972 0.077896 0.152008 0.030402 -0.020243 0.256224 -0.022786 0.002939 -0.076654
-0.014092 0.038564 -0.084462 -0.134264 0.078015 0.041255 -0.183237 0.052138 0.220973 -0.069024
0.065062 -0.131779 0.059768 0.002737 -0.090022 -0.203465 0.002105 0.164902 0.136866 0.088306
0.092861 0.268054 -0.071923 -0.143017 -0.122671 -0.074229 -0.066126 -0.144200 -0.069143 0.025271
-0.095463 -0.019474 -0.073046 -0.077896 -0.068315 0.258590 -0.049536 -0.021589 0.056219 -0.118590
-0.025448 0.387531 -0.177322 0.165257 0.432246 -0.184184 0.095936 -0.621279 0.118471 0.005859
0.126693 -0.114035 0.005349 -0.017419 -0.191399 -0.015999 0.154610 -0.079848 -0.074348 0.123144
0.090672 0.012376 0.509610 -0.289110 0.006447 0.359377 -0.375465 0.132134 0.151416 -0.097119
-0.128112 0.041225 -0.105873 -0.000854 -0.177204 -0.012325 -0.016650 -0.109067 -0.071804 -0.011903
-0.023555 -0.084876 0.057994 0.021456 -0.110960 0.059295 0.011282 0.088366 -0.103389 0.055036
0.155675 -0.097829 -0.115455 0.018188 -0.045514 0.377121 0.131188 0.048146 0.703139 -0.171053
-0.010683 -0.469390 0.049003 -0.103685 -0.013463 0.042379 -0.041492 0.050541 0.036878 -0.009264
-0.144673 -0.006148 0.002996 0.051310 -0.361743 0.065890 -0.070799 -0.261193 0.032028 -0.000030
-0.220381 -0.049476 0.041432 0.076418 -0.035163 -0.029529 -0.164665 0.043059 -0.155556 -0.134382
0.067191 -0.013449 -0.040190 0.065653 -0.013434 0.013900 -0.013567 -0.081564 -0.025640 -0.028967
0.045750 0.016872 0.001915 -0.070858 -0.073815 0.063760 -0.045721 0.039007 -0.000165 -0.013892
0.014402 -0.062045 0.046253 -0.339977 -0.067960 -0.203229 -0.252912 0.084698 -0.044686 -0.026409
-0.083515 -0.078725 -0.089253 -0.108535 -0.129413 -0.036435 -0.046194 -0.026690 -0.065476 -0.004033
0.167268 -0.159460 0.061868 -0.089726 0.034394 0.121724 -0.001251 0.039270 0.020420 -0.011789
0.003040 -0.032859 -0.022486 0.028208 0.006358 -0.014774 -0.017338 -0.000037 0.010746 0.007736
-0.012640 -0.037260 0.007531 0.039232 0.004638 -0.011243 -0.012535 0.012305 0.078310 0.078693
0.032840 0.078616 0.041413 -0.022295 -0.034600 -0.008349 0.038868 -0.047690 -0.010382 0.012745
-0.075975 0.020266 -0.043404 -0.002995 0.003406 -0.000462 0.019023 0.019424 0.051786 0.351821
0.131971 -0.034773 -0.051862 -0.010650 -0.017606 -0.034237 0.029663 -0.015453 -0.033356 0.031959
0.000870 -0.011444 0.027500 -0.003725 0.030007 0.005751 -0.001497 -0.000687 -0.031098 -0.013779
0.037758 0.018027 0.092165 0.061737 -0.009865 0.044131 -0.015109 -0.003973 -0.033567 -0.013846
0.002844 0.079918 0.007832 0.025108 0.004961 0.093773 0.085812 0.011521 0.011798 -0.000172
0.018238 0.030122 -0.004490 -0.010210 0.025874 -0.038791 -0.029720 -0.068359 -0.010966 0.017243
0.045356 0.081984 -0.011339 0.039653 -0.031691 -0.016726 -0.012324 -0.009583 -0.005693 0.030428
0.038390 0.000889 0.017262 0.009282 0.009497 -0.039844 -0.006291 0.011626 -0.005880 -0.000135
-0.025280 -0.033758 0.002082 -0.014764 0.008349 -0.013100 0.014994 0.023041 0.010296 0.025185
0.031213 0.028419 0.028036 -0.028323 -0.043748 0.044705 0.007684 -0.043250 0.062809 0.046351
0.021204 0.012640 -0.027290 -0.004787 0.002569 -0.010420 -0.027864 0.025013 -0.007846 -0.036782
-0.004409 -0.062732 -0.002729 0.044935 0.043212 0.020687 0.006942 -0.063574 -0.000474 -0.004198
0.003194 0.009564 0.020764 -0.002331 0.057718 0.020745 -0.000391 0.009932 0.075439 0.007229
-0.051594 0.030792 -0.024209 -0.112604 0.038543 -0.027692 -0.065220 0.032132 -0.067172 -0.022123
0.073717 0.070081 0.005091 -0.040724 -0.198569 -0.137253 0.006866 -0.009310 -0.046695 0.072684
0.006483 0.016219 -0.007191 0.011789 0.006454 0.003337 -0.001569 0.029051 -0.001119 -0.001200
-0.038906 -0.069201 -0.281702 -0.095840 0.042982 -0.028208 -0.032725 0.050331 -0.009282 0.035672
0.036533 0.065756 -0.009636 -0.009913 -0.063230 0.012171 -0.006459 0.019453 -0.019147 0.000816
0.031290 0.016276 -0.015501 -0.017118 0.002335 -0.048341 0.006899 0.018889 0.039423 -0.028132
-0.043021 -0.016190 -0.013367 0.038198 -0.000758 0.014143 0.040074 0.006043 -0.016276 0.026084
0.043404 0.016047 0.039270 -0.038390 -0.045891 0.020113 -0.078693 -0.065182 -0.043671 0.036380
0.042255 0.023826 -0.068512 -0.092472 0.024037 0.019807 0.078310 -0.024534 0.028534 -0.031500
-0.005904 0.008315 -0.008095 -0.005129 0.009114 0.022582 0.021817 0.022620 -0.010851 -0.047422
-0.010459 0.061393 0.049948 -0.005827 -0.092319 -0.084893 -0.000925 0.053278 -0.014449 0.005904
0.056340 0.008291 -0.030677 0.076549 -0.018707 -0.011061 -0.008664 0.009487 0.020515 0.041413
-0.032591 -0.021396 0.009664 -0.014018 -0.022817 -0.156296 0.001103 -0.098451 -0.185601 -0.089975
-0.049609 0.006482 -0.017562 0.012558 0.024780 -0.104867 -0.074700 0.036273 0.429813 -0.111763
0.069720 0.543204 -0.166639 -0.141164 0.320253 0.112146 0.077190 -0.522518 -0.076663 -0.073072
0.040726 0.021404 0.033783 0.000326 -0.001983 -0.059473 0.048100 -0.049800 -0.014078 0.130534
-0.019860 0.012534 -0.023332 -0.025690 -0.002276 -0.067996 -0.054780 0.088970 0.077573 -0.027989
0.031771 -0.124021 -0.111859 -0.240190 0.057079 -0.247085 -0.234060 0.555463 -0.174300 -0.101324
0.112433 -0.003502 0.071971 0.072737 -0.075131 -0.082122 -0.136663 -0.057270 0.019752 0.052434
0.013408 0.026097 0.008919 0.069146 0.017250 -0.038834 -0.036416 0.042162 -0.044772 0.003265
0.016927 -0.031149 -0.013970 0.020004 -0.063399 -0.010690 0.019908 0.029138 0.028084 -0.063782
-0.095338 0.069720 0.001710 -0.034645 0.021871 -0.035004 -0.109273 -0.068331 -0.036273 -0.002960
-0.032155 0.031676 -0.008954 -0.009996 0.008015 0.053822 0.033160 0.062873 0.375799 0.125937
0.079106 0.015838 -0.026265 0.036440 -0.017598 0.009397 -0.138578 -0.136280 0.105251 -0.061915
-0.464290 -0.047358 -0.160988 -0.060766 -0.140877 -0.182153 0.169991 0.116934 0.217588 -0.009272
-0.071492 -0.015598 -0.014844 -0.136184 -0.116073 0.040582 -0.123351 -0.018711 0.041540 0.030718
0.017454 0.076041 -0.000244 -0.063830 0.074748 -0.031628 -0.072258 -0.054636 0.009984 0.019477
-0.091939 -0.058755 0.065985 -0.090598 0.017143 0.138195 0.022877 0.096296 -0.001379 0.086528
-0.074509 -0.022111 0.239423 0.028180 -0.053104 -0.077094 -0.001077 -0.010846 0.015263 0.004399
0.008344 0.010271 0.145569 0.042498 -0.040798 0.047837 0.033088 0.026361 -0.003011 -0.055450
0.014844 0.002423 -0.073982 0.031748 0.015000 -0.024661 0.057031 -0.119041 -0.024804 0.107070
0.018867 0.163766 0.009894 -0.030838 -0.010816 -0.107453 0.053918 0.043479 0.021321 -0.020973
0.006770 0.081979 -0.016101 -0.015048 0.041971 -0.063208 -0.110518 -0.212033 -0.085953 0.028874
-0.131587 -0.084756 -0.005878 -0.038332 -0.156200 -0.190390 0.058180 -0.172481 -0.374075 -0.205713
0.062059 0.152561 0.042929 -0.172960 -0.449350 -0.738191 -0.138674 -0.075323 -0.397635 -0.023236
0.017981 -0.013300 -0.027558 -0.040295 -0.106304 -0.042139 -0.100558 -0.038739 -0.017765 0.026025
-0.018065 -0.072928 0.112625 0.667704 -0.033663 -0.067805 -0.023811 0.005198 0.010672 0.015874
0.033376 -0.008841 -0.068188 -0.023739 -0.002791 0.027749 -0.003154 0.002833 -0.046496 0.054397
-0.005668 -0.084947 0.088395 -0.012402 0.093136 -0.008853 0.022937 0.068236 0.002177 0.002414
-0.126607 0.036081 -0.004594 -0.024206 0.046807 -0.001999 0.046879 0.019896 0.052577 0.029401
-0.021009 0.034453 -0.086049 0.015993 0.069960 -0.028515 0.002762 -0.048866 -0.094668 -0.058276
0.059329 0.052482 -0.037720 -0.016039 -0.045677 -0.033263 -0.022246 0.014422 -0.008153 0.033990
-0.002594 -0.006934 0.013657 -0.067407 -0.023164 0.064958 0.061094 -0.002525 -0.038944 -0.010042
-0.092808 -0.164040 -0.061171 -0.061133 -0.048087 -0.021882 -0.035941 -0.033474 0.014547 0.006934
0.041087 -0.021213 -0.041967 0.075058 -0.042196 -0.026435 0.046175 -0.017559 0.016689 -0.016823
-0.017550 0.005418 -0.022380 0.002884 -0.006169 0.014375 -0.026033 -0.081332 -0.156542 -0.077123
0.054859 0.190207 0.036152 0.012366 0.032517 0.013849 0.035195 0.046863 0.038849 0.075172
-0.011123 -0.000007 0.009215 0.009851 0.005184 0.019070 0.023336 -0.070964 -0.045830 -0.034181
-0.073336 -0.010587 0.009354 -0.012261 -0.002731 -0.018305 0.010300 -0.024828 -0.045486 -0.005141
-0.010635 -0.012309 0.003732 -0.009177 -0.002133 -0.014107 -0.014671 0.026588 -0.030853 0.011630
0.043535 -0.007842 -0.075555 -0.188065 -0.094033 0.015570 0.051951 0.031867 0.010559 0.105203
0.016756 0.029610 0.041240 0.017693 0.023298 0.022131 -0.016039 0.027793 0.038753 -0.018506
0.010482 0.054208 0.039671 -0.007407 -0.026282 0.079801 0.020849 -0.021882 0.036343 0.030758
0.206275 0.067292 0.091508 0.091202 0.046328 -0.047858 -0.037911 0.005442 -0.017186 -0.018344
-0.053634 -0.018009 0.036802 -0.003720 -0.002373 0.018372 -0.036266 -0.007780 0.004488 0.010654
-0.030815 -0.058187 0.001992 -0.013963 -0.024656 0.009880 -0.018793 -0.045945 -0.028328 -0.041737
-0.084316 0.015953 -0.008053 -0.059870 0.019013 0.056848 0.027984 0.020945 0.050038 0.015063
-0.028921 0.029285 0.032804 0.046710 0.001453 0.045524 0.005016 -0.016995 0.046634 0.034277
-0.020161 0.010415 -0.000283 -0.038428 -0.020983 0.004945 -0.074866 -0.041201 -0.005777 -0.027257
-0.045754 -0.010779 0.019816 0.034354 -0.011716 0.010635 -0.030834 -0.055624 -0.000502 -0.017559
-0.016354 0.033933 -0.014279 -0.010186 -0.032077 -0.083550 -0.060291 0.037242 -0.009822 0.047208
0.037644 0.096710 0.008158 0.049159 -0.003347 0.012443 0.019836 -0.051110 -0.011802 0.011429
-0.047284 -0.004550 0.016689 -0.018745 -0.009841 -0.017550 0.031963 0.042158 0.000645 -0.011591
-0.061898 0.052066 0.078501 -0.037510 0.041087 0.019195 0.006982 0.019644 -0.009382 -0.014336
-0.006829 -0.002238 -0.015876 -0.030643 -0.005949 -0.004806 -0.002251 -0.032077 0.051492 -0.069549
-0.003474 -0.028367 0.013696 -0.007876 -0.022054 -0.014097 0.023585 0.004091 0.000465 0.020830
0.015312 0.025593 0.025287 0.016785 0.006714 -0.033416 -0.072189 0.005643 -0.012663 -0.037280
-0.015436 0.006456 -0.045218 -0.008158 0.003252 0.020333 -0.007771 0.008440 0.005126 -0.034468
-0.016536 0.004215 -0.032632 -0.025383 0.032996 -0.053443 -0.093191 0.032192 -0.023164 -0.008120
0.023872 -0.029878 0.021901 0.005939 -0.037032 -0.012644 0.092043 -0.014528 -0.018898 -0.005820
-0.053093 -0.046468 -0.043466 -0.161413 -0.116324 -0.035084 -0.229625 0.011211 0.014318 0.033105
-0.059674 -0.003621 -0.045045 -0.013974 0.026169 -0.041932 0.068656 0.017720 -0.021266 0.038130
0.041910 0.007042 -0.019143 -0.054071 -0.039842 0.209348 0.055894 0.046423 0.058696 0.014563
-0.062876 0.134378 0.097648 -0.145761 0.625021 0.223933 0.058073 0.014607 0.022478 0.017053
0.034884 -0.018743 0.026169 0.147095 -0.001673 -0.023678 -0.015419 -0.069501 -0.032060 -0.030015
-0.062520 0.001054 -0.013974 -0.011717 -0.180534 0.110277 0.038219 -0.137313 0.023923 0.050381
0.066878 0.005903 0.019465 0.061230 -0.123528 0.045534 -0.173419 -0.185336 0.073992 -0.221443
-0.110899 0.074259 0.017964 -0.008904 -0.025857 0.012517 0.054427 0.006903 -0.012851 -0.041887
-0.015030 0.034506 0.117481 0.032416 0.010972 -0.027125 -0.008315 -0.016864 -0.022689 0.005442
0.006664 -0.007593 0.100850 -0.008554 0.039909 -0.005314 -0.019521 0.020321 -0.086132 0.074659
-0.011106 -0.042866 0.073058 0.079017 0.059985 0.042154 0.069635 0.040131 0.044066 -0.000530
-0.052248 0.021466 0.019587 0.020999 -0.071235 -0.061008 -0.049669 0.035818 -0.065899 -0.040153
0.009377 0.025991 0.103162 0.025479 0.018809 0.070835 -0.017297 -0.076972 -0.041309 0.099338
0.027769 0.066566 -0.013874 0.161680 0.029459 -0.091779 0.000942 -0.018431 -0.058340 -0.220020
-0.040309 0.055672 -0.431147 -0.114368 -0.053804 -0.079773 -0.038597 0.040020 -0.311088 -0.108765
0.083419 0.065455 -0.122817 -0.001843 0.002888 -0.083864 0.003391 -0.045267 0.029548 0.002737
-0.021366 0.054027 0.109299 -0.055005 -0.054027 0.134556 0.004675 -0.035996 -0.084042 -0.007120
0.051848 0.010200 -0.096492 -0.044000 0.113656 0.025946 -0.110455 0.051848 0.000588 0.082663
-0.006409 -0.044711 0.002143 0.041976 -0.016441 0.003516 0.061186 0.199388 0.027036 0.016364
0.021577 0.016108 -0.025679 -0.041821 -0.005216 0.060030 0.137224 -0.020677 -0.056206 -0.008910
0.011450 0.093380 0.007320 -0.010583 0.155010 0.415495 -0.264309 0.084620 0.011795 0.006387
0.042621 0.030615 0.045400 0.016130 0.145672 0.068167 0.063854 0.141670 0.090134 -0.011539
0.049491 0.024612 0.000996 0.012206 -0.107075 0.067989 -0.039108 -0.006737 0.010883 0.013040
0.027369 0.034373 0.025857 -0.020921 -0.001091 -0.007387 0.067456 -0.033706 0.101384 0.084709
-0.102095 0.025746 0.110633 -0.037708 -0.053315 -0.030726 -0.037797 -0.108498 -0.035640 0.065988
-0.052026 -0.019298 0.014274 0.063854 0.016764 0.060297 0.024212 0.090712 -0.041687 -0.231404
0.109743 0.012473 0.051448 0.047223 -0.009282 -0.018198 -0.050959 -0.023612 -0.012918 0.049669
-0.056606 -0.181601 0.026146 -0.045245 -0.380633 -0.017609 0.101028 -0.537867 -0.142293 -0.127352
-0.057451 0.055316 -0.242431 0.117125 -0.099516 -0.096848 0.508697 -0.029326 -0.056998 -0.037248
-0.007396 0.003108 0.040347 0.056266 0.004011 0.062662 0.037980 0.006128 -0.010453 0.002928
-0.001246 -0.005149 -0.001817 -0.014679 0.012813 0.027443 0.013390 0.015637 -0.064183 -0.034458
-0.039389 -0.060408 0.001606 0.005494 -0.033867 0.016257 -0.038487 -0.040431 -0.017962 -0.092302
-0.035726 0.014609 -0.077369 0.015792 -0.009727 -0.038769 -0.008234 0.002205 -0.007304 -0.009509
0.003478 -0.090273 -0.007326 -0.002506 -0.038685 -0.043136 -0.006589 -0.008981 -0.043784 0.011925
0.011883 -0.009495 0.044291 0.034599 0.013813 0.037107 -0.009551 -0.013926 0.001849 -0.026302
-0.002594 -0.036121 0.008636 -0.006192 -0.057167 0.072917 0.065366 -0.034571 -0.055364 -0.007160
0.021286 -0.018258 -0.023146 0.005431 0.068240 0.090555 -0.004776 -0.049926 -0.044432 -0.031866
-0.048095 0.007125 0.004251 0.038177 0.008981 0.008502 0.052941 0.010538 -0.001056 -0.005441
-0.023681 -0.049814 -0.092189 -0.059900 0.021512 0.034712 0.034064 0.018145 -0.008847 0.010735
0.011284 0.061647 0.063958 -0.000316 -0.007699 0.022963 -0.024301 0.013658 0.026442 -0.046517
-0.016525 0.016201 0.008255 -0.026823 0.013425 -0.002967 0.066099 0.028541 0.006508 0.043052
0.026344 -0.011221 -0.025597 0.001662 0.025978 -0.013087 -0.009079 -0.032514 0.023893 0.053646
-0.006167 0.006181 -0.000171 0.040403 0.003761 -0.005649 0.005646 -0.038797 0.015201 -0.008213
-0.018765 -0.023315 -0.009129 -0.010953 0.002175 -0.007713 -0.072861 0.000567 -0.031274 0.023259
0.000995 -0.008875 0.017285 0.005846 -0.017934 0.095232 0.009812 -0.026823 0.029218 0.003534
-0.021963 -0.036205 0.014919 -0.032430 -0.040910 0.058435 -0.000279 -0.026851 0.029302 0.060802
0.066775 0.003980 -0.019920 -0.076975 0.005466 0.054434 0.080130 0.055336 -0.017004 -0.023400
-0.053758 -0.027753 0.024428 -0.100304 -0.015426 -0.054716 0.025583 -0.003959 -0.009425 0.011080
0.034599 0.038290 0.036853 -0.011524 0.008544 0.036769 0.008438 0.036374 0.009467 0.090442
-0.024555 -0.041305 0.077707 0.032514 0.009911 0.020807 -0.050772 0.010418 -0.020765 -0.048433
0.017004 0.012735 -0.012510 0.036177 0.019525 -0.038403 -0.021484 0.014552 -0.046292 -0.036797
0.005445 -0.018441 -0.019103 -0.004575 0.047588 0.002432 0.017440 0.031923 0.008488 -0.012151
0.008706 0.015764 -0.006847 -0.035388 -0.021681 -0.005138 -0.050490 -0.005396 0.014665 -0.024808
-0.001653 -0.002020 -0.008037 0.002907 -0.002442 -0.034965 -0.059112 -0.014031 0.000729 0.008213
0.041248 -0.019286 -0.019934 -0.020371 -0.023526 0.004219 -0.024639 -0.028175 -0.009713 -0.020117
-0.007311 -0.010552 -0.015595 -0.038713 -0.048969 -0.024527 0.042911 0.042206 -0.023667 0.127014
0.025808 0.015820 0.090555 0.028837 0.006825 0.038797 0.019694 0.040854 0.044545 -0.008699
0.110221 0.178631 -0.042432 0.053646 0.075735 -0.018497 -0.066640 -0.016360 -0.076523 -0.032073
-0.199690 -0.169672 -0.357447 -0.289098 -0.062115 0.065855 0.113607 0.063823 0.020828 0.032304
-0.036484 0.060591 0.049368 -0.038539 -0.052647 -0.023968 -0.025885 0.021070 -0.091255 -0.038677
-0.022213 -0.080079 -0.004771 0.005412 -0.007920 -0.054079 0.028240 -0.017237 -0.047706 0.066964
-0.029349 -0.066548 0.090978 -0.022537 0.039301 -0.062438 -0.095227 -0.138268 -0.442237 -0.036091
0.089131 -0.005031 -0.029302 -0.003553 0.076662 -0.036853 -0.052232 0.073291 0.033921 -0.021105
0.030134 -0.028148 0.038446 -0.186852 0.008855 0.072690 -0.168656 0.112961 0.034151 0.009398
-0.081141 -0.068949 0.277830 -0.000058 0.014270 0.079294 0.043942 0.015806 -0.145103 0.028587
0.056757 -0.682013 -0.269517 -0.032235 0.119796 -0.091163 -0.124506 -0.092595 -0.049507 -0.035999
0.028748 0.075323 0.154894 0.003923 -0.039370 -0.027617 0.051077 -0.086221 -0.053109 0.016291
-0.001590 0.022387 0.044150 0.119057 0.057265 0.070196 0.062207 -0.023610 0.182603 0.136698
-0.028979 -0.044173 0.056157 -0.020920 -0.114161 0.021948 0.012088 -0.073706 0.016279 0.024915
-0.043295 0.029487 0.071443 0.007089 0.001648 0.022745 0.139654 0.058328 0.011257 -0.007383
0.047567 -0.011724 0.068672 0.078648 0.024038 0.041933 0.139007 -0.068118 -0.137622 0.001540
-0.015021 -0.210035 -0.012735 0.025631 -0.301475 -0.084420 0.027986 0.011239 -0.005481 -0.008191
-0.169672 -0.121828 -0.034244 -0.142148 -0.541251 -0.166162 0.076939 -0.250860 -0.113238 -0.061191
0.173828 0.020724 -0.062345 0.019593 0.008567 -0.040178 -0.072598 -0.041887 -0.020724 -0.000941
0.091071 -0.079479 0.049461 0.014212 -0.077724 -0.041541 0.033782 -0.025354 0.039693 0.064932
0.361696 0.070381 -0.087237 0.321056 -0.147505 -0.039070 -0.071074 -0.116009 -0.062900 -0.019731
-0.141963 -0.057727 0.057958 0.121366 0.021348 -0.161729 0.082943 0.016591 0.521670 -0.099014
0.009207 0.077170 -0.382016 -0.250675 0.035191 -0.244394 0.043365 0.002220 -0.323088 0.002862
-0.087330 -0.031750 -0.034498 -0.129217 0.026231 0.022329 -0.192671 0.008503 -0.014963 0.069411
-0.111945 -0.099291 -0.017341 -0.099106 -0.068857 0.043596 0.036414 0.075230 -0.095781 -0.000605
0.072413 -0.022375 0.007764 0.009069 -0.043596 0.028771 0.030480 -0.024546 -0.042418 -0.038169
-0.020666 -0.041333 0.099106 -0.026970 -0.001945 -0.008682 0.087561 0.087007 0.056804 0.154063
0.104371 -0.028194 0.636201 0.229062 -0.063546 -0.279862 -0.180571 0.103263 -0.036276 -0.033020
0.026647 -0.056203 0.050292 -0.079202 0.011753 -0.101600 -0.016256 -0.071489 0.051955 0.054725
-0.203385 0.034683 0.119334 0.007447 0.077770 0.016822 -0.040201 0.013150 0.002172 -0.030503
0.019200 -0.053479 -0.082111 -0.042187 -0.044796 -0.059713 -0.024684 0.026670 0.054818 0.057773
0.045443 0.091440 0.093518 0.024130 0.027377 0.047474 0.035403 -0.000131 0.070122 -0.027299
-0.049776 0.072113 -0.139373 -0.030581 -0.057491 -0.010165 -0.041967 0.021668 0.011301 -0.014264
0.027408 -0.015913 -0.031670 -0.045607 -0.146466 0.014948 -0.025292 -0.065455 0.100983 0.105712
-0.009395 -0.010251 -0.016333 0.032448 -0.035621 0.009349 0.047723 -0.002749 0.014684 0.051176
0.023861 -0.079144 -0.012032 0.002584 0.124938 -0.007447 0.045607 0.418366 0.060602 0.030985
0.026459 0.060167 -0.009193 0.023332 0.007237 -0.034656 -0.016535 -0.008120 0.011192 -0.058144
-0.058113 0.040256 -0.098930 0.004631 -0.075410 -0.149577 0.041407 0.080077 0.021933 -0.016939
0.003150 -0.068629 -0.082441 0.049496 0.061007 -0.022524 -0.061722 -0.044394 0.021326 0.017375
-0.076219 0.079953 0.100672 0.061442 0.013572 0.036119 -0.008680 -0.005417 0.035932 0.003978
-0.046976 0.048438 0.093392 0.008275 0.047754 0.209059 0.086983 0.056620 0.084308 0.020315
-0.197237 -0.439521 -0.196615 0.004655 0.020455 0.096192 -0.018402 0.043461 0.008112 0.008423
0.070993 0.041656 -0.046634 -0.121453 -0.019941 -0.002094 -0.070122 0.004740 0.024779 -0.083935
-0.002650 -0.018479 -0.041221 0.002864 -0.033910 0.015571 0.041252 -0.033537 -0.015376 0.012996
0.048936 0.094450 0.025572 -0.085179 0.101294 -0.020533 -0.088414 0.023550 -0.025992 -0.021948
-0.100672 -0.049278 0.036896 -0.231956 -0.008501 0.004717 -0.009776 -0.000856 -0.185291 -0.175336
-0.028232 -0.113427 -0.247137 -0.022228 -0.028092 -0.011868 -0.013906 0.020984 -0.020610 -0.021606
-0.046789 0.079953 0.024981 -0.078459 0.060011 0.080761 -0.042558 -0.017997 -0.034781 -0.077526
0.052607 -0.023379 -0.054069 0.063215 -0.055562 -0.066015 -0.116600 -0.049154 -0.072673 -0.493030
-0.243653 -0.086921 0.026195 0.067820 -0.065082 -0.010764 -0.059109 -0.019599 -0.000317 -0.006969
-0.083064 -0.107765 0.069811 0.080761 0.218018 0.159407 -0.005063 -0.159158 -0.072175 0.174589
0.279741 0.113738 -0.020206 -0.034905 -0.085615 0.032292 0.022928 0.044114 0.083624 0.121080
-0.010189 -0.028683 -0.053571 -0.003410 -0.022788 -0.033225 0.083375 -0.051922 0.047007 -0.007556
0.015003 0.013517 0.047754 0.020610 -0.012374 -0.021279 -0.042807 -0.024997 -0.057398 0.037145
-0.003350 -0.035652 0.079579 0.015516 -0.037612 0.021793 -0.020968 -0.018339 -0.019973 -0.000712
-0.024204 0.017002 0.019397 -0.037114 0.026023 0.057429 -0.069811 -0.044363 -0.010562 0.028046
0.007661 0.024561 0.100796 -0.036616 -0.016442 -0.034563 0.025277 0.002493 0.054411 -0.049247
0.006129 0.024764 -0.061878 0.069562 0.071615 -0.026863 -0.053882 -0.007637 -0.065518 -0.104529
0.021901 -0.034221 -0.008633 0.103223 -0.028932 0.002932 0.006514 -0.038483 -0.099116 -0.008485
0.006028 -0.048065 -0.041376 0.090094 -0.017297 0.041345 0.028621 0.019755 -0.008462 0.075659
0.135639 -0.040256 0.028927 0.013239 0.035183 0.001215 0.011257 0.056350 -0.031618 0.031473
0.192619 0.017288 0.013481 -0.031279 -0.021604 -0.021350 0.040347 0.004371 -0.035983 -0.038577
0.006025 -0.013736 -0.061539 0.008117 0.047524 -0.021131 -0.053053 -0.084138 -0.048300 0.001808
0.037874 -0.006316 -0.034528 0.014718 -0.011366 -0.052374 -0.035740 -0.001288 -0.017664 -0.043014
-0.035886 0.052956 0.006826 -0.040517 -0.038504 0.023762 0.111634 0.052568 0.037025 -0.050434
0.012524 -0.019737 -0.018937 -0.059017 -0.141506 -0.068425 -0.084671 -0.142185 -0.082295 -0.099122
-0.086320 -0.068862 -0.018040 0.025969 -0.030260 -0.066534 -0.066825 0.039668 -0.133165 -0.011269
0.097813 0.009147 -0.036880 -0.009238 -0.006198 -0.018816 -0.024199 0.013530 -0.008177 -0.025241
0.027690 0.057175 0.131613 0.035861 0.019410 0.021701 0.066728 0.006407 -0.037195 -0.000714
-0.048179 0.110761 0.089569 0.140245 -0.053101 0.013336 0.004437 0.007195 -0.010111 0.104069
0.034770 -0.034188 0.013069 -0.017567 -0.006013 0.009184 -0.062267 0.035352 -0.040056 0.016706
0.007711 0.022416 0.084283 0.012124 -0.006704 0.001209 0.088163 0.037195 -0.015870 0.014948
-0.003461 0.037462 -0.030479 -0.062024 -0.044396 0.023993 0.053732 -0.024975 -0.015264 0.052713
-0.038577 -0.008977 0.029121 0.001395 -0.050095 0.000806 0.046239 0.042893 0.004713 0.010935
0.078803 0.075651 -0.000933 0.040032 0.042578 0.004904 -0.063043 0.044712 0.048422 -0.018561
-0.047670 0.037025 0.001403 -0.073663 -0.008456 -0.004143 0.025581 0.024635 -0.025387 -0.019422
-0.048615 -0.000805 -0.050579 -0.091121 0.021980 0.018755 0.029872 0.020925 0.022574 0.140051
0.005613 -0.008711 0.108918 0.045148 0.018367 -0.003958 -0.020331 -0.130837 -0.124630 -0.021447
-0.217060 -0.143543 -0.086950 -0.110470 -0.028054 -0.124436 -0.142282 -0.018658 -0.028393 -0.080209
-0.075118 0.023726 0.036007 -0.008347 0.027133 -0.046530 -0.075700 0.063721 -0.212793 -0.093157
0.031255 0.014718 -0.005786 0.002576 -0.036080 0.005068 0.007638 0.012584 -0.027569 0.026284
0.028369 0.014500 -0.014985 -0.058872 -0.059357 0.027036 -0.072111 -0.028757 0.153824 0.046870
-0.009014 0.021653 -0.065952 -0.131225 -0.054702 0.059405 0.027084 -0.011093 0.041608 -0.060424
0.008941 0.010911 -0.070511 -0.020368 -0.040371 -0.078706 -0.030697 -0.047476 -0.072790 0.116192
0.080161 0.005325 -0.005077 0.042723 0.058775 0.013190 0.006274 0.016173 0.014354 -0.006304
0.036443 -0.030891 -0.001699 -0.033825 0.015458 0.014839 -0.018585 -0.028224 -0.027205 -0.021313
-0.114058 -0.150332 -0.058484 0.011966 -0.025484 -0.056932 0.038407 -0.034334 -0.121333 0.069638
-0.079822 -0.054895 0.017979 -0.031521 0.047961 -0.041608 -0.040638 0.047815 -0.041269 -0.030988
0.001224 0.009529 0.028296 0.007795 0.007820 0.038601 0.021034 0.027787 0.007238 0.041414
0.037069 -0.011244 -0.049896 -0.111731 -0.133967 -0.116743 0.003765 0.029436 -0.022749 0.050990
0.031054 -0.043312 -0.464784 -0.391877 -0.255723 -0.067941 0.116925 -0.103346 0.353418 -0.120844
-0.256087 -0.549357 0.373650 0.421405 0.000428 -0.128317 -0.018967 0.004921 -0.021975 0.008031
-0.053177 -0.077555 -0.068168 -0.032330 0.058326 -0.039347 0.070811 0.052858 -0.006995 0.015607
0.002332 -0.008475 0.027728 0.070219 -0.046365 0.006562 -0.003301 -0.092410 -0.142534 -0.180446
-0.233486 0.171059 -0.246974 -0.318970 0.017657 -0.029505 -0.029869 -0.054544 0.012371 0.005417
-0.039826 -0.016529 -0.009672 0.066027 -0.027044 -0.003056 0.199948 0.163859 0.039188 -0.126221
0.102526 0.148366 0.024424 -0.041215 0.013590 0.041603 0.052493 -0.045886 0.005591 0.044200
-0.096055 -0.004258 -0.058554 -0.001649 -0.022647 -0.091408 -0.076006 -0.042674 0.007439 0.018569
0.048529 0.039438 0.011244 0.017327 0.010845 0.020448 -0.089403 -0.027272 -0.001171 -0.075550
0.020710 -0.086532 0.100339 0.177985 0.087215 -0.058417 -0.025472 0.020539 -0.093230 -0.015698
0.021485 0.166776 0.178441 0.073272 0.024834 0.040919 0.057369 -0.119295 -0.140347 -0.001091
0.074047 0.046889 -0.110364 -0.073135 0.288349 0.160670 -0.006596 0.041033 0.012428 -0.160943
-0.047162 -0.075414 -0.057232 0.097331 0.053541 -0.036841 -0.045499 -0.034335 -0.048028 -0.064751
-0.026383 0.035132 -0.125583 -0.104622 -0.063840 -0.016803 -0.044542 0.040669 -0.085165 -0.006442
0.045430 -0.095235 -0.057096 -0.011409 0.021155 0.045841 -0.146817 0.094780 -0.007820 -0.047344
0.082887 -0.014217 -0.003674 0.022954 -0.041831 -0.040532 0.056139 -0.053405 0.041762 0.021063
0.106900 -0.002630 -0.010708 0.017965 0.013807 -0.060559 -0.010344 -0.030462 0.048757 0.009512
0.033036 -0.161945 -0.043334 0.016119 -0.020847 -0.014900 -0.158391 0.023171 -0.016336 -0.000003
0.022977 -0.023763 0.024242 -0.008737 -0.019890 0.111366 0.017748 -0.035269 0.022282 -0.065115
-0.053131 0.013841 -0.091180 -0.003272 0.046410 -0.185002 -0.066619 -0.084755 -0.053450 -0.011557
0.122484 0.035565 0.047891 -0.142716 -0.060285 0.022066 -0.223643 0.038504 0.008806 0.183727
0.036909 -0.012975 0.152285 0.174431 0.051309 0.030872 0.027386 -0.000336 -0.014422 -0.031077
0.003415 -0.042696 -0.021792 0.013374 0.124854 -0.065070 -0.095509 -0.495041 -0.450568 -0.057323
-0.090633 0.037593 0.073682 0.038618 0.029869 -0.040532 0.008464 0.000219 -0.018147 0.016427
-0.003870 -0.073545 -0.021360 0.035223 -0.007763 0.033970 0.048164 -0.053314 -0.067029 0.033902
-0.028252 0.130140 -0.012941 -0.004053 0.018409 -0.005280 0.015128 0.007604 0.030803 -0.055683
0.057961 -0.000369 -0.002673 -0.004269 0.093868 -0.030416 -0.004790 -0.037365 0.019594 0.062974
-0.027409 0.027317 0.137886 0.068305 -0.078831 -0.004614 -0.017281 -0.038162 -0.032957 0.030223
0.072282 -0.097056 0.004222 0.140727 -0.020764 0.018652 -0.093709 -0.029855 -0.053344 -0.051793
-0.000746 -0.004293 -0.035488 0.057221 -0.010673 -0.005107 -0.099341 0.013387 0.035039 -0.081547
-0.010086 0.016917 -0.033202 0.023611 0.019346 -0.008015 0.015387 0.010214 -0.036120 -0.013887
0.016397 0.013540 0.073792 0.035876 -0.055834 -0.079220 0.099015 -0.062160 -0.187418 0.315248
-0.049834 -0.154277 0.014795 0.031488 0.030141 0.004949 -0.055140 -0.080608 0.040406 0.007841
-0.044528 0.028692 0.020999 -0.090199 -0.144400 -0.098525 -0.059262 -0.094689 -0.016438 -0.028713
-0.013387 0.018825 0.036263 -0.015397 -0.030019 0.024509 0.087914 -0.049018 -0.036141 0.032753
0.031304 0.029060 -0.012642 -0.036386 0.243415 0.567152 -0.032039 0.033712 0.295984 -0.011010
0.047916 0.037794 0.014969 0.041753 -0.015571 0.001865 -0.050732 -0.008892 -0.051385 0.031019
0.036631 0.056487 -0.028284 -0.233456 0.172399 0.139747 -0.164236 -0.033916 -0.007775 0.085465
0.050038 0.099423 0.127258 0.069017 0.024917 -0.083750 0.017193 -0.025182 0.041467 0.055058
-0.072812 -0.071384 0.012428 0.024550 -0.062486 -0.004025 0.000013 0.024182 -0.009295 -0.002317
0.034937 0.032202 0.067996 0.074812 -0.065874 -0.031631 0.018958 -0.065956 -0.110606 -0.065058
-0.052160 -0.204887 -0.131176 0.096729 0.095587 0.011632 -0.026019 0.127258 0.015989 -0.077383
0.017826 0.040610 -0.012377 -0.091424 0.037427 -0.039875 0.087179 -0.003002 -0.037733 -0.066119
0.041488 -0.023631 -0.068445 -0.000281 -0.006627 -0.049752 0.156808 0.001490 -0.146196 -0.043793
-0.001488 0.019448 -0.032753 0.055140 -0.006372 -0.036549 0.012469 -0.043059 0.002315 -0.060160
-0.006765 -0.164807 0.227089 0.058487 -0.287331 -0.162195 -0.314432 0.458750 -0.036202 0.092730
-0.071139 0.032794 0.039998 -0.185622 0.020795 0.046814 -0.044447 -0.059262 0.065507 -0.120973
-0.028835 -0.034998 0.260067 -0.055874 -0.143421 0.410426 0.065915 -0.004737 -0.125299 -0.016060
-0.001978 -0.090281 -0.083016 0.053507 0.036508 -0.053997 -0.244068 0.040161 -0.108321 -0.186765
-0.010744 -0.017815 -0.014377 -0.029080 0.053017 -0.014244 -0.016377 -0.015989 -0.040855 -0.019540
-0.061139 -0.054609 -0.035427 -0.019213 -0.107423 -0.033610 -0.010948 -0.063711 -0.111096 0.017754
0.037977 -0.058242 -0.066282 -0.082526 -0.104158 0.058813 0.039202 0.084648 0.018907 -0.018509
-0.050650 0.042202 -0.046038 -0.107423 -0.209131 -0.111586 -0.536787 -0.000399 -0.264965 -0.398345
0.058854 0.047671 -0.099341 0.007581 -0.052446 -0.013826 0.048814 -0.075914 -0.028774 0.020876
0.010724 -0.073465 0.076037 0.008933 -0.236395 -0.070037 0.055426 0.469525 -0.009362 -0.022019
0.007546 0.036529 -0.061588 -0.034202 0.007699 -0.003908 0.036365 -0.017642 0.060609 0.005178
-0.019723 0.062772 0.032508 -0.124891 -0.137870 0.003962 0.190587 -0.137227 -0.295917 -0.106323
-0.449937 -0.315393 -0.410587 -0.353351 0.094697 -0.007465 0.020979 0.060565 0.069110 -0.066874
-0.040120 0.011229 -0.026581 0.068862 0.137724 0.229738 0.016172 0.182439 0.082326 -0.128085
0.118347 -0.060614 -0.071247 -0.089133 -0.072787 0.050181 -0.125402 -0.114173 -0.046852 0.027550
-0.058428 0.073184 -0.132457 -0.073284 -0.026730 0.192773 0.080736 -0.109901 -0.036269 -0.244444
-0.108211 0.013613 0.007732 0.023873 -0.004819 -0.024829 0.019389 -0.063446 -0.040641 0.066626
-0.211256 -0.175980 0.135637 -0.231924 -0.008409 0.100709 0.184029 0.200325 -0.016793 0.056242
-0.098126 -0.136829 -0.113180 -0.071942 0.020693 0.039176 0.104932 0.045635 0.034207 -0.131960
-0.055696 0.132060 0.005344 -0.053460 0.063496 0.118943 -0.016917 0.063198 0.141500 0.113975
0.011092 -0.035375 0.015936 -0.105230 -0.130172 0.046976 -0.018694 -0.043821 -0.085108 -0.160280
-0.240072 -0.020097 -0.124309 0.004975 0.129377 0.024718 0.083717 -0.104535 -0.036716 -0.148455
-0.085208 0.001278 -0.081978 -0.101007 -0.092859 0.107913 0.101305 -0.089729 0.039921 0.020917
-0.012446 0.096387 0.007254 0.071396 -0.004518 0.008956 0.066229 -0.064092 0.096039 0.025985
0.068961 0.053857 0.140506 -0.012061 -0.079395 0.048119 -0.165149 0.025860 -0.113776 -0.008372
0.266901 -0.044641 0.065583 0.053758 0.148753 0.016358 -0.004354 -0.032717 -0.124806 -0.071495
0.006832 -0.042306 -0.125998 0.034630 -0.143984 -0.007813 -0.068663 -0.059819 0.009086 -0.044914
0.179657 0.039971 -0.079991 -0.025264 0.063198 0.067769 -0.169322 -0.128780 0.078103 0.014793
-0.226359 0.092064 -0.126694 -0.172204 -0.060813 -0.039598 0.132755 0.157995 -0.009626 0.060167
0.212249 0.018644 -0.047448 0.131563 -0.120135 0.038853 0.078550 -0.136332 -0.020159 -0.169521
-0.062651 0.088189 0.108609 0.204697 -0.047200 -0.073532 -0.034456 0.013427 0.125501 -0.022308
-0.068315 0.095890 -0.032394 -0.080786 0.113975 0.055248 0.040790 0.028668 -0.134941 -0.052565
-0.048790 -0.134643 -0.068613 0.011340 0.202313 0.027053 -0.031152 -0.003767 -0.142294 0.052168
-0.166143 0.045808 0.051572 -0.019911 0.089133 0.043424 0.073085 0.091816 -0.252394 -0.047523
0.042678 0.007838 0.034804 0.083767 0.050479 -0.043200 0.065384 0.009664 -0.003757 0.032270
-0.088537 -0.112981 -0.099765 -0.113875 -0.171608 -0.126197 -0.116360 -0.097231 0.169720 0.118347
0.002363 0.039076 -0.083369 -0.023972 0.105032 0.030531 0.007341 -0.077954 -0.032990 0.016731
-0.032916 0.001545 -0.168627 -0.092561 -0.054304 -0.163857 0.058279 -0.088835 -0.039648 0.221192
0.086500 0.149051 -0.076314 -0.016085 -0.198735 -0.252990 0.015178 0.007217 -0.053957 0.018780
0.058378 -0.062204 0.099368 -0.026084 -0.071793 -0.058925 -0.159088 0.074575 0.016147 -0.042306
0.091468 0.016905 0.034828 -0.024817 0.099655 -0.009044 -0.078814 0.038154 0.087916 -0.158815
0.015285 0.043529 -0.127356 -0.009052 -0.096028 -0.145361 -0.003586 0.061699 0.093588 0.003496
-0.017131 0.056687 -0.142063 -0.069779 0.028244 -0.071164 -0.035846 0.089169 -0.114693 -0.089894
0.028492 -0.011484 0.000676 -0.016051 -0.057940 -0.034790 -0.074000 -0.029745 -0.037231 -0.068657
-0.032086 -0.009423 -0.050949 -0.060347 0.011311 0.102755 -0.003059 0.010948 0.034494 0.070240
-0.035285 -0.045640 -0.022259 -0.033026 0.003075 -0.064865 -0.046596 0.024881 0.031921 -0.059490
-0.020940 0.001510 -0.067998 -0.067668 -0.000081 -0.019934 0.073010 -0.039110 0.042936 -0.079144
-0.058665 0.099853 0.005379 0.005940 -0.017395 0.024568 0.027981 0.058632 0.019769 -0.031047
-0.018236 0.001810 -0.050619 -0.065590 -0.042540 -0.009819 0.010445 -0.017082 0.010371 0.143382
0.002923 -0.010132 0.080529 -0.052960 -0.033488 -0.005334 0.009522 -0.016752 0.020544 0.032367
-0.005816 0.051246 -0.026282 -0.002888 0.019901 -0.065393 0.007453 0.020924 0.116276 0.052763
-0.059259 0.017939 0.016431 0.052037 0.064535 -0.035582 -0.107899 0.111593 0.067470 -0.081320
-0.050487 0.044947 0.115880 0.065393 -0.057973 0.015812 0.113044 0.020495 -0.025771 -0.004106
0.015491 -0.010808 -0.130258 0.072285 0.063678 -0.074329 0.083695 0.010388 -0.154331 -0.027206
0.009868 0.033405 -0.075780 -0.099260 0.014675 -0.031394 -0.050751 -0.024023 0.025623 0.009135
-0.020511 -0.087784 -0.125377 -0.067866 -0.083497 -0.089367 -0.070108 0.122673 -0.010544 0.235849
0.077363 0.079078 0.419990 0.065821 -0.038583 0.129928 0.127751 -0.002597 -0.260647 0.396511
0.149714 -0.430279 0.175831 -0.006035 -0.226747 0.011698 -0.048904 0.000998 -0.021929 -0.155782
0.075187 0.033273 -0.119177 0.026843 -0.062919 -0.017890 -0.066250 -0.102623 -0.172797 -0.037956
-0.032202 -0.079408 -0.007762 0.041386 0.055796 0.040100 -0.026678 -0.026282 0.001770 0.022028
0.067470 0.020198 -0.165411 -0.055698 -0.031179 -0.232287 -0.193771 -0.105855 -0.149318 -0.164751
-0.075516 -0.175831 -0.214480 0.124586 -0.114363 -0.199970 0.311035 -0.107702 -0.241125 0.006175
0.097611 -0.053455 -0.037956 0.063150 0.019704 0.007119 0.044387 0.011600 -0.005486 -0.065096
-0.040660 0.015202 -0.099062 0.006130 0.001227 -0.076506 -0.057742 0.006830 -0.000807 -0.031938
-0.011039 -0.001720 0.044057 0.014980 0.048575 0.043298 -0.019802 0.022787 -0.001912 0.068459
0.000477 0.037165 0.056621 0.021616 0.023562 0.018533 -0.017890 0.019737 -0.046002 0.035780
0.088773 -0.036538 0.069515 0.113637 0.078286 0.008673 -0.063315 -0.040297 0.001909 0.021946
0.096490 0.051971 0.006113 0.012473 -0.019769 -0.024403 -0.020446 0.016002 -0.053554 -0.087454
0.034461 0.044387 -0.061369 -0.103481 -0.016051 -0.027618 -0.165411 -0.100645 -0.099457 -0.112978
-0.054741 -0.030586 -0.099932 -0.071724 0.087677 -0.146802 -0.071423 0.033303 -0.235640 -0.011341
0.071853 -0.062092 -0.032465 -0.112144 0.148264 -0.068456 -0.259892 0.063855 -0.001146 0.000575
0.019576 -0.264020 -0.154800 -0.305127 0.087419 0.139750 -0.035604 -0.147490 0.009756 -0.028960
-0.025026 0.026982 0.024746 -0.064500 0.015179 0.047085 0.005998 -0.035346 -0.060243 0.114896
0.037066 -0.038657 0.070090 -0.028143 0.093482 0.110080 0.044290 -0.008546 -0.106812 -0.067553
0.137858 -0.236672 -0.277952 -0.007391 0.006907 -0.041215 0.074261 -0.166238 -0.026294 -0.298420
-0.202100 0.077486 -0.111800 0.032680 -0.118250 -0.005864 0.104834 0.022618 -0.289304 -0.130806
0.131322 0.012459 0.077916 0.065489 -0.085656 -0.059856 -0.037410 -0.030057 -0.027799 -0.038979
-0.051686 -0.004851 -0.016759 -0.034916 -0.118766 0.003553 -0.085570 -0.144222 0.017415 -0.120142
-0.027498 0.008165 -0.074863 -0.135450 -0.084409 -0.039237 0.031497 0.063855 0.053062 0.006138
-0.065489 0.165722 0.088752 0.001322 -0.088580 -0.018554 0.071896 -0.028444 -0.073530 0.094256
-0.027391 -0.013351 -0.071337 -0.041344 0.066306 -0.000347 0.008922 -0.192812 -0.100448 -0.030100
-0.024682 0.032035 -0.054739 -0.377367 -0.106296 -0.233920 0.179396 0.212764 -0.079593 0.104318
0.006133 0.060974 0.144824 -0.051686 -0.054825 0.004300 0.022876 0.021478 -0.035604 0.012911
-0.038141 -0.112316 0.102254 -0.036399 0.106038 0.011545 0.020726 0.027584 0.099846 -0.015329
0.070778 0.043430 -0.042613 0.201240 0.050740 0.119540 0.030315 -0.035023 -0.077701 0.077271
0.078690 0.002171 0.077787 -0.073659 -0.096406 -0.106124 0.024101 0.004477 -0.068886 -0.020543
-0.065231 -0.033454 -0.042527 0.004536 0.024015 -0.008767 -0.057405 -0.175526 0.097352 -0.137514
-0.068542 0.011965 0.058007 -0.051815 -0.016974 -0.172602 0.084882 0.314243 0.218612 0.434471
0.120572 0.118336 0.026789 0.014512 -0.005896 -0.031368 0.008815 -0.036636 -0.010470 0.025649
0.079378 -0.128742 0.064672 -0.048719 -0.211560 0.099674 0.010277 0.397319 -0.104232 -0.010513
0.088666 -0.077916 0.033282 0.008310 0.095976 -0.019866 -0.079765 -0.019156 0.000432 0.024015
0.031347 0.103028 0.101910 0.148006 -0.258000 -0.104920 0.050697 0.015372 -0.037324 0.035346
-0.054954 -0.134504 -0.014975 -0.033239 -0.078045 -0.001324 -0.098040 -0.161078 -0.229276 0.049536
-0.062006 -0.109564 0.111714 0.084839 0.180428 -0.040312 -0.048934 0.004778 -0.090042 -0.013351
-0.029304 -0.016114 -0.000258 0.000626 -0.071423 -0.017920 -0.014373 -0.055384 0.052675 -0.067338
-0.011234 0.003709 -0.028595 -0.010288 -0.016942 0.017232 -0.013953 -0.074218 -0.008503 -0.000750
0.097954 0.079507 0.032099 -0.013330 -0.018759 0.040441 0.109736 -0.068929 0.036485 -0.013674
0.090472 -0.001541 -0.033282 -0.004614 -0.034335 -0.088580 0.017544 0.086645 0.189200 -0.042656
0.036166 -0.051486 -0.016626 0.095488 -0.012338 -0.086798 0.048322 -0.006863 -0.002562 -0.165861
-0.189368 -0.103173 -0.321273 -0.092424 -0.354425 -0.086195 0.044730 -0.043223 0.088255 0.031670
0.089912 0.020519 0.024337 -0.071227 0.130699 -0.024173 -0.080821 0.040410 0.091168 0.119749
-0.095689 0.009845 0.108899 -0.027501 0.051109 0.015232 -0.159833 -0.052089 0.052290 -0.095839
-0.020846 -0.006090 -0.031570 0.010178 -0.084588 0.273454 -0.243718 -0.013311 0.596335 -0.297966
-0.232265 0.050607 0.089008 0.059322 -0.077154 -0.003047 0.053847 -0.019816 -0.012438 0.062185
0.075546 0.080921 0.075747 0.270842 0.013989 -0.070674 -0.168272 -0.000834 0.125877 -0.157723
0.032976 0.197606 -0.044479 -0.066555 0.015936 0.002554 -0.012181 0.002730 0.078962 0.026873
-0.038451 0.033227 -0.009424 0.040837 0.133412 -0.023357 0.022742 0.128389 0.073638 -0.041767
0.014127 -0.115429 -0.007735 0.147677 0.016337 -0.078259 0.037396 0.003513 -0.046111 0.123165
-0.113721 -0.148883 -0.043851 0.025994 0.028154 -0.009198 0.021624 -0.006486 0.080670 -0.013022
-0.288322 -0.021348 0.283098 -0.035940 0.008370 -0.064998 -0.020155 0.059171 -0.103374 -0.102621
0.142152 -0.042394 0.004427 -0.106388 -0.046739 0.028656 -0.286715 -0.222822 0.046187 -0.091570
-0.157221 -0.136225 -0.029611 0.044680 -0.022252 0.060226 0.045157 -0.084236 0.029485 -0.001276
-0.000587 0.053043 -0.070172 -0.050783 -0.076953 0.025944 -0.032574 -0.082127 0.028506 -0.062487
-0.041993 -0.049025 -0.090214 -0.056811 -0.087602 0.040687 -0.024173 0.126380 0.012049 0.061181
0.042872 -0.048020 -0.018648 -0.106689 -0.123366 0.056107 0.176911 0.082981 -0.114224 0.068514
0.195999 -0.115530 0.006637 -0.064245 -0.023746 -0.020180 -0.022428 0.065149 0.103073 -0.039406
0.059372 -0.197204 -0.013185 -0.306204 -0.520386 -0.069117 -0.188967 -0.109603 -0.073788 -0.006637
-0.076702 -0.042646 0.048296 0.048698 -0.023709 -0.019615 0.081524 0.074391 0.142252 -0.044605
0.020883 0.036718 -0.199615 -0.030515 -0.002342 -0.193487 -0.030515 0.020080 -0.109100 -0.037572
0.067459 0.078108 -0.051009 0.022076 0.096643 -0.022993 0.030314 -0.052742 0.018861 0.738185
0.238092 -0.086245 0.055906 0.020017 -0.056911 0.009299 0.008319 0.061080 -0.037346 0.036191
0.007208 -0.072633 -0.004175 -0.027426 -0.583074 -0.296962 0.054751 -0.362864 -0.058669 0.017342
0.018435 0.004992 0.006894 0.021386 0.070322 0.008275 -0.008225 0.079515 -0.026095 -0.055655
-0.066806 0.069820 0.034734 -0.096091 0.039707 -0.140444 -0.138736 -0.175103 -0.089360 -0.041540
-0.125978 -0.013562 0.024023 -0.017694 -0.058016 -0.062939 -0.059875 -0.061783 -0.042696 0.063993
-0.035086 -0.086898 -0.043047 -0.136526 -0.124471 -0.097949 -0.040887 0.008954 -0.064395 0.037246
-0.048472 0.060779 0.062487 -0.159933 0.129494 0.031042 0.022202 0.141951 0.016286 0.006415
0.081463 -0.014114 0.002156 0.078785 -0.007197 -0.065083 -0.011514 -0.003813 -0.015547 -0.013499
-0.030144 -0.096971 -0.067076 -0.052721 -0.046742 -0.060506 0.081339 -0.021207 -0.078972 0.220349
0.043846 -0.004508 -0.000298 -0.050665 -0.040887 -0.183479 -0.259835 -0.100646 -0.139509 -0.025566
-0.031171 0.013935 -0.000107 0.041572 -0.013344 -0.018793 -0.054278 0.028914 -0.046461 0.029910
0.046212 0.047738 0.077477 0.061627 0.029895 -0.034597 0.080591 0.064336 0.055430 -0.005158
-0.049575 -0.057360 0.296456 -0.089310 0.010206 -0.079782 -0.082646 -0.023495 -0.112915 0.056551
0.036528 0.224709 0.168158 0.034690 0.499491 0.088563 -0.056551 -0.072744 -0.121696 -0.053966
0.021876 0.050011 0.048766 0.020708 0.041977 -0.049389 0.071560 0.017127 -0.046493 -0.059634
-0.020117 -0.047053 -0.016146 0.001194 0.005924 -0.005138 -0.028929 -0.005613 0.036683 0.078474
-0.014511 -0.001510 0.075235 0.097282 0.023215 0.051195 0.042756 -0.098715 -0.064647 -0.025193
-0.046866 0.024243 -0.011109 0.018248 -0.037680 -0.076979 -0.042102 -0.011429 0.002454 -0.058450
-0.018575 -0.057641 0.107995 0.111607 -0.003717 0.010043 0.023558 -0.000500 -0.007563 -0.001062
-0.019712 0.012223 -0.024679 0.031514 -0.084764 0.060475 -0.065457 0.037835 0.095601 0.064398
-0.095289 -0.194316 -0.013678 0.100708 0.022343 0.006337 0.045963 0.074425 -0.029957 0.039610
0.026173 -0.013608 -0.067201 0.006220 0.006824 -0.027466 -0.036652 -0.047364 0.071436 0.038614
-0.048953 -0.031919 -0.069754 -0.060506 0.054714 -0.034099 -0.019712 -0.027621 -0.006571 -0.035780
-0.170898 0.087131 0.066516 -0.100583 0.077166 0.047738 -0.093670 -0.014153 0.003850 -0.004905
0.002382 -0.052752 0.137391 -0.007894 0.049202 -0.014239 -0.046430 0.009373 0.105317 -0.136021
-0.219477 0.046586 -0.408063 -0.158442 -0.131661 -0.176379 -0.151093 -0.070439 -0.036465 0.013095
0.049513 0.010782 0.020646 0.050011 -0.031265 0.002958 -0.100210 -0.177002 -0.099649 -0.184226
-0.182358 0.005886 -0.060132 0.006302 0.032261 0.001839 -0.044406 -0.025317 0.000968 -0.050229
-0.071996 0.022670 0.049046 -0.074488 0.026718 -0.012612 -0.027933 0.064460 -0.045278 -0.085885
0.081401 0.020272 0.026765 -0.010821 -0.001792 -0.066952 0.005091 -0.004640 -0.029428 0.025722
0.075920 0.003052 -0.010448 -0.015064 -0.018980 -0.088937 -0.012838 -0.062748 -0.029739 0.036341
-0.008042 0.111981 0.066640 0.024897 0.115967 0.039797 0.023309 0.021783 0.007042 -0.018420
0.003381 -0.114659 -0.061876 -0.019821 -0.061004 -0.017003 -0.028416 -0.047115 -0.063713 0.048672
-0.019385 -0.027372 0.024788 -0.006096 -0.063464 0.002464 0.028120 -0.001587 0.308663 0.451908
0.078411 0.115219 0.047364 0.055336 0.044095 -0.067886 -0.009685 0.012059 -0.063090 0.034254
-0.067450 -0.089124 0.136519 -0.053001 0.112043 0.184102 -0.044623 -0.007316 -0.008064 0.109456
0.041066 0.034599 0.110318 0.058743 0.067312 0.053084 0.064725 0.097923 -0.037105 -0.010920
-0.026353 0.041578 -0.012119 -0.046428 0.022810 0.000503 -0.048126 0.106761 0.020169 -0.018000
0.070492 0.000723 -0.042467 0.083534 0.027041 -0.016329 -0.092749 -0.098893 -0.032605 0.024198
-0.036431 -0.010711 0.002952 -0.036916 0.000938 -0.050309 -0.087575 -0.093180 0.027970 -0.009512
0.005777 -0.046375 0.019806 0.009606 0.026246 0.025087 -0.028806 -0.007336 0.000021 -0.011014
-0.030773 0.083264 0.018849 -0.144432 -0.010812 0.002043 -0.102180 0.062192 0.095444 -0.061707
0.033845 0.042683 -0.021880 0.047991 0.083534 0.009943 0.018458 0.081216 0.006036 -0.001133
-0.040231 -0.064725 -0.023672 -0.030422 0.015036 -0.032901 0.042360 -0.012557 -0.011762 0.021207
0.056264 -0.015898 0.016249 0.051764 -0.017502 -0.001466 -0.117701 -0.076851 -0.050982 0.024683
0.008502 0.035892 -0.004830 -0.043922 -0.023672 0.043599 0.005443 0.053758 0.056695 0.017232
0.016033 0.003523 -0.001032 -0.077605 0.032901 -0.003793 -0.003826 -0.043976 -0.056318 -0.054216
0.064240 -0.017165 -0.073186 0.021018 0.046887 -0.013055 -0.043518 0.056911 0.073617 -0.022204
0.035973 0.041928 0.000004 -0.004076 -0.000174 0.183774 0.075935 0.028940 0.112528 -0.041390
0.038964 -0.041955 -0.012496 -0.022312 -0.125462 -0.130097 -0.102450 -0.022554 -0.027054 -0.049905
0.059444 -0.038884 -0.019994 -0.108162 -0.118671 -0.095605 -0.073240 -0.085581 -0.100294 0.031015
0.041336 -0.042845 0.112312 0.074372 -0.039719 0.012564 0.037159 -0.018606 0.135809 -0.059282
-0.029048 0.398158 -0.016585 0.131821 0.238852 -0.057557 0.092049 0.006905 0.019226 -0.034276
0.011102 0.001016 -0.025747 0.053354 0.052087 0.003234 -0.027889 -0.026071 -0.106384 -0.149282
-0.159306 -0.122983 -0.035434 -0.031985 -0.014969 -0.045027 0.001244 0.020749 0.007963 -0.005824
0.036458 0.141522 0.073779 0.073348 -0.089354 -0.065426 -0.035785 -0.409368 -0.144540 -0.026246
-0.273559 -0.085851 -0.048261 0.018297 0.034006 -0.030854 0.015346 -0.003675 -0.080569 0.037698
0.022824 -0.067150 -0.031473 -0.004055 -0.012348 -0.017111 -0.073078 -0.065749 -0.001128 0.070761
0.008414 -0.008616 0.014982 0.002998 -0.001816 -0.008239 -0.027135 -0.047156 -0.043384 -0.005214
-0.079653 -0.001319 0.044596 -0.077066 -0.004756 -0.024292 -0.012321 -0.006679 -0.009229 0.032821
0.052060 -0.006794 0.036431 0.013413 -0.035246 -0.004429 -0.057396 -0.024588 0.005096 -0.011466
-0.021126 0.102935 0.020722 0.013695 0.147019 0.024198 0.079707 0.009283 -0.048288 -0.046779
0.088060 -0.015144 -0.029479 0.009364 -0.011189 0.056803 -0.013244 -0.006844 0.010927 -0.032740
-0.067096 -0.000111 0.106653 0.008946 0.031285 -0.122983 0.093126 0.008502 -0.414542 -0.070276
0.071785 -0.211151 -0.002688 0.015966 -0.141870 -0.082872 -0.041598 -0.038300 -0.023530 0.035872
0.027010 -0.013495 -0.055032 0.052483 -0.024481 -0.001989 -0.028245 -0.022600 0.005061 -0.064137
-0.041052 -0.025048 0.014901 0.091532 -0.022600 -0.007435 -0.147373 0.059564 -0.041841 -0.151015
-0.077045 0.115163 0.061062 -0.013859 0.051512 -0.134829 -0.051431 -0.016479 -0.266907 -0.003030
0.114192 -0.017977 -0.038887 -0.031158 -0.018492 0.047182 0.002061 0.045685 0.115244 -0.030490
0.064703 0.038968 -0.047870 0.081456 0.027132 0.009049 0.026970 -0.025088 -0.275485 0.255253
-0.024360 -0.233887 0.080930 -0.091694 -0.030187 -0.020232 -0.062356 -0.112735 -0.341524 0.020961
-0.066686 -0.546439 0.037814 -0.111521 -0.208475 -0.054992 -0.065391 -0.028771 0.003462 0.026484
0.052847 0.017329 0.000708 0.106180 0.043378 0.032372 -0.034517 -0.021467 0.015447 -0.031664
0.008574 -0.023267 -0.059969 -0.064420 0.004788 -0.072432 0.002186 -0.012838 0.040688 -0.040161
-0.022155 0.047910 -0.053980 0.091532 0.002954 0.011138 -0.007000 0.030753 0.114678 -0.031239
0.019777 0.013687 0.057865 -0.030248 0.066646 -0.010571 -0.063530 0.020667 -0.087323 0.000453
-0.047910 -0.039777 -0.052078 0.060010 0.040424 0.057096 0.063287 0.085543 -0.027455 0.023227
-0.079797 0.006576 -0.028406 -0.003250 -0.282931 0.018078 0.042286 -0.338611 -0.019494 -0.106827
0.046292 -0.004153 -0.149801 0.182092 0.059483 -0.073525 0.156761 0.020506 0.015053 -0.071906
0.039676 -0.095821 0.059807 0.081699 -0.055397 0.068426 0.086109 -0.036742 0.023227 0.077207
-0.026545 0.040627 0.083601 0.025230 -0.041092 -0.015488 -0.038037 0.069074 0.004922 -0.095174
0.029600 -0.071906 -0.084815 -0.002931 -0.055761 -0.063166 0.043055 0.012119 -0.031583 -0.003983
0.010774 -0.034335 -0.039453 0.019089 0.077814 -0.017127 0.086109 0.063085 0.139442 0.007360
-0.001442 -0.095093 -0.054547 0.003265 -0.106989 -0.086838 -0.083358 0.042731 0.105694 0.032190
0.029823 0.084329 -0.077855 0.226766 -0.063044 -0.139038 0.244246 -0.065715 -0.047910 0.209123
0.009287 0.005706 0.053171 -0.002499 0.074698 0.009626 0.088618 0.015984 -0.018068 -0.034638
-0.001670 0.097116 -0.006216 0.061426 -0.054263 -0.001242 0.008548 -0.181930 -0.029539 -0.002153
0.028204 -0.007091 0.020313 0.022215 -0.017086 0.001951 0.018675 -0.024623 0.044714 0.024724
-0.041416 0.031826 -0.017683 0.068831 -0.000287 -0.031967 0.022944 -0.045847 -0.045766 -0.020394
-0.008351 0.037491 -0.000190 0.063085 0.046454 0.038442 -0.078785 0.179179 0.046171 -0.022013
0.016044 0.078745 0.014092 -0.171410 0.042084 -0.045361 0.060171 0.040809 -0.102781 -0.004641
0.028710 -0.057015 0.004997 0.080808 -0.151582 0.003829 0.110388 0.009848 -0.109822 0.209770
0.053373 0.172866 0.125360 -0.092422 0.028346 -0.066808 -0.060010 -0.245865 0.083843 -0.061345
-0.241980 0.087566 -0.144889 -0.037846 -0.032659 -0.053216 0.014411 0.059541 0.064686 0.129962
-0.075692 0.109721 0.067300 0.216069 0.028358 -0.088975 -0.084926 0.037804 -0.045752 -0.056716
0.001706 0.090999 -0.034873 -0.100023 0.021822 0.009398 -0.020504 0.010083 -0.073119 -0.043770
0.054861 -0.058276 -0.090746 0.049969 -0.001635 -0.044993 -0.025638 -0.069071 -0.043517 0.052246
-0.113938 -0.016699 0.018680 0.067891 0.157371 -0.060595 -0.215563 -0.012714 0.069830 0.075312
-0.007907 -0.026207 -0.021421 -0.007880 0.085222 -0.007179 0.171540 0.043981 0.062071 0.068270
-0.122456 0.021200 0.055240 -0.014769 0.060216 -0.154841 -0.116805 0.015549 -0.148769 -0.092095
0.056294 -0.107191 -0.125155 0.020177 0.081342 0.018375 0.067638 0.004285 -0.071137 -0.065866
0.053722 -0.014664 0.007116 -0.017468 0.022265 0.012956 -0.092179 0.033144 -0.084842 -0.003898
0.007516 -0.093107 -0.017563 0.182166 -0.044023 -0.018617 -0.020589 -0.108962 0.114107 0.306646
-0.028590 -0.000247 -0.022982 0.095890 0.050728 0.011312 -0.032385 0.020462 -0.049252 -0.046680
-0.015086 -0.292984 -0.093866 0.000320 -0.142865 -0.120938 0.050855 -0.020599 0.010563 -0.023593
-0.113938 0.116637 -0.095047 -0.006905 -0.026692 -0.029222 -0.041219 0.014074 -0.027051 0.106516
0.123637 0.082987 0.069282 -0.035210 0.291803 0.133673 -0.061692 -0.081216 -0.235972 -0.140757
-0.017974 -0.173732 0.068692 -0.079613 -0.200720 0.034641 -0.131986 -0.124564 -0.015602 -0.204937
-0.188913 -0.011986 -0.329079 -0.216238 0.110902 -0.019513 -0.135781 -0.119504 -0.093107 -0.099770
-0.064644 -0.050728 0.010157 0.095974 -0.028759 0.013462 0.215394 0.003682 0.056041 0.149191
-0.071348 -0.003052 0.008513 0.026524 0.070378 0.116468 -0.201395 -0.200720 0.060511 -0.293152
-0.326549 -0.018006 -0.018860 -0.019882 -0.046216 -0.039280 -0.087794 -0.036960 -0.051782 -0.021495
0.037045 0.025997 0.168841 0.075439 -0.094541 -0.008339 0.038858 -0.281008 -0.370741 0.159058
0.034768 0.015592 -0.145142 0.052541 0.002778 -0.003555 0.053638 -0.011449 -0.008708 0.035927
-0.166395 -0.039511 0.041430 -0.014295 -0.020262 -0.122709 0.062704 -0.059330 0.085179 0.081680
0.012060 0.068987 -0.046090 -0.066077 0.094962 0.012355 -0.056379 0.049885 0.009182 0.088975
0.087541 0.016224 -0.067385 0.093950 0.057897 -0.023825 -0.030867 -0.071306 -0.072360 -0.052541
0.031310 -0.004325 -0.112589 -0.057096 -0.064854 -0.047439 -0.030213 -0.046385 -0.048957 0.040545
0.059583 0.137974 -0.047355 -0.006404 -0.008523 0.041430 0.194985 0.053511 0.052162 0.101541
0.054186 0.049716 -0.064306 -0.031900 -0.005007 0.051698 -0.062409 -0.010753 0.047481 -0.104324
-0.079023 0.182335 -0.151215 0.000230 -0.059162 -0.102890 0.015750 0.000751 -0.111324 -0.027599
0.091083 0.023741 0.008660 0.044234 0.052541 0.058909 0.069493 -0.069240 -0.063126 0.002331
0.010519 0.009846 -0.061410 0.046719 -0.032074 -0.127090 -0.005683 -0.144171 -0.191424 -0.021294
0.001832 -0.019948 0.018068 -0.031633 -0.006348 0.004943 -0.039988 0.003557 -0.062802 -0.024067
0.019205 -0.080348 -0.102210 -0.072410 -0.068558 -0.082483 -0.079884 -0.010867 0.017743 -0.006168
0.013623 0.047949 -0.009254 0.014795 0.062849 0.012799 0.037366 0.096454 0.015074 -0.028616
-0.296326 -0.114464 -0.013182 -0.142407 -0.051755 -0.033954 0.096083 -0.013797 -0.006684 0.066376
0.037435 -0.045744 -0.041682 -0.062849 -0.008256 -0.006539 -0.002965 -0.064334 -0.018752 0.001003
0.006464 -0.018242 0.002267 0.053287 0.024531 -0.064288 0.033095 0.036530 -0.026968 -0.035230
-0.021340 -0.000983 0.021445 0.002064 0.006017 0.201264 -0.004891 0.053147 0.100911 -0.016838
-0.136095 -0.000180 -0.023928 0.000973 0.012799 -0.029080 0.050362 0.002579 -0.002744 0.003673
-0.024694 -0.057371 0.001225 0.039338 0.067676 0.083829 -0.012347 -0.018834 -0.059089 -0.070182
-0.029405 0.018509 -0.038294 0.056397 0.059971 -0.009713 -0.045210 -0.019379 -0.002918 0.004955
0.041520 -0.003754 -0.027943 0.008303 0.029591 0.000986 0.007815 -0.013809 0.051476 0.027572
-0.008657 0.085732 0.079373 0.023313 0.037992 0.029823 -0.036205 0.000688 0.055747 -0.084015
-0.054679 0.095062 -0.148256 -0.189660 0.035114 0.046835 -0.011703 0.036855 0.025901 0.051709
0.014505 0.001928 0.040893 -0.004830 0.058671 0.023905 0.039362 0.082204 0.256407 -0.060156
-0.002097 -0.039246 -0.024972 -0.069068 0.019356 0.036716 -0.030914 0.062570 0.026434 0.060435
-0.011952 -0.086893 0.013380 -0.028500 0.003374 0.056768 0.013438 -0.036577 0.046812 0.026713
-0.015619 0.011192 -0.065819 0.015039 -0.031772 0.241368 0.158653 -0.066191 -0.094923 -0.037064
0.068326 0.098682 0.011952 -0.034627 0.017337 -0.041358 -0.036623 -0.019611 0.036623 -0.030635
-0.045581 -0.119013 0.037969 0.224658 0.076449 -0.146492 -0.326775 -0.101375 -0.003850 0.058578
-0.005019 -0.011517 -0.056350 -0.043307 -0.118642 -0.080626 -0.048088 -0.069858 0.000112 -0.012080
-0.091952 -0.025877 0.026899 0.009075 -0.099425 -0.125047 -0.029823 0.001775 0.001807 -0.031146
-0.023615 0.021839 -0.062059 -0.053658 0.075845 -0.036391 -0.004384 0.022141 -0.033374 0.032979
0.065262 -0.042495 -0.061131 -0.008651 -0.021445 -0.026017 0.014088 0.054076 -0.021108 -0.047113
-0.042634 -0.026875 -0.014285 0.072086 0.031146 -0.015352 -0.097847 -0.152062 0.046742 -0.038526
-0.000029 0.159767 -0.046765 -0.005793 0.017348 -0.018996 -0.065402 -0.022710 0.052869 -0.041752
0.003322 0.033629 -0.053240 -0.038480 -0.040708 0.135816 0.223544 0.027781 -0.007583 -0.006272
-0.022895 0.020087 -0.043841 -0.004897 0.016234 -0.008140 0.001713 -0.047345 -0.037876 0.041427
0.024810 -0.073710 0.019669 0.121055 -0.020075 -0.017070 -0.038665 0.033745 -0.004237 -0.019355
0.048074 -0.066835 -0.123022 -0.072992 0.099033 0.058657 0.027132 -0.060581 -0.039030 -0.114363
0.087488 -0.079342 -0.370991 0.064590 0.136235 0.071774 -0.150859 -0.265287 -0.118147 0.066706
0.159967 0.107500 -0.086462 -0.054937 -0.074275 -0.007388 0.003069 0.027773 0.045604 -0.014327
-0.061800 -0.016693 0.020220 0.029489 0.009613 0.003883 0.074468 0.013349 0.034989 0.027196
0.011505 0.027164 0.035983 -0.039671 -0.060517 -0.113978 -0.247455 -0.294791 -0.208714 -0.137903
-0.082870 -0.127640 -0.105897 0.043840 -0.003413 -0.152399 -0.054712 -0.003616 0.031156 -0.054039
-0.025448 -0.132258 -0.035149 0.062505 0.187163 0.112824 -0.063788 0.123150 0.029793 -0.074660
-0.048394 -0.024855 0.023652 0.017735 0.009276 0.027597 -0.037522 -0.028286 0.004955 0.003085
-0.061928 0.061094 -0.013438 -0.001558 0.112246 0.044257 0.065488 0.060934 0.016500 -0.039479
-0.009830 0.024678 -0.024309 -0.010182 -0.062249 -0.134952 -0.055610 -0.036624 -0.108655 -0.167279
0.043712 0.136748 0.129949 -0.050030 -0.001977 0.092940 -0.042590 -0.056989 -0.028559 0.001802
0.084089 -0.005476 -0.154323 -0.090567 0.093004 -0.078380 -0.090888 -0.034283 -0.262978 -0.526981
-0.282989 0.134568 0.096404 0.090952 0.026105 0.039062 0.056989 -0.077033 -0.196528 -0.122894
-0.005512 0.061158 0.085371 0.042205 -0.036175 -0.056380 -0.010166 0.052275 0.093389 0.075943
-0.045604 -0.013718 -0.044546 -0.083511 -0.025865 0.024694 -0.094993 -0.042205 0.043423 -0.018649
-0.118981 0.004606 -0.040409 -0.062217 -0.019018 0.106538 0.103972 -0.044995 -0.010198 -0.069208
0.030323 0.045508 0.021535 -0.070106 -0.003518 -0.130719 -0.009485 0.038901 0.039864 0.037907
-0.043616 0.068567 -0.036464 -0.054295 -0.027757 -0.028270 0.025656 0.042301 -0.107692 -0.024839
-0.030964 0.063211 0.022016 -0.023604 -0.044033 -0.172667 -0.149833 0.012483 0.020252 0.005107
0.053365 0.118917 0.026186 0.081972 0.127063 0.095249 -0.005869 0.039511 -0.006611 -0.015763
0.025656 0.067733 0.020541 -0.003760 -0.029809 0.000984 0.037522 -0.022145 -0.074724 0.001094
0.025640 -0.037971 -0.037362 0.011858 -0.077482 -0.004141 -0.035598 -0.404344 -0.082164 0.298383
0.025271 0.168947 0.043712 0.018104 -0.007857 -0.002393 0.035117 -0.073698 0.005853 -0.027003
-0.007769 -0.023427 0.099482 0.075173 -0.133156 0.108911 -0.117506 -0.179081 -0.049421 -0.004582
0.105512 -0.021455 -0.013045 -0.011746 0.033385 0.043263 0.071709 0.025672 -0.058176 0.003121
0.043327 -0.026634 -0.037105 0.079342 -0.055225 -0.083127 0.047400 -0.007248 -0.036240 -0.017975
0.011088 0.064686 -0.027484 -0.005725 0.038356 0.016107 0.071068 0.023957 -0.029280 -0.014792
-0.005320 -0.066899 -0.042750 -0.017591 0.002866 -0.005484 -0.002602 -0.031750 0.088579 0.030627
0.102369 -0.002920 0.046181 0.048490 0.012540 0.019755 0.013906 -0.090503 0.030487 0.030784
-0.093344 -0.115012 -0.003770 -0.156432 -0.082840 -0.109661 0.048026 0.088455 -0.012667 -0.042048
-0.045879 -0.018051 0.001896 0.043105 -0.033278 -0.038117 -0.125713 0.021503 -0.044690 -0.074847
0.070817 0.045813 -0.081585 -0.020132 0.042675 0.071808 0.008910 0.009571 0.025070 -0.033988
0.020297 -0.021767 -0.108670 -0.042708 -0.002684 -0.027349 0.045483 0.025863 -0.016507 0.154582
-0.062196 0.050371 0.116729 0.001994 0.038943 0.214169 -0.109198 -0.061502 0.105697 -0.079339
-0.026408 -0.069166 0.041288 0.033179 -0.021305 -0.004670 -0.013881 0.034418 0.031940 0.031527
0.032882 0.011660 0.020611 0.032617 0.055029 0.045186 0.001486 0.054038 0.031973 0.017770
-0.039042 -0.012675 -0.036796 0.008332 0.001289 0.018315 0.033559 0.006400 0.099289 0.054434
0.072402 -0.128752 -0.070156 0.035012 -0.260675 -0.143352 0.008514 0.012585 0.062031 -0.039306
0.065202 0.058629 -0.032584 0.025516 0.020049 0.054632 -0.318412 -0.218132 0.126506 -0.180742
-0.260279 0.006763 -0.126044 -0.115804 0.132121 0.206374 -0.179817 -0.120627 0.040792 -0.067778
-0.069826 -0.037919 -0.048257 -0.010008 0.074583 -0.070355 0.015054 0.174532 0.028076 0.018035
-0.021057 0.096250 -0.071015 -0.091362 -0.134037 0.091890 0.020495 -0.169644 0.090173 0.074318
-0.109727 0.013171 0.078348 -0.044162 0.022708 -0.060842 0.032502 -0.038679 -0.064872 0.014641
-0.041618 -0.050008 -0.030702 -0.049413 -0.097307 -0.025351 -0.055458 -0.080396 0.027333 0.009967
0.277455 -0.109595 -0.100346 0.344308 -0.155375 -0.015846 0.190387 -0.010396 -0.010528 -0.047861
-0.158678 0.030421 -0.074252 -0.168455 0.010264 -0.030074 -0.105961 -0.042840 -0.161717 -0.016779
0.034814 0.005099 -0.010049 -0.027679 0.055425 -0.012841 0.001211 -0.013121 -0.013204 -0.095656
-0.175325 0.020016 -0.007956 0.026606 0.023798 0.036697 0.074252 -0.009496 -0.009067 0.023930
0.014698 0.086341 0.085747 0.056185 0.013617 0.097307 -0.009843 0.030966 0.028885 -0.029810
0.032403 -0.021668 0.035045 -0.133377 0.325811 0.018629 -0.133310 0.079471 -0.003836 -0.007737
0.046738 0.102526 -0.029001 -0.057473 -0.026292 0.090833 0.065169 -0.069892 -0.074583 -0.084095
-0.174532 0.097506 0.069166 -0.180610 0.107415 -0.034616 -0.035342 0.060974 0.093344 0.003004
-0.021205 0.029612 0.017506 -0.003753 -0.118381 -0.047828 -0.065598 -0.100280 0.014269 -0.014558
-0.019653 -0.045549 0.054236 0.041882 -0.020545 0.026342 0.099289 -0.067778 0.004732 0.028010
0.055755 -0.021189 -0.000177 -0.026144 0.008885 0.012263 -0.085020 0.020165 0.018447 -0.020809
0.038645 -0.043798 -0.082576 -0.023600 -0.024162 -0.118116 -0.009389 -0.020561 -0.004604 0.002339
0.001726 0.046507 0.050702 0.079009 0.114681 0.059422 0.033427 0.071015 0.065929 0.035442
0.074186 0.045516 0.031445 0.041783 -0.103527 0.038334 0.030281 -0.059910 -0.033516 -0.056698
0.010567 0.064053 -0.025858 0.056558 -0.096079 -0.081509 0.066194 -0.079274 -0.165252 -0.034261
0.066706 0.013558 0.072664 0.230701 0.067311 -0.015396 -0.027045 -0.031747 0.016979 0.066706
0.045363 0.009549 -0.028302 -0.012394 0.010864 0.005717 -0.002406 -0.019004 0.027674 0.023380
0.023834 0.014791 -0.002582 -0.043408 -0.038543 -0.042616 -0.014128 0.004050 -0.000312 -0.103434
-0.149611 0.032213 -0.142536 -0.369606 -0.174190 0.040126 0.149611 0.003250 -0.090772 -0.044851
-0.029047 0.015606 -0.005848 -0.020238 0.020703 -0.013453 -0.007832 -0.031770 -0.010061 0.015524
0.104551 -0.012068 -0.013744 0.040475 -0.054138 -0.026999 -0.001514 -0.011637 -0.000869 -0.000857
0.003392 -0.018736 -0.020796 -0.023054 0.024625 -0.070523 0.004559 0.031026 -0.015455 -0.003776
0.022868 0.007349 0.039381 0.005423 -0.125033 -0.194765 -0.058420 -0.066520 -0.061120 -0.035122
-0.012138 -0.048877 -0.011963 -0.026068 -0.038799 -0.078530 0.005193 0.014372 0.006569 -0.064472
-0.001744 0.028279 -0.026743 -0.163018 -0.188155 -0.020075 0.134808 -0.005586 -0.035145 -0.036914
-0.001826 -0.022239 -0.152218 -0.081369 0.076854 0.137881 -0.029629 0.015350 0.019504 -0.031817
0.010520 0.011492 -0.052788 -0.055115 -0.048319 -0.058932 -0.018073 0.022879 -0.045084 0.068708
0.039521 -0.019423 -0.002790 0.021657 0.039428 -0.035448 -0.032166 -0.005987 0.097569 0.055162
0.031724 0.021238 -0.002864 -0.028535 -0.002201 -0.044222 -0.032422 -0.036379 -0.072897 -0.023834
-0.005781 0.079926 0.042104 0.033516 0.046015 0.034656 0.004751 0.040917 0.002570 -0.053579
0.048738 -0.035797 -0.011335 -0.003203 -0.004995 0.036844 0.040335 0.055441 0.008449 0.019749
-0.049110 0.027069 0.016339 -0.046340 0.031375 -0.022681 -0.030513 0.065868 0.046434 -0.058234
0.039684 -0.056465 -0.006965 -0.029745 0.000202 0.001216 -0.053346 0.000871 0.011905 -0.015385
0.005219 0.039777 0.027371 0.074526 0.026952 -0.029326 0.010171 -0.025021 -0.030025 0.016676
-0.056139 0.018527 -0.089795 -0.056651 -0.006249 0.191972 -0.030095 0.064518 0.131271 0.028954
-0.129222 -0.101199 0.064658 -0.103061 -0.079228 0.050693 0.081555 0.074294 -0.002458 0.033935
0.007465 0.109672 -0.012371 -0.046410 0.007116 -0.033772 -0.005993 0.008612 0.126616 0.005283
-0.003273 0.000681 -0.011329 0.132946 -0.039102 -0.020622 0.007442 0.004899 0.006942 0.014489
0.019854 -0.002729 0.031863 -0.001175 -0.015594 -0.002959 -0.006994 -0.081788 -0.097103 0.023578
-0.043827 -0.100082 -0.015094 -0.035168 -0.145608 -0.051996 -0.004923 0.022868 -0.034354 0.009246
-0.014663 -0.016339 -0.012382 0.001891 0.061818 -0.004632 -0.016002 -0.002563 -0.065449 -0.041895
-0.030211 -0.050972 -0.044315 0.034563 -0.017049 -0.000911 0.007058 0.076388 -0.043897 0.004908
0.022914 -0.050274 -0.097758 -0.061002 -0.103908 -0.066692 0.028310 -0.094083 -0.027744 0.028080
0.056831 -0.124619 0.248248 0.380006 -0.024722 0.071428 0.099808 -0.011495 -0.021100 0.034230
0.067151 -0.075280 0.018590 -0.010497 -0.016205 0.032109 0.014208 -0.034406 -0.064041 0.019651
-0.020039 0.017760 -0.041280 -0.026136 -0.004327 0.007532 0.004895 0.019916 0.026277 -0.103625
0.025235 -0.011478 -0.005681 -0.005098 -0.045416 0.028681 -0.049056 0.166253 0.765666 0.174735
0.012343 0.219267 0.120378 -0.040574 -0.057397 -0.061178 0.261819 0.058846 -0.022549 0.036721
-0.074503 -0.034636 0.064324 -0.015825 0.003112 -0.067964 0.024687 -0.031102 0.008332 0.024245
0.011681 -0.039160 -0.067434 -0.006658 0.015021 0.021700 -0.003987 -0.027832 -0.072948 -0.039549
-0.009171 -0.042270 -0.061885 0.018484 0.048314 -0.063546 -0.014049 0.018025 -0.011778 0.015666
-0.036173 -0.026931 -0.083409 0.039195 -0.041316 0.037393 0.090972 0.061214 0.035679 0.104615
0.061991 0.072523 -0.013943 -0.029016 0.057715 0.044921 -0.029653 0.046511 0.013050 0.018679
-0.143987 -0.080087 0.080864 0.023962 -0.042411 -0.025588 0.060295 0.040291 0.068459 -0.010638
-0.062062 0.017044 -0.111683 -0.176855 -0.106028 0.016152 0.025535 0.062981 -0.100939 -0.081642
-0.047430 -0.116702 0.010894 -0.009657 -0.023715 0.047854 -0.022531 0.021948 -0.027673 -0.012432
0.021753 -0.138827 0.037711 -0.041917 -0.052590 -0.031331 -0.013483 -0.107442 0.004038 -0.046264
-0.085318 0.007157 -0.028327 -0.111330 -0.007064 0.011911 0.074856 0.029741 0.036332 -0.021983
-0.018749 -0.036827 -0.025341 0.004405 -0.044108 0.007276 -0.024334 -0.022973 0.072735 -0.036156
-0.009878 0.011159 -0.067116 0.055736 0.000138 -0.000061 0.024227 -0.085954 -0.039089 -0.009578
-0.067964 -0.067752 -0.057220 0.071711 -0.022160 0.003324 -0.059694 -0.017751 -0.067964 -0.178693
0.010355 0.000590 0.167384 0.115712 -0.022266 -0.022531 -0.063652 -0.028946 -0.040468 0.006454
0.103766 0.118893 -0.055418 0.022443 -0.027585 0.031225 0.070509 -0.006150 0.010824 -0.064642
0.123983 -0.040255 -0.034230 -0.026613 -0.019067 -0.063334 -0.035926 -0.030943 0.005028 0.093376
-0.153671 0.068000 -0.030731 -0.043401 -0.006693 -0.073372 -0.070756 0.013271 -0.052979 -0.001259
0.094789 -0.039584 -0.079027 0.021718 -0.037181 -0.037251 0.011663 -0.062769 -0.005443 -0.001524
-0.089205 -0.047890 -0.008977 -0.016761 0.028893 -0.032180 0.004261 0.000154 -0.018007 0.013095
-0.000332 -0.043012 -0.020163 0.010090 0.001931 0.067045 0.098748 -0.004263 0.035661 0.172332
-0.001501 0.073160 0.108502 0.022178 0.022425 -0.017495 0.041422 -0.004745 0.017238 -0.059694
-0.091255 -0.000639 -0.065420 0.052060 0.073230 -0.070332 -0.035131 -0.002185 0.000617 -0.006379
-0.008968 0.045274 0.065596 -0.010974 0.023856 0.025129 -0.006234 -0.009260 0.002412 0.021365
-0.158554 -0.045826 -0.070141 -0.114781 -0.177173 -0.006025 0.131954 0.151383 0.035909 -0.026686
0.070777 -0.032497 -0.029071 0.067596 -0.000403 -0.030155 0.026426 0.093444 -0.109230 -0.022739
-0.022450 0.145832 0.051550 -0.031485 0.293284 -0.138778 0.191513 -0.019660 0.116805 0.033046
-0.014311 -0.027842 0.108536 -0.051753 0.030531 -0.018272 0.085464 0.013863 -0.000007 0.016104
0.023375 0.023491 -0.027597 0.133111 0.054239 -0.064011 -0.156819 -0.032092 -0.059385 -0.121084
0.005226 -0.018243 -0.108304 -0.008095 0.015381 0.019053 0.045536 -0.132417 0.030415 0.025298
-0.046057 0.123165 -0.059617 -0.108015 -0.010741 0.048023 -0.115301 -0.041344 0.074304 -0.100267
-0.082804 -0.109577 -0.034463 -0.044987 -0.024301 -0.006039 -0.064994 -0.007727 0.013805 0.026368
0.010228 -0.000951 0.015945 0.030965 0.208282 0.172316 -0.017521 0.526430 0.460279 0.042645
0.120968 -0.070314 -0.044843 0.111427 0.020687 -0.053776 -0.077311 0.017651 0.010835 -0.112699
-0.348332 0.036198 -0.086563 -0.263215 -0.066613 0.299991 0.130798 0.086100 0.204003 0.043021
-0.085522 0.177982 0.172316 0.022132 0.031861 0.062392 0.001733 -0.061293 -0.084597 -0.036545
0.029563 -0.049873 -0.018243 0.102522 -0.099573 0.060831 0.000286 -0.171390 0.054239 -0.003972
-0.072800 -0.080665 -0.002727 -0.039609 -0.079277 -0.044438 -0.035938 -0.034058 -0.112815 0.081937
-0.041431 0.016350 0.047474 0.105818 -0.067192 -0.114723 -0.009613 -0.156125 0.090032 0.051897
0.019602 -0.048399 0.053227 0.354577 -0.375625 -0.089743 0.336305 -0.208745 -0.113219 -0.445014
0.609697 -0.026108 -0.016277 -0.068695 0.027307 0.036603 -0.093270 0.093270 -0.018562 -0.102175
-0.033018 -0.107726 -0.067192 0.004843 -0.088239 -0.185962 -0.109461 -0.180989 0.071702 0.004590
-0.067423 -0.013603 0.073147 0.124437 0.018576 0.036227 0.002177 -0.016509 -0.054673 0.043975
0.085927 0.037297 -0.037730 -0.060657 -0.012100 0.058691 0.228752 0.039638 0.030994 0.002047
-0.032526 -0.070025 0.009910 -0.068232 -0.011211 -0.145832 0.045652 0.148955 -0.135308 -0.049266
0.210480 0.117845 0.038106 -0.406387 0.488960 0.017680 0.035041 0.067712 0.034694 0.055916
-0.023433 0.011529 0.029808 -0.037672 0.001528 0.028117 -0.362904 -0.060021 -0.016205 -0.421190
-0.025067 -0.409626 -0.830353 -0.048457 0.044178 0.130104 -0.019660 -0.068695 0.064589 -0.008963
-0.036429 0.089512 0.141900 0.004980 -0.067076 -0.010669 0.031080 -0.049324 -0.044293 -0.041229
-0.153349 -0.203772 -0.003946 0.060484 0.088355 0.001765 -0.009772 -0.005139 -0.052678 0.019024
0.000726 -0.053545 0.033249 -0.020629 -0.077426 0.017275 -0.014398 -0.031803 -0.001355 0.041894
-0.017015 -0.086967 0.039378 0.036747 0.006205 -0.035186 -0.024792 0.051810 0.143288 0.045565
0.066671 -0.047098 0.029042 0.056292 -0.007011 -0.032815 0.056205 -0.116805 0.084209 0.074518
0.266360 -0.000543 0.120432 -0.023229 0.061097 -0.234023 -0.322948 -0.032233 -0.004842 0.142508
0.011815 -0.175777 -0.016453 -0.006801 -0.064206 -0.063999 0.019796 0.271334 -0.292892 0.138673
0.297038 0.014847 0.111104 0.054049 -0.075969 0.014458 -0.036171 -0.010403 0.024265 -0.018863
0.006400 -0.025379 -0.014963 -0.034616 -0.167071 -0.099496 -0.114939 -0.060630 0.072757 -0.032492
0.049359 0.039177 -0.073586 0.002405 -0.018707 -0.050422 0.020508 0.068974 0.031274 0.011867
0.029590 -0.018150 0.051199 0.077058 0.040757 0.019822 0.005182 -0.032259 -0.097734 -0.113488
-0.092811 -0.027776 0.003163 0.045810 0.182099 0.013966 -0.043037 -0.042597 -0.022542 0.076177
0.024110 -0.068507 -0.032077 -0.029123 -0.106855 -0.074985 -0.074208 0.022257 0.218270 0.010895
0.059905 0.219306 0.008576 0.274651 -0.047908 -0.012191 -0.113073 -0.105196 -0.019005 -0.056018
0.110586 -0.017788 -0.103901 0.153390 -0.014445 -0.119914 0.050603 -0.039773 -0.186659 -0.425346
0.192981 0.516551 -0.506187 0.018876 0.011556 -0.138984 0.058609 0.291234 -0.213710 -0.153701
0.077265 0.102346 -0.038192 -0.203553 0.014432 0.037389 -0.043711 0.001334 0.042364 0.125510
-0.018358 0.136496 -0.011044 -0.083017 -0.115457 -0.169765 -0.107062 -0.033891 -0.091205 -0.085556
0.057988 -0.003229 0.174429 0.109964 0.080892 0.007689 -0.002845 -0.055137 0.166345 0.017205
0.107477 0.076850 -0.080944 -0.015184 0.132454 0.041716 0.019381 0.088199 0.114732 0.030004
0.068248 -0.002139 -0.079234 -0.111311 0.184068 0.241900 0.200443 0.049204 0.065294 -0.002442
-0.074726 -0.152146 0.024550 0.036819 -0.221172 -0.340774 -0.025315 -0.212155 -0.088769 -0.078561
-0.014031 -0.012048 0.047546 0.002606 0.269262 0.065864 0.057055 0.053168 0.089236 -0.049748
0.156292 -0.046147 0.016233 0.035083 -0.121261 -0.053220 0.065605 -0.069388 -0.019018 -0.121468
-0.022231 0.054775 0.028139 0.037389 0.057988 -0.003708 0.001302 0.012256 -0.128516 0.007391
-0.097527 0.004470 0.066590 -0.010759 0.043996 -0.054827 0.024900 -0.172253 -0.137844 -0.653773
0.134320 0.062911 -0.034539 -0.109549 0.009082 -0.008363 0.149452 -0.067056 -0.051406 0.056381
0.131625 0.112762 0.027983 0.003942 -0.158054 -0.293928 -0.104160 -0.235682 -0.284601 0.146964
0.039488 0.112970 0.037415 0.044151 0.095299 -0.109446 -0.150177 -0.212466 -0.077576 -0.111622
-0.074104 -0.052365 -0.103020 -0.062444 -0.010500 -0.064880 0.056692 -0.010837 -0.035653 0.109135
0.019200 -0.001335 0.039384 -0.087422 -0.091619 -0.076591 0.021532 -0.014380 -0.040291 0.029149
0.033399 0.129552 0.039954 -0.033813 -0.161370 0.003848 0.147275 -0.225110 0.015365 -0.033735
-0.006691 -0.005992 -0.032466 0.007695 -0.075244 -0.018928 -0.010682 0.112762 0.006432 0.040343
0.075140 0.112555 0.041534 -0.003012 -0.067315 0.027387 
