2 0 10 20 -2 -6 -19 -8 11 -7 -4 0 -3 -8 -13 8 -11 2 -5 3
-11 -9 9 -17 1 38 33 19 12 13 25 1 17 4 8 16 -9 8 10 12
19 39 12 8 -7 -5 16 -5 -20 4 27 -2 -3 13 -14 -10 2 -19 -64 -26
-8 -5 14 -9 -36 -1 -3 -18 -40 6 12 -32 -1 -14 -14 2 -27 -13 -15 -14
12 2 -11 -14 21 50 26 25 11 -15 5 3 -15 3 41 4 -9 -15 -15 -2
16 -13 -5 15 13 3 17 18 -4 3 3 12 -6 9 -10 -16 -7 5 -2 0
4 19 20 -4 -9 -2 -7 -7 12 -1 6 21 3 23 16 -4 -4 -5 19 1
-7 -4 19 -10 -18 -8 5 14 -2 7 -12 -18 -17 -6 6 10 -8 -4 35 -8
5 1 0 -19 -8 12 -2 -11 2 -12 13 -1 13 -17 -2 -7 25 -9 -45 -24
18 31 13 -17 2 27 8 18 20 5 -17 -3 11 -16 0 25 -19 -7 17 2
-10 0 0 -12 -7 -3 -25 -13 -6 3 -1 16 16 0 13 22 -7 -5 -4 -10
-13 -5 5 -18 -10 -7 -5 0 9 -16 5 11 4 23 7 -1 3 -6 -25 -2
-18 -21 4 -1 16 6 -13 2 -6 1 13 5 2 5 -2 10 -7 -37 17 11
-28 7 19 14 3 20 -4 -8 9 -17 6 -11 -14 11 -8 -10 6 13 15 -8
-4 -14 8 18 -19 0 10 0 -45 -4 12 -25 51 0 -8 19 -5 -3 -72 10
-15 -6 38 -2 -15 10 -17 -2 6 -1 1 -1 6 0 40 -46 85 26 9 6
-4 4 6 7 -27 29 22 -6 24 12 -16 5 -6 32 -12 -13 42 -94 8 23
-19 -11 -31 73 7 -12 55 -5 -27 -48 -21 22 5 1 -19 -5 -18 -2 15 -24
11 -10 12 -6 -10 39 -31 -28 14 -11 -28 18 -15 18 -11 1 34 2 34 -5
-5 6 -87 -15 -26 -12 -11 -15 21 -10 -3 -40 -7 19 13 35 -48 14 -20 -11
39 -9 18 59 9 -6 -28 -33 20 41 5 6 64 43 -21 0 34 -7 -48 51
-1 -14 27 7 -51 15 8 -21 -7 1 -11 21 21 15 -31 15 47 -25 18 20
-3 19 -26 -13 -5 -69 37 21 -15 -6 17 -2 23 18 -26 3 32 -21 -21 21
-27 -1 -3 11 -17 2 32 -39 -5 -24 18 -1 -19 2 3 5 21 -23 0 -11
10 -8 44 26 -55 -28 -27 -20 26 -14 -44 -10 7 17 17 -7 -24 -18 -36 4
7 -18 20 -9 -25 -20 -18 -47 -14 -24 -13 15 18 5 19 22 33 -10 -12 13
-5 -18 -6 -34 19 -3 -1 9 13 -46 12 -15 -37 28 0 -33 -30 1 26 -10
-12 -38 -26 -22 -37 -10 -15 -16 3 -29 22 31 6 -11 -36 8 5 -27 6 -34
-1 -3 -57 -21 23 2 9 10 12 14 -3 11 22 32 48 -7 1 -7 11 15
24 12 6 13 2 -4 -1 -16 0 15 -5 0 13 -7 -5 -1 -6 11 11 15
17 -7 6 -7 36 -18 -17 -19 -21 -11 -5 -12 0 21 26 6 5 5 2 -22
-30 -9 14 29 9 3 12 12 -27 8 4 2 -5 7 22 -2 -5 19 -3 7
24 18 -12 -17 12 -8 -20 -2 -5 -10 -13 -4 12 -22 19 47 -4 0 -10 -26
3 29 6 -8 42 17 35 56 13 9 -25 -18 7 -22 -18 4 25 36 5 4
23 -4 -10 0 -2 -3 11 -28 -17 -21 -28 0 -16 0 -6 -3 7 -14 14 -8
-17 14 -26 1 -8 16 2 7 5 -1 -1 20 30 -10 11 -5 1 17 -18 -1
5 1 -3 -12 13 -23 0 65 15 -11 2 7 18 15 14 11 15 -7 -24 -48
-17 -4 -11 -14 17 35 6 -6 21 9 -5 11 1 3 -2 4 -29 -11 -17 -25
-55 -35 3 -50 -27 -7 -18 -3 0 15 2 -19 21 -8 17 15 -7 -1 -13 -22
-15 -29 -36 -14 4 19 -12 -7 13 -39 -8 10 4 -9 -13 -17 2 -6 -19 -12
17 11 -4 7 3 -12 1 -1 -13 -19 -23 -91 -53 9 33 9 8 82 15 19
41 -5 -7 1 -9 -9 8 10 7 -2 -3 -3 -19 -7 -10 -38 -7 0 -5 -12
-10 -13 8 -13 -7 -3 -12 -19 -15 -10 7 1 -13 12 4 -4 -18 -13 11 0
-5 -5 -5 11 13 6 34 -9 -36 9 1 5 -3 30 20 -6 7 24 -14 -9
-1 12 3 -21 7 5 50 14 -14 13 -26 0 -21 7 -4 -43 -7 -1 -9 11
4 15 0 -30 -10 7 -22 -5 14 -44 -19 -7 -19 13 8 -5 -2 -11 8 -16
-12 -20 -35 -26 21 -9 -9 -4 -4 -8 14 13 10 -19 -12 6 22 1 -13 3
-8 4 25 -29 -18 -11 -1 7 6 -36 -5 -3 -3 8 -12 2 1 -1 17 2
10 24 7 -19 -36 13 -24 -27 -25 -30 12 -5 12 3 25 -24 -33 -12 -25 -25
-17 14 3 -1 12 14 8 9 22 10 7 -16 -22 5 -7 -17 -6 -11 5 -10
-12 14 19 5 15 5 4 -1 -23 16 -10 -9 -37 -14 5 -17 -5 -1 31 20
-23 11 11 -7 8 1 16 -4 13 -36 -34 -31 6 26 5 8 32 8 10 -28
-14 1 -39 4 -4 -1 3 -11 -1 -33 -31 -7 3 38 4 -12 -7 60 15 -16
-2 24 -6 18 -7 -19 20 35 3 -2 5 0 31 -4 7 -27 -7 -15 -17 6
-15 -9 -3 -14 -2 -17 3 1 8 9 -16 2 -6 28 37 13 0 -3 -3 6
-3 21 -4 -5 14 0 -20 11 25 -5 -2 -35 -33 1 -12 -28 -15 22 -27 9
16 -5 5 18 13 4 10 -26 -15 -10 -4 -5 41 22 -8 -18 1 -9 -10 -13
-3 11 12 0 1 -8 4 -14 -12 -3 -18 -4 -28 -7 -1 1 10 6 -4 10
-14 0 18 21 -48 -7 -16 -8 13 7 9 3 -12 67 73 72 -63 -35 -52 -25
6 -10 -21 -4 10 -24 -5 14 -15 -14 -6 22 43 96 1 -3 -19 44 13 -11
-63 -5 18 -16 17 29 4 17 30 -52 -12 -16 14 -3 -6 -8 11 -7 44 -1
-31 12 -5 -6 -18 2 16 2 13 17 5 -3 -11 -1 5 -1 -53 -14 -40 -7
11 -19 -47 -16 -8 26 21 35 8 20 31 -2 2 10 -43 -28 -43 3 11 42
-21 -10 -14 19 1 41 -27 -33 3 -5 2 4 -20 -8 -11 16 16 8 -12 -2
-10 -7 11 -21 3 3 -14 2 6 -4 -12 8 23 -28 -19 -14 -2 -22 22 53
-27 -57 -12 -15 -27 0 6 4 -14 3 10 16 -10 -11 -26 -34 -24 21 6 69
-21 -20 36 -11 4 12 -3 -1 9 39 26 37 30 9 10 54 54 76 -23 -16
-15 26 19 16 -44 -53 -100 5 11 22 -7 9 11 -11 -22 -5 -14 -10 -1 -7
14 14 -31 0 14 -4 -3 -5 0 1 0 1 -2 -23 31 14 -16 0 0 -8
23 -7 -49 -8 -15 -22 45 -6 33 -10 -11 10 21 12 6 8 14 10 -8 9
5 -12 -23 -38 33 0 -6 -58 -19 -23 41 27 27 11 11 -7 45 20 -26 26
12 -12 21 -6 9 38 23 16 -6 -10 -23 23 27 11 -85 -25 -38 -3 4 -41
30 -13 -20 -5 97 26 -47 -9 43 18 -10 -20 85 -12 -9 37 13 14 8 -14
-15 40 -12 -37 36 -29 -35 28 -62 -8 11 -42 21 -25 -10 32 29 -16 34 66
-11 -15 6 -10 -10 -26 -36 7 7 7 -4 5 -5 -15 -22 -29 -6 2 -9 -12
-20 22 6 13 69 -31 -11 39 -14 18 72 20 -18 -26 9 20 -48 20 42 -10
10 -27 18 -2 5 26 -33 -16 -22 -14 17 29 13 -31 -72 55 -15 -58 12 -24
-28 -18 -33 -25 1 11 11 31 6 -34 -11 -3 -12 -23 35 -7 14 -26 1 6
20 4 14 41 -7 3 7 -54 -6 5 -90 14 -15 -86 28 -3 -17 -42 -25 84
-17 -7 37 -20 -10 6 -12 -1 32 -26 46 -4 -36 -11 0 -39 33 7 -47 -10
-9 -13 -31 22 14 10 -2 8 -15 0 23 44 32 -31 8 -32 1 -66 -28 -12
24 -24 7 -21 39 17 0 -17 -16 -12 44 18 0 -31 -14 27 -2 3 -4 -45
-14 -43 -19 -7 18 23 -2 -8 36 22 24 44 6 -3 -17 -8 3 -33 6 11
-34 6 2 -22 -28 -21 -25 13 4 28 -4 -2 23 -4 -15 -49 15 7 11 26
19 21 22 9 -43 -8 -33 10 9 -24 -10 -15 27 20 37 -35 -27 -3 -5 -13
-24 33 -4 -1 -45 35 22 -6 13 36 -34 -3 1 1 -51 3 23 -6 7 -1
-49 -26 5 -51 -13 12 -19 7 -7 -6 9 4 -5 13 14 6 1 -2 -8 3
-7 15 3 -1 -3 5 -3 -1 -22 -5 -22 -5 -15 -20 -12 -6 21 -5 -11 -32
-18 -19 -21 -14 -2 -6 -7 -1 -14 11 9 14 9 8 5 1 5 -18 0 7
8 -1 4 -6 -12 6 -5 -6 -4 -5 6 8 -9 23 15 9 -6 -1 -4 -4
0 -21 -21 3 -21 -4 3 2 14 -16 -31 -11 -10 2 -15 5 7 -7 -3 17
-3 -2 32 3 1 6 6 7 19 -10 8 2 1 -4 -9 -2 -2 3 -2 -11
-19 -9 1 8 2 -10 -36 -11 -7 15 -5 9 24 14 8 16 5 -16 7 4
5 21 17 0 -10 4 -4 -19 -5 -4 -3 -6 -10 -2 24 11 -15 -12 -1 -20
-13 -9 -24 -4 -2 5 8 4 13 20 -1 -13 -23 -11 -6 -10 -11 -7 -18 -15
-19 -7 -7 3 -2 11 11 21 -15 6 -11 -28 -29 -26 -8 -9 -6 -2 -17 0
-9 -4 10 -2 9 13 12 30 6 7 3 10 -1 -10 -7 19 -10 -7 10 4
1 13 5 10 0 -3 12 9 2 -1 -10 -10 1 -1 -13 6 -4 9 19 3
-6 2 -9 -4 -4 -8 -9 -1 -1 -12 -1 12 51 24 -10 -19 -7 -7 -15 -3
6 4 7 14 24 -2 -9 10 -5 -9 16 7 3 -2 7 4 0 13 -15 -25
-3 -12 -18 -14 -3 -1 2 18 -6 5 0 6 6 -10 2 -8 12 42 -8 -3
-15 -19 -9 11 33 14 -12 -13 -20 1 24 7 -1 26 16 8 3 -19 -43 -18
-14 5 44 -20 -14 -20 -44 -32 -19 -8 -53 -16 -9 18 27 3 26 10 -22 26
-20 -2 -7 -24 15 -3 -7 23 38 15 22 10 4 10 17 -14 -15 19 -23 4
-23 -23 11 4 28 3 -9 23 16 35 26 12 14 1 -14 -56 1 -2 -18 21
12 8 6 6 26 -2 -26 -1 -7 -28 -32 -13 13 16 4 -4 3 -2 25 -12
0 -16 -57 6 -5 21 18 -16 -2 -9 -29 -38 -57 -8 7 8 10 -2 -4 -8
17 -10 -8 12 4 -12 31 -8 -7 37 -18 -26 -52 2 3 3 -13 12 2 6
9 36 9 11 5 -13 9 -22 -9 9 28 9 -1 -10 -10 -11 -12 -39 24 -12
-24 -6 -15 -9 4 -17 -32 1 23 -3 11 8 6 33 16 -20 -21 -33 -32 -35
-7 -41 -10 31 -20 19 23 -23 -28 16 23 -28 -41 18 9 -2 -11 2 -5 -2
-1 -35 -30 -3 -6 3 2 22 -7 -5 19 -11 11 24 13 5 5 -7 10 5
7 -1 -32 -30 -21 -8 -10 7 -4 -18 5 14 -5 6 14 -8 -18 -18 -2 -4
-25 -5 -22 -24 -1 -1 35 19 -10 7 22 -2 -7 -8 -3 64 5 0 -14 -3
-30 -50 -14 -16 13 3 7 6 16 27 -10 -13 -7 -29 -11 -1 0 5 -3 3
1 -6 36 -20 -4 1 46 -10 1 35 -15 1 9 7 -31 -27 -1 -14 -25 10
4 -9 4 12 4 -4 39 13 -7 8 10 -1 -13 -8 3 -13 3 -2 11 14
-11 8 13 -22 -65 -32 -4 -37 -35 -10 20 -8 -5 15 -21 -21 19 -25 -6 33
1 8 16 1 9 -11 4 0 -3 28 12 -4 15 -4 -11 21 -24 -27 2 -13
-19 11 -16 -25 8 -9 -13 35 -10 0 21 -6 -11 -3 27 15 -46 41 13 -85
6 2 -30 -6 39 -29 7 33 -16 -4 -17 -5 13 33 -24 3 20 -35 20 27
-18 -6 -14 -2 8 4 11 5 -1 -7 -18 -11 -16 -14 51 24 -20 27 -18 -4
-35 -22 13 -15 -7 11 -16 -15 -4 -23 -13 -13 -30 30 -31 3 27 -3 -6 -36
1 -31 -32 -6 7 -11 -3 -5 3 -28 -16 -11 10 -24 -3 24 3 -43 25 -4
-27 2 0 5 30 7 7 20 -26 -13 43 15 16 6 2 -25 -7 8 -5 0
-21 -15 13 14 -5 -1 -18 -26 -21 -44 -13 2 17 -17 11 65 -18 -8 11 -13
5 7 -9 31 30 34 6 9 10 -19 7 -5 -7 -26 -32 0 -10 -43 -2 13
12 5 14 31 -5 30 49 14 -11 -5 11 -28 -10 -1 -24 3 -16 -19 6 8
-6 -30 -23 -23 -34 -2 -12 -2 19 -12 -11 5 5 -32 -13 -3 8 -13 -23 30
-5 -34 6 -14 -31 -18 -4 -19 -27 -1 -19 -18 43 -14 -4 45 16 -2 29 -7
2 14 -16 -3 1 -15 -8 18 -6 -1 -29 1 24 -28 0 47 -17 -11 15 8
-1 -15 18 19 -14 -5 4 12 0 7 -5 21 21 21 4 7 -2 -11 -2 -4
-28 -24 18 -23 -31 -4 23 6 -6 67 51 -4 29 -8 -1 12 -12 -24 -1 -48
-40 -4 -8 -17 3 15 16 -7 -14 9 14 1 -3 17 -18 -1 14 1 -18 9
9 -1 3 11 0 -13 34 23 -1 -4 -21 5 -5 6 7 -16 10 -22 -7 14
1 -3 -6 14 23 -21 21 6 -8 16 2 -5 6 7 3 29 16 -2 9 12
-4 0 15 -11 -11 -14 -7 -4 11 0 -21 -33 7 1 3 10 15 -8 -8 3
-14 3 8 8 -1 12 -6 -9 3 -42 -17 -7 -4 20 -4 -5 1 1 6 2
0 3 -18 10 -5 -10 -1 -11 -7 -3 -19 -6 -4 -2 -9 -32 8 18 15 0
-11 7 -12 -16 15 -32 -25 -13 -21 2 18 -7 4 18 10 17 9 -8 2 -3
2 -6 20 -1 -1 -5 -14 -1 7 4 12 8 12 15 -11 -20 -5 6 9 -8
-25 -14 7 2 -13 -5 -23 -30 -13 -19 -43 -28 -17 -13 -17 1 0 9 -23 -14
-1 -11 6 -6 7 4 -3 5 25 16 1 -6 6 12 -13 -17 3 -4 12 3
11 -2 4 4 -16 -21 2 -11 -4 0 -7 4 -15 0 19 18 29 -13 -13 -3
11 -5 16 -6 12 29 8 10 22 -44 -29 3 -6 32 9 -29 -13 2 24 -5
-26 37 28 -2 10 32 16 -18 -3 -15 -15 -18 -25 2 29 -5 -10 29 13 -18
-24 26 -16 0 -2 -3 2 20 -3 -62 28 -3 -17 -4 29 8 -33 52 5 -72
9 -1 -14 -33 -25 -16 -13 -50 38 -31 -50 -5 13 10 -9 8 -10 -16 7 23
-7 -4 -2 7 8 -10 -7 4 -15 -29 -18 18 6 -27 0 21 0 9 19 20
-4 -21 30 -20 -64 18 12 0 -18 -4 -15 -15 -7 5 7 -12 9 1 9 19
4 -3 -13 -6 -1 -2 22 -12 -11 43 7 14 31 17 30 -2 7 22 16 -23
13 -2 2 7 2 4 14 7 7 21 17 -25 -6 8 11 -25 2 -1 -8 -12
-10 -2 3 -26 -27 35 13 -57 17 -4 -28 -6 -12 -15 -28 -18 17 -10 -12 -12
-8 10 12 7 0 -33 9 5 -10 18 -24 -20 17 -2 -40 -14 -10 11 -4 2
7 -3 7 63 0 -19 19 -31 -12 22 -36 -29 1 -19 -5 -8 -3 -4 -30 2
1 -59 -13 21 6 21 -15 -13 38 25 37 -14 -35 -11 3 -32 -22 -15 -52 -22
-20 -22 -13 -2 33 12 -3 30 3 -13 8 2 -9 -12 2 -10 5 79 5 3
3 -13 -9 26 -8 3 51 -7 6 19 20 8 -11 25 29 -1 3 -12 -6 3
-8 -20 20 19 9 -8 -29 6 -38 -25 11 31 -15 9 16 -24 -25 27 -24 -26
2 -76 -15 22 -14 45 19 -24 -15 -7 -17 -4 -47 24 -6 0 -30 -17 30 -58
9 41 9 2 4 87 16 -1 18 -18 -3 -21 9 9 52 -21 -31 -40 -24 -28
-15 -12 -16 16 21 -35 23 -3 17 -14 10 -18 32 66 4 -15 16 -30 -22 -47
21 14 -4 13 -47 13 31 -23 30 -36 34 3 -2 13 -28 36 5 -25 16 -116
5 22 -9 8 6 -21 -18 -2 -58 47 -10 -24 31 -21 -14 6 -11 19 14 -21
11 -9 1 2 31 20 13 -11 -7 39 -4 6 40 -8 -15 17 19 -22 30 0
-35 74 -4 17 13 46 2 -20 -6 7 12 -37 -34 -30 -9 48 -40 15 63 -18
16 14 13 -45 14 -33 13 -11 -35 24 -38 2 -13 -11 75 3 24 60 16 61
33 -12 15 14 10 -8 -17 -8 -25 -28 2 -57 41 -46 -43 31 -6 22 46 -40
-9 14 20 -14 39 42 27 -56 -16 -1 -47 9 -32 -56 -45 -5 35 -15 7 9
-43 22 -27 -22 54 37 -7 -12 13 -34 18 -7 -31 -27 17 -45 -3 16 6 31
-7 7 -12 102 24 -16 -9 -19 17 -84 -39 45 -17 -33 31 31 -6 4 8 19
10 -5 -2 -2 69 -21 -11 42 -55 19 36 28 -37 30 16 -20 16 18 1 12
-9 -9 10 -34 6 39 -14 15 -20 20 2 0 -47 -17 20 -50 6 3 0 0
1 -51 11 27 -33 -14 -55 14 0 -17 6 -15 -18 10 -10 20 -31 -37 -15 -47
-24 -15 -23 -13 -27 39 -4 -78 6 -25 -23 -15 -15 55 12 -3 68 9 26 15
12 -39 58 10 -51 48 -43 -17 67 18 22 12 -24 24 4 -28 25 8 2 -26
29 5 -20 -16 5 -5 10 13 9 47 -1 -11 58 -38 27 52 -47 23 41 -53
18 2 -48 -1 -27 -8 19 -82 17 24 -66 -3 4 8 15 4 -35 -28 -2 -26
-45 -10 -14 -8 23 -33 -5 18 -8 9 6 -5 34 5 23 -20 16 -5 4 -7
-7 33 0 49 -15 18 -3 -16 -30 -31 -39 2 -4 72 -24 -15 34 -30 -27 92
13 -12 -39 -19 18 -4 -35 29 -22 8 58 -9 -16 37 5 -18 -1 -22 1 46
14 34 15 18 41 8 -27 40 27 -15 17 8 -26 3 1 -15 -16 -28 34 -10
-54 -16 -23 -46 6 -19 14 -36 -5 -2 -23 -5 -29 -27 7 -49 14 2 -41 -7
11 -26 -9 -4 44 14 8 -16 -47 -24 -2 27 5 -46 -35 -8 -21 -22 -32 -6
7 18 32 23 21 17 40 26 -7 7 -6 15 36 2 -6 21 5 1 -19 29
-9 9 -11 -8 -24 -29 -23 12 23 12 13 7 -14 -11 -24 -52 17 -6 -29 34
16 -26 19 30 -10 -2 34 13 -51 -20 27 -67 -5 -14 -40 -10 -28 6 -4 -19
22 -14 -15 55 -7 12 -17 -16 -7 -4 9 -4 1 -34 9 -18 -13 -83 50 -17
-41 -7 5 -41 21 -26 -70 -18 -10 -6 -62 38 19 -28 9 -27 -24 5 3 -25
16 6 -18 -8 4 31 -22 -20 -1 -5 -48 10 49 2 -13 -7 43 -21 1 3
14 17 -80 33 34 55 43 -3 20 -26 -21 52 -8 -25 2 -2 -5 -37 7 5
-51 15 0 -21 7 -4 40 1 -48 127 -25 -29 -47 -15 9 39 -22 5 33 -23
-40 -18 22 6 6 14 -24 -61 19 -17 -16 -8 -48 -6 11 -46 -27 38 7 -48
-7 11 21 17 -5 45 2 -15 -14 -4 0 15 -5 4 -28 -31 44 -21 -12 -35
30 30 11 -75 0 32 -35 -35 -13 -35 2 24 -8 -45 -13 7 -25 17 -47 5
32 51 -5 16 -3 -4 8 -54 -6 40 -51 -45 -39 11 -2 -1 -37 -25 16 -4
-13 12 65 22 -31 15 14 -5 5 -30 -52 -38 36 -35 -5 -8 -54 -84 27 28
-29 20 6 3 -15 -18 -46 8 -3 -18 -4 36 -9 -15 -25 77 -18 15 23 4
-23 -42 -38 -29 64 8 12 35 40 -6 -44 -19 14 2 16 20 18 12 10 -11
11 -9 -16 8 4 -14 4 -76 -5 -3 -25 -31 -59 22 23 27 -28 14 8 -15
49 -1 -10 -28 -31 6 -11 -3 -16 72 -32 -23 -17 19 0 21 7 7 -48 -4
20 -7 -8 15 0 -21 21 -3 -40 14 -34 -10 4 -9 -61 -42 33 -51 -6 5
-43 -4 -3 49 14 -67 52 -2 -36 67 -13 4 14 -15 -18 -25 22 -50 8 4
20 -9 -20 8 -5 -21 -35 -21 -8 -34 -15 -10 -62 33 -5 -32 25 -5 11 -11
11 -2 -49 19 -36 -26 12 -3 27 -18 26 18 -10 35 -16 -13 -20 -59 13 -14
-118 -5 -16 -91 14 -11 12 -18 -11 23 -4 1 10 -11 16 1 16 4 -4 10
0 20 -2 49 8 26 -4 -40 1 19 25 -13 -12 -17 -29 -2 -61 8 -15 -17
7 21 7 -10 -11 -34 40 42 14 -3 16 21 -19 -7 -3 -15 16 -8 -27 -20
-13 2 -7 -45 8 41 -43 0 -4 9 15 -77 35 15 11 -5 9 18 -5 -14
-45 -16 42 5 -32 -44 -42 -27 5 -17 8 -6 -26 2 2 0 33 14 28 15
18 21 18 -4 -50 48 13 -30 43 30 -25 -31 -9 -16 -20 24 -71 -28 -9 40
31 2 -30 9 -42 -21 -42 -22 -35 57 -18 11 -2 -12 3 1 -2 -4 13 38
44 -9 15 46 11 21 33 -4 -31 -33 -18 -22 88 -69 3 34 -22 -17 -2 -7
-18 51 14 -10 33 29 7 -10 8 -1 -7 9 40 -21 15 33 19 26 20 -18
-24 -5 3 16 -7 5 -22 17 -36 -5 22 32 -27 -13 8 10 -13 23 50 -21
-26 45 3 23 11 -19 -51 -45 -8 -29 -30 1 -11 -47 -4 -40 5 -5 -32 -2
-24 -14 -5 21 12 -4 5 13 7 -24 -36 22 13 54 -7 -19 0 4 -5 -3
19 20 -29 6 0 -6 -14 7 13 4 -24 -4 8 0 -13 -10 24 3 -31 -7
80 -14 3 -5 -3 5 -14 -11 -36 18 6 2 0 8 -18 0 37 4 -51 -6
-5 -10 -19 -1 10 -19 -7 26 49 -14 -4 9 6 -27 17 13 -51 -12 31 -16
-30 5 3 -3 -26 44 -7 -27 -8 10 1 21 -7 1 28 5 0 33 -7 -15
-3 39 -3 -51 -5 8 12 -22 19 25 1 15 -17 -13 -11 -12 7 -3 8 21
-9 -21 -6 4 -11 -11 -13 -22 -6 6 -38 -59 22 6 -5 11 52 -24 0 -12
48 -3 3 9 -7 3 -39 -4 -24 5 -1 -2 -5 -9 3 28 -15 9 -9 -6
1 -32 7 33 10 -26 -58 21 14 -12 -17 -4 -24 11 -16 -2 -33 9 -30 -19
4 4 -7 -11 -11 -2 8 8 -24 -2 -22 -5 11 -85 -27 -6 -7 -29 -5 -30
-1 12 36 -27 -11 6 4 -12 -9 9 0 -21 23 6 -5 9 -7 -30 28 42
-25 -43 20 12 -28 -41 -20 10 -8 4 23 0 -20 -4 6 -17 -23 11 -12 -23
13 5 -8 24 4 12 -4 -6 17 13 -21 -37 5 -23 -18 21 77 0 -11 -15
30 1 19 -30 16 19 2 3 8 14 -10 -34 16 -6 -26 -22 -1 15 3 -24
-6 -14 -6 -29 -22 -7 9 -21 32 -15 -27 -1 13 13 -5 -28 44 -15 5 -48
-42 -14 5 23 -10 -28 1 43 27 4 25 34 6 5 -24 -10 17 11 9 23
34 36 -3 -32 6 -35 21 -11 21 9 -13 -10 6 -44 -23 -2 51 121 -18 -12
19 35 16 5 -11 -3 -21 -10 -11 -11 37 -26 -13 -9 -41 -23 17 -4 12 1
17 30 -14 11 -13 -8 2 -60 -4 4 -20 -12 5 -14 -39 1 11 -24 18 41
3 0 -17 9 -49 -29 -8 1 -15 -16 27 -32 30 30 17 24 11 -17 22 -1
-39 29 1 -6 12 6 -2 1 -11 -29 18 -26 -8 0 -11 -24 13 22 7 75
37 33 18 13 -8 -7 9 -110 17 -17 -34 -39 -23 16 40 -7 26 -8 -24 -39
-7 33 -19 -14 45 29 -16 -25 -15 23 -12 -2 -17 5 28 -42 3 50 13 17
9 34 22 -2 -9 -9 17 -3 -18 1 31 20 -29 18 -31 27 13 -29 7 29
-3 30 -57 -6 -13 7 8 20 -14 14 -35 -3 12 3 -8 8 -6 2 -20 103
22 -3 -1 6 28 17 5 -28 28 19 7 -13 1 35 -26 -11 -12 27 53 0
5 2 10 -48 -19 19 -16 -7 9 -22 -1 -14 -7 -3 11 -33 -31 9 2 -13
-35 -41 -29 -12 -73 26 14 57 -33 -13 -7 5 11 42 -34 1 -3 -27 1 21
33 20 -79 -22 -23 10 32 5 11 -34 14 8 4 -46 -44 -28 -17 -36 -1 8
7 12 0 46 -28 -17 -36 41 -18 23 30 23 11 4 -6 8 3 25 41 -20
-30 -24 12 -19 12 24 3 -3 -18 3 22 17 11 14 -10 11 23 41 27 15
-16 -4 -3 -30 -31 -3 -26 1 -5 -23 5 19 4 -14 -31 -12 -4 8 6 3
-23 10 -7 15 67 20 13 -16 -1 -14 1 1 -15 -20 2 -31 -15 4 12 6
-15 -10 -10 19 22 -11 -7 9 22 -23 33 6 5 10 -14 7 0 -12 20 8
-16 -13 -19 -3 5 13 -38 4 4 -67 -25 -8 -24 5 18 -27 -9 2 1 -3
10 21 10 6 0 33 8 -84 -27 -25 35 24 35 -3 24 16 -40 0 6 -4
-10 2 -33 -3 -18 -69 -14 -23 -9 8 6 18 -17 -9 -75 -4 1 -28 -12 7
-20 -8 -16 34 -7 0 4 12 0 7 -20 -1 -32 -6 3 1 2 12 -43 -31
37 11 14 -16 31 5 -6 16 -7 -23 111 16 -7 3 31 19 -11 33 -3 -20
3 4 -29 -28 -39 7 -6 -38 -20 -15 12 -21 -18 -15 -29 8 25 27 -13 13
15 -1 -12 44 -27 6 79 23 4 -31 3 -3 -14 -13 -25 -29 -19 -4 -37 -1
-14 3 -29 24 -5 4 32 3 15 20 -23 -7 6 -33 -6 34 23 -21 -13 4
-12 24 53 -2 -3 29 23 25 -5 5 13 -20 -12 -8 3 -21 -15 16 -2 20
-14 -23 -6 -20 20 -8 -7 28 -24 -22 18 -12 -4 27 17 -10 5 -8 -23 -4
-7 -20 -15 -28 -4 9 14 34 8 34 9 -17 -6 -8 -25 -35 -33 -13 8 4
8 -14 -9 7 -2 24 -13 -21 -4 -14 -28 13 -24 -44 22 -8 6 18 -1 10
26 -23 4 34 -4 -19 6 18 -5 -12 10 -57 -32 10 -34 -13 -5 11 31 -18
-18 24 13 3 12 19 19 -14 16 15 4 2 -13 -1 19 6 18 21 -7 -7
-7 -4 -15 3 -1 25 -34 26 85 -16 16 9 23 12 7 -4 7 -11 -27 -19
2 -9 1 -16 -12 -11 -24 1 12 -7 -2 10 12 -9 -10 -8 25 22 10 -4
-9 -20 7 -8 -5 8 10 -6 -11 -2 4 -7 -20 1 21 -7 -3 -10 -6 9
-18 -48 -14 -11 -2 0 -18 9 -3 -26 -10 -6 -33 -10 -20 -5 -3 19 -7 -27
-23 -13 -2 -8 10 -14 12 1 13 -6 -15 -9 -17 5 14 8 -18 11 16 -30
-16 6 -11 -4 4 -24 2 -13 12 -4 -11 3 -4 4 -13 -33 -2 -1 -30 7
-10 3 27 -3 21 25 4 -6 -12 -3 12 28 25 3 17 1 -32 -15 -12 -16
10 -9 -38 1 -1 -34 10 1 5 -6 20 7 -19 2 10 -2 10 -2 8 56
18 -17 0 -4 -14 -1 2 8 -23 -37 -20 14 19 17 14 7 12 3 34 11
-7 -25 0 8 -12 -21 -13 -22 -11 5 -9 -26 26 -1 -18 -27 3 22 -22 -25
1 11 -22 -16 -8 13 18 -13 -4 3 20 17 16 -12 46 38 15 32 3 15
-12 -20 -27 -9 -19 12 -12 -7 -12 29 8 25 -12 -11 -15 26 9 13 -6 -4
58 -56 -26 11 6 -11 -15 6 9 35 5 2 18 -18 25 -2 -6 -8 27 14
-11 -12 -12 2 -11 22 16 -39 -15 11 -61 -13 21 0 -5 32 35 1 1 41
-24 -4 17 -4 38 11 55 25 -8 5 11 -2 2 5 -32 22 5 -19 -8 10
-33 11 7 -52 10 34 -53 -23 2 -7 5 4 0 -6 -9 -12 -11 -6 12 6
-12 9 34 4 10 -16 20 -30 0 9 -34 9 12 -4 -32 -8 -44 -8 10 -25
-13 10 -26 -9 -3 16 -17 -8 7 -17 -3 -16 13 11 -10 6 4 21 -7 -7
17 -1 -6 -1 -16 5 1 -44 27 -9 -2 4 -54 10 11 9 39 -7 10 -8
-3 38 5 -31 -19 -24 -21 -26 1 -9 21 22 11 -54 -5 11 10 14 9 41
-15 -19 105 -7 -33 -17 -7 5 15 3 -10 12 -19 -3 -19 -3 10 18 -20 -10
30 -15 -21 9 18 22 -12 -30 -7 -22 -50 -25 -33 -34 -13 -21 -13 4 -28 14
-4 -4 -3 -16 -8 -20 -15 34 16 18 40 -21 -24 -5 -21 -2 21 -11 -11 16
-8 -10 -17 27 33 -14 28 4 -8 -22 -20 -7 -24 4 35 5 -5 6 -50 -2
4 2 6 -3 8 11 6 1 -10 -15 10 18 -8 7 12 -13 -6 0 7 21
6 6 -14 11 -6 -3 2 -9 -5 -10 7 0 -22 14 1 5 -4 -5 -13 -10
7 -25 -5 4 6 -4 -8 -19 29 -5 5 22 8 -3 -16 -5 10 -23 -2 34
1 3 -9 -5 -23 -6 0 16 0 -2 13 13 -3 -15 0 -8 -39 13 -1 1
-4 8 2 -2 15 54 -3 3 13 14 -11 2 0 -10 6 -6 -3 -6 3 23
30 -7 33 47 -25 9 -7 -17 1 17 -4 -19 -10 -32 -15 -12 -4 -6 -2 1
-15 24 9 6 15 9 16 3 -18 15 -28 -17 2 -12 -6 -11 -5 4 2 12
8 -1 6 12 9 8 -3 -8 -40 -5 -8 -2 3 3 1 12 4 3 -17 7
9 -7 9 19 16 -3 8 14 5 5 -17 -4 4 13 -1 17 0 4 7 -4
-7 24 -6 1 -4 -5 -4 -5 -9 1 -14 -8 6 -3 -15 -6 11 -10 10 -2
10 10 -9 -14 -4 1 -2 -15 -6 -4 -2 17 -14 -6 -10 -6 -2 -10 -12 -11
1 12 -5 1 -4 -2 3 2 5 -14 -40 12 4 -9 5 -8 0 8 -17 5
10 -10 -5 -12 16 18 3 10 4 -3 3 -7 -1 -8 8 -15 -17 34 -4 -2
7 -13 -12 -12 7 2 9 -9 -8 10 15 6 8 17 2 11 11 6 -2 -2
2 0 -1 -6 1 -15 -17 -12 33 -44 -17 -25 -80 4 -41 3 20 -13 19 -47
-20 -57 44 13 -3 7 -11 53 -22 10 23 4 17 -4 21 2 21 42 -16 -12
-21 -6 -36 -5 15 -14 21 3 19 23 -10 -26 -9 1 45 4 34 60 -16 48
-10 4 -6 -59 -14 -57 14 29 -56 5 3 -3 15 1 -15 36 -41 9 40 -34
-27 -46 15 -11 81 30 -2 2 -14 9 11 -16 11 -98 -41 -14 -34 -32 18 22
-14 13 10 11 7 21 -3 -23 -44 20 -12 47 30 20 -2 -11 31 -2 26 0
24 9 7 7 13 18 -5 -23 -13 -30 -8 -17 25 -9 -4 -18 14 -17 -67 11
-35 -18 19 40 -4 -34 27 -62 -35 -4 15 9 20 19 4 33 -2 -30 -2 -3
-3 7 -17 -37 30 -41 1 14 7 -3 -29 -5 -15 4 -16 -21 9 -9 -7 21
-38 -44 -12 -6 -4 15 18 -5 -22 -12 -1 2 -7 -32 -34 -23 -11 -15 -9 -33
1 12 -25 -2 -16 4 -10 -5 21 -23 31 59 5 33 7 18 12 -14 -39 16
-11 17 9 3 -10 -21 22 -32 23 15 10 30 5 44 15 -8 77 49 -25 4
-16 -38 -10 -31 -35 -4 -22 -24 4 25 -10 4 -38 -3 16 -53 -29 4 -3 15
-9 -12 -27 -11 -31 6 -33 -12 15 7 7 -16 -21 9 -18 -7 -5 -1 7 4
-26 -4 -41 14 3 -2 -5 -7 35 -39 -12 -90 4 -23 -14 19 2 2 -20 -8
-43 -7 -29 2 18 16 -20 -2 -4 -10 -8 1 -9 9 8 5 -16 -16 -8 -11
16 34 31 13 -4 6 -5 1 3 3 18 7 -1 -27 -26 19 -4 0 -22 11
-4 -7 -3 -27 0 10 11 -2 8 15 5 2 6 15 55 18 -13 -23 -13 -5
-6 6 -12 -7 18 -1 -4 11 -7 -16 -10 11 38 39 -10 2 -11 9 -14 -11
5 -66 -40 10 10 -6 -5 0 6 -8 37 15 0 -11 -2 -25 -4 -12 -1 0
-2 -8 -10 12 2 20 1 1 9 -13 -21 -21 -20 20 5 4 16 16 -9 -9
-21 -1 -7 -20 0 -8 21 -9 23 11 -2 -6 -5 5 12 -9 -10 17 7 4
1 13 5 22 -11 -3 3 -7 -16 -1 -2 9 -1 -13 16 -8 -16 -31 14 -12
-4 8 -13 7 -6 -8 3 -1 -12 18 -9 -2 24 -27 -18 -17 -3 16 17 7
6 -23 23 23 -1 0 -11 -27 18 12 5 4 18 10 2 -7 -2 -1 -3 -2
0 13 5 -14 4 -3 -11 10 8 -13 4 1 5 8 -15 3 -17 -10 -3 -18
-8 11 6 1 -13 11 40 -3 8 12 4 -10 7 4 -22 3 11 -1 -17 16
19 10 3 -10 -10 8 -7 8 -4 8 1 14 24 12 11 8 1 4 17 -8
-17 0 -9 1 3 -4 8 0 -14 6 -27 -5 1 8 12 1 -13 -26 0 -12
-14 -5 -4 -2 -21 -39 -14 -35 -88 1 18 28 -14 0 -14 5 -42 90 -14 -15
-17 2 -10 -12 -11 -15 -84 -18 10 15 5 15 33 -4 -43 83 -16 -11 -10 -22
-5 16 -35 0 -5 -18 -18 -26 15 15 -41 -27 69 -124 21 20 -23 9 -28 -26
9 -46 -1 16 16 40 -30 -18 -32 -2 1 -75 34 9 -40 12 -8 -7 22 23
-21 -2 -2 -33 10 -3 -26 -5 -36 -5 -17 14 11 9 14 4 14 -20 -1 -7
-15 18 -8 -12 -7 26 16 -51 -8 15 -6 15 -14 16 -18 -23 -5 -13 29 -18
25 -15 7 2 -25 33 -10 -24 -1 -2 15 29 8 8 49 -85 -22 5 2 -19
15 12 -27 4 24 -6 7 -11 -13 6 1 -1 -39 3 1 -37 25 -6 -31 -14
15 -62 -24 -25 -22 -17 -4 -14 4 20 4 32 18 25 16 15 -16 23 18 -14
-5 -17 18 4 -27 -15 -17 -32 67 -17 -19 24 -16 -8 -24 -19 -10 -7 -7 -26
-8 18 14 -9 -6 0 -33 -14 -14 -6 -10 29 -11 3 -15 -16 3 -39 -37 5
-4 1 -16 27 32 -28 -45 26 20 -11 -3 2 -12 59 -10 22 -1 -38 9 -9
2 -11 -7 -10 19 13 1 -12 -11 10 -14 -58 18 17 23 -4 35 -14 -5 19
-43 6 31 19 26 -1 -32 5 3 25 48 -27 31 -30 23 37 2 6 -2 -11
32 10 13 3 -17 -8 -17 -28 -3 -21 -17 -39 -6 -9 -8 -3 -10 5 8 -11
-27 -17 -4 17 -19 -16 32 -4 -2 5 10 -7 -2 19 -6 6 22 7 5 -20
15 -9 -28 -5 -29 -19 -1 1 -18 5 21 -6 -6 26 -2 -7 -18 26 -16 14
13 -61 -25 -8 -35 -8 -7 -9 -3 3 21 16 -7 -27 9 9 -6 -2 16 7
-9 10 -8 -27 -8 -7 -25 -9 -22 -30 6 18 20 9 23 14 3 32 24 -2
-1 -28 10 1 -19 28 21 -65 -1 17 -13 9 13 4 -14 9 -34 -10 -8 -4
-3 -1 2 4 22 5 6 2 6 -1 -6 5 -4 -9 11 2 15 4 10 -5
12 0 -4 7 6 13 -17 -22 -31 0 -7 -28 2 -24 -28 -2 11 -3 -11 1
-2 9 1 6 0 9 0 19 12 18 62 18 5 11 -19 -5 2 -23 12 -2
-12 -19 -15 -21 -18 9 6 9 15 23 -3 -2 3 7 -3 15 -12 -37 -16 -1
7 0 -16 2 6 12 47 2 -5 27 -3 -6 -8 11 21 35 3 -10 21 2
-20 12 -12 -14 -2 2 1 3 -2 7 -16 13 27 -35 20 9 -13 3 7 -14
-8 -13 8 -14 -18 -4 -28 -21 -28 -22 -25 -14 -23 -11 -13 14 10 0 -13 19
-13 -1 -6 5 19 -20 16 14 -8 -45 5 -14 -40 2 -3 -10 -12 -23 -12 11
-10 -1 -7 17 0 -8 11 -24 10 -8 -24 3 -13 -9 5 -7 -18 -4 -17 -24
-9 -47 -15 -6 -28 -3 12 -4 -11 -13 -16 -25 13 45 0 1 13 8 -7 -20
-13 -9 -9 -12 -2 -11 6 12 14 -5 5 0 11 -3 4 5 -13 -23 5 -6
10 7 25 0 0 -1 -25 -5 -21 -37 12 -20 22 6 -6 -5 7 2 38 3
-8 -8 -14 -17 3 8 -8 5 17 -25 -37 -19 -9 -15 -11 -11 14 -3 -2 2
15 -3 -13 26 -13 -55 13 3 -2 4 13 12 -9 4 -27 -4 -12 -27 -16 -5
4 -2 -2 28 1 -7 -15 -5 0 -4 3 -12 7 27 4 45 15 -1 -12 -9
3 -12 -9 -12 -6 -1 2 -14 -10 -3 -50 -33 -16 -42 -8 15 -1 -26 20 -27
5 -4 6 -17 -11 12 -8 -18 -30 5 -13 -1 -20 -18 24 9 -10 76 -10 -22
-33 -9 12 27 10 6 33 19 7 7 18 5 28 10 -9 18 -31 -4 -19 3
40 7 6 12 -39 -2 -3 -1 -6 9 3 4 5 6 33 -3 -30 -12 -3 20
13 3 7 -14 6 -4 -9 -12 -32 7 -13 -35 13 -13 14 3 3 4 24 -6
-17 -17 -12 -16 6 -10 -11 14 3 57 31 -19 -1 3 12 -26 17 10 -14 -2
1 -11 -7 7 27 -12 -12 11 -9 -4 17 9 0 -11 2 -23 -71 -31 -9 31
2 9 14 -1 -6 14 25 -1 -7 7 -14 -27 -5 -2 -23 -7 33 15 13 7
-19 2 20 -25 -7 6 -11 -6 -19 2 20 20 -13 5 -1 18 8 -9 -6 -11
11 14 2 -11 -22 -21 -13 13 10 -17 1 -10 -1 58 -12 -4 -28 -10 -12 2
5 -25 -3 3 6 6 -12 0 5 -9 -1 -7 -4 -5 -19 -8 -6 -22 1 -19
-21 -3 -16 13 13 13 4 -14 14 23 6 16 -6 -5 -2 -3 17 0 -23 -15
3 7 4 23 8 5 9 -16 -19 4 30 7 -9 29 -4 18 30 8 11 -11
-16 -7 3 -12 -2 22 5 12 46 9 28 45 -19 -5 58 -7 -8 20 5 -9
-3 -16 -38 -54 -11 10 4 6 -15 -1 3 6 -18 -5 -4 3 -2 1 23 -11
6 7 -6 1 0 -9 -31 -15 -19 -7 7 -2 -5 -9 -7 0 -24 -10 -8 -30
10 -2 4 9 -7 8 3 -7 10 -2 7 24 11 13 -13 -13 10 19 10 0
-12 -21 -11 -10 -16 -25 -40 -9 -12 7 -11 -22 -9 -31 3 12 -28 9 -6 -25
-8 -8 27 -15 0 0 5 -6 5 26 6 -4 -10 -25 -3 2 -20 -1 28 -5
-2 16 -9 17 13 11 1 -3 -5 1 -37 15 20 2 -10 -4 8 5 -3 8
9 -13 -6 5 36 20 3 5 5 -13 -20 12 18 8 -15 -1 3 -1 7 -6
0 -8 -3 -31 -32 -2 -14 -60 2 -1 -13 -6 -16 -28 -17 11 6 -24 -5 6
-3 -5 20 4 -6 -2 7 -10 8 6 -5 33 9 8 28 2 -3 -21 -19 -21
14 -4 -12 1 -2 3 9 11 -16 11 19 -12 -12 -4 -11 -10 -8 31 -6 18
18 17 14 8 37 -14 -2 7 -12 -11 -22 -4 -8 -1 -11 -1 7 9 0 -5
2 2 -9 -21 16 -25 -5 -21 -9 8 -9 -26 12 -7 -11 -12 9 34 -17 -2
-28 2 13 -35 17 -6 -23 4 -6 -15 13 5 2 -21 4 21 -13 6 18 5
-27 3 22 -4 14 7 21 21 7 5 -14 -7 2 3 3 -3 -15 6 4 -43
-21 12 -13 -14 -5 16 10 -5 -15 -17 5 -19 -14 -4 3 -7 -8 -30 -15 -1
-26 -13 -12 9 -13 -6 25 -7 -2 4 -4 -10 2 -2 11 -8 6 -4 -5 -4
-14 -8 14 15 17 29 15 9 11 0 -6 -1 9 -15 -28 -9 -2 -23 -3 -4
0 6 13 20 -2 17 -5 -4 -8 5 -25 -5 -16 -15 -2 4 -15 -10 -36 -12
-14 -6 2 -4 -13 -14 16 11 1 11 -4 -4 -22 -19 4 19 2 -1 6 -21
5 -9 0 29 -6 -10 23 11 12 3 -16 6 -12 -3 2 6 7 -4 8 13
-3 -6 -10 1 0 -22 -15 11 -4 -9 -2 -15 -5 -3 -7 1 -6 -16 12 -15
4 1 3 -7 25 -7 -8 3 -7 -12 0 -10 18 12 -14 0 22 9 10 4
-4 -14 -8 -2 -6 -5 -8 -10 7 0 1 -12 -6 23 -10 21 -4 3 13 -16
1 1 -4 -12 11 -15 3 -4 -29 0 7 -9 -8 22 21 23 -19 7 3 11
17 -12 -17 16 12 -14 21 -13 -1 10 -15 15 -13 -3 19 1 -4 39 43 3
-15 -10 2 -13 -17 12 1 -7 -9 -9 -9 2 -22 -14 -13 -20 -14 -6 0 -7
1 28 -4 -2 6 -8 0 -6 -6 -24 0 -39 -55 17 17 -10 3 4 -6 -12
-19 0 -14 -23 0 4 1 28 11 -16 2 1 -8 -19 17 25 7 13 18 -2
7 7 6 -3 -5 -8 35 23 -7 11 -7 -10 -5 -5 1 -8 5 11 -5 -19
-8 16 5 6 -11 -18 -2 -2 -7 -10 -5 -6 9 -7 8 27 15 36 38 12
11 -12 27 -7 -18 26 9 -11 -6 -12 3 1 2 26 -11 -12 8 -10 -21 -15
-6 2 -14 -11 -9 -1 -3 -4 3 10 4 20 -17 -13 3 -9 -10 2 -23 -1
-4 -12 17 19 15 2 14 21 28 17 12 1 20 -18 -22 -3 -3 -5 17 -5
-16 -2 -3 3 8 25 18 5 12 5 -3 2 -19 -12 -30 -56 -24 2 -18 -18
9 18 14 21 29 29 7 -21 -9 10 7 5 -24 -38 -21 -8 3 -1 11 -13
-1 3 -36 -14 -8 -36 -12 -1 8 16 30 48 22 -5 14 2 -7 -17 -4 13
10 7 -11 3 20 3 -6 -10 15 2 4 3 14 -8 -9 7 29 5 28 0
6 -13 -5 -18 0 -1 7 6 -8 -8 -14 -19 25 44 15 -25 44 21 -33 -10
23 4 -5 23 -31 -22 -10 -9 -19 -35 -28 -10 28 -19 -57 -19 51 7 -47 22
64 4 -45 -13 21 -16 -27 -23 8 -31 15 6 -19 -6 23 14 -19 9 -6 -9
9 14 -25 -20 54 20 26 29 16 25 -5 13 -7 -11 24 14 -12 -31 10 2
12 -16 -23 25 -21 1 11 0 -4 -16 -2 7 -4 29 -2 7 44 65 13 9
-19 30 8 47 -22 15 -16 -54 15 -3 -8 1 6 16 -20 1 26 -24 -16 -36
-20 8 -1 -40 -28 2 -11 19 24 22 29 30 19 31 -14 18 9 -15 -11 -9
1 -26 -6 8 -2 -37 -22 -10 -48 -2 7 -33 16 5 -11 16 -38 26 19 -22
22 -5 -13 27 35 1 -52 3 11 -13 4 -10 24 4 3 -12 8 8 -7 24
0 -15 4 -18 -23 -8 19 -5 6 9 21 26 -39 0 23 -46 -98 -29 -8 4
8 21 0 -3 8 -6 -34 25 36 -21 13 11 20 12 -29 15 -6 -8 -10 11
-13 -29 -8 7 -20 -42 -49 45 -39 -11 -2 -22 -8 -43 3 -31 -25 21 -12 13
21 8 -27 -4 8 -16 21 -73 -63 12 13 -20 -23 75 42 -21 6 24 -5 -47
22 2 -35 -8 -11 -28 1 26 -75 42 -9 -55 -6 5 13 -2 -13 7 -27 -9
-28 -19 -10 -25 3 -3 3 29 -23 -4 21 18 25 22 -29 -5 4 -12 -6 26
-6 -71 -24 -26 -22 33 -19 22 24 -6 2 -3 2 -16 -33 -11 -35 -1 3 -20
53 0 -94 27 -46 -22 14 3 9 -20 34 -37 16 -9 -14 -10 26 32 -26 34
76 -53 36 13 31 24 -15 -21 9 18 6 -4 7 -8 4 25 -4 -8 61 -3
53 37 -38 -35 -23 68 -25 23 -4 -34 34 11 -1 44 10 -13 126 -17 2 -74
-19 5 -53 -34 25 -127 -1 8 36 49 -25 -21 6 21 40 -3 38 42 -9 3
-32 4 -4 17 2 -27 -48 -7 24 8 -31 25 -19 -29 -28 -40 32 8 45 -19
23 46 -31 -4 -56 -23 31 60 -47 25 -108 -25 -18 -109 24 -5 -7 17 -24 9
6 11 23 30 -29 8 -1 1 -120 12 -7 -3 20 6 24 5 -9 -28 -26 -7
-23 10 -14 -31 -1 -40 -10 81 24 27 -19 -15 71 29 -16 -25 -17 -29 17 54
13 -4 -57 -64 19 -67 10 -33 -61 -9 6 -3 -14 15 -17 -25 -16 -6 -7 11
-1 16 -10 -28 21 0 1 -11 -35 13 64 -19 -5 -5 -22 -12 23 3 4 24
-51 29 -43 -17 7 23 -6 -25 -13 12 -121 17 11 20 -2 -17 4 -2 -17 -4
-11 9 10 7 18 -32 -53 -65 -16 17 9 8 24 32 22 -10 -78 22 -25 -19
-44 -14 -6 40 11 86 10 28 10 -9 -16 9 1 -25 -29 -10 39 44 40 10
-34 -23 -18 1 -22 44 -42 -21 23 3 1 20 10 3 3 -26 -12 -4 -8 2
20 5 2 22 13 6 1 7 -3 -14 -11 15 4 -5 13 -11 2 14 4 -5
21 26 16 13 -18 -16 5 -4 -2 -1 -8 -1 -1 -17 5 21 -18 -24 -7 -1
-12 -23 5 0 -8 -26 -28 28 -8 -25 24 0 -9 -12 -8 -19 -11 0 -8 -3
4 1 -1 0 -7 -4 2 10 0 0 9 0 2 22 15 -14 -4 10 -6 19
10 -7 -19 -10 1 -17 -11 -20 -31 -12 -10 -63 -16 -4 -33 4 -18 1 -4 -30
8 -16 -7 17 -8 -8 -7 1 0 4 2 4 2 4 -17 -9 2 0 0 12
13 18 -8 0 7 5 13 -14 -7 1 3 2 1 -6 -18 -1 23 -23 -11 3
7 3 9 -12 5 37 26 1 -12 8 -5 -4 11 -6 11 10 4 -17 -2 6
-11 -6 -1 4 -6 4 -6 -17 -4 1 -7 6 -26 -10 13 16 0 12 -12 -24
9 26 3 -5 25 4 -16 2 7 -17 -11 -16 2 11 2 -14 -5 3 -19 -17
10 -2 -9 5 6 -19 -27 -2 -23 -21 -5 7 -1 9 3 5 0 -15 -4 -13
1 -5 25 18 14 21 -2 18 5 -18 2 10 -3 10 -6 -31 -16 -10 17 3
14 15 -14 -15 27 9 -14 15 -7 -6 -5 -7 5 3 2 9 -12 0 1 -13
-11 1 -13 7 7 -20 7 -19 -16 -6 8 7 1 0 3 4
