-18 1 30 29 44 -14 20 -9 -13 0 -12 -12 13 -30 -7 -12 -12 41 0 -17
12 8 -33 -52 0 16 1 -3 -54 0 -8 25 -18 -20 15 -5 12 20 19 -17
-20 -12 31 -24 15 19 -3 11 -10 10 3 -10 -23 -9 -33 -28 16 -37 -24 -1
25 4 24 36 -6 -9 -17 -31 6 -48 -10 11 -32 20 21 6 -3 12 -9 -14
3 36 -1 -14 -2 1 10 -23 2 6 13 -1 26 -3 4 29 4 20 2 -19
-10 4 17 -2 42 8 8 -1 -12 -16 -17 28 -17 13 33 -1 -19 8 20 13
43 -13 25 -19 -2 32 -25 -14 -51 37 -5 6 -36 16 -9 -13 -32 5 -2 31
-30 -5 -3 -18 2 42 -19 6 -9 -14 -30 -10 -15 -10 -13 -21 22 -20 -9 -5
4 -3 9 -24 12 26 9 -22 -69 11 -3 -1 -7 -21 -6 -35 2 -6 -6 -4
-38 -19 14 5 41 -21 -14 -1 -8 -2 20 18 -28 -9 12 -17 34 21 -11 -15
-18 30 33 18 2 41 0 23 -34 1 -6 -9 30 2 -6 -1 -22 1 1 -24
-40 22 -35 -26 8 42 -64 6 -9 1 -4 -26 4 -25 -19 -66 -21 15 -16 4
2 -2 -21 6 -43 18 39 -7 -34 -4 60 -34 20 29 6 58 -10 -53 26 -28
-23 -17 -5 -3 -45 11 -14 29 -15 -36 38 -41 -3 24 21 -25 17 6 14 3
-14 7 -12 4 2 0 -8 -14 -3 -5 -40 -58 3 2 2 -44 -25 -5 -8 -44
-17 18 -21 0 -28 7 1 1 -26 5 -36 -18 5 0 -31 -15 -14 -4 25 -19
-12 -9 -20 19 -44 -5 -5 -24 32 -39 -15 35 21 -36 13 38 6 10 12 -18
-18 9 -13 32 -29 -13 -7 -2 -14 -9 4 -9 -10 25 5 8 7 -6 -11 -10
16 -5 -10 8 21 1 0 -24 -40 0 -17 -36 -2 32 -28 -27 -3 6 -4 -23
1 14 -15 13 -1 58 13 2 8 6 -15 2 -13 -6 16 5 -13 2 -19 -4
25 14 -5 -28 16 11 16 -26 -7 -39 23 -8 -9 -17 -15 -2 -7 -7 16 -13
31 1 -6 -7 9 -10 7 -3 19 4 -17 11 -1 -11 9 16 20 -17 -29 -17
-68 -13 -8 -8 -3 17 -9 -30 16 11 2 -15 11 17 1 -11 5 7 -4 -67
8 21 -1 -4 -3 17 -12 -3 -9 9 -19 21 -36 7 -40 -3 12 -15 8 14
9 8 -1 -5 1 -1 9 0 14 2 7 6 -7 18 -11 -4 -13 -8 -22 -41
-6 -8 -14 5 -33 2 -2 -18 10 -7 27 -21 9 8 6 -19 -6 9 -20 3
-8 12 16 14 -38 -1 19 -9 70 12 7 -24 13 5 8 -4 3 -52 15 31
8 14 12 5 9 -10 12 -6 -30 -13 -15 9 -3 20 24 -3 11 -4 -11 6
8 21 -4 21 -25 -4 -12 9 -11 15 -14 4 10 -5 -5 8 40 -45 -14 -29
31 9 -7 -1 1 7 3 -12 -18 5 30 -19 -78 -1 -7 -35 9 2 19 -11
2 78 18 -46 14 -25 -26 -11 10 19 9 -12 1 -19 -1 12 -5 3 2 18
26 30 -8 0 19 -11 -13 27 30 -6 -25 -23 26 -12 -22 2 -10 5 -15 -19
11 -15 5 -19 -3 0 15 10 4 -6 10 -4 -14 -1 10 7 3 0 -5 24
-20 -15 17 55 31 -8 -84 6 14 -20 22 17 -15 -10 -2 1 0 0 0 -17
-41 3 -17 -32 -6 -6 1 17 8 2 -1 -5 -5 -63 43 -27 -19 0 11 21
18 -10 -46 1 2 64 2 -5 -49 11 -29 25 12 -4 -2 11 9 -4 -6 -6
-39 26 -18 9 -10 -12 52 12 -4 43 -24 65 16 23 37 -20 -2 4 -4 -13
-4 9 24 -24 0 -10 35 9 4 12 9 -19 3 -18 4 -1 -26 16 10 1
-97 -12 -8 9 15 -3 -13 21 9 8 5 3 15 6 -16 -2 -14 -8 -17 14
10 -14 4 2 1 32 4 -9 14 -9 1 -13 4 18 12 -17 21 -10 5 -22
5 8 -28 4 6 4 12 -19 -14 -16 -16 5 7 9 -14 44 -17 -3 -2 -9
-26 -4 -24 49 6 69 -20 -17 26 -22 -7 19 5 -40 29 10 9 -5 35 -4
-39 -6 -62 17 -59 -6 8 14 4 -9 -89 -6 -99 -72 30 67 -24 -4 -37 -8
46 4 5 13 68 0 3 -18 57 -10 -9 -9 1 -47 -38 24 43 -86 -7 -16
-23 12 -21 -44 36 39 -27 -5 -24 -13 20 10 -6 -29 9 -28 9 -15 15 21
-6 29 -13 23 3 -2 -2 33 21 16 1 -6 2 -2 13 24 2 14 -25 27
20 -2 2 -6 29 53 -8 -51 -14 -1 -8 14 2 22 14 -11 2 -18 -3 -14
-33 10 23 8 5 -7 -1 6 43 -25 21 5 7 -28 5 14 -6 -3 -10 19
-38 36 4 36 57 -46 16 -9 -2 -8 -16 -56 -10 28 35 13 15 5 -22 19
7 -17 7 16 -1 0 0 3 24 16 -2 -3 9 -3 -7 14 -13 15 -2 -13
-3 -27 -23 15 -5 0 20 -27 4 -7 5 8 -14 38 17 10 4 -5 14 -16
1 4 -35 -29 -24 -40 -28 -6 17 -3 -40 -36 0 -9 27 -48 17 -9 2 -22
16 -1 29 20 8 -19 -11 -12 13 -18 46 -31 51 17 -7 -34 -9 -10 1 2
16 -1 -31 -4 -14 -2 -18 11 -11 -21 -9 18 8 16 -26 -1 5 -25 -23 15
37 15 20 -13 6 -32 14 -12 9 -6 13 -15 -18 1 37 -12 -14 -3 16 31
25 42 21 -13 1 11 -16 -12 2 -21 -4 -16 -5 2 5 -20 -33 -34 21 -29
11 -29 9 0 -36 22 -24 2 -6 4 10 -4 6 -2 -21 17 -1 -22 -1 -20
26 -17 -27 7 -10 -12 -7 -7 -24 -7 8 -33 -63 22 -30 2 -18 -7 -30 -46
41 -38 50 -8 9 -5 18 38 -27 64 0 -44 -13 -20 -9 -11 -27 -17 10 -36
-51 19 -2 6 -26 -27 -29 4 -53 4 -42 -22 -43 -10 -13 -43 -22 10 -12 25
-23 -12 -31 -28 25 -25 -64 28 -1 11 34 -1 -2 -15 -16 -4 7 -12 16 14
-16 18 -10 -16 2 -3 -17 34 -3 41 -3 18 -5 -22 9 21 20 -3 -10 -2
22 7 -28 -1 -45 -17 23 18 -20 -6 -2 24 30 -5 16 18 -2 -23 1 -11
8 -7 6 10 -12 -7 11 6 6 -21 4 -12 26 24 11 5 10 7 4 -26
-21 15 20 -8 14 -5 -12 -7 -5 -25 -3 19 -22 11 -2 17 -3 14 -5 9
-34 -2 15 9 31 -19 -3 6 2 21 4 42 -8 -17 -65 6 -14 9 3 -19
-38 -27 0 -20 -9 1 -18 2 8 -9 1 10 53 14 18 -34 18 30 -17 -30
-2 -7 54 -5 -19 2 -13 -14 -27 -17 25 -8 15 3 4 15 6 -21 -11 7
-4 -37 8 7 12 -2 15 -20 10 -4 21 22 47 24 -3 52 1 -3 18 10
-11 -14 -12 15 36 -3 -25 -13 9 3 -1 11 8 3 -21 -14 -30 -11 -23 7
-29 21 13 -1 -2 -34 -11 43 -4 -27 0 14 -80 -27 78 18 -47 -11 -11 -19
19 -39 35 -19 -11 29 38 -42 43 26 60 -16 -30 -2 -48 14 6 -10 12 26
-33 -5 22 -31 -48 11 10 -45 2 2 -8 -25 -4 42 -21 -33 -26 -57 5 -29
-43 -10 31 -1 29 25 -27 -14 -57 49 -2 -20 -9 -29 -36 -18 -3 -14 -12 19
-24 14 15 5 -7 -46 -16 16 -14 7 16 -37 5 -9 29 -14 -34 -4 -59 -41
3 7 -5 -73 11 -18 13 -43 29 -30 15 -23 26 40 -28 -24 11 -6 -25 -6
-11 18 -21 -55 56 -8 -17 -2 0 -8 -32 -27 51 -48 -24 37 0 5 5 0
-1 72 -4 4 -21 0 9 5 -4 -35 -70 -19 -7 38 -3 -18 -11 3 3 -20
-15 13 18 -12 1 50 4 4 12 -38 -4 -23 -6 -1 -4 -10 2 0 5 6
-6 -3 -8 -4 -29 5 23 5 -1 3 -3 0 -10 0 -9 -26 7 8 4 -28
-46 10 -30 5 17 0 10 26 -16 -1 12 13 17 27 -2 19 -14 -5 -2 -39
-2 -38 5 -6 -50 -17 -14 -21 9 -12 31 45 5 1 -5 -43 -5 -20 7 -30
39 22 -21 -18 18 5 -10 -17 2 4 -17 -36 -15 -9 -12 -4 13 11 -11 -42
-43 -18 -4 -11 -22 14 -17 32 26 -4 -17 -5 5 -22 -38 39 1 -13 -17 -16
-15 10 -2 -8 25 6 -52 -45 -52 -15 40 -6 -44 -13 -22 -14 -19 -10 30 18
-1 -20 13 18 23 4 -57 -16 8 -2 -3 -48 2 -6 8 -17 8 60 -50 1
13 6 -8 -3 -12 -21 127 -23 -41 -4 -4 0 -11 13 -31 2 7 -15 11 -35
51 47 -31 -5 -26 2 10 0 -44 19 26 -5 1 24 -10 -10 0 11 -25 6
-3 8 -12 -15 -2 -16 -29 -19 -63 -9 -6 -21 -35 3 5 -26 1 -19 -28 10
-27 15 -19 -60 -13 10 -21 -3 -16 11 -46 -21 45 -70 -12 13 29 14 -19 -19
10 -8 -3 -45 54 13 7 -25 35 23 18 3 -29 -11 11 9 -11 -44 -34 -43
11 -20 10 -6 2 24 0 -9 -2 8 25 -14 -26 -16 14 14 8 -16 -6 -43
-12 31 -1 -11 5 -2 15 -18 33 -19 0 8 -28 35 -33 -21 -19 -45 17 7
-12 -4 -10 -6 -19 -31 -14 9 12 -22 -4 11 -4 56 0 -32 14 -5 32 -3
-25 8 -32 -3 4 -37 -35 8 2 -46 -14 -21 5 42 -46 -40 18 -8 5 -21
-11 -13 -17 18 -8 -1 26 -29 -30 -1 14 22 -1 -39 -8 -45 -18 -64 -8 -5
-11 32 -34 -21 -24 0 -11 -21 7 -25 44 -1 -3 -19 1 -1 40 -12 -20 59
-16 -22 20 30 26 28 66 8 -39 -10 -6 14 -36 23 23 16 -33 -32 0 -3
-46 6 32 29 -16 -15 24 6 0 -19 15 23 -3 -7 -1 -9 20 15 -3 35
8 3 33 -18 30 7 -21 27 7 -11 -18 9 -1 22 34 1 -13 -6 17 -5
3 -37 -1 14 -18 27 25 -19 15 9 12 -8 2 -28 5 2 -11 -16 -2 21
5 -4 -13 18 1 23 20 10 -13 11 -1 -6 6 14 31 -1 8 -2 16 22
18 13 9 -5 -10 -14 0 17
