-32 9 -29 -20 -15 6 17 -4 11 -21 7 -11 -13 -7 -9 -7 16 21 -2 -23
8 -15 10 1 -13 22 -7 -17 19 -1 -15 -14 -30 10 18 -11 14 5 4 -1
-40 -2 8 -13 -1 -8 15 -30 5 -10 9 -1 -12 0 19 3 14 -9 13 -1
-10 -12 -24 1 -7 4 -2 14 10 7 -10 12 0 0 -9 10 -1 7 0 -2
-5 -8 -7 -7 16 0 1 4 -5 -9 -4 -4 -13 -13 -3 7 -5 -1 -6 -7
5 4 1 -19 -12 7 2 -4 -3 -14 -9 -12 3 3 18 5 11 25 19 7
12 -5 10 -6 2 -14 16 12 35 -35 -9 -17 0 13 4 -9 -16 -18 -8 -14
-25 -8 -8 -12 24 15 -7 44 13 -8 9 -32 -12 -7 -20 28 -7 -11 -22 -13
-4 2 -9 23 -1 -25 5 16 -17 9 -22 21 -6 4 -6 0 -15 -11 -9 -7
-7 -12 -2 -15 -29 -3 15 -2 -2 -4 118 -11 0 -3 4 -1 -3 6 4 7
-1 10 -5 11 -2 13 -8 8 -2 8 2 -16 12 3 -2 -14 -10 -7 4 -1
2 22 17 4 -12 7 9 -14 -32 -3 -7 0 -3 3 -4 15 -3 -3 -11 1
0 -16 2 2 -13 7 7 11 3 6 1 -11 -7 8 -8 -21 20 -13 12 -19
-1 4 6 -7 -3 1 -5 4 -14 -12 5 9 2 -1 4 4 8 3 4 -26
-1 10 27 18 -3 4 -12 9 13 -4 -6 11 14 -10 0 20 39 -11 22 5
13 6 -4 14 0 13 -20 -12 17 -13 -11 -5 -4 25 9 21 -10 4 -6 -3
-24 -9 0 19 -4 -3 12 34 -19 16 -25 -3 -20 14 3 14 -13 4 -21 -13
2 -8 -12 -15 6 -10 1 -10 43 -15 -18 13 4 -3 4 -9 -3 -7 3 4
22 -12 0 -5 6 -20 5 -7 1 -5 -1 -13 14 -23 43 -33 -13 7 -6 -5
1 -2 -3 9 11 35 -1 -13 -28 5 -22 -7 3 -11 3 8 7 -23 -1 17
-31 -13 5 12 -10 31 32 5 7 30 1 31 12 -8 -12 1 0 6 0 -8
5 11 -16 -12 -4 0 -4 9 -21 0 -9 -21 5 5 3 -3 -12 15 2 -16
-61 9 5 2 -11 -12 -6 9 -7 -20 -27 -5 4 -15 -6 -14 6 7 10 1
4 14 -7 4 12 -2 -1 -10 4 4 16 -32 -21 13 9 -7 -9 7 -8 8
4 -5 19 -13 -5 7 -10 -7 -3 9 -14 -8 18 2 -13 -15 2 -5 -1 4
5 -29 -26 -2 -10 -3 2 -19 -9 -3 -2 11 17 -50 7 -3 23 18 25 -2
6 -10 -6 -27 4 10 4 2 -31 -1 -9 10 -1 -3 -8 10 3 29 1 -22
3 -29 -8 -16 -12 -8 4 11 -17 -1 -2 3 -1 4 -7 2 -4 -3 -5 -12
4 -6 -5 4 17 -10 -5 -9 41 -7 6 4 -3 5 -6 -13 -9 5 0 -4
34 -5 -2 -7 5 -5 -5 -13 -9 -11 8 -1 -4 12 -4 -1 -12 1 0 -2
-2 15 4 -10 15 -19 -7 1 -12 19 -1 -4 -5 3 0 -6 -5 1 -10 0
6 3 -2 -10 -3 -8 8 4 -8 5 -2 -6 -1 9 -9 -7 10 3 -6 -2
5 63 -2 -7 -17 23 -5 21 -8 0 -23 23 7 15 -9 0 11 7 -2 5
-5 7 13 -2 11 -25 9 -32 -1 -21 16 -36 -3 -9 -5 -2 -16 -5 0 3
-4 4 -9 1 9 0 4 12 -4 -13 -11 2 39 -3 -1 3 -87 5 7 13
-26 1 -25 -19 -2 1 -9 -3 -5 0 6 6 -10 -15 16 -4 9 -2 -8 5
6 -5 2 -2 8 -5 4 -1 -6 -4 3 -5 -6 -6 -1 -4 -13 3 -1 9
-6 2 0 -2 -1 -15 -7 -27 0 7 -6 22 0 -9 -22 -7 -17 4 -3 7
-9 -12 10 -2 -8 -18 -16 13 22 1 3 0 11 -16 4 -7 4 10 -9 13
-13 -1 -15 15 12 -17 -18 -6 -2 -15 -3 9 -14 4 -14 -1 11 10 -19 6
7 9 20 -2 -2 12 -5 0 5 -11 -23 -3 6 -5 4 9 -6 5 24 15
13 4 -6 11 -9 -1 5 -1 -3 -2 -1 -11 16 -7 -8 -2 -21 -20 98 20
3 0 1 -4 17 0 11 -4 -7 -23 22 -12 -1 -4 8 -11 5 30 -9 -8
-12 7 10 -11 -11 -22 19 13 -123 3 -34 10 -13 12 3 14 -13 2 -2 5
-9 -33 -1 12 1 -1 -11 4 2 12 -10 7 -10 -11 -53 -7 -16 2 -19 -3
-2 7 -12 -6 -8 4 28 -8 -3 -3 -2 -10 1 16 17 -1 -3 15 -4 -5
1 4 9 4 -13 1 34 0 18 -10 -3 2 -7 -8 2 9 8 -6 23 12
-1 9 -1 2 18 20 -9 -9 1 -10 -10 -6 5 0 7 -11 13 4 -9 2
10 -17 6 -9 13 -3 -9 7 10 0 2 3 4 9 10 6 -6 1 5 -10
-1 2 3 16 -6 -5 -16 1 -11 5 0 6 -3 6 -13 1 -9 -5 5 1
20 11 11 -5 -5 3 -9 13 -1 -4 -7 4 4 1 7 -4 -20 7 4 0
10 -8 1 11 36 -27 -5 0 -15 10 6 0 0 4 -13 -6 -20 -7 3 5
8 -17 -16 26 15 -11 -13 28 -10 11 -17 12 -15 -11 21 -9 -18 -2 6 16
9 -1 -9 2 17 -1 -2 13 10 -7 2 16 1 3 1 3 0 41 7 -1
-19 16 13 19 -2 3 -24 -6 4 -25 -2 15 -34 3 -9 -10 -27 -15 -4 -28
-14 6 -9 -3 -1 8 10 -21 -8 9 23 9 2 0 1 -15 6 5 0 -5
25 -4 -8 -3 -5 -15 -5 -14 -2 -12 7 -21 18 3 -16 8 -7 16 -15 -12
-4 2 -18 -17 -19 1 14 -15 -12 1 -22 -9 -29 25 -18 9 -13 -16 0 14
-12 -10 2 -12 9 9 -17 -15 -5 -13 3 28 -8 5 -1 -17 10 -1 4 15
-15 1 -19 -16 -8 12 -5 -8 -7 11 -12 -8 -26 -22 3 1 -16 3 -6 -16
6 7 11 18 7 -24 -2 11 20 -1 -14 0 -13 4 -14 7 -21 7 2 -7
5 -1 -9 -8 11 -11 -7 -4 7 -10 3 16 0 -9 -3 -2 -20 -10 4 -11
-7 3 13 -3 7 2 -8 -10 10 8 -3 0 -4 9 -2 -13 -26 1 2 -1
-22 -2 -5 10 -13 2 -9 -9 -15 -3 -1 13 -5 0 33 -7 4 -24 -4 -10
-6 -17 0 2 -9 12 -3 17 -6 -3 -18 -12 -7 -9 -1 -6 -24 -10 -18 5
5 -18 22 -30 -1 -29 2 0 -7 -2 -16 -3 -8 1 9 20 -4 -5 4 14
5 4 -2 -18 -6 -11 12 -23 22 -17 10 -6 -5 -17 -1 -5 -8 -5 12 18
0 4 -20 -6 -22 -9 22 -10 4 19 2 -26 11 34 -22 10 -13 1 0 -11
-12 -12 -70 -1 -63 -70 11 -4 -2 -12 5 -5 -15 5 -4 -13 54 18 19 5
-8 13 21 -11 -5 -17 -19 28 37 -79 -7 -17 -24 46 4 1 -2 -5 -26 6
-22 -11 10 3 -1 22 -36 1 -8 -5 -3 -11 -28 12 -21 -3 -3 -10 12 30
3 -1 -3 -1 -10 -6 2 4 -9 6 -4 8 2 11 -4 -2 0 11 -7 0
3 4 -3 -11 9 1 -7 -10 -6 3 -10 8 4 0 -4 0 8 9 2 2
7 -10 5 3 3 9 -5 -7 -2 -4 2 -5 -4 -4 -11 2 1 40 -127 16
-12 6 -7 -21 -11 -19 -8 -7 6 -25 -16 -19 -3 1 -2 -23 7 -13 -5 -4
-9 -24 -32 -5 -16 -13 13 -11 98 -17 -27 0 -23 -15 23 17 12 15 -9 -9
-13 8 -5 -2 -1 -19 0 3 -16 3 3 -5 29 -23 -39 -8 -5 3 11 1
3 -1 8 -2 -5 -8 3 4 9 1 3 3 11 11 -12 -5 -6 -9 -11 9
-2 -9 -6 3 -10 10 2 0 13 4 -9 -5 -11 -2 3 -14 -24 10 3 -4
-3 -4 1 0 0 3 13 -4 3 8 -9 4 -4 8 -16 -16 -3 4 -3 4
4 -5 -20 -10 -3 11 -3 2 11 -6 -17 8 20 -28 -1 7 20 5 -9 -15
5 -15 3 14 -5 17 49 4 -20 -2 4 -3 -6 -6 15 11 0 -13 1 -1
14 -2 -2 20 3 -10 11 12 -19 -12 -6 24 2 12 -7 2 -2 -10 -7 -12
-7 -12 8 -19 -8 0 17 4 4 -5 17 4 -11 12 2 -12 -6 -2 -20 -10
0 -18 -12 31 -23 4 -5 19 4 1 -29 7 5 4 -8 4 -5 5 10 6
11 13 -1 1 -12 -21 4 1 -18 -20 0 -13 13 -4 18 1 -6 -5 -1 -8
2 2 27 8 -3 25 3 -3 6 7 -14 13 -15 3 -23 -27 11 -19 -1 -20
38 1 -1 -1 -1 -18 41 18 47 66 14 -21 6 -1 -1 9 0 -7 -31 -3
-89 0 12 -14 16 12 -25 -17 -13 7 -4 -25 -56 53 -4 7 5 -63 -9 -1
5 16 -15 17 3 21 10 13 -6 5 -18 -1 11 -41 -12 -2 16 3 -12 -2
-8 -15 14 -26 13 -8 -1 9 35 -4 4 6 -7 4 1 0 -5 -64 -3 -29
1 -3 -3 -1 -10 8 0 -9 -5 11 -18 -13 2 -2 -1 14 -3 -1 -8 -14
6 9 -3 -5 -4 -4 -9 -12 43 15 -2 14 -22 2 -15 -18 12 3 1 -25
-5 -3 2 -14 -5 -3 12 -24 -6 4 2 3 21 -30 -4 22 -7 -18 -3 -16
-9 22 27 22 -1 -8 -11 3 -16 4 12 15 -5 13 -8 32 -6 -26 7 10
-9 -9 1 2 7 -21 -5 -10 -5 -34 -26 -13 0 8 3 5 0 32 0 10
-4 8 1 16 3 4 5 3 -1 -10 -27 -1 -14 -6 6 -6 -9 11 5 11
-1 1 -4 -9 -20 -10 -2 9 -3 -1 -2 -3 -5 -6 3 3 9 2 -21 -6
-19 -7 -1 12 8 -2 -1 29 -11 -12 -1 -3 -5 -14 7 -3 8 14 4 -5
12 17 -2 -8 -9 -69 1 4 -15 -20 -18 -11 -11 9 -5 -20 13 -18 1 -4
-28 5 -4 -10 1 -1 -16 -10 -1 10 -12 25 -10 12 -24 43 -6 -8 3 -7
-10 -10 -3 7 1 11 13 1 9 -12 9 -16 -11 21 5 -3 -27 -7 11 -2
69 14 9 11 21 5 -19 17
