21 9 5 14 -14 -15 -4 -13 -22 3 24 27 0 -4 4 -4 -16 -19 2 -20
7 3 0 -6 0 9 -4 -7 28 -9 -9 -17 -16 0 -1 -11 -3 37 15 2
-21 9 2 -21 -8 -8 -4 -4 -8 -1 -4 -4 26 -6 8 31 23 -12 5 13
-15 -14 4 5 -8 9 -3 -8 -12 3 11 -2 10 4 11 -2 -5 13 -2 -7
1 -6 38 19 -3 10 13 -2 0 -5 5 -12 3 1 -7 1 2 2 2 8
-1 0 -3 -3 -14 -12 -5 2 7 14 9 2 -21 -9 -13 -22 -9 -10 12 5
1 -13 15 7 -16 3 -2 -7 -4 -17 -22 -15 -5 -4 4 -27 -13 21 -11 -5
0 5 11 -7 6 13 12 -1 0 12 0 -6 5 -11 11 23 -15 -20 2 -15
-12 -3 7 -13 4 8 -17 3 0 0 0 -12 -17 -18 -6 -2 -18 4 23 0
1 0 -18 -10 -52 -16 -3 -33 -15 -5 -2 -21 10 7 -12 17 12 3 9 31
0 -1 11 6 -3 0 -2 -5 -10 0 7 7 17 4 3 23 24 17 0 6
-4 0 -15 -20 10 -9 -14 14 8 -3 21 8 -1 -7 2 -10 -4 7 5 16
-4 4 4 -3 10 0 -12 8 -9 -9 11 0 -2 -11 -4 -9 5 -6 0 2
-14 12 -29 8 -6 -55 -6 -3 -20 -13 -2 -4 -14 -8 -9 -15 -7 -11 -14 -8
-29 -5 9 5 6 19 -2 12 -8 -5 2 1 7 29 9 0 -12 -1 3 -6
1 14 12 9 3 1 2 -1 2 25 3 -33 13 4 -13 4 0 -10 17 6
-1 8 8 3 7 -5 6 7 16 8 -10 -2 -5 0 -18 -2 15 -12 -4 5
-14 -7 -1 -7 -9 3 12 21 3 5 4 2 1 -1 -2 -26 -4 4 -1 -4
-8 4 -9 -8 6 3 7 13 -1 6 -2 7 -7 -13 2 -2 4 5 -17 10
-2 -1 15 2 -19 7 6 -10 -21 -25 9 -2 -6 10 -3 6 9 0 -3 10
-11 -1 -14 1 -6 5 8 5 5 16 -1 2 6 6 -3 -5 -7 -14 6 11
0 12 1 2 -3 -6 16 -14 -11 19 -2 -2 11 11 -1 -10 -14 -10 -10 6
3 -4 -5 6 -8 10 13 5 -4 -6 9 -2 -7 -9 2 4 5 10 8 -7
7 16 3 12 13 -5 -5 -7 -5 -5 -11 24 14 -23 -12 1 3 9 3 7
-27 -27 0 -11 -7 13 -9 -7 -4 -1 0 -10 9 5 0 11 -6 3 9 4
-2 4 7 7 8 -2 -12 15 15 -5 -6 1 -2 -1 -16 -9 -3 6 -6 8
10 4 3 -16 -6 -1 -21 -6 12 -15 -6 -8 -13 -15 17 10 -3 -5 -1 -9
0 -10 -2 6 8 -1 6 -1 -19 2 -2 0 -2 6 18 14 8 -5 -4 12
9 8 -2 -22 -2 -12 -20 1 7 9 6 -15 -14 11 -3 -2 1 1 -11 5
6 1 -8 -35 -16 5 10 -8 -32 0 -24 -25 -7 -8 -14 -9 1 7 3 -9
0 15 -17 1 3 -3 -4 -3 14 9 -4 -8 -5 -5 -10 -7 -7 2 5 2
-12 -9 13 -7 -1 18 6 -6 -9 -8 -10 -12 -10 -9 -6 -23 18 18 12 -2
-14 -11 -2 -5 3 10 27 -6 -5 19 -2 5 18 10 -28 -48 -3 -11 -14 -5
-1 -39 -41 17 59 -3 -3 7 -1 -5 -4 1 -3 11 -17 -15 -42 -26 -20 -62
-3 16 100 25 -10 -2 -12 5 6 -3 -10 5 3 -7 -17 -2 5 -15 -8 17
12 -7 -5 0 -8 4 24 24 2 -12 -4 -9 22 8 -4 2 -27 -7 -1 0
11 29 -1 7 37 21 -14 -57 -18 7 -12 -20 3 -23 -17 0 9 9 -2 5
1 11 14 -9 -2 -12 -9 -11 -1 -8 26 6 8 14 -16 3 -7 1 -1 -3
-5 -10 18 24 -12 -9 4 -5 -10 -19 -17 7 -7 -12 -10 -17 -4 -6 -4 -16
7 1 -28 -3 7 6 6 9 15 3 -14 -10 10 -2 0 -2 7 9 -3 1
-1 -13 -14 -14 -3 -14 0 -13 -6 -10 -8 25 3 4 11 4 3 -14 22 6
14 15 -2 23 10 8 -3 -23 13 20 -7 -1 61 24 -49 -66 -38 5 8 -17
-8 8 20 -11 -6 -21 2 1 3 -11 -9 -11 11 3 7 1 0 2 -12 7
-19 -9 -10 -18 4 -14 7 4 4 -2 -2 5 -4 0 46 32 -22 -22 -8 -19
-28 -14 9 13 11 -25 13 -3 3 -9 -6 9 4 0 1 -1 5 2 0 2
3 39 -2 -8 -10 -15 -4 -1 5 0 -10 -17 -12 25 5 6 -6 6 7 12
4 -5 0 1 -7 1 8 -1 -16 -1 -3 7 -18 -7 12 -7 2 7 -1 2
-18 12 -5 7 5 -2 34 -4 8 -4 -12 11 14 -7 12 14 11 11 24 -4
-13 -8 -16 13 10 1 -17 -10 7 -5 -10 -5 -7 27 -1 -9 -39 -4 -7 -4
-6 -7 16 -5 -6 -8 -5 -1 -9 -4 2 21 -28 1 -18 -9 -9 -9 -19 -8
26 8 -16 -6 -16 -4 -17 15 0 11 -19 5 -14 -2 -6 -1 -2 5 -3 -6
11 -1 -8 -8 5 -10 4 -11 17 0 -5 3 4 -14 -4 3 -43 -10 0 27
22 11 22 2 0 42 0 7 14 9 10 -10 7 -9 -8 -14 0 -19 -2 0
4 -5 -8 7 9 -6 -6 -19 -15 -5 -5 -3 13 -1 -18 -18 1 -13 -4 -6
20 23 -2 -11 -16 2 7 -12 -3 -5 42 18 -11 -14 -21 -6 -17 -12 -6 7
-9 -10 6 9 9 26 22 -14 10 7 0 18 -7 2 -7 -3 7 11 11 0
2 -7 -2 4 3 6 3 5 -6 -25 -7 -18 -16 -11 -2 -31 -8 17 9 2
11 15 7 -7 -4 5 6 5 4 11 10 -2 -6 -14 4 1 12 5 -13 -3
33 -31 -32 -5 -16 -25 12 -5 9 40 -21 2 12 -2 20 19 6 15 12 -16
6 0 -2 -24 5 18 -13 2 -6 22 9 -2 -3 11 -11 18 1 5 4 7
-3 -23 -7 -4 -8 32 -8 -14 11 -6 -2 6 -6 4 19 2 13 4 6 -13
-15 5 -2 8 -14 -17 1 -9 -3 -7 3 4 -9 -3 -11 -20 2 -8 -14 11
-14 -9 9 -17 -6 -2 -38 -20 0 -48 -21 -22 -8 4 -13 -4 -3 -13 -6 -3
-20 -25 2 -14 -13 13 -16 21 24 0 8 0 -6 -1 -12 2 8 -19 -12 13
2 -11 7 -5 -8 6 -29 -3 -26 1 6 -45 7 -1 -34 46 2 1 -1 3
-5 3 2 -6 -5 -14 9 28 -7 7 -8 -1 40 0 -12 -14 -2 1 0 5
3 -6 16 16 16 7 11 14 -12 14 -11 -26 -11 -11 14 -5 -14 12 7 2
14 7 17 4 -5 4 -3 -3 14 -13 -10 6 0 -4 -10 6 4 -5 2 -5
15 4 -1 8 -4 -14 -25 2 -7 -22 5 -18 13 23 -15 7 1 -23 -21 9
-7 -14 0 -10 -3 11 11 -25 -2 18 4 -7 1 37 3 -2 -3 -12 3 -10
11 0 -14 22 2 -1 -2 5 -8 -3 8 -26 -3 -19 -8 12 8 -17 8 -3
23 20 8 6 -5 -14 10 -10 -1 -1 -28 6 0 -27 -5 2 -35 -9 20 -22
-9 -20 21 -27 -13 20 -1 -15 -9 -16 -16 -7 -14 -27 34 -5 -4 11 -4 5
19 -8 6 3 -9 2 2 -10 -1 -5 -13 -8 3 -7 -4 24 3 -12 -5 -14
-24 1 -1 -6 6 1 3 -8 15 2 8 -8 -13 7 -6 -27 11 -16 -8 67
-7 -19 -2 -9 -5 -7 11 7 -22 0 4 0 -12 -12 9 -28 -16 38 -8 -10
-6 -1 -10 3 -15 -14 39 -13 1 -5 5 7 -31 36 34 -62 23 6 -22 -13
1 12 4 4 -26 5 1 5 11 1 9 -29 -15 48 -12 -11 1 0 -6 3
4 -2 -5 -2 14 2 -6 0 -2 -4 11 -12 11 2 -18 9 0 -1 27 -2
-1 4 -1 1 -10 -9 -17 -24 -25 34 -2 -6 7 -10 -24 19 -9 -17 36 -2
-2 11 -14 -11 3 -34 -16 44 -8 -8 1 -3 2 -2 13 13 -15 8 -16 -10
5 21 9 -14 -10 9 -5 10 6 -8 -8 -20 -2 2 25 8 -9 13 6 10
-6 7 -4 -14 -3 -2 -4 -6 0 11 2 -6 2 -8 -11 0 -10 -6 9 -20
-14 27 -4 -6 -8 2 -5 16 -5 -16 -15 1 -8 13 13 -8 -14 20 -10 -4
3 -22 -36 -4 4 5 -2 -12 -2 13 5 15 -15 4 0 3 4 -42 -13 9
1 -4 -15 3 2 -3 -8 9 2 -12 -3 5 -8 2 -5 8 -7 -2 6 -12
-8 -9 3 3 -2 -8 0 6 0 -6 -1 -9 28 -28 -19 -5 8 -11 -4 7
-4 9 16 -8 9 12 -11 -2 -4 -9 -11 14 10 -13 -13 -8 -5 20 -14 26
9 -6 -11 1 -6 -3 15 -2 13 15 -10 9 7 -8 5 -12 -12 9 -15 -3
-25 -12 0 4 8 -5 19 -17 -7 -4 -16 10 3 -13 -15 24 -21 -1 -2 -21
1 -2 5 -3 24 8 -21 4 2 -4 -4 -7 -5 9 8 9 -3 -6 -5 -6
-8 2 -6 -7 -2 12 -6 13 0 -14 2 11 -6 -4 5 1 -2 7 11 -8
3 -3 0 5 -1 5 -10 -8 -20 -11 -3 -2 11 -8 3 8 12 -17 -19 12
1 21 -4 13 -4 -9 -12 21 1 4 0 -2 10 14 1 5 -1 5 10 16
-8 2 3 -8 9 -30 -6 -8 8 -22 5 7 14 7 -22 -11 -6 14 16 6
2 -9 19 -41 -7 9 -17 -26 -1 -16 2 -29 -15 11 -22 17 3 3 23 5
24 9 -14 1 -29 3 -6 -17 -7 -5 -15 12 2 -2 5 0 6 19 -1 39
-7 9 21 13 3 -9 -4 -19 16 -1 -18 28 11 -9 -7 5 1 -7 17 -11
-1 8 -19 1 7 -9 -1 7 -8 -4 11 9 6 -5 -6 1 -2 -12 0 -8
9 -4 -11 -17 -4 0 0 3 -9 4 14 17 1 -6 -10 -18 4 15 18 26
-11 15 -51 -19 13 -9 -8 15 2 -17 18 -27 -17 12 3 2 7 -8 -3 1
-19 -6 -6 -7 1 5 7 8 13 -9 10 21 -6 12 3 -7 2 19 -8 13
4 -8 5 7 -2 -5 8 17 5 6 -1 16 9 27 6 1 11 -6 -1 0
15 -2 -16 5 2 5 -3 -11 -19 -1 -4 -5 6 -15 -22 -12 -3 -3 -5 -4
-20 -7 -1 -18 -1 -4 6 -3 -11 5 4 14 35 0 9 8 -5 12 29 -2
-4 34 3 2 13 9 -4 -6 -8 0 -15 -5 3 -1 -3 -7 -14 8 26 39
16 21 8 -13 4 -1 -1 8 13 -2 -6 7 8 -14 -13 -7 -32 -52 -22 -21
-39 -31 14 2 -2 5 -14 -14 9 8 10 6 11 16 1 -8 14 10 2 2
-11 0 7 -8 6 10 -4 7 -6 -6 -6 0 -8 -5 12 4 9 -2 -4 5
-2 2 -6 5 -2 27 5 -18 -9 -3 -14 -9 -18 -9 -4 -4 -7 2 1 -18
-21 -16 4 -1 -10 12 -2 -4 1 -11 -13 -21 12 -11 -11 -24 -5 -2 -26 -12
9 -24 -6 -6 -19 2 -2 -27 1 -19 4 -1 0 -9 -1 1 2 -5 -2 13
2 -10 -8 -6 7 -29 -9 3 -10 -3 -10 -12 8 2 -4 7 7 -28 -2 -1
6 10 18 -6 24 9 -13 -3 -1 -11 -7 15 37 8 -2 4 6 8 1 5
3 -31 -9 -5 3 12 -5 9 0 -17 13 7 -3 0 -18 -6 -7 -4 0 1
0 -6 -1 -6 1 5 5 0 -8 -12 15 -12 1 -1 6 7 -15 -7 -15 -1
4 -6 -10 -16 12 -7 -21 5 1 -6 -21 -8 -5 2 -8 -12 -1 -14 -23 -11
29 -11 0 16 5 -8 -1 11 -5 -4 14 -1 6 15 -6 8 15 1 -14 19
22 -6 8 2 -1 -16 0 -4 -13 -11 -2 -6 -7 21 6 -1 -10 0 17 1
11 -10 -20 -4 -9 30 11 -3 13 34 0 -2 -21 -19 0 -24 -15 -14 -41 -16
5 65 11 -3 -11 13 12 -2 -11 7 26 27 20 17 9 3 6 -14 -15 -10
-6 -6 -6 -14 -28 -26 -23 -4 44 -5 11 9 -7 -5 13 -11 0 12 -2 -9
17 17 -29 -15 -15 18 12 3 5 37 -4 3 8 -19 19 -33 -5 6 3 -3
-4 -12 -2 8 -10 11 8 -17 14 2 -14 -2 -1 -1 11 3 -8 -6 4 -10
-4 8 19 3 -1 -8 11 -13 -32 -35 -16 60 -39 9 10 -21 7 -1 -21 -15
31 38 -10 -31 -8 -1 1 -6 -1 13 13 -31 -14 -12 1 -12 3 12 -10 4
7 2 31 -13 1 10 -5 10 13 0 -23 -44 4 -3 -26 -14 32 2 10 63
8 -2 -2 2 -27 -91 -23 2 -5 12 6 6 0 2 -9 -14 5 -25 7 10
1 12 8 -3 -12 -9 -31 5 0 -19 -10 0 3 -6 -11 5 -10 -15 -5 -6
-13 -32 2 -3 15 -6 -13 -22 -3 14 -17 3 -10 7 15 3 -51 -1 1 5
-9 -6 6 -8 -3 16 -10 -14 -11 -28 11 6 4 18 -2 14 -20 -29 0 -2
8 -22 3 -14 -6 15 -4 2 0 -4 20 1 18 2 27 25 -48 -6 -3 -2
6 2 20 -9 23 1 -6 -4 4 2 -17 -1 -24 -8 -2 -19 2 -5 -5 2
18 0 -8 -31 -2 4 12 -9 35 15 -11 17 -18 5 9 -4 -4 -43 -45 -15
-22 13 -11 -15 -22 -14 11 4 3 17 -4 -8 -12 -31 -1 31 10 20 22 -25
10 8 3 6 11 -8 -6 3 -5 4 5 0 -2 24 6 -2 14 -18 9 0
-19 -1 31 -54 -11 -55 -14 7 1 16 3 -21 30 -5 13 -4 5 -1 9 0
-14 -22 4 -25 7 10 -7 3 -10 -11 0 10 0 -6 -9 -3 -6 -6 -44 3
-3 3 10 -1 6 4 2 -9 -35 -15 -39 -3 -6 2 -22 -17 -42 -24 11 3
-30 2 11 6 16 31 17 -4 -5 -3 0 5 -3 0 17 17 -4 -12 3 5
4 4 5 -2 -16 6 -19 -19 -16 4 -28 -2 1 6 9 0 -7 -24 -27 -12
-17 -17 3 -22 -22 -9 -2 -21 10 -4 -13 5 -2 -15 14 -8 4 -22 8 -20
-46 19 -27 -15 8 6 -10 7 -29 -28 -6 -35 6 12 2 6 10 -4 40 21
8 8 -2 4 -4 7 -10 -31 1 -6 6 6 -2 -15 -1 -10 -37 4 -25 -2
10 2 8 -15 2 -6 6 8 11 -12 1 -3 -1 10 -11 -2 -11 -18 6 -5
0 6 -17 5 2 -10 6 -4 17 -7 -17 -2 -2 -1 -15 -2 6 10 -3 6
11 7 -8 28 28 -5 -5 -10 20 -38 8 11 14 1 6 8 -5 -7 -11 -8
-1 -1 18 -12 -8 9 8 38 -6 -16 2 7 -16 -1 -6 -26 -18 2 8 -3
0 11 -6 3 26 12 -3 4 3 -28 -8 -1 -1 15 7 5 11 6 -1 -12
0 -14 -5 -9 -7 2 -14 14 6 1 -2 4 19 -7 4 19 6 -7 -3 -9
0 4 1 -5 18 6 -19 -1 -11 -3 8 5 6 5 -3 -10 -7 -5 -3 12
5 2 -11 3 -11 3 7 -5 -1 7 6 2 -11 4 0 3 0 -12 13 -6
22 6 -7 -13 -11 -4 -30 -14 7 -1 -6 1 6 -4 13 3 8 6 3 -7
-30 6 -6 -28 -36 -23 1 10 8 17 -10 -5 -17 -4 2 -22 -57 -1 -10 -1
4 -11 -23 -4 -2 -22 -17 16 7 -12 12 -10 -6 3 -3 -22 9 -1 -3 7
-14 -6 -4 37 9 0 -2 3 -12 -21 3 -5 -20 -7 28 2 5 16 10 15
13 17 15 -23 -1 -12 -23 -16 -17 11 0 -1 -13 -6 9 14 23 10 -5 -2
-2 4 -1 6 35 -16 -5 5 27 29 -15 -8 -4 -22 -23 -12 12 -10 1 -17
2 3 -17 2 1 -4 -14 13 1 16 4 9 -44 -1 -12 1 10 2 -9 -14
6 11 -6 -13 -15 2 9 17 15 -2 15 -22 10 1 -14 -1 16 12 22 13
25 5 -7 -21 -9 -18 -9 -6 18 40 4 29 16 15 15 11 -1 24 6 2
-6 3 -15 0 -8 11 -17 1 -3 3 3 -9 -6 4 -21 -20 18 7 18 -18
5 7 -5 17 -2 -3 2 -1 -13 4 3 -2 5 2 -17 -9 -26 8 1 -2
-8 1 13 -19 15 16 8 -10 0 -14 -8 -10 17 14 31 -11 17 30 7 16
43 -12 4 -6 -2 -10 -9 -13 -1 -5 5 -13 -6 5 4 9 9 8 -2 -10
-22 -29 -12 11 18 1 12 0 -18 -11 -19 -14 4 14 8 3 0 -7 -13 -23
-9 -4 -16 -20 6 22 -9 -7 -16 14 4 4 2 10 37 1 -12 -12 -8 9
17 11 1 -21 -7 2 14 16 7 12 15 19 6 1 7 10 6 -2 2 0
-3 17 11 -9 -10 -5 10 -3 -6 6 -7 -9 7 2 6 -3 13 -6 -16 -2
0 8 30 -13 -10 -8 5 -11 8 29 5 21 -4 6 -3 -19 12 8 1 7
-10 -6 -5 10 15 -5 0 16 5 5 8 3 12 -1 6 -2 28 23 -3 -14
10 9 5 10 -32 -37 14 -7 -15 5 5 7 -6 21 -12 -31 -34 3 0 10
11 -4 1 -9 11 -7 7 9 32 20 16 -1 -25 6 -16 17 -20 -15 -1 -19
14 25 6 -8 7 13 1 -20 17 -23 -30 -2 -21 -29 -11 -5 4 11 40 12
33 -1 -11 -9 -8 -15 13 -30 -16 -25 -3 5 -3 3 0 42 -24 -21 -1 -8
-9 -10 -21 -2 44 -17 -2 -10 -21 3 -3 -19 -17 32 0 -30 5 -9 2 -12
-11 -31 54 10 -20 -6 -27 -19 0 -2 3 25 -23 -10 -5 7 -1 13 -2 -13
9 6 -15 -13 3 -11 0 7 -9 31 -6 -15 12 -13 -6 -3 -9 -38 78 -7
-48 5 -19 -10 7 11 17 37 13 -8 -4 -2 -3 -3 2 -8 -16 0 9 6
5 1 -2 -9 -12 0 -22 13 5 10 -3 9 -10 3 -8 2 5 -6 -26 -12
2 0 2 -65 -12 33 12 18 12 3 7 8 -19 -2 2 -24 12 2 7 -4
-15 -2 17 6 -14 -12 -1 -10 1 18 -27 -8 38 2 13 21 -1 -7 6 -27
6 1 -4 7 2 0 -10 -7 15 -8 12 -34 3 23 6 -7 -1 38 -3 -8
-1 -6 -7 -13 -16 -4 22 -21 -18 -1 -11 -18 -4 -9 -2 19 -12 -17 -3 -18
-3 -12 1 0 24 -7 -29 1 6 -15 -17 -22 8 -18 -32 -10 0 -20 -10 -12
11 -2 38 25 -2 -12 3 1 -8 -4 -3 -25 1 24 37 19 14 -3 -12 -27
38 -25 -3 -21 7 -17 -2 -2 17 -38 35 29 7 -2 1 2 -4 2 -20 16
36 -6 -22 1 2 -20 1 -24 17 -5 -9 17 1 -8 -27 -5 -6 19 9 0
29 -6 -8 2 -10 17 -13 8 17 4 23 -5 0 -10 -12 -14 -19 -8 0 0
-19 39 22 7 10 -13 15 9 -2 10 0 3 5 -33 0 -3 -29 1 -20 14
2 10 56 3 7 8 -5 2 5 4 -10 27 12 -13 -2 10 -31 7 6 13
46 6 -3 5 5 7 -31 -14 -22 -37 -3 -20 2 -7 7 -6 -13 -9 -5 10
-27 -18 -13 -3 20 16 -1 10 -13 -6 -15 -7 -10 27 -10 9 -1 -5 23 15
-7 -1 -14 5 -21 -7 2 -10 -7 -12 1 6 -7 -17 -21 -8 -22 -16 -1 2
-33 -24 0 -17 5 -17 1 4 -1 -3 0 -9 1 -4 -1 4 5 -11 -36 -26
0 -16 -7 11 8 -11 1 5 -16 8 -29 -19 -2 -8 -3 -15 -9 2 0 4
8 10 -4 7 -5 -23 -2 -23 -40 1 -16 -5 3 -9 12 -17 -4 8 6 4
3 3 6 4 8 -3 9 8 -7 -2 6 9 -3 -6 12 -23 -2 17 2 -5
-9 34 -3 8 21 -15 15 -9 2 7 -12 -42 14 -16 -13 19 -10 4 -13 -7
7 -6 1 -4 -5 11 2 6 -16 21 -17 -15 -2 1 1 0 5 -12 0 2
-6 14 -18 -5 18 9 27 4 11 -8 27 18 19 9 21 -9 2 -22 -5 1
-22 5 3 -2 -30 5 -25 -25 0 -19 5 -13 -7 -9 -11 -24 -10 -5 17 32
-13 1 -16 -10 -22 -17 -17 7 38 4 -13 -39 -23 -25 -29 -20 -7 69 -1 -12
-19 -19 -3 2 0 0 25 4 9 2 13 2 9 5 5 -10 10 10 16 13
8 21 11 -14 1 -5 4 -3 -9 -7 -18 -5 3 7 -13 16 26 -8 11 25
7 -21 -43 -4 -9 6 0 -14 4 8 -5 -18 -7 -3 0 -10 0 -3 -9 -12
15 7 -1 4 14 -6 2 6 7 -30 7 16 14 -9 9 17 2 -7 -38 4
-10 2 -6 -5 1 6 -25 -28 -6 -6 -2 -4 -7 7 -7 6 -18 5 -13 7
11 -4 -5 -7 -14 -22 -13 -24 -21 13 1 -10 -4 13 37 1 -20 -26 -14 -5
-7 -17 1 47 -9 -4 0 -3 -1 -4 -11 7 11 0 0 -35 -13 -1 -5 5
13 48 4 2 25 -3 1 7 -10 -5 -25 -3 -18 -20 -13 -13 -1 -16 7 2
-4 4 15 4 -5 -9 7 2 -6 2 4 2 10 6 9 12 -1 -1 -13 14
3 -10 16 4 4 -11 -2 19 12 -5 0 0 -10 2 -2 14 5 -21 -27 -16
1 6 -7 36 36 -8 2 -27 10 6 -16 3 -3 38 0 1 -12 1 0 6
-11 8 41 5 1 12 18 -2 7 -2 -10 -14 -21 2 -5 -3 -11 -5 -3 -4
4 -7 -15 -28 -20 -18 -18 -19 5 40 21 10 -18 3 -8 -9 -4 -7 38 -2
0 8 -13 -1 -6 -11 6 15 -6 -4 9 -17 10 16 -10 14 18 -8 -11 -8
-10 5 -10 -26 5 -3 -4 5 8 -9 19 -11 4 11 -3 6 -11 5 -30 -10
8 -19 -4 -2 -17 12 18 17 5 -11 13 16 6 15 -6 -1 -8 -10 4 -12
0 6 -17 6 2 -10 -2 -6 -10 5 12 1 -7 -16 8 -8 -7 -3 19 -11
2 0 -4 -25 -3 7 -15 -6 -1 8 19 -86 12 12 -99 0 16 -76 9 -8
-13 -14 -4 -22 0 22 -1 2 6 13 6 16 3 5 5 -3 -2 -1 -3 1
4 -5 3 -4 -2 3 14 -23 3 13 -32 0 13 -19 3 9 12 20 18 -18
-5 22 9 4 -20 0 -7 -16 7 -6 -17 6 -1 2 6 -15 -4 3 -3 0
16 -8 -4 2 5 1 7 0 9 9 -6 22 -25 3 5 -10 10 13 -31 5
6 -2 4 8 -9 0 7 -9 1 6 2 8 -8 -13 7 4 -6 3 -2 2
-7 -2 -2 -8 -2 -10 -9 17 12 5 4 7 15 10 2 9 -15 21 -13 -8
30 -16 -1 17 -16 0 33 -10 4 1 -3 12 -4 -5 -1 23 -4 -7 -6 -6
-22 -10 -24 -6 3 -3 9 -4 0 10 2 9 -11 1 7 11 -2 -2 -3 0
4 9 -4 0 6 -15 -8 12 12 -12 -10 -39 -5 -3 6 3 -7 -14 6 -11
-7 -8 -2 -7 -9 2 1 3 1 -10 11 35 2 -12 8 -8 -14 -9 -4 2
-2 16 -4 -11 -12 -13 9 -20 -39 100 48 -115 -4 6 13 9 0 -29 6 -13
-29 3 7 -7 0 2 -2 -25 -5 18 3 -1 16 -6 -25 0 -5 -6 24 2
-10 1 -1 1 16 -15 -13 28 7 -7 15 -9 -27 -5 -25 -40 33 -4 -8 10
6 -9 17 -6 -16 -5 -7 -4 0 -13 1 -1 -11 1 17 10 3 -5 -2 8
6 -4 13 27 -5 -7 -1 -3 -8 1 -6 20 17 -17 -26 1 16 0 -3 19
10 -30 -5 -2 3 2 -13 -3 -15 5 20 -3 -1 4 11 3 -11 15 1 11
2 0 15 9 -14 6 38 -3 -11 -16 -15 26 6 -10 -14 12 -2 -23 -4 15
-6 -7 -2 10 -1 -12 -3 3 -7 15 -2 -6 -17 22 -1 -30 4 5 -19 -5
-3 18 -22 -14 12 17 -6 29 23 3 -29 18 -13 -41 -8 -13 18 17 -19 -6
-21 -3 47 -7 -25 6 -7 3 -5 3 14 16 2 -11 -8 -6 -17 -10 -20 -31
-7 10 -4 -17 6 -2 -1 27 2 0 2 -5 -11 1 -12 -20 -6 25 13 0
-12 -7 -7 -11 -16 -13 -15 -23 -8 -9 -16 -13 -5 -4 52 27 -47 -2 0 14
-19 -3 11 -17 1 22 -1 25 1 -2 0 -7 25 18 4 -3 1 -5 -5 -13
-30 60 18 -64 15 7 10 -4 -10 6 25 0 -8 -3 -6 13 1 -15 -17 -33
4 21 -1 -2 6 -5 -6 1 -10 -7 14 -16 -3 6 -28 -25 27 -97 12 95
4 9 4 -8 -3 -12 -20 -10 6 0 8 4 -9 -20 -5 6 -8 -2 0 7
5 -13 -18 -10 24 -1 -17 -13 -29 -8 3 -8 -19 7 0 -17 -3 -13 -10 0
-12 -22 9 12 -31 7 -3 -10 -20 -16 -9 -23 -13 6 9 4 6 12 -4 -3
29 -4 -29 -4 -19 -10 15 12 -10 26 15 -15 -2 2 5 11 1 -18 12 -11
-13 11 18 3 -5 1 -11 -17 12 14 -5 -3 -6 5 -10 -3 26 13 -11 -1
-4 -6 -9 0 -15 -4 5 8 15 3 -3 -21 -1 16 -10 11 35 13 -18 4
-19 -2 3 -9 21 27 -9 -10 0 8 -17 -1 9 6 5 7 -13 -3 -1 6
10 -28 -7 5 -12 -9 -7 15 -11 -6 23 -37 -21 13 -2 22 -39 6 13 -11
-3 27 12 -5 -5 10 -4 4 26 -27 -21 20 11 -10 -27 -13 1 -20 -4 -13
-8 -4 -8 11 -10 -5 22 15 0 -6 -6 21 0 0 -3 -20 31 19 14 -5
3 -17 -2 6 4 0 -9 -12 4 6 2 -9 -1 -19 -20 -7 -6 -6 -4 -14
3 0 -17 42 30 -9 4 -3 10 -3 -15 25 28 -2 -4 -26 -14 5 -11 -9
-18 24 42 6 4 -4 -11 1 -1 -37 -3 40 2 -2 -4 6 -20 -12 11 -7
8 8 -10 -15 -8 -6 -14 20 1 -30 12 8 18 -2 -3 -3 -26 1 -4 -18
-6 -18 9 -10 -2 11 26 -17 -7 3 9 7 -1 3 8 -6 -7 -4 -6 -12
7 -7 -12 9 34 21 -3 -10 7 17 11 -5 4 18 5 -7 -2 7 -12 0
-9 0 -8 -14 11 -3 4 2 -7 -11 -9 -18 37 -10 -7 -7 0 4 -3 -10
11 0 -6 6 -6 -9 -1 3 -5 -10 -6 -11 -13 -2 13 12 20 -2 -5 20
0 -1 3 0 11 -1 26 -19 -12 7 4 -2 10 13 6 9 9 17 -2 -8
-4 -4 -4 -2 10 1 -13 -6 -1 -10 1 -8 2 8 2 3 -10 -14 8 13
12 -3 -22 12 20 -4 -3 -6 2 3 -16 -20 9 8 -5 0 -15 -5 -1 -8
1 -10 23 -2 2 9 -2 -10 6 12 -1 12 -2 -4 -7 6 -6 15 6 -2
-6 8 0 2 5 -2 4 0 37 -16 16 7 -16 -6 0 -4 10 -37 -32 -1
15 -5 7 -1 1 -6 11 16 2 -6 5 -6 -8 1 -13 -12 6 -11 -18 2
0 5 -1 10 3 -23 1 -6 0 -2 -1 -15 0 5 17 -7 -2 10 8 7
6 5 -1 -7 -6 -4 7 10 1 -6 -6 32 26 -1 -8 -6 1 -5 -4 -26
24 15 -8 -9 5 -3 -2 -5 -6 -26 9 -3 -2 -8 2 -7 0 9 10 -31
9 19 14 2 0 11 -2 -5 3 -2 -1 -10 8 9 -14 10 -3 -8 -11 29
-7 -17 -21 -17 -9 -7 -14 -9 24 1 -14 5 -10 -5 -6 -10 0 -15 -10 3
1 3 -5 2 -22 -15 1 -8 2 -10 -7 -9 -12 -13 0 9 -9 11 14 8
8 -9 4 6 5 -10 3 -4 -3 1 -7 0 0 30 6 -11 -9 -21 -8 9
-5 -1 -2 3 -6 0 -16 -1 4 3 9 19 7 -2 -9 -7 5 -2 -2 1
8 12 -7 -4 5 -6 -1 -1 -7 -15 -4 4 3 -4 -1 -5 -8 10 9 -1
-6 -7 -6 -4 -18 -21 -2 5 -1 3 -1 -5 8 -9 2 8 -3 3 -2 4
9 2 16 -5 0 -4 -11 6 11 -6 -5 9 -19 -12 -18 -1 2 -8 0 9
-5 -4 10 1 2 -6 -8 11 -13 -8 5 2 23 -6 9 10 8 4 0 0
-5 6 4 -15 6 4 -7 0 3 13 -10 -17 -19 -9 -3 -20 -20 -20 -8 -21
-14 -7 3 -6 -3 0 13 14 6 10 2 -4 -7 -6 8 8 -6 7 5 -6
-31 -7 6 -15 -1 -1 23 4 -3 -9 -14 -12 -18 -17 -3 19 -2 7 -21 -7
-4 -15 5 -3 20 -3 0 -33 -3 -2 -9 4 -1 8 -11 20 27 21 -13 14
-6 -10 -13 -13 10 3 -7 -3 13 4 -4 0 1 5 10 -3 -9 11 -4 -2
32 5 2 11 13 -1 -10 3 0 -30 -9 3 26 -3 -2 16 -9 5 3 -4
14 0 -2 -13 23 7 -21 -11 -3 0 -15 -2 11 -7 -1 -5 7 2 -11 -11
-3 -47 -15 14 12 -2 -13 4 8 3 -11 33 16 16 -18 -20 12 -3 -10 1
5 -13 -16 -11 -28 -9 -13 6 7 3 -17 -3 9 -4 -23 -73 -15 -4 -67 5
-4 95 27 -26 8 -6 -3 -24 -10 3 1 4 -14 -49 -31 -4 -46 -39 16 115
-13 19 48 4 32 74 -16 -18 -127 -23 -23 0 -10 -6 -24 -11 4 21 -7 -17
-4 16 -17 -3 -4 2 -11 -4 3 -10 -15 -10 6 -7 8 8 1 -7 -18 -13
1 -6 -9 -16 -24 -2 1 -3 -6 -5 2 -3 5 0 -30 1 20 -1 -9 -5
-2 3 11 -14 12 4 -4 4 -15 -2 -20 -39 -22 -2 1 -7 14 34 6 1
20 13 1 -11 -8 11 15 -5 5 11 -1 -13 1 -4 6 -9 -1 -1 -38 13
7 -23 -11 -10 -30 -18 -8 15 -5 -12 -15 -1 27 19 2 40 62 21 -2 -5
2 -8 -2 -5 0 36 8 -17 -11 2 -2 9 -3 -15 4 -19 2 -19 -6 4
2 18 -11 22 13 -1 -8 -15 10 5 -16 11 5 -12 -9 3 2 -14 -6 8
0 -40 6 23 11 4 4 16 17 0 -17 -12 11 4 -10 6 -7 5 0 12
-6 7 -11 -6 -4 12 -2 6 -26 -10 -7 2 4 -12 -6 -4 -18 -6 9 0
16 18 -2 -2 15 3 -18 17 33 -7 -11 0 -3 0 -6 -11 9 0 -14 -3
3 -6 -27 11 -8 -19 23 -5 -12 -32 -26 -5 -15 -21 -2 -1 -5 -24 -11 -22
-32 -4 -13 -12 0 33 3 -14 4 14 6 2 -12 6 18 5 -13 -1 -10 -7
-1 5 -17 -31 -23 8 12 -16 0 9 1 -16 4 -14 -2 -17 -1 7 -8 -8
-6 -2 -10 0 9 -15 -7 9 3 -4 24 3 14 9 9 -10 4 16 -11 17
19 -14 -8 9 4 -3 -12 -32 -38 1 0 -12 -31 -19 -1 -34 4 4 -4 -16
-23 0 2 6 6 -11 -22 -1 10 -11 -5 -7 -17 -2 5 21 -10 -19 8 6
-12 -4 -3 -2 3 2 -6 -39 9 7 -3 2 6 -5 3 3 -12 -13 13 18
12 -20 7 -5 -3 6 17 -5 -6 14 3 5 9 3 2 6 -2 -7 5 -23
-29 -6 -1 0 -12 1 3 -8 12 -4 -2 -12 -42 -4 -2 -25 -6 -7 -34 -18
2 5 -23 9 25 -1 -11 15 3 -4 -3 11 -1 -17 -17 0 35 39 -11 7
27 -1 -4 15 7 -4 8 8 0 -4 7 -16 -1 -4 0 16 8 -2 7 -9
-17 -22 -9 -22 -13 -1 3 -10 -14 -9 -1 25 3 -8 -1 -13 4 1 -2 -6
61 52 5 -17 0 7 11 2 -18 3 10 -3 16 -9 3 -2 -17 -7 -16 -22
-17 -8 0 0 -2 15 3 15 -25 -7 2 -11 -8 11 3 7 8 -2 -6 7
53 4 -14 8 -7 11 -4 -14 3 25 -5 -10 -5 -21 -14 11 -2 -17 24 -10
6 1 -18 8 -7 -4 -6 -11 0 -9 -7 9 -14 27 -23 -5 31 -29 -6 18
-31 -10 -12 27 -23 40 27 7 13 7 -11 -4 -2 -4 24 -13 -12 -10 -22 8
8 10 8 -40 4 0 -22 6 4 5 -6 3 16 -27 1 -12 -6 -12 -9 -29
7 18 -3 -12 -11 -13 -12 0 10 -21 -57 10 3 -7 8 -1 8 2 -2 -7
-5 -2 4 5 -13 -5 -11 -3 4 -4 -14 4 7 2 5 -1 -17 -16 -15 -10
-5 -8 -17 -2 -6 4 -43 13 3 -23 15 -10 -6 7 17 -2 31 15 -12 5
-3 2 4 19 5 -20 -8 -26 3 5 26 -9 -3 16 -22 0 -5 7 -1 -18
0 -19 -15 -10 -8 -5 -1 10 0 -9 0 -36 11 -3 -5 11 -6 2 -5 4
-8 7 18 5 -14 2 -6 10 23 26 -8 -7 5 9 4 13 4 1 31 17
3 11 14 -5 -5 -2 -4 -6 -8 -13 -4 16 3 -24 -12 19 -15 5 25 -11
-16 8 28 21 13 20 21 9 31 10 -3 -25 -13 4 13 -8 1 -36 10 -13
1 2 -7 -24 17 18 -7 -11 8 -3 0 6 -6 21 13 12 12 -16 17 16
2 35 11 -1 8 -4 -16 -18 -8 -12 7 -17 -9 -8 -5 -12 -18 -22 1 8
-28 6 -23 -26 17 1 -11 9 -17 12 2 -1 25 -15 -12 10 -11 -1 5 -8
11 17 -2 -3 -3 -34 -3 37 -14 15 33 -10 -5 2 2 -10 -17 22 16 -8
0 -7 26 -6 -7 15 7 7 14 9 -10 -13 14 -5 9 4 -9 -12 -3 -10
1 1 -24 -4 -21 -14 4 1 -4 -7 11 -18 18 -1 -9 -12 -5 1 -9 0
-3 6 0 2 -2 2 -16 -8 10 14 0 -5 2 -26 0 20 -13 3 34 12
-1 -5 -22 -2 -8 14 9 4 10 -13 -5 12 -13 -4 2 8 8 13 2 5
-10 3 -4 -1 -11 -16 -13 -9 1 5 -8 -7 -7 10 7 -10 -4 -3 -14 -13
-15 5 -2 -10 8 -12 -18 -2 2 -4 8 1 -16 -16 -16 -15 -23 4 1 -7
12 8 0 -2 -23 -4 -13 0 -11 12 15 1 5 -4 5 19 -1 -7 12 -3
-15 10 -15 -22 -5 -10 4 -17 2 -3 -17 11 31 -12 5 -3 7 0 -16 25
-10 -5 -2 9 15 0 12 28 4 1 1 7 12 -6 -34 -22 12 19 -2 -14
-1 15 9 -12 -27 2 -4 6 14 -21 -13 7 -33 -35 31 -6 -9 15 -9 -33
-7 -11 -48 -3 -16 -30 -3 -13 -13 16 -19 -7 -8 9 17 1 5 -6 -6 4
-2 -2 -12 -6 -7 -12 -11 9 0 -8 16 -18 -6 8 26 7 -30 9 10 -41
10 2 -1 13 13 9 5 16 15 -5 -7 -18 5 -9 17 -9 3 -14 6 -11
-7 4 -9 0 26 -9 -21 6 4 -14 -7 10 27 11 -7 9 -16 -19 -3 10
-17 -8 49 8 2 3 -11 15 18 -27 3 35 -6 -44 9 -1 -25 -15 -18 2
-4 -22 12 -5 6 -1 -7 -13 -3 -1 -11 -10 -1 -19 -2 -12 -6 -11 3 52
2 -13 -10 -3 2 9 10 6 -13 -11 13 -9 -6 7 -12 3 2 7 -7 2
-16 -7 5 26 -13 -1 11 -20 5 -2 -20 -15 -3 4 16 -17 26 7 -5 26
7 6 13 20 -33 6 3 13 5 -14 -3 -9 -1 -10 -8 -19 -3 -24 11 3
-9 34 -11 -23 4 -28 5 15 17 -2 16 13 -3 5 8 7 19 23 -13 -15
15 -6 -1 -14 1 7 -12 21 -21 54 12 -14 -8 -11 14 18 -1 -4 17 19
14 13 1 -9 5 18 -4 -3 24 -16 -22 3 -15 8 11 -6 -36 -13 10 17
-19 6 -24 4 -7 -23 10 -17 0 10 4 -13 -2 17 15 -17 1 18 1 7
-17 -3 12 -9 1 9 -9 -3 -12 -25 10 5 -54 6 18 -28 -4 -12 -37 -4
-1 62 -8 7 17 -11 20 -22 -3 -16 -33 0 1 -32 3 3 -10 -2 -2 16
1 -2 2 9 0 26 17 14 -13 -6 16 4 -13 1 -2 4 10 26 -4 -7
-10 -18 -17 27 15 -32 -49 42 8 4 -8 -3 15 13 -33 -25 24 7 -25 -2
16 -2 -18 12 -2 8 -17 -23 5 -11 -8 -2 -14 -4 9 -6 -13 4 7 8
0 -30 -13 29 -1 3 5 -21 -5 -6 -37 -16 -2 5 -5 -16 -9 -8 5 -4
1 26 2 -10 9 5 -3 -5 1 -6 -1 -5 -7 -17 10 -5 -11 13 2 -11
1 3 3 -13 -13 -2 -4 -23 -3 -3 -13 -9 16 25 2 -1 14 1 -3 2
-7 -13 5 6 -8 7 -4 2 3 17 2 3 -2 -14 1 22 -19 -1 8 -11
9 1 -7 -8 16 -22 0 1 -9 8 16 -19 -7 7 5 3 -8 -7 -15 -4
-4 -12 -6 -2 2 -4 -18 -5 12 -16 -9 20 1 0 -9 -19 -12 4 -10 -19
21 4 -1 -12 -13 -11 21 22 12 -4 8 9 -6 -1 -12 -10 -5 4 -2 -7
-5 14 -1 3 -10 -2 2 -1 -5 -8 0 14 -4 1 -3 -13 -17 -7 -2 5
-1 3 12 -34 -12 35 -18 -6 -6 -12 -5 26 12 -7 -13 15 5 -15 -9 -12
0 -28 -19 14 1 -14 -3 21 -15 -9 21 2 23 6 -5 -3 -8 11 -4 -15
1 5 -17 0 19 -8 -8 1 -33 -46 -8 3 -18 -14 -11 -13 10 -9 -13 -1
-12 -14 12 -1 0 2 -19 -22 14 20 7 -5 -10 2 -5 -4 -5 -2 5 0
11 -3 -7 -6 -24 -13 25 11 6 -9 -5 -7 -1 21 8 -29 -16 0 1 4
-11 -8 19 4 -9 -2 -10 -10 -29 -22 1 -4 1 1 1 -11 -15 -11 -6 0
-4 -21 22 -7 -1 1 -11 2 -7 -7 17 -9 -21 -1 3 3 5 21 -1 -20
-14 7 -3 -2 -3 -2 10 -9 6 20 -9 5 6 6 -6 -23 15 40 -25 20
27 -18 -13 0 8 -2 11 6 6 -4 -12 0 12 13 -10 -18 -11 -9 -6 12
-17 -27 -7 -2 -17 -6 -7 -17 -3 -5 -26 0 -14 9 36 -25 -12 7 15 1
7 20 -71 -32 15 -32 -21 14 -3 16 8 -7 -9 4 8 4 -9 0 -11 -3
7 -2 0 2 9 8 2 -1 6 -20 -1 6 -14 11 -2 0 -20 7 0 -7
7 -10 -14 6 -38 -11 32 -21 -6 11 -14 11 17 -24 -21 -23 1 3 -14 -16
2 6 -10 -1 -10 15 9 -12 -13 -26 -7 17 -17 -14 5 -13 -2 17 -12 15
-2 5 -4 5 -6 1 13 -20 -6 -7 -3 12 -19 -7 -7 -24 26 -4 29 -5
4 5 19 2 -10 -13 -9 -6 -7 12 4 -25 15 -3 -11 6 42 -14 15 3
-5 24 37 6 -19 11 12 -13 54 22 -21 17 12 7 10 -21 1 41 -14 5
18 -10 -2 -60 -31 -8 -6 5 11 -20 5 -3 -26 5 8 2 -19 2 7 7
-10 1 8 14 -9 12 6 5 -1 -1 22 -20 10 28 -17 8 -3 3 17 -32
-9 6 -29 12 16 -30 -1 -15 -10 9 -5 -27 27 -14 -38 13 -13 -16 4 5
9 20 1 0 11 -14 -11 15 -16 5 -8 -2 -17 -11 14 -5 12 3 -4 -16
4 -3 -9 -9 -4 -3 -2 -15 -21 -3 -8 -13 -2 27 -10 13 -22 56 -7 -10
25 -11 19 11 -1 -8 15 -13 7 7 -2 -21 -14 11 4 -27 11 -1 1 -5
-11 3 7 -2 27 -10 3 3 -8 -13 -5 2 -9 -33 2 7 -17 -19 18 -6
-5 -11 78 -3 -14 28 -3 -9 0 0 31 -20 9 0 -4 12 -26 7 -5 -10
-16 -8 6 -13 -8 -15 10 5 -11 17 -6 -8 18 16 10 -9 1 0 -15 -8
-6 1 -23 -19 -7 10 24 -16 -2 6 -11 2 -37 21 20 -41 -12 16 0 -23
-11 3 -6 6 -18 -9 -8 -7 6 -4 22 -11 2 15 13 -13 -3 7 -15 -27
10 -13 -11 -2 -7 -9 -28 -14 2 -26 0 22 -15 -6 6 8 8 -4 7 8
-18 -27 9 6 -16 -6 -30 -27 2 16 -18 4 8 0 11 23 1 -4 8 -5
-4 7 4 -24 -1 22 2 -26 17 1 -1 4 4 2 -6 -4 19 -11 3 6
-10 10 -26 -7 -12 -20 -2 -2 0 10 1 -32 -3 0 -36 13 -1 -23 2 6
1 5 -1 -17 -28 5 14 -14 -7 18 -13 4 17 23 -7 -3 -14 -19 -7 18
12 17 1 -10 -1 14 12 -3 -22 -9 -10 -15 -5 -5 6 15 1 -25 1 -7
4 -7 -12 6 -5 1 8 7 -22 -17 -12 9 -15 -2 -14 -16 15 -2 -9 8
21 -5 -6 -1 3 -20 -19 -23 -5 15 16 15 -7 3 20 1 14 4 7 23
4 -28 -26 24 29 -22 -9 21 8 -3 -4 -1 -5 23 -7 -9 3 -5 6 6
2 -2 -25 12 -5 -6 -3 -2 -5 -13 2 38 -17 -6 4 27 -5 0 0 -9
-13 13 -1 -21 -3 5 -21 -10 16 36 -32 -3 36 -13 -7 -17 -10 -2 3 -6
-12 -9 -8 -1 9 0 -12 -28 11 -16 -4 2 -13 -4 -4 -5 13 7 13 22
11 -3 0 6 -5 7 8 -20 -18 -8 9 -1 -9 4 20 -12 -1 32 -8 10
26 19 -2 27 -5 3 -19 -9 -10 3 -4 -11 22 9 11 -6 5 14 19 -5
13 0 -5 -2 -1 -6 2 9 6 0 -4 10 24 -2 -4 -4 13 5 -7 -24
-6 0 8 -14 -11 -16 -10 -18 -12 -17 -8 -14 -2 1 23 20 -18 -32 32 -12
-61 -18 3 9 -8 2 -14 -10 6 -7 -2 -7 -8 -7 8 3 -2 12 -4 -1
-10 -13 -15 0 -28 19 1 -9 -4 3 13 -5 -20 -9 -15 0 1 4 -6 11
-2 1 -19 -6 8 6 10 5 -2 -3 12 6 -15 1 -12 -3 -12 -13 -1 15
26 -22 6 30 8 14 0 2 -5 19 -2 -2 10 -8 0 23 19 -7 -32 15
5 -12 1 2 13 19 -4 -12 5 5 -15 -10 9 -13 4 60 -12 -15 -18 -23
-16 -7 -15 -16 28 -17 -27 21 -5 -8 19 -2 -8 7 8 0 1 17 6 7
-7 -8 5 10 -5 14 9 8 13 -9 -6 13 -19 -22 3 -19 -14 -14 -9 1
-8 16 14 2 -17 4 -6 -5 0 39 -10 -2 17 -22 -2 -9 0 -3 -12 3
1 -16 5 8 5 4 -1 1 -22 -16 -9 -2 -1 -15 -12 -11 45 -5 -3 36
-7 -12 6 -1 12 -28 23 17 -34 9 28 5 -6 -21 -29 11 9 -6 13 -6
1 -15 -10 36 -16 -5 16 -4 -18 0 -1 -3 2 -4 -5 1 9 -1 -10 -7
-11 -34 0 11 -20 9 12 -10 -16 -7 -10 12 7 -5 3 10 -14 -2 3 21
-21 2 17 -8 -4 -1 -2 -10 29 -10 -16 22 -10 -10 -11 -5 -12 16 -19 -28
-1 -4 -13 3 -9 3 -1 18 14 -3 -11 1 7 8 1 -5 17 2 9 1
-7 -7 -11 11 19 -14 7 8 -15 -1 6 6 -1 -14 11 5 3 0 13 -2
-19 -11 20 -20 -9 2 -8 -3 6 -4 -4 26 -15 -5 22 -20 -8 -10 13 5
6 -1 -15 10 -10 -8 -29 -13 3 -4 -11 5 -20 -18 -1 -2 3 -4 -19 6
2 18 2 -7 3 -15 -7 -5 2 7 15 1 6 12 1 -10 21 -15 -10 -11
4 -6 -17 15 20 -25 -6 5 1 -8 -3 3 -10 1 -4 -21 13 7 -11 -3
-11 -4 6 1 -16 2 -5 -14 11 -1 -9 -6 10 -12 -12 -4 -8 7 -7 -17
-4 12 -23 -4 -9 19 17 1 -16 -16 5 -35 -15 -3 -5 16 -1 -8 -3 7
-16 -8 1 -4 5 -10 -10 -10 -1 -7 5 -5 4 4 -5 0 7 5 0 -2
3 -6 -2 -8 -3 -9 1 9 2 -7 -2 3 4 -1 -5 7 6 -2 8 6
12 3 9 4 5 10 -5 2 -13 -11 8 10 -9 5 -4 -15 2 5 -6 -4
-9 -17 1 -10 9 -2 10 6 -4 -9 -18 -3 -9 -6 -9 11 8 -1 5 8
1 -5 -9 1 -16 -15 8 -7 -16 -2 -20 13 2 4 5 10 -11 -9 8 -2
-11 -2 2 1 11 -11 -17 -3 3 7 4 0 2 -1 4 -4 5 10 2 -1
-11 -12 -4 -10 -2 5 4 7 -1 1 21 -11 3 1 -5 8 -2 -5 -14 -17
6 -10 -12 14 -28 -43 -7 4 -1 1 -3 1 -12 8 13 8 8 -19 -6 -7
-1 2 -2 1 1 4 -1 -6 6 -4 -13 -30 -6 -17 -21 7 -3 5 5 12
7 -2 -7 -17 7 -11 -8 -6 9 12 -7 -2 -4 -2 0 -10 -4 3 4 5
-7 -21 0 -1 1 3 12 -11 -9 -5 15 13 0 5 12 12 16 -3 8 -8
-24 -2 -3 3 -9 -31 5 -5 -3 -6 4 -6 2 -9 8 -5 -6 -11 -21 4
-2 -4 -8 7 4 -14 -1 -25 -8 -14 -6 7 -23 -3 13 -9 2 9 -6 -7
8 9 -3 -6 -11 -5 -3 13 15 -1 18 11 -23 34 -10 3 -6 -4 -6 -13
-12 1 -6 -3 -5 -7 -1 2 -14 -21 14 -10 6 1 -14 -11 4 -23 -7 -2
-32 -4 -8 -1 12 -21 4 30 10 -16 16 3 -14 -4 -1 6 9 6 -32 -9
11 -4 -9 16 -7 -19 7 -19 0 -1 -11 5 -15 -4 6 -1 -12 16 10 8
1 -8 -6 -10 17 21 10 -18 2 10 -62 -17 57 -27 1 24 -2 -2 -9 -4
-8 -9 -7 -14 -1 -9 -10 -5 2 -4 8 -3 12 1 -1 -3 -6 16 1 -17
20 19 -1 17 7 -1 -4 0 -2 -9 8 4 22 -12 -15 39 20 -19 0 0
-19 -4 -6 12 -31 -12 28 -22 -15 8 6 10 2 -19 10 2 5 4 3 -9
-13 6 26 -5 -18 9 -12 -2 -3 -4 -1 -18 -14 -17 -11 25 -2 1 -15 -4
-4 13 4 -19 -6 22 -5 6 14 10 5 23 -7 -24 9 5 -11 3 -1 -9
-6 1 -12 -17 -17 8 5 -10 -13 10 -5 7 -1 -3 -9 1 6 3 3 -8
-4 -4 -4 -18 2 0 -16 1 3 -21 -5 -10 4 3 18 3 0 -3 25 -12
6 -12 -8 70 14 -30 5 -6 -54 0 10 -5 16 -12 7 8 6 4 -13 3
4 -10 6 29 -18 16 5 3 1 10 7 -9 13 -2 -8 -16
