-7 -14 -3 -32 11 7 6 15 -20 6 -8 -2 10 -2 21 13 4 3 3 7
-14 8 -32 19 -37 -10 -3 -30 -6 -2 -23 8 -9 -18 -15 7 -6 4 -10 -15
2 3 -21 1 15 18 -11 1 29 -12 3 9 9 2 3 15 3 -37 -44 36
-8 5 -41 -18 -7 7 -5 48 -6 -1 -17 6 -11 1 -1 6 21 -26 -31 37
0 -25 5 -21 -9 -9 -40 -11 17 -16 6 -5 -22 1 -5 -6 9 10 17 -31
-28 10 -13 1 -6 -23 -10 12 -14 6 -11 -12 12 -1 4 17 5 -9 -43 -12
-11 -8 -6 -23 -15 -4 5 13 -4 11 -10 -9 6 10 8 16 6 -6 -7 30
-30 -11 5 -10 -14 -1 -25 5 0 5 -17 12 1 13 5 5 -10 -19 1 3
-19 2 -8 2 -2 -20 26 -2 4 1 5 1 -1 19 6 -27 5 15 3 30
11 -16 -8 19 31 -7 2 21 9 -3 20 6 -7 -4 -2 1 23 -19 -6 0
6 3 6 4 8 0 -10 23 -8 -29 11 -9 -8 -2 1 -43 -29 -20 -2 -2
-6 8 -10 30 -30 4 -5 -2 -5 -5 -22 3 10 43 4 4 -3 -13 5 -8
5 4 -12 27 0 8 2 -8 10 -11 6 -10 -2 -2 6 13 -3 -21 1 9
0 -8 9 -6 -6 -19 -3 1 -13 0 1 3 1 4 6 -6 4 -12 -3 -30
4 -4 2 -6 12 -9 -11 5 -11 -8 -2 10 -13 16 -9 -2 -6 -16 -17 1
2 6 18 9 -10 -18 -1 -4 1 1 -8 -20 -4 4 11 -13 5 4 0 -31
-10 10 1 10 -5 5 -12 11 -1 -14 -7 -13 -9 -9 -2 -17 0 -1 4 1
-4 -14 -7 7 12 0 -13 -10 -11 1 1 -8 102 -19 -6 7 1 3 -11 7
5 27 3 -5 -7 12 30 127 -9 -9 9 -32 -7 -24 -23 14 -7 -3 -10 -14
-20 -16 -3 5 -15 -2 -11 25 2 5 5 22 2 -10 28 24 31 2 -15 9
4 5 -1 2 45 11 -16 -28 8 7 10 5 29 1 -12 13 4 9 10 5
-6 5 -9 -2 -5 -24 9 -2 -5 -31 2 5 -4 -3 4 -18 -2 6 4 -19
-1 9 -15 -8 10 -13 26 -2 1 -8 27 -8 -8 9 2 6 7 -1 0 -38
3 -22 -5 6 -10 8 8 -1 -6 -23 -7 -2 -6 4 -15 -4 -1 12 -2 -23
-10 9 -22 -9 -17 -4 9 -5 -25 7 -11 15 -13 0 -13 -1 -3 10 5 0
1 9 13 3 11 3 2 -6 -13 -8 6 2 -15 -7 2 -9 3 -3 7 -9
-4 17 5 17 -17 -4 -18 2 17 13 12 4 -6 -2 13 8 -4 -1 0 -1
-19 17 -6 7 10 8 5 7 -3 17 -17 -53 5 16 0 -4 -2 -12 -6 1
7 -5 1 0 0 -1 0 22 -12 15 1 -3 -9 -1 -9 9 3 -9 -5 -10
-2 4 2 6 1 1 13 -22 -2 10 -2 2 13 22 2 6 -3 -6 5 6
-2 2 -1 1 -4 -2 11 1 -9 4 -12 -12 -11 3 14 2 -11 -5 8 9
3 17 -18 12 -3 1 5 7 -7 5 1 6 8 5 14 -10 1 0 2 -1
-7 -48 41 -3 -10 -8 -2 -14 -4 -2 8 -20 0 11 -24 8 8 -10 17 -8
7 5 7 -17 -8 9 8 -13 3 26 -17 9 -18 -13 -23 -5 -7 -19 -22 3
11 -19 -17 -36 -4 0 -52 -14 2 -19 -19 4 -14 -4 -27 5 6 1 -18 9
-2 7 -23 27 -17 -2 -5 17 2 -4 -7 9 59 -6 7 -28 -7 -3 -2 -27
-30 -7 29 18 -9 1 -2 5 3 1 -12 27 -12 -7 -8 -5 17 4 -17 4
-6 -3 2 10 10 -32 31 -2 -4 16 -6 -18 -9 -8 10 19 -38 27 2 19
-6 7 -16 -10 40 42 -17 -6 -4 -6 7 3 -7 2 3 -30 -6 -2 -31 -15
-10 1 -10 -6 -4 3 -23 0 -9 -11 12 26 13 -6 -6 1 -10 0 -5 -2
-3 -9 -4 -5 -4 0 1 -23 15 -5 -4 2 10 2 -11 -1 25 -3 1 10
-1 0 2 21 -17 -5 20 -1 7 -19 -13 14 -2 -11 -7 43 7 5 -2 10
-2 12 -8 7 5 -17 -4 -6 3 4 0 16 9 -28 15 -9 19 3 -6 10
24 -8 1 5 -1 -5 -7 29 -10 -10 -15 6 -16 -21 1 8 -5 4 8 19
-1 0 3 2 4 -3 0 -1 0 3 -4 -34 -3 10 4 -17 1 1 1 -21
-7 2 -8 12 -3 4 17 13 9 -14 16 -13 -2 30 -3 -4 -2 -3 -10 -26
-5 -5 -17 -28 -14 28 33 -7 -10 -5 11 -5 0 0 -18 -17 -41 6 -23 -5
-4 7 -13 15 -22 -8 8 -11 -8 -14 5 7 -13 12 22 -3 -6 -12 -19 -23
-10 -15 20 48 12 -7 -25 3 -8 26 2 -6 -4 10 25 -16 -14 -10 -20 0
-6 -17 -16 -30 -9 -34 3 -25 -17 -14 3 -14 16 -5 -15 31 -4 -16 19 -8
28 25 -10 28 -12 6 -5 -2 5 4 -8 3 -13 -11 -10 -14 -3 -8 41 -22
25 10 2 -7 -11 12 -2 0 4 2 6 12 3 -1 -8 3 -3 2 2 -5
-1 4 -2 5 -2 0 4 18 -4 -1 2 1 -6 -3 4 -4 0 3 3 3
-6 -2 -6 1 12 0 3 -4 5 -4 2 8 -1 7 0 -6 -2 -5 4 -1
-2 0 -2 -4 -8 2 13 -4 -2 -2 -9 5 -7 1 -9 2 9 -4 -2 -2
-1 -4 -4 -4 -4 -5 -2 3 0 4 2 4 17 -4 -9 6 -15 1 0 13
19 0 -13 15 -2 -9 3 1 16 20 -5 -109 -9 1 -2 2 -4 2 -4 -4
-7 44 -3 3 -3 5 4 32 7 -1 -1 -1 7 11 -13 13 4 -1 -1 -7
-10 1 -2 17 -17 -15 -63 -2 6 5 -14 -2 -9 -9 -4 -24 -5 5 -1 1
3 12 11 -13 -4 7 8 -9 6 6 2 5 -2 4 -6 -1 -11 19 1 18
1 -8 -4 0 3 -2 -5 8 -18 2 -16 -5 -6 -17 1 15 -2 -17 -22 3
8 1 0 2 -8 -1 -13 8 -8 -2 9 -10 -6 3 -1 -1 -2 -24 1 -1
-3 -5 2 4 -2 -13 12 -8 19 -7 -1 5 1 -1 -7 -2 2 -7 6 -1
6 3 -13 -17 -5 -2 2 32 -9 7 -5 4 2 6 -1 16 4 4 -5 -6
-5 -4 2 0 -3 1 5 2 -1 -2 0 -16 -9 12 -18 -3 -3 -6 5 8
2 -5 4 37 6 9 5 -1 14 -6 -2 -2 -1 3 -12 -2 -5 -5 0 -7
1 -4 4 2 -3 -11 7 -3 6 1 -6 -2 -2 2 1 7 3 -3 -8 -1
-1 3 -3 11 -5 9 -2 0 -4 -7 38 1 -4 -10 -4 11 7 2 -19 1
-3 -10 -3 3 -4 -2 -12 7 4 13 -6 -2 -60 6 -1 -6 -10 3 -8 21
2 -7 3 -2 -3 2 -3 11 35 -6 7 30 -2 -4 -1 10 -4 -68 -7 -12
3 -8 -1 26 0 -15 1 -9 8 -4 -12 -2 3 7 -3 -2 -3 2 4 -17
29 -6 1 -2 -3 -1 -11 -2 7 -1 11 -8 0 7 11 4 -16 3 -2 -5
2 1 -2 -16 9 4 -12 -5 31 -2 7 -7 -5 -32 -10 -11 -4 -13 -12 17
0 13 -4 -8 -25 -1 30 -1 -13 -21 -2 12 0 -19 -6 -3 9 -1 15 -1
6 -15 1 15 0 -5 -50 -6 2 -1 -6 27 -2 -16 12 -4 1 -8 12 -12
19 -9 1 4 11 -3 -4 -20 -12 -14 14 7 -32 11 21 2 6 2 -4 -3
-6 -2 2 -8 -1 18 -3 -10 1 -5 4 -8 -2 -2 3 -4 3 0 -8 3
-12 -1 1 14 5 -9 16 -4 7 4 0 0 8 4 -6 4 -13 -1 -4 32
-9 2 0 -5 -19 5 3 3 10 6 -4 2 0 7 -13 0 10 -4 -2 -1
3 -5 4 4 2 -30 1 -4 0 0 -3 10 4 6 -10 -6 6 0 4 -12
-4 -1 25 -11 11 0 -9 9 0 2 4 9 -8 -4 -3 -8 -1 -10 -7 -20
-4 17 -5 10 7 -1 -4 -12 36 6 9 -8 17 -5 7 -4 -4 3 2 4
10 13 2 45 -12 5 3 -15 2 -2 5 14 4 -45 -6 5 3 -12 5 39
1 6 0 4 -3 3 1 3 -1 -10 2 6 7 2 -19 7 5 1 21 -3
-4 -1 5 -2 17 10 -12 -27 5 0 -1 0 15 1 -7 3 0 -4 7 -2
-2 1 -13 -3 -4 -4 3 -4 6 6 -2 2 8 3 0 -11 2 -2 -6 -10
13 -13 -3 6 1 -6 1 1 3 -3 -6 -6 1 -1 -10 6 8 1 3 6
4 3 -2 7 2 0 -4 -11 -2 8 -1 7 -4 -8 1 -6 -45 5 -2 -4
-16 -7 0 9 -1 0 14 1 7 -22 -4 78 -4 2 -3 -2 -5 6 1 -11
8 72 1 6 2 6 -2 -38 10 -7 9 9 8 11 13 -29 -9 2 0 -18
-4 -30 -7 -5 -5 2 24 7 -2 -18 -7 -4 -18 13 2 22 6 -1 -3 -18
0 -24 24 -14 -9 -5 -9 0 -15 9 37 2 2 -22 -10 -9 10 -3 -14 -31
-31 2 -2 -10 2 -2 -18 -13 -17 16 -4 -18 -3 2 8 -8 -4 -3 -11 -2
-16 13 -4 5 -4 26 2 32 -2 5 10 -12 3 -9 -14 -10 -7 -4 15 -2
25 -4 -18 52 8 -2 -14 9 18 -3 5 2 0 2 4 5 18 11 -15 4
-11 2 12 6 -2 1 2 22 2 9 -10 -5 1 -2 6 5 -4 12 0 -1
29 -20 -6 -11 -3 -2 -3 32 -4 -1 -32 -15 -8 3 28 -28 -11 5 8 -2
-45 6 -10 -2 3 -11 2 0 22 -11 -25 -1 4 -7 0 -10 21 -4 -8 -9
7 -7 6 4 0 30 -1 -9 0 -9 3 12 -6 -2 0 18 -16 -14 -1 21
16 16 -13 -3 1 9 29 -26 14 -9 -7 -18 13 -19 2 49 9 9 -24 22
11 -24 -4 20 -18 -6 3 19 1 -10 26 -22 18 -5 -3 5 -4 1 0 -2
23 1 -1 3 -3 6 9 4 -5 -9 6 27 -5 2 -7 -5 -10 26 -1 -12
3 -6 -6 -4 -7 12 0 -3 -25 -5 -4 -16 -3 0 -12 -19 20 -2 -33 -19
27 0 7 7 -11 8 6 -3 12 -12 2 -12 -7 3 2 -2 19 15 8 3
7 5 5 -1 16 2 -39 32 -2 10 -14 -9 19 27 11 -1 -8 5 -15 -31
8 5 -6 -29 17 -30 -6 -35 -17 7 -23 38 -9 4 8 7 10 19 4 -3
-3 -7 -15 15 -5 9 15 -21 3 -12 -6 10 11 0 -36 19 23 18 30 13
-16 -2 4 -44 -12 -15 -15 -16 6 8 4 -5 -3 4 27 7 3 7 7 21
8 -14 16 -7 3 -16 -7 3 8 8 -41 -40 -12 -9 -9 -4 5 -4 -6 -56
-5 10 -12 11 7 13 -52 38 -11 -13 -18 -12 5 -6 -12 2 35 -3 11 -10
9 -14 0 -10 -26 -10 6 13 2 5 6 -7 3 8 -59 18 4 6 -10 0
-6 -4 17 -13 -24 -6 4 38 8 3 -12 -30 12 -9 -34 -8 -27 -8 -20 34
-7 1 13 -26 31 10 -1 -3 6 -16 3 2 -13 11 -51 -15 30 -9 26 33
-5 -9 4 1 0 5 5 48 -4 6 5 20 -1 3 16 4 -7 1 -8 -3
-29 7 18 -9 6 4 -17 0 6 -8 6 18 19 -36 -17 -3 4 -11 -17 -5
-3 -10 -14 -10 22 12 0 -14 -5 4 4 12 -6 -23 5 5 2 -8 24 -49
5 -3 5 3 26 1 6 -15 -10 -2 -18 -2 -21 2 -12 5 1 -8 1 -10
-7 9 5 -39 -12 -3 4 2 5 -24 -28 15 43 -5 0 -8 -10 1 -5 -16
15 -13 -12 8 -4 -8 -25 -3 7 -5 -1 -1 -2 0 9 6 6 21 16 -22
5 -14 5 -5 14 -22 -15 -1 -5 -14 -11 34 25 -3 -11 -15 29 -12 14 19
-16 1 -3 19 -35 -15 7 -4 12 3 -19 2 -11 -2 -3 -25 4 2 11 27
-30 3 -8 -18 10 -10 8 18 -16 -2 -6 -16 12 2 2 4 -5 0 -6 -1
1 -6 26 -16 -23 -3 1 -27 1 11 -2 8 11 0 -6 27 0 2 13 -1
1 10 2 8 9 9 4 -2 7 6 10 -4 -14 -2 8 -8 0 -17 3 21
18 7 2 -16 1 -1 1 -4 11 5 -4 4 8 -6 4 -16 1 4 -19 17
18 5 -15 -14 -3 -9 8 1 -7 14 7 -9 -2 8 -3 10 2 -2 -5 -21
0 5 4 -28 -2 -2 10 3 11 0 -16 -13 -26 -3 7 -7 -3 -17 1 -3
-20 5 4 20 8 -2 8 6 -35 19 -7 -9 5 -4 -5 -11 -6 -4 -2 2
28 -22 -14 -23 6 -10 5 1 -5 -18 -15 -2 -16 41 10 -6 -20 -15 -1 -5
-16 9 -1 4 -1 -13 -47 7 10 9 1 -2 -19 -14 -23 0 20 -5 -32 6
-1 -16 -24 -16 -18 18 50 -6 -3 0 0 20 7 -21 -32 1 -41 2 0 -25
-10 -20 14 -35 -18 -15 16 -2 3 1 -8 -8 35 3 -1 12 8 5 -12 5
-7 7 -44 10 8 -3 -31 -6 25 25 -39 -15 -6 -2 13 22 7 8 -3 -25
-8 18 5 3 -2 -12 47 -3 0 -10 6 5 -1 -7 -3 -1 -26 8 22 -1
-2 0 -21 -30 26 -6 -11 -10 9 7 7 4 4 -3 7 -8 -3 15 0 -37
-7 -5 -15 -8 0 0 5 -2 19 -4 -10 0 -10 -11 -5 9 -15 3 4 -6
-3 -7 -2 5 -2 -9 9 23 -23 19 11 11 1 -19 -7 -21 2 10 -2 -23
2 -6 -13 -1 7 -2 -19 -17 6 -4 -11 -4 1 -4 -7 4 17 -10 -2 6
-8 4 2 -30 8 9 25 -16 5 -5 3 10 1 -5 -2 21 34 -6 2 7
3 8 3 1 9 -1 -21 -2 5 0 -1 2 2 -14 11 -2 2 -5 -10 -1
3 -6 -7 -4 -6 -7 -5 -4 0 18 -11 -3 -18 3 10 -6 0 9 -6 5
9 6 2 -27 5 -19 -13 6 11 -12 16 3 16 -3 -7 -3 11 14 2 14
-7 9 -10 -1 19 0 5 0 4 5 -4 -14 4 15 -12 -10 -8 -5 1 10
1 -10 -6 18 5 -4 8 12 9 1 -11 -20 1 18 -24 -31 -5 -12 18 17
4 -11 3 5 0 5 7 11 3 -2 -6 3 1 2 -1 -30 -9 4 -16 -11
-7 6 -10 1 -5 -19 0 14 -1 -15 -4 -16 -6 3 4 -1 0 6 18 4
-9 1 3 0 8 7 4 12 -1 4 3 23 5 7 10 14 15 2 -6 2
-3 -5 8 5 12 -15 -3 -20 -3 8 -11 7 -6 -2 -15 -38 -26 -1 20 -9
1 -21 -13 1 43 -13 1 -37 -1 -2 1 10 -2 -3 -25 -2 10 -4 4 2
-27 -12 -22 -31 5 2 3 -6 1 -2 0 2 -3 -19 -13 4 -8 10 -9 3
7 -8 -15 -7 9 12 -24 -16 17 14 -4 -16 -19 -11 -11 9 2 2 -6 -4
-7 0 2 -4 7 -8 -5 -10 -8 13 23 21 -3 0 -17 -12 16 -4 9 -23
-7 -22 -10 7 1 3 -21 1 11 -15 -4 -11 -2 0 4 -14 10 -3 -5 7
-5 1 -3 1 2 -15 -20 33 -5 -23 -3 1 -14 -13 -6 -15 -39 7 15 -12
-15 -10 -28 22 35 -2 26 37 -1 -5 -35 -2 -8 -10 22 -32 15 1 18 -1
22 -9 -24 -42 0 35 12 20 6 -22 41 -3 -53 -14 14 5 -14 8 2 1
-33 -17 -2 -9 -13 5 3 -3 22 -1 -21 4 19 3 44 25 5 -13 1 -6
-11 -9 -53 3 -5 -18 5 -3 5 -33 -16 10 -10 -19 13 -38 -21 16 39 -52
31 -12 5 6 2 15 -13 5 12 -7 -14 5 -15 9 -27 -15 -51 13 5 -5
-15 -19 8 13 3 -12 -4 -5 16 -3 -47 21 -27 22 9 -15 2 -5 14 -1
13 -2 -7 -7 9 2 8 -11 2 -7 -11 11 12 -2 3 -6 1 -2 2 5
-5 -3 1 -73 -5 -15 -2 -1 -22 0 1 -1 0 9 9 -5 0 1 -6 6
13 -12 -1 -1 -3 -25 -1 -5 2 6 -6 4 5 10 0 16 1 -27 15 -1
5 -17 -1 -15 -3 1 -7 32 0 -2 7 4 -9 -10 -3 0 14 7 -14 4
5 -1 8 -1 3 18 -17 8 -19 -5 3 8 8 2 -7 12 -50 0 0 -18
-3 1 -23 4 -4 -16 1 -13 7 5 -11 32 -4 -5 -2 1 -7 3 4 5
3 16 0 44 -11 2 3 -12 -6 -5 4 0 -19 1 -19 3 -20 3 -5 -6
8 23 9 8 1 0 -12 9 -7 -3 -16 23 3 -1 -8 4 -10 -11 -10 -14
-18 -4 5 1 2 1 7 -2 16 9 4 -4 2 5 9 20 24 -8 7 -36
-13 -1 3 6 6 7 -20 0 -7 8 -18 9 1 7 2 16 -55 2 8 -7
-15 -13 0 -8 3 -16 15 5 -7 -24 4 0 -4 -6 1 9 -16 10 -3 9
7 -4 -6 29 -1 -9 -3 1 -26 -3 -27 -13 -32 -32 1 -1 -2 -10 -5 24
16 -6 -3 9 -3 9 -1 1 20 6 -3 33 0 0 -11 3 16 9 6 -14
-2 5 8 8 11 4 -15 -6 -6 5 26 13 -9 -4 -1 17 -8 2 15 2
2 4 -7 -14 16 -13 10 2 -17 -4 0 -11 12 -7 2 29 -13 6 7 1
11 -6 -9 -32 3 -4 -1 12 8 9 1 21 -9 17 1 3 23 10 -42 13
15 16 -26 -26 -57 -3 14 2 16 3 -22 9 9 -4 18 8 4 -2 -5 13
10 40 -2 -6 -30 2 12 -1 6 0 -16 23 -31 -4 -11 -13 21 -5 2 7
1 -20 -13 -13 15 -4 10 19 7 18 -7 -24 21 -5 -10 -3 13 8 -1 -1
8 -2 12 1 0 2 8 -2 5 2 13 7 2 9 -12 -1 -14 2 22 23
2 1 2 3 -16 0 -2 25 -1 4 10 12 2 2 23 -10 1 6 4 -11
9 2 13 4 -11 9 18 7 1 -12 -4 13 -8 8 5 2 10 7 0 3
-22 5 -4 10 1 -3 1 10 4 -10 -13 12 -5 4 13 16 4 21 9 -1
5 8 -1 16 -1 4 1 -4 3 8 -4 -2 14 4 7 -2 6 -2 11 -1
6 -1 -11 -7 7 3 7 0 4 9 8 1 14 4 -19 11 1 9 -1 -9
-1 -13 2 10 7 13 -3 -2 10 6 10 -1 13 30 10 -26 -7 -9 -15 8
4 7 17 -20 3 -13 52 16 -10 -9 1 -2 -1 -1 -8 -7 -15 -3 -10 3
-25 -1 8 16 -12 -11 -9 -4 10 -10 2 44 0 -5 12 -7 -6 -10 -5 40
-23 17 -2 -10 -10 -11 -2 -18 5 -6 -17 6 -10 -11 -7 29 0 -11 -29 -2
7 -14 -18 12 -5 9 -7 -13 -9 30 -2 12 -1 4 2 13 -3 -13 -23 -9
-46 -10 6 -23 -14 8 4 -21 6 2 -6 -37 -1 4 -20 -2 4 1 16 -19
0 -23 -3 4 -1 -6 -13 -18 1 -16 2 4 4 -16 2 41 -3 12 3 3
-14 -15 -6 -14 5 -1 -5 18 2 5 -5 -2 -28 -6 -3 -16 2 4 6 -5
-13 -8 -7 -26 -15 1 3 12 6 19 -8 -12 6 10 8 -1 13 5 7 -24
13 2 3 -1 -3 -16 -11 -11 -21 -3 -16 6 -3 2 -7 -4 -25 13 -28 3
23 -4 8 2 8 2 43 -13 -18 1 -2 -3 6 -9 -17 -7 -8 -22 16 8
-3 9 13 -12 10 -10 -1 -2 5 -7 11 2 -21 0 28 -7 7 -15 -4 0
-10 7 17 -8 -29 -5 19 0 9 -2 -15 5 -4 -10 7 22 4 -1 -8 -12
-19 12 -1 -19 -9 -9 -4 2 -3 28 -23 -35 28 -19 7 -15 -22 8 0 -8
-7 -55 27 -25 -6 -9 -32 5 -8 18 -20 -10 -25 8 -13 13 -2 -1 -37 -10
-5 15 -11 -35 21 3 -15 -21 19 0 3 11 -25 15 -11 20 -30 27 16 20
6 -22 -18 6 -26 2 -43 -15 -20 -13 -2 23 -11 -19 -5 -3 52 17 -35 20
-5 2 0 -6 -23 -26 -2 -14 -29 -1 -10 -29 -20 -17 -32 13 -4 4 23 32
-11 -12 -5 -42 9 14 -41 -7 -23 34 -45 -15 0 -16 14 -10 -3 0 -27 2
-13 -15 12 -25 -13 2 -27 -2 -19 -22 55 -10 16 17 8 20 46 6 -8 -20
3 10 20 -5 -7 -3 16 10 8 -13 7 9 -8 -13 -6 1 -8 -14 -3 6
-13 12 -2 5 -7 -9 -2 16 7 -5 -15 -6 -22 7 -12 -14 70 1 3 0
5 -2 8 -4 35 -6 9 0 7 -10 -3 -4 -16 17 -10 -13 -7 -3 -10 25
-4 -3 -21 3 -38 15 -19 9 12 7 -11 3 -5 -13 3 -19 -7 -9 -5 23
-2 12 6 -78 28 -11 -1 27 12 -11 -4 -12 10 -14 -1 14 4 5 -6 4
14 -4 -9 -4 -10 -4 2 14 2 12 14 -19 22 -3 20 9 -31 -8 -6 -5
-9 -13 15 11 24 -1 5 21 -12 -13 -9 -17 5 10 -31 27 9 -10 -25 10
2 8 11 -13 14 -2 10 -2 16 11 9 13 -3 -6 -12 -8 3 5 17 -6
4 -3 24 14 6 14 7 -4 6 -3 20 11 -7 -14 7 2 -5 5 -3 -49
46 -4 13 -1 1 11 -36 8 0 8 -8 10 13 7 11 10 -3 9 4 8
21 0 -11 -1 -5 -9 1 -2 -17 12 -47 -4 -22 -2 6 -2 -13 -21 -10 0
-12 3 -41 14 23 -6 0 1 -24 -24 11 -18 18 12 13 1 -5 1 -3 -1
-14 -16 29 9 4 -7 7 -5 2 8 9 -10 5 12 6 -10 11 -2 -3 3
4 -8 14 -15 -7 -9 -22 1 9 4 15 2 -23 10 10 -2 10 -2 10 -6
-11 -2 -1 -20 1 1 9 1 5 3 -17 25 -18 8 -15 6 12 -25 3 -8
-6 5 7 -14 2 1 -5 -37 10 -8 25 12 -6 0 6 -1 6 6 5 17
1 1 -7 -3 -20 5 4 21 1 2 -3 1 -5 9 -1 -3 -7 8 22 13
18 -15 6 9 -12 3 -18 -27 35 4 -1 -35 11 -7 11 -6 5 -1 -1 0
-8 13 4 -5 -6 -10 0 -3 19 2 7 -7 0 17 12 -38 -4 11 -7 0
23 -5 1 -48 -3 -8 4 12 -1 0 -18 15 -26 1 -22 68 2 -4 2 1
30 -3 6 12 -4 -7 -12 -2 -6 -4 2 2 -23 -5 5 8 -6 -7 -11 -42
19 4 0 -4 0 6 -10 -31 -13 2 -1 22 4 -7 2 -11 10 -8 6 -5
-17 0 10 -5 2 -9 2 -22 -8 -7 19 -1 -16 -4 -5 5 7 -5 25 -9
2 4 -8 -24 0 3 -28 9 -24 6 -5 -2 -7 -2 0 11 -10 3 -15 -37
-6 -13 -5 -6 -13 4 -7 7 8 3 -11 -8 -7 -1 -9 -9 -19 13 -17 -2
-11 4 -7 27 -4 -8 6 -14 0 -8 -10 18 9 12 10 -1 6 -1 7 1
15 -19 20 13 16 14 -28 19 -12 0 -8 -25 8 3 10 -5 18 2 -10 -3
4 17 12 0 0 13 6 -16 14 -9 -5 8 -4 -9 5 3 -11 -4 -4 -2
1 19 -22 4 -16 7 32 2 -3 -4 14 -8 4 3 -1 29 0 15 0 -1
7 -23 -11 5 2 -18 -7 1 -7 -9 7 -12 -6 6 2 7 22 -15 -7 7
-9 -13 1 11 19 -4 -22 29 -14 -5 -7 -9 24 -6 4 -18 -8 13 -4 -14
16 -5 14 -18 -14 -22 -6 4 7 6 -8 -7 -20 -5 4 -6 -4 3 8 11
3 -2 -6 -5 11 11 15 -18 0 2 -4 1 12 -7 12 6 2 9 21 14
-2 8 6 6 -18 1 13 13 5 4 4 -4 18 12 -10 3 -11 11 -5 3
-1 11 1 6 13 2 14 12 7 8 7 11 -16 16 1 -6 -7 -4 17 -4
8 -9 -8 0 -6 17 -1 -5 1 -7 13 8 0 3 14 -1 8 -1 1 -1
12 3 10 -6 -9 1 18 8 -11 4 14 -3 -10 12 -1 3 9 13 10 -3
-3 13 14 -6 -2 13 -9 -8 3 -1 13 -11 -16 1 8 3 -3 -2 9 -5
17 4 6 8 -7 -1 -2 4 8 5 -5 -49 -1 -27 2 22 37 -14 11 18
-1 -13 -25 -7 0 -7 17 12 16 13 9 -16 -7 -2 1 -9 11 1 12 39
-5 1 -18 27 -22 -14 -21 -10 -3 -39 19 -3 -32 7 -4 -4 -6 -13 -14 1
-22 -9 20 -27 18 -23 3 4 0 -11 -68 29 -7 8 -19 16 -13 10 1 -34
-6 2 -16 -22 6 -3 7 -9 -29 -9 -12 3 21 -5 -1 27 -10 17 -1 -37
26 -2 2 16 -17 22 17 4 13 26 -1 0 -14 -5 19 -4 -3 -2 -2 13
32 42 -12 25 -10 -17 -19 27 -21 -10 5 -2 1 3 -7 -35 -14 7 -21 14
-3 -22 -55 -33 -11 -10 -5 20 -6 0 4 -3 -20 -4 4 -5 -11 -5 -1 -3
-12 -11 -3 2 0 -3 -15 -6 5 -3 9 24 -3 -18 3 -5 3 19 -6 -11
2 -8 0 9 -5 -14 -4 -8 -9 9 7 2 11 9 -17 -21 -8 13 18 -16
6 -6 5 -21 -17 -13 -4 11 -1 17 5 6 5 12 3 0 -6 18 -21 -12
3 -13 9 -10 -3 0 -16 -10 11 2 -2 -8 0 31 -18 -1 -15 -9 -3 3
10 -11 -8 -1 -4 -14 -6 -4 13 3 -10 -23 -5 -5 -10 -19 -7 6 -7 23
1 1 -2 -14 19 9 -10 22 16 15 -5 20 -16 15 35 31 -4 5 4 6
18 -1 0 -31 27 16 -3 -9 17 -1 -5 7 10 5 4 13 -9 -2 -48 -17
-19 13 -1 -11 -7 -34 -12 14 -29 -6 -6 7 4 -4 -1 -31 20 9 -6 7
-23 0 -19 -1 3 20 -20 -24 -25 -5 -11 1 -3 2 -7 -12 -2 29 -13 -12
-2 10 -29 -7 -8 -1 1 16 -60 -5 0 -32 9 18 -10 -20 -12 -1 -6 -28
36 7 -20 -9 -4 -3 11 -6 10 -3 -3 -1 1 0 -5 -14 -3 4 19 -12
1 1 1 21 20 -11 -4 1 7 -3 -2 62 -18 -4 -4 -9 -11 7 -2 14
-1 -9 -41 -43 -4 -5 21 -11 -13 -9 18 -2 14 -3 6 20 12 2 -30 17
31 10 -2 30 10 0 15 -78 21 19 -1 16 3 -2 18 1 44 -21 -13 -7
-13 24 -8 1 -4 16 23 2 34 19 -1 -12 5 8 6 28 -24 10 -9 7
36 -8 -1 -49 15 -4 42 -9 17 -18 7 -6 19 32 19 29 35 -19 2 -3
-3 24 8 -5 18 -10 -9 -10 -4 -3 17 -4 -14 5 -1 1 -7 1 21 -9
-5 -2 12 -10 -12 21 12 15 -2 24 -16 15 3 -10 -1 -12 -5 -13 11 17
1 -3 1 -17 -2 9 25 25 29 2 4 16 -4 16 10 -7 -3 -3 -9 9
-1 -7 -6 2 19 12 2 -1 11 -6 -2 7 8 3 -8 -7 -18 16 -8 5
-5 -1 -2 -12 8 1 7 -12 2 -1 4 -13 7 5 6 -7 -11 2 11 -9
-9 -12 13 -17 -6 14 0 -13 4 9 12 -5 -2 3 14 -9 -2 4 -4 3
0 5 -13 -2 1 7 13 18 -44 10 4 24 27 10 28 -8 -1 7 16 7
-7 8 17 9 -3 0 9 -24 -5 4 2 17 2 43 3 -7 1 -1 3 29
5 -23 -1 10 -18 -10 -5 -6 -1 -11 -9 -24 -4 21 3 28 3 -21 11 10
5 2 38 -7 40 -12 5 -26 -31 1 1 34 2 16 1 -5 -12 1 12 50
-15 -4 -49 3 12 12 36 8 -21 -14 -20 -8 -9 -2 -6 -4 -11 -18 -14 -9
-10 12 -12 -33 -84 -45 41 -54 -1 -33 -18 1 0 -29 -7 10 -5 36 18 1
-25 -12 -6 -29 5 6 9 32 11 -10 -21 -23 -23 -21 -9 35 -5 5 40 3
27 12 -37 -6 -11 30 3 -8 36 -7 15 -14 -22 -8 8 -22 -4 -21 -7 28
22 -18 20 7 -13 2 11 -1 4 -21 -6 8 4 -36 -13 -19 -7 -11 3 10
-5 19 -16 20 -15 0 13 -34 -14 -16 23 5 47 0 -6 -42 11 -4 -3 -11
16 -12 -20 28 35 -5 -15 -2 -11 -18 24 -35 28 8 -2 1 -9 6 -8 -18
-4 -40 13 12 -18 -11 -7 3 -6 5 8 -5 -9 7 5 -25 -5 2 -26 -39
-9 -1 2 -18 7 6 18 5 -1 -25 -28 -11 10 3 3 34 -21 1 -39 26
-9 0 -5 -16 -5 10 -2 -12 21 10 -16 -23 15 28 19 -2 3 18 -11 -10
3 -8 13 -48 3 11 -2 -15 32 -3 70 -13 18 -14 5 -15 -2 -15 -16 35
-8 10 3 2 0 1 -1 9 3 -15 -4 7 20 8 -5 19 2 0 -10 5
-26 7 3 20 -10 4 6 12 -1 -10 -6 0 -16 -6 5 20 2 -1 -7 7
-27 -5 8 -7 1 -44 10 22 19 -6 12 18 6 4 9 -2 8 1 16 6
-1 9 -10 -17 1 3 -5 6 16 8 7 3 -7 -5 -3 11 10 -15 11 5
3 -5 3 -7 -9 7 10 -28 -9 -2 -1 5 36 17 3 5 -10 -5 1 32
8 8 -10 3 20 -20 -4 -17 -1 4 14 14 -5 0 2 1 2 34 -6 9
-7 1 -14 4 7 4 4 8 -15 -15 -5 -17 18 12 -1 -1 0 -36 20 22
-15 -5 32 -14 -8 -8 12 5 -18 -3 -4 13 31 5 6 -2 1 2 18 -4
-10 -11 -4 -9 1 -10 6 -6 -42 -29 1 -13 6 3 10 -43 -35 -2 -15 -12
8 4 -12 19 -21 -11 39 -5 38 3 -22 22 -6 17 10 -5 -28 -6 0 10
-24 11 -4 -8 10 14 -10 0 5 7 22 -11 -15 8 8 -12 26 -2 -9 -26
2 -24 -10 12 0 -21 3 6 7 0 3 -6 14 -29 -3 -17 -36 -3 22 3
17 -21 -14 26 -13 4 7 -6 -12 -2 1 6 -20 -33 11 -11 1 15 -4 -1
6 10 5 -10 9 -6 -1 -5 22 -5 8 -26 -7 -5 21 4 -3 14 -11 -15
0 -2 -5 6 -23 -14 -11 13 8 -2 9 -2 13 -11 17 -23 18 -6 14 12
-10 -6 4 25 -12 7 1 -12 2 0 -6 8 8 -17 12 -11 23 17 -7 30
-1 6 11 10 -14 1 -8 8 7 -1 -3 8 18 -8 7 -6 -3 20 -10 -10
6 10 -43 2 6 -8 3 22 -6 -4 -6 3 18 6 16 -18 13 -10 -3 8
-8 0 -3 19 0 -8 -9 20 5 10 10 -33 -3 -1 -23 0 12 4 -16 9
-4 7 3 -7 5 -2 0 7 -1 6 3 -3 -4 6 13 2 10 -5 -17 17
4 -1 7 4 -12 -1 -7 24 2 -3 -3 -2 8 2 -5 -12 3 2 4 -9
7 2 8 1 9 2 0 -4 -1 -6 4 -8 -9 3 6 3 8 4 -1 -2
7 4 -4 -8 4 2 -7 -21 3 0 11 0 17 -1 2 5 8 5 2 0
2 -1 -5 -10 2 1 -5 -1 -5 5 -4 -3 0 1 11 -2 1 -4 1 -8
-34 1 13 -7 -2 -3 12 5 9 1 11 -10 1 1 3 32 5 -2 -4 -3
-1 3 3 4 4 3 0 1 1 2 6 0 -9 -14 -6 2 4 12 4 -16
-2 -4 -46 1 1 -2 18 32 2 -7 8 8 3 -10 -1 -33 -6 -2 -2 -3
-10 3 6 -3 1 8 10 12 -1 11 0 3 -14 -5 1 1 -5 -11 -3 -12
23 -13 7 18 -10 3 0 -30 -12 -11 -5 -6 -7 12 -29 -10 0 24 -3 -6
1 -4 -20 5 -2 -1 -8 -19 -8 24 -30 -17 10 -7 12 28 4 -31 -1 20
-22 -9 8 -36 -10 13 3 24 2 -2 -27 18 8 7 -8 -5 -16 -16 0 7
-11 16 -10 -23 5 -3 1 7 -6 -7 21 2 6 -11 22 17 3 -6 -7 5
-4 13 -3 18 3 6 -2 3 5 -9 -7 6 16 -26 2 3 1 -1 -10 8
-13 2 -1 22 -7 0 10 14 -8 3 5 10 2 15 3 6 3 -3 -27 0
26 -10 1 0 1 -30 7 -6 0 -5 -2 0 -8 6 -15 21 -11 9 4 -3
0 -2 26 39 -5 -1 -2 -8 12 -3 13 -6 -10 7 -4 52 1 7 -17 11
8 12 9 16 4 6 -4 -13 31 -10 -1 18 11 -2 3 6 -45 2 -10 -13
-7 -11 2 15 -18 -2 -3 -6 -2 -2 -7 -90 -3 -1 3 12 5 -5 -9 -20
2 -2 -2 -23 -12 -7 -6 -9 -1 -6 3 -10 2 10 -11 -11 1 -9 -19 -5
-22 -4 34 -12 7 6 11 2 10 -9 7 17 -9 -11 -3 -1 -15 6 -8 3
-4 -1 0 -1 -8 4 -8 9 2 -2 1 -14 4 -6 4 -4 -3 -16 -7 12
-6 5 -14 27 0 2 8 -4 -1 1 -18 1 10 -1 -12 -26 4 2 -9 -1
-10 -10 -8 -3 0 7 14 -6 4 -4 10 -1 1 25 10 -7 4 2 -2 -2
-16 -1 2 10 11 -17 14 -33 -8 -2 15 -3 4 -4 0 -15 -9 9 -2 -7
5 -9 3 0 -2 -4 7 -3 7 5 -16 15 -11 -21 -2 -2 3 17 11 -6
-2 -1 5 0 5 -13 30 46 43 2 -3 -11 1 4 6 -8 -38 5 8 -9
14 21 1 3 -10 3 28 11 6 1 -4 3 -5 10 23 28 -21 -29 10 -5
3 -7 3 -15 3 0 8 3 12 4 8 14 -15 14 -19 6 8 -2 -26 -5
-5 -9 16 10 0 14 -23 -7 -4 2 -3 9 2 5 -2 6 5 4 3 27
16 -16 -25 -2 -10 0 1 1 -28 3 2 -4 2 12 -8 1 -9 -12 -7 3
3 27 -3 -7 -6 1 12 -15 0 0 9 -9 -8 -7 -4 0 1 -11 8 -21
10 5 17 -2 -22 26 4 -16 -7 5 4 3 1 -1 -18 2 -2 15 16 -22
3 6 -2 10 14 1 2 10 -28 13 4 -18 -18 -17 10 -6 -8 -4 7 -2
8 -5 -9 14 -4 -12 -12 -10 2 31 -18 -1 -10 19 4 42 4 3 19 6
-18 26 -7 3 17 -4 0 2 -5 1 -19 13 -1 13 -1 -1 -2 -8 -12 6
-15 -1 -7 0 -20 -12 -19 15 -4 10 2 -9 24 -4 0 9 18 1 -5 -27
-4 -6 -3 14 -3 -13 4 -8 -6 -14 -1 13 -16 -11 2 10 6 -4 5 9
11 14 -12 -2 -4 6 10 5 16 7 0 -3 -25 -12 -5 33 -3 5 13 15
3 -4 8 14 -2 -1 15 -77 -6 14 9 -1 -2 -2 -16 -3 6 0 8 0
11 13 -16 8 14 9 -15 3 1 -11 9 23 2 6 0 2 11 -9 8 19
-2 3 6 -41 -3 0 -3 35 7 1 -21 5 -12 1 13 33 -7 8 -17 32
-23 2 0 -2 22 -7 18 -14 15 24 -58 18 -3 7 12 13 8 13 10 -8
21 0 4 -16 11 8 2 7 -1 6 -15 30 -7 14 -17 -5 8 1 -3 -16
7 0 -16 13 5 22 21 -19 -7 -29 17 5 -5 21 8 -11 -7 -5 6 -3
-14 -7 -4 0 37 -6 -7 -13 -11 7 32 32 34 -2 25 -3 2 19 24 0
-5 -3 20 -24 19 11 5 21 2 4 15 -9 6 10 3 -5 -11 0 -5 -27
-67 -12 22 9 -4 5 -1 6 -2 -27 -6 2 4 5 -5 -9 -31 -24 -14 -15
3 -6 -24 2 -7 -4 -12 -20 36 9 -4 -5 -6 -12 4 -8 -7 -16 -2 -11
26 9 12 32 -1 2 -24 7 -31 1 -18 -28 -11 -12 -1 38 -1 12 -2 5
-13 5 13 10 22 0 -8 -12 -1 -3 12 1 3 4 1 8 13 -42 -1 -6
-5 -10 -15 -8 1 -4 2 1 -11 18 -1 -13 -3 18 -8 -20 6 -23 22 -52
-18 -9 39 16 -7 -10 8 3 -4 3 -7 -26 -24 2 -2 12 3 7 -7 8
-5 6 -7 8 -3 5 -2 12 -16 -14 2 -2 4 21 -1 4 -4 6 0 -17
5 10 -9 17 -45 17 -41 -11 -2 5 9 25 10 -3 -19 -1 -30 -2 -19 22
-2 22 0 -14 0 20 21 2 7 11 -4 -10 -8 -6 10 -5 -1 -1 1 -44
3 -11 -1 -55 -12 -6 -1 41 1 12 9 -1 27 6 -2 7 -10 3 -5 26
10 -5 11 10 4 18 -10 -12 15 -12 4 49 -24 -5 9 -3 26 -6 -15 5
4 8 2 -13 -7 -9 9 -1 -17 0 0 -15 5 4 -13 2 -43 4 19 -13
6 -3 4 -2 -41 -1 9 -17 3 13 18 0 -11 -5 10 5 35 -8 -10 -5
5 -29 2 14 -39 1 -7 -2 8 9 5 3 18 -24 -3 3 12 -12 38 1
5 -9 -1 2 6 -4 1 6 -2 -15 -9 25 -17 16 -26 -2 -2 7 16 19
-7 -21 -5 -4 19 2 -6 6 -2 9 -7 -27 2 -13 -10 7 -18 -1 9 8
-105 -17 -5 -3 -13 -2 7 55 -1 -1 -14 15 19 29 -9 1 6 -2 -10 -12
-12 -7 0 -4 -13 -16 5 -11 3 7 5 -28 -1 8 -8 34 1 -2 30 12
-2 2 15 15 -4 -6 -2 -4 -5 4 8 -4 -14 0 -5 -13 -2 7 6 4
-16 -7 -25 -7 -11 5 6 8 -13 -18 -2 6 -28 -4 -6 7 -6 7 -1 -11
-16 -7 -22 -12 -15 -3 8 -12 -8 -6 -14 -18 -16 -6 9 -21 2 -15 3 16
5 6 -35 -13 5 -17 9 -26 -2 2 -2 -6 27 -1 -10 -15 -1 -1 5 6
20 -3 -20 -4 16 -19 -11 0 7 10 -5 21 6 0 -11 -21 14 -8 -2 -12
-7 0 3 -14 -4 9 21 1 0 8 6 -15 -4 -15 3 -13 1 2 3 1
-5 36 -12 -25 -24 11 -9 -5 2 -23 -1 3 -32 -2 0 -13 15 22 16 -2
32 -10 -1 -15 7 -3 7 5 -8 1 5 -13 4 20 -2 5 -7 -20 9 3
-30 -18 0 16 -9 7 0 -16 2 26 8 3 -1 -4 -25 7 3 -15 3 10
-17 -2 -7 -1 13 4 3 8 15 -15 27 -3 0 0 -11 13 -15 -17 6 23
-12 11 -6 -14 12 4 5 -15 34 -2 -22 10 40 9 -3 2 15 4 2 1
1 -2 -2 -28 0 4 -8 -12 39 17 -6 -4 0 6 -2 6 29 -8 2 -4
17 19 -13 6 -8 -4 -18 -3 20 -11 5 -34 -52 -23 3 -14 11 -11 -7 2
-24 -4 -9 2 -9 8 9 19 5 1 8 11 -13 18 33 9 -4 -9 20 -16
-8 -18 -13 -10 29 14 -16 -16 -4 -4 -6 -26 14 -6 25 -7 -10 -13 -22 -3
4 -13 -9 2 -10 -1 8 -1 5 15 5 2 -16 -5 24 -24 11 10 -60 -7
-31 -14 -16 7 -23 -1 0 -34 -3 -3 -7 36 11 -28 9 3 -6 -29 -5 -3
-17 0 -10 -10 0 -40 -18 -4 -2 -7 1 -20 -3 -19 -8 -22 -19 22 -12 -2
14 9 1 15 -16 -2 26 -17 -35 33 3 -29 -4 -2 -1 7 7 15 -44 -2
22 -11 -6 -14 0 5 -24 -5 6 3 -9 1 -22 12 9 -4 -7 8 -2 3
-2 -10 -9 -1 18 -15 8 3 10 12 10 7 7 -3 -5 6 27 11 8 12
-5 -1 2 -15 -14 8 -15 -13 -28 -9 9 14 -14 -1 24 -16 -23 2 -18 -3
7 -2 0 9 8 -35 22 -10 -21 41 -17 25 -6 1 8 -15 -21 -6 7 32
7 -3 16 29 -2 -3 -5 9 -23 1 -36 -13 61 -41 17 0 10 -1 9 -9
-4 -5 -6 -8 -8 -12 -8 -2 9 4 18 -5 15 16 -7 7 -5 -9 -2 10
-4 0 2 4 -1 8 -15 3 5 -3 -13 7 3 -1 3 12 6 -1 -4 62
2 -7 -5 -3 10 1 -2 14 0 -1 -3 -1 -6 4 8 9 7 3 0 1
9 26 7 10 -2 -6 3 0 2 -4 4 10 -1 13 -14 -4 3 2 9 11
-4 -2 14 -31 0 -2 -1 -9 -1 -1 1 -3 -11 2 1 -7 0 -7 10 2
-4 2 -3 -14 19 -3 2 -8 -15 0 0 15 43 3 2 -14 -2 -1 -5 3
-32 21 7 -2 3 2 -2 -28 4 0 5 -16 -1 -6 3 -2 -6 -4 -2 -42
8 -7 0 6 -8 -11 -6 -21 5 9 9 20 -11 35 -10 -50 3 -14 32 -1
11 0 -1 2 1 -2 14 -2 0 -1 2 4 9 -9 0 -6 0 0 6 -12
-23 0 -30 5 29 34 19 -21 -14 -24 -8 4 -31 -7 8 12 -10 -9 -15 29
40 -15 -30 -6 -14 -10 9 -42 -9 8 -42 -22 4 -5 6 15 21 14 -2 12
-3 -2 -3 -7 5 -13 9 2 -15 25 2 -9 -5 -15 -25 -4 -16 -8 7 12
44 -2 -20 -36 8 16 11 -3 1 -57 -7 -33 -1 1 -11 -13 -4 11 -14 -25
-4 -22 -11 19 1 3 -11 29 26 -17 -12 5 3 -9 16 13 -24 -6 -12 18
-16 -9 3 -8 0 -15 -4 -1 -1 -24 -3 -1 14 -9 -11 -3 -19 8 0 39
-2 -19 -9 -5 -17 2 13 16 -11 -12 5 9 -2 3 6 7 -7 16 -11 -4
11 -14 -9 -4 0 -6 -3 -4 6 -1 -3 -12 -12 -2 6 -9 -3 -4 -1 -13
-5 -6 -3 -23 5 -17 0 1 0 -6 -3 -4 3 -6 -9 12 -2 10 5 -5
-7 -15 -7 9 0 19 4 -2 -6 -1 -1 -1 -7 -30 -4 -5 -9 -6 1 3
3 -15 31 16 -2 1 -8 -31 31 9 -10 -25 -16 2 -6 -1 -8 6 -1 -23
5 7 -23 -4 7 5 16 2 9 -4 -11 -7 -1 -4 5 -5 -3 -7 4 11
-5 -3 27 0 5 -4 5 -20 4 3 4 1 7 3 -5 13 3 -5 -7 0
-7 -1 11 -5 7 0 17 5 3 1 1 -10 -14 -7 -7 -11 5 6 -4 3
-3 20 -7 -9 2 -2 8 4 -6 -2 3 16 5 1 -7 -2 2 9 -6 6
-4 14 0 8 1 8 -6 2 8 1 3 0 7 -29 -1 7 -5 5 -7 -7
7 -4 6 2 9 8 0 4 -1 5 -10 -1 11 2 -1 3 -5 -3 13 11
7 -5 4 0 2 4 -14 25 -11 2 -2 -6 -4 6 1 7 5 8 5 -14
19 4 1 9 0 7 19 -2 -28 1 5 14 -7 1 0 4 -13 9 16 4
3 10 11 -2 1 -2 28 -2 1 6 2 -1 -1 -9 -13 -2 -25 7 6 6
3 -2 16 -14 -23 -9 9 -11 -22 -11 -6 -1 -1 -17 -2 -6 -1 1 2 -15
-6 -16 8 -26 -5 12 -7 -2 4 -1 1 -6 5 -4 -13 7 17 5 -4 6
-4 -3 13 -12 6 4 -12 6 -4 4 11 -3 -6 4 -3 -5 -6 -6 -16 -1
2 2 3 10 -2 6 0 -1 -5 0 -5 -17 5 0 1 0 0 6 -3 9
4 9 -2 30 -1 -24 9 24 -8 -7 -9 -23 2 7 -2 13 -26 27 9 2
11 13 2 -15 -5 -3 6 3 3 15 8 9 8 -8 7 -3 4 -20 -14 4
4 -3 7 1 -14 7 17 10 -3 -7 -4 -2 0 12 -7 -11 6 9 2 -4
-10 10 -3 2 -12 -4 -2 -11 -3 -8 8 -3 -3 2 4 -4 -9 2 5 -7
-8 -18 6 6 -7 2 2 -22 -13 3 8 17 0 18 -8 9 2 8 0 -7
-2 -6 -8 -11 0 -4 5 -5 15 10 -3 -14 -15 -1 -9 -6 5 -7 11 -9
0 7 -5 2 4 -4 -2 -7 3 13 -13 -6 1 4 -10 -15 -3 5 3 -1
-1 7 -1 3 -7 -4 -18 7 6 11 -4 7 3 -4 15 -2 4 3 7 -9
8 -1 -9 -3 -3 2 -7 -1 14 -4 4 -6 -4 -1 5 5 0 3 -3 -1
-9 14 -11 -4 -10 2 4 5 -1 11 -21 -6 3 -2 2 -2 -14 -1 -15 1
-3 1 -9 4 25 3 -25 10 -4 4 -17 -10 0 12 0 8 -3 5 4 -3
5 5 -4 0 7 12 6 -17 1 14 18 1 -2 -2 6 -1 0 14 2 -13
1 2 2 -12 -5 13 8 -6 10 2 3 -4 -3 1 26 6 2 -21 8 -12
1 -5 -12 4 1 2 -3 -2 9 4 5 4 4 16 16 6 3 12 -16 10
3 -6 -4 4 0 -21 25 -2 -6 -13 5 -10 -2 -9 6 -8 -13 2 2 -2
-5 -5 -34 -12 -4 4 -7 6 -10 -6 1 8 7 -6 -7 -12 -17 -26 8 6
-10 -6 5 8 -18 5 -11 -8 2 4 -21 2 -18 9 21 -4 -11 -2 7 -10
-3 -1 -11 -11 2 -12 11 7 2 15 -2 -6 -1 -12 -12 14 -2 -1 8 1
-11 10 -5 -14 9 -9 -3 -6 -8 0 -9 3 6 18 -13 -8 2 14 -1 -11
-5 19 -4 16 -11 -8 -8 5 1 -7 -4 -3 16 -9 -8 -15 -43 8 -1 -20
14 0 -22 -34 2 -9 21 4 3 -5 -2 3 6 29 -18 10 -4 51 -10 -11
2 2 0 0 7 9 -10 4 18 -6 -4 3 -14 -40 -2 -2 1 2 5 5
-6 7 3 -3 41 2 8 -1 -15 60 1 -12 -16 2 6 0 -11 -12 -24 -18
-4 7 8 16 12 -2 -5 -3 -5 -5 -15 5 -4 8 10 -6 -6 -3 17 12
-14 0 -2 -1 6 0 -7 7 -1 -72 5 -1 -5 9 -66 5 3 2 -6 -11
2 12 -4 -8 -6 -8 -17 -8 8 4 -3 -32 -5 -2 5 3 -12 11 1 -10
2 -9 0 -19 2 -7 -12 3 7 -3 0 26 4 8 4 -8 -15 1 -3 -16
-8 -7 7 11 6 -1 -2 -7 -2 4 -11 -3 -4 2 9 0 1 -1 -2 28
-1 -1 -8 -1 -18 7 0 12 -18 26 -23 -2 0 19 17 13 -15 -4 -3 3
-6 11 -6 -4 16 -7 1 12 3 -8 3 -14 -13 -3 2 22 -11 -10 1 6
3 4 -4 -18 19 -1 -22 13 5 -6 -9 -11 -4 -16 -1 7 -2 -6 5 0
-1 -9 -5 10 -5 20 -8 9 -13 7 12 3 11 9 6 -3 -4 0 -7 -25
-4 22 -3 6 -14 -2 -14 -2 -5 -13 3 -35 -7 -12 0 4 -6 7 -14 -38
-16 -6 -12 -18 -16 8 -10 9 -3 -4 -16 -16 -3 -8 39 17 12 -13 -19 -19
-7 22 -16 -26 -1 35 2 -13 -4 -13 7 14 -32 -14 6 -3 -4 8 -5 0
-7 -4 -32 7 11 -5 -4 -1 4 7 12 -4 -8 6 5 -4 -2 6 -1 27
7 9 -22 14 14 -7 8 14 -20 2 -11 7 -21 11 -7 -10 -9 -1 -3 -6
-2 13 -5 -20 15 -11 -9 -20 22 -6 -9 3 11 7 1 -2 7 -3 1 -28
-7 -11 -8 -2 6 -9 -16 5 0 -10 9 11 -2 -13 2 -13 13 13 -9 18
-4 -4 4 3 6 3 -19 1 0 -4 8 0 6 -9 -19 -11 -7 -4 5 3
13 -9 3 -1 -9 -17 6 3 -8 30 -7 -7 -7 -4 -5 -1 2 -4 1 -21
-12 -14 -15 -9 -12 -6 8 8 -10 -7 11 19 25 -6 -2 -10 -5 -1 -1 5
8 -14 18 -12 -12 15 -5 23 -20 20 -8 -29 3 -7 16 -13 0 8 7 20
-19 12 -2 -9 -7 -8 -24 -5 -4 13 10 15 -6 -8 -10 -12 -5 -15 -5 2
9 4 -19 -13 2 10 20 -24 -4 1 14 -10 8 2 12 -8 3 -11 -6 -31
-11 0 -21 7 -10 8 3 9 -1 8 -6 -4 17 -1 6 -8 1 6 -1 -20
2 11 5 -19 -3 -9 -6 -15 11 5 -42 35 4 -6 -14 -10 11 -3 9 7
-9 -3 1 13 4 0 8 13 -3 -2 -4 -8 33 14 -1 0 -4 20 16 27
9 -4 -2 0 5 1 -9 6 10 0 22 -15 -5 14 -10 16 -5 -4 7 2
15 1 13 -7 -7 -11 4 -3 -6 -6 -12 -14 1 6 3 -2 2 13 3 3
3 6 8 4 -17 8 -4 -10 -27 -6 8 12 -26 -4 1 13 -5 -2 2 8
9 5 -5 -8 -5 -19 1 -3 15 5 -8 -6 11 4 7 11 -1 -5 2 -2
-6 0 14 6 -4 1 -4 -3 2 -1 8 6 -2 -3 0 6 5 -1 -7 13
-2 1 12 6 -18 -8 -9 3 4 1 -9 12 -4 -1 13 -2 -5 6 -6 -2
-12 12 9 10 -1 1 -7 -3 3 7 5 4 15 -1 16 3 7 2 -1 -2
-23 -3 16 -5 4 -2 -9 0 7 11 16 -2 -6 -10 -6 3 1 -12 1 -1
7 -9 8 7 3 17 -7 -2 9 6 -6 6 13 -18 1 2 10 -6 2 -1
-1 -5 0 -17 7 -6 -3 11 4 7 5 13 15 0 -2 -2 -15 -6 3 -18
0 2 10 12 11 -7 9 3 1 0 -6 -1 6 1 -14 2 4 -8 -1 -9
4 -12 10 -4 -20 10 -1 0 6 -6 -13 -10 2 2 -10 11 -17 -1 -8 -5
11 -12 -8 6 -12 -6 -2 15 15 6 6 0 6 11 0 -18 -9 -5 6 -10
-7 -4 -5 -21 5 4 1 7 1 0 9 0 3 7 -4 5 -8 -2 -20 5
1 2 4 9 -12 -13 1 0 -4 -13 10 -8 9 22 -3 2 -4 5 -2 -1
1 -2 -16 19 -15 -3 15 -10 -24 4 2 -20 -13 -12 11 -19 -4 32 -19 -8
8 -4 4 6 -9 7 -4 -19 -13 10 11 -28 7 34 17 -21 11 -18 -12 13
22 -2 22 -8 21 -4 9 -11 17 1 -1 -13 20 -11 7 -4 8 13 -12 -2
-12 -14 -4 -2 -44 -11 5 -12 10 0 -2 5 -25 -3 7 3 23 6 8 -19
1 -4 -10 19 2 9 12 5 -31 0 -10 12 28 -1 5 -22 -12 -2 30 -1
-16 2 5 8 -4 10 16 8 1 4 6 14 13 -18 -5 -8 4 -12 26 -17
-8 -21 -1 5 -13 7 -12 -16 -13 44 0 -2 3 1 -3 -1 -3 -13 2 9
-8 -11 17 -1 -7 8 -17 -7 -4 -6 -32 -7 -7 -14 -15 16 1 -10 -9 -1
-15 5 -5 -16 0 -31 -10 -7 -13 -12 11 27 -26 -7 -2 5 -6 17 -1 -8
-7 18 -5 -3 3 -7 7 5 13 1 5 6 -13 -2 43 -10 21 -9 4 -7
-9 -20 -1 -6 6 -23 -13 -12 14 1 3 1 -4 1 -1 -5 3 -7 40 1
-1 -6 -3 19 16 3 -31 11 -1 -4 -3 14 4 -8 -4 5 -9 3 -2 6
-6 -35 -5 -12 -8 -9 1 -15 1 -7 -11 0 6 -20 8 -23 -20 20 -16 4
-4 -1 -8 -1 22 -24 -13 -6 -15 3 23 -17 2 13 1 -1 -2 17 -4 50
3 19 -11 -9 10 -9 12 14 0 -3 -11 8 -5 -7 -12 -40 -4 15 -11 -19
18 3 10 -13 5 11 2 -15 12 -14 -20 -46 7 14 -9 -14 -10 9 -20 30
-7 -3 -1 -23 -4 -4 4 45 -14 5 -17 15 -16 -10 16 -5 -4 8 10 -39
-25 -2 -1 9 17 5 -16 -17 -6 -14 -12 3 -21 1 -17 -3 10 -41 -26 -10
-13 -10 -6 -18 -2 -17 5 11 2 -21 3 -8 26 11 25 -1 -7 -9 -4 -19
8 -12 -7 22 -4 22 4 -7 -19 -12 -2 2 6 -14 -8 -10 17 -7 -13 3
5 7 -13 9 2 -10 -14 15 0 -11 3 -2 0 -5 -8 14 6 -1 -1 -18
-2 -1 -22 -13 3 -2 -18 -40 -6 2 -6 5 -8 2 2 -46 -4 -20 2 -11
3 7 48 2 16 -4 19 4 -1 -3 0 12 8 -5 3 -5 14 -6 -4 1
-5 50 -1 4 -11 -73 -10 -3 2 14 14 -6 -12 -3 -6 -1 2 -2 -8 20
0 2 -7 -12 4 12 8 3 4 -9 -8 9 8 47 2 8 -6 12 0 -10
4 31 -12 -12 -6 4 -6 -6 -6 11 -1 3 -5 -4 -14 9 0 -1 -2 4
-10 -7 -9 -4 -11 -6 16 7 -2 -3 7 3 -8 1 -10 -11 16 11 -6 3
2 -5 10 16 3 -4 6 2 -8 -4 1 16 1 -1 2 -5 -9 -2 -3 10
1 14 4 -6 -7 4 -4 -18 -10 2 -1 0 6 -7 -3 1 1 6 -2 -9
-7 0 -1 3 -17 3 -12 7 -6 -9 -13 -6 2 -9 3 6 -1 -2 6 -10
-5 -10 -5 -1 -6 3 -1 7 2 13 2 -18 -4 -5 9 -7 -1 -1 -7 -2
0 -10 -3 3 1 -5 -18 -20 -4 -6 -5 -7 -1 0 -4 0 1 3 -4 2
-1 -7 0 6 -15 3 -2 -2 9 -6 -4 -9 4 2 -10 -14 -10 -9 14 0
-12 9 -14 -5 -15 -3 4 8 12 -5 -10 -2 11 -20 13 4 5 -9 -66 6
16 8 -8 -15 -38 15 -13 -14 3 8 4 -39 -11 1 -14 -9 -17 6 -8 5
0 8 -97 4 -10 1 8 -3 18 -13 -2 6 17 3 -6 -2 45 21 7 28
4 -27 -17 1 4 -16 -11 -4 1 -20 16 16 0 1 16 -1 13 -10 55 -12
-20 5 21 11 -15 -6 -17 1 -6 59 5 -2 8 -13 -3 3 -14 29 12 6
-3 -7 4 4 -9 14 44 -3 -5 -5 -6 -10 -24 -18 0 -21 -10 5 -6 6
-5 -9 15 -29 2 -19 0 48 -2 -12 7 8 7 -42 -12 -16 7 5 17 -10
0 1 -1 -18 3 -21 7 -12 -5 -11 -6 -25 12 -18 -5 -1 -16 -4 -11 12
-17 -6 -9 -19 1 -31 -9 -14 1 -6 -2 -19 -2 -9 -25 8 7 -5 -11 -6
17 -11 -10 -28 3 12 -15 0 6 22 -4 -6 -9 4 15 3 -27 -4 -21 11
-10 -3 -18 -21 13 20 -21 -10 -6 5 25 1 17 4 -10 2 0 17 -27 -2
2 -21 12 4 -7 -10 -9 -7 5 7 -21 0 -15 3 32 -3 -13 -18 6 7
25 -10 1 2 -6 -3 -6 -23 -18 -24 -1 12 2 2 -3 6 -9 4 -6 -4
-9 0 1 -1 -19 1 4 6 10 -2 -18 -3 -1 3 -8 0 -1 -5 -16 6
-21 2 3 -10 5 -9 -2 3 9 8 -4 0 -5 1 12 -2 -2 4 4 14
3 -1 3 -29 0 -16 -1 2 -2 -11 18 6 -15 -17 -7 -7 -5 -26 8 3
7 -12 2 -4 5 6 5 4 -3 -8 2 2 3 0 11 -1 -2 0 -12 15
-11 4 4 6 0 1 7 -7 -7 4 -1 13 0 -2 0 9 -3 18 7 4
9 1 -1 2 5 -1 -14 6 11 7 -6 -9 6 -11 3 -13 5 4 -2 3
-4 -1 7 6 0 -2 14 -8 0 -22 6 4 -9 -2 11 -4 5 -23 21 -1
16 -4 16 10 78 -9 -31 6 -31 -8 2 -1 1 -20 4 -14 14 -13 -2 1
21 -5 -15 8 9 23 29 34 11 -5 4 -19 8 -8 -2 16 -9 -5 -3 2
-8 9 8 13 2 20 25 0 5 -7 1 -6 -5 3 15 -3 17 12 -2 9
20 0 -8 -4 1 4 4 -13 18 -7 1 19 3 -18 4 12 2 7 -3 0
-8 -10 1 15 -18 -17 3 -2 1 -10 -8 -10 -10 4 -6 32 -14 -2 2 4
-16 1 7 11 -21 -4 9 3 13 -7 5 -13 -2 -6 -2 9 -20 10 -5 -6
-5 0 4 -3 -4 -15 -4 -14 -3 -9 2 -5 -2 2 5 5 1 -15 -1 -18
-7 0 -11 1 4 3 -11 -6 7 3 8 12 4 4 -6 10 -13 -3 -3 0
-3 6 5 -8 -11 2 9 2 7 -12 -4 -2 6 -8 -7 -11 -11 6 2 10
-8 9 -6 -15 -9 -5 -3 4 -5 4 -12 -10 -5 3 -11 -8 4 -1 12 3
4 -4 -3 7 -4 -7 -10 7 4 -9 -18 -1 16 -1 7 5 0 -1 -11 -2
-17 -8 8 7 1 -11 -1 3 -21 -12 -9 -12 3 2 -4 0 16 13 12 8
0 -14 4 40 1 -6 10 11 1 -3 11 -9 3 -12 -6 -19 4 -5 5 7
-11 13 4 12 -10 -4 3 -6 5 -8 6 -21 -1 -1 19 -4 -18 -3 13 -6
0 9 -7 8 -2 1 -13 -4 6 16 1 9 -11 3 11 -9 4 21 6 -11
16 18 0 3 -8 3 7 0 14 1 -16 0 14 2 -16 -2 9 3 1 -24
-5 12 2 -1 7 -3 -4 -18 -2 -18 -13 16 -13 -10 6 -5 10 -14 17 10
-6 -13 -12 7 10 4 0 -16 -9 6 4 -10 44 10 4 -5 15 -3 -4 8
3 -11 9 -20 2 -22 1 17 -1 -17 -7 -13 1 3 -13 -4 8 -4 5 9
-2 -4 1 -8 18 -16 -2 7 -6 -11 4 -12 7 0 7 1 -30 -3 3 3
-1 2 -6 -3 -8 10 -2 -11 -2 14 4 -4 -6 -5 -19 1 -6 -1 -9 5
-13 -8 23 15 7 4 29 9 2 1 3 -6 -5 3 -3 9 -1 -3 -19 -7
-4 -2 8 18 -3 -9 9 9 -9 -21 -1 -16 14 2 0 11 15 -1 -6 -4
-4 -17 6 6 4 -3 6 -4 -6 -25 -1 -3 -24 2 7 9 -11 -11 4 1
8 -2 4 -1 -3 -4 -6 3 -4 -23 -10 -5 -8 -4 2 13 11 0 14 3
-4 -6 0 -8 6 -2 -8 10 -10 9 -7 -5 3 2 15 2 -3 4 18 48
9 -7 -14 -8 -1 -3 5 46 -5 20 -12 -5 -9 1 -34 0 -6 1 -1 -5
2 -7 -1 -10 -13 5 -3 -4 11 -17 5 12 -2 -63 -3 8 4 55 5 -3
3 -19 -1 -4 0 -3 16 -8 -2 -6 -8 7 -21 6 3 -3 -13 6 4 2
-12 -1 -8 1 4 -51 -5 -5 1 -6 -4 -4 -3 -8 -6 1 2 4 3 0
-8 -11 -1 7 -14 4 9 9 -13 -5 -13 1 -13 9 -4 -4 -2 -5 -17 21
-12 -1 -12 11 2 7 2 -21 -1 17 8 -3 15 -3 2 1 -14 23 1 18
3 7 -3 -12 15 -5 6 -11 5 9 -6 9 12 2 -6 14 20 -5 -23 -17
-4 15 -8 9 -9 -6 11 -10 -4 5 4 6 -6 -9 -2 -6 9 -5 15 14
11 -2 2 19 -20 -7 -18 -12 6 2 -11 4 -2 4 10 1 -5 -11 -1 13
-7 -3 -5 5 -10 6 -11 -10 -1 2 15 -5 5 10 0 -22 7 14 -3 9
-4 11 -6 -15 15 12 21 -4 -2 7 1 8 11 -7 -7 15 -42 -10 -5 5
0 -4 6 -16 2 5 0 25 12 -4 -19 12 -2 5 15 10 -4 -18 14 -1
27 -7 0 2 -17 -28 -8 -8 21 -5 17 -1 -23 -22 -7 -12 -11 -1 -21 -6
-12 -8 -27 7 -11 -11 12 -5 7 -7 41 4 48 19 14 18 23 21 -6 2
-24 -8 -6 -9 8 4 -15 -21 -4 8 -3 -16 5 8 -21 -18 -1 -22 -7 -8
-12 -5 5 24 -17 2 29 -15 -18 5 7 3 -6 1 19 18 12 -18 -3 -12
0 16 -6 4 -25 2 4 3 -12 -20 -4 22 4 -6 -6 9 -1 -31 -43 22
0 -21 4 4 25 -5 -6 1 1 -8 -8 -21 3 7 -27 3 7 2 -11 -4
-9 -5 -12 1 -15 8 18 -3 -28 1 -9 15 -3 7 -18 9 -14 -8 3 10
-11 5 2 -4 -13 0 -1 -25 -1 5 -7 -2 -9 -5 18 -21 8 8 0 -2
-12 3 -3 7 -11 -7 -4 28 -1 3 1 16 19 12 -7 2 8 -2 -6 -1
-4 -6 20 -14 8 -4 -3 -10 0 -8 3 -8 -10 5 2 -1 6 -4 -5 25
3 -8 8 -22 19 5 -3 -16 14 -6 5 -19 -1 -5 -2 -4 -12 -9 5 2
6 3 -1 -10 1 -5 -2 9 -5 1 1 -3 -3 4 -8 -20 -3 -9 1 -12
5 2 -7 -3 9 -20 5 -13 1 -14 12 8 -6 3 5 -10 -10 11 -2 -3
5 -9 6 -1 1 9 3 -4 4 3 -4 -12 3 1 12 -1 -10 -4 -8 0
14 3 -2 4 2 -13 -5 -1 -20 7 -2 -9 5 10 -11 12 1 -4 -9 6
2 3 -1 1 14 6 -15 4 6 -4 -2 -8 7 4 -4 -5 -4 1 -15 5
-14 4 -5 -18 -12 -3 -2 -15 22 -2 2 -4 23 5 -6 -2 5 -3 -9 -1
2 25 -6 0 -1 1 0 11 4 6 27 -2 -13 2 -3 3 -2 -17 -6 3
9 -5 4 -3 -1 7 3 -7 -5 14 -6 -12 -6 3 -8 -12 -9 -2 7 12
-12 -4 -4 -19 -9 -5 -2 1 8 -6 -14 -8 15 0 23 3 -11 -2 19 -15
-2 -8 -10 0 -4 3 -9 13 -14 4 6 -1 -7 1 8 -11 -2 -5 -17 17
0 -9 5 13 1 3 -2 1 -12 2 -12 -11 27 10 12 17 7 17 0 2
10 15 -6 -1 -11 7 5 -7 11 -4 -21 -1 -13 5 24 -15 7 -1 -7 -2
1 1 -13 20 1 -9 -12 26 10 1 -7 -5 -2 -30 -6 12 8 -4 -9 15
3 7 -6 6 4 15 -1 8 -20 2 3 -3 24 -8 1 -5 -4 -10 7 -26
2 22 -9 -9 -16 5 -18 9 6 11 -8 -6 1 0 -2 -10 -10 -49 -7 -11
2 -16 16 -18 -8 -7 0 6 13 17 -1 6 9 -1 -12 -4 -1 5 -3 -15
-11 12 -19 14 33 15 -1 2 16 1 7 18 -15 1 2 9 5 19 15 -1
11 -9 -5 3 3 -2 -2 1 -25 5 8 -2 -20 1 -7 5 14 -9 7 -16
-20 3 26 -13 29 -8 -6 -25 14 6 7 11 3 -4 -7 -7 0 0 -2 1
0 8 -1 -21 -7 9 -13 -3 0 -10 -24 -6 -14 8 2 -36 -8 6 11 -17
12 -11 3 12 5 -12 0 -3 1 1 1 -3 12 4 9 10 -6 -10 2 30
21 -7 -1 -7 -8 -6 23 5 -3 -4 6 7 -110 4 28 -15 21 -3 -8 3
3 33 0 -8 23 3 -8 -10 -4 -3 -12 -3 0 -20 -12 -39 -13 -10 3 -14
-6 1 -1 18 14 18 20 -1 16 14 -15 20 4 9 -4 15 -6 -22 -12 -2
-10 8 -5 9 -9 14 2 4 21 7 25 11 5 -8 23 -2 4 -4 6 -16
8 -31 -3 -20 -5 -5 10 -7 -4 -3 10 -3 6 27 13 11 -2 0 -1 5
-9 2 -15 -22 -30 17 -11 2 -18 9 -2 -21 1 -1 0 -13 -4 3 -31 0
17 -4 24 2 -16 0 41 -2 -8 8 -6 -4 5 7 -1 8 9 -1 -7 -13
-19 -10 -7 -2 1 6 16 -9 7 2 6 -8 -10 -7 -19 -18 22 8 -5 15
-8 9 -9 -12 2 7 -3 14 17 11 -1 -2 1 -22 0 0 15 12 -34 0
-6 8 -16 14 50 -1 18 3 -9 17 -10 -15 -5 -3 -7 14 11 0 -12 -1
-2 5 -20 -7 15 4 9 -2 2 -7 -2 6 -2 -9 -10 15 -5 -4 24 18
-6 7 -13 16 -5 -6 -8 -16 -5 11 13 -2 5 2 -1 -18 -1 2 -24 1
5 -13 19 2 -1 -2 5 -2 -17 -1 -14 10 -24 -10 -23 -6 -5 -6 -9 -10
2 -1 -7 -4 7 1 1 -14 -3 -7 1 -7 6 -7 -18 -17 5 4 -4 -9
-2 3 18 -3 5 -10 -1 -1 2 -3 0 11 7 -8 1 -6 -15 4 -1 -12
-4 -4 -4 2 8 -2 2 -19 -1 -9 -5 4 -5 4 -13 -4 11 -2 7 -10
-2 -19 -5 -2 1 -18 12 0 8 -15 4 8 -12 -6 -7 1 0 -9 0 8
3 0 -2 -4 -4 1 -7 -5 -2 15 -9 2 10 3 -4 -6 -3 3 3 -6
-7 -1 -11 -9 -23 -2 -6 2 -1 9 -14 2 -9 8 -17 50 11 6 -4 3
5 -16 11 31 1 -5 29 -32 -5 24 5 0 13 -4 -1 -17 10 1 5 -4
-5 8 10 6 -10 1 7 9 5 0 2 31 -13 -22 -13 5 -5 -4 -2 5
10 11 3 -16 2 -4 5 0 16 -20 10 2 14 3 -8 6 -1 7 1 -7
19 3 6 5 -31 6 -10 -12 -6 1 -9 3 -6 0 -12 32 -2 7 12 1
-10 -7 8 -16 -7 16 -16 15 -7 2 10 -15 -37 -4 -11 -1 -14 -14 -2 -5
2 2 2 2 7 -7 -8 14 -9 -10 2 -8 -7 1 6 6 -11 6 -7 1
-8 -11 0 20 -8 8 -3 15 -7 -7 6 5 1 -1 -3 -5 39 -10 6 -5
11 -1 1 -13 -4 6 -27 6 -7 -4 -6 -6 -1 -28 8 13 -7 -60 -4 10
0 -7 11 -4 4 -2 5 -3 -1 -9 -7 -25 -8 24 -3 1 6 -3 0 -11
-5 -3 1 1 -55 -3 8 3 -12 -53 1 -9 11 -11 8 7 -4 -1 -7 18
-3 -6 0 -7 0 9 3 8 -8 -5 -7 -11 -10 9 4 0 4 -1 1 6
-11 -7 2 6 -7 7 -6 -4 0 50 6 -3 -7 -2 53 4 0 3 -2 -17
-9 -24 3 3 5 3 -8 -5 -16 -6 0 6 -7 -1 -10 -1 16 1 -22 -31
24 -4 2 -20 -3 -2 -14 8 35 -1 16 -18 9 -6 7 6 17 7 -11 4
14 13 -4 -11 -2 -10 9 -18 -13 -10 26 3 5 12 -3 26 -27 -10 -4 14
-1 1 -1 -32 12 -20 -9 1 -23 0 5 -14 0 11 -2 6 58 8 -6 -4
12 -20 12 -52 3 -25 -4 5 17 24 -11 42 -13 12 2 28 -3 8 -6 -30
8 -6 18 -1 -15 -11 1 19 -1 11 22 -2 45 -10 -4 -25 -6 -1 30 -35
13 0 3 23 15 -30 -19 -13 19 12 -11 -23 -2 -14 -10 -6 -20 2 10 7
-11 0 15 10 -8 5 -12 1 0 2 -5 15 5 -5 1 1 10 -1 3 12
4 6 9 2 10 -6 -4 -9 -9 10 0 -1 1 1 22 -2 -17 1 1 2
-2 -6 -2 -4 7 -6 2 -7 -15 14 -1 -4 -13 8 22 -4 -1 5 -5 12
5 -6 3 -7 5 -5 -14 -4 -4 -18 -3 8 5 -6 3 -2 2 -19 -11 -7
0 8 12 8 3 -2 16 -6 6 0 2 24 -16 -8 0 -28 0 4 -11 -18
33 2 -1 11 8 4 11 -47 5 0 -3 -16 2 -7 -5 1 2 20 27 -16
5 17 2 1 -31 14 11 19 -26 7 -25 17 -23 -10 -9 -12 -11 -6 12 -37
-1 14 -50 9 -3 7 6 -7 -6 0 9 9 -10 8 -30 -38 4 2 -7 8
2 -28 -10 -22 35 -15 -10 5 12 16 12 8 47 -5 7 3 -15 -4 -9 -16
3 -43 7 -2 6 2 6 -2 -8 2 2 13 47 -15 -35 -36 0 -49 6 25
-5 -54 22 6 -13 -31 -3 -21 -3 12 11 -6 1 -14 -8 -18 4 15 -2 7
-2 -1 16 -6 -53 8 -22 2 -8 -7 4 1 -9 -14 21 1 1 5 -11 1
-7 -9 -50 -40 -25 -11 -23 6 -12 15 -26 22 4 6 0 -7 -3 5 -6 17
-20 13 0 5 -7 3 3 1 -4 -9 -7 13 4 1 -14 -1 -7 2 2 1
13 5 -6 -22 16 -10 -7 10 3 -6 3 -2 3 5 9 9 -3 2 -7 7
10 -1 -3 -1 -4 1 1 -7 -12 -1 -4 2 0 -5 -10 -16 -4 -3 -13 0
10 1 -5 -31 8 -21 2 1 -2 -15 20 -1 -9 -3 -2 6 13 3 2 4
-13 -3 -4 20 -3 19 5 -6 -2 2 7 6 10 -10 9 3 -2 16 2 4
7 -4 -1 4 9 1 0 -5 8 -4 3 -32 -26 9 4 2 2 5 0 -8
6 35 -4 -22 0 -4 15 -9 5 -7 8 -5 -10 9 -27 -13 -3 -32 -8 0
-9 8 -19 -14 -10 8 -8 -8 -4 -9 -15 -2 14 1 -8 -7 19 -13 15 11
2 -1 -10 -2 4 7 1 29 -14 8 4 -4 -4 -3 -1 -14 -17 -6 -46 10
7 19 -23 -19 0 22 17 5 18 -17 -6 -5 30 -25 -8 -2 7 -22 18 12
-5 -10 8 -25 4 16 15 13 -5 3 20 -29 -13 -11 -9 5 -15 -2 6 -4
0 -23 9 7 -22 -9 20 13 18 -20 -4 -19 -6 9 -14 -14 -11 -3 -20 -4
6 22 6 16 -21 22 4 -32 1 -12 31 3 -16 -5 -3 -11 -2 -10 -24 21
1 -17 -3 -4 -1 6 19 -7 8 1 -3 21 1 -19 5 -1 12 17 -8 11
-5 -2 -5 11 -10 8 -5 11 -1 -4 12 -1 31 -1 13 -1 -5 -4 3 -35
-16 -9 -5 -2 -22 4 -16 11 8 7 31 -2 2 0 4 9 -8 -11 -8 1
-19 -13 0 6 8 6 2 4 -22 -2 6 -21 -1 2 -3 25 -11 -1 -4 -1
-4 19 -2 6 29 2 1 -13 -2 -2 -6 -11 2 -8 -12 -9 4 3 0 5
-4 -8 -12 10 0 -8 -12 7 -16 -5 18 4 -4 4 -2 -4 -1 -2 7 21
4 16 2 -12 6 -11 22 -3 -11 -8 -10 2 -16 1 14 9 2 -1 8 7
-12 7 8 24 8 -6 -17 6 -3 4 -12 1 -1 -12 3 11 10 -16 19 0
2 -9 -7 -10 22 -8 1 3 7 4 -6 5 29 5 -19 7 -1 0 -16 19
-9 1 15 9 -11 7 -7 19 -18 4 2 1 0 -7 -2 11 7 5 -2 5
2 -1 20 22 5 -10 -1 -4 -4 1 2 10 14 -3 2 -2 -17 12 -6 7
11 3 6 2 -4 -7 14 -1 13 -4 3 5 -3 5 -2 15 -4 -2 -21 -4
-31 -1 -4 19 -22 4 -1 16 -16 11 -5 0 5 10 -33 -12 5 1 5 1
-7 -2 -19 17 0 0 -8 -17 25 5 26 22 -1 8 -17 10 13 -1 -7 18
-5 -11 -5 14 3 6 28 -7 -1 2 -3 -21 16 16 -5 1 -11 8 13 6
-3 -5 7 -3 9 -24 10 -13 -6 -15 -14 -18 6 1 -1 -20 5 -13 -9 -35
-3 -11 -28 -2 -13 -3 7 -5 10 -8 -39 -13 16 -1 0 -5 5 13 7 7
-7 -5 0 -19 -16 -10 -12 -12 15 -17 0 -7 0 4 -12 0 11 -6 10 24
9 -5 8 -25 10 -10 -4 2 -6 0 -12 -8 -3 0 3 -11 -5 10 4 11
-26 16 0 8 -9 0 13 -8 11 -27 -4 7 8 -6 33 34 -86 5 -1 15
-14 -15 -11 -16 7 -7 25 34 -18 10 -21 -12 -14 -12 -5 -4 -8 8 46 -11
-29 -4 -1 -38 0 -11 3 18 1 -15 32 -14 31 -38 -10 -4 12 -3 -10 6
-9 -6 3 -17 10 -17 5 -14 2 9 -7 -16 10 3 12 -19 -13 -3 -15 24
-34 -3 -17 11 7 6 6 -8 5 -11 -6 13 -5 -44 11 -10 -3 -7 -2 -20
3 -6 0 10 12 3 -8 -3 24 -12 3 -22 1 6 -6 -8 -20 -6 -1 -33
-10 -19 -17 19 8 16 -12 -9 6 -20 8 -72 -1 -6 -2 -27 -12 -16 12 13
22 -7 -5 0 -29 -19 -18 13 -34 -8 -27 -8 -25 8 -9 -3 -27 -15 24 -33
3 -18 7 -24 -5 -12 -25 -8 16 -9 -16 -6 8 -12 -4 28 -42 -14 3 -9
-18 -10 -49 0 -18 -19 6 -32 13 -7 -15 -1 -41 1 -2 13 -16 2 -18 4
7 6 -24 14 -9 36 25 21 8 -11 -15 -20 -12 3 -15 -12 47 -7 -13 -4
-6 24 -21 1 -7 -16 -20 8 -16 -19 11 -44 16 -31 -4 13 30 -17 -32 -3
6 -9 -12 6 -10 -32 -14 32 2 -8 -2 4 6 -12 -4 2 25 -2 15 5
-1 -4 4 10 2 -1 1 -15 -20 -8 -5 16 8 5 -2 -4 5 2 -1 22
-2 -2 3 23 2 11 12 3 -5 -1 1 3 -6 6 4 -2 -4 5 -16 0
-2 8 1 -9 10 9 0 4 16 6 6 5 2 3 -12 -2 -8 12 9 -13
2 -10 -11 3 -2 -5 -8 0 8 4 10 14 -1 -10 -17 20 -1 -5 1 14
-1 19 5 -17 -8 1 1 -1 8 -7 -4 -1 -1 8 -4 -3 6 7 3 8
-15 -1 14 -2 16 13 -9 0 21 -7 -3 2 0 -1 -3 -2 -25 2 -12 -32
-5 4 -14 -28 -12 -10 -22 11 4 -4 -5 -17 1 15 -12 -13 -30 -4 9 -10
-3 -8 2 -8 28 -9 -9 -23 2 0 -10 -5 14 -3 -7 -24 -5 -20 -7 -10
-21 16 -5 45 -38 -8 5 28 -16 7 -7 21 -18 -2 43 2 21 6 18 -4
-10 3 -6 -8 -5 13 -4 4 3 -11 -14 55 -6 -27 -21 1 -6 -9 -3 -50
-16 11 -2 -39 -34 -5 8 7 8 18 -5 -33 11 -9 35 1 -1 50 12 -13
4 10 2 2 2 17 0 -3 -2 2 1 18 24 0 -2 10 -13 -3 -21 34
10 -17 -4 42 -13 -1 7 -10 -9 1 -33 1 -9 -11 -1 19 39 -15 -9 -4
30 10 12 17 9 -1 -43 -29 -3 12 -33 3 1 2 -4 8 -10 -16 18 -60
-1 4 16 -27 -5 1 -17 10 -12 -21 69 6 4 -10 -19 32 17 34 -19 -21
-24 1 -14 3 21 32 23 34 -14 -7 -36 2 -20 22 -12 2 2 11 4 13
-4 -10 -13 7 -3 -14 -66 -10 -24 -21 8 11 20 -11 -28 -4 -10 65 3 33
10 -8 -11 10 -3 27 4 -6 23 6 14 0 -21 0 26 -3 7 -8 -9 6
-15 6 1 -29 -1 18 -23 -21 -6 5 24 -101 3 -6 12 -10 9 -1 -20 -22
2 -9 -5 9 -19 6 18 13 7 -13 6 -6 -26 -3 -17 -28 -29 -10 5 -21
-4 -18 -5 -11 9 17 0 -5 10 -5 13 24 3 10 -17 43 10 16 8 -4
20 -2 9 -8 -12 3 -1 -26 -7 22 12 4 -26 -9 33 -21 9 2 5 -33
-21 -4 7 -15 -28 -7 2 -1 -15 6 -33 -5 -18 13 -4 -11 -8 8 25 21
4 0 0 34 -11 -9 -14 -43 14 7 -29 -25 -7 -21 -34 -14 9 -37 4 -8
-11 6 -14 3 -2 -18 -13 -1 -13 -26 -24 -6 -17 -9 14 -39 -15 16 -22 -22
14 -17 -14 -4 4 -23 6 -8 8 -2 -5 -16 13 3 11 -2 16 -5 3 -13
-12 -13 -18 8 -16 -16 -22 10 33 -6 14 11 -40 -4 -5 -6 8 17 5 -6
1 1 3 3 -12 16 -29 -21 18 -6 -27 -13 6 0 5 26 32 -4 21 12
1 -9 -26 -15 11 -11 25 9 -11 9 10 13 -24 15 -11 10 -1 23 4 31
-5 10 -29 3 -8 -11 3 -6 -6 2 10 52 -9 -2 -21 3 0 -1 14 -5
0 6 -4 -6 -2 7 -4 3 -34 14 7 0 -28 -25 5 50 18 -1 12 5
3 7 -16 -21 -21 -34 2 1 3 -15 28 -11 -25 0 -17 15 -6 8 10 -5
-8 -2 10 -1 1 30 -5 -3 -3 12 28 -12 -20 15 7 -7 8 -27 8 7
0 -9 2 2 1 -4 -8 6 7 -10 -7 -6 -38 11 -12 -2 15 -11 -9 -1
-4 7 6 3 -30 9 8 -4 4 6 -5 3 5 -5 -8 1 -24 3 -7 -8
42 9 -2 9 5 1 13 -1 18 3 -24 -7 -8 -2 -12 -33 16 4 -7 20
-16 1 -16 2 -3 7 -9 -3 5 -12 -3 -18 -4 -8 -5 1 3 12 3 0
-3 -7 -3 -15 -2 1 28 -29 6 7 -4 22 2 2 -21 0 5 3 2 0
0 44 9 11 6 -4 3 6 -7 11 7 -6 -11 -4 -3 41 -5 -12 3 -5
10 -2 5 11 -7 5 5 -5 4 9 -7 -1 -3 3 -12 5 0 -3 20 -4
4 2 -2 -21 -2 9 -3 -2 3 2 8 -1 13 0 -1 15 20 3 -1 -1
9 1 1 -14 -1 -1 4 14 -7 12 -14 6 9 12 2 22 6 -2 -5 -4
-16 -2 7 11 -10 11 -2 -5 -4 7 -8 -10 9 -7 -1 -1 7 -28 -1 9
-4 -7 -5 -1 3 -16 -12 -8 44 -9 3 1 5 -8 5 3 4 3 6 -11
2 -5 6 -21 2 -4 3 0 -3 -13 8 8 8 17 -3 -5 0 10 -5 -4
-2 0 1 -31 3 -5 16 18 -4 -7 -16 -19 -14 12 6 2 -11 -12 -4 -11
-3 1 11 -3 11 17 -14 5 12 11 -21 0 -13 1 -5 3 7 -7 6 1
9 6 -10 -24 -16 6 7 -12 -7 3 2 12 2 -2 2 6 1 7 -4 -2
-8 0 -7 -31 -5 -3 -12 -1 -12 -3 16 -5 -7 14 -1 -13 0 -9 5 10
-1 -4 -10 10 1 7 12 -4 1 -42 -4 -2 4 -2 -2 -15 -23 5 -5 1
-1 0 6 9 -6 -4 9 -17 20 1 -2 1 -2 -5 -2 -6 -7 15 -17 0
-12 -16 -5 -12 -14 5 11 23 -2 -9 -11 5 -7 1 -5 -4 -11 -1 8 -5
21 -4 -10 -19 0 12 10 1 4 -8 8 -3 -24 -9 -2 6 -9 -6 -8 30
-16 -3 3 12 -10 1 7 12 0 -43 6 0 5 -9 16 -9 -2 -3 -1 16
22 -4 -9 1 -2 -4 -11 6 -6 -6 -11 -9 1 -8 -18 -6 -5 -3 11 40
26 -12 -2 10 0 -3 -8 -19 -1 4 5 -6 -3 -2 -11 -4 -31 18 0 4
-8 3 7 -2 22 2 -8 5 -8 7 -30 0 11 12 -11 -10 -12 5 -14 10
4 14 7 3 -2 6 -14 -6 11 -4 -16 2 1 -6 -1 3 -1 5 2 9
-10 -4 -10 -2 11 -4 -13 5 -11 -17 5 1 3 3 -4 -29 10 11 -11 -9
-8 -6 -21 0 -13 6 -18 5 4 2 -1 8 6 2 2 -9 6 2 3 3
-2 -8 0 -7 -2 19 -4 1 -7 3 3 9 3 4 4 7 3 4 -3 7
2 7 9 4 -15 9 7 -5 11 -2 9 -6 4 13 -2 4 -2 -11 -6 -2
5 34 2 -21 5 1 -4 11 1 -3 -1 4 9 2 -2 -4 -6 -5 3 5
10 -5 0 -7 -5 -2 6 -5 -2 -6 -10 10 20 6 23 -18 19 -12 6 0
-6 2 8 -6 5 -10 -21 -2 5 6 -7 -30 -11 -8 -18 -4 -20 2 6 2
0 -6 -4 -1 -3 -3 0 -15 1 -11 -3 -2 -3 -8 -2 11 19 7 -10 7
17 0 9 -6 -1 17 -9 -8 6 -7 -4 -1 -3 3 -7 -9 -25 -12 -1 29
-2 25 -8 11 7 0 -1 -7 -2 2 2 3 -5 -4 -26 -33 3 4 -13 18
-13 2 9 -24 6 10 -9 -20 -8 -16 -15 20 3 15 -15 7 -3 5 -8 -7
5 1 -9 -8 -2 -15 -8 4 41 3 10 -12 -1 3 15 -4 -13 -3 -4 4
-6 7 -11 -1 -11 6 -3 5 1 6 6 8 -5 -25 -11 0 17 -11 0 -5
4 -7 7 -8 -2 0 17 -5 2 -7 7 -3 11 -12 1 -5 5 10 -7 6
-2 -11 -7 4 -4 7 0 -4 -11 0 4 14 -20 1 -6 -12 5 -7 12 14
-6 -13 -1 10 23 -6 0 6 -5 16 -5 3 -6 2 -18 -10 -5 -7 -6 7
-16 6 -18 2 -12 12 13 1 12 7 -2 -17 22 -10 5 -8 -2 2 1 -5
16 -11 9 0 0 -14 -7 -2 5 4 -5 -9 16 5 5 0 3 -9 8 -9
15 -7 -7 6 1 6 -13 8 -5 -16 -5 21 -16 -20 18 -9 25 -10 19 -13
-13 0 1 -17 -19 -8 -25 -23 -4 -11 -20 -19 5 -8 18 -2 -24 -25 -13 19
-10 -20 17 25 22 -15 -7 -20 -8 7 -3 -7 -21 9 -12 -13 -1 -22 0 4
-31 -30 5 -16 -19 20 -25 -16 -16 5 -14 -3 5 -3 -18 -7 -19 10 -17 -8
-9 -1 -7 -14 -12 -2 -4 36 -6 -36 4 -8 24 -6 -6 7 0 21 -26 -13
25 -13 -9 7 -11 -7 -17 -9 13 0 -8 -17 -14 -17 7 -8 -4 -20 -21 -6
22 11 -16 -10 4 -1 -11 1 -8 -9 -4 3 15 -11 17 3 -8 -12 10 4
13 -4 -6 3 7 4 7 5 -4 -8 -13 -17 14 14 2 1 -5 7 -18 -1
-15 -12 -6 10 -8 -17 8 2 -14 -17 -1 14 27 -8 7 -4 -11 -16 -1 1
-12 19 -13 0 -12 8 -16 6 -11 1 3 -2 0 -10 6 10 -8 10 -12 -1
5 -8 3 -1 26 1 -16 5 -24 -3 17 15 38 0 -23 -8 19 5 1 -4
5 9 -12 -19 -13 18 8 -7 18 26 1 -2 -7 2 -4 18 -2 -10 0 2
-13 3 -20 9 -5 -15 13 24 -9 8 -4 15 8 12 6 -16 -2 -1 -23 -14
7 0 -20 6 -11 13 8 9 7 -13 -15 11 -3 -1 -3 3 2 12 6 -1
23 -6 -7 4 8 -12 -4 0 17 1 -16 22 -15 4 1 -5 12 -3 36 12
30 -19 -13 12 0 -9 -14 10 13 -10 3 -25 -6 5 14 13 -7 -23 3 -3
-3 0 1 -13 5 1 3 -8 7 1 -3 -11 -22 -11 5 -5 14 -7 -3 -6
-13 -11 -14 -14 -6 -8 -10 -20 33 10 12 5 26 -8 -3 -2 8 0 -10 23
-6 -2 -27 -9 12 14 -4 20 -5 12 -3 8 -6 -14 -2 10 -13 8 -11 -18
-13 1 11 1 -13 0 13 2 -6 20 -17 35 2 17 3 24 -9 -6 41 6
-3 3 -47 -10 7 34 -15 9 1 12 11 -30 19 -11 -8 8 -7 24 -29 -6
42 -9 -10 17 -6 9 -11 -8 -47 -13 -12 -19 -35 20 5 -38 22 10 4 -9
4 8 -14 6 15 6 -7 -4 -25 28 42 -28 -1 -21 -6 -28 -25 -6 31 -10
10 -18 -4 24 -1 12 23 -3 9 21 3 -22 3 92 -20 -8 -29 -7 -13 5
45 13 -10 -10 7 16 88 6 -8 22 25 -19 -35 13 -15 -74 20 -7 -32 -28
1 0 7 -30 -9 24 29 12 -21 15 -20 -16 -24 8 -1 12 -6 -24 -15 -3
2 -13 14 -3 -18 -5 -21 16 5 -10 14 -10 -1 -33 1 -15 -4 6 -1 14
19 -3 -2 -6 -20 23 -10 -11 -18 0 5 3 2 10 1 -3 -4 -17 -11 -7
-4 -8 17 -19 -31 21 -8 -14 -12 7 0 7 4 -11 -9 8 4 -1 18 -22
-5 11 -17 4 9 1 -4 3 38 2 -6 7 -8 -7 17 11 -14 10 -34 -4
-1 -10 4 24 -13 -9 -2 -4 -6 -4 -4 5 16 -4 -7 15 4 10 35 1
2 -1 -6 6 8 3 0 -12 -4 -25 -6 1 -11 3 -10 0 0 32 4 5
-4 7 -10 -4
