-0.074597 0.045569 0.003437 -0.072447 -0.159862 -0.059710 -0.149111 0.114872 -0.126864 0.045527
-0.109993 -0.060496 -0.023384 -0.032729 0.031261 -0.033701 -0.008177 -0.096595 -0.103460 0.039552
-0.164411 -0.041454 -0.082247 -0.123970 0.089648 -0.097505 0.050944 -0.005696 -0.126285 -0.069883
0.144810 -0.099655 -0.041185 0.069387 -0.008115 -0.104866 0.012136 -0.011289 0.041041 -0.037898
-0.154238 -0.171854 0.041020 -0.086258 -0.027581 0.002794 0.030786 -0.029214 -0.138328 -0.073788
-0.012359 -0.098718 -0.090472 0.026914 -0.015682 -0.081841 0.001648 -0.001869 0.025180 -0.093632
0.120681 -0.152276 -0.089701 0.024872 -0.080377 -0.126537 -0.111587 -0.014623 -0.088237 -0.408125
0.064039 -0.287907 -0.147421 -0.105653 -0.057566 -0.054715 0.054484 0.476866 -0.191424 -0.119062
-0.018408 0.181252 0.070782 0.005163 -0.074135 -0.104497 -0.123840 -0.088622 -0.097176 0.005091
0.007735 0.069280 -0.036027 0.111818 -0.049397 0.121220 -0.193762 -0.068810 0.469339 0.053154
0.105972 0.017592 0.068852 -0.021800 -0.033732 -0.056984 -0.048020 0.061992 -0.165397 0.053785
-0.007596 0.094272 -0.041223 -0.023463 -0.032511 0.026577 -0.022747 -0.135347 -0.000785 0.009680
-0.186860 0.083750 0.020927 0.034952 0.152013 -0.071167 -0.235511 -0.253692 -0.026219 -0.082867
0.011973 -0.061024 -0.006118 -0.085055 -0.047515 -0.094861 0.091242 0.038361 0.013773 0.051050
0.065275 -0.024725 0.053659 0.021863 0.535705 -0.595961 0.029881 -0.082027 -0.112925 0.025015
-0.009765 -0.050305 -0.038842 -0.034306 -0.034279 -0.050965 -0.026224 0.031750 -0.017455 -0.044670
0.242563 0.063609 0.104678 -0.212875 -0.020575 -0.013848 -0.062675 -0.006570 -0.338004 -0.098026
0.134916 -0.109901 -0.031337 0.012425 -0.055638 0.053988 0.067403 -0.134366 -0.092913 0.121281
-0.108307 -0.006817 -0.007821 -0.087195 -0.010405 -0.047886 0.006027 -0.054153 -0.047473 -0.076969
0.109406 -0.010645 -0.142500 -0.048464 0.027617 0.029900 0.025107 0.062082 -0.076956 -0.111078
0.010385 -0.033038 0.034826 0.043404 -0.057175 -0.064669 0.001922 0.133370 0.024764 0.212266
0.058506 -0.116480 0.109252 0.123403 0.088178 0.195832 0.021512 -0.092667 -0.051697 0.020238
0.020047 0.181986 -0.056528 -0.037013 0.002406 -0.442182 -0.044850 0.113513 -0.036443 -0.026381
0.050974 0.079048 -0.038364 -0.019857 0.004094 -0.046866 -0.036614 0.064555 -0.054740 0.135120
-0.054445 0.026119 0.191560 0.035784 -0.011212 0.178049 -0.087285 -0.019397 -0.005857 -0.026988
-0.087887 0.019330 -0.001210 -0.081266 -0.021721 0.061033 0.018862 -0.184604 -0.034914 0.053241
-0.016512 -0.096716 -0.015634 -0.091499 -0.112769 0.047020 0.125410 0.000602 -0.202796 -0.053843
0.164137 0.124206 -0.004761 0.029028 0.002408 -0.087085 -0.053742 -0.035182 -0.099459 -0.018059
0.081533 0.038024 0.052806 -0.045649 0.038192 -0.084677 -0.090763 0.030399 -0.149340 -0.086655
-0.062741 -0.019863 0.201558 -0.045297 0.153841 -0.371155 0.049855 -0.015094 -0.074951 -0.030751
-0.010973 0.314210 0.092282 -0.299355 0.022874 0.023661 -0.044397 0.037785 -0.031061 -0.079003
-0.058014 0.026503 -0.042202 -0.471765 -0.035366 -0.002504 -0.060040 -0.124806 0.097122 0.026995
0.037391 -0.118279 -0.047182 -0.064823 0.006348 0.056410 0.034212 -0.168134 0.103480 -0.051177
0.078327 0.016346 -0.012485 -0.109051 0.062628 0.004013 -0.099905 0.001720 -0.039386 0.071695
-0.015410 0.084726 -0.090778 0.025989 0.007803 -0.007052 -0.092486 0.072378 0.027795 -0.016521
-0.000493 -0.064765 0.063057 0.155689 0.117914 0.019315 -0.162522 0.058664 -0.139974 -0.029967
0.005588 -0.166427 0.009785 0.045145 0.104053 -0.394348 0.105810 0.195417 -0.055345 -0.054662
0.027844 -0.103077 -0.046682 -0.070914 -0.007998 0.269601 -0.058615 0.171405 -0.088631 -0.027185
-0.190732 0.056468 -0.086923 0.151590 0.030224 0.076808 0.102889 0.014521 -0.064964 0.019935
-0.074176 -0.017153 -0.014334 0.144045 -0.007376 -0.013063 -0.116229 0.001076 0.080457 0.003163
0.078303 0.053538 -0.062451 0.124304 0.112161 -0.167853 0.118382 0.194891 0.234970 0.112460
0.094933 0.197045 -0.052551 -0.001873 -0.175270 0.028878 -0.163306 -0.268229 -0.124903 -0.111204
-0.194054 0.107196 -0.101752 -0.031315 -0.369683 -0.222408 -0.149189 -0.195968 -0.099599 0.009594
0.201830 -0.233774 -0.067719 -0.237420 0.025285 -0.019948 0.011024 -0.066669 -0.051411 -0.077484
-0.087983 0.017857 -0.126549 0.019966 -0.134949 -0.047456 -0.006404 -0.089103 -0.957520 -0.022346
-0.113671 -0.006361 0.025110 0.034770 0.123610 -0.095402 0.738019 -0.115630 0.083573 -0.151187
0.080003 0.028995 -0.170226 0.138658 -0.265418 -0.105761 0.104501 -0.005407 -0.074194 -0.021908
0.249459 0.065795 0.076224 0.087703 -0.154827 0.136559 0.029608 -0.086583 0.014454 -0.017052
-0.063825 -0.017061 -0.004029 0.014484 0.015922 0.137498 -0.066310 0.139247 0.056370 -0.004228
0.297268 0.039666 -0.057567 0.252356 -0.071786 0.003837 0.000686 -0.174864 0.019511 0.043578
-0.050434 0.004717 -0.024228 -0.022318 0.080989 -0.179373 0.052505 0.045649 -0.283463 0.047397
-0.027771 -0.080253 -0.061432 0.039620 -0.100040 -0.068243 0.024619 0.013322 0.052275 -0.332977
-0.017705 0.092171 -0.064607 -0.039850 0.373472 -0.027472 -0.028553 -0.134093 0.025716 -0.125634
-0.002251 -0.063965 0.101934 0.061452 0.040885 0.017201 -0.019140 0.019714 -0.160812 -0.107394
-0.134134 0.019590 -0.027965 -0.025189 0.042095 -0.111861 -0.426102 0.074202 0.564827 -0.011633
-0.095978 0.117879 -0.131900 0.153615 -0.191709 0.070107 0.001899 -0.168257 0.108325 -0.142820
-0.019621 0.186249 0.019233 -0.022211 -0.154732 -0.120609 0.003833 0.043119 0.079041 -0.316164
0.129419 -0.051060 -0.177315 -0.042716 -0.059498 -0.116080 -0.053370 -0.049856 -0.083593 0.003544
-0.216035 0.076566 -0.225274 -0.212496 0.099958 0.052289 0.050765 0.014374 -0.153426 0.408480
0.110671 -0.133474 -0.075730 -0.019768 -0.051846 -0.031427 -0.073912 -0.125709 -0.103693 0.006997
0.011616 0.116372 0.036882 0.055041 -0.047890 -0.197065 0.168562 -0.022827 0.044843 -0.032312
0.041649 0.042902 0.018736 0.044205 0.089589 -0.155293 0.021230 0.019829 0.000557 -0.048234
-0.021291 0.025284 -0.117060 -0.005212 -0.000158 0.002807 -0.048900 0.065982 0.024878 0.006140
0.132484 -0.023724 0.054110 0.033791 -0.001403 0.036880 0.044434 0.056529 -0.016654 -0.017789
0.050426 0.015546 -0.217184 -0.138662 0.225074 0.003417 0.052287 0.006522 -0.039968 -0.186966
-0.094823 -0.054333 0.033884 -0.042983 0.118268 0.047746 -0.005019 -0.133452 0.075546 0.086784
-0.055338 -0.004387 -0.008317 -0.041122 0.057720 0.361726 -0.012318 0.018421 0.064679 -0.031465
-0.028488 0.048826 0.028633 -0.155032 0.043498 -0.154516 0.050753 -0.058653 0.171154 -0.286332
0.023087 -0.073582 -0.109632 -0.343082 -0.166253 -0.174637 0.283236 -0.211137 0.181214 -0.120401
0.422791 -0.137878 -0.820302 -0.140457 -0.441106 -0.016163 -0.095186 -0.156451 0.027972 -0.188050
0.047561 -0.188308 -0.280399 0.013986 0.024651 0.101312 -0.138910 -0.009077 -0.111824 0.019169
-0.120595 0.151807 -0.162255 -0.161481 -0.058556 -0.208171 -0.173992 -0.098088 0.025812 -0.100474
-0.032150 -0.005985 -0.064910 0.016162 0.038576 -0.130431 -0.054499 -0.142629 -0.241867 -0.067698
-0.148466 0.013352 0.037247 -0.140538 0.187848 -0.069702 0.004190 -0.017088 -0.204577 -0.079504
0.110740 -0.015345 0.110043 0.092704 -0.023111 0.121282 0.033915 -0.056372 0.007117 -0.195515
0.057592 0.030190 0.000462 -0.040210 -0.029841 0.059160 -0.005007 0.067001 -0.041930 0.032499
-0.031039 0.067524 -0.053758 0.028796 0.011621 -0.129559 -0.016435 -0.082510 -0.069796 -0.026652
-0.045868 -0.072005 -0.002917 0.093405 -0.050261 0.073772 -0.080644 0.003014 -0.070827 -0.078828
-0.049893 0.070582 -0.018063 0.079122 -0.036444 0.001319 0.088399 0.079318 -0.064250 -0.069011
-0.069551 0.348294 -0.140574 0.097725 0.064544 -0.025670 -0.068913 -0.077502 0.088202 -0.324734
0.039046 -0.082852 0.008829 -0.051292 -0.012001 0.085945 0.025695 -0.305297 0.202812 -0.263871
0.082705 -0.106805 0.237170 0.042874 -0.061109 -0.013854 -0.080543 -0.210669 -0.052234 0.081031
0.062086 0.060353 -0.055428 0.054372 0.027389 0.031963 -0.333649 -0.021597 -0.021435 -0.097432
-0.218139 -0.212942 0.317194 -0.065712 -0.043222 0.229939 0.104360 -0.021706 -0.038404 -0.010623
0.088933 -0.159355 0.304853 -0.188259 0.141276 0.364827 -0.256786 -0.286665 -0.415925 -0.143116
0.092668 -0.219762 -0.018404 -0.401418 0.271509 -0.043059 0.118109 -0.049041 -0.184037 0.231454
0.070638 -0.318060 -0.274324 0.220737 -0.112726 0.128331 0.070066 -0.021524 0.017730 0.053762
0.032995 -0.016459 -0.052947 -0.186790 0.139899 -0.011801 -0.040331 0.025096 -0.100693 -0.209770
0.446557 -0.082759 0.177474 -0.111251 -0.034198 -0.086097 0.058964 -0.067814 -0.528230 -0.126856
-0.195951 -0.087961 0.090833 0.000560 -0.449352 0.029928 0.459911 -0.251693 -0.265202 0.111795
-0.016371 -0.093861 -0.136638 0.066262 -0.025406 0.045222 0.172971 0.044563 0.219863 -0.043747
-0.036489 -0.210547 -0.130571 -0.136243 -0.145772 -0.162675 -0.037577 -0.044583 -0.031480 -0.001391
-0.002388 0.018803 -0.076970 -0.190582 0.077537 -0.027722 0.024220 0.059160 0.029041 -0.034231
-0.113555 -0.188653 -0.053601 0.035536 -0.098808 0.087463 0.064832 0.058876 -0.083266 -0.119794
-0.057458 0.023241 0.143390 0.064548 0.064775 0.016492 0.092512 0.063754 -0.058252 -0.040839
-0.027084 -0.055416 0.006814 -0.040102 -0.057997 -0.084060 -0.048610 0.013244 0.052211 0.012124
-0.087167 -0.133523 0.077963 0.114116 0.050709 0.103414 0.078351 -0.065819 0.003611 0.062381
0.016787 0.057003 0.089496 -0.008116 0.013876 -0.079903 -0.113783 0.094764 -0.252186 -0.352218
-0.243758 -0.087722 -0.712864 -0.096095 -0.082288 0.062769 -0.690684 -0.028834 -0.097980 0.096317
0.043805 0.325158 0.009336 0.002123 0.009704 -0.041199 0.031329 0.088498 -0.066041 0.003497
0.117665 -0.033270 -0.106408 -0.040978 0.140399 0.038233 0.171340 0.045913 0.131925 0.064081
-0.188353 -0.161890 -0.029025 0.146842 -0.019231 0.043132 -0.011123 0.014545 0.024452 -0.129460
-0.072124 -0.003719 0.030646 0.006044 -0.096317 -0.023431 -0.014618 -0.066546 -0.063822 0.027355
-0.208200 -0.036678 -0.070049 -0.085161 -0.221691 -0.065476 -0.062363 -0.078351 0.154236 -0.162279
0.005112 -0.056590 -0.025149 -0.003036 -0.037132 0.103970 -0.062557 0.048645 0.016020 0.065606
0.001193 -0.070957 -0.035316 0.082826 0.035057 -0.023755 -0.082671 -0.086542 0.125680 -0.002288
-0.006917 -0.033379 0.152249 -0.151771 -0.025016 -0.204528 -0.101595 -0.004474 -0.042196 -0.031659
-0.194110 -0.038253 -0.017299 -0.061263 -0.044872 0.093471 0.047859 -0.151771 -0.059542 0.050845
-0.075503 0.144030 0.050941 -0.062362 0.054573 -0.254417 0.139920 0.061024 -0.041646 0.092420
0.015220 -0.073544 -0.002991 0.013368 0.056197 -0.291118 0.078992 0.019676 -0.023571 0.072875
-0.253270 0.119372 -0.052088 -0.089792 -0.053523 0.012340 0.009289 -0.183085 -0.064797 -0.129082
-0.208069 -0.182060 -0.023670 -0.030285 -0.073093 -0.144521 -0.043913 -0.106853 -0.201022 0.072452
-0.027706 -0.187441 -0.139011 -0.272385 -0.139139 0.040742 -0.162201 0.031117 -0.147852 -0.279304
-0.038564 -0.103394 -0.193463 -0.105764 -0.011002 -0.322352 0.013453 0.296216 -0.039525 0.152464
-0.026185 0.073029 -0.042120 -0.175398 0.137730 0.005926 0.059833 -0.177576 0.200638 0.023254
-0.086290 0.035105 -0.015004 -0.019240 -0.106635 0.041696 0.051189 -0.063387 -0.022201 -0.011710
-0.031516 -0.001151 -0.010646 0.045777 -0.588002 -0.069996 0.045910 -0.021269 0.042472 -0.027746
-0.013396 -0.000109 0.012620 -0.001566 0.010607 0.086009 -0.043382 0.033068 -0.082194 0.117547
-0.003646 0.087739 0.144960 0.275903 -0.043492 -0.002391 0.072125 0.035353 -0.007763 0.002519
-0.034954 -0.064185 -0.005966 -0.075896 -0.034244 -0.070706 -0.088537 0.012731 -0.043714 -0.050967
-0.154947 -0.102744 -0.103219 -0.024141 0.004448 0.079731 0.079692 -0.088089 0.037925 -0.019695
-0.162710 -0.008194 0.015051 0.026359 -0.165879 -0.077157 -0.133876 -0.300230 -0.009917 -0.008818
-0.011199 -0.045074 -0.065116 0.552296 -0.089514 0.030538 -0.099417 0.003676 -0.025448 -0.181089
-0.469911 -0.185208 0.017695 0.241610 -0.058066 0.007867 -0.040836 -0.104407 0.128885 0.109952
-0.000499 -0.010115 -0.132054 0.064878 0.067888 -0.158433 -0.264583 -0.043846 0.010369 -0.004761
0.056357 -0.038008 -0.003321 -0.354308 0.001204 -0.050814 -0.020765 -0.097588 -0.028069 0.013700
0.026759 0.011884 -0.009454 0.029872 0.168962 0.071211 0.094147 0.126367 0.190151 -0.013427
-0.042486 0.204131 0.261908 0.155419 -0.011782 -0.013673 0.022963 -0.003038 0.009072 0.086283
-0.072358 -0.001091 -0.073832 -0.151815 -0.092290 -0.156075 -0.142313 -0.198233 -0.262563 -0.197578
-0.091963 -0.111240 0.089833 0.038254 -0.114462 -0.112168 0.001181 -0.069306 0.121574 0.012765
-0.087443 0.068317 0.076451 0.071175 0.009062 -0.085135 0.046909 0.019759 0.494651 0.271289
-0.275246 -0.135205 -0.060787 -0.096897 -0.034323 -0.045755 0.021916 -0.015691 -0.049712 0.048696
-0.008347 -0.040287 0.049053 -0.015499 0.026258 -0.080298 0.022369 -0.096787 -0.036082 0.016145
0.026601 0.003397 0.073813 -0.090411 -0.088872 -0.098326 0.064634 0.008931 0.012586 -0.001023
-0.144658 0.012078 0.074692 0.020253 -0.191313 0.091615 0.049723 -0.246214 -0.164115 0.058017
-0.010420 -0.230384 0.148369 0.086983 -0.319472 -0.287138 -0.154768 -0.134643 0.162768 0.135064
-0.119992 -0.388689 -0.872360 -0.357364 0.642313 -0.048797 -0.226174 0.030145 0.085089 -0.058480
-0.413613 -0.247393 -0.032945 -0.143653 -0.250593 -0.079615 -0.142053 0.427759 0.042692 0.072037
-0.214722 0.011989 -0.173125 -0.076668 -0.193165 0.183229 -0.277370 -0.113929 -0.118307 -0.058143
0.051533 -0.244025 -0.064892 0.044740 -0.030835 -0.022526 -0.160759 0.046945 0.049488 -0.306822
0.197953 -0.185291 0.082528 -0.015290 0.098807 -0.023289 0.361765 -0.067322 -0.034452 -0.015813
-0.199762 -0.050986 0.247131 0.059465 0.029506 -0.285794 -0.012181 -0.181448 0.082415 -0.031626
-0.020095 0.249618 -0.118139 -0.211406 0.013100 -0.022497 0.070996 0.011955 -0.063931 -0.052767
-0.007384 -0.103612 0.074727 0.018540 0.018837 0.027839 0.096150 -0.108812 0.068114 -0.049488
-0.074455 -0.083839 0.008906 0.007468 0.030697 -0.089356 0.016103 -0.178429 0.047342 -0.138254
0.000324 0.035412 0.020606 -0.024237 -0.284430 -0.201628 -0.044843 -0.136556 -0.005499 -0.069551
-0.136651 -0.225771 -0.030720 -0.168149 -0.194650 0.044254 -0.304989 0.025675 0.118921 -0.153626
-0.176260 -0.023777 -0.005373 0.234258 0.021266 0.063469 0.077992 -0.206909 0.024355 0.008971
0.075917 0.041990 0.137877 0.029707 0.037086 -0.065638 -0.231429 0.076954 -0.066020 -0.044451
-0.079511 -0.017592 -0.081070 0.049044 0.155988 0.182725 -0.097431 0.033236 0.077379 -0.031739
0.031964 -0.127940 0.084227 -0.765672 0.048224 -0.004541 -0.028110 0.031595 -0.024891 0.028417
0.033564 0.106453 0.072581 0.159925 0.075534 -0.114818 0.105140 0.044533 0.114654 0.112029
-0.044533 0.058721 0.056958 0.000719 0.049413 -0.066512 -0.055482 -0.012815 -0.020216 -0.038833
0.008540 0.056015 -0.161729 -0.097103 0.092921 -0.011267 0.191398 0.107482 0.216054 0.031196
-0.026819 0.078534 -0.362361 -0.105507 0.078398 0.103396 -0.017897 0.112999 -0.216872 -0.013120
-0.282260 -0.097197 0.177366 0.143718 0.358819 0.119743 -0.028403 0.176413 -0.331847 0.170146
0.185949 -0.408133 -0.434016 -0.080578 1.292512 0.373259 0.126963 -0.324490 -0.196710 0.139768
-0.107823 -0.233491 0.174642 -0.574329 -0.307326 -0.215646 -0.102033 0.174506 0.157886 0.006611
-0.393148 -0.515752 -0.503491 -0.163607 -0.138600 -0.212696 -0.020842 0.032434 -0.159248 0.018581
-0.121606 -0.044060 -0.031498 0.059341 -0.181632 -0.019415 0.101506 -0.176790 -0.127819 0.052946
0.050068 -0.053083 -0.153949 -0.110825 -0.095841 -0.028940 -0.172496 -0.180993 -0.042736 -0.021756
-0.201367 0.009570 0.041594 -0.033987 0.010478 0.152030 0.077248 0.130925 0.024988 -0.025856
0.008885 -0.052078 -0.035221 0.179074 -0.046207 0.133575 -0.022373 -0.066513 -0.294010 0.077568
-0.224573 0.161167 0.347020 0.249231 -0.209058 -0.293368 -0.185667 0.003475 -0.110211 0.059665
-0.043543 0.126003 -0.017526 -0.240112 0.024200 -0.036109 0.103736 -0.056229 0.007896 0.086623
-0.064455 -0.110872 -0.200600 0.108097 -0.431330 0.138755 0.307904 -0.082923 -0.437673 -0.308433
-0.080544 0.133733 -0.023308 -0.149459 -0.048796 -0.092768 -0.064521 -0.067726 0.059400 -0.049754
-0.074135 -0.049258 -0.155934 -0.106445 -0.063200 0.012025 -0.141002 -0.111004 0.037332 -0.032376
0.034974 0.040513 0.080016 -0.002634 0.108681 -0.012750 0.114572 -0.019740 -0.053857 0.060012
0.017564 -0.039832 -0.026225 -0.088765 -0.006161 -0.086742 -0.045855 0.028269 -0.070080 -0.091095
-0.061331 0.013057 -0.010436 -0.321997 -0.122222 0.116506 0.061550 -0.033369 0.031918 -0.091710
0.022477 0.095843 -0.036425 -0.237761 -0.007875 0.083269 0.014102 -0.101910 0.031193 0.346617
0.131542 -0.206634 0.012552 -0.006924 -0.327976 0.061902 0.074300 -0.058781 0.013690 0.085291
-0.289509 0.012798 -0.030316 -0.273520 0.002665 -0.026242 0.007979 -0.010438 0.027380 0.009531
-0.007202 0.004397 -0.034713 -0.105153 0.006422 0.035481 -0.059863 0.062169 -0.020738 -0.055713
0.088857 -0.005473 -0.133317 -0.080494 0.129627 -0.005677 -0.105645 -0.123109 0.205386 0.245480
-0.070409 -0.017264 -0.064814 -0.036558 0.007971 0.004827 0.016419 -0.002085 -0.017172 -0.025858
0.037357 -0.013221 0.012030 0.063584 -0.040216 -0.052976 0.260124 0.235327 -0.284921 0.003865
0.165646 0.117105 -0.095222 -0.306495 0.158455 -0.113262 0.109604 -0.006846 0.035150 0.032980
-0.284177 0.309223 0.219332 0.319637 0.164654 -0.129814 0.729537 -0.153991 0.021961 -0.124111
0.289881 0.006478 0.180648 0.098011 0.903118 -0.068007 -0.569842 -0.000117 -0.473629 0.052136
-0.261364 -0.394773 -0.606542 -0.085985 -0.378903 -0.055236 -0.250577 0.089890 -0.329556 -0.275250
0.219828 0.141469 -0.072904 -0.275994 -0.169822 -0.042572 -0.059236 0.066305 0.000543 0.077842
0.018305 0.009822 -0.058731 0.068209 0.133698 0.037037 -0.253413 -0.090504 0.135329 -0.408008
0.126551 0.184272 0.049137 0.198721 0.086853 -0.389053 0.302821 -0.308414 -0.097729 -0.113033
0.094466 0.135718 -0.154130 -0.230417 0.571460 0.024996 -0.093534 -0.503096 -0.126784 -0.071627
-0.006895 -0.036260 -0.046728 -0.162209 -0.009157 0.013974 -0.142710 -0.027326 -0.126318 -0.120647
0.171997 -0.021111 0.003079 0.061591 -0.080323 -0.004398 -0.018243 -0.126739 -0.023163 -0.161950
0.040132 -0.071728 -0.235338 -0.011997 -0.096091 -0.011315 0.007580 -0.217910 -0.119269 0.323663
-0.225497 0.018228 -0.265096 -0.028321 -0.204275 -0.256322 -0.058390 -0.003842 0.003097 -0.332911
-0.152110 -0.190523 0.155548 0.232611 0.187203 -0.582831 0.015679 -0.159698 0.051691 0.095736
0.164677 -0.059309 0.014590 0.057619 0.195502 0.204157 -0.086251 0.034767 0.149739 -0.151754
0.137492 0.152469 -0.035970 0.114991 -0.053733 0.052846 0.041524 0.021401 -0.031392 -0.042802
-0.027576 0.162833 -0.125993 -0.020869 -0.112719 -0.084540 -0.032669 0.108318 0.104556 0.229982
0.058773 -0.079642 0.093838 -0.080706 -0.032421 -0.075383 -0.063316 0.080777 -0.010026 -0.198891
-0.173054 -0.046990 -0.046422 0.021011 -0.072331 -0.053094 0.042234 0.027630 0.024542 -0.000252
-0.068462 0.014480 0.067184 0.140757 0.002442 0.058880 -0.043122 -0.078222 -0.023354 -0.090880
-0.059013 0.009707 0.096051 -0.017575 -0.187826 0.232471 -0.233067 0.098189 -0.066669 0.019364
-0.207414 0.229488 -0.220738 -0.166647 0.077209 -0.065724 -0.265681 -0.000259 0.219744 0.092919
0.030153 -0.204431 -0.009974 -0.014753 0.065376 -0.037784 -0.048100 0.146661 0.081633 -0.046161
-0.007314 -0.072883 0.068160 0.026871 -0.039027 -0.109375 -0.067415 -0.103309 -0.001650 0.005435
-0.015723 0.038952 -0.032440 0.006314 -0.006047 0.118522 0.009525 -0.007089 -0.026669 -0.094997
0.115045 -0.020142 0.100430 -0.037599 -0.171006 0.005422 -0.211978 -0.015294 0.048716 0.012140
-0.098494 -0.013264 -0.000171 -0.064768 -0.051870 -0.021641 -0.280555 -0.043189 -0.220472 0.090874
-0.124414 0.352505 -0.029058 0.163761 0.170007 0.034632 -0.080507 -0.158765 0.074823 0.160888
0.130035 -0.060083 0.141277 -0.074011 -0.135781 -0.076447 0.135656 -0.744483 0.111610 -0.167259
-0.110548 -0.020533 -0.063612 -0.145899 -0.057800 -0.056096 0.002610 -0.031030 -0.025048 0.468082
-0.016199 -0.032113 0.027870 -0.051871 -0.064404 -0.026859 -0.107292 0.088688 0.044806 -0.167152
-0.060853 -0.110985 0.002036 -0.004489 -0.046297 0.076049 -0.019190 0.096144 0.006928 0.025367
0.035255 -0.074416 0.010376 -0.027906 -0.017459 -0.004478 0.079315 0.101612 0.017574 0.016722
0.026024 0.055208 0.081659 -0.050770 -0.066712 -0.006080 0.046368 0.086487 0.018710 0.018196
-0.001579 0.005357 -0.091584 -0.104775 0.130781 -0.037305 0.015401 -0.095182 -0.125235 -0.223790
-0.057072 -0.099754 0.011045 -0.004366 -0.088961 -0.050102 -0.144721 0.264860 -0.001476 -0.042794
0.024133 -0.036593 0.041183 -0.018877 0.028236 0.074010 0.017556 -0.179871 0.180920 0.034044
0.039085 0.019242 0.044068 -0.044743 0.048940 0.029416 0.031234 0.035618 -0.023927 -0.072136
-0.027974 -0.145096 -0.011439 -0.023664 0.010127 -0.079593 -0.046204 -0.101927 0.000812 -0.024020
-0.038726 0.034917 -0.470528 -0.222547 0.071588 0.239430 -0.010970 -0.044482 0.077234 -0.085894
0.004125 -0.117193 -0.099269 -0.120044 -0.136159 -0.019720 -0.094007 -0.027777 0.113466 0.110945
-0.028284 -0.029572 0.173324 -0.099105 -0.128266 -0.042892 0.224959 -0.106395 0.002677 -0.178038
0.116645 -0.549899 0.040864 0.000515 0.029381 0.024845 0.007564 0.008551 0.026571 0.135611
0.078659 0.162251 0.066654 0.045907 -0.019637 0.059967 -0.091102 -0.067586 -0.041429 -0.031712
0.097425 0.032920 -0.010431 0.100792 -0.001761 0.019855 -0.019598 0.029736 0.048310 0.045821
-0.007727 0.002951 0.019598 -0.039270 -0.031035 -0.033323 -0.006011 0.004438 -0.007356 0.028675
0.028693 0.033341 0.004357 0.030377 0.013413 0.012187 -0.058082 0.031182 0.102841 -0.010147
0.089666 0.022142 0.028309 0.057606 0.036342 0.077955 0.044174 0.034823 0.012910 -0.016076
0.050762 0.076564 0.008742 0.045272 0.086738 0.058631 0.008412 -0.047134 0.022218 -0.000443
-0.045982 0.074890 0.006900 0.094739 0.004582 -0.040090 0.099819 0.000153 -0.015174 0.035691
0.028516 -0.039802 -0.023331 -0.005329 -0.136164 -0.111655 0.060645 0.142135 -0.028254 -0.061274
-0.107674 -0.008955 -0.031737 0.011751 -0.088454 0.261435 0.171776 -0.158998 -0.051193 -0.266253
0.026329 0.006065 0.025007 -0.194401 -0.108617 -0.232527 0.217653 0.052816 -0.011515 -0.008563
0.140354 -0.031894 0.133231 -0.041242 -0.028226 0.023967 -0.075126 -0.014759 -0.031145 0.110165
0.010463 -0.017246 0.015071 0.020637 -0.033852 -0.001804 0.042734 -0.029716 -0.023207 -0.019648
-0.256463 -0.011649 0.035981 0.081635 0.020591 0.013413 -0.094835 -0.003730 0.008425 0.046566
0.124947 -0.020622 -0.026553 -0.047965 0.081635 -0.104203 -0.146481 0.032818 0.026066 -0.081818
-0.005060 0.048817 0.120628 -0.015907 0.027252 -0.001705 -0.096113 0.001890 0.000603 -0.009049
0.008197 0.089056 0.334066 0.316376 0.143003 -0.490923 -0.050642 0.162963 -0.022777 0.083673
-0.065436 0.122887 -0.068488 -0.520353 -0.154509 -0.156388 0.096744 -0.222136 -0.161554 -0.043598
-0.208204 -0.259707 0.079798 -0.239669 -0.032366 -0.109033 -0.182844 -0.117252 -0.243740 -0.546027
0.233564 -0.085630 -0.380403 -0.209300 -0.021662 0.342832 0.049664 0.058548 -0.181905 0.132750
-0.037473 0.149265 -0.017024 0.108094 -0.125079 0.042854 0.046455 0.060661 -0.028217 0.078781
0.292648 -0.370044 -0.183439 -0.309742 -0.067306 -0.134691 -0.083331 -0.006212 0.095043 0.078425
0.066277 -0.355483 -0.061292 0.047799 0.079493 -0.163813 0.149094 -0.010055 -0.049777 -0.498563
0.102324 0.100820 0.097418 -0.163022 0.127331 0.139598 -0.363080 0.004118 0.068335 -0.152418
-0.169037 0.295972 0.374160 -0.001904 -0.095677 0.312433 -0.123375 -0.030586 -0.327627 0.186130
-0.051914 -0.149411 0.116569 -0.264634 -0.075536 0.075418 -0.054051 -0.285526 -0.133727 -0.048604
0.024168 -0.007109 0.024315 -0.077497 -0.021778 -0.057304 0.021684 -0.113856 -0.028008 0.014890
0.004948 -0.027001 -0.064984 -0.009070 0.020650 -0.040387 -0.029699 0.046697 0.010446 -0.035365
0.139205 -0.120193 0.002922 0.032948 0.213534 -0.000112 0.029565 0.026343 -0.261654 0.057787
0.035902 0.022892 0.054323 0.044200 0.026678 -0.112245 0.070891 -0.018609 0.008418 0.010204
0.020918 0.013265 -0.020502 -0.060956 -0.083297 0.092266 -0.057741 -0.003581 -0.178628 -0.040001
0.149128 -0.067631 -0.210574 -0.215332 -0.487216 -0.145322 -0.046968 -0.092169 0.026424 0.088294
0.202146 -0.009261 -0.135874 -0.062805 0.216692 -0.011759 -0.223625 -0.011530 -0.180667 -0.176589
0.043094 0.070214 0.159868 -0.024317 0.003666 0.207584 -0.183522 -0.016661 0.091013 0.070486
0.016984 -0.069806 -0.030944 -0.071913 0.011674 -0.056960 -0.086799 0.097606 -0.000991 -0.009431
0.084760 -0.057198 0.082857 -0.074700 -0.103312 -0.065907 0.128410 0.036480 0.135122 0.005852
0.138527 0.320246 -0.047254 -0.013631 -0.081229 0.034680 0.081618 -0.493405 -0.156718 -0.049759
-0.071598 -0.067172 -0.071015 0.043971 -0.086093 -0.014203 -0.077386 -0.049953 -0.051753 -0.218102
0.091443 -0.045624 -0.019189 -0.036358 0.089887 0.157983 0.053504 -0.103895 -0.018629 -0.068485
0.004761 -0.052531 -0.010725 -0.041052 0.002681 -0.022557 0.095043 0.062211 -0.104771 0.119655
-0.156913 0.023785 0.059160 0.128404 -0.137150 -0.001991 -0.022170 -0.121844 -0.028882 0.044127
0.030142 0.107266 -0.078658 0.006431 0.067360 -0.104958 0.048349 0.077018 0.010531 0.018040
0.026498 0.086493 -0.016400 0.005394 0.009726 -0.006047 0.007422 0.154765 -0.110242 -0.006499
0.040908 0.060952 -0.127432 -0.021350 0.013909 -0.023840 0.055243 -0.054726 0.047590 0.029838
0.042761 0.007220 -0.050444 -0.010683 0.022124 0.035745 -0.076107 -0.058432 0.022048 0.030066
0.028371 -0.010159 -0.063747 -0.024530 0.020380 -0.212902 -0.125087 0.071214 -0.497388 -0.110771
-0.026705 -0.035669 -0.154277 -0.051158 -0.188464 -0.003172 0.049276 -0.010074 0.218949 0.055756
-0.224380 -0.045758 -0.054830 0.153042 -0.010591 0.202658 0.073374 0.054645 -0.046962 -0.137244
0.082692 0.069486 -0.006873 -0.097009 -0.014973 -0.040760 -0.036317 -0.018621 -0.013329 -0.025533
-0.080039 0.149463 -0.104908 -0.096022 -0.175505 -0.093738 -0.039186 0.033416 -0.170567 0.098368
-0.080944 -0.292738 0.069897 -0.078839 -0.058817 0.014121 -0.070686 0.120067 -0.417671 -0.369276
-0.120199 -0.006637 -0.017244 -0.175169 0.250261 -0.076143 -0.054313 -0.055694 0.129076 0.025825
-0.214491 -0.076735 0.408729 -0.022225 -0.045009 -0.180693 0.025020 0.150840 -0.145054 -0.154654
-0.117306 0.087585 0.205285 -0.183718 -0.198183 0.074500 -0.022011 0.154654 0.183060 -0.116714
-0.243685 -0.124013 -0.111585 -0.034685 0.032269 0.280376 -0.104649 -0.021201 0.141884 -0.026131
-0.304685 -0.014184 0.009537 -0.042559 0.573081 0.004997 0.019704 -0.097593 -0.110193 -0.007698
0.014932 -0.122794 -0.028777 -0.067225 0.177670 0.011727 -0.273940 -0.042149 -0.145664 -0.094190
-0.101436 -0.037078 0.117061 -0.028084 -0.055065 -0.064358 -0.131678 0.141002 0.052482 -0.032919
-0.014601 -0.034211 -0.048009 0.015081 -0.063760 -0.031817 0.063004 0.055254 -0.004631 0.002548
-0.093560 -0.065965 0.036668 -0.068422 0.023170 0.018772 0.014450 -0.015823 -0.112903 -0.122879
-0.068719 0.074078 -0.007836 -0.071584 -0.017272 -0.005055 0.129282 0.001597 -0.078459 -0.199248
-0.022395 -0.051228 0.039634 0.028394 0.011703 0.062585 -0.023153 0.057125 0.022867 -0.027215
-0.110881 0.025698 -0.011990 0.131169 -0.198574 -0.094434 -0.020912 0.066259 -0.002231 0.021452
-0.011408 0.003000 0.022564 -0.096254 -0.017576 -0.073269 -0.017323 0.021013 -0.066528 -0.065618
0.100770 0.050520 -0.164754 -0.141630 -0.069370 -0.021385 0.041166 0.112004 -0.049634 -0.033285
0.022672 0.021170 0.029853 -0.009349 0.039043 0.031749 0.110829 -0.102248 0.039834 -0.065441
-0.052389 -0.010873 -0.147863 -0.074609 0.045998 0.048414 0.017015 -0.017331 -0.104597 0.037869
0.058034 0.084183 -0.410800 -0.136030 0.084906 -0.144882 0.018370 0.019059 0.070364 -0.210820
0.045840 -0.048279 0.086803 0.096377 0.057312 0.041730 -0.019691 -0.118778 -0.108933 -0.035859
0.038145 0.007598 -0.107098 -0.022185 0.035589 -0.085330 0.033033 -0.028200 -0.034129 0.001874
0.113287 -0.023993 -0.034407 -0.022967 -0.026253 -0.019281 -0.055809 -0.033068 0.216560 -0.017838
-0.230190 -0.032129 -0.014039 -0.035415 -0.084635 -0.055461 0.113982 -0.026270 0.019159 -0.000418
0.005129 0.043674 0.028635 -0.076290 0.103760 0.017203 0.096666 -0.013761 -0.136793 -0.025018
0.133524 0.189577 -0.157865 0.003779 -0.089433 -0.060781 -0.024288 0.020446 -0.391254 0.434769
0.041106 -0.123674 -0.005296 0.015555 -0.022473 -0.027483 0.065941 0.030322 -0.000771 -0.104493
-0.074624 -0.007992 -0.010366 -0.068994 -0.125583 0.025360 -0.236852 0.011618 0.014911 0.030823
-0.085456 -0.020565 0.260899 -0.026243 -0.011654 -0.164327 0.048310 0.036453 -0.064175 -0.004086
0.002609 -0.052676 0.138275 -0.098386 -0.029606 -0.005204 -0.001454 0.016235 -0.024119 0.043754
-0.122911 -0.003075 -0.018799 -0.044278 0.036764 0.118235 -0.177629 -0.211558 0.218773 0.015919
-0.099868 -0.040377 0.022434 0.369382 0.233512 0.087816 -0.201118 0.041644 -0.364776 0.191292
-0.654017 -0.001697 0.051354 -0.094188 0.014863 -0.062370 0.168878 -0.082059 -0.073654 -0.046902
-0.053772 -0.216164 0.020841 0.041106 -0.042335 -0.212018 0.088814 0.126965 -0.041337 -0.099868
0.022012 0.112918 -0.116986 -0.062869 -0.026023 0.080985 -0.043102 -0.119980 0.061026 -0.038324
-0.134411 -0.057841 -0.155137 0.010421 0.014486 -0.015841 -0.028144 0.010223 0.040540 -0.103637
-0.040809 0.031186 0.033980 -0.193367 0.060841 0.022846 0.028310 0.032573 -0.084929 0.008826
0.050411 -0.097429 0.019691 -0.037436 -0.000164 -0.171183 0.016328 -0.460572 0.014155 -0.019660
0.015355 0.097098 0.007605 0.314719 0.002662 0.131119 -0.027192 0.245020 -0.066222 0.048425
0.026489 0.104713 0.022081 0.006607 0.004615 0.042837 -0.059517 -0.044162 -0.039961 -0.129712
0.027254 -0.068415 
