0.345433 -0.180735 -0.005176 0.151021 -0.220730 -0.174131 -0.191205 0.062304 0.049004 0.151398
0.014692 0.034572 0.022698 -0.199789 -0.050843 -0.161774 0.073860 -0.195827 0.350904 0.036411
0.332793 0.141305 0.002800 0.063719 0.016378 -0.186300 0.132249 0.069238 0.077727 -0.212806
-0.135174 0.066361 -0.182677 -0.219011 0.019698 0.095102 -0.001725 0.403896 0.000144 0.085918
0.071916 0.164710 0.006358 0.194119 0.020990 -0.126167 -0.059771 -0.191610 -0.001597 -0.043386
-0.288469 -0.112216 -0.221219 0.226640 -0.040149 0.071766 0.121851 0.344677 0.056359 -0.042984
0.128074 -0.174346 0.361539 -0.044791 -0.008485 0.029543 0.119586 -0.432746 0.027456 0.033138
0.000468 0.213840 0.043997 -0.417248 -0.096936 0.061730 0.035336 -0.008527 0.101481 0.000423
-0.005085 -0.003658 -0.061656 0.024104 -0.061395 -0.017677 -0.059979 0.009286 -0.014073 0.054838
0.008964 0.065009 0.050480 -0.034684 -0.054242 -0.006892 0.010112 -0.272170 -0.036676 -0.269192
-0.076877 -0.011582 -0.121097 0.898102 -0.228694 0.931453 0.002145 0.553869 -0.117325 -0.061740
-0.032607 0.056131 0.086952 -0.064618 -0.031738 0.662261 -0.002409 -0.874280 -0.020969 -0.093900
-0.091269 -0.037744 -0.118417 -0.065611 0.086852 -0.012457 -0.020696 -0.020336 -0.083576 -0.037284
0.455820 -0.020692 -0.012672 0.026853 -0.018366 0.000217 -1.007496 -0.135709 -0.149646 -0.030932
0.049160 0.042510 -0.248645 0.066240 0.469077 0.054556 0.011047 -0.115400 0.019555 0.012269
-0.128401 -0.043084 -0.295213 0.082428 -0.091776 -0.125852 -0.043424 0.064116 0.025260 -0.142423
0.047080 -0.029522 0.034184 0.215979 0.005778 0.044361 0.023249 0.155303 0.048634 -0.486963
0.059394 -0.041370 -0.181019 0.020549 0.149399 0.036204 0.027949 0.051742 0.007254 0.037835
-0.023288 -0.237111 0.021850 0.090587 -0.254514 0.058074 0.043740 0.062696 -0.022006 0.030629
0.026240 0.014849 0.056974 0.024060 1.205530 0.013259 0.026274 -0.068218 0.040927 -0.056708
0.063703 0.047146 -0.166362 -0.090220 -0.155915 0.020098 -0.127583 -0.004474 -0.895294 0.022865
0.178315 -0.128114 0.116427 -0.158660 -0.108813 -0.029040 0.009302 -0.086324 -0.137145 -0.182742
0.083890 0.032117 -0.045907 -0.080437 0.004257 -0.000512 -0.101821 -0.001401 0.024705 -0.034924
-0.005379 0.070633 -0.019962 -0.082712 -1.054242 0.096157 -0.002194 0.025694 -0.025745 -0.021036
-0.011653 0.065412 -0.051866 0.013845 -0.025472 0.051729 0.047259 0.438403 -0.067050 -0.002089
-0.140584 0.003167 0.112399 -0.000087 -0.035692 0.756696 0.023169 0.029421 0.293484 0.004312
0.027381 -0.000914 0.005979 -0.182300 0.511342 0.210958 -0.017928 -0.132678 0.016444 -0.028493
-0.093671 -0.032689 -0.720708 0.051612 0.047068 0.009893 0.013699 -0.155366 0.095528 -0.033883
0.141966 0.022290 0.033203 -0.094069 -0.062226 -0.032805 0.048991 0.201405 -0.081147 -0.074239
-0.097926 0.034351 -0.070677 -0.024546 -0.051752 0.070848 -0.181262 -0.214391 0.267259 -0.114576
-0.230526 0.006566 -0.015438 -0.032163 -0.047118 -0.124789 -0.095609 -0.016039 -0.018098 -0.323732
-0.341240 -0.626865 -0.015620 0.052954 0.693122 0.259535 -0.080718 -0.037098 -0.032485 0.468261
0.025513 -0.018575 -0.054614 -0.066199 -0.027666 0.027717 0.005485 -0.035407 0.018763 0.051640
-0.059945 0.184142 -0.143130 -0.028794 0.395078 -0.041558 -0.143267 -0.023582 0.078947 -0.289268
-0.038858 -0.264798 -0.364183 -0.110868 -0.200547 -0.067669 0.062235 0.491318 0.017498 0.026213
0.057143 0.066507 0.047923 -0.106260 -0.011842 -0.126278 -0.222428 -0.019892 0.001617 -1.425157
0.026843 -1.078169 0.053433 0.723498 0.015305 -0.066678 -0.228696 -0.136995 0.056921 0.002237
0.059702 0.347797 0.035765 0.280057 0.009156 0.029143 0.074918 -0.005267 0.203218 -0.044561
0.049237 -0.040391 -0.019981 -0.015052 -0.031267 -0.025463 0.067887 -0.025126 0.009746 -0.014486
0.009155 -0.024384 -0.027038 0.064648 0.136225 0.038038 0.520785 -0.014666 0.112201 -0.016556
-0.001800 0.008790 0.001500 0.072746 -0.021853 0.104553 0.041749 -0.018254 -0.512508 -0.025823
-0.112831 0.060644 0.008857 -0.008025 0.006433 -0.002532 0.059251 0.016972 -0.138507 -0.110576
0.049439 -0.019336 0.043345 0.143645 0.009436 -0.199944 0.364468 0.136648 -0.048701 0.020033
0.042853 0.038808 0.062530 0.047417 0.017245 0.021262 -0.028751 0.063186 0.077835 -0.887229
-0.212625 -0.001304 0.084831 0.029243 -0.015072 0.030117 -0.025676 0.331017 0.028775 0.069795
0.063237 -0.088130 0.030782 0.047612 0.006876 -0.011041 0.002890 -0.021598 0.728598 -0.034111
-0.028423 0.054337 -0.003670 -0.000686 -0.042091 0.008708 0.057181 -0.031803 0.061999 0.046073
0.054270 0.312907 -0.062166 0.001951 -0.125939 0.074881 -0.031200 0.057315 -0.026165 -1.169184
0.061502 -0.007260 -0.008404 0.109413 0.000905 0.081804 0.028123 0.151554 0.062485 -0.273875
0.040667 0.031136 0.684175 0.031627 0.051800 0.015878 0.057656 0.034192 0.061331 0.093343
0.022908 -0.149674 -0.018891 0.108815 0.878725 0.033508 0.091292 0.081974 0.016380 0.027674
-0.008222 0.161641 0.083201 -0.119151 -0.025796 0.018753 0.304305 -0.254680 0.306762 -0.090080
-0.043361 0.095075 -0.023564 -0.018753 -0.083856 -0.119396 -0.034476 -0.211769 -0.037608 0.335424
0.157475 0.040618 0.122426 -0.042542 -0.038304 -0.044712 0.010810 -0.132089 -0.015047 -0.059166
-0.011506 -0.228802 -0.214553 -0.019910 -0.290737 0.034662 0.066146 -0.138575 -0.062421 -0.130978
-0.120824 0.054349 0.042953 -0.085468 -0.041894 0.096718 -0.150628 -0.252459 0.097375 -0.200302
0.036817 -0.096133 -0.204685 0.118267 0.000281 0.182332 0.166115 -0.105264 -0.156326 -0.448524
-0.678484 -0.122212 0.084518 -0.097156 0.004826 -0.077359 0.028610 -0.007509 0.015654 0.108024
-0.029450 -0.065415 -0.041311 -0.169621 0.079007 0.274693 0.036653 0.434948 -0.068470 -0.010786
0.516398 -0.023303 -0.044263 0.015361 0.045103 -0.540426 0.042711 -0.469971 -0.029093 0.043194
0.006077 -0.009978 0.056354 -0.012746 0.067910 -0.015539 -0.025199 -0.031359 0.027257 -0.011997
0.046976 -0.008009 -0.002137 -0.027432 -0.016514 0.461293 -0.036505 0.045578 0.010219 0.072116
-0.116256 -0.130788 0.073825 -0.008320 -0.005032 -0.141046 0.001110 -0.207178 -0.083617 0.283956
-0.061975 0.061197 0.126514 -0.034717 -0.020632 0.032600 -1.390095 -0.009354 -0.037418 0.013891
0.031293 0.009954 -0.027353 0.051139 0.002002 0.029633 0.019004 0.032730 -0.145587 -0.199204
-0.049801 -0.347864 -0.124180 0.002727 -0.548257 -0.021741 -0.033176 -0.011403 -0.007080 0.516147
-0.011738 0.526454 0.030723 -0.042715 -0.001182 -0.072100 -0.003044 -0.004918 0.013863 0.018434
0.002823 -0.042913 -0.000770 -0.031458 0.038506 0.016310 -0.014244 0.264629 -0.005161 0.006113
-0.063619 -0.094240 -0.079551 -0.033727 -0.095753 -0.059731 0.125294 0.015797 -0.006352 -0.112656
0.108498 0.097481 0.084087 0.030324 -0.040153 0.036805 -0.118165 0.131234 -0.735777 -0.141388
0.025545 -0.111144 0.108552 0.145600 -0.066228 0.063944 0.045810 0.097439 0.036567 -0.059866
0.018120 0.095264 0.117883 -0.023435 0.015469 0.278396 0.015130 0.084933 -0.243379 0.085422
0.003155 0.026807 -0.083138 0.129628 -0.040101 0.102930 0.008149 0.014790 0.034500 -0.034990
0.033848 0.021043 0.216518 0.063292 -0.026575 0.022756 0.034900 -0.019944 0.033434 0.069840
-0.030990 -0.028384 -0.007773 0.023538 -0.040499 0.018030 0.060026 -0.025798 0.078718 0.002554
-0.020820 0.008969 0.048338 -0.021848 -0.013164 0.023762 -0.040397 -0.053877 0.695877 0.081324
0.010832 0.047442 0.208014 -0.416679 0.001675 -0.009280 -0.035816 -0.001065 -0.271975 0.139256
-0.009021 0.218415 -0.213695 0.231488 -0.203528 -0.077798 -0.036130 0.026780 0.018031 -0.061957
-0.090416 0.164402 -0.014139 0.211516 -0.066859 -0.238387 -0.318273 -0.033021 -0.254727 -0.002165
0.009974 -0.097769 -0.059960 0.233485 -0.005969 0.031410 -0.059869 0.192453 0.182013 0.003169
-0.017992 0.042745 -0.554108 -0.209343 0.031527 0.086692 0.012627 0.009941 0.521254 0.033480
-0.108478 -0.019382 -0.012264 -0.002078 -0.163368 0.023163 0.420289 0.055741 -0.022399 -0.029048
-0.021585 -0.083938 -0.047202 0.069814 0.001566 0.042820 -0.054189 -0.137025 -0.058897 0.031226
0.031727 -0.078929 0.049769 0.050387 -0.003249 0.099625 0.068907 0.006635 0.084642 0.210212
0.021978 -0.105283 -0.046188 0.158234 -0.041658 0.120841 -0.027580 0.072575 -0.008492 0.073990
0.066034 -0.200842 0.052023 0.245395 -0.038873 -0.002278 -0.056177 0.016265 -0.042520 0.026232
0.125261 0.045128 -0.024995 -0.045702 -0.026471 -0.011706 -0.050564 -0.183072 -0.073146 -0.099240
-0.015766 0.279744 -0.020467 -0.010857 0.006500 -1.058555 0.009582 -0.055397 0.383364 -0.031928
0.008138 -0.142440 -0.054831 -0.459493 0.041425 0.538038 -0.048185 -0.031437 -0.001633 -0.004862
0.103318 0.067595 0.371884 -0.116988 -0.098107 -0.023753 -0.148564 -0.251432 0.026234 -0.018286
-0.132953 -0.288857 -0.173480 0.056448 0.015017 -0.033497 -0.042129 0.097233 -0.071646 -0.183405
0.067665 -0.131816 0.020470 -0.231582 -0.299609 0.087360 -0.382317 0.176891 -0.059911 0.112172
0.042465 -0.182267 -0.179579 -0.046833 0.061927 -0.189918 -0.383558 -0.042905 -0.058020 0.030350
-0.005399 -0.056744 0.018716 -0.034370 -0.003451 -0.076183 -0.001332 0.240077 -0.014526 -0.163170
-0.005610 0.027223 -0.073376 -0.035433 -0.001312 0.034306 -0.021577 -0.021991 0.044366 0.022353
-0.417539 0.128375 0.193456 -0.050576 -0.076906 0.579178 -0.085158 0.036986 0.076523 0.093581
0.138069 0.020629 0.018047 -0.021286 0.019754 0.114343 0.020367 -0.041106 -0.048066 0.046359
0.043623 -0.048635 -0.047015 0.009483 -0.089653 -0.000216 -0.012990 0.013789 0.097270 0.022917
0.104362 -0.062687 -0.180532 0.039705 -0.081642 0.155404 0.374371 0.051130 -0.027382 -0.024449
0.122222 -0.009094 -0.015410 0.178946 0.044545 -0.516785 0.060544 0.004602 0.027121 -0.094404
0.026615 0.211930 0.011122 -0.057914 -0.088542 0.008034 0.266940 0.058352 0.005510 0.033395
0.004387 0.028080 0.000178 0.198123 0.047668 0.081145 -0.006945 -0.050627 -0.016971 -0.120649
0.001575 0.129744 0.065913 0.076762 
