0.008736 -0.005373 -0.000814 0.001397 0.015091 -0.004769 -0.002457 0.003593 0.002939 -0.005609
0.007808 -0.003394 0.004581 -0.005282 -0.003329 -0.009339 -0.013360 -0.019055 -0.024419 -0.017176
0.014818 0.008947 0.042688 -0.014966 0.013406 0.003502 -0.006281 -0.013064 -0.016458 0.005871
-0.002298 0.012973 0.002798 -0.002731 -0.004485 -0.001681 0.007762 0.007847 -0.015695 0.002315
-0.018759 0.027905 -0.007084 -0.011652 -0.009710 -0.012426 0.002039 -0.016390 -0.004049 -0.026242
-0.007324 0.009368 -0.023326 -0.014579 0.003041 0.021526 0.017358 -0.008462 -0.016686 0.003423
-0.000393 -0.003779 -0.008240 -0.004382 0.024328 0.000445 -0.003269 0.113076 -0.014624 0.008611
-0.002423 -0.004376 -0.004291 -0.007198 -0.003400 -0.015752 -0.025171 0.007238 -0.001874 -0.004120
-0.015740 0.009317 -0.005458 -0.006333 0.012984 -0.009431 -0.016401 -0.009294 0.001001 0.003232
-0.010029 -0.028428 -0.023121 0.002268 0.044328 0.012153 -0.002284 -0.006970 0.003519 0.000760
-0.014920 0.004431 -0.003591 0.011259 0.000703 -0.012529 0.005607 -0.002126 0.008559 0.034260
0.009630 0.027768 0.004761 0.014852 -0.010239 0.005080 0.002504 0.011031 0.000319 0.003223
-0.004826 -0.088065 -0.026674 -0.008246 0.002358 -0.011156 -0.010775 -0.042438 -0.030433 -0.037358
-0.070889 -0.033508 -0.001041 0.000600 0.014522 0.000341 0.013269 -0.013668 0.009858 -0.000110
-0.016879 -0.002073 0.017141 0.009630 0.002198 0.007922 -0.008502 0.007137 0.003533 -0.023367
-0.013024 -0.014784 -0.002576 0.006002 -0.008142 0.000482 -0.000837 -0.007702 -0.006407 0.024587
-0.009163 -0.006007 -0.016915 -0.028688 -0.008512 0.021186 0.070900 -0.012273 0.000748 -0.017855
0.002773 -0.010493 -0.010633 -0.002402 -0.016695 0.009818 -0.013024 -0.007667 -0.010313 0.005727
-0.011033 -0.010723 -0.008192 -0.041212 -0.065338 0.001564 0.001693 0.000675 -0.007722 -0.001554
0.000721 0.003856 -0.000370 0.010068 0.008647 0.021746 0.007237 0.009003 -0.011143 -0.004129
0.019035 0.003296 -0.073541 0.003578 -0.000664 0.000254 0.018735 -0.008437 0.024387 0.016315
-0.007107 -0.029348 -0.003318 0.021326 0.001010 0.006152 -0.007032 -0.002238 0.004436 0.007432
0.001723 0.000009 0.004276 0.000875 -0.013664 0.003061 -0.004531 0.001398 -0.010008 -0.004656
0.025647 -0.000242 -0.017735 -0.018035 0.010208 -0.015864 -0.000389 -0.039771 0.128996 -0.002971
-0.003316 -0.009883 -0.004344 0.005627 -0.009758 0.004976 -0.023767 -0.002943 -0.016935 -0.002028
-0.007462 0.001692 -0.003563 -0.003351 0.002668 0.032289 -0.003581 -0.000313 0.009478 -0.000966
0.003979 0.000101 0.000121 0.002661 -0.025567 0.005612 0.022866 -0.014544 0.016695 0.015084
-0.003844 0.021806 0.004354 0.010693 -0.007942 -0.006502 -0.022486 0.012283 -0.007602 0.005221
-0.002329 0.007457 0.015314 0.053775 -0.013354 -0.003023 -0.030128 0.005612 -0.012129 -0.001898
-0.005038 -0.008625 -0.006034 -0.012079 0.000128 0.008047 0.003296 -0.011998 -0.003150 -0.002676
-0.003602 -0.001432 0.007716 -0.006220 -0.010783 0.006230 -0.013494 -0.009051 -0.011838 -0.085383
-0.038294 -0.000265 0.016205 0.007425 -0.006928 -0.018986 -0.002621 0.002696 -0.007455 -0.037230
-0.003549 -0.012862 0.000410 0.001687 -0.022832 -0.012179 0.008911 0.056346 0.037310 0.003288
-0.022591 -0.008499 -0.008946 -0.002418 0.004669 0.001988 0.002668 -0.002499 -0.003466 0.012882
0.012681 -0.010723 -0.019006 0.003223 0.004114 -0.040141 0.033374 0.008108 -0.001942 -0.018695
0.004880 0.013484 -0.007234 0.011456 -0.014799 -0.006376 0.016175 -0.002177 0.012028 0.001008
0.010894 0.011135 0.000795 0.009453 -0.013645 0.017882 0.008605 0.000873 -0.018273 -0.003281
-0.015492 -0.003358 0.017279 0.035422 0.028856 0.007801 -0.002708 -0.009383 -0.006767 0.015864
-0.008359 0.058354 -0.037129 -0.017761 -0.004952 0.010793 -0.001091 -0.003825 -0.010091 -0.001476
0.004772 -0.041527 -0.012550 -0.001304 -0.004373 -0.005582 0.002268 0.006376 -0.007194 0.011888
0.035382 0.012460 0.000964 -0.009031 0.008449 -0.004721 0.013524 0.007565 0.002554 -0.026707
0.016155 0.040503 -0.009950 -0.014699 0.024157 -0.000972 0.001893 -0.003273 0.043776 0.030221
0.003464 -0.004302 -0.014408 -0.003215 -0.010974 0.012982 0.027711 -0.015000 0.004117 -0.012962
-0.019538 0.011245 -0.003867 0.002895 0.005472 -0.007263 0.004863 -0.000463 -0.004282 0.008112
-0.004799 0.009952 0.013211 0.004711 -0.004588 0.040476 -0.002050 -0.010767 -0.079617 -0.012573
-0.006335 0.007611 -0.005403 0.014889 0.016773 -0.003330 -0.010708 0.017931 0.012700 0.000792
-0.002662 0.001959 -0.005334 0.006875 0.001266 0.002165 -0.008323 0.012504 -0.008931 -0.001996
-0.007184 0.005364 0.017755 0.033959 0.007714 -0.014614 -0.020474 -0.005423 0.011738 -0.006188
-0.004974 0.036844 -0.009721 -0.023928 -0.056062 -0.017676 0.000410 0.007763 0.004591 0.003106
-0.027324 0.008053 -0.000413 0.041183 0.002878 -0.015399 0.006252 -0.010188 -0.014820 -0.065091
-0.009879 -0.018540 -0.032644 -0.018206 -0.005177 0.005663 -0.009947 -0.010404 0.018118 -0.016459
-0.003384 -0.007940 0.002481 0.007037 0.000672 -0.005212 -0.009422 0.004301 0.012955 0.012062
0.005020 0.003369 -0.003757 -0.005830 0.006335 0.002337 0.020748 -0.007631 -0.002822 -0.024282
-0.002072 -0.009133 -0.003178 0.002087 -0.008823 0.006851 -0.002721 0.014477 0.004161 0.001821
0.011827 0.007464 0.006586 -0.006340 0.012229 0.001335 0.010620 0.034823 -0.002957 -0.001968
0.021671 -0.020650 0.009834 0.066622 -0.009594 -0.020238 0.030190 -0.007582 -0.010296 0.006316
-0.000108 -0.029582 -0.058967 -0.004880 0.015910 0.023104 0.015134 0.001948 0.015959 -0.011945
-0.003312 0.008495 -0.010992 0.028404 -0.022515 -0.015370 -0.006879 0.001852 0.001204 -0.008785
0.007278 -0.011556 -0.001041 0.013078 -0.006339 0.004097 0.007633 -0.002728 0.003563 -0.023481
0.005220 0.007551 0.001698 -0.001947 0.000557 0.005486 -0.003013 0.009871 0.007307 -0.009494
-0.001005 -0.000203 0.023880 -0.000477 0.002834 -0.005383 0.000931 -0.000574 -0.006136 0.000757
-0.010448 0.009236 -0.001504 0.011549 0.000069 0.005154 -0.013809 0.013957 0.017600 0.013093
-0.009458 -0.007278 0.006358 -0.009820 -0.007027 -0.011770 -0.006894 -0.008504 -0.018147 -0.006746
-0.006665 -0.017674 -0.008475 -0.011829 -0.010869 0.006524 0.012132 0.008113 0.006498 -0.003414
-0.000419 -0.003790 -0.022181 0.040963 -0.009938 -0.002660 -0.070754 -0.000426 0.006066 -0.006055
-0.001903 -0.015250 0.010130 0.005719 -0.007156 -0.004230 0.012354 0.004862 0.001751 0.000715
0.003670 0.006088 0.007935 0.006421 0.009679 -0.004596 0.010307 0.011312 0.007573 -0.001673
0.028919 -0.009775 -0.017954 -0.013189 -0.003303 -0.003271 0.001171 -0.008645 -0.004267 -0.006923
-0.005715 0.011556 0.001264 -0.000477 -0.011615 0.000858 -0.012406 0.005013 -0.030766 0.003000
0.005054 0.005741 0.004300 -0.002255 0.007899 -0.011748 0.002484 -0.058666 -0.008933 0.006133
0.064666 -0.001892 0.006605 0.005756 -0.002691 0.005423 0.049327 -0.016758 0.001428 0.008652
-0.001819 -0.009251 -0.004289 -0.005279 0.010337 -0.021545 0.006679 0.013011 -0.001984 -0.003020
-0.001981 0.011892 0.006340 -0.004149 -0.013658 0.010087 0.002625 -0.008045 0.004634 -0.002885
-0.000964 0.008810 -0.021719 0.025405 0.022254 -0.006707 0.005636 -0.006940 0.000278 -0.012595
0.005881 0.019425 -0.017972 0.006665 0.010814 -0.020006 0.000218 0.005644 -0.003657 0.001089
0.013444 -0.010439 -0.002478 0.002812 -0.003862 -0.001211 -0.004634 -0.009047 -0.002403 -0.006248
0.021168 0.015486 0.006183 -0.007846 0.003084 0.002065 0.001936 -0.001609 0.027072 -0.014545
-0.014591 0.001323 0.004183 0.004183 0.004428 -0.016580 0.012121 0.015066 -0.028923 -0.000312
0.006003 -0.005388 -0.008160 -0.003048 0.003814 0.006550 0.015425 -0.009330 0.000786 0.019272
-0.001837 -0.003233 -0.008940 -0.012289 -0.007625 -0.001661 0.009705 -0.000023 -0.002679 -0.004994
0.006149 0.005716 -0.017681 0.009261 -0.014293 -0.001756 -0.000311 -0.002434 -0.013314 0.001868
0.003726 -0.004998 -0.010278 0.036983 -0.029779 0.005590 -0.000699 -0.005778 0.013092 0.006080
-0.008665 0.003646 0.001502 0.004164 0.011448 0.000174 0.000443 -0.002602 -0.007361 0.004263
-0.002793 -0.050535 0.023554 0.042336 -0.005816 0.019455 0.005518 0.017008 0.006451 -0.013834
0.042367 -0.006187 -0.030360 -0.005407 -0.008037 -0.004283 0.009223 -0.004382 0.002772 0.098438
-0.046374 -0.063076 -0.001661 -0.003634 0.007487 0.005609 0.000889 0.006107 0.000428 0.034475
-0.056132 0.014431 -0.005808 -0.054083 -0.010154 -0.005612 0.011580 -0.001402 -0.009805 -0.003220
-0.006461 0.001276 -0.006503 -0.010804 -0.012398 -0.008701 0.003159 0.016521 0.012223 -0.005947
-0.013222 -0.020029 -0.007436 -0.007834 -0.002705 -0.002537 0.037738 -0.057306 0.008386 0.007708
0.007034 -0.004868 -0.000627 -0.000035 0.004735 -0.006573 -0.010057 0.004511 0.012097 0.005276
-0.011566 0.004116 -0.010098 0.008645 -0.056076 0.029268 0.005172 0.009337 0.001549 -0.002140
-0.016479 0.002563 0.007513 0.007925 0.007569 0.003620 0.006111 0.002689 0.004057 -0.003506
-0.002582 -0.008435 -0.016968 0.010958 0.003363 -0.010217 0.004504 -0.006035 0.007492 -0.006992
0.004427 -0.034076 0.004340 -0.002378 0.006534 0.004990 0.006346 0.003914 0.005483 -0.000888
-0.013453 -0.002256 -0.003861 0.004085 0.001789 -0.002705 -0.000786 -0.006091 0.002500 -0.005633
0.007205 -0.005958 -0.004668 -0.001852 -0.001040 0.012978 0.000444 -0.004993 -0.040673 -0.034076
0.001612 0.000128 -0.007897 -0.004543 -0.005724 -0.004833 0.008212 -0.025858 -0.000340 0.005371
0.014208 -0.001213 -0.010036 -0.013041 0.002581 -0.009924 0.013516 -0.013152 -0.002689 0.017597
0.005318 0.000900 -0.013041 0.000228 0.001952 0.004881 0.003534 0.009966 -0.002456 -0.001546
-0.004700 -0.000225 0.000435 0.015780 -0.024334 0.020630 -0.006457 -0.006063 -0.004801 -0.004787
-0.014690 -0.016395 0.005710 -0.004267 0.050709 -0.002296 -0.031420 -0.025941 -0.002907 -0.000935
-0.004106 -0.002021 -0.007059 -0.002355 -0.000881 -0.005354 0.002593 0.002987 0.010405 -0.000068
0.004616 0.028413 -0.006297 -0.000280 0.000731 0.002967 0.003774 0.000788 -0.005008 0.006626
-0.031200 0.019407 -0.002710 0.002087 -0.002785 -0.000389 0.003842 -0.000280 -0.002684 -0.028962
0.004561 0.000075 -0.000225 -0.002014 -0.002126 0.005002 -0.004879 0.010652 -0.026351 -0.007092
0.001628 0.006198 0.001844 0.000063 0.010307 -0.000227 0.006171 -0.025122 0.005359 -0.003500
-0.001951 -0.000260 0.002774 0.002363 0.001783 0.002136 -0.037321 0.000346 0.001641 0.001541
-0.002117 0.005493 -0.000419 0.004794 0.005189 -0.041973 0.003615 -0.001803 0.000204 0.001918
-0.004111 -0.001312 0.002019 -0.003637 -0.003442 0.006352 0.000841 -0.001273 -0.000648 -0.000274
0.001994 -0.002656 -0.000181 -0.019703 0.005869 -0.002355 0.003212 -0.002921 0.012440 0.014514
0.004421 -0.005008 -0.054764 -0.006632 -0.000804 0.001827 -0.000407 0.000705 0.005279 0.003752
-0.000494 -0.011607 -0.001626 -0.000368 0.001493 0.001232 -0.001319 -0.007668 -0.000529 -0.005814
0.074423 0.000304 -0.000190 0.005052 -0.000345 -0.000120 0.011607 0.004838 -0.002435 -0.023169
0.008162 0.001928 -0.005227 -0.001565 0.005809 0.000991 0.001165 0.014865 -0.083550 0.007734
0.000241 -0.007827 -0.003050 0.000687 0.001971 0.003664 -0.001465 -0.090308 -0.007328 0.004300
0.002248 0.007460 
