0.326435 0.234186 -0.395672 -3.476541 3.483057 0.663459 -2.564234 -0.119740 1.238131 -0.231335
-2.808602 -0.909049 2.816748 2.391547 -5.591138 0.480998 0.771795 1.301666 0.125137 0.968512
0.249052 -1.564769 -2.846072 4.770062 -0.802341 -2.272622 0.201807 1.059742 -3.355986 1.503677
2.142292 1.627490 -1.746416 -1.225912 0.291612 0.526613 3.030162 -2.730404 -1.878375 -1.270713
2.173245 0.927784 0.439048 0.667939 -0.689932 -0.860175 -0.286318 -1.221025 -1.014127 0.551864
-0.066234 0.377548 -0.814152 0.544533 0.328268 0.582003 0.199771 2.443679 -2.986176 1.449916
-2.075498 2.393177 0.024259 -0.883797 1.374162 0.062925 -2.367111 0.020886 1.599795 2.024996
-0.069950 -0.346188 0.113544 -0.211483 -0.363807 -1.064870 0.492374 -0.571098 -0.161058 -0.282521
-0.425529 0.620941 0.569235 -0.674511 1.210207 0.053482 -1.013630 -0.018939 1.408647 0.550602
0.140911 0.332830 0.998723 -0.509610 -1.446845 1.438460 -0.365671 -0.054065 1.102136 -0.451615
-1.562369 -0.524982 -0.054589 0.331433 0.360779 0.161407 0.295564 0.073192 0.081111 0.256202
0.035140 1.163625 1.579138 1.470136 0.670784 0.175964 0.423666 -0.626997 -0.449752 1.668576
0.122861 1.352748 -1.497153 -0.343311 -0.046670 1.018288 -0.898106 -1.748698 -0.545944 0.810997
2.636555 0.131013 0.396415 -0.394319 -0.254805 -0.249215 -2.988717 -1.252131 -1.315483 7.617129
-1.465477 -0.894845 -3.139643 -1.220455 0.113904 1.968110 0.580723 3.306948 -7.241302 -0.042714
-1.775781 0.603131 1.591854 -1.249209 1.293090 0.366687 1.902756 -0.064363 -4.907205 -0.728705
0.142847 0.001439 -0.418504 -2.545099 -1.691753 -2.005456 1.656275 4.993100 0.723103 0.070431
0.797327 -1.579717 -2.761703 2.528294 0.700696 3.966097 -2.642198 0.060978 0.502764 0.663817
-3.738289 4.533750 0.710032 2.436797 -3.745759 -1.647872 0.281725 0.399597 -0.566719 1.429401
-1.528367 -2.089483 -1.756174 0.407533 -0.284293 0.300165 0.250449 0.085603 -0.442778 0.818334
-0.363419 1.252943 -1.494756 -0.253249 -1.251076 0.974719 -0.484558 0.888357 -1.151177 1.632934
1.141840 1.505959 -0.422472 -0.154517 1.399524 -0.216604 -1.280888 0.286950 0.135207 3.694250
-1.317186 -2.048776 0.501305 0.039700 -0.452505 0.962280 2.558550 0.613423 -0.091197 -3.855571
-0.004039 -0.503321 -0.682791 -0.182091 -0.892911 -2.952173 -1.710002 1.879389 3.452269 -1.222006
-0.109295 0.654963 1.640634 -1.961663 3.929779 2.605334 -0.619876 -5.804328 1.504318 0.720298
-0.554138 0.133493 -5.578479 -1.166351 2.677928 2.382711 -0.777164 -1.950370 0.569866 -1.302667
0.291386 -0.506548 0.440003 -0.497675 -1.498672 -0.960666 -0.809428 0.682791 0.186225 0.871940
-1.396233 1.149412 -0.596484 0.075317 -1.065525 1.499478 2.573069 -1.055846 -0.473477 0.233714
0.147810 0.674725 0.127242 1.367195 0.819914 0.858227 -1.084077 0.905817 -0.160272 -1.142030
-0.616714 0.260917 -2.033371 1.588571 -0.666765 -0.600175 -0.137640 -0.740753 -1.425797 0.829104
-0.154396 -8.133485 3.704635 -0.176157 -0.688526 0.898304 0.377775 -0.367983 -1.016686 -0.616279
1.810536 -4.251278 0.222182 0.816482 -2.003776 0.226970 -1.576385 1.054985 -0.549689 -1.319602
0.050731 0.191064 -0.300305 0.066426 0.448282 -1.108083 0.167018 2.665318 -2.252725 -0.017994
0.244379 -0.455681 0.244814 0.874367 1.075876 -2.247502 -0.194546 1.946326 -3.568845 0.509648
0.441318 -0.257436 1.325695 0.087970 -1.118528 4.595976 -3.462650 -1.781811 0.999277 -2.075153
-0.232628 -0.621501 0.302481 -0.287031 -1.555494 6.981009 -4.491522 -1.145512 0.963588 0.732484
-0.039907 0.215873 0.455747 0.607277 1.432018 -0.400803 -0.146325 -1.194890 0.073813 -0.347594
-0.245080 -0.119865 0.186521 -0.314917 -0.700971 0.216740 0.234669 0.557249 0.225560 0.341232
0.263443 -0.563611 -0.773845 -1.015021 0.291927 0.200112 0.151819 1.879668 4.279859 1.522242
-1.825302 -4.932248 -1.593958 -0.143144 0.336894 -0.145530 -1.207614 -3.354484 -1.463249 0.104322
3.990679 1.135898 0.567081 0.405719 0.921905 0.066945 0.168736 0.590505 -0.355402 -1.137054
0.479171 0.309711 -0.658173 0.094489 0.807968 0.974535 0.107286 -0.329376 -0.106780 0.096080
-0.288023 0.728733 -0.320122 0.478303 0.031123 0.635617 1.302465 1.277017 1.016177 0.758229
-1.838026 -0.116467 -0.443953 -1.075558 0.077971 -1.643741 5.917467 -1.811916 -0.460580 0.575309
-2.177719 -0.679350 -1.293140 -1.052754 -0.265801 2.054201 -1.083159 0.446328 0.215800 -3.068950
-0.269127 0.348939 -2.365847 0.108553 -1.002397 -0.865102 -1.419508 -1.472716 1.653242 1.631389
-2.647088 -0.391932 -0.867952 -3.346390 3.171565 -1.245633 -0.521151 1.048004 1.467965 -3.135459
0.645620 -1.819517 5.833855 -0.395971 0.635168 -1.637090 0.586236 0.074467 -1.371051 -0.757261
-0.461293 -2.810512 -0.722106 -0.604764 -0.463905 -0.531603 0.636118 2.289836 -0.152735 -2.920728
6.149301 0.130882 -0.171738 1.080308 2.474163 -0.877929 0.357252 0.446328 2.215725 0.061997
-1.991492 1.162020 -1.260835 -0.228627 -0.761066 -0.436878 -0.204557 -0.615712 -1.219448 -0.228102
0.430073 0.338887 -0.088737 0.245387 0.862868 0.726769 -0.833471 -0.525887 0.325277 0.516088
-0.233274 -0.554195 0.974469 0.638032 0.307312 -0.308945 -1.068650 -0.998423 -0.149709 0.217350
-0.380805 -0.025144 0.215717 -1.102947 0.317111 1.045785 0.879744 -0.114119 0.892265 -0.074174
-0.652187 0.910775 0.301868 0.049098 0.509827 -0.194894 -0.488596 -0.094317 0.367740 0.065089
-0.436061 0.411836 -0.231913 -0.176520 0.465731 0.358485 -0.093364 -0.593936 -2.371390 -2.802552
-0.655998 2.332194 2.604392 0.063592 0.566717 -0.239807 0.686484 -1.274976 -4.694874 -0.086083
0.456748 -2.151454 -0.045899 2.152543 6.741804 1.112746 0.454341 0.644937 -0.614051 1.424794
-0.814400 -0.465313 1.134633 -2.966627 0.141423 -0.219856 0.500263 -0.269435 -1.410977 1.530455
-0.205327 -0.298491 -0.920874 0.058571 -0.071677 0.154224 -0.197199 -1.423981 2.893477 0.616083
-0.251757 0.179623 1.085054 0.138883 -0.737999 -0.359856 2.360297 -2.852839 0.312105 1.064735
-1.048479 0.593325 -0.691671 0.619741 0.169565 -4.002102 1.416666 -0.048106 -1.172021 0.931440
-0.430771 0.417766 2.958499 -0.507578 0.141931 -13.420534 2.183113 -0.727840 -0.078788 -0.603485
1.416666 0.286909 -0.542121 2.267641 -1.646681 -0.487258 0.090370 -0.013931 -0.963138 -0.260697
1.467058 -0.937129 4.401987 -0.149551 -1.235417 0.275327 1.660498 -1.093182 -0.065982 -0.779780
0.152532 0.568739 -0.693422 -0.242723 -0.260608 -0.628525 0.147039 -0.292034 0.101624 -0.276193
-0.886579 0.108076 -0.351310 0.084889 0.812484 -0.347988 0.246811 -0.312730 -0.239785 -0.007533
-0.436135 -0.824748 0.224711 0.912128 -0.335725 0.451465 -0.629036 -1.005130 -0.503331 -0.699043
0.999509 0.096898 0.670427 -0.463218 1.034256 -0.421572 0.160964 0.642833 -0.045000 0.350032
0.047395 -0.395000 0.376349 0.458108 1.009729 0.630569 0.033598 3.421631 2.857491 0.090702
-0.491834 -0.977536 -0.467817 -0.132476 1.656650 -0.550854 -1.286689 1.726145 -0.102710 -0.485957
0.426937 -1.217193 -0.328060 1.222303 -3.722097 -2.422122 8.167765 -0.817083 -0.767005 1.169159
-0.559108 0.159115 -0.018971 1.215925 -0.468185 0.032428 0.934561 -0.589416 1.056697 -0.008383
0.537395 -1.664659 -1.345298 2.106156 -0.816045 -0.906515 0.204803 0.404856 -0.005008 -0.987034
0.461400 0.288601 -2.699643 -0.786190 0.402368 2.468038 -1.772319 -0.217016 0.089849 -0.587154
-0.882541 3.189994 -0.934561 -0.302172 -0.277519 0.888874 -0.425664 1.961403 -2.200245 0.407796
-3.640537 1.178832 -0.410058 0.423629 -0.615653 -0.375453 -0.609772 -0.353514 0.276614 -3.206278
-0.667221 -0.118856 0.675815 0.125076 0.909682 0.007556 -0.091375 -6.050674 10.487352 -3.251514
0.194399 0.784380 0.319361 -0.613843 0.360525 -0.272995 1.565142 4.129078 -3.586255 -1.015985
0.706575 0.162621 0.803008 -0.030062 -0.280044 1.704475 1.211372 -2.819809 -0.172808 0.471313
0.241104 1.466398 -0.180778 -2.931181 3.000587 4.174027 -8.238297 0.416838 0.197524 -2.324285
-0.576229 -2.463096 1.452678 -2.220983 -4.793837 4.845488 -0.541526 -0.839325 0.656530 -1.790022
-0.477770 -0.899853 0.130741 2.940866 1.511592 0.249175 0.836904 0.396258 -2.156420 0.394846
-0.673074 0.050314 -1.236390 -1.033822 -0.381731 -0.007188 0.658547 -0.476963 -0.267131 0.025548
-0.305466 0.056745 -0.049204 -0.746918 0.168168 -0.079796 -0.667828 0.495525 0.532649 2.396918
-2.007924 1.701247 1.155686 0.472927 1.412326 0.222744 0.061890 -0.054627 0.498349 -2.154805
0.875642 -0.327861 0.301632 1.814233 0.202772 1.397000 0.645653 0.885763 2.110436 -0.774324
-0.866807 -0.799025 0.943205 -0.790408 -0.478208 -0.264092 -0.411862 -2.633162 -2.143752 -0.338336
1.261436 0.480506 -0.620953 0.399799 0.096073 -0.700798 -2.008188 -1.802544 0.631867 -0.013068
1.035113 -0.031360 -0.653121 -0.484240 -0.450636 0.975947 1.353344 0.524737 0.329432 -0.132548
-0.092698 -0.465858 -0.125009 0.006027 0.432542 -0.581318 0.783515 0.612337 -0.184677 0.774324
-0.208229 -1.445252 -0.987436 -1.745102 0.137934 -0.067746 0.484527 0.942056 0.701947 1.635961
0.591083 0.093918 -3.168526 0.390321 0.510376 -0.275293 -0.305594 0.101171 2.984710 -0.377684
1.102321 2.306889 2.674520 -0.774899 -7.504282 -0.944354 0.399234 1.737018 -0.052482 -0.830375
-5.712235 -1.073184 1.540903 2.832770 0.476668 0.500404 0.164110 -1.402377 0.710138 0.368688
-0.276273 0.849831 1.289533 -0.971236 0.188430 -0.338532 -0.460325 0.052823 -0.758389 0.173546
0.360128 0.179286 0.418690 0.445150 -1.094196 -1.284864 -0.751774 -0.874735 0.294172 -0.004083
0.074467 0.637373 1.855309 3.934749 0.614415 -1.968931 -4.572901 -2.400073 -0.821815 -1.031938
-0.773564 -0.786794 -0.462271 1.165794 -0.047278 -0.440480 -0.582897 -0.128700 -0.960340 0.965788
-1.370469 -1.744800 -0.577449 -0.221407 1.887995 0.670059 1.068515 0.568111 -0.008488 -0.675507
-1.392260 1.396929 2.575953 2.926158 2.951062 -1.701219 -2.168159 -0.735820 0.884617 1.657221
1.118696 -0.165507 2.520298 0.355965 -1.293178 -3.808450 -0.543551 -0.670643 -1.509306 -0.148812
0.295830 2.926705 -1.695995 -1.238608 -1.390113 -1.123722 -0.588787 -0.021350 -0.128977 -1.345595
-2.105274 0.343579 0.349503 -0.025535 -1.254405 -2.273294 -3.868765 -1.589726 1.729025 4.282352
2.569124 0.384866 -0.280931 0.425435 -1.015299 -2.228776 -0.977962 -0.734548 1.818061 0.697929
-0.813532 0.217923 0.473184 -0.241080 0.315935 -0.297086 -1.138083 -0.637255 -0.988732 -2.129688
-0.105910 0.971499 0.389533 -0.066687 -0.336937 0.164250 2.036343 -0.723778 0.050666 -0.025558
-0.438000 0.720906 0.687517 0.241977 0.837227 0.916929 0.911903 0.325628 0.390969 -0.904722
1.797430 -1.720358 1.037720 -3.897643 -1.976347 2.609439 -0.050148 3.115912 1.619889 0.656145
-0.981292 -1.359083 0.498904 -4.277498 -0.563589 0.023848 1.808440 1.527678 -0.132210 0.208163
1.079697 -0.831277 1.603374 -0.814073 -0.765215 -0.164208 -1.337750 0.584922 2.665867 -0.154230
1.215261 -1.127179 -2.167651 -0.611415 0.815450 -0.032493 2.031399 1.080385 -2.466305 -1.334310
-3.030583 0.254269 0.453142 -0.686423 -1.551075 -0.362651 -0.376414 -0.646511 -1.111351 0.262527
0.024020 0.077803 -0.511979 0.438347 1.123738 -1.954327 1.633652 0.673692 0.232764 -0.983357
-1.948822 1.661178 0.955831 -0.379167 0.328416 0.400155 -0.419079 0.852609 1.805688 2.236465
0.090921 -0.573223 
