0.545649 -3.603649 -1.932873 -0.385482 -0.982441 -0.004270 -0.401924 0.449852 -1.014771 -1.114502
-0.560873 0.470503 -0.230021 -0.292255 1.961837 -1.234036 1.599742 2.029145 -1.107722 0.998989
0.157728 -0.404799 -1.556990 0.316457 -0.125319 -0.294644 -0.537531 -0.987027 -1.953249 -0.108498
-1.596792 -1.535879 -0.797451 -0.960780 -1.002475 -0.182345 1.052733 -0.552383 -0.124843 1.215240
2.014709 -2.168789 -1.146589 0.888974 1.701424 0.602814 0.667109 1.091847 -0.517465 0.591412
-1.193694 -0.998189 -1.426073 0.021732 -0.184798 0.057513 -0.364634 -1.516010 0.209505 -2.155172
-0.856966 -0.367684 2.013803 -1.556469 0.045986 -0.378251 -1.163932 0.432860 1.620825 2.442915
1.167823 0.301567 0.332492 0.736424 0.101336 -1.263424 1.172065 -1.730374 0.495962 0.767524
-0.499777 1.457376 -0.298697 0.008817 0.217504 1.105961 1.284750 0.675767 -0.591395 -2.327013
1.044813 -0.245533 -1.168549 -1.053960 -0.086600 0.397533 -0.497354 -0.288149 1.310522 0.127736
-0.300878 -1.099719 -1.798800 -0.359089 0.046228 0.758469 -0.456793 0.552836 0.221298 2.361506
3.204911 -1.610386 -2.360324 -0.182155 0.672531 0.788022 -0.557363 -0.720730 -0.062114 -1.029475
-0.778132 0.502406 -1.524459 0.871536 0.185676 -1.503511 -1.763733 0.445022 
