-0.521891 -0.307028 0.129173 0.377391 1.065981 0.854549 1.729558 -0.161754 0.229374 0.255355
-1.010050 1.425805 -1.388721 0.485543 1.220577 0.614794 -0.849348 -0.797419 0.087219 -0.640405
-0.448381 -0.319028 0.177287 0.361997 0.425442 -0.474127 0.521125 0.531980 -0.076863 -0.213629
0.857906 -0.589973 0.030267 0.299794 0.368596 0.283635 -0.076465 -0.375907 0.540305 0.937905
-0.843369 0.721158 -0.385499 0.167886 -0.183605 1.306694 0.826908 -0.694091 0.867739 0.576016
1.120402 0.769013 -0.071901 -0.168176 0.781399 1.624030 0.436368 0.450051 0.483332 -0.538634
1.242493 -0.002936 -0.367418 -0.136615 -0.870630 -0.871181 0.860291 -1.116644 0.440679 -1.469609
-0.933058 0.666620 1.826794 0.575589 0.557934 0.132072 -0.008637 0.336612 -0.753932 1.352867
0.038140 0.643263 -0.493346 -1.530977 -1.169305 0.080228 0.531969 0.605965 -0.619406 -0.671597
-0.204364 0.123069 1.270142 0.092423 -0.337839 -0.964245 0.062378 0.384526 -0.169813 0.039462
-0.069927 -0.239233 -0.195894 -1.414279 0.062163 1.372495 -0.550905 0.657986 -0.207304 0.519264
-0.601188 0.557220 -0.450008 0.721931 -0.976924 -1.226949 -0.507679 0.776588 -0.615972 0.029670
-0.736579 0.076337 0.749840 0.618233 -0.117772 1.792050 0.292610 -0.089017 
