1.540659 -0.237094 -3.151620 -0.005659 2.130516 -0.734045 -0.144918 -0.099175 0.002287 1.170360
2.200213 1.493199 -0.420403 1.029760 -2.365300 -0.244775 -0.850753 0.494017 0.301110 1.716856
0.032257 2.178912 0.079517 1.485827 -2.223859 2.007031 -0.407121 1.012783 -0.200881 1.288228
2.850262 0.769322 -1.378171 1.314831 0.152766 1.739073 -0.207789 0.716411 -2.443343 1.355724
2.470484 -1.721050 -1.776717 -0.145812 1.207501 -0.708937 -0.555520 0.529264 1.476285 2.895142
1.045198 1.824903 0.705016 -0.924243 -0.237878 0.462370 0.574866 -0.141011 1.826065 0.292606
2.879822 0.217865 -0.488443 1.349036 -0.105070 1.141145 0.696720 1.768831 1.814955 2.129289
-0.008893 -0.452432 1.262460 -0.270424 -1.136105 0.508980 1.790406 -0.318087 1.552051 2.001770
-0.146889 2.222239 -0.728924 -0.219146 0.990459 -3.227919 2.229752 0.770916 -0.428041 0.115493
0.524690 -1.546960 0.617061 0.059681 -0.700285 0.029958 0.758115 -0.337547 1.215379 -0.693742
0.017106 0.216963 0.406248 -2.099127 0.586020 1.620630 -1.122690 -0.594432 1.186139 1.432012
1.191530 0.259363 -1.455579 -1.339027 1.748211 -2.090774 0.004636 1.732229 1.790088 -0.544878
1.352293 2.385532 1.199403 -1.460788 -0.396300 -1.838602 -0.726336 -0.100907 
