0.183344 0.074732 0.046576 0.118231 -0.120568 -0.126565 -0.030415 -0.112779 -0.187550 0.021828
0.203751 0.233659 0.000281 -0.033219 0.033121 -0.034582 -0.133965 -0.165275 0.012919 -0.173063
0.060362 0.024554 0.003466 -0.051288 0.003213 0.078393 -0.037697 -0.062348 0.238644 -0.077419
-0.079288 -0.145024 -0.140195 0.000683 -0.008553 -0.092451 -0.029227 0.315596 0.126332 0.020543
-0.178827 0.077185 0.017456 -0.177892 -0.072123 -0.067450 -0.036353 -0.033335 -0.068112 -0.009760
-0.038009 -0.030103 0.223222 -0.048952 0.065502 0.267462 0.198454 -0.102888 0.041981 0.108184
-0.127967 -0.121658 0.031466 0.046148 -0.064801 0.073252 -0.028136 -0.069007 -0.098604 0.028078
0.095489 -0.014156 0.084896 0.034815 0.095255 -0.014652 -0.045758 0.114337 -0.016843 -0.057246
0.006435 -0.052223 0.322138 0.164652 -0.026812 0.082637 0.110287 -0.019462 0.003352 -0.042604
0.039216 -0.104290 0.027241 0.005111 -0.059544 0.008533 0.017904 0.015100 0.016668 0.068657
-0.009517 -0.003578 -0.021633 -0.024223 -0.122437 -0.104368 -0.040929 0.014312 0.062971 0.118076
0.075861 0.013153 -0.182877 -0.076913 -0.109041 -0.187862 -0.079483 -0.084429 0.100629 0.043305
0.010631 -0.112078 0.124229 0.060557 -0.133887 0.028721 -0.014818 -0.060479 -0.036821 -0.143077
-0.185681 -0.129525 -0.043655 -0.034913 0.036334 -0.229609 -0.113325 0.176490 -0.089881 -0.040657
0.000516 0.044278 0.091049 -0.061608 0.054443 0.114104 0.106626 -0.004802 0.003722 0.099383
-0.002261 -0.053625 0.041747 -0.090815 0.092295 0.193937 -0.127656 -0.169169 0.016580 -0.128435
-0.101720 -0.022431 0.061803 -0.110599 0.030084 0.064685 -0.141364 0.028721 -0.004182 0.001841
-0.002828 -0.104913 -0.149308 -0.155773 -0.047160 -0.020990 -0.154215 0.037502 0.193470 -0.002565
0.006985 -0.000486 -0.153981 -0.084195 -0.444264 -0.140663 -0.028390 -0.281481 -0.127812 -0.040929
-0.013426 -0.182877 0.082949 0.060907 -0.099071 0.143778 0.104991 0.023950 0.077497 0.266683
-0.001521 -0.011138 0.096813 0.050743 -0.022198 0.002763 -0.021263 -0.039605 -0.081158 0.004164
0.061686 0.060829 0.144323 0.037444 0.022275 0.198299 0.205153 0.148997 0.001615 0.053858
-0.034017 0.003515 -0.127734 -0.169325 0.089491 -0.079366 -0.122671 0.118699 0.071617 -0.023463
0.183189 0.067956 -0.010077 -0.057052 0.016687 -0.089180 -0.032595 0.058999 0.041397 0.133030
-0.036256 0.035146 0.037755 -0.025333 0.081781 -0.003410 -0.105302 0.066009 -0.080145 -0.074031
0.091127 -0.000407 -0.018848 -0.090660 -0.036431 -0.080145 0.043266 -0.051989 0.001325 0.014574
-0.120101 0.099305 -0.251573 0.064801 -0.053313 -0.466695 -0.054754 -0.028701 -0.174465 -0.108885
-0.017563 -0.036256 -0.119789 -0.064412 -0.080145 -0.127188 -0.063555 -0.094398 -0.119633 -0.064490
-0.244407 -0.044084 0.076874 0.039333 0.051288 0.158343 -0.014331 0.102187 -0.071460 -0.039867
0.019781 0.009127 0.056913 0.250306 0.075403 -0.003821 -0.106163 -0.009391 0.024237 -0.048723
0.009731 0.118157 0.098779 0.075070 0.024473 0.005667 0.019114 -0.009474 0.013805 0.217213
0.024792 -0.284731 0.115158 0.033759 -0.114714 0.030900 0.003382 -0.089284 0.142477 0.055192
-0.012569 0.072293 0.065297 0.027082 0.061855 -0.044337 0.051111 0.059023 0.140589 0.066297
-0.085897 -0.013083 -0.045752 0.003363 -0.149473 -0.015672 0.126486 -0.100944 -0.034675 0.045725
-0.122377 -0.057857 -0.008544 -0.061022 -0.080900 0.028845 0.105108 0.179123 0.027582 0.040561
0.037035 0.014339 0.011667 -0.005605 -0.016824 -0.220656 -0.031732 0.031955 -0.010119 -0.036813
-0.067241 0.034231 -0.074403 -0.065797 0.048668 0.025888 0.055553 0.111105 -0.009779 0.048529
-0.020947 0.055941 -0.056469 -0.108273 0.021280 -0.020239 0.034759 0.046946 -0.141366 0.086508
-0.018087 -0.010335 0.131372 0.015033 -0.158357 0.062077 0.052138 -0.085841 -0.183010 -0.211550
0.076013 -0.020752 -0.053526 0.087840 -0.023015 0.055275 0.076347 -0.000093 -0.024320 0.085397
-0.093282 -0.012389 -0.118268 0.007149 -0.047724 0.039700 0.071516 0.046807 0.040644 0.134370
-0.010675 0.013541 0.054109 0.052665 -0.028540 -0.043587 -0.058412 -0.121821 0.054192 0.090505
-0.002283 0.101055 0.009398 0.014013 -0.027651 -0.051999 0.134481 -0.115492 -0.098001 0.165020
-0.015033 -0.020239 0.092504 0.095669 -0.007829 -0.085786 -0.119823 -0.085952 -0.084342 0.047724
0.026305 -0.037618 -0.041644 0.048168 -0.068296 0.082843 0.110828 0.038978 -0.035425 -0.051666
0.079178 -0.019323 -0.059356 -0.072682 0.013215 0.032010 0.040339 0.087507 0.069239 -0.056052
0.060244 0.132482 0.021446 0.105608 0.107718 -0.045447 -0.042976 -0.060411 -0.045641 -0.042088
-0.098112 0.201888 0.119045 -0.199334 -0.103387 0.008287 0.022585 0.073737 0.025194 0.056274
-0.226874 -0.234093 0.001056 -0.096613 -0.057468 0.110772 -0.076069 -0.060078 -0.033093 -0.011327
-0.001045 -0.083176 0.080844 0.046502 -0.004203 0.090894 -0.049778 0.024084 0.073237 0.031094
-0.012889 0.036785 0.061022 0.057801 0.066907 -0.013666 -0.099889 0.128373 0.131039 -0.045975
-0.052943 0.005223 -0.016310 -0.005042 -0.139256 -0.072904 -0.027554 0.047390 -0.047474 0.064964
0.088173 0.036147 0.027596 -0.138146 -0.055136 -0.010126 -0.179900 -0.053970 0.101833 -0.126708
-0.047918 -0.069351 -0.109273 -0.131816 0.144031 0.088562 -0.022265 -0.042532 -0.011743 -0.078845
0.003122 -0.081399 -0.015200 0.053554 0.068073 -0.008710 0.048890 -0.012042 -0.158468 0.016297
-0.015755 0.003517 -0.017352 0.053109 0.152360 0.122488 0.070850 -0.041366 -0.036952 0.101999
0.080344 0.065242 -0.013847 -0.186341 -0.016546 -0.099778 -0.167907 0.009599 0.060578 0.073182
0.049362 -0.126597 -0.119045 0.092893 -0.027929 -0.016671 0.007605 0.004625 -0.093281 0.044476
0.055068 0.009027 -0.064362 -0.295314 -0.133341 0.045342 0.082141 -0.066613 -0.274302 -0.000001
-0.208497 -0.209536 -0.056742 -0.065170 -0.122489 -0.076137 0.007735 0.056771 0.024157 -0.076945
0.001158 0.132071 -0.141769 0.006465 0.022960 -0.029612 -0.030651 -0.022382 0.117929 0.074232
-0.033422 -0.070307 -0.045717 -0.046410 -0.085662 -0.060667 -0.062341 0.019352 0.042542 0.014027
-0.102517 -0.078677 0.107828 -0.062111 -0.010246 0.154353 0.049556 -0.047709 -0.076022 -0.064535
-0.083180 -0.102459 -0.083930 -0.073078 -0.055241 -0.194990 0.151697 0.157585 0.105692 -0.015629
-0.119719 -0.090972 -0.013284 -0.046208 0.025557 0.081794 0.232741 -0.049440 -0.039916 0.165436
-0.019280 0.039194 0.154353 0.081679 -0.238975 -0.408452 -0.026870 -0.090106 -0.120989 -0.046698
-0.009892 -0.333873 -0.346803 0.145925 0.501502 -0.026957 -0.025716 0.061072 -0.011711 -0.041850
-0.033076 0.010397 -0.022325 0.098015 -0.143616 -0.131725 -0.360426 -0.225930 -0.174787 -0.527824
-0.027015 0.138537 0.853847 0.209998 -0.081563 -0.015946 -0.106327 0.038646 0.049527 -0.023436
-0.083757 0.038704 0.025961 -0.059167 -0.147426 -0.015672 0.038444 -0.129878 -0.066844 0.146849
0.102286 -0.061822 -0.039310 0.002462 -0.071981 0.034721 0.204341 0.203995 0.016408 -0.105172
-0.030449 -0.072674 0.190372 0.070711 -0.035789 0.021329 -0.233088 -0.056396 -0.011227 0.001522
0.093858 0.251675 -0.009597 0.058561 0.311707 0.177558 -0.119603 -0.482569 -0.155854 0.061649
-0.098476 -0.167629 0.021978 -0.193489 -0.143154 0.002078 0.074002 0.078908 -0.021242 0.044274
0.004741 0.090222 0.118045 -0.078389 -0.017591 -0.105692 -0.077696 -0.090568 -0.009546 -0.065170
0.222351 0.053163 0.065689 0.120873 -0.134727 0.026784 -0.060494 0.010080 -0.006967 -0.026466
-0.043091 -0.086816 0.154122 0.207805 -0.103498 -0.080063 0.034259 -0.045977 -0.087336 -0.159086
-0.143385 0.062630 -0.058618 -0.099458 -0.089067 -0.146502 -0.034374 -0.054866 -0.031257 -0.136920
0.060379 0.009178 -0.237128 -0.022916 0.059686 0.050595 0.054837 0.078619 0.125491 0.025918
-0.120873 -0.087740 0.087105 -0.020910 0.000906 -0.016105 0.062861 0.073944 -0.021863 0.011357
-0.006093 -0.108924 -0.121797 -0.119026 -0.027303 -0.122836 -0.003709 -0.106846 -0.054520 -0.083584
-0.068172 0.216232 0.028616 0.032354 0.093454 0.035615 0.022353 -0.122028 0.189564 0.051172
0.118102 0.125606 -0.019713 0.192797 0.081217 0.070711 -0.021415 -0.194413 0.111002 0.168437
-0.061995 -0.007089 0.522744 0.201340 -0.415610 -0.567538 -0.326484 0.041157 0.071115 -0.146041
-0.064535 0.064997 0.171093 -0.095128 -0.053394 -0.176519 0.014416 0.010167 0.023479 -0.097784
-0.079716 -0.090395 0.091607 0.027130 0.057666 0.008868 0.000710 0.019943 -0.099458 0.055674
-0.163819 -0.075214 -0.088952 -0.156200 0.030123 -0.121741 0.062010 0.032475 0.036427 -0.013021
-0.017644 0.041757 -0.030178 0.002056 0.393453 0.270095 -0.187023 -0.187758 -0.071457 -0.158205
-0.238042 -0.116301 0.080940 0.112846 0.096158 -0.210547 0.111375 -0.022238 0.027752 -0.076676
-0.050395 0.075132 0.031391 0.000770 0.012452 -0.007425 0.043631 0.018746 0.002892 0.016863
0.029406 0.334641 -0.019702 -0.070464 -0.083734 -0.124902 -0.038081 -0.011882 0.039919 0.004124
-0.087189 -0.145854 -0.103289 0.214223 0.039882 0.054070 -0.051277 0.055357 0.058996 0.102407
0.034129 -0.040323 -0.000337 0.011799 -0.062084 0.007590 0.068847 -0.009603 -0.139752 -0.009529
-0.023102 0.056864 -0.153500 -0.057342 0.099834 -0.057268 0.016752 0.062120 -0.005472 0.020823
-0.151882 0.101819 -0.040544 0.061606 0.046498 -0.016357 0.289356 -0.036905 0.064289 -0.032494
-0.100275 0.091673 0.119242 -0.057452 0.099319 0.119242 0.091747 0.094173 0.200843 -0.038044
-0.111302 -0.066164 -0.139238 0.110273 0.087851 0.011367 -0.141811 -0.089615 0.061385 -0.039514
-0.085204 -0.044660 -0.058996 0.228485 -0.009447 -0.073589 -0.334053 -0.033982 -0.055798 -0.037897
-0.051387 -0.057562 0.134900 -0.045873 -0.053262 -0.067928 -0.040727 -0.011864 -0.072890 -0.033376
0.020970 0.182318 -0.236866 0.007995 -0.154823 -0.077191 -0.077411 -0.074324 -0.160998 -0.072412
0.226280 0.071824 -0.135709 -0.048777 -0.136444 -0.038007 -0.143061 0.125858 -0.003113 0.093732
-0.162763 0.046939 -0.120565 -0.020860 -0.052931 -0.007287 -0.013361 0.046351 -0.024334 -0.049954
0.095937 -0.011698 -0.064730 -0.065171 0.044955 -0.084836 0.033192 -0.097628 0.144163 -0.003696
-0.046204 0.024334 0.038007 -0.119977 -0.031906 0.029516 -0.370516 -0.081308 0.001153 0.233631
0.189669 0.097922 0.191875 0.012929 -0.002359 0.361401 -0.003299 0.056166 0.119315 0.080058
0.089247 -0.084028 0.056129 -0.073846 -0.072339 -0.116227 0.003095 -0.164674 -0.012884 0.000925
0.035067 -0.041132 -0.065980 0.062304 0.073589 -0.047601 -0.053262 -0.161439 -0.130195 -0.039000
-0.045506 -0.028211 0.111596 -0.011183 -0.157175 -0.151735 0.012213 -0.111596 -0.034607 -0.053151
0.170408 0.198638 -0.015539 -0.095570 -0.133504 0.019096 0.056276 -0.105127 -0.025565 -0.041720
0.356696 0.152765 -0.092335 -0.120050 -0.182171 -0.049990 -0.142546 -0.098437 -0.048226 0.059658
-0.074177 -0.088292 0.054511 0.079029 0.076603 0.223339 0.189228 -0.122035 0.088365 0.056790
-0.003343 0.151000 -0.059437 0.015218 -0.059768 -0.029222 0.057415 0.090203 0.095129 0.001422
0.018765 -0.058077 -0.014244 0.038412 0.029167 0.049549 0.028211 0.045726 -0.048152 -0.210989
-0.062745 -0.149530 -0.139385 -0.089983 -0.015778 -0.268183 -0.066899 0.147986 0.079911 0.016688
0.096452 0.130416 0.058114 -0.060429 -0.037180 0.041168 0.052196 0.046609 0.036941 0.093144
0.089468 -0.016228 -0.051976 -0.116490 0.037689 0.004274 0.099357 0.044629 -0.112279 -0.026275
0.279692 -0.265908 -0.269163 -0.042332 -0.137549 -0.217666 0.100314 -0.042523 0.078394 0.340186
-0.177655 0.013736 0.098591 -0.017612 0.173348 0.165690 0.048123 0.128264 0.101750 -0.140899
0.050588 0.002985 -0.018917 -0.205222 0.043193 0.154587 -0.109311 0.017050 -0.050923 0.183877
0.075857 -0.013664 -0.022590 0.091603 -0.095815 0.156214 0.011080 0.039819 0.030367 0.055996
-0.028907 -0.194597 -0.063175 -0.038240 -0.072077 0.275863 -0.068487 -0.116107 0.095719 -0.050970
-0.020161 0.049343 -0.055421 0.032975 0.163488 0.021190 0.112087 0.037354 0.052311 -0.108067
-0.127594 0.045132 -0.018151 0.066142 -0.120032 -0.147886 0.008806 -0.080356 -0.026227 -0.063749
0.022063 0.034267 -0.075283 -0.024528 -0.096246 -0.171816 0.017361 -0.067721 -0.123574 0.089785
-0.116873 -0.073991 0.075140 -0.144345 -0.049535 -0.016535 -0.328700 -0.167509 -0.001017 -0.410444
-0.183494 -0.186748 -0.065089 0.034028 -0.114480 -0.037689 -0.029362 -0.115246 -0.048051 -0.026203
-0.170667 -0.212497 0.021250 -0.115725 -0.106823 0.114672 -0.135921 0.178229 0.207902 0.003766
0.069205 0.000615 -0.054847 -0.011540 -0.104908 0.018809 0.065089 -0.161478 -0.100888 0.111609
0.021190 -0.096820 0.060495 -0.043911 -0.066477 0.051545 -0.248104 -0.029314 -0.218240 0.008070
0.052646 -0.388237 0.057623 -0.006652 -0.288115 0.394746 0.020316 0.006455 -0.012067 0.021956
-0.043409 0.025485 0.013616 -0.051641 -0.039628 -0.121276 0.074039 0.242361 -0.062553 0.057719
-0.069061 -0.012647 0.343632 0.002146 -0.100697 -0.119170 -0.013425 0.008190 -0.002903 0.041566
0.027759 -0.047596 0.140229 0.139080 0.140612 0.058915 0.092608 0.117830 -0.105961 0.117543
-0.092896 -0.223983 -0.095528 -0.095384 0.122233 -0.040920 -0.119362 0.106153 0.059442 0.018067
0.120415 0.055709 0.146738 0.036349 -0.039700 0.030152 -0.021417 -0.026490 0.119745 -0.108067
-0.083994 0.051258 0.002990 -0.030104 -0.081170 0.047405 0.033741 -0.041470 0.014071 -0.040106
0.127307 0.031348 -0.009967 0.068966 -0.037139 -0.118979 -0.215751 0.015052 -0.059107 -0.186748
0.044797 -0.154395 0.107971 0.196607 -0.126541 0.056809 0.010691 -0.194214 -0.176602 0.077006
-0.057814 -0.122233 0.001486 -0.085764 -0.024719 0.093470 0.091125 -0.217474 -0.019766 0.150662
0.036828 -0.058006 0.010326 0.312428 0.029099 -0.018450 -0.028118 -0.103472 0.026347 -0.084712
0.097442 0.002302 -0.121851 0.185791 0.015626 -0.012563 -0.015064 0.043457 -0.064228 -0.025796
0.068918 -0.219963 -0.028788 -0.159851 -0.072412 0.103090 0.067865 -0.149418 0.069061 -0.029458
0.197947 0.170476 0.067003 0.047788 -0.043026 -0.122521 0.081696 -0.082749 -0.011726 -0.007909
-0.240830 0.054560 -0.000687 -0.226472 -0.043672 0.014382 -0.302281 -0.076384 0.171433 -0.187514
-0.079054 -0.168984 0.181340 -0.229373 -0.106768 0.169158 -0.012171 -0.126173 -0.076574 -0.132786
-0.132786 -0.059823 -0.120081 -0.230243 0.287151 -0.039266 -0.037047 0.093542 -0.034088 0.040636
0.159325 -0.070613 0.050077 0.029237 -0.078314 0.020492 0.013901 -0.089365 -0.007304 -0.045118
-0.106942 -0.067350 0.025974 -0.058431 -0.030825 0.204138 0.027954 -0.098937 -0.045553 -0.119385
-0.202050 0.007646 -0.005792 -0.052340 0.051035 0.009882 0.027062 -0.072310 0.124345 0.018545
0.067437 -0.064609 -0.108073 0.062042 -0.048555 -0.227807 0.097022 -0.137920 -0.070178 0.570126
-0.062608 -0.162545 -0.019829 -0.080402 -0.040484 -0.058170 0.094673 0.061172 -0.188650 0.002250
0.035872 -0.004125 -0.103113 -0.102504 0.074703 -0.236508 -0.133221 0.323350 -0.071048 -0.081142
-0.047423 -0.007592 -0.085449 0.024495 -0.124519 -0.122083 0.333966 -0.113033 0.006336 -0.042746
0.045422 0.061955 -0.260699 0.303510 0.289066 -0.527314 0.199962 0.047685 -0.188998 -0.107464
0.006950 0.098676 0.034045 0.033283 -0.223456 0.040397 0.012726 0.041941 0.097283 0.008446
0.075312 -0.247124 -0.127391 0.405840 -0.105550 -0.093194 0.006227 0.003812 -0.047728 0.026627
0.033610 -0.018665 -0.045379 -0.017457 0.118689 0.017088 -0.052644 -0.001317 -0.017882 -0.031935
0.093194 -0.098502 0.090409 0.017555 -0.150189 0.077487 0.002703 -0.009289 0.233202 -0.016740
-0.009447 0.033392 -0.011203 0.009506 -0.087755 -0.080837 -0.143663 -0.203094 -0.211970 0.288195
-0.019133 -0.050948 0.059040 -0.089452 -0.203616 0.164285 -0.079010 -0.149232 0.310993 -0.013727
-0.021177 0.095195 -0.118080 -0.096413 0.024386 -0.288543 -0.140356 0.375559 -0.068351 -0.064914
0.005509 -0.025931 0.018034 -0.019959 0.111728 0.113033 -0.131393 0.072049 -0.140008 -0.086102
0.039440 0.176816 0.079489 -0.122518 -0.082186 0.076617 -0.044857 0.082926 0.048685 -0.070439
-0.066306 -0.168810 -0.019981 0.020731 0.209707 0.068742 -0.076052 0.108682 0.047946 0.087407
-0.047728 0.056169 -0.037656 -0.121387 -0.028019 -0.016968 -0.038396 -0.052601 0.000461 0.097022
0.013194 -0.051687 0.019209 -0.070004 -0.092846 0.004198 -0.088582 -0.051252 0.077009 -0.167592
-0.118776 0.233202 -0.031086 -0.051035 -0.068438 0.016109 -0.045031 0.136179 -0.039244 -0.134787
-0.130001 0.010137 -0.068046 0.114338 0.111380 -0.066480 -0.115905 0.173596 -0.085536 -0.034067
0.028476 -0.185517 -0.306295 -0.030891 0.038287 0.038787 -0.015565 -0.103113 -0.020318 0.111815
0.041876 0.125215 -0.124606 0.035481 0.003013 0.027627 0.032914 -0.359548 -0.108073 0.078270
0.010241 -0.035611 -0.129392 0.025583 0.017675 -0.028867 -0.070744 0.078967 0.013215 -0.100242
-0.028976 0.041506 -0.066045 0.016359 -0.046118 0.066262 -0.061476 -0.016544 0.052166 -0.101547
-0.070874 -0.076878 0.025169 0.023973 -0.013085 -0.067698 -0.003146 0.053558 0.003031 -0.053147
-0.008395 -0.075571 0.242435 -0.237867 -0.160355 -0.040469 0.066053 -0.092208 -0.038318 0.055926
-0.031028 0.079187 0.137969 -0.070012 0.073591 0.100355 -0.097766 -0.020216 -0.035368 -0.076561
-0.092741 0.117715 0.083071 -0.109949 -0.113527 -0.065901 -0.041688 0.172233 -0.119923 0.222943
0.079797 -0.050025 -0.094720 0.010270 -0.050977 -0.026631 0.126319 -0.015257 0.113527 0.127614
-0.087487 0.074885 0.056954 -0.066738 0.044124 -0.104314 -0.103553 0.072982 -0.128070 -0.021910
-0.211217 -0.100203 -0.000468 0.035216 0.067385 -0.040431 0.159289 -0.141624 -0.062779 -0.030495
-0.134162 0.087868 0.023947 -0.113223 -0.125482 0.202994 -0.178629 -0.010022 -0.016761 -0.178019
0.009822 -0.018198 0.038794 -0.025013 0.206344 0.066624 -0.175735 0.034073 0.014600 -0.030818
-0.036681 -0.058172 -0.045571 0.073286 0.067005 0.074771 -0.027620 -0.054061 -0.040584 -0.050139
-0.071231 0.020615 -0.053299 -0.057563 -0.017132 0.100355 -0.052309 0.110710 -0.001049 -0.116725
0.017075 0.097309 -0.047132 -0.032874 0.043363 0.011459 -0.017056 0.062056 0.093807 -0.071954
0.029105 -0.026707 0.003783 0.044771 -0.005958 0.043210 -0.085126 -0.070583 -0.167207 -0.096243
-0.023052 -0.015495 0.093350 -0.070279 0.026840 0.069822 0.100279 -0.143603 -0.160355 0.103096
0.004778 0.180456 -0.033997 0.107208 -0.033617 -0.076256 -0.105837 0.175583 0.005192 0.031142
-0.001989 -0.016884 0.088477 0.117106 0.009232 0.043629 -0.006106 0.041459 0.086421 0.138197
-0.065977 0.019226 0.025507 -0.069441 0.077893 -0.259491 -0.049378 -0.066776 0.065292 -0.191420
0.045000 0.057601 0.119543 0.062665 -0.187918 -0.090304 -0.049568 0.118324 0.135075 0.053528
0.015285 -0.078502 0.163857 -0.351470 -0.061028 0.075380 -0.142537 -0.224161 -0.004906 -0.140558
0.019797 -0.243654 -0.129060 0.090609 -0.191573 0.148248 0.028249 0.028820 0.199491 0.046523
0.203451 0.076979 -0.116497 0.007295 -0.251572 0.024974 -0.051472 -0.145355 -0.060951 -0.042792
-0.129593 0.101954 0.015809 -0.013153 0.043439 -0.001073 0.053223 0.162182 -0.005220 0.336242
-0.063007 0.077779 0.176801 0.114060 0.029086 -0.078426 -0.038280 -0.162487 0.134847 -0.011402
-0.150761 0.237715 0.089695 -0.074733 -0.058781 0.045304 0.007833 -0.060190 0.141091 -0.097614
-0.006053 0.070469 -0.162334 0.005449 0.056802 -0.074885 -0.007091 0.057335 -0.071916 -0.038166
0.091066 0.075799 0.048502 -0.045457 -0.049797 0.009108 -0.015447 -0.099441 -0.002186 -0.069441
0.075190 -0.031447 -0.092741 -0.148020 -0.030133 -0.000746 -0.001574 0.027982 -0.074581 0.033217
0.119314 0.143375 0.010945 -0.052233 -0.088401 -0.154720 0.034987 0.127004 0.154644 0.225836
-0.096472 0.131573 -0.437358 -0.158984 0.114441 -0.075647 -0.071345 0.131878 0.020844 -0.143223
0.149847 -0.229491 -0.144441 0.099974 0.027906 0.018360 0.062264 -0.071225 -0.023935 0.012776
-0.158959 -0.048409 -0.048326 -0.060439 0.008535 0.046169 0.060149 0.068528 0.114822 -0.080475
0.084748 0.177377 -0.049737 0.104286 0.023748 -0.063384 0.018159 0.163107 -0.072096 0.109098
0.030282 -0.072096 0.044054 0.059153 -0.016624 -0.040466 0.066579 0.142698 0.039242 0.049737
-0.007114 0.138218 0.078525 0.226823 0.053470 0.011708 0.093666 -0.050152 -0.004343 -0.003741
0.129424 -0.014871 -0.136890 0.044303 0.015525 0.042934 -0.024267 -0.097317 -0.161448 -0.006124
-0.036006 -0.040943 0.047455 -0.126852 -0.190817 -0.099225 -0.025428 -0.027295 -0.046335 -0.032107
-0.170242 -0.055710 -0.010920 -0.154064 -0.006430 -0.036152 0.051562 -0.021363 -0.091177 0.040507
0.033020 0.118307 0.296015 -0.002608 0.075663 0.071183 -0.041129 0.100137 0.243914 -0.013326
-0.031298 0.292863 0.025553 0.017215 0.111255 0.074170 -0.037417 -0.051852 -0.064670 -0.002883
-0.124944 -0.042063 0.022898 -0.008239 -0.026714 -0.057370 -0.123118 0.065707 0.219522 0.332022
0.132410 0.178704 0.067242 -0.113080 0.033310 -0.006227 -0.006632 0.068155 0.109595 -0.019123
-0.048326 0.057867 0.068321 -0.118555 -0.114739 -0.056208 -0.270462 -0.442695 -0.191315 -0.176879
-0.329864 -0.263493 0.122704 0.015576 -0.014332 0.038495 -0.120049 -0.116315 0.074585 0.066910
0.084748 0.047663 0.095740 0.133406 0.007327 -0.067782 0.122372 0.084250 0.020990 0.016136
-0.095243 0.001972 0.056664 -0.066371 0.050235 0.085702 -0.032999 0.062306 -0.052889 -0.054590
-0.047953 -0.001119 -0.068445 -0.043266 0.100220 0.033434 0.075705 -0.015359 -0.030966 0.041420
-0.016551 0.016199 -0.049903 0.043100 -0.015846 0.232797 0.045008 -0.150994 -0.073630 -0.027751
-0.116813 -0.073091 -0.155142 -0.080558 -0.033248 -0.035778 -0.061310 0.015991 0.009748 -0.152156
-0.176879 -0.134899 0.035529 -0.007793 -0.081512 0.100220 -0.013585 -0.036359 0.004278 -0.092837
-0.111835 -0.179202 0.106277 -0.093998 -0.093168 -0.204423 -0.044676 -0.018179 -0.219025 -0.104949
0.077447 -0.208405 -0.050898 -0.055378 -0.166343 0.018428 -0.020565 -0.233460 0.010827 -0.161863
0.030863 -0.006217 0.002189 -0.078442 -0.010723 0.008276 0.020907 -0.043971 -0.013171 0.107023
0.015908 -0.088854 -0.070229 -0.047663 0.059983 -0.251215 -0.072801 0.026217 -0.088605 -0.028498
-0.088522 -0.102377 0.066164 0.013979 -0.035529 0.062762 0.057992 -0.236779 -0.020150 -0.005201
0.049281 0.085038 0.151824 -0.051645 0.202930 0.074170 -0.108268 -0.027357 -0.005382 -0.093666
-0.063841 0.129009 0.319743 0.065293 -0.016925 0.030282 0.053429 0.068570 0.012693 0.040611
0.025698 -0.264655 -0.078982 -0.042021 0.022545 0.103954 -0.040030 0.075705 -0.002195 -0.147676
0.112665 0.061393 -0.021529 -0.002727 -0.150331 -0.050401 -0.059941 -0.037749 0.002499 0.006456
-0.001099 -0.053678 -0.010614 -0.054217 0.012138 0.038758 0.043758 0.001227 -0.071609 -0.099486
0.127155 -0.102076 0.011885 -0.011438 0.049302 0.058033 -0.127259 -0.057360 -0.128710 -0.011296
0.031426 -0.049613 -0.087205 -0.136586 0.103786 -0.058759 -0.181976 0.043007 0.012345 -0.054354
-0.182909 -0.064925 -0.044173 0.020545 -0.064718 -0.098657 -0.004278 -0.120834 -0.196277 -0.094563
0.248921 -0.096014 -0.002881 0.137000 0.044380 -0.067826 -0.009566 0.095133 -0.045339 -0.034742
0.123632 -0.009502 0.053266 0.123839 -0.052748 0.071557 0.129539 0.011982 -0.120315 0.160006
0.187676 -0.052411 0.070365 0.018420 -0.008336 -0.133477 -0.001945 -0.031271 -0.114201 -0.093475
-0.021076 -0.050339 -0.062179 0.176898 0.052308 -0.006587 -0.087205 -0.001123 0.149229 0.005981
0.094719 -0.085029 -0.167986 -0.032566 -0.075340 0.254932 0.092491 -0.024599 0.107465 0.290167
0.003980 -0.014444 -0.177002 -0.164462 0.000861 -0.202806 -0.129124 -0.121352 -0.351723 -0.135756
0.039302 0.552560 0.096480 -0.024794 -0.091092 0.112129 0.099382 -0.019664 -0.091092 0.062075
0.225294 0.232755 0.174204 0.142803 0.076687 0.025182 0.049406 -0.121559 -0.124772 -0.088449
-0.049743 -0.049872 -0.053370 -0.120212 -0.237522 -0.224465 -0.198350 -0.035105 0.375144 -0.039043
0.090573 0.076428 -0.056893 -0.041919 0.108294 -0.093475 -0.003221 0.102957 -0.016529 -0.073267
0.143943 0.145601 -0.248714 -0.125497 -0.126222 0.152337 0.103890 0.028421 0.039587 0.313380
-0.035960 0.022514 0.068604 -0.160939 0.159073 -0.280632 -0.046142 0.053888 0.029690 -0.025130
-0.031530 -0.106636 -0.016568 0.064873 -0.084200 0.092853 0.069381 -0.141353 0.121145 0.018563
-0.122492 -0.013899 -0.010525 -0.009346 0.097361 0.023110 -0.069381 -0.053992 0.036530 -0.081143
-0.033473 0.071091 0.163115 0.023887 -0.006963 -0.071246 0.097828 -0.114098 -0.275036 -0.299908
-0.138140 0.509035 -0.335764 0.080055 0.081817 -0.182494 0.056531 -0.004722 -0.179385 -0.127259
0.260528 0.323328 -0.081558 -0.266746 -0.065184 -0.009450 0.011529 -0.048292 -0.011419 0.112647
0.113476 -0.261772 -0.121248 -0.106325 0.009009 -0.103268 0.029561 0.105548 -0.085288 0.035960
0.059070 0.014897 0.267782 -0.114201 0.011678 0.088915 -0.042022 0.081195 0.108709 0.004200
-0.194722 -0.374522 0.030364 -0.025675 -0.222599 -0.117103 0.275658 0.016814 0.084770 0.536394
0.070314 -0.017086 -0.018472 0.019612 -0.229853 -0.777646 -0.197417 0.018304 -0.046375 0.106222
0.049898 0.047748 -0.002649 0.020778 -0.080366 -0.117517 0.046012 -0.217625 0.060935 0.089278
0.007889 0.101558 0.071713 -0.022617 -0.099952 -0.080210 -0.263223 0.045028 0.003698 -0.163219
-0.085288 -0.000355 0.028369 -0.050131 -0.093734 0.040209 -0.087205 -0.128917 -0.040416 -0.055287
-0.110367 -0.269233 0.016244 -0.025351 0.130575 -0.051582 -0.111818 -0.189023 -0.026465 0.120419
-0.145291 0.023550 -0.087344 0.059098 0.125894 0.022813 -0.439622 -0.006521 0.011851 0.043050
-0.080890 -0.050985 0.049061 -0.064842 -0.022088 0.136671 -0.088292 -0.115354 -0.095338 -0.236036
0.090246 0.054716 0.033428 0.157634 -0.015811 0.116005 -0.171372 -0.251314 -0.002461 -0.020000
0.067921 -0.185347 0.023790 -0.120209 -0.048202 0.131697 -0.038017 0.020134 0.003764 -0.034967
0.174215 0.012650 0.157397 0.016655 0.230352 0.213890 -0.405988 -0.053117 -0.029860 -0.016329
0.049505 0.019704 0.170425 -0.074376 0.198256 0.011977 -0.047136 -0.035826 0.030526 0.017350
-0.146857 -0.009608 -0.208442 -0.070112 -0.015648 -0.162727 0.014404 -0.046011 -0.044679 0.020400
0.151831 0.000043 -0.064250 -0.268369 -0.019986 0.033250 0.104991 -0.077396 0.296556 0.128381
-0.091371 0.142948 -0.155384 0.044235 0.075619 -0.031148 -0.037069 -0.367852 -0.383959 -0.127434
-0.190677 0.110971 -0.091845 -0.130868 -0.186295 -0.117189 0.097825 0.033724 0.024249 0.144962
-0.038106 -0.067447 -0.102563 -0.265526 -0.011599 0.264342 0.084561 0.168648 0.183689 -0.212942
0.084620 0.069816 0.023405 0.054449 0.096523 -0.069224 -0.048735 0.024353 -0.040267 0.030067
0.041896 0.002717 -0.013694 0.205955 0.054627 -0.019334 0.117781 -0.155028 0.077337 0.001505
-0.164148 -0.011503 0.265052 -0.464730 -0.093207 -0.470178 -0.117900 0.059779 0.011991 0.134421
0.029741 -0.183452 0.258894 -0.039112 0.108958 -0.037958 0.045656 -0.009660 0.080534 -0.000946
-0.117130 -0.190914 0.035382 -0.210573 0.060016 0.088351 -0.057884 0.027373 -0.083673 -0.097115
-0.001862 0.088706 -0.000714 -0.048084 -0.072599 -0.023154 -0.048646 -0.054094 -0.376142 0.022547
-0.027654 0.022487 0.087167 -0.012695 0.054242 0.030496 0.021273 -0.081008 -0.294898 -0.128144
-0.332322 -0.024886 -0.049031 0.012909 -0.190677 -0.149344 -0.356246 -0.203586 0.095753 0.022576
-0.259368 0.020785 0.095516 0.051696 0.136079 0.260789 0.145791 -0.037099 -0.045152 -0.024160
-0.000776 0.046130 -0.026692 -0.002047 0.143777 0.144014 -0.036981 -0.098891 0.025404 0.043258
0.037514 0.030733 0.039142 -0.018253 -0.136908 0.050245 -0.160476 -0.162727 -0.139514 0.037514
-0.240537 -0.018179 0.011399 0.051696 0.079942 -0.003336 -0.061171 -0.203349 -0.227272 -0.106708
-0.142830 -0.141764 0.023020 -0.184400 -0.187361 -0.074257 -0.019971 -0.180492 0.082784 -0.031533
-0.110498 0.043494 -0.017706 -0.128144 0.121986 -0.069638 0.030186 -0.190914 0.067388 -0.168767
-0.392249 0.165451 -0.227272 -0.129565 0.068691 0.053680 -0.082784 0.062000 -0.250604 -0.235326
-0.049594 -0.297029 0.052347 0.106234 0.013583 0.049919 0.081896 -0.037277 0.338955 0.179189
0.072126 0.064487 -0.016062 0.035263 -0.032569 0.056877 -0.084798 -0.265763 0.009378 -0.049979
0.048824 0.047817 -0.014530 -0.124118 -0.009060 -0.085212 -0.316452 0.034819 -0.215311 -0.017824
0.082157 0.015913 0.066525 -0.127301 0.020371 -0.048513 0.053543 0.071826 0.095318 -0.104032
0.009534 -0.025289 -0.007378 0.086963 -0.097115 -0.016598 -0.091814 -0.151647 0.053049 -0.046940
-0.002260 0.054711 -0.146256 0.046356 0.017271 -0.083055 0.052465 -0.033644 0.145627 -0.058035
-0.146436 -0.020562 -0.015261 -0.010140 -0.130984 -0.017900 0.047929 0.086828 -0.029557 0.052151
0.090961 0.055969 -0.071781 0.235735 0.235735 -0.041999 -0.043684 -0.087772 0.169524 -0.320362
0.071960 0.098193 0.115801 0.007788 0.055385 0.064818 -0.040764 -0.059428 -0.095498 -0.065222
-0.009966 -0.007704 0.150119 -0.100798 -0.065312 0.077934 0.072095 0.323417 -0.049680 -0.134038
0.014217 0.056643 -0.134847 -0.008355 -0.051477 -0.221002 -0.150838 0.016205 0.071197 -0.024211
-0.003209 0.093971 -0.053813 0.022729 0.223158 0.098552 -0.025514 0.038069 0.025110 -0.235555
-0.068816 -0.012566 -0.004736 0.127660 0.055610 0.042022 0.097474 0.054217 -0.004340 -0.098732
0.003164 -0.121461 -0.040360 -0.080540 -0.057272 0.018664 -0.115442 0.118496 0.053229 0.004545
-0.013678 0.033015 0.161529 -0.060147 0.031331 0.159283 0.050309 -0.059832 -0.026278 -0.076183
-0.003793 0.037305 0.010674 -0.046356 0.151826 0.049096 -0.158025 -0.005410 -0.093072 -0.026098
0.068052 0.044133 0.048288 0.040292 -0.027221 -0.088580 -0.063695 -0.042943 -0.025065 0.104392
0.040921 0.013375 -0.092443 0.024009 -0.097295 0.027850 0.062393 -0.042179 -0.010758 0.057407
0.055205 0.012892 -0.093881 0.030747 0.002602 0.021808 -0.000960 -0.099630 0.110321 -0.050624
0.188840 0.053364 -0.060820 -0.108075 -0.097205 -0.036789 -0.255859 -0.120473 0.061180 -0.009192
-0.051837 0.005449 0.050669 -0.030545 0.108075 0.026345 0.064189 0.047704 0.024234 -0.058080
-0.257656 0.052241 -0.052690 -0.238250 -0.305270 -0.193511 0.009669 0.088580 0.071286 0.142663
-0.082921 -0.041236 -0.147784 -0.034049 0.020157 -0.183629 -0.484047 -0.008220 -0.087951 -0.004792
0.030275 -0.093701 -0.200339 -0.029894 -0.019203 -0.185426 -0.141136 0.133320 0.057676 -0.100708
0.098822 -0.089029 -0.048827 0.028299 -0.025514 -0.189379 0.080809 -0.005477 -0.023627 0.061584
-0.116520 -0.047884 -0.034812 0.316769 0.079282 -0.001037 -0.020809 0.029265 -0.103314 -0.175903
0.025828 -0.044223 -0.167638 -0.056912 0.241305 0.015430 0.045952 0.138890 0.086918 0.125863
0.108884 0.144010 0.127121 -0.192613 -0.008304 -0.102595 -0.198183 -0.136554 -0.145358 0.091500
-0.004051 -0.011387 -0.112118 -0.050669 0.077261 0.119754 0.198183 0.084807 -0.039259 -0.013161
-0.020404 0.030478 -0.005354 0.050983 0.302215 -0.133589 -0.043931 0.043863 0.232860 0.249750
-0.129097 -0.068771 -0.031578 -0.185965 -0.192792 -0.098373 0.102415 -0.082426 0.009742 -0.141405
0.019057 0.029781 -0.149311 0.012847 0.005368 -0.034183 -0.120832 0.113915 0.006959 0.132666
0.036950 0.079550 -0.374609 -0.012738 -0.102890 0.004539 0.083923 0.015269 -0.078568 -0.117630
0.052329 0.094193 -0.048054 -0.107803 -0.124608 0.020060 0.074882 0.147013 0.124411 -0.019224
0.124116 -0.184455 0.086626 0.010232 -0.121070 -0.009213 0.139152 0.099745 0.184258 0.112127
0.212855 0.046433 -0.057636 -0.182391 -0.073064 -0.153794 -0.080238 -0.049357 0.157725 0.343555
0.037441 0.249608 0.135712 0.126966 0.129423 0.091588 -0.009213 0.207745 0.047833 0.017013
-0.052231 0.028916 -0.127261 0.000482 -0.066087 0.095421 -0.144360 0.006879 -0.027025 0.024949
0.025993 -0.073851 -0.047293 0.037122 -0.178853 -0.168731 0.153794 0.061960 0.155858 -0.153106
0.042281 0.057194 -0.043976 0.149274 -0.017996 -0.027221 0.014986 -0.008070 -0.107901 0.035771
0.021656 -0.020096 0.040267 0.014360 -0.146718 -0.074735 -0.223665 0.064711 0.009225 -0.013746
-0.065154 0.009784 0.113798 -0.158314 0.124214 0.136105 0.071787 -0.088002 0.003879 -0.118908
-0.064810 -0.088198 0.143377 0.122642 0.264349 -0.097632 0.143869 0.251967 0.059454 0.136400
0.363799 -0.101612 0.036016 -0.050904 -0.017824 -0.082941 -0.073163 -0.112520 -0.005644 -0.045549
0.045671 -0.108491 -0.048620 0.046089 0.032405 0.076750 0.073408 0.068986 -0.016313 -0.084562
-0.190056 -0.247446 -0.103283 0.096797 0.152811 0.006934 0.098910 -0.002394 -0.152320 -0.091245
-0.162344 -0.118711 0.033044 0.116254 0.067365 0.027270 0.002549 -0.055965 -0.112913 -0.198409
-0.077732 -0.036213 -0.137579 -0.171483 0.054196 0.190744 -0.073605 -0.058471 -0.139446 0.123527
0.036729 0.035353 0.013119 0.089427 0.315843 0.012800 -0.100531 -0.106427 -0.068298 0.074538
0.145441 0.091146 0.007284 -0.180229 -0.057439 0.019556 0.119891 0.135024 0.063041 0.103578
0.127457 0.166373 0.047563 0.005976 0.055621 0.083088 0.051396 -0.018512 0.018659 -0.000339
-0.023855 0.145343 0.093308 -0.077241 -0.088935 -0.042969 0.081712 -0.029580 -0.048251 0.053017
-0.059159 -0.080042 0.059061 0.015662 0.052919 -0.023118 0.112913 -0.053263 -0.136400 -0.018893
0.001347 0.071738 0.252556 -0.108982 -0.085004 -0.069281 0.040610 -0.089770 0.065301 0.248429
0.041470 0.175217 -0.031791 0.050069 -0.024261 -0.159297 0.100728 0.071836 0.010337 0.062992
-0.085889 -0.051396 -0.041225 0.083088 0.126868 -0.042699 0.001266 0.135909 0.045352 0.043411
0.065055 0.028228 0.102988 -0.007849 0.053066 -0.015121 0.239584 0.198311 -0.025821 -0.115665
0.083874 0.073458 0.044885 0.083678 -0.270245 -0.316039 0.119006 -0.057292 -0.125295 0.040782
0.045819 0.057488 -0.051691 0.181703 -0.103479 -0.263956 -0.287148 0.028105 -0.002096 0.083776
0.096060 -0.030046 0.007757 -0.077143 0.091539 -0.058029 0.062697 0.080877 0.269852 0.172072
0.140331 -0.010570 -0.211086 0.047514 -0.137481 0.146915 -0.172958 -0.123895 -0.007138 -0.161930
0.121318 0.212333 0.055145 -0.067307 0.057464 0.107713 0.009025 -0.166980 0.141727 -0.192543
-0.255830 -0.014856 -0.179040 -0.246760 -0.096374 -0.039684 0.031566 0.097302 0.341794 0.102713
0.280774 -0.012053 -0.091272 -0.074059 -0.069524 -0.126987 0.114000 -0.259128 -0.139150 -0.215837
-0.024557 0.042209 -0.023617 0.026245 0.001011 0.361997 -0.201407 -0.178215 -0.009779 -0.070194
-0.078182 -0.082872 -0.180689 -0.018953 0.377664 -0.145232 -0.019030 -0.085552 -0.175123 0.022393
-0.027701 -0.158013 -0.146778 0.277270 -0.000830 -0.259953 0.040173 -0.077718 0.018502 -0.104363
-0.092921 -0.264488 0.461772 0.082614 -0.168939 -0.052568 -0.228206 -0.159559 -0.004036 -0.019262
0.024416 0.211921 -0.194501 -0.082253 -0.042183 0.063184 -0.005698 0.113794 -0.016956 -0.108125
0.080965 0.047775 -0.126884 -0.109259 0.025305 -0.092045 0.003653 0.059680 -0.079831 0.260984
-0.052052 -0.130801 0.099930 -0.113175 -0.049965 -0.026232 -0.080604 -0.328188 0.667921 -0.060865
-0.408174 0.043497 -0.160280 -0.082150 0.062514 0.096838 0.143582 0.319736 0.109052 -0.064679
-0.030793 -0.019326 -0.023849 -0.026284 0.016247 -0.069163 -0.134924 0.000118 0.080140 0.048883
0.040972 0.006687 -0.013490 -0.075244 -0.105857 0.000701 -0.183781 0.109052 0.045791 0.084675
-0.026258 0.079831 -0.083335 0.024660 -0.067307 0.017329 0.040998 -0.048136 -0.220991 -0.099776
0.017716 -0.001686 0.016221 -0.555364 -0.103796 0.279537 0.099982 0.155333 0.106373 0.022831
0.063494 0.070090 -0.164300 -0.020318 0.021092 -0.206664 0.099467 0.018309 0.062463 -0.036024
-0.124926 -0.015667 0.146159 0.048754 -0.116371 -0.100652 -0.011944 -0.081326 0.011705 0.154508
-0.227588 -0.069987 0.327776 0.020022 0.112248 0.175432 -0.005569 -0.060401 0.048110 -0.234803
0.054114 0.006925 -0.035123 0.058340 0.020963 -0.004220 -0.089211 -0.056072 0.130595 -0.066792
0.103899 -0.289432 0.024738 0.192543 0.049785 -0.059577 -0.004484 0.321179 -0.026155 -0.069008
-0.007389 -0.048007 -0.060144 -0.108022 -0.132863 -0.037854 0.184194 -0.183163 -0.156054 -0.009534
-0.097817 -0.157497 -0.031566 -0.072770 -0.012910 0.158322 -0.105496 -0.146984 -0.027289 -0.156879
-0.023939 -0.106269 0.009238 -0.002873 0.208107 -0.062051 -0.250264 0.009547 0.048883 -0.129255
-0.147808 -0.189244 0.067514 -0.154302 -0.275002 -0.081532 -0.000063 -0.170382 -0.086995 -0.104930
0.097457 -0.018927 0.326951 0.209447 -0.017755 -0.101734 0.024957 0.007885 -0.068441 -0.036617
-0.025743 -0.213364 0.005370 0.204911 0.320148 0.164816 0.120906 -0.029118 -0.103383 -0.231298
0.327570 -0.216456 -0.027263 -0.180998 0.057515 -0.143170 -0.017986 -0.020022 0.141933 -0.327157
0.300977 0.245729 0.057876 -0.019339 0.008562 0.020795 -0.032159 0.015049 -0.170794 0.133069
0.305306 -0.048522 -0.184812 0.008594 0.015901 -0.172353 0.010698 -0.204725 0.142159 -0.041257
-0.074247 0.145525 0.009683 -0.070188 -0.232444 -0.044895 -0.050463 0.165027 0.073703 0.003043
0.249471 -0.052468 -0.068011 0.014961 -0.086622 0.143149 -0.108302 0.066130 0.147208 0.037742
0.195320 -0.042024 -0.003982 -0.088255 -0.103550 -0.116519 -0.165126 -0.070188 0.004183 -0.002883
-0.162948 0.335796 0.188291 0.061081 0.088948 -0.112856 0.129190 0.080138 -0.019651 0.083652
0.001019 0.026011 0.039425 -0.279566 -0.001644 -0.025615 -0.245511 0.006265 -0.174531 0.118796
0.019515 0.085879 0.481915 0.022819 0.062318 0.065239 -0.043682 0.021037 0.043286 0.037767
-0.085038 0.232246 0.099689 -0.109391 -0.015555 0.081623 -0.261549 0.063110 0.054943 0.114836
0.392818 0.053062 -0.026061 0.039500 0.040688 0.062120 -0.265905 -0.122261 -0.190172 -0.312433
-0.022039 -0.167898 0.019688 -0.056279 0.061526 -0.047197 -0.111173 -0.076623 -0.045217 0.082860
-0.230464 -0.152950 -0.108203 -0.023239 0.172947 0.135328 -0.007431 0.081375 -0.114935 -0.049275
-0.124835 -0.058210 -0.088255 0.227494 -0.086770 0.079890 -0.008396 -0.039524 0.192845 0.126616
-0.057170 -0.010654 -0.122261 0.041950 -0.176313 -0.062467 0.014169 -0.089146 -0.063209 -0.101174
0.007982 0.052270 -0.059101 -0.141169 -0.175125 -0.066625 -0.183935 -0.132754 -0.004668 0.014156
-0.284912 -0.202547 -0.000343 -0.148594 0.038906 -0.141070 0.012795 0.035094 -0.012090 -0.027769
0.000871 -0.078752 0.012195 -0.029996 -0.012554 0.035663 0.046825 -0.097710 -0.311245 -0.221554
0.003097 -0.136021 -0.059645 0.096324 0.070139 -0.095631 0.006571 0.040762 -0.135922 0.064298
-0.251253 -0.162255 -0.013426 -0.072366 -0.027323 -0.131962 -0.073653 0.013525 -0.001703 0.037792
0.070881 0.081128 -0.033981 0.060536 -0.039549 -0.193439 -0.013575 -0.196904 -0.342528 0.006404
-0.139387 -0.038856 0.028263 -0.074643 0.103154 -0.146515 -0.034154 0.072020 0.054201 0.034624
0.026308 0.026086 0.050686 0.037841 0.065140 -0.022373 0.075534 0.070238 -0.059744 -0.017869
0.047716 0.080435 -0.022435 -0.054993 0.103550 -0.195815 -0.014045 0.143347 0.019341 -0.044425
-0.076425 0.291446 -0.023734 0.067961 0.181263 -0.124637 0.128992 -0.075534 0.015493 0.061922
-0.100036 -0.362327 0.121370 -0.139288 -0.110975 0.158988 -0.082068 0.031431 -0.110876 -0.056626
0.057764 -0.055438 0.008736 -0.035292 -0.043831 0.090730 0.020356 0.053310 -0.134536 0.175620
-0.143149 -0.125528 -0.020517 0.008081 0.007152 0.003960 0.045984 -0.103748 -0.003629 0.013377
-0.052815 0.119984 -0.153247 -0.038732 0.157701 0.079197 0.233632 0.033065 0.097957 -0.071970
0.227494 0.156909 0.166116 0.075683 0.179085 -0.080039 0.016693 -0.189677 -0.043360 0.006373
-0.186806 0.039450 0.024551 -0.015691 -0.260163 0.039821 -0.209279 -0.211654 0.001838 -0.164631
0.044227 -0.108401 -0.059752 -0.075441 -0.097363 -0.205710 -0.081325 -0.040946 0.142515 0.277534
-0.109741 0.011658 -0.132665 -0.084332 -0.189323 -0.145130 -0.148355 0.059054 0.328090 0.037808
-0.114971 -0.331228 -0.195947 -0.212509 -0.245457 -0.170146 -0.060536 0.590282 -0.007654 -0.102245
-0.166398 -0.159599 -0.026716 0.019678 -0.004091 0.002649 0.210242 0.037982 0.079582 0.017531
0.109044 0.018425 0.077141 0.042493 0.044520 -0.081674 0.087906 0.086642 0.138680 0.112356
0.070168 0.176335 0.091523 -0.118719 0.006679 -0.043517 0.037743 -0.026542 -0.080105 -0.063674
-0.150970 -0.046633 0.024014 0.055742 -0.111746 0.132927 0.223840 -0.064502 0.092657 0.213555
0.059839 -0.180606 -0.369232 -0.031837 -0.080105 0.054958 0.001252 -0.120637 0.033929 0.068599
-0.040619 -0.149750 -0.059839 -0.027283 -0.000033 -0.082022 -0.001304 -0.023687 -0.074613 -0.100589
0.124385 0.061582 -0.009752 0.033145 0.115668 -0.049423 0.013336 0.048464 0.058226 -0.255045
0.056309 0.134234 0.122380 -0.076400 0.079887 0.148442 0.015483 -0.061974 -0.327567 0.031096
-0.089606 0.016245 -0.050992 -0.042035 0.006303 0.053258 -0.211637 -0.237787 -0.055088 -0.054958
-0.021039 -0.037895 -0.061234 0.058706 -0.061321 0.050338 -0.151319 0.042144 -0.110264 0.058880
0.093964 -0.030944 -0.043060 -0.062454 -0.120288 -0.191938 -0.113140 -0.206058 -0.179909 0.111223
0.010373 -0.081456 -0.036326 0.114971 0.311877 0.010013 -0.168316 -0.219831 -0.122206 -0.040989
-0.061626 -0.142079 0.008776 0.397822 -0.078972 -0.037677 -0.001128 -0.022140 -0.006815 -0.034648
-0.092221 0.058924 0.091262 0.002388 -0.001188 -0.296710 -0.110177 -0.012672 -0.045980 0.039813
0.109741 0.409328 0.033907 0.013391 0.214426 -0.026956 0.011288 0.058836 -0.083679 -0.038745
-0.216867 -0.021377 -0.155067 -0.172848 -0.106777 -0.108695 -0.009991 -0.137198 0.057137 0.015526
-0.035128 0.033036 0.130050 0.037590 -0.045282 -0.073785 0.058531 0.016082 -0.049597 0.014557
0.033711 0.018621 0.087165 0.051297 0.080628 0.098584 -0.009713 -0.011713 -0.115145 0.116017
0.029593 -0.088124 0.139028 0.033254 0.037089 -0.096840 -0.019819 0.164655 0.098409 -0.043125
-0.001998 0.002758 -0.081456 0.016126 -0.014077 0.122118 0.041926 -0.182349 -0.226978 -0.138418
0.011920 0.054565 -0.062977 0.303509 0.304555 -0.065679 0.013707 -0.232557 0.081194 0.051035
-0.139551 0.024820 -0.022728 0.328090 -0.003427 0.007115 -0.103552 0.006516 -0.001809 0.048769
-0.093615 0.066158 0.349358 0.046546 0.008962 0.098758 0.156549 -0.017335 0.055829 -0.015657
-0.087209 -0.115494 -0.177643 0.019307 -0.045369 -0.028263 -0.095097 -0.038527 -0.024472 -0.030094
0.035302 -0.059752 -0.128394 -0.241796 -0.174156 -0.152713 -0.153062 -0.161168 0.045021 0.339595
0.181652 0.084550 -0.154980 0.021998 -0.065635 -0.075572 -0.032600 -0.060100 0.325649 -0.018544
-0.003106 0.067322 -0.114830 -0.009682 -0.052136 -0.096316 0.048043 0.125005 -0.051295 -0.036300
0.080404 -0.145201 0.086677 0.138775 -0.083617 0.121027 0.152546 -0.070153 -0.090655 -0.066098
-0.087289 0.039437 -0.081245 -0.221704 0.045404 -0.029549 -0.030333 0.045672 0.066557 -0.074590
0.159278 -0.096316 0.035612 0.091879 -0.021516 0.047584 -0.090961 0.046093 -0.253070 -0.083464
0.069082 -0.164174 -0.031729 -0.013340 -0.147726 0.101825 0.154305 0.141835 0.046169 -0.090885
0.114983 0.139311 0.047967 0.123934 -0.053475 -0.006551 -0.072065 -0.086601 0.036606 -0.102972
-0.003997 0.052404 -0.142218 0.055349 0.014899 -0.081398 -0.017251 -0.047393 -0.088131 0.043339
0.105038 0.011791 -0.057453 -0.140382 0.071759 -0.065562 -0.055847 -0.025647 0.161420 -0.096546
0.013952 -0.002008 -0.035459 -0.211146 -0.026929 0.059175 -0.124163 -0.049497 -0.006866 0.072027
0.163562 -0.730750 0.106338 0.098535 -0.843361 -0.001281 0.135409 -0.650576 0.074858 -0.069579
-0.112611 -0.121180 -0.031844 -0.184371 0.000512 0.191103 -0.005785 0.016008 0.055082 0.107486
0.055196 0.135792 0.029645 0.044065 0.046896 -0.023352 -0.017691 -0.004540 -0.023180 0.012805
0.031270 -0.040164 0.026412 -0.032590 -0.016037 0.026871 0.121027 -0.192633 0.024117 0.109857
-0.274949 -0.002260 0.108404 -0.162950 0.028038 0.079792 0.102513 0.170906 0.150863 -0.152699
-0.042880 0.186666 0.080404 0.033757 -0.169835 0.002651 -0.056344 -0.132426 0.063344 -0.054584
-0.144819 0.047967 -0.012719 0.020216 0.049000 -0.125923 -0.031385 0.024959 -0.028554 -0.002843
0.139005 -0.067705 -0.030926 0.015415 0.039896 0.012594 0.058486 -0.001816 0.073786 0.076541
-0.047584 0.190644 -0.210840 0.027522 0.040317 -0.088207 0.082469 0.110316 -0.264086 0.046054
0.055235 -0.019097 0.037410 0.066328 -0.079027 -0.003574 0.057606 -0.074092 0.006665 0.049918
0.014019 0.069617 -0.070306 -0.109245 0.057568 0.038194 -0.048196 0.028860 -0.020216 0.019718
-0.063038 -0.017089 -0.015874 -0.070688 -0.015396 -0.086601 -0.079409 0.148185 0.099377 0.039169
0.034063 0.056267 0.130895 0.086907 0.017318 0.076273 -0.126994 0.175190 -0.107639 -0.072256
0.257966 -0.133497 -0.004769 0.146502 -0.133573 -0.000247 0.281835 -0.084229 0.033814 0.009152
-0.024844 0.102896 -0.032054 -0.045175 -0.011533 0.197529 -0.032360 -0.061852 -0.052940 -0.047393
-0.188196 -0.088743 -0.205179 -0.051027 0.024289 -0.029167 0.075776 -0.031519 -0.000465 0.083770
0.018427 0.076885 -0.092797 0.005886 0.062732 0.090273 -0.017930 -0.018714 -0.029033 0.002637
0.030601 0.075431 -0.030085 0.000124 0.048158 -0.131890 -0.069847 0.105956 0.104732 -0.101213
-0.083311 -0.333550 -0.040202 -0.026451 0.050071 0.024787 -0.058027 -0.121256 0.050033 -0.094404
-0.055808 -0.071721 -0.016878 -0.056459 -0.074858 0.016496 0.010337 0.028535 0.007870 -0.086639
0.090082 0.297733 0.018308 -0.100201 0.065827 -0.070156 -0.120491 -0.079858 -0.031401 0.019821
-0.016365 0.134366 -0.037165 -0.096706 -0.106721 -0.114545 0.079023 -0.171191 -0.330490 0.857105
0.413322 -0.985629 -0.037686 0.049605 0.111728 0.073494 0.002341 -0.247242 0.047597 -0.108181
-0.249120 0.028089 0.062071 -0.063740 0.003185 0.018739 -0.019665 -0.215945 -0.044936 0.151475
0.026993 -0.011332 0.133114 -0.054299 -0.214485 0.000400 -0.041963 -0.049005 0.208226 0.016639
-0.087839 0.009865 -0.010093 0.006426 0.140834 -0.124143 -0.112876 0.238062 0.058889 -0.059776
0.129463 -0.078763 -0.226586 -0.045223 -0.210729 -0.341548 0.284798 -0.032913 -0.064992 0.082727
0.052526 -0.074381 0.144798 -0.053621 -0.134888 -0.042355 -0.060819 -0.036617 0.000007 -0.110372
0.009487 -0.004975 -0.096549 0.011182 0.147302 0.081579 0.027854 -0.039538 -0.012897 0.066401
0.052761 -0.037034 0.114128 0.232428 -0.046553 -0.056021 -0.012655 -0.021738 -0.065618 0.007205
-0.052630 0.166810 0.148762 -0.142816 -0.225752 0.011299 0.133218 -0.000593 -0.025585 0.163889
0.082310 -0.253918 -0.040764 -0.018243 0.025428 0.017422 -0.108807 -0.021973 -0.126020 0.046449
0.166914 -0.022273 -0.008998 0.033226 0.090029 0.021803 -0.090760 0.129776 0.009350 0.093628
0.020212 -0.002171 0.132071 0.073181 -0.118822 0.050413 0.328613 -0.027437 -0.098114 -0.138748
-0.130402 0.226169 0.049970 -0.082257 -0.116110 0.106251 -0.017148 -0.199358 -0.031505 0.124664
-0.054404 -0.057742 -0.021125 0.087474 -0.010517 -0.099418 -0.029784 0.027880 -0.062541 0.132175
-0.020734 -0.050439 -0.145841 0.191430 -0.010478 -0.258926 0.030749 0.045302 -0.161907 -0.041624
-0.027932 0.155230 -0.191534 -0.116527 0.100722 0.148971 -0.052526 0.244738 0.198211 0.026459
-0.251623 0.151057 -0.109225 -0.345930 -0.072295 -0.108077 0.151892 0.143546 -0.158777 -0.047571
-0.179954 -0.028245 0.402681 -0.060454 -0.211773 0.050700 -0.057690 0.029549 -0.043737 0.023238
0.120596 0.135305 0.017448 -0.090186 -0.066140 -0.048875 -0.148554 -0.087317 -0.171296 -0.262473
-0.057429 0.089508 -0.030879 -0.143651 0.051039 -0.017578 -0.007557 0.233263 0.016535 0.003288
0.014109 -0.041989 -0.090134 0.007831 -0.098479 -0.174425 -0.052630 0.211355 0.109329 0.000463
-0.105678 -0.056334 -0.056960 -0.095350 -0.132697 -0.113710 -0.125812 -0.198628 -0.069374 -0.075998
-0.133323 -0.107868 -0.046397 -0.038286 0.443157 0.226795 -0.398717 -0.014892 -0.000005 0.121639
-0.160759 -0.026172 0.092377 -0.148867 0.008000 0.184127 -0.009780 0.216363 0.005441 -0.014292
-0.003384 -0.058055 0.213024 0.155022 0.032809 -0.029497 0.009604 -0.045197 -0.042694 -0.114232
-0.258509 0.513679 0.152935 -0.546227 0.127064 0.063375 0.084240 -0.037425 -0.081319 0.050570
0.209269 -0.004215 -0.066922 -0.028767 -0.054664 0.111207 0.005981 -0.127566 -0.149363 -0.285648
0.031969 0.176558 -0.007045 -0.016257 0.048992 -0.044581 -0.049381 0.011152 -0.083971 -0.055946
0.119574 -0.133794 -0.027402 0.047150 -0.237486 -0.216935 0.228975 -0.826220 0.100008 0.810028
0.033111 0.078885 0.031061 -0.066066 -0.023847 -0.101772 -0.170019 -0.083401 0.049485 -0.002626
0.066430 0.032073 -0.078003 -0.174586 -0.039988 0.050808 -0.064977 -0.017788 0.001933 0.056465
0.040558 -0.107637 -0.152373 -0.087345 0.207074 -0.011204 -0.143551 -0.113242 -0.251603 -0.072294
0.026805 -0.068609 -0.159847 0.060773 -0.001481 -0.145627 -0.025716 -0.114903 -0.081740 -0.000874
-0.106703 -0.188598 0.079664 0.106599 -0.263643 0.058749 -0.024652 -0.088435 -0.168669 -0.134001
-0.074785 -0.192335 -0.111477 0.053351 0.077484 0.037367 0.052832 0.102032 -0.034279 -0.025560
0.243922 -0.033397 -0.245583 -0.033760 -0.162338 -0.084335 0.132237 0.105924 -0.084023 0.217765
0.124971 -0.126736 -0.018087 0.015998 0.040247 0.093054 0.005968 -0.151854 0.098970 -0.093521
-0.108260 0.096219 0.154553 0.025197 -0.041077 0.006555 -0.095493 -0.147806 0.103070 0.116563
-0.040610 -0.024600 -0.051794 0.040117 -0.083349 -0.029063 0.222747 0.111581 -0.094974 -0.007324
-0.037133 -0.053144 -0.073332 0.001004 -0.128293 -0.034720 0.043205 0.071308 0.124867 0.021888
-0.027480 -0.175831 -0.007934 0.139918 -0.087397 0.092535 0.297066 0.110647 -0.154761 0.031347
-0.166490 -0.015362 0.029478 -0.073747 0.180502 0.227522 -0.078418 -0.088227 -0.000501 0.070166
-0.146042 -0.010743 0.078263 0.052313 0.041233 0.063679 -0.109194 -0.024535 -0.006079 0.053663
0.082207 -0.235411 -0.061240 0.040948 -0.098503 -0.074630 -0.061499 0.124037 -0.094247 -0.053248
0.194411 -0.312012 -0.179672 0.112412 -0.017970 0.191297 -0.334640 0.051587 0.110439 -0.096479
-0.025119 0.230636 0.099489 -0.044970 -0.039105 0.081584 -0.030957 0.034409 0.221087 -0.228768
-0.177700 0.169500 0.091808 -0.087864 -0.227937 -0.107637 0.007571 -0.167943 -0.038405 -0.112723
-0.065651 -0.032981 -0.069232 0.093365 -0.081636 -0.039053 0.189948 0.131510 -0.000603 -0.052365
-0.048499 0.183097 0.002631 -0.003393 -0.025871 -0.170330 0.265719 0.161819 0.115318 -0.042271
0.027973 -0.141267 -0.019462 0.049277 0.033111 0.002861 -0.077432 -0.104212 0.034746 0.050575
0.019553 -0.079612 -0.007052 -0.164310 -0.174378 -0.059008 -0.052080 -0.054286 -0.030464 -0.115837
0.028388 0.001246 -0.144796 0.357475 0.259284 -0.080027 0.034538 -0.029478 0.088279 -0.029867
-0.128500 0.212368 0.237486 -0.014557 -0.037367 -0.217973 -0.117705 0.042219 -0.093054 -0.072813
-0.149467 0.202715 0.359344 0.055220 0.037522 -0.030049 -0.090147 0.010042 -0.008070 -0.318655
-0.023938 0.345227 0.018709 -0.020759 -0.030828 0.048395 -0.166801 -0.104367 0.094143 -0.056880
0.068350 0.068713 -0.083660 -0.129746 -0.069061 -0.051429 -0.119174 0.172483 0.011974 -0.253236
0.102407 0.067971 0.156242 -0.019925 -0.025621 -0.027256 -0.221958 0.004596 -0.032782 -0.157746
-0.047369 -0.154137 0.073572 -0.083309 -0.016786 0.090678 0.223912 -0.142032 -0.055753 0.025169
0.077069 0.061504 -0.008308 0.024812 0.070565 -0.051241 -0.060452 -0.033628 -0.055264 -0.104287
0.057482 -0.061204 -0.101204 0.076805 0.287221 0.183461 -0.028083 -0.087445 0.056241 0.147069
0.096467 -0.038910 0.035057 0.153009 0.046880 -0.057783 -0.019070 0.059286 -0.104437 -0.000201
-0.073760 -0.001208 -0.068535 -0.116468 0.089851 -0.028703 0.032106 0.016833 -0.056993 -0.091956
-0.074813 -0.154137 0.318801 -0.081204 -0.059437 -0.061993 -0.001398 0.030132 -0.027801 -0.088497
0.090076 0.001141 -0.050226 0.054587 -0.048158 -0.079023 -0.011241 0.024042 -0.045602 -0.081881
-0.048647 -0.095415 -0.113460 -0.017998 0.110603 0.101279 0.171130 -0.015423 -0.040452 0.172183
-0.003374 -0.010696 0.026316 -0.000831 0.094738 -0.008647 0.224364 -0.161205 -0.106693 0.060189
0.037181 -0.013149 0.087069 0.113686 0.054550 0.074700 0.080978 0.143235 -0.018694 -0.067708
-0.033290 -0.036410 -0.032576 -0.020545 0.087971 0.007683 -0.108347 -0.050677 -0.009591 -0.084963
0.009690 -0.068835 0.018337 0.067708 0.015733 0.026579 -0.086618 -0.120678 0.069662 0.107144
0.103084 -0.025959 -0.188123 0.098573 0.170979 -0.032294 -0.026523 -0.048610 0.016006 0.022350
-0.134287 -0.171882 0.077294 0.069550 -0.046617 -0.003602 -0.128648 -0.039061 -0.012698 -0.064662
0.010047 -0.086918 0.194739 -0.019718 0.017190 0.076392 -0.016964 -0.086317 0.051843 0.101956
-0.012481 0.106618 -0.019192 -0.035921 -0.056504 0.051692 -0.053835 0.124663 0.054700 -0.015367
-0.049925 0.070565 -0.003482 0.015019 0.045452 -0.017453 0.035978 -0.001484 0.317598 -0.133159
0.139776 0.059738 -0.140002 -0.048572 -0.001480 -0.034192 0.082708 -0.319102 -0.270530 -0.008163
0.130678 -0.045001 0.060151 -0.006711 0.008891 -0.052219 0.095415 0.135941 0.016307 -0.051692
0.042256 -0.051241 -0.066542 0.004655 -0.106919 -0.099249 0.048083 -0.096467 -0.152558 0.016692
0.001372 0.041993 -0.004897 0.089324 0.029568 -0.197897 0.006137 -0.051956 -0.003562 -0.017575
-0.004340 -0.127821 -0.002119 0.040452 0.147972 -0.056166 -0.015902 0.088948 0.067294 0.061843
0.055339 0.040752 -0.011419 -0.055640 -0.047933 -0.035997 0.062895 0.084512 0.007716 -0.047858
-0.047294 0.270981 0.224965 -0.007829 -0.064399 -0.055489 0.009248 -0.044361 -0.035827 -0.217897
0.208424 0.132032 -0.071467 -0.075753 0.039361 -0.023403 -0.013449 -0.039625 -0.049549 -0.223461
0.073422 -0.027726 -0.017763 -0.065076 0.015865 -0.059512 -0.003675 0.074663 0.087821 -0.265266
0.078196 0.161656 0.115490 0.012970 0.003722 0.091881 -0.014963 -0.043346 0.023497 -0.013017
-0.010132 -0.082181 0.069897 0.072631 -0.115714 0.082067 -0.024259 -0.071915 -0.091699 0.250302
-0.061144 -0.146172 -0.181056 -0.147734 -0.075039 -0.056165 -0.116235 -0.079074 0.208260 0.009860
-0.117732 0.042238 -0.086298 -0.040708 -0.049722 -0.082978 0.000711 -0.131334 -0.083109 0.024666
0.006834 0.027838 -0.041131 0.021086 -0.186002 -0.126518 0.006683 -0.071264 0.017474 -0.089356
-0.062120 -0.080701 -0.099184 -0.111874 -0.002439 0.073346 -0.078553 0.097492 0.120725 0.065016
0.069832 -0.077772 0.032557 0.051642 0.040546 -0.084736 0.028148 -0.033354 -0.027513 0.007004
-0.062771 0.004234 -0.000996 0.260194 0.054343 -0.097752 -0.075885 -0.175198 -0.064951 0.077447
-0.042531 -0.007989 -0.017263 0.023006 -0.047314 -0.002449 -0.139274 -0.010592 0.033679 0.027692
0.074192 0.164655 0.056783 -0.014041 -0.074583 -0.056328 0.040025 -0.018451 -0.016823 0.006166
0.069116 0.104976 -0.059907 -0.035437 0.040611 -0.055059 -0.006573 -0.007094 -0.056198 -0.123914
-0.033110 0.030425 0.026732 -0.032020 -0.004881 -0.043442 -0.064821 0.084085 0.076340 -0.012308
-0.049689 -0.061632 -0.050568 -0.034753 -0.155934 -0.177671 -0.014236 0.038658 -0.012292 0.027855
-0.007183 -0.043214 0.064203 -0.077577 0.015701 0.064886 -0.025723 0.028522 -0.014708 0.033354
0.080766 0.018971 0.135889 -0.039244 0.002162 -0.030718 -0.092806 0.053594 0.097817 -0.048648
-0.043084 0.073412 -0.162573 -0.102177 -0.150858 -0.011088 0.013130 -0.071459 -0.003104 0.079659
-0.038463 -0.036803 0.084866 0.008477 0.015782 -0.051219 -0.071329 0.096776 -0.113241 -0.069962
0.039244 0.016474 0.196935 -0.050210 0.075754 0.081416 0.071980 0.030344 0.000398 -0.002792
-0.038951 0.050893 0.031727 -0.130162 0.050926 0.036608 -0.055872 -0.004194 0.027236 0.114998
-0.081221 -0.143048 -0.159319 -0.080570 -0.028522 -0.174548 -0.174678 -0.174808 -0.069507 -0.179624
-0.121897 -0.062966 0.025170 -0.051414 -0.028164 -0.001799 0.112330 0.115779 0.048778 0.082067
0.014668 -0.032524 -0.061957 -0.050601 0.069181 0.067749 -0.051349 0.056881 0.046077 -0.049982
-0.264360 -0.056132 0.051837 -0.125021 -0.005166 -0.009966 0.192770 0.030067 -0.027090 -0.080896
-0.123003 -0.098468 -0.149556 -0.145652 -0.029661 0.162182 -0.018125 0.057044 -0.175198 -0.056588
-0.033029 -0.131464 0.043897 -0.024487 0.169211 -0.027481 0.000870 -0.280109 -0.023153 -0.014562
-0.079985 0.032427 -0.008469 0.070808 -0.094628 0.172335 0.228435 0.180665 -0.113567 0.116495
-0.051382 -0.081612 -0.112395 -0.107774 0.083044 0.027464 -0.064007 -0.024357 0.110182 0.033647
-0.032020 0.003669 0.007196 0.044190 0.081416 -0.027432 -0.078228 0.093652 -0.037975 -0.016051
0.274642 0.039862 0.014619 0.093782 0.109076 -0.010031 -0.082328 0.026293 -0.001344 -0.257721
-0.078097 0.023071 0.220885 -0.029303 -0.012862 0.134978 -0.074583 0.038788 0.027708 -0.036511
0.119344 0.003448 -0.014081 -0.111922 0.197703 0.061216 -0.178918 -0.097998 -0.025879 0.003810
-0.125847 -0.019491 0.095370 -0.063022 -0.005115 -0.042792 0.057505 0.020920 -0.095896 -0.096224
-0.028867 -0.397245 -0.127620 0.117637 0.098523 -0.017800 -0.112185 0.038096 0.071199 0.022398
-0.095699 0.282958 0.135436 0.134648 -0.152776 -0.170642 0.098654 -0.024352 -0.081708 0.008933
0.040526 -0.114550 -0.140297 -0.097866 -0.238426 -0.076257 -0.113367 0.054483 0.057111 0.028785
-0.146865 -0.028473 0.077571 -0.035797 -0.199017 -0.625293 -0.131036 -0.037340 -0.570120 0.046076
-0.035830 0.815509 0.234748 -0.225552 0.067653 -0.050214 -0.026289 -0.200724 -0.086175 0.022299
0.010197 0.030493 -0.117374 -0.415899 -0.261152 -0.033925 -0.390414 -0.333928 0.137801 0.981553
-0.110740 0.161184 0.406178 0.034713 0.275602 0.630548 -0.138589 -0.157768 -1.084542 -0.197966
-0.195733 -0.001223 -0.088539 -0.054483 -0.204665 -0.092612 0.038030 0.179049 -0.059147 -0.147391
-0.034844 0.140297 -0.148179 -0.028933 -0.032726 0.018030 -0.094188 -0.034746 0.028096 -0.086503
-0.126963 -0.083022 0.048802 -0.060526 0.071068 0.067193 0.008621 -0.058818 -0.150543 -0.108507
0.010181 -0.055239 -0.077702 -0.136750 -0.203089 -0.020657 0.009540 -0.025074 -0.055337 -0.040723
0.013227 -0.027389 0.040723 -0.002709 -0.252613 0.008670 0.172744 -0.011716 -0.072776 -0.038654
-0.014475 0.025107 0.091495 -0.120461 0.102792 0.034811 -0.037275 0.030394 -0.129788 -0.017783
-0.172218 -0.334979 -0.191398 -0.019606 0.011774 -0.059869 0.116126 0.289789 0.047028 0.010345
0.167752 0.111660 0.006667 -0.089984 -0.070674 0.097604 0.128737 -0.040427 0.041610 0.093991
-0.008760 -0.114944 0.007188 -0.035403 0.054877 -0.080461 -0.005107 -0.008177 -0.327359 0.110937
0.062102 -0.195733 -0.096421 -0.087817 -0.254715 -0.151726 -0.066240 0.124336 -0.040329 -0.106668
-0.124139 -0.008465 0.230544 0.159607 0.015575 0.339708 0.528347 0.182071 -0.021117 -0.042332
0.014179 -0.070017 -0.016503 -0.043646 0.000662 0.305290 0.064434 -0.148310 -0.093006 0.015164
-0.014442 0.074746 -0.027127 -0.128211 0.037570 -0.161184 0.016125 -0.163548 -0.051889 0.036388
0.014434 0.156980 -0.094517 0.189427 0.115141 -0.011864 -0.072316 -0.132087 0.089131 0.043711
-0.140691 0.094517 0.040099 -0.099246 -0.074681 0.024762 0.018506 -0.122891 -0.047127 0.072316
0.003773 -0.345225 0.048145 0.196915 0.095173 0.030296 0.037406 0.134386 0.142793 0.003216
-0.148836 -0.105091 0.094517 0.035633 -0.086503 0.051528 -0.059771 0.045780 -0.000025 0.106208
-0.051002 0.059738 -0.095305 -0.051790 -0.035830 0.104500 -0.015977 0.054549 -0.221480 -0.081643
-0.060493 0.017701 0.036257 -0.103252 -0.050477 -0.033169 -0.153302 -0.047422 0.075337 0.001003
0.137013 0.150806 -0.013186 -0.018703 0.127817 0.023908 -0.156849 0.141873 0.284285 -0.060094
-0.092770 -0.002045 -0.028617 0.002617 -0.048785 -0.092107 0.079342 0.000052 -0.117329 -0.026192
0.022797 -0.052257 -0.231390 0.094047 -0.065149 -0.159706 0.195650 -0.041484 -0.098489 -0.272440
-0.224446 -0.042811 -0.128561 -0.175125 -0.018521 -0.012024 -0.046692 -0.204432 -0.092464 -0.184009
-0.271214 -0.037833 -0.112938 -0.099969 -0.003670 0.284693 0.025248 -0.122741 0.035663 0.122741
0.053150 0.019414 -0.104565 0.050470 0.151843 0.045747 -0.111917 -0.011456 -0.083427 -0.062392
-0.012024 0.039059 -0.146023 -0.266721 -0.194118 0.070714 0.099357 -0.133259 0.003469 0.077555
0.010275 -0.133973 0.032013 -0.119065 -0.019338 -0.143572 -0.007933 0.056112 -0.068620 -0.072399
-0.047355 -0.014985 -0.084908 -0.002374 0.079240 -0.125702 -0.063004 0.076994 0.026345 -0.030226
0.204330 0.023333 0.121822 0.073165 0.076687 -0.082712 0.030762 0.140406 -0.095272 0.148065
0.161850 -0.118758 -0.065149 0.080006 0.032038 -0.028771 -0.103543 -0.269785 -0.320433 0.010320
0.002717 -0.105994 -0.266313 -0.164505 -0.008016 -0.287961 0.032089 0.038267 -0.035433 -0.138977
-0.198407 0.000474 0.017385 0.052384 0.047483 -0.097672 -0.183907 -0.012113 0.085827 -0.096753
-0.041892 -0.059175 -0.143164 -0.020742 0.042377 0.176861 -0.083886 -0.158378 0.064127 0.052486
-0.104360 -0.031604 -0.022708 -0.016032 0.022210 0.017704 -0.051287 -0.331257 0.079087 0.058358
-0.021993 0.018789 0.048964 -0.046232 0.026601 0.027443 -0.101042 -0.109364 0.113142 0.157051
0.105381 -0.169713 0.057541 -0.042403 -0.023524 0.048938 0.141223 -0.042530 -0.050189 0.117125
0.023716 0.044062 0.080006 0.025363 0.019631 0.054222 -0.017985 -0.060962 0.045134 -0.197080
-0.245277 -0.054682 -0.006625 -0.002717 -0.102318 0.010818 0.025771 -0.070407 0.105381 -0.031860
-0.019236 -0.104565 -0.356990 -0.037961 -0.018036 -0.217094 -0.050751 -0.061983 -0.293067 -0.150005
0.013492 0.040948 -0.195446 0.080925 0.210150 -0.007595 -0.095323 0.130195 0.024124 -0.035178
-0.022069 0.093281 -0.011839 -0.142040 -0.144083 -0.000194 0.298989 0.330236 -0.091596 0.056724
0.229552 -0.008884 -0.031196 0.126315 0.062953 -0.036684 0.068927 0.065557 -0.000514 -0.036557
0.060860 -0.136424 -0.004474 -0.031043 0.002673 0.137343 0.069284 -0.021125 0.060502 -0.079802
-0.146942 -0.190136 -0.075156 -0.187787 -0.111815 -0.009018 0.023103 -0.088737 -0.116716 -0.077709
-0.004353 0.214439 0.029460 -0.064893 -0.005543 -0.108853 0.035204 0.009152 -0.014002 -0.049270
0.520780 0.443991 0.043322 -0.141121 0.003434 0.059583 0.091902 0.017436 -0.151741 0.022618
0.081436 -0.028005 0.139794 -0.077249 0.022618 -0.016708 -0.141223 -0.059175 -0.136935 -0.184111
-0.145614 -0.065404 -0.003928 0.001599 -0.019606 0.130399 0.026077 0.130399 -0.210763 -0.062392
0.019938 -0.093894 -0.067038 0.090983 0.029153 0.060605 0.068278 -0.019418 -0.051828 0.059839
0.449339 0.030825 -0.121585 0.070042 -0.062604 0.091832 -0.032780 -0.119582 0.027202 0.217040
-0.038955 -0.081867 -0.038454 -0.181852 -0.121203 0.090926 -0.020872 -0.147046 0.208458 -0.083727
0.051209 0.012409 -0.151337 0.071616 -0.058790 -0.038311 -0.047680 -0.095074 -0.004261 -0.075764
-0.059648 0.079435 -0.117484 0.231535 -0.195680 -0.039312 0.268535 -0.247556 -0.052544 0.156582
-0.268154 -0.084871 -0.106422 0.226386 -0.197205 0.341772 0.226577 0.058265 0.113956 0.063319
-0.097363 -0.031898 -0.014256 -0.033448 0.207123 -0.112525 -0.102894 -0.081342 -0.184618 0.070614
0.066228 0.081676 0.064940 -0.343298 0.035522 -0.003564 -0.184618 0.051924 0.035498 0.045415
-0.053163 0.022565 0.133600 -0.232680 0.005969 -0.103657 -0.050636 -0.105659 -0.078577 -0.249082
0.061698 0.157154 -0.021683 -0.101273 -0.097411 -0.111190 -0.102799 0.001401 0.089448 -0.182329
-0.482906 0.083727 0.029776 -0.063605 0.066800 -0.006014 0.070614 0.014852 -0.014984 -0.060029
-0.046345 -0.013434 0.034759 0.042650 -0.110523 -0.043627 -0.093739 -0.028942 0.034830 -0.036118
-0.119010 0.034664 0.057741 0.017320 0.039551 -0.009065 -0.143804 -0.137414 -0.124350 -0.082439
-0.038669 -0.066037 -0.143708 -0.017630 -0.050160 0.035999 -0.369236 0.111095 0.025342 -0.192914
0.127116 -0.085109 -0.048252 0.058980 0.148858 -0.017260 0.265865 0.131407 -0.100415 0.041935
-0.023971 0.021289 0.033853 0.158012 0.042149 -0.166785 -0.070567 -0.222762 0.024913 0.043222
0.223144 -0.077433 -0.022636 0.135889 -0.186620 0.002724 -0.040004 0.063033 -0.008952 -0.157440
0.001277 -0.165546 -0.127688 -0.085872 -0.068469 -0.039694 -0.004434 0.087732 -0.002411 -0.073141
-0.002871 -0.304200 0.096362 -0.026582 -0.041625 0.090497 -0.050827 0.019990 -0.042984 0.030921
-0.065322 0.056644 0.156773 0.041291 -0.118438 0.017058 -0.053640 0.086111 0.200638 0.218566
-0.065799 -0.058456 0.045821 0.076241 0.036094 0.110332 0.033138 0.004619 0.261478 0.145615
0.023304 0.096743 0.120726 -0.044772 -0.046607 -0.016211 -0.035498 -0.054689 -0.065036 -0.111476
-0.032017 0.132551 0.027273 -0.202164 -0.104134 0.164592 -0.130644 0.039622 0.210556 -0.091737
-0.136652 0.064893 0.242406 0.183283 0.108711 0.168883 0.183092 0.079388 0.265674 0.082391
-0.028847 -0.214752 -0.113956 0.037667 0.110046 -0.065656 0.010794 -0.309159 0.081486 -0.114719
0.010698 0.015949 -0.061984 -0.204071 0.147713 0.157631 -0.057836 -0.092881 0.072045 -0.025056
-0.001097 0.050779 -0.049921 0.183569 0.114528 0.100033 0.102894 -0.135889 0.145902 0.134840
0.017522 0.297906 0.096505 -0.009524 0.071759 -0.030325 -0.137414 -0.155819 -0.064940 -0.105469
0.057121 -0.148667 -0.073857 -0.071759 -0.040171 -0.104324 -0.154579 -0.184904 0.006139 0.071759
-0.241453 0.049921 -0.193391 -0.226004 0.141971 0.009333 -0.097413 0.073765 -0.147616 0.105880
0.013631 -0.011706 0.212957 -0.127261 -0.100235 0.087535 -0.089716 -0.006222 0.046098 -0.067779
0.092110 0.143853 -0.021125 -0.026128 -0.022685 -0.289930 -0.029271 0.313705 -0.122472 0.123840
0.281719 -0.084114 -0.044387 0.019735 0.021125 -0.084114 -0.144879 0.189523 0.137610 -0.069917
-0.001805 -0.056960 0.222194 -0.050973 -0.059098 0.125722 0.063032 0.061150 0.116742 0.075262
-0.085995 -0.114518 0.116656 -0.039320 0.076117 0.036070 -0.072910 -0.101604 -0.024097 -0.089374
0.006468 0.004324 -0.205773 -0.033611 -0.177379 -0.116913 0.032671 0.004490 -0.033654 -0.057601
0.094248 -0.151294 0.153688 -0.006735 -0.079581 -0.099637 -0.042356 0.012198 -0.077742 -0.002353
-0.026449 0.054052 -0.002483 0.014432 -0.020515 0.013481 -0.136156 -0.064614 0.081591 0.118623
-0.000125 -0.042121 0.016250 -0.224246 -0.000870 0.168399 -0.108189 0.028394 0.292666 0.102801
-0.006249 -0.042292 -0.187642 -0.018538 -0.064785 0.119649 0.079239 0.031473 0.082189 -0.114518
-0.045072 0.100235 -0.111610 -0.037032 0.021167 0.068805 0.068420 0.109643 0.020932 0.038700
-0.083430 0.022151 -0.031537 -0.010525 -0.092538 -0.135386 -0.112807 -0.079966 0.006746 0.046012
-0.066496 -0.057644 -0.060210 0.085525 0.056062 -0.084028 -0.031366 -0.024631 -0.121274 -0.114090
-0.124952 0.042271 -0.018634 -0.088433 0.068206 -0.106650 -0.151892 -0.015191 0.020173 -0.032756
0.071114 0.010584 -0.132649 -0.138721 -0.140774 -0.124781 -0.199102 0.030981 0.009600 -0.058029
0.102801 0.066624 0.000242 -0.020889 -0.197905 -0.038187 -0.108702 0.000590 -0.091512 0.102715
0.123926 0.011631 0.044558 -0.030062 0.041929 0.164464 -0.005768 -0.061578 0.104511 -0.029271
-0.126662 0.082788 -0.127774 -0.190207 -0.041929 -0.086637 0.034467 -0.144965 0.012946 -0.025893
-0.147531 0.095360 0.266154 -0.099808 0.044644 -0.028565 0.061065 0.003742 -0.139320 0.214668
-0.084199 -0.046226 -0.013994 0.072653 0.130682 -0.002062 0.102288 0.238101 0.033269 0.009814
0.012251 0.057430 0.099722 -0.051956 -0.293179 -0.189352 0.101860 0.165662 -0.020312 -0.116998
-0.007542 0.130939 0.072824 -0.102117 -0.226470 0.016880 -0.030062 0.049989 0.116570 -0.176695
-0.112038 0.058841 -0.282916 -0.295574 0.267351 -0.055164 -0.080564 0.131879 -0.073380 -0.282232
-0.057344 -0.089801 -0.412914 -0.022814 -0.139662 -0.254351 -0.028907 -0.113492 -0.108275 0.132735
-0.160530 -0.057516 -0.067308 0.080393 0.142998 0.004592 0.039748 -0.054650 -0.054864 0.031837
-0.015256 -0.017062 -0.106393 -0.049904 -0.060937 -0.099551 -0.091084 0.073894 0.000913 -0.064486
0.140603 -0.151208 -0.053539 0.070344 0.225102 0.059312 -0.260167 0.075732 0.083643 -0.346205
0.082617 0.019820 -0.009290 0.111525 0.114689 0.078384 0.041501 0.137866 0.130426 -0.046782
-0.063075 -0.150695 0.039737 -0.077815 0.147921 -0.076400 0.027003 -0.118649 0.055471 -0.097134
-0.062496 0.034785 -0.073912 -0.003327 0.220906 -0.077766 -0.180511 0.049958 0.035809 -0.116698
-0.055861 0.082206 0.228322 0.091085 -0.062154 0.075327 -0.135139 -0.159435 -0.029565 0.083962
-0.141579 -0.067277 0.418785 0.071131 0.017173 0.028565 -0.097476 0.127333 0.150849 -0.233005
0.028174 0.298575 -0.052348 -0.371755 0.076449 -0.004647 -0.216808 -0.130163 -0.154264 0.020283
-0.035980 -0.186658 0.103330 -0.045469 0.052495 -0.006263 -0.063862 -0.111722 -0.023320 -0.010696
-0.090646 -0.085133 -0.008086 -0.163631 -0.015648 -0.105477 -0.052641 -0.094597 0.025906 0.445325
0.012855 -0.108404 -0.083816 -0.025613 0.013672 0.080108 0.085816 0.054348 -0.111331 -0.093183
0.110843 -0.074693 -0.047884 0.061618 -0.104892 0.023662 0.018539 0.062008 -0.062447 0.017673
-0.132798 -0.058788 0.039371 0.226175 -0.110746 -0.004693 0.095085 -0.172217 0.044884 -0.019124
-0.169875 -0.129480 -0.022625 0.030101 0.140116 -0.146068 0.222858 0.058934 -0.046445 0.221102
0.057422 0.054690 0.114844 0.169290 -0.279255 0.050982 0.027369 0.112600 0.039151 -0.119040
-0.026467 -0.072985 -0.009129 -0.082742 -0.069277 -0.158167 -0.022039 -0.207832 0.095622 0.021625
-0.076400 0.289988 -0.090255 -0.196025 0.036736 -0.236518 0.038590 0.128016 0.144701 -0.018978
0.133090 0.114063 -0.023857 0.044103 0.068936 0.058837 0.162655 0.199147 -0.113088 -0.131431
0.125967 -0.047982 -0.012782 -0.115820 0.005492 0.062984 -0.098598 0.177876 -0.182267 0.460157
0.103623 -0.115722 -0.066984 -0.091670 0.118747 0.151532 -0.011520 -0.030614 0.146263 0.158069
0.117771 0.114649 0.010032 -0.080352 0.042347 0.151141 -0.034102 -0.023393 0.209002 -0.134261
-0.189097 0.022661 -0.124309 0.067716 0.094012 -0.053421 -0.305405 -0.106843 0.084206 0.145482
-0.163045 0.051129 -0.206661 0.037980 -0.059910 -0.198269 0.083133 -0.144311 0.000803 0.086645
0.038054 -0.112112 -0.014721 0.147141 0.125187 -0.147629 0.005226 0.150068 0.006647 0.057373
-0.142652 -0.028296 0.105672 -0.073814 0.005211 0.073278 -0.078888 -0.027003 -0.105672 -0.213296
0.083620 0.040225 -0.460547 0.048592 0.153873 -0.235152 -0.033834 -0.103525 -0.318480 -0.030272
-0.009007 0.526116 -0.065472 0.057666 0.147921 -0.096159 0.168705 -0.184024 -0.024832 -0.137871
-0.282573 -0.000998 0.010953 -0.275548 0.027784 0.022796 -0.089036 -0.015319 -0.016222 0.138945
0.004760 -0.017978 0.021076 0.079278 0.003342 0.218955 0.144604 0.121284 -0.107624 -0.049665
0.132602 0.034053 -0.108990 0.010385 -0.016563 0.033614 0.085865 0.219345 -0.035956 -0.059617
-0.085035 -0.152605 -0.144604 0.226761 0.125577 -0.271840 -0.422688 0.359851 0.069667 0.035883
-0.067862 -0.025223 0.124504 0.108014 -0.277694 -0.215442 0.206465 0.063667 -0.210564 -0.013758
0.138927 -0.015496 -0.149701 0.104195 -0.013840 0.069970 -0.149068 -0.192419 0.041735 -0.096653
-0.066802 -0.015876 -0.120167 -0.031293 0.080872 -0.051274 -0.108885 0.031816 0.059354 0.067055
0.000101 -0.257319 -0.108949 0.248066 -0.010339 0.023846 0.043034 -0.179870 -0.045665 -0.047312
-0.320191 -0.139307 -0.015092 0.039105 -0.041735 -0.135251 -0.077639 -0.070287 0.039358 -0.037742
0.004726 0.225883 0.020107 -0.083977 0.080998 0.044334 -0.028330 -0.046235 0.010988 -0.054094
-0.011028 -0.045063 -0.061890 -0.149068 0.084421 -0.038439 -0.091076 0.113829 0.016558 -0.093864
0.006702 0.025700 0.023308 -0.111991 -0.112244 -0.015972 -0.036633 -0.195081 -0.025985 -0.024385
-0.111484 -0.081062 0.133223 0.213080 0.013175 -0.005807 0.118329 0.004318 -0.028251 0.018063
-0.060369 -0.107491 0.045633 0.054918 -0.071555 0.059862 -0.030216 0.016241 0.025193 0.148180
0.015504 0.029693 -0.018047 -0.118963 0.012224 0.187475 -0.158448 -0.007598 0.069654 -0.097921
0.074154 0.011575 -0.059988 -0.068640 0.139941 -0.188743 0.002793 0.012248 -0.080618 0.069273
0.136011 -0.164279 -0.056661 0.063918 0.046203 0.023799 -0.064552 -0.063474 -0.123969 -0.033654
-0.030786 -0.099315 -0.048105 -0.020836 0.018839 -0.032038 -0.149955 -0.042401 0.106604 -0.137533
-0.076435 0.167828 0.011424 -0.001100 -0.079858 -0.158701 -0.101723 0.032133 -0.081886 -0.164025
0.175180 0.037362 -0.012708 -0.103435 -0.111104 -0.097857 0.180377 0.187475 0.100392 -0.030723
0.065724 0.073837 -0.052763 -0.010854 -0.103498 -0.084611 -0.044777 0.035017 -0.013666 -0.056027
-0.041418 0.118202 -0.007411 0.029234 -0.084611 -0.015607 0.018618 -0.009602 -0.039739 -0.071175
-0.001635 0.119216 -0.035429 0.008319 -0.023720 -0.108695 -0.145138 -0.061192 -0.014926 0.046932
-0.008960 0.029139 0.103878 -0.293825 -0.101280 0.300924 -0.151603 -0.050038 -0.054950 -0.106604
-0.044207 0.225122 0.106413 -0.061636 -0.113005 0.126314 0.042210 -0.126885 -0.076815 -0.102547
0.002634 -0.235517 -0.160983 0.115413 0.012731 -0.115477 -0.023133 0.183039 -0.125934 -0.077703
0.179109 0.014268 0.197743 0.052478 -0.045601 -0.026556 -0.064900 0.092026 -0.033971 -0.132082
0.008556 0.044587 -0.145011 0.001480 0.164405 -0.071492 -0.066865 0.008053 -0.279121 -0.392950
-0.070985 0.025431 -0.151856 -0.117378 -0.091456 -0.112878 0.082900 -0.080175 -0.112498 -0.005126
-0.101470 -0.120293 0.101914 -0.007209 -0.003137 0.016764 -0.165293 -0.190771 0.118012 0.170870
0.057738 -0.041672 -0.081252 0.017810 -0.041070 -0.036633 -0.046615 -0.017889 0.038946 -0.001033
0.092914 -0.029218 -0.061795 -0.050291 -0.204081 -0.113702 0.209785 0.097731 0.048802 -0.077132
-0.040816 -0.057738 -0.012240 0.183166 0.072189 -0.249714 -0.134237 -0.003761 0.012494 0.032830
-0.095259 -0.071935 0.166307 0.032989 -0.078844 -0.014854 -0.082203 -0.084231 -0.249806 -0.185808
0.007540 -0.036639 0.009080 0.008826 0.010206 -0.095037 -0.127036 -0.093704 -0.047305 -0.000148
-0.029972 -0.176315 0.187408 -0.063092 -0.007760 0.004487 -0.096744 0.015760 -0.058612 -0.059198
0.147196 -0.075678 -0.176742 -0.012060 0.023986 0.025306 0.044132 0.179941 -0.004903 -0.168635
-0.122663 0.057385 -0.027839 -0.021159 -0.028586 -0.018679 0.087891 -0.079678 0.048639 0.171728
-0.079464 0.046372 0.049785 0.054132 -0.053838 -0.192954 0.128316 0.343243 -0.209914 0.167249
0.226553 -0.152209 -0.108264 -0.001231 0.069651 -0.015973 0.097811 0.053252 0.049065 -0.034852
-0.103410 -0.001029 0.101437 0.111037 -0.087997 -0.153169 -0.094451 -0.079731 -0.053652 0.099624
-0.141436 -0.233380 -0.060532 -0.014653 -0.142716 -0.054772 -0.060692 -0.149009 -0.022506 -0.044799
-0.222287 0.002287 -0.116903 0.076424 0.303778 -0.210981 -0.103677 0.060318 0.126930 0.005393
0.062078 0.167355 -0.604996 -0.277539 0.124583 -0.275192 -0.179728 0.119890 -0.029306 0.139089
0.070078 -0.061812 -0.074238 0.037999 0.067518 0.030932 -0.075091 0.002450 -0.097331 -0.021866
0.059732 -0.017879 -0.002623 0.019373 0.080584 0.065385 0.019386 -0.012320 0.053385 -0.170875
-0.009786 0.051039 -0.121916 0.090611 -0.019986 -0.004150 -0.170128 0.060745 -0.001575 -0.062665
0.055998 -0.082824 -0.119890 0.052532 -0.326604 -0.098077 0.276685 -0.175568 -0.051359 0.094664
-0.123516 0.093757 0.147942 -0.201381 -0.183355 -0.194234 0.005500 0.021359 -0.115623 -0.136636
0.014333 0.047705 -0.083251 -0.007313 -0.084584 0.126930 0.079624 -0.101597 -0.107997 -0.223354
-0.060478 0.145169 -0.141863 -0.117970 0.041172 -0.108264 -0.015800 0.146022 -0.101810 0.125330
-0.016320 0.046559 -0.032719 0.038586 -0.050265 0.010940 0.110717 -0.170662 -0.047119 -0.060692
-0.027839 0.105064 -0.164262 -0.062985 -0.057865 -0.209167 0.224207 -0.036452 0.251299 -0.044425
0.035226 0.039359 0.160209 0.017106 -0.089331 -0.113490 -0.075998 -0.048239 -0.059945 0.100104
0.031466 -0.213647 0.131730 -0.025066 -0.093011 0.049999 0.355403 -0.117010 0.128316 0.026879
-0.042985 0.204581 0.318497 0.048079 -0.162129 0.090131 0.103944 -0.109437 0.460787 0.189008
-0.182715 0.143036 0.099570 0.055678 0.087784 -0.178022 0.009620 0.346017 -0.116690 0.045252
0.150182 -0.084904 -0.013166 -0.511985 -0.263886 -0.064691 -0.054052 0.040212 0.095784 -0.173222
0.044559 -0.029412 -0.220367 0.040292 0.064478 0.019373 -0.158822 0.021306 0.059305 0.059785
-0.082504 0.010460 0.068691 0.117650 -0.080051 0.102877 0.050959 0.040612 -0.008686 -0.010700
0.190821 -0.172902 0.082184 0.235727 -0.144423 0.066345 -0.021813 0.024533 0.145596 -0.269432
-0.074878 0.048719 -0.248953 0.102184 0.133436 -0.252793 -0.010280 -0.130876 -0.083304 0.080531
-0.041332 -0.226553 0.234233 -0.117863 -0.327671 0.112850 -0.111233 -0.137239 0.036764 0.040707
0.072745 0.169512 0.006724 0.000253 0.095044 -0.121468 -0.094574 0.131495 -0.137761 0.039898
-0.068045 -0.018839 -0.144759 -0.091545 0.118230 -0.039506 0.101572 0.029714 -0.034884 -0.134106
0.033161 -0.026385 -0.073842 -0.074886 -0.037678 -0.029532 -0.019387 -0.127004 -0.177032 -0.022038
-0.067941 -0.109562 -0.014283 0.232492 -0.087837 0.107891 -0.190506 0.477935 -0.056086 -0.086427
0.216617 -0.091597 0.159799 0.095932 -0.009015 -0.065747 0.128884 -0.109875 0.058071 0.062771
-0.018878 -0.175779 -0.115410 0.096558 0.034649 -0.229777 0.095409 -0.005075 0.009766 -0.039193
-0.092120 0.024897 0.057131 -0.015184 0.227479 -0.088934 0.026764 0.025419 -0.067105 -0.109771
-0.043161 0.019688 -0.078542 -0.281163 0.013356 0.057340 -0.141208 -0.164708 0.152279 -0.047183
-0.039845 -0.091806 0.664681 -0.022612 -0.118648 0.240012 -0.027077 -0.075513 0.001195 -0.000559
0.268630 -0.174839 0.078907 -0.001369 -0.032743 0.104287 -0.222465 0.060995 -0.040394 -0.083085
-0.139119 -0.066896 0.053423 -0.108831 -0.070813 -0.128779 0.083503 0.042169 -0.094000 0.141104
-0.052718 -0.064860 0.155308 0.138388 0.084495 -0.080840 0.006414 -0.000787 -0.124706 -0.065852
-0.054729 0.006182 -0.195728 -0.165544 -0.061309 0.082458 0.200846 -0.136090 -0.019035 0.049976
-0.095409 0.013186 -0.312078 0.183508 0.174735 -0.346963 -0.104757 0.136717 -0.000834 -0.197399
-0.093321 0.023774 -0.055355 0.051909 -0.150399 -0.072902 -0.072536 -0.058906 0.047026 -0.035041
0.187268 -0.090292 0.013206 0.125333 0.110919 -0.115097 -0.023931 0.062771 -0.128779 -0.227479
0.089561 -0.110606 -0.096349 -0.020132 -0.063032 -0.078646 -0.240012 -0.121050 0.020641 -0.218497
0.000171 0.189252 -0.126377 -0.047104 0.048540 0.067680 0.068411 -0.033396 0.062510 0.064129
-0.150190 -0.232492 0.077445 0.055199 -0.134315 -0.047861 -0.252128 -0.228105 0.015823 0.135359
-0.150399 0.033631 0.068829 -0.002681 0.094208 0.199383 0.004279 -0.035015 0.070970 -0.038984
-0.035772 0.060786 0.030393 -0.207112 -0.010503 0.186015 0.019466 -0.224972 0.142775 0.005366
-0.011286 0.033500 0.029949 0.016737 -0.051935 -0.036790 0.161261 -0.092537 0.022064 0.054467
-0.082302 0.086845 -0.224345 -0.063345 -0.101415 -0.174735 -0.016450 -0.019283 0.000680 0.081257
0.005777 -0.272181 -0.027129 0.000293 -0.308945 0.109979 -0.011476 -0.198339 0.013721 0.047235
0.004857 0.045642 -0.009713 -0.141835 -0.236879 0.039689 0.117082 -0.119170 -0.059324 0.155726
-0.111859 0.033840 0.141313 0.195832 -0.056817 -0.023422 -0.123035 -0.162306 -0.060160 0.152906
0.106063 0.143924 0.012044 -0.082824 -0.005245 0.123453 0.106272 -0.024492 -0.184135 -0.076244
-0.084808 -0.126899 -0.042143 -0.038984 0.054311 0.127213 0.011561 -0.210350 0.006443 -0.062353
0.031046 -0.059429 -0.101311 0.053997 -0.038800 0.006841 0.065897 0.055752 -0.186524 -0.146478
-0.102072 0.073684 -0.127701 -0.014917 -0.121828 -0.134553 0.131706 -0.020045 -0.072883 0.071904
0.182786 -0.041692 -0.052771 -0.012737 0.026964 -0.167569 -0.159115 -0.197025 -0.046408 0.129303
0.139448 0.131528 -0.060335 0.025607 0.173620 0.010640 0.123163 0.029968 0.063450 0.200406
0.031525 -0.236714 -0.220340 0.203254 0.250775 -0.185278 -0.074262 0.183320 0.072127 -0.027609
-0.033394 -0.007147 -0.043272 0.197915 -0.060869 -0.073462 0.028588 -0.041781 0.047877 0.050369
0.016163 -0.016074 -0.216603 0.104030 -0.042226 -0.052771 -0.028165 -0.013838 -0.044896 -0.114086
0.017976 0.323391 -0.144342 -0.047966 0.030902 0.233867 -0.042515 0.002617 -0.000281 -0.079824
-0.112751 0.110971 -0.008454 -0.178871 -0.023738 0.040468 -0.179850 -0.085431 0.137401 0.307373
-0.275336 -0.025407 0.310932 -0.112662 -0.056909 -0.142563 -0.085208 -0.018632 0.023471 -0.048322
-0.103229 -0.076977 -0.068567 -0.010473 0.073551 -0.000996 -0.101894 -0.239562 0.096644 -0.134287
-0.036464 0.018399 -0.114709 -0.030212 -0.034217 -0.044985 0.112573 0.061136 0.107144 0.188482
0.095398 -0.025296 -0.000968 0.047298 -0.045229 0.058778 0.068167 -0.168459 -0.149682 -0.067010
0.074618 -0.006808 -0.073684 0.031169 0.168815 -0.101271 -0.010328 0.270709 -0.067188 0.086499
0.219984 0.164365 -0.020112 0.234223 -0.044206 0.025073 -0.159115 -0.078801 -0.084140 0.026541
-0.031013 -0.094063 0.188126 0.076131 0.090281 -0.049390 0.044540 0.115510 0.158403 -0.040691
0.110615 0.001338 -0.040001 -0.019989 -0.007370 -0.051169 0.019556 0.080269 0.047610 -0.001828
-0.036019 0.081604 0.208416 -0.018777 -0.034862 -0.030702 0.113285 0.040357 -0.061092 -0.200940
-0.049746 0.001911 0.064652 -0.123608 -0.090770 -0.138469 -0.089124 -0.153864 -0.100737 -0.143008
-0.064785 -0.123341 -0.014016 0.004689 0.197915 0.170506 -0.157246 -0.277472 0.269285 -0.099224
-0.521840 -0.151106 0.022359 0.077199 -0.064963 0.015907 -0.117022 -0.086143 0.049345 -0.058511
-0.018265 -0.061626 -0.070436 -0.058912 0.069235 0.028811 -0.016975 0.099135 -0.033327 -0.010584
-0.089613 -0.106788 -0.129659 0.002721 -0.236359 0.162763 0.005292 -0.077333 -0.031436 0.028010
0.113730 -0.043717 -0.170328 -0.078757 -0.131350 0.002806 0.005757 0.033816 -0.050369 0.097444
-0.013493 0.009533 -0.162318 -0.054952 0.068523 0.053172 0.082806 0.041314 -0.020590 -0.022915
0.103229 0.048411 -0.128057 0.005634 -0.098601 -0.022448 -0.099313 -0.107233 -0.005287 0.128502
0.220340 -0.190617 0.051258 0.253623 0.070792 0.121828 -0.000895 0.016630 -0.045407 0.158314
-0.016196 -0.019489 0.088946 -0.066609 0.002642 0.193999 0.159115 -0.055619 -0.269107 0.125032
0.041736 -0.103763 0.007314 0.018499 0.113552 0.158225 -0.038355 -0.099936 0.045363 0.045830
-0.126099 -0.086855 0.073006 -0.113019 0.031999 0.508859 -0.103035 -0.127761 -0.149522 -0.198583
-0.135092 -0.063802 -0.127995 -0.136028 0.238050 -0.146870 -0.233370 0.175963 -0.044693 -0.066142
0.165824 -0.018076 -0.068755 0.059317 0.070393 0.000317 0.009243 0.147806 0.053897 0.063646
-0.063724 -0.070939 0.044654 0.085018 -0.042821 0.119415 0.075541 0.067312 0.112161 -0.078388
-0.054989 0.114189 -0.166448 -0.185479 0.021859 -0.163640 -0.123159 -0.117699 -0.077959 0.008463
-0.068287 0.133142 0.115749 0.014586 -0.144374 0.036269 -0.047735 -0.040364 0.002071 0.336951
-0.082288 -0.014878 0.141020 -0.188443 -0.019538 -0.078856 0.003934 -0.025583 -0.098901 0.026968
0.010725 -0.137666 0.038862 0.070159 0.042392 0.033773 -0.008828 0.008560 -0.186103 -0.139928
-0.073084 -0.018856 -0.006781 -0.131895 -0.099993 -0.094222 0.380942 -0.044225 -0.028196 0.303880
-0.060994 -0.104361 0.049412 -0.006874 0.100617 -0.237894 0.192187 0.143516 -0.287188 0.074800
0.236490 0.044732 -0.052766 -0.179707 -0.250061 0.092896 0.073942 -0.047345 0.111147 -0.051362
0.012138 -0.124329 -0.081898 0.304972 -0.136964 -0.038745 0.138602 -0.038121 -0.150536 -0.000097
-0.012694 -0.029249 0.019724 -0.031628 -0.040130 0.005045 0.073045 -0.012762 -0.085096 -0.063217
-0.092506 -0.288124 -0.003210 0.093988 -0.174403 0.079285 0.104283 -0.088372 -0.139694 -0.058810
-0.081742 0.099369 0.059512 -0.046448 0.026168 0.083536 -0.118791 -0.020338 0.021566 0.181111
-0.182515 0.014917 0.148742 -0.067780 -0.031336 -0.010227 -0.014235 -0.082132 0.248501 -0.088840
-0.135560 0.191095 -0.083302 -0.083536 -0.093442 -0.045512 -0.104829 0.138836 -0.161456 -0.240546
-0.007025 -0.037088 -0.107325 0.021703 -0.072850 0.023107 -0.009194 0.155762 0.115515 -0.028664
-0.089932 0.005435 0.057991 0.069886 0.005182 -0.039213 0.145622 0.014274 0.077257 0.007147
-0.061540 -0.060409 -0.097965 0.091102 0.164888 -0.120507 0.062866 0.070393 -0.128619 -0.008536
0.053546 0.051752 -0.007615 -0.122223 0.098043 0.045590 0.022366 0.003247 0.114267 -0.017364
-0.164732 -0.096639 0.172375 -0.167228 -0.074722 0.016604 -0.066259 -0.028508 0.050777 -0.036854
-0.038336 0.221046 -0.130335 -0.044225 0.189847 -0.172687 -0.067546 -0.084940 0.111225 0.039408
0.051674 -0.007975 -0.131349 0.082756 -0.085876 -0.067702 -0.249905 -0.109665 0.027533 -0.031082
-0.097731 0.046370 -0.170971 -0.151238 -0.006347 -0.017676 0.027455 -0.033520 -0.158258 0.054443
0.016224 0.155840 0.016107 -0.063295 0.021664 -0.128073 -0.062359 -0.038784 0.019880 0.057913
0.124095 0.006835 0.051635 0.103581 0.008107 -0.089308 0.175963 -0.126201 -0.084628 -0.091102
0.031979 -0.047072 -0.141020 0.129633 0.170503 -0.217458 -0.049334 0.044147 0.007078 -0.072343
-0.027631 0.022463 -0.083536 0.012119 -0.033481 -0.180955 0.114189 0.057055 -0.092896 -0.028684
-0.096280 -0.032008 0.052423 0.008038 -0.139795 0.017017 -0.045056 -0.118094 0.092054 -0.010072
-0.077835 -0.052137 0.086972 -0.099764 -0.103989 -0.036747 -0.067385 0.061389 -0.055992 -0.144934
-0.037918 0.101191 -0.194388 -0.031294 -0.072753 0.162865 0.145391 0.007802 -0.139795 -0.139224
0.038661 -0.294894 -0.129287 -0.029010 -0.043857 0.138995 -0.006032 -0.064301 -0.027225 0.062930
-0.133285 -0.064586 0.010729 -0.034006 0.046712 -0.083488 -0.086629 -0.082860 -0.012185 -0.059447
0.044257 -0.044571 0.038175 0.034520 -0.043743 0.001064 0.055964 0.039774 0.004140 -0.013955
0.024427 -0.047540 -0.018031 -0.070183 -0.025027 -0.079263 0.009936 0.073723 0.015961 -0.059618
-0.018145 0.028581 0.034492 -0.007388 -0.042201 0.056535 0.051880 -0.017203 0.069383 0.046998
0.105988 0.023385 0.080804 0.033093 0.045685 0.084117 -0.042429 0.013206 -0.108958 -0.096451
0.065100 0.086172 -0.074352 0.039660 -0.034406 -0.127460 0.014876 0.042144 -0.047226 -0.033521
-0.074066 -0.145277 0.012014 -0.082917 0.078178 -0.013384 0.083546 0.047712 -0.035662 -0.072924
-0.155099 -0.024127 -0.079434 -0.054507 -0.075151 0.090455 0.069840 -0.011214 0.040488 0.070240
0.004576 -0.041773 -0.074352 0.010001 -0.134884 -0.124376 0.071382 -0.062759 -0.132371 -0.016675
-0.169490 0.114782 0.016361 0.035405 0.039631 0.086686 -0.090056 -0.075094 0.071782 -0.013056
-0.093939 -0.020786 0.018331 0.005254 0.096566 -0.094453 -0.149388 -0.027468 0.028610 0.059618
0.038175 0.003416 0.014248 -0.012363 0.031465 -0.032036 0.044343 0.083260 0.015947 -0.006142
-0.094510 -0.104789 -0.034292 -0.084573 -0.016375 0.039831 0.036091 0.060418 -0.011057 0.009472
0.181253 -0.090398 0.023114 0.007745 -0.046655 0.070126 -0.020301 -0.040145 -0.121521 -0.144249
0.049225 -0.082061 -0.103932 0.117409 -0.241443 -0.366847 -0.062074 0.032664 -0.004554 0.009651
-0.025683 0.004490 -0.104046 0.069669 0.107815 0.066756 0.071839 -0.160924 -0.051852 -0.061503
-0.011200 0.013777 -0.017631 0.004740 0.010971 0.035434 -0.007163 -0.055478 0.047226 -0.036719
-0.107301 -0.256062 -0.047426 -0.141394 -0.182738 0.060532 -0.029010 0.046341 0.042173 0.102219
0.055821 -0.020744 -0.063045 -0.145277 0.058419 -0.093082 -0.071953 -0.051766 0.077949 0.098621
-0.056820 -0.016718 -0.031465 -0.016332 0.002611 -0.084802 -0.033293 0.021629 0.030951 0.045456
-0.060132 -0.179540 -0.002980 -0.011321 0.008530 0.022785 0.099535 -0.097422 -0.075665 -0.046827
0.129173 0.109072 -0.001115 0.040031 0.101191 0.104618 0.140822 -0.029095 0.070640 -0.072353
-0.201469 -0.014505 -0.027682 0.025483 -0.074066 -0.268168 0.043572 -0.044685 -0.022471 -0.048026
0.032379 -0.049139 0.015690 -0.073552 0.064415 -0.039660 -0.052766 -0.096623 -0.178398 0.033121
-0.016703 -0.032379 -0.072182 0.059447 0.030180 -0.122777 -0.010136 -0.216430 -0.064102 -0.122615
-0.054210 0.060465 -0.196255 -0.028014 0.114985 -0.077988 0.014761 0.073374 -0.047156 -0.062106
0.072043 0.077766 -0.029234 -0.052923 -0.092804 -0.043031 -0.025131 0.110194 0.128027 -0.012321
0.155177 0.090941 -0.200514 0.294028 -0.089566 0.026306 -0.053766 -0.036842 -0.053677 -0.112856
-0.102830 0.009100 -0.049552 -0.021859 -0.039970 -0.057359 -0.007236 0.021094 -0.121196 -0.179753
0.116848 -0.087082 0.049641 0.009471 -0.122881 -0.097152 0.031896 -0.199982 -0.058247 -0.018011
-0.274864 -0.035600 -0.066542 -0.006272 0.102653 -0.177091 0.033182 0.253748 0.085085 -0.133262
0.139206 0.029855 -0.119155 -0.036798 -0.009898 0.053456 0.080560 0.048753 -0.271315 -0.080782
0.090852 -0.029944 -0.080117 0.132818 -0.062727 -0.162363 0.062905 -0.166089 -0.002911 -0.008079
-0.097507 0.046846 -0.125011 -0.032606 0.048398 -0.004830 -0.103983 0.134415 0.082379 0.064058
0.011162 -0.069160 -0.047733 -0.083267 0.143554 0.178688 0.088013 -0.155798 0.019985 0.088989
-0.533048 -0.143288 0.486912 -0.234584 0.007835 0.200691 -0.013830 -0.019541 -0.077677 -0.037574
-0.065699 -0.075858 -0.055674 -0.115961 -0.008118 -0.073596 -0.088013 -0.046313 0.014307 -0.032295
0.071511 -0.026373 0.103096 0.009144 -0.011229 -0.024332 -0.053544 0.133972 0.004519 -0.141602
0.174163 0.161919 -0.004325 0.147280 0.057670 -0.008057 -0.037685 -0.001540 -0.018965 -0.081093
0.071910 0.037774 0.191642 -0.101410 -0.131842 0.329340 0.170880 -0.160145 -0.001634 0.000961
-0.162363 -0.036709 -0.051326 0.101233 -0.261378 -0.105048 0.242214 -0.186141 -0.125188 0.071777
0.048931 0.087570 0.013109 -0.163516 0.086993 0.018931 0.043607 0.029966 0.022891 -0.072664
-0.108774 0.054698 0.220565 -0.042454 -0.157306 0.081093 -0.103274 -0.021127 -0.026151 -0.031585
-0.008761 -0.155177 -0.121373 -0.147901 -0.096176 0.212758 -0.013686 0.012100 -0.130512 -0.034425
-0.032872 0.107532 0.038306 -0.163694 -0.054920 0.187028 -0.044184 0.054742 0.121107 0.081226
0.040058 0.196610 -0.060154 -0.206015 0.075370 0.042920 -0.093691 0.029833 -0.007259 -0.073684
-0.055141 0.010109 -0.099991 -0.142223 -0.141779 0.069736 0.039881 -0.088679 -0.106911 0.084864
-0.042121 0.060243 -0.012133 -0.023800 -0.080516 0.010508 0.051859 0.025131 0.028591 -0.066897
-0.034425 -0.033937 -0.030654 -0.154555 0.015438 0.002992 -0.140360 0.009205 0.022436 -0.183479
-0.043164 -0.081936 0.037707 0.028835 0.151805 0.025286 -0.004006 -0.024022 0.211161 -0.100257
0.052169 -0.098749 -0.070668 0.600122 0.121462 -0.255522 0.044029 -0.048665 -0.460650 -0.001486
0.081847 -0.039371 0.137343 -0.099281 0.057714 0.068583 0.051859 0.034713 -0.114364 0.022957
0.037330 -0.089300 0.047777 0.245053 -0.152426 0.136367 0.045271 0.029012 0.008889 0.086461
0.061929 -0.080516 0.111170 -0.016114 -0.067873 -0.132463 
