-0.119311 0.071621 -0.077390 0.088970 0.353489 0.201359 0.168283 0.132729 0.098201 0.116320
-0.130849 0.029272 0.275031 0.044143 -0.095722 0.087603 0.089312 -0.076022 -0.144438 -0.188710
-0.023567 -0.128798 0.111106 -0.073715 -0.105124 0.041729 -0.049357 -0.159566 -0.195034 -0.080253
-0.123499 -0.076792 -0.106747 0.109141 0.430067 0.309730 -0.009604 -0.151617 0.031238 0.097346
-0.028588 0.138456 -0.033994 0.059656 0.053203 -0.116576 -0.033481 -0.154865 -0.013984 0.009273
0.195718 0.167258 -0.053331 0.129567 -0.093415 0.101790 -0.120764 0.146746 0.116918 0.098714
-0.056878 -0.073587 0.098543 -0.205803 -0.234691 0.101107 -0.023824 -0.133669 -0.042990 0.236571
0.106149 -0.296739 0.087005 0.072732 0.000989 -0.004599 -0.020149 -0.041772 0.137601 0.288534
0.060040 0.164865 0.005237 -0.228879 0.223238 0.017895 0.055040 0.096577 -0.065125 -0.144609
0.025704 -0.072390 0.114183 -0.029999 -0.139908 -0.036195 -0.049058 -0.049229 -0.010235 0.112987
0.093073 0.052348 0.223067 0.162215 0.209734 0.084099 -0.159993 0.058758 0.137601 -0.009487
-0.111021 0.067518 -0.104525 -0.224947 0.308021 0.044143 -0.093586 -0.168540 -0.082304 0.059314
-0.159138 -0.451262 -0.005456 0.159138 0.096492 -0.039656 -0.040041 -0.152985 -0.007377 0.052434
0.042797 -0.015544 -0.022136 0.087475 0.076877 -0.045639 -0.134610 0.043930 0.046366 -0.203923
-0.019144 0.003517 -0.006335 0.059485 -0.202726 -0.019390 0.012072 -0.218794 -0.408871 0.063502
0.126832 0.112645 0.075339 0.091449 0.028247 -0.045425 0.000376 -0.525789 -0.355882 0.106918
-0.028588 -0.176574 -0.050596 -0.019647 -0.104098 0.010571 0.167514 0.011036 0.047177 0.061066
0.130251 -0.108029 -0.055852 -0.018194 -0.228708 -0.370924 0.269561 0.022926 0.054570 0.071151
0.152814 0.034208 -0.129311 0.100936 -0.117089 -0.275885 -0.071151 -0.267339 0.095893 0.126661
-0.157600 -0.013450 0.071621 0.026174 0.077133 0.049870 0.016324 0.013696 -0.096748 -0.066920
0.056365 -0.188710 0.016014 0.527498 -0.020223 0.037541 0.105295 0.102902 -0.076065 0.069997
-0.081022 -0.332464 -0.078159 -0.060681 -0.029721 -0.039058 -0.098372 -0.126063 -0.107346 0.050682
0.173668 0.078074 -0.067048 -0.003424 0.095893 -0.131533 -0.076407 0.080894 0.091620 -0.217939
-0.054784 0.148199 -0.007548 -0.062989 0.110166 -0.100081 -0.192128 -0.037819 -0.086877 -0.113585
0.163924 0.149481 0.013781 0.023610 -0.008648 0.120593 -0.036238 -0.324772 -0.009636 0.006544
-0.072732 0.054656 0.091107 0.031323 0.001549 0.073629 0.201359 0.095210 0.014957 0.010763
-0.207170 -0.000836 -0.114012 0.021858 -0.058459 -0.144865 -0.003841 -0.185975 -0.126747 0.031388
0.086406 0.001982 -0.066194 -0.048972 -0.405794 -0.257767 -0.179650 -0.075851 0.122730 0.007751
0.059570 -0.085509 -0.042306 0.317080 0.017980 0.024187 0.267852 0.341524 0.054582 -0.048288
-0.074792 0.066276 0.063561 -0.209073 0.025563 0.001156 -0.040081 -0.000565 -0.097131 -0.088307
0.022910 0.131936 0.027214 -0.060075 -0.140822 0.036902 0.168468 0.223513 0.165876 0.183402
0.146129 0.186857 -0.091577 -0.192164 -0.068683 -0.017171 -0.014294 0.023974 -0.037952 -0.055199
-0.091516 -0.093799 -0.047702 0.005623 0.031210 0.030701 0.033138 -0.235361 -0.156126 -0.155879
0.148597 0.106141 0.081827 0.043721 0.024499 -0.064857 0.001873 -0.029297 0.018174 0.061617
0.008855 -0.029189 0.101698 0.081766 0.038754 -0.000648 0.140328 -0.021429 -0.156866 -0.248197
-0.083000 -0.028880 -0.095157 -0.062420 0.003475 0.165136 -0.136009 -0.011061 0.109844 -0.096884
-0.044863 0.064610 0.072818 0.034434 0.103487 0.082383 0.079050 -0.091701 -0.061154 0.051034
0.019994 -0.044986 0.048442 0.067325 -0.173034 0.078372 0.011355 -0.058964 0.157854 0.123852
0.054829 0.014286 0.060784 0.065042 0.029513 0.061062 0.043937 -0.004941 -0.028263 -0.063746
-0.120273 -0.146623 -0.097687 -0.028448 -0.018050 -0.110893 0.005940 0.034403 -0.065289 0.170813
0.121754 0.077693 -0.004505 0.043382 -0.010930 -0.018266 -0.063253 0.059519 -0.021367 -0.019454
-0.013522 0.131195 0.138847 -0.102809 -0.078803 -0.104722 -0.041191 -0.091392 -0.204013 -0.005635
-0.013129 -0.073928 0.009881 0.055385 0.068189 -0.040420 -0.010236 0.083185 0.057699 0.097872
0.094169 0.019917 0.030377 -0.095157 0.134651 0.242643 -0.020719 -0.027152 0.059118 -0.054243
0.042333 0.088369 0.045233 -0.007687 -0.050602 -0.025856 -0.115829 -0.008408 0.190807 0.027013
0.066708 -0.022462 0.066770 -0.073188 -0.247086 -0.151559 0.065906 0.133417 0.104228 -0.104475
0.005141 0.101698 -0.174022 0.033724 0.008986 -0.018482 0.118298 -0.128974 -0.076582 -0.035730
0.148104 -0.016862 0.242643 0.145388 -0.070966 -0.005515 -0.074977 -0.028063 -0.065783 -0.030454
0.046622 -0.050602 0.049028 -0.028741 0.054397 -0.034218 0.034619 -0.031657 -0.140081 -0.052577
0.352734 -0.052392 -0.039926 0.011339 -0.010120 -0.124839 -0.162050 -0.112991 -0.063499 -0.008315
-0.053256 -0.026057 -0.011725 -0.057390 -0.109535 0.046961 0.024699 -0.279422 -0.077446 -0.017649
-0.057544 -0.030269 -0.035545 -0.061340 0.023789 -0.063253 -0.012859 0.046313 0.045573 0.027847
-0.029158 -0.029605 -0.144401 -0.111695 -0.016106 -0.126752 0.103055 -0.033632 -0.125765 -0.069609
-0.040142 -0.081210 -0.085406 -0.161927 0.039649 0.101204 -0.045079 -0.115397 -0.002233 -0.011077
0.036594 0.072077 0.114719 -0.069670 -0.249431 -0.043259 0.043721 0.077569 0.143043 0.181057
-0.027723 -0.112003 0.162544 0.080716 -0.034989 -0.063931 -0.117310 -0.002740 0.015466 0.004320
-0.030886 0.048442 0.060722 -0.109473 -0.083555 0.105524 0.079976 -0.125641 -0.091701 -0.070781
0.124469 0.073311 0.028279 0.004732 -0.046159 -0.018220 -0.027836 -0.054808 -0.053258 -0.006266
0.029998 -0.248336 0.030043 -0.113910 0.041717 0.180467 -0.058744 -0.077948 0.133472 0.082600
-0.042433 -0.063456 0.095780 -0.009102 -0.121902 0.158162 0.123810 -0.035097 0.122260 0.056538
-0.033189 -0.008886 -0.103831 0.053794 -0.105680 -0.051111 -0.002645 -0.186431 -0.014030 0.044610
0.438704 0.208617 -0.034263 0.011078 -0.061189 0.060384 -0.037990 -0.201579 -0.062502 -0.044491
-0.145280 0.059102 -0.036260 0.199552 -0.044252 -0.037334 0.648394 0.100670 -0.004410 0.232472
0.141821 0.036082 -0.031161 -0.179155 0.186312 0.125719 0.025063 0.175100 -0.113791 -0.006627
-0.029327 -0.241895 -0.043119 -0.104487 -0.034948 0.047174 -0.218398 -0.094885 0.107648 -0.502875
-0.070612 0.078067 -0.324674 -0.056895 0.085045 -0.645531 -0.057641 0.019979 0.024899 -0.311076
-0.003172 -0.093752 -0.335409 0.013270 0.044670 -0.111107 0.027136 0.137527 -0.050604 0.200864
-0.064052 -0.159474 0.190248 0.089100 -0.153391 0.117966 0.057850 0.144088 0.004514 0.003962
-0.019681 0.005293 0.039183 0.215416 0.046101 -0.170448 0.024526 0.041240 -0.104070 -0.057492
0.007514 0.005904 -0.121484 0.061488 -0.008484 -0.045326 -0.169255 0.030431 -0.143968 -0.081944
-0.096555 -0.198955 0.148978 0.048367 -0.107052 0.034143 -0.001850 -0.100014 0.019681 -0.084747
0.007541 -0.085582 0.021664 0.031758 0.039988 -0.172356 -0.141225 0.022290 0.113731 -0.243684
-0.145757 0.015118 0.040435 -0.234381 0.024303 -0.238317 -0.181779 -0.092500 -0.211599 -0.054629
-0.024780 0.017087 -0.146950 -0.143372 -0.066020 0.091844 -0.018130 -0.036141 0.145638 -0.005930
-0.084985 0.224958 0.011935 -0.129655 -0.000022 -0.049321 0.209452 -0.082182 0.171760 -0.074429
0.028284 -0.150409 -0.300341 -0.072402 -0.106873 -0.061488 0.188578 -0.010728 0.297002 -0.044013
0.281495 -0.000395 -0.140986 -0.148978 -0.317279 0.045922 -0.152795 -0.322766 0.110809 -0.026211
-0.484983 0.084449 -0.172476 -0.162218 -0.179155 0.093514 -0.191083 0.158997 0.518142 0.224481
-0.052840 0.208020 0.297479 -0.028358 0.166989 0.050872 -0.176412 0.004935 -0.282927 0.031191
-0.136334 -0.171164 0.063754 -0.086297 -0.105740 -0.178439 0.677020 0.224004 -0.015476 -0.024899
-0.005405 -0.043477 -0.048307 0.038914 0.076457 -0.121425 0.188697 0.260741 -0.029104 0.016117
-0.020218 -0.123214 -0.054838 0.014701 -0.020635 0.129297 0.013277 -0.040137 0.128224 0.100134
0.053794 0.170090 -0.025824 0.020829 0.095840 0.107171 0.058804 -0.097271 0.034203 0.169971
0.120351 0.088802 0.082719 -0.388130 0.115222 0.137408 -0.143968 0.035515 -0.043566 -0.219113
-0.046876 -0.059907 -0.224600 -0.118443 0.137647 0.160667 -0.032354 -0.131325 0.053347 -0.058118
-0.134187 0.285789 -0.090234 0.205754 0.279826 0.004957 -0.379065 -0.266705 -0.023870 -0.167585
-0.215893 0.072342 0.031788 -0.007585 -0.164811 -0.218230 0.099630 -0.117538 0.171488 0.104714
0.042493 0.042113 -0.182870 0.083088 -0.078156 -0.144930 0.300787 -0.078080 0.095001 0.013564
-0.139619 0.183477 0.040292 -0.330836 -0.076676 -0.127706 0.146827 -0.149407 -0.266186 0.097885
0.138329 -0.052926 -0.262392 0.120345 -0.043289 0.033178 0.042037 -0.034184 0.279693 -0.364830
-0.143489 0.106156 -0.089614 -0.101375 0.032268 -0.156160 0.076335 0.008774 0.016153 -0.096519
0.271042 -0.032856 -0.252224 -0.063815 0.072882 -0.004626 -0.217927 0.310803 0.140453 -0.130058
-0.192127 0.254804 -0.111088 -0.541174 0.007204 -0.100389 -0.084682 -0.411875 0.022347 -0.175130
-0.024642 -0.043024 -0.077284 -0.171640 -0.406715 -0.010623 -0.164507 0.114578 0.065864 -0.163141
-0.271801 -0.043024 0.054785 -0.007963 0.021436 -0.065332 -0.175434 -0.001180 0.089235 0.339941
0.039344 -0.195770 0.024282 0.049739 -0.034184 0.061463 -0.061501 0.547852 -0.238111 -0.642246
0.290468 0.021834 -0.130513 -0.049549 -0.075349 -0.127781 0.022517 -0.158285 -0.193645 -0.004622
-0.155857 -0.216561 -0.268462 -0.208669 0.070606 -0.016627 -0.029669 -0.110177 0.070075 -0.179380
-0.075273 -0.120725 -0.176193 -0.003690 0.097809 0.000860 0.005340 0.001810 0.157375 0.138632
0.295779 -0.187119 -0.147662 0.099099 -0.128389 -0.193949 0.094470 -0.154036 0.184691 -0.038433
0.289709 -0.007953 -0.158437 0.647709 -0.090828 -0.117158 -0.307161 0.038794 -0.015755 -0.162231
0.130210 0.123456 -0.283335 -0.037333 0.098720 -0.259660 -0.051181 -0.241298 -0.187575 0.038319
-0.017737 -0.139163 -0.056265 -0.309134 -0.134383 -0.006208 -0.119662 0.180290 0.490790 -0.831035
-0.159499 0.878991 0.134155 -0.068709 -0.116703 -0.076107 -0.026197 0.006801 -0.088172 -0.115717
0.241298 -0.052888 0.120725 0.094470 0.028550 0.158437 0.031262 0.497771 -0.389718 0.046097
0.056796 -0.086655 -0.213829 0.087793 -0.279844 0.021777 0.385469 -0.227487 0.104183 -0.066015
0.104790 -0.001193 -0.066812 -0.148648 -0.103652 0.157982 -0.396396 0.052585 -0.058010 -0.028929
-0.033122 0.102969 0.066129 -0.036707 0.052964 0.076107 0.090828 -0.093711 -0.073262 -0.137115
-0.052774 0.100768 0.005881 0.065522 -0.310652 0.002544 -0.011780 0.032609 0.002895 -0.177862
-0.038395 -0.016200 -0.005824 -0.190762 -0.169667 -0.067647 -0.018771 -0.098416 0.174372 -0.077701
0.231585 0.115641 -0.237352 0.016210 0.149787 0.220203 0.106535 0.138405 -0.078839 -0.421588
0.110633 0.516286 -0.585792 -0.319302 -0.130361 0.000961 0.137494 -0.001133 -0.044921 0.109419
-0.157982 -0.467723 0.153808 0.135673 -0.069202 -0.120497 -0.270435 0.009950 0.014379 0.071820
0.045604 -0.156009 -0.047349 -0.041999 -0.067647 0.026103 0.026539 -0.058162 -0.040027 0.016912
-0.192127 -0.020260 -0.204268 -0.500806 0.122394 -0.260116 -0.303367 0.116627 0.118297 -0.211401
-0.468026 -0.048335 -0.161949 -0.108111 0.057812 -0.119537 -0.185422 0.090165 0.071846 0.024311
-0.042226 -0.043654 0.018179 0.013460 0.205790 0.225661 -0.093643 0.062408 0.074392 -0.092276
0.052410 0.093705 -0.060762 0.059862 -0.012101 -0.119102 0.053248 -0.066009 -0.146922 0.041667
0.061880 -0.083397 0.108670 0.094450 -0.154622 0.056105 0.054490 -0.061290 -0.024311 -0.055887
0.002882 0.075945 -0.007964 0.107304 -0.079112 -0.059303 -0.036886 0.048467 0.066196 0.089917
-0.033439 0.021175 -0.034992 -0.118233 0.000278 -0.036793 -0.026981 -0.088054 -0.027292 -0.052286
-0.058682 -0.049429 -0.022728 0.148412 0.102522 0.079112 0.163316 0.031685 0.032911 0.063122
0.004921 0.013242 0.034091 -0.075448 0.038035 0.065575 -0.016363 -0.030397 0.075572 0.073337
-0.108111 -0.033626 -0.051044 -0.033967 -0.040425 -0.032663 -0.031732 0.147046 0.115873 -0.000544
0.094884 0.036637 -0.013025 0.093953 0.052876 0.016751 0.036575 -0.060948 0.048218 0.090662
-0.020570 -0.008864 -0.052255 -0.019033 0.012862 0.041885 0.063836 0.050858 0.138601 0.060172
0.132888 0.038407 0.080167 0.064954 0.025056 -0.003066 0.202064 0.068866 -0.006842 0.075883
-0.030536 -0.009190 -0.005620 -0.103826 0.022836 -0.015004 0.113327 -0.081161 -0.017123 -0.042257
0.032601 -0.123573 -0.151269 -0.035426 -0.003182 -0.053528 0.076131 0.062097 0.119972 -0.021424
-0.038159 -0.131646 -0.129659 -0.001191 -0.032259 -0.057471 0.019219 -0.036203 0.090848 0.036824
0.041264 0.037445 0.049057 0.017977 0.000241 0.005057 0.119164 0.088302 0.110533 0.044586
-0.099169 0.103205 -0.086005 -0.123884 0.082279 0.004417 0.050330 0.132391 -0.020057 -0.027695
0.005686 -0.015672 -0.063029 -0.039711 0.027882 -0.038345 -0.215974 -0.123263 0.078429 -0.110657
0.011030 0.202188 -0.077870 0.057098 0.055546 -0.029962 0.185174 -0.008694 -0.009796 0.114942
-0.158348 0.135993 0.095071 0.012280 0.149903 0.010580 -0.029248 0.001713 -0.114756 -0.063836
0.030847 0.071288 0.016518 -0.029434 -0.075945 -0.063712 -0.102957 0.034216 0.111713 0.019421
0.001737 -0.021703 -0.049802 0.109539 -0.081409 -0.126492 0.052503 -0.108918 0.034247 -0.021641
-0.123077 0.086688 -0.004774 -0.199829 -0.033346 -0.091345 -0.106683 0.024063 -0.000544 -0.131149
0.060979 0.072033 -0.374570 -0.015524 -0.001405 -0.113824 0.042661 -0.047939 -0.004358 0.035240
-0.163812 0.077684 -0.001785 -0.135993 -0.048933 -0.005313 -0.033470 -0.001804 0.052627 0.006528
0.094574 0.001107 0.070356 0.067624 -0.127920 -0.016238 -0.059800 -0.038966 -0.078367 0.120593
0.023038 -0.141582 0.078553 -0.107366 0.024559 0.076069 -0.041698 0.168656 0.017900 0.092773
0.202934 -0.022821 -0.010168 -0.073896 0.088613 0.038624 0.093456 0.046604 0.004983 0.154746
-0.000929 0.004048 -0.040580 0.003652 0.168408 0.108235 -0.075759 0.004929 0.056539 -0.057440
-0.061427 -0.143895 -0.054661 0.238732 0.000413 0.057938 0.178044 0.061322 -0.000917 -0.189040
-0.180899 0.040864 -0.006885 -0.130467 0.120317 -0.100441 -0.151084 0.047815 0.022163 -0.039674
-0.032670 0.023207 0.007751 0.047075 0.009971 0.149921 0.100282 -0.142520 0.022718 -0.035128
-0.197392 0.093991 -0.062749 -0.101075 0.085903 -0.159225 -0.079242 -0.141146 0.110273 -0.004120
-0.062115 0.055454 -0.146643 -0.139771 0.033278 -0.052996 -0.004447 0.240423 0.010969 -0.069093
0.208071 0.040256 -0.102079 0.232388 0.021952 0.048899 -0.030000 -0.007434 -0.126132 -0.334309
0.117886 0.025414 -0.240846 0.079718 -0.027000 0.077709 0.111331 -0.244229 -0.125075 0.025771
-0.134696 -0.004262 -0.115560 0.107472 0.008253 -0.086908 -0.086696 -0.090132 -0.076705 0.124546
0.071736 0.034520 -0.075172 -0.152141 0.145903 -0.171278 -0.322045 0.124124 0.053075 -0.192317
0.132159 0.081780 -0.012291 0.312318 0.135013 -0.050723 -0.020908 -0.052678 -0.039965 -0.154361
-0.093674 0.141463 0.026313 -0.075648 0.098062 0.058150 0.062749 0.169375 -0.065445 0.199718
0.212088 -0.093357 0.159225 0.157110 -0.126344 0.362221 0.199930 -0.070203 0.022811 0.224776
-0.227102 -0.243172 0.098326 -0.061745 -0.209128 -0.156476 0.009020 -0.106943 0.013137 -0.074168
-0.090291 0.008815 -0.142943 -0.005432 0.050247 0.019414 -0.035207 0.080670 0.005524 0.224141
-0.035551 -0.270238 -0.232388 -0.017855 -0.089604 0.208599 0.105146 -0.308723 -0.197181 0.086908
-0.083842 0.256282 0.120106 -0.138080 -0.062115 -0.049639 -0.080723 0.173498 -0.164511 -0.019797
0.057516 -0.033093 0.295190 0.055084 -0.044485 0.173815 -0.040943 -0.071049 0.129727 -0.107577
-0.049031 -0.044670 0.164511 0.097322 -0.091771 -0.102079 0.009258 -0.052546 -0.096846 -0.089339
0.009753 -0.023762 0.005309 -0.037533 -0.290115 -0.171172 0.185868 -0.020670 -0.167789 -0.108476
-0.151613 0.082784 -0.149604 -0.190943 0.168000 -0.028414 0.111965 0.183119 -0.079454 -0.066027
0.051648 0.304282 0.175084 0.092141 0.229005 0.170855 0.212406 0.034546 -0.078238 0.132793
-0.250150 -0.120317 0.029709 -0.067190 -0.239789 0.224987 0.123066 0.017273 -0.035604 0.355243
-0.116934 0.051225 0.012449 0.007936 0.101234 -0.078978 -0.068405 -0.065974 -0.122009 0.114185
-0.013474 -0.217798 -0.046626 -0.050696 -0.033886 0.024806 -0.119049 0.014035 0.044696 -0.162608
0.128776 -0.072317 -0.046969 0.119154 0.068511 -0.029445 0.116194 -0.180793 -0.254379 0.263472
-0.013467 -0.259454 0.120952 -0.150661 -0.274679 0.072740 0.030079 -0.158591 0.032537 0.018819
-0.329023 -0.215366 -0.108687 -0.128247 0.008861 -0.031824 0.052996 -0.051330 0.079507 -0.004665
-0.209234 -0.121586 0.141040 -0.237251 0.091560 0.047498 -0.107419 0.239789 0.064864 -0.001656
-0.109850 -0.061639 0.010289 0.096053 0.013996 0.003651 -0.035128 -0.129198 -0.123002 -0.045180
0.101952 -0.498991 0.614232 0.512572 -0.250854 0.218066 0.236885 -0.144925 -0.247361 -0.058639
0.081484 -0.041930 0.048769 0.234945 0.052673 0.104765 0.116599 0.174899 0.136970 0.062471
-0.004468 0.013096 0.079301 0.037031 0.057475 0.028738 -0.037080 -0.063974 -0.062956 0.062762
-0.019656 0.037589 0.241153 -0.014272 0.030726 0.052091 -0.031672 0.075760 0.088371 0.047241
-0.134642 -0.048211 -0.104183 0.044210 -0.007154 -0.122420 0.053886 0.054371 0.084394 0.047896
0.120577 0.120577 -0.002334 -0.097538 -0.138231 -0.055875 0.066497 -0.193427 -0.124166 0.053158
-0.293342 -0.024627 -0.037759 0.035188 0.296058 0.327875 -0.074451 0.112719 0.089875 -0.050297
0.093755 -0.028034 -0.045131 -0.061743 0.081435 0.044646 -0.074014 -0.042585 0.000537 0.102243
0.058736 -0.070231 0.175093 -0.042730 -0.129210 0.107384 -0.007130 -0.049036 -0.011198 -0.098751
-0.059270 0.029586 0.087741 0.018673 0.064411 0.049642 -0.057233 -0.074887 -0.238437 -0.119510
-0.001817 -0.055681 -0.006463 -0.007912 -0.011592 0.066254 0.030096 0.152685 0.094482 0.148223
0.048381 0.087789 0.190711 -0.038074 -0.056748 -0.087110 0.009270 -0.019243 -0.242705 -0.198665
0.003432 -0.139298 -0.305370 -0.134933 0.118636 0.015242 -0.014914 0.006736 -0.158214 0.073384
-0.118636 -0.073238 0.008173 0.083181 0.047217 0.065187 0.082842 -0.027913 0.198471 0.031526
0.069601 -0.087547 -0.159087 -0.023924 0.110197 0.019692 -0.057281 -0.030411 -0.058979 -0.063926
-0.062519 0.046562 -0.013023 -0.063295 0.056796 -0.122420 -0.307504 0.068485 -0.129210 -0.139783
-0.060385 -0.116017 -0.109227 -0.141724 -0.221558 -0.031914 -0.050442 0.087062 -0.009003 -0.102340
0.033103 0.090893 -0.190226 0.106317 0.021426 -0.051800 0.009300 0.095889 -0.034097 0.172571
0.045180 -0.314489 -0.353484 0.417507 -0.295282 -0.206620 0.157729 0.111749 0.167818 0.050588
0.367453 0.034218 0.023026 0.064071 0.009658 0.069504 -0.103407 0.017909 -0.181398 0.601816
0.203903 -0.675539 0.147156 -0.090214 -0.268896 -0.002775 -0.014551 -0.001324 -0.003219 0.034631
0.020310 -0.042342 -0.091524 -0.067224 -0.008112 -0.004068 -0.080126 -0.121450 0.209724 0.174026
-0.321279 0.084733 0.256674 -0.100885 -0.063150 -0.218454 0.030144 0.015800 -0.156856 -0.018103
0.015957 -0.032108 -0.021062 -0.090796 -0.042003 -0.044768 0.264240 0.265404 0.048332 -0.008458
0.122323 -0.005984 -0.130665 -0.071201 -0.140559 0.097247 -0.012029 -0.027380 0.188868 0.174996
0.033709 0.019607 -0.001397 -0.023293 0.230483 0.020904 -0.034437 0.203321 0.004632 -0.008318
-0.007093 0.049448 -0.093124 -0.077167 -0.011077 -0.114368 -0.211664 -0.018916 -0.000861 0.036449
-0.018479 0.023851 -0.008264 -0.196919 -0.125136 -0.313324 -0.159669 -0.019765 0.035310 0.154625
-0.021608 -0.221946 0.189450 0.091281 0.000307 0.076052 -0.064578 -0.169961 -0.077666 0.049034
-0.146073 0.009001 -0.032546 0.022631 0.111098 -0.172476 0.073322 -0.056692 -0.199907 0.187906
-0.079666 -0.156703 -0.037204 -0.143787 0.109612 0.210766 -0.222653 0.054206 0.176362 -0.061492
-0.157846 -0.172476 -0.034632 0.133043 -0.113669 0.078066 0.073951 -0.267000 -0.144701 0.209051
-0.118527 -0.114412 -0.127100 -0.281859 -0.342209 0.105211 0.001793 -0.210766 -0.228825 -0.290089
-0.292603 0.034547 0.079666 0.015216 0.201393 0.046062 0.015445 0.050177 0.134415 -0.163218
-0.106526 -0.033832 0.050063 -0.156817 -0.180362 0.112126 0.146187 0.193507 0.150531 -0.070922
-0.059035 0.052177 -0.092696 0.009608 -0.090581 -0.185734 0.077608 0.086124 -0.005643 -0.228482
-0.131443 0.143444 -0.179105 -0.077608 0.064578 -0.208708 -0.091839 0.062464 -0.004008 0.115441
0.166875 0.022802 0.102640 0.036461 -0.014130 -0.094639 0.098239 0.071379 -0.069150 -0.106469
0.048234 0.099154 -0.015416 0.089667 0.076637 0.085552 -0.047891 -0.063264 0.065550 0.073665
0.075322 0.059149 0.066121 0.015087 -0.128585 -0.131786 -0.060235 -0.119899 0.153045 -0.110183
-0.125385 -0.069036 0.068350 0.051206 -0.115841 -0.029832 -0.132929 0.144016 -0.072694 -0.017388
0.138987 0.116870 -0.245055 -0.322549 -0.090753 -0.144016 -0.381756 -0.179334 -0.291003 -0.170990
0.013080 0.202765 0.171219 -0.040576 0.007751 -0.083266 -0.023131 0.195221 0.242541 0.046777
0.042233 0.150874 0.096239 0.136472 0.249170 -0.116756 0.107897 -0.086924 0.092239 0.077037
0.213280 0.083209 0.232940 0.242998 -0.049920 0.285745 0.041719 0.065607 0.013380 0.045062
0.017273 -0.211680 0.060064 -0.028989 -0.265857 -0.012551 0.057521 0.041776 0.063093 0.086238
-0.153845 0.227339 0.198536 0.043776 0.113041 0.185506 0.137729 -0.148245 0.028746 -0.117727
-0.107897 -0.130757 0.078351 -0.031432 -0.002198 -0.072922 0.184363 0.122528 -0.082695 0.358439
-0.000717 0.036375 -0.076751 -0.093896 -0.040690 -0.112298 -0.100354 -0.200936 -0.472280 -0.011366
0.010673 -0.003547 0.162532 0.023545 -0.300147 -0.113898 -0.292603 -0.299004 -0.366897 0.025674
-0.254885 -0.263114 0.226196 -0.001418 -0.084466 -0.075894 -0.038947 0.131100 -0.023860 0.086467
0.102354 0.077951 0.074865 -0.240483 0.109269 -0.248941 -0.217967 -0.005579 -0.174533 -0.021131
-0.026046 -0.090010 -0.063836 -0.017716 -0.134986 0.027403 0.015487 0.097382 -0.037861 0.065779
-0.130071 0.165732 -0.168247 -0.088295 0.063893 0.154074 0.034689 0.158303 -0.092581 -0.228368
-0.147902 0.085895 0.149273 0.291232 0.001714 0.189278 0.210537 -0.175448 0.017573 0.072579
0.116813 0.267229 0.071779 0.167790 0.148245 -0.041033 0.127442 0.033947 0.022274 -0.049120
0.124699 -0.082809 0.008944 -0.155103 -0.059892 0.152931 -0.057749 -0.089381 0.068522 0.091953
0.094067 -0.020674 0.109269 0.061264 0.095396 -0.082454 -0.023413 0.237908 -0.006008 -0.035137
0.005108 0.032974 0.125207 -0.140258 0.050897 0.050207 -0.084417 -0.089579 0.046207 -0.124335
0.113574 0.037700 -0.061113 0.012624 -0.128188 0.132187 0.046935 0.087834 -0.098159 0.152401
0.126589 0.149202 0.020741 -0.032156 0.089216 -0.145784 -0.024703 0.060313 0.062931 -0.010670
0.057514 0.072674 0.048861 -0.023776 -0.089143 -0.123317 0.078018 -0.010888 -0.019868 0.124916
-0.025340 -0.080636 0.147020 0.102303 -0.102231 0.033483 0.076709 0.183376 -0.023485 -0.079691
-0.044571 -0.088198 -0.207661 -0.041590 -0.097650 -0.131242 -0.097068 0.074746 0.106084 0.040936
0.020341 -0.107902 0.113065 -0.027939 -0.089506 0.066312 0.054133 -0.109211 -0.032629 0.156036
-0.049407 0.175087 0.153273 -0.125716 -0.098959 -0.114446 0.049516 0.171451 -0.369078 -0.119463
0.245616 -0.110374 0.015805 0.124698 -0.010752 0.073946 -0.032720 0.181776 0.111465 -0.164616
-0.069329 0.119754 0.064021 -0.121208 -0.225402 -0.021250 -0.214932 -0.197190 -0.150801 0.018596
-0.199372 -0.006003 -0.035755 0.023431 0.097868 -0.046789 0.091324 0.092560 -0.074528 -0.007253
0.085944 0.075401 0.058968 0.097941 0.066275 0.007944 0.062022 -0.184539 -0.237327 -0.029320
0.069947 0.077073 -0.009361 -0.000076 0.066275 -0.003831 -0.024340 0.015524 -0.074892 -0.105212
-0.147311 -0.107248 -0.033574 -0.064821 -0.198354 0.014733 0.057332 0.155018 -0.081581 0.038282
-0.057332 -0.220167 -0.010107 -0.000126 -0.031411 0.007971 0.000665 0.028393 0.179595 -0.016442
0.044026 -0.105721 -0.064640 -0.032847 -0.036846 0.025994 -0.013979 0.208388 0.152255 0.094960
0.105575 0.251723 0.003249 -0.029357 -0.019432 0.086016 -0.066748 -0.009898 -0.098014 -0.117573
0.117136 -0.064676 -0.143530 0.022577 0.179449 0.055914 -0.163017 -0.024612 0.417067 0.036373
-0.118372 -0.157927 -0.008048 0.008730 -0.057078 0.052679 -0.073547 -0.084780 -0.083471 -0.018314
-0.069038 0.011416 -0.122953 -0.010698 0.154146 -0.013342 0.024467 0.326615 0.207661 -0.054569
0.083544 0.043626 0.183666 0.101576 -0.038682 0.142294 -0.011652 -0.000130 0.102740 -0.064131
0.089943 0.047698 -0.272809 0.036573 -0.151965 -0.176105 0.014488 0.026739 -0.088634 -0.088198
0.043335 -0.032992 -0.037809 0.025267 -0.152837 -0.040391 0.098086 0.060386 -0.063803 0.152401
0.035355 0.030902 0.204462 0.041590 0.112919 0.151528 0.071874 0.084417 -0.115464 0.014069
-0.061913 0.205043 -0.098523 -0.085435 0.487741 0.175959 0.054424 -0.035792 -0.005122 0.137932
0.057296 0.294186 0.063440 -0.015315 0.162290 0.035901 0.024103 -0.091833 0.117282 -0.013706
-0.066675 -0.049443 -0.147020 -0.104557 0.055551 0.127098 0.146730 0.048425 0.036355 0.122662
0.040936 -0.279208 -0.120263 0.048607 0.230492 -0.034774 0.200681 0.222494 0.133787 0.096923
-0.009180 -0.001309 0.068358 -0.081887 0.144310 0.034278 -0.088928 0.174059 0.137902 -0.071166
0.010127 0.032893 -0.042407 0.081175 -0.006097 0.023636 0.001435 -0.166463 -0.082520 0.113692
-0.131177 0.039084 -0.062701 -0.102695 0.256815 0.003662 -0.068437 0.293209 -0.065549 -0.017030
-0.093596 0.011482 0.050754 0.064441 0.141541 0.000494 -0.084102 0.117331 0.119467 0.055343
0.046007 -0.024724 -0.047194 -0.148187 0.100875 -0.013826 -0.009662 0.108945 -0.068555 -0.030757
0.107916 -0.209978 0.063531 0.081887 -0.110290 -0.039064 0.204281 0.066300 0.052455 0.282133
0.130386 0.081570 -0.014864 -0.001464 0.070335 -0.039737 -0.002043 0.004656 0.004591 -0.022885
-0.045255 0.074489 -0.215041 0.006651 0.023814 -0.051387 -0.042921 -0.017445 0.036671 -0.090352
0.025970 -0.056806 0.040053 0.059971 -0.082045 -0.038807 0.019453 0.071839 0.005894 0.127854
0.046600 -0.069465 -0.074964 0.123186 0.202383 -0.251435 -0.106017 0.062503 -0.065351 -0.175483
-0.119942 0.028463 0.152301 -0.040132 -0.042644 -0.024863 -0.035781 -0.062424 -0.056885 0.048222
0.026386 0.104672 0.024902 0.061395 -0.088691 0.010523 -0.066736 -0.095495 -0.026880 0.040864
-0.092409 -0.047629 0.340838 0.014419 -0.156732 0.238935 0.240359 0.033467 0.011215 0.089482
-0.081016 -0.131177 -0.185293 -0.092884 0.069584 -0.045097 -0.101982 0.106097 0.064164 0.042170
-0.043554 -0.117015 0.032616 0.053919 -0.119942 -0.070691 0.055145 -0.018899 0.012174 0.090827
-0.153725 -0.000904 -0.157365 -0.076190 0.099688 0.029135 -0.001465 -0.114720 0.014291 -0.051308
-0.008110 -0.089007 -0.037957 -0.009801 -0.045334 0.090431 0.043554 0.026445 0.351282 0.126746
0.089007 0.014924 0.115828 -0.125401 -0.012955 -0.041458 0.090352 -0.076467 -0.040033 -0.026030
0.046323 0.020155 0.039737 -0.050754 -0.056411 0.057518 -0.336724 0.087741 -0.088374 -0.141225
0.016110 0.068001 0.181496 0.129515 -0.009415 -0.036533 0.016358 -0.182761 -0.184660 0.004332
-0.033882 -0.004112 0.072155 -0.057954 0.138060 0.209345 0.000075 -0.136082 0.077535 -0.052138
0.077575 0.003751 -0.243524 -0.114720 -0.345902 -0.022687 0.121762 -0.089165 0.162666 -0.036078
-0.169628 0.154991 0.091539 -0.142412 -0.049092 0.008283 0.044583 0.174217 -0.086555 -0.056015
-0.079632 -0.097789 0.224535 0.018207 -0.002025 0.159105 -0.118122 0.143757 -0.023795 -0.211244
-0.038946 0.023478 -0.156336 -0.104198 0.052890 -0.125164 -0.005207 -0.121762 -0.091935 -0.073184
-0.339256 -0.002147 0.203332 -0.173109 0.089086 0.025219 -0.161874 -0.011591 -0.174059 -0.378498
0.027711 -0.031172 -0.030698 0.046996 -0.065153 -0.040192 0.054828 -0.067566 0.093359 0.001696
0.120417 0.058507 -0.005306 -0.089719 0.138139 -0.021500 0.010092 0.235928 0.181496 0.124531
0.211560 -0.082440 -0.044543 -0.075241 0.022133 0.009558 -0.154596 0.101033 0.058428 -0.209028
0.022697 0.096818 0.150896 -0.085740 -0.136344 0.052571 -0.163351 -0.111304 -0.033103 0.037888
-0.082069 0.003763 0.076169 0.081807 0.053587 0.162826 0.269804 -0.048900 -0.089476 -0.064796
-0.010758 0.020452 0.299171 0.024008 0.211465 0.395660 0.204254 -0.017748 0.026761 -0.001695
-0.052276 -0.165448 -0.103241 -0.019288 -0.262987 -0.180525 -0.110649 -0.075645 -0.084297 -0.015658
-0.026056 -0.038675 0.048048 0.137917 0.139491 0.010119 -0.098981 -0.077218 0.023893 0.010922
0.162564 -0.039756 -0.132673 0.215922 -0.100488 0.002247 0.053358 -0.105339 0.045688 -0.027662
-0.012569 -0.079906 -0.014355 0.065648 -0.027760 -0.045164 -0.079447 -0.366032 0.038281 -0.095769
-0.210416 -0.053718 0.011119 0.053751 0.046377 -0.011414 -0.005252 0.097407 0.025417 -0.125004
0.118449 -0.067091 0.033201 0.022598 0.055029 0.140146 0.066369 0.036806 0.008644 0.003077
-0.059519 0.025040 0.139228 0.093540 0.048212 -0.024647 -0.034021 -0.021074 -0.123627 0.023565
-0.004400 0.063616 0.219068 0.117990 0.181836 0.081085 -0.162302 0.013962 0.009144 -0.135164
0.043263 -0.059552 -0.086985 -0.000644 0.055718 0.117138 0.071908 0.071908 0.059454 -0.029055
0.025941 -0.062436 0.065812 -0.051785 0.029186 -0.015650 -0.035856 -0.014257 -0.006985 -0.009792
0.069876 0.025368 0.056308 0.114844 0.016215 -0.045623 0.018518 0.139491 -0.030202 -0.024073
-0.037659 -0.004183 -0.149716 -0.055881 0.051031 0.062764 -0.012651 -0.025810 -0.104159 0.108944
0.023975 -0.112091 -0.031759 -0.031136 -0.042804 0.120219 -0.062502 -0.147881 -0.018911 -0.092491
-0.218282 -0.187211 -0.004777 0.015003 0.042837 -0.084166 -0.017797 -0.008030 -0.062207 -0.086002
-0.107568 0.100554 0.046836 -0.069549 -0.000655 -0.193897 0.021402 -0.120874 -0.199141 0.023401
0.012086 0.027744 -0.080102 -0.044607 -0.090787 -0.095244 -0.128478 -0.109010 -0.122579 0.090000
0.020157 -0.047393 0.008972 -0.059946 -0.017715 0.095572 -0.157189 0.002628 0.025368 0.111697
-0.008296 -0.058700 -0.094654 -0.143161 -0.054046 -0.140671 -0.127167 0.031071 0.128150 0.065255
-0.054800 -0.261676 -0.122579 -0.012414 0.033594 -0.097670 -0.003290 0.025941 0.002874 -0.017764
0.146177 0.025581 -0.051916 0.219331 0.084166 0.026302 -0.065353 -0.035168 0.054702 0.214087
0.100292 0.031923 0.207532 0.125528 0.060962 -0.013897 -0.026236 0.028695 -0.301530 -0.107764
0.080233 0.108748 0.169906 -0.079971 -0.032152 0.019747 -0.035856 0.098915 0.035889 -0.104946
0.049490 -0.110780 0.080430 -0.001559 0.042771 -0.133263 -0.176330 -0.119957 -0.000929 0.010930
-0.016158 -0.014708 0.043886 0.028809 0.064174 0.031202 -0.042706 0.171610 0.157058 -0.022992
0.040248 -0.006211 0.041100 0.069483 -0.154829 -0.025499 0.026663 -0.045557 -0.010578 0.037167
-0.005805 -0.004498 0.147226 0.168070 -0.101734 0.062240 0.171741 0.080496 -0.032231 0.122058
0.053558 0.044674 0.181220 0.096819 -0.172033 -0.075719 -0.040181 0.040585 -0.159716 -0.006121
0.077384 -0.186167 -0.099090 0.019775 -0.103331 0.072841 0.077334 -0.030414 -0.079555 0.039878
-0.044169 -0.013857 0.084401 -0.037178 -0.199090 0.047274 0.021605 -0.082584 0.095809 0.006250
-0.089550 0.027738 -0.106915 -0.111054 -0.007193 -0.033064 -0.069914 -0.158807 -0.145178 -0.178090
0.040030 -0.061887 -0.054517 0.016620 -0.063503 -0.117717 -0.000877 -0.081221 -0.028596 -0.094951
-0.117313 -0.029303 -0.108934 -0.097778 0.100655 -0.049242 0.007408 0.176778 0.243309 0.072185
0.027133 0.061736 -0.043967 0.127106 -0.120948 -0.176172 -0.119635 -0.018488 0.075921 0.034427
0.033442 0.015724 -0.069661 -0.072589 -0.101715 0.059565 0.033493 0.074911 -0.018261 -0.011011
-0.010922 0.029227 -0.051691 0.083089 -0.205450 -0.090913 -0.009774 -0.007559 0.006184 0.025202
0.092326 0.015686 0.017844 0.010689 0.049394 0.063200 -0.022463 0.044674 0.059313 0.021618
-0.041065 -0.123371 -0.056234 -0.075567 -0.048586 -0.049697 -0.112770 -0.144168 -0.014336 0.051489
-0.098939 0.052801 0.058505 -0.043765 0.053760 0.013894 0.033594 -0.039904 -0.131044 -0.077839
-0.034654 -0.004524 -0.036446 -0.116809 -0.078243 -0.173850 -0.124784 -0.079908 -0.243107 -0.059666
-0.078293 -0.050403 0.044750 -0.093841 -0.128924 -0.114083 -0.034275 -0.140938 -0.096314 -0.019081
0.068803 -0.035462 -0.059818 -0.108227 0.077384 0.007420 -0.160826 0.103280 -0.048258 -0.125289
-0.059262 0.012557 -0.157697 -0.141543 -0.097475 0.020633 0.187681 -0.008152 0.070873 0.139625
0.125996 0.060373 0.238665 0.096112 0.354363 0.239877 0.043740 -0.023372 -0.144774 0.056739
0.019498 0.067592 -0.094093 -0.141947 -0.083896 -0.024268 0.085814 -0.154870 -0.094345 -0.170417
-0.269356 -0.047501 0.009395 0.173446 -0.108025 0.276625 0.048763 0.090509 0.094850 0.096112
0.026249 0.111862 -0.109237 -0.004401 -0.175566 -0.038566 0.049242 0.033114 0.003767 -0.197373
-0.259261 -0.268751 -0.310346 -0.231194 0.037758 -0.021567 -0.115092 -0.091367 0.051110 -0.106107
-0.111054 0.011799 -0.210599 -0.069611 0.053558 -0.051615 -0.058202 0.122058 0.081120 0.149216
0.149216 0.039853 0.037001 -0.104492 0.008298 -0.025732 -0.147096 0.050454 0.107117 0.130741
0.007679 -0.129630 -0.107319 -0.127914 0.079050 0.103179 0.294596 0.193840 0.017163 0.051842
-0.072084 -0.102119 -0.003508 -0.053811 -0.088641 0.061181 -0.059010 -0.055729 0.068652 0.114991
-0.069156 -0.103028 -0.090509 0.257040 0.167994 0.010235 0.007048 -0.073346 0.060121 0.126703
0.065269 -0.023473 0.138010 0.050126 0.007673 0.043614 0.071075 -0.010272 -0.009604 -0.079151
-0.091115 -0.094648 0.022425 0.107420 0.198686 0.134779 0.039046 0.008518 -0.130135 -0.149216
-0.185662 -0.327912 -0.342854 0.044649 -0.048637 -0.092528 0.080438 0.050996 0.148068 0.175245
-0.172277 0.047638 -0.022159 -0.111363 0.088716 0.100039 0.156814 0.112066 -0.029051 0.210387
-0.063374 -0.170559 0.007224 -0.181024 -0.051191 -0.006389 -0.005218 -0.031179 0.132293 0.033483
0.018772 0.301602 0.166030 0.036470 0.022687 0.019045 -0.061929 -0.175245 -0.009689 -0.000360
-0.103788 0.071808 0.099883 0.117142 0.040765 0.475441 0.266147 0.563220 0.156971 0.150098
0.198361 0.026787 -0.032273 -0.013218 -0.136666 0.051933 0.095900 -0.037310 0.022882 0.048497
0.022062 -0.021554 -0.063101 -0.010992 0.188521 -0.004754 0.061187 0.006863 -0.024795 -0.034596
-0.167279 -0.185866 -0.122531 -0.094651 -0.126592 0.034147 -0.012720 0.075713 -0.056736 -0.042562
0.068802 0.128935 -0.259275 -0.070637 0.119485 -0.102695 -0.010992 0.075752 -0.104959 -0.065600
-0.028368 -0.136510 0.105662 0.055369 -0.023780 0.113472 0.021906 0.090278 0.005389 0.049903
-0.021847 -0.012720 0.000272 0.001030 0.040141 0.007863 -0.011939 0.057400 -0.002316 -0.052597
0.090590 -0.080984 -0.067162 -0.038364 0.070598 0.013959 0.069934 -0.164155 0.101758 0.014526
-0.029715 0.239751 0.070207 0.002548 -0.027977 -0.140180 0.152207 0.300509 -0.140805 -0.030613
0.088013 -0.041273 0.074151 0.075010 -0.050723 0.017464 -0.030281 -0.096838 -0.018508 0.065834
-0.050332 0.049473 0.066381 0.001596 -0.011607 0.162906 -0.043265 -0.096603 0.125655 0.121203
-0.082937 -0.144553 -0.080672 -0.106131 -0.022023 -0.258494 -0.126201 -0.168529 -0.101211 -0.206326
-0.040648 0.005584 -0.047872 -0.044670 -0.192269 -0.100977 -0.186178 -0.131199 0.003170 -0.013003
0.019983 0.121047 0.042913 0.053612 0.158767 -0.031687 0.052792 -0.019084 0.019465 0.029032
-0.209138 -0.084342 0.228974 -0.102226 -0.120735 0.119875 -0.017152 -0.000043 0.052167 -0.230692
0.079266 0.032390 0.174464 0.103163 0.081609 0.023917 0.071496 0.117533 0.049864 0.262555
-0.066029 0.105428 0.010191 0.031414 -0.026591 0.037876 -0.007687 -0.004034 -0.128154 -0.121359
0.162906 -0.044983 -0.003185 -0.173839 0.162906 0.006662 -0.093870 0.057322 -0.148614 0.019114
-0.194300 -0.055096 0.121906 -0.001109 -0.215073 0.185709 -0.156814 -0.093792 0.010621 0.061226
0.133308 -0.021261 0.075635 0.167904 -0.116517 0.017718 0.087779 -0.088091 -0.195237 -0.136666
-0.141976 -0.075479 0.005193 -0.131512 -0.341118 -0.061304 0.123858 -0.003204 0.129559 0.094417
-0.065522 0.019114 0.066810 0.238814 0.082390 -0.018186 0.089106 0.000124 -0.174776 -0.107927
0.068060 -0.098868 -0.133074 0.261149 0.088247 -0.021203 0.185397 0.179462 -0.012798 -0.036880
-0.033425 0.050723 -0.122687 -0.010455 0.086607 -0.043421 -0.176494 -0.111441 0.008180 -0.072355
0.258650 0.221789 -0.051074 -0.050527 -0.064272 0.063413 -0.166967 -0.013198 0.215385 -0.191645
-0.074034 -0.057243 -0.021691 0.128310 -0.013646 -0.034885 -0.088302 -0.077517 0.109326 0.122953
0.275184 0.247307 -0.041971 -0.032977 -0.057972 0.008273 -0.082462 0.112051 -0.049329 0.120305
0.136735 -0.123186 0.011388 0.200120 0.094298 0.010366 0.098425 0.057817 0.056765 -0.207439
-0.074286 0.115867 -0.027468 -0.092507 0.090171 -0.016333 0.028461 0.056688 0.252758 0.108002
-0.071443 -0.052716 0.094064 0.082150 -0.032023 0.038389 0.002961 0.016644 0.022367 0.006628
-0.076427 -0.069419 -0.056337 0.017403 0.255250 -0.050536 -0.027273 0.197472 0.000088 0.052600
0.048901 -0.066616 0.108703 -0.016158 -0.019924 0.106523 -0.127547 0.020090 -0.176759 0.057856
-0.249020 0.027098 0.051626 -0.062956 0.199029 0.042438 -0.073468 -0.102006 0.061321 0.075570
0.069458 0.116801 0.013899 0.083163 -0.012439 -0.249332 -0.106445 -0.028616 -0.393075 -0.120695
0.160563 -0.022913 -0.001141 0.002011 0.116957 -0.018474 -0.075181 0.065487 0.103486 0.018085
0.060269 0.004577 0.064202 -0.061360 -0.006667 -0.065603 0.000859 -0.109949 0.011904 -0.010386
0.012040 0.005777 -0.077751 -0.050380 0.049134 -0.052483 -0.080204 -0.083630 0.032237 -0.097023
0.007018 0.183144 0.111974 0.017851 -0.034943 0.115789 -0.098814 -0.099437 0.234070 -0.076972
-0.125211 0.141330 0.162432 -0.118982 0.226127 0.021783 -0.048862 0.033503 -0.030855 -0.063774
0.159628 0.021667 -0.180808 0.134399 0.212890 -0.095466 -0.106912 0.081761 0.070665 0.229242
0.108937 -0.162743 0.171153 -0.093986 0.038622 0.072806 -0.033970 -0.084564 0.000959 -0.002180
0.065603 -0.238586 -0.113142 0.135334 -0.071716 -0.084175 0.158149 -0.043022 0.097802 0.158694
-0.220365 -0.124354 -0.092585 -0.051509 -0.005319 0.176136 0.268176 -0.061165 0.006604 0.163210
0.006108 -0.032101 0.045630 0.126145 -0.039654 -0.045942 0.024295 -0.025093 0.003769 0.258365
-0.018776 -0.030154 0.114621 0.073001 0.131440 0.033697 0.148883 0.157838 -0.027234 0.068874
-0.064786 0.015963 0.165079 0.025346 -0.132453 0.176915 -0.188284 -0.245439 0.030290 0.121863
0.099670 0.109326 -0.042282 -0.009305 -0.047577 -0.020148 -0.004594 -0.044462 0.191866 0.083474
0.000339 0.021083 -0.029006 0.014133 0.347289 -0.018435 0.026592 0.085654 0.014639 -0.124121
-0.211021 -0.024548 -0.045591 -0.063034 -0.269577 0.160563 0.067161 -0.022192 0.008419 -0.062411
-0.061360 -0.073001 -0.134555 0.126535 0.151063 0.053028 0.038038 0.119760 0.084720 0.139928
-0.107379 -0.192800 0.084953 0.233758 -0.404911 -0.067472 -0.029103 -0.146936 -0.019467 0.113297
-0.088302 -0.074013 0.069302 -0.100216 -0.154411 -0.114543 0.059452 0.000096 -0.083863 -0.109404
-0.072339 0.134166 -0.117736 -0.006546 0.052600 -0.142809 -0.036169 -0.015622 -0.195603 -0.021453
-0.008531 0.122641 -0.038097 0.074558 -0.102240 0.024003 0.048628 0.116101 -0.001978 -0.030213
-0.026845 0.055558 0.026081 -0.143907 0.014558 -0.190510 -0.361464 -0.224732 -0.003381 -0.026593
-0.152345 0.096990 0.108187 -0.061821 -0.008703 0.227413 -0.063911 0.016717 -0.050821 0.028072
-0.149979 -0.082559 0.039092 -0.071362 -0.058903 -0.116782 0.003440 -0.009329 -0.069273 -0.067853
-0.199972 -0.074201 -0.097226 -0.024839 0.167169 0.004951 0.034735 0.164173 0.010547 0.073531
0.021113 0.015938 0.091391 0.010911 -0.040136 -0.005101 -0.058825 0.113076 -0.018107 0.117097
0.050072 0.004465 0.183728 -0.049204 -0.166065 0.001809 -0.037909 -0.098330 -0.004699 -0.090603
0.135234 -0.049756 0.057997 0.026968 0.099355 0.017042 0.199814 0.062412 -0.077631 0.053502
0.026022 -0.246338 -0.087448 0.020127 -0.031226 -0.158653 -0.074438 -0.094072 -0.164961 -0.029866
0.002777 -0.108975 0.015465 -0.066158 -0.031167 0.011246 -0.026790 0.011246 -0.033237 -0.002198
-0.055079 0.127979 0.053463 0.047943 -0.026396 0.190352 0.228517 0.085792 0.066434 0.222209
-0.102825 0.090287 -0.010162 -0.034873 -0.077237 -0.192402 -0.128216 -0.020226 -0.096674 -0.097305
-0.021113 0.164646 0.109448 -0.043212 0.092574 0.022651 -0.204703 0.081534 0.033868 0.005732
-0.083979 -0.103771 -0.068326 -0.034459 -0.052043 0.061506 0.161807 0.038993 0.041398 0.274410
0.015140 -0.036115 -0.129241 0.016027 0.030930 0.012173 -0.050427 -0.096122 -0.077316 0.003272
-0.055592 0.095807 0.167958 0.003270 -0.072111 0.058667 -0.112524 -0.052004 0.153291 0.039230
-0.038480 -0.109133 -0.145958 -0.200130 -0.090918 -0.118201 -0.036608 -0.071796 -0.007875 -0.197764
-0.172689 -0.006274 -0.123484 -0.112603 -0.019960 -0.139649 0.000516 -0.105506 -0.213219 -0.044552
0.045774 -0.116940 -0.033040 -0.080746 -0.020719 0.015505 -0.296646 -0.017811 0.172216 -0.044079
-0.069312 0.039545 0.099276 0.009990 0.023242 0.147219 0.228517 0.022000 0.290969 0.182624
-0.082954 0.076724 0.075187 0.044552 0.323614 -0.118990 -0.107635 0.030871 -0.166854 0.012646
0.071875 -0.054685 0.023479 -0.008891 -0.075147 -0.211485 -0.024090 -0.059810 0.138072 -0.069982
0.163069 0.026179 -0.136022 -0.014578 -0.123957 -0.180416 -0.110631 -0.215585 -0.045183 0.062728
-0.092968 0.111341 0.116703 -0.002624 0.018550 0.003664 -0.004933 -0.062373 0.015505 -0.101800
0.032882 -0.096595 -0.223470 0.177578 0.038737 -0.009265 0.137915 0.160782 -0.092732 0.177893
0.166381 -0.118517 0.166065 0.011325 -0.003849 -0.024622 0.326138 0.109054 -0.192244 0.147219
0.299485 -0.214639 -0.063832 0.092574 0.015613 -0.085477 0.029412 0.141542 -0.032586 -0.030911
0.052989 -0.188617 0.074359 0.100223 0.039959 -0.136180 -0.006264 -0.031403 -0.032744 -0.136653
-0.024819 0.110631 -0.135943 -0.092101 0.050742 -0.179470 0.065448 0.047470 -0.012203 0.264632
0.119226 -0.093993 -0.114416 0.113076 -0.271256 -0.282768 0.055276 0.000610 0.124588 0.089499
0.242892 0.041036 -0.029077 -0.006140 -0.392981 -0.111773 0.108523 0.033725 0.187270 -0.050067
0.103686 0.030135 0.110715 0.192258 0.013622 0.141246 0.026828 -0.019649 0.063330 0.108599
-0.002211 0.139659 0.164598 0.021463 0.008488 -0.074024 -0.004324 -0.052486 -0.108296 -0.068091
-0.023447 -0.138752 -0.033498 0.065522 0.109430 0.068091 -0.113209 -0.127568 -0.184247 -0.229440
-0.108372 -0.240927 0.011771 -0.121446 -0.055735 0.039336 0.108901 0.039827 0.009229 0.083584
0.128097 0.013650 0.022351 -0.015294 0.013017 0.075800 0.019139 0.199967 0.433186 0.277505
0.071341 0.240474 -0.010354 -0.038183 -0.161424 -0.023069 -0.037409 -0.162331 0.009626 0.004636
0.031967 0.072853 -0.063784 -0.005238 -0.123260 -0.075951 0.045042 0.044135 0.007661 0.072512
-0.080410 0.080410 0.088118 0.095978 0.233672 0.083735 -0.031363 0.178202 0.007657 0.058229
-0.091595 0.031779 -0.023088 -0.025978 0.100966 -0.024127 -0.066315 -0.021293 -0.127341 -0.012961
-0.062650 -0.042283 -0.100286 -0.142758 -0.144420 -0.113209 -0.137997 -0.135654 0.008582 -0.204048
-0.206164 0.135503 0.042510 -0.024032 0.154018 0.107163 -0.078974 -0.064464 0.024580 -0.064048
-0.090386 -0.026167 -0.021614 0.015587 -0.164750 0.099379 0.220220 0.099681 -0.094769 0.245462
0.093484 -0.014387 -0.016258 -0.044966 -0.057851 0.089101 -0.021066 -0.065824 -0.007331 -0.099454
0.053657 -0.132253 -0.017845 0.057133 0.028756 0.024467 0.077085 0.112302 0.043455 0.001667
-0.048367 -0.108674 -0.005257 -0.057133 -0.063217 -0.131346 0.023692 -0.043719 -0.061063 0.045722
-0.073268 -0.143514 -0.010854 -0.034764 0.000378 -0.092804 0.100286 0.165203 0.029757 -0.023088
0.026016 -0.121219 0.006712 0.075762 0.014416 0.018402 0.110412 -0.010221 0.005352 0.023484
0.073835 0.063633 0.078974 0.078974 -0.200269 -0.137921 0.072437 0.121371 0.011147 0.013953
0.006981 0.034405 0.163692 0.152356 -0.035746 0.117743 -0.005087 0.001475 -0.048896 -0.004258
0.089630 0.047838 -0.059325 0.152960 0.180318 0.150013 0.058456 -0.044815 0.080410 0.015861
0.000991 0.013584 -0.050634 0.042397 0.079503 -0.044248 -0.042321 0.006825 -0.032289 0.028718
-0.165052 0.180167 0.056642 -0.037957 0.225662 0.032591 0.105273 0.006022 -0.158099 0.084718
0.207222 -0.077840 0.135956 0.087363 0.002255 -0.037711 0.186212 0.079956 0.117516 0.258158
0.043115 0.142153 0.092502 -0.019111 0.078974 0.089932 -0.162634 -0.149711 0.017712 0.038505
0.138904 0.150391 -0.135578 0.033290 -0.014000 -0.029662 0.163238 0.016739 -0.081770 -0.080032
-0.093257 0.052901 0.041263 -0.081090 0.022936 0.134142 -0.015200 -0.003897 0.034197 0.003783
-0.051730 -0.048896 0.025317 -0.093106 0.185910 0.136939 -0.029568 0.239114 0.037314 -0.040432
-0.155983 0.019555 0.038693 -0.043606 0.000457 0.095449 0.124318 0.041074 0.070458 0.034280
0.001583 0.040322 -0.052431 -0.171775 0.064216 -0.020286 -0.089683 -0.100518 -0.013720 0.027239
-0.200238 -0.112553 -0.003545 -0.087785 0.020835 0.045515 -0.060321 0.049011 0.196243 -0.177867
0.040247 0.280633 -0.110156 0.003920 0.126035 0.154697 -0.006523 -0.012621 0.101567 -0.034130
-0.056176 0.076400 0.126035 0.023382 0.045041 -0.050883 -0.083740 0.093428 0.031309 0.047288
-0.020873 -0.042869 -0.094177 0.008657 -0.065914 -0.005952 -0.002139 -0.042844 0.170677 0.066862
0.111354 0.093677 -0.040347 -0.077548 -0.060820 0.055577 0.043818 -0.089483 0.069110 0.081593
-0.146209 0.026940 -0.037676 -0.025292 0.014768 0.039074 0.014943 0.002893 -0.085638 -0.010524
0.026590 -0.190451 -0.030635 -0.144011 0.137120 0.103664 -0.081793 0.123938 -0.052132 0.007965
-0.009469 -0.079296 -0.047713 -0.126834 -0.114350 0.143712 0.004706 -0.207329 -0.115449 -0.151502
-0.113851 -0.237689 -0.425043 -0.235492 -0.011348 -0.129930 -0.095325 -0.149305 -0.069459 0.096124
-0.080245 0.104663 0.023482 -0.061220 -0.017727 0.055128 0.040098 0.053081 -0.015330 0.066113
-0.047787 0.043568 -0.006301 -0.090182 -0.016091 -0.075251 0.074453 0.051008 0.042794 0.019275
-0.114650 -0.030585 0.040122 0.101267 -0.049261 -0.017365 0.057475 -0.148306 -0.016379 -0.016965
-0.066213 0.047987 -0.012140 -0.033631 -0.167181 -0.005702 0.207728 -0.253069 -0.112253 0.076849
-0.014943 -0.082093 -0.046839 0.068710 -0.017727 -0.108059 0.027714 -0.021784 -0.087985 -0.111953
0.049211 -0.028213 -0.020810 0.113252 -0.025591 -0.184958 -0.099370 0.086487 0.032507 -0.063017
0.112653 0.089683 -0.079396 0.145110 0.107459 -0.112553 0.029511 0.000296 0.091330 0.045266
0.038949 0.073054 0.098920 0.033831 0.040172 0.116148 0.017614 -0.043144 0.021659 0.066813
0.212721 0.090531 0.561665 0.299608 -0.026091 0.022558 0.003172 -0.073404 0.049435 0.041121
0.015168 0.056925 -0.088284 -0.007322 0.063966 -0.003870 0.056676 0.162687 -0.133825 0.126534
0.098671 -0.256264 0.036927 0.149904 -0.199539 -0.003411 -0.078148 -0.009594 -0.022620 0.047488
0.068460 0.042145 -0.092878 -0.029112 0.077049 0.017115 0.096474 0.065814 0.373711 0.269247
-0.022733 0.070657 0.141115 -0.012921 0.078497 0.153199 -0.029711 0.038225 -0.005880 -0.091181
-0.016266 -0.333364 -0.139917 0.195344 0.151202 -0.094526 -0.032957 0.050234 -0.091880 -0.184758
-0.226903 -0.172774 -0.220911 0.062718 -0.058923 -0.054329 0.000697 0.133625 0.234693 0.082842
0.092429 -0.082192 -0.089183 0.032607 0.129431 -0.055977 0.067711 0.100868 -0.051483 -0.113851
0.000894 0.056176 -0.106261 -0.016341 0.063417 -0.011017 0.076400 0.073254 0.000886 -0.016878
-0.014231 0.131927 -0.221909 -0.139517 0.041346 -0.129530 -0.051682 -0.044991 -0.204133 -0.198840
-0.138419 -0.060171 0.089982 0.139218 0.262257 0.149804 -0.112006 -0.120988 -0.062230 0.028247
0.122723 -0.021548 -0.111327 0.081287 0.096911 0.078721 0.194878 -0.010623 -0.099703 -0.069589
-0.124384 -0.133441 -0.125139 -0.080608 -0.151480 -0.233069 0.064041 -0.114421 -0.294506 0.084759
-0.010906 -0.015586 0.093590 -0.240013 -0.225521 -0.124535 0.086193 0.094496 -0.305677 0.158801
0.199558 -0.059362 -0.118874 -0.293148 -0.057022 0.373756 -0.067362 -0.068872 0.072570 -0.149215
-0.192614 -0.114949 -0.104685 -0.220087 0.036398 0.106647 -0.180689 -0.048946 0.004828 0.521990
0.044229 0.135177 -0.117516 -0.056456 -0.167707 0.142423 -0.154197 -0.113063 0.368925 0.232767
0.134347 -0.063249 0.008217 -0.217521 -0.379794 -0.091552 -0.191859 -0.140838 0.000524 0.183104
0.156235 -0.098647 -0.241371 -0.088684 -0.065739 -0.271411 -0.087099 0.300242 0.585993 0.498743
0.168915 -0.194727 -0.296620 -0.134649 -0.121440 -0.472478 -0.083476 -0.162273 0.101892 0.023096
0.233975 0.319413 -0.030454 0.147480 0.184765 0.226578 0.109289 -0.196237 0.304620 0.181745
0.010359 0.173141 -0.093439 -0.198652 0.196690 0.103402 -0.331489 -0.061022 -0.061362 -0.120006
-0.041361 0.032360 0.285147 0.055626 -0.060909 -0.212238 0.100609 0.148763 -0.299789 0.054456
-0.177066 -0.119629 -0.042153 0.016520 0.056154 -0.171179 -0.001543 0.107628 0.040342 0.134573
-0.038153 -0.014557 -0.269599 -0.196086 0.049776 -0.219332 0.024832 -0.216313 -0.025096 0.217068
0.209370 -0.113138 0.040191 -0.298129 -0.104987 -0.028586 0.050871 -0.045587 -0.097137 0.162726
-0.032209 -0.262957 -0.213747 -0.164537 -0.240315 -0.130724 0.477912 0.213143 -0.108760 -0.007472
-0.150800 0.306129 0.000160 -0.625543 0.510820 0.222050 -0.201973 0.121289 0.003604 -0.140460
0.288619 0.165594 0.259335 0.115855 -0.270807 -0.126346 0.036115 0.251032 0.000229 -0.118195
-0.167707 0.054720 -0.036379 -0.037738 0.117969 0.103477 0.096835 -0.217974 -0.174651 0.039398
0.152008 -0.064871 0.201973 -0.033341 0.200916 -0.164990 -0.062758 0.243786 -0.044833 0.090495
0.009137 0.102949 0.180236 -0.114195 -0.110044 0.151706 0.126195 0.050531 0.058871 0.020926
-0.143479 0.220691 -0.372548 -0.222351 -0.334508 -0.088835 0.096081 0.114799 0.209822 0.288770
0.013538 0.128384 -0.062796 -0.203030 -0.119478 -0.357151 0.209219 -0.014925 0.140158 0.151102
-0.069815 0.043361 -0.015586 0.003712 -0.055701 -0.341150 -0.015161 -0.121440 -0.067966 -0.054305
0.085816 0.093137 0.036794 0.007519 0.103402 -0.140913 -0.048191 -0.038191 -0.290883 -0.268995
0.260693 -0.186878 -0.053248 0.039021 0.224465 -0.041285 -0.521688 0.040908 0.359566 -0.020756
-0.273373 0.102571 -0.120610 -0.255259 -0.015765 0.274882 0.179481 -0.022246 -0.120308 0.184915
0.044606 -0.354736 -0.125063 -0.011821 0.359264 0.045285 -0.179632 -0.055965 -0.130573 0.135932
0.252693 -0.075551 0.158197 -0.080834 -0.001662 -0.043048 0.068327 0.185167 0.229939 0.097961
0.084225 0.256475 0.216262 -0.045210 -0.129173 0.007774 0.069847 -0.082296 0.010360 0.224211
0.068035 0.048308 -0.077328 0.043574 0.170555 0.082238 0.000486 0.248994 0.077036 -0.201182
-0.080485 -0.031241 -0.028815 -0.091298 -0.095857 0.057835 0.095214 0.022065 0.134199 -0.074698
-0.035420 -0.122159 0.056725 -0.109417 -0.103046 -0.035683 0.014386 -0.009023 -0.037700 -0.016410
-0.025630 0.113567 -0.031709 -0.015460 0.271906 -0.055731 0.092642 0.169386 0.179673 -0.052487
-0.277283 0.115437 -0.087849 -0.330121 -0.003091 0.078205 -0.037028 -0.065580 -0.203871 0.030423
-0.189609 -0.256475 -0.036092 -0.034660 -0.245019 -0.195337 0.072652 0.109943 -0.022006 -0.049916
-0.055819 -0.074640 0.007010 -0.270970 -0.146474 -0.221406 -0.056345 -0.011807 0.027997 0.054066
-0.007547 0.045327 -0.068912 -0.057046 -0.212171 -0.208897 -0.166814 -0.068327 -0.346019 -0.076393
0.014685 -0.060086 0.019332 -0.009096 -0.021948 0.091648 0.016658 -0.083407 0.058128 -0.023044
0.010908 0.133966 0.066807 -0.018718 -0.022035 0.049565 0.001327 -0.072068 0.096617 0.047578
0.007657 0.142850 -0.212287 -0.047958 0.107897 -0.039073 -0.161787 0.128939 0.122276 -0.084810
0.084693 -0.057397 0.008767 -0.065814 -0.038547 0.002006 -0.141564 -0.060729 -0.112281 0.020925
-0.155475 -0.132329 -0.219886 -0.199195 -0.015547 -0.119295 -0.033725 0.060495 0.012676 -0.095272
-0.014167 0.037232 0.025323 0.060495 -0.065755 0.045561 0.068386 0.012800 -0.053802 -0.109300
0.066281 -0.084751 -0.093460 0.005330 -0.046029 -0.010119 -0.022941 0.076802 -0.147760 -0.037524
0.106436 0.034719 0.007240 0.018616 0.081537 0.202117 0.199312 -0.001357 0.069788 0.056579
-0.161320 -0.147292 -0.000277 0.007050 0.102637 0.155241 -0.055790 0.093753 0.415457 0.315859
0.100065 0.211119 0.172191 -0.005761 -0.048542 -0.128471 -0.136888 -0.102812 0.065171 -0.021012
0.048396 -0.008694 0.184933 0.077796 -0.181894 -0.115905 -0.244084 -0.310015 -0.179322 -0.136537
-0.029429 0.061489 -0.060729 -0.054533 0.044363 0.012289 0.016161 0.089544 -0.095097 -0.118769
0.209365 -0.026171 0.097376 0.037846 -0.069671 0.052926 -0.034865 0.014305 0.014590 -0.203988
0.212054 0.086972 0.018353 0.148344 0.034777 0.063885 0.157228 -0.047753 0.025352 0.303936
-0.114560 -0.182595 0.286401 0.269334 -0.013575 0.260216 0.080251 -0.138174 -0.163424 0.329653
-0.104799 -0.120405 0.126133 0.058829 0.065989 -0.198377 -0.034251 0.104098 0.123211 -0.027442
0.188674 0.105150 0.033871 0.015197 -0.041353 -0.114853 -0.031767 0.013991 0.137005 0.128822
0.141798 0.197324 -0.061372 -0.017155 -0.075049 0.112865 -0.142382 0.205741 -0.080134 -0.310248
-0.018222 -0.241980 -0.219418 -0.194051 -0.275880 0.006236 -0.031475 -0.194753 0.064353 0.024972
-0.024899 -0.173828 0.120176 0.042056 -0.020695 -0.234139 -0.150803 -0.146253 0.004369 0.113851
-0.079119 -0.266985 -0.145033 0.073016 -0.240575 -0.264987 0.087164 -0.292285 -0.209615 0.098261
-0.059700 -0.027492 -0.066025 -0.015632 0.151358 0.098316 -0.150248 -0.149139 -0.033872 -0.043804
-0.051655 0.022526 0.347102 0.436541 0.045940 0.081227 0.254335 0.073515 0.143812 -0.081061
-0.081449 0.404139 0.000974 -0.252115 0.130829 -0.040225 -0.080173 0.256776 0.190862 -0.037035
0.282076 -0.008850 0.053791 0.086554 -0.037507 0.061309 -0.234361 -0.011894 0.125947 0.071296
0.092657 0.100258 -0.048520 -0.021278 0.102033 0.054346 0.006901 0.047410 0.074181 -0.184537
-0.063806 -0.029572 -0.113352 -0.080395 -0.205176 0.156684 0.134824 -0.209282 0.079396 0.118845
-0.122729 0.113241 0.192193 -0.078841 -0.097317 0.079285 -0.204955 -0.274752 0.209948 -0.183427
-0.104475 0.058479 -0.016520 0.149471 0.174994 0.237690 0.488251 0.246123 -0.134935 0.015743
0.057647 0.058646 -0.110966 0.058868 0.043748 -0.032097 -0.089106 0.132050 -0.012477 -0.026701
0.259883 0.069687 0.158016 0.293838 0.068799 0.156240 0.308264 0.127611 0.200405 -0.256110
-0.116958 -0.034677 -0.142592 -0.341998 0.018615 -0.134935 -0.216051 -0.066746 -0.099870 -0.309596
-0.117735 -0.167115 -0.324243 -0.131384 -0.038672 -0.086332 -0.072128 0.234804 0.223042 0.092435
0.098094 0.299387 0.090437 0.020071 0.053042 0.169223 -0.226593 0.059589 0.107471 -0.564596
-0.488695 0.146142 -0.119843 -0.060809 -0.008711 0.216606 0.132827 0.251893 0.142370 0.203512
0.206286 0.241684 0.268094 0.133159 0.044775 0.092990 0.084445 0.372403 0.328460 0.198851
0.071185 -0.088606 -0.183094 -0.004720 0.240131 0.040281 -0.181985 -0.123505 -0.007143 -0.201071
-0.037895 0.081227 -0.119511 -0.007213 -0.110800 0.113851 0.130163 0.072073 -0.065304 0.069354
0.052931 -0.028602 -0.083058 -0.101146 -0.200183 -0.280301 -0.059811 -0.099204 -0.062807 0.060477
0.014606 0.186756 0.050351 -0.037867 0.016451 0.029767 -0.008163 -0.111466 -0.239243 0.290509
-0.092934 -0.026882 0.241906 -0.235026 -0.258773 -0.048797 -0.140261 -0.068411 0.040198 -0.036563
0.046994 0.288512 -0.037839 -0.024579 0.015896 0.025536 -0.002876 -0.021195 0.311815 0.123062
0.005014 0.241241 0.031403 0.088828 0.025938 -0.139374 -0.139928 -0.085832 0.108081 0.073848
-0.092712 0.004546 0.014342 -0.032458 -0.116293 -0.225816 -0.042944 -0.108414 -0.127056 -0.069465
-0.074181 -0.239687 -0.262324 -0.116404 0.347990 0.016076 -0.059089 0.648930 0.285405 0.035093
0.311593 0.149028 0.024829 -0.223597 -0.182539 0.194191 -0.098871 0.001679 0.139263 -0.074514
0.228146 0.229034 0.174328 0.256554 0.211945 -0.000745 -0.032791 0.026230 0.029572 -0.253669
0.029295 -0.144256 -0.049907 -0.073460 -0.091935 0.160568 0.011062 0.092379 0.138153 0.135712
-0.106028 -0.051990 -0.043251 0.046323 -0.047040 0.056189 0.189390 0.024186 0.054072 -0.088687
-0.223254 -0.067317 0.027395 -0.172458 -0.039667 -0.092374 0.042705 0.062470 -0.036765 -0.000462
0.050044 -0.121663 0.052639 0.003958 0.034102 -0.003909 -0.006943 -0.095105 -0.111012 0.026234
-0.148972 -0.080016 0.047245 0.095924 0.039018 0.053833 -0.036048 0.008807 0.043900 0.100089
0.012520 0.154707 0.048611 -0.008351 0.141189 -0.028077 -0.130197 -0.217655 -0.036356 0.071687
-0.271591 0.122551 0.166860 0.023964 0.065064 0.103297 0.044685 0.008705 0.126783 -0.015174
0.020823 0.201406 -0.064962 0.035297 -0.096743 -0.026558 0.095309 -0.017700 0.061992 -0.006183
-0.018041 0.081245 0.065338 -0.067829 0.029904 0.043149 -0.106097 0.003892 0.031645 -0.102546
0.006857 0.142418 0.016223 -0.126783 0.176555 -0.070526 0.096060 0.088892 -0.051239 0.100430
0.087322 0.042978 0.083566 0.097221 -0.051785 0.017410 0.010873 -0.038609 -0.060593 -0.092647
-0.058886 -0.104595 0.058988 0.060900 0.142964 -0.082611 -0.069400 0.036594 -0.119820 -0.070458
-0.088073 -0.115109 0.034632 -0.057008 -0.024834 0.097153 -0.097358 -0.100157 0.015037 -0.003473
-0.101044 0.022769 0.028009 0.052058 -0.153069 -0.050454 -0.001521 -0.048918 -0.117908 -0.000373
-0.034580 0.047928 0.094012 0.137434 0.115040 -0.164948 -0.030808 0.098996 -0.137980 -0.177647
0.013766 -0.092920 0.005278 -0.087117 0.004173 -0.091896 0.028299 -0.113470 0.059261 0.028419
0.125759 0.081655 -0.030501 0.013962 0.188571 0.116338 0.033471 0.135113 0.084386 -0.018587
-0.002725 0.088277 -0.109237 -0.072097 -0.052400 -0.089233 -0.211647 -0.012033 -0.005893 -0.005214
0.023264 -0.043900 0.003488 -0.083840 0.046221 0.033949 0.074896 0.124872 0.054141 0.109510
-0.003572 -0.046153 0.114904 0.102820 0.080562 0.050556 0.244145 0.084249 0.083635 0.053151
-0.178193 -0.138390 0.008564 -0.013254 -0.076398 -0.101181 0.045026 0.016411 0.086707 -0.009695
-0.111763 0.089779 0.057520 0.077832 -0.039394 0.011274 0.110944 0.049498 0.091964 0.062368
0.102000 -0.222434 0.165085 0.087526 0.040247 0.069263 -0.065781 -0.033966 0.035366 0.101044
-0.161944 -0.062060 0.133338 -0.203727 -0.051239 0.020414 -0.013859 -0.111149 0.053629 -0.185567
-0.134635 -0.079470 0.000019 -0.002060 0.075032 0.016411 0.007642 0.086434 -0.080426 -0.061480
0.016181 -0.101181 -0.018912 0.068854 0.028572 0.075374 -0.025398 -0.142555 0.129310 0.022189
0.102478 0.044343 0.118386 0.092647 0.136820 -0.078992 0.054072 0.279238 -0.049737 -0.106575
0.039872 0.009609 -0.005449 -0.150611 0.136547 0.224073 -0.099201 0.106028 0.164948 -0.040793
0.098860 0.105550 -0.015976 0.116816 0.125281 -0.112310 -0.050727 -0.117157 0.018519 -0.134225
-0.220659 0.052980 -0.029477 -0.155117 0.034836 -0.007382 -0.059705 0.010258 -0.122534 -0.119794
-0.418417 -0.027130 0.171470 -0.174445 0.049757 0.028794 0.017519 0.004098 0.159099 -0.048270
0.034822 0.055708 -0.020964 -0.030790 0.033981 0.063381 0.043063 0.063851 0.201222 0.172566
-0.026582 -0.050501 -0.022021 -0.069841 -0.075713 -0.047252 -0.061893 -0.004940 -0.044472 0.075595
0.193706 -0.113687 -0.039520 0.016256 -0.010678 0.066161 0.011989 0.130442 0.009763 -0.014925
0.059819 0.016364 0.011441 0.105935 -0.106014 -0.236143 0.039657 -0.071015 -0.127858 0.043494
0.062520 -0.192923 0.143283 0.259005 0.259475 0.019408 0.016746 0.122299 -0.004982 -0.155419
-0.102960 0.123317 0.217821 -0.008603 0.099437 0.150956 0.027971 -0.000126 0.009557 -0.080880
0.124335 0.154244 -0.062637 0.140229 -0.013898 -0.016188 0.111808 0.015121 0.041693 0.127154
0.112199 -0.098184 0.021453 0.037563 -0.009846 -0.029635 -0.035997 -0.028696 0.084639 0.199030
0.263233 0.096853 -0.014984 -0.191670 -0.016110 -0.066983 -0.134044 -0.075478 -0.191827 -0.046352
0.035801 -0.157298 -0.050697 0.103743 -0.062402 0.020670 -0.006347 -0.128563 0.002831 -0.001059
-0.108597 0.085813 -0.010502 -0.034216 0.016589 -0.047604 0.031984 0.007810 -0.045764 -0.032082
0.173192 -0.091294 -0.108284 0.057822 -0.101551 0.110711 -0.055708 -0.123709 0.072738 -0.031925
-0.011607 0.040323 -0.009870 -0.119794 -0.222989 -0.017812 -0.021395 -0.413719 -0.308332 0.060954
0.000033 -0.203415 -0.009753 0.115018 0.026934 -0.160117 0.047604 0.102020 -0.059271 0.079275
0.060758 0.164110 0.055003 -0.050775 0.027913 -0.009821 -0.068236 0.064673 -0.103273 -0.165519
0.005510 0.100611 0.220796 -0.036721 0.008613 0.288445 0.026249 0.134514 0.205294 0.026503
0.069097 0.074578 -0.100141 -0.091685 -0.030477 -0.168025 -0.131460 -0.099593 0.020983 -0.120029
0.022217 0.193862 -0.040753 -0.104917 0.098497 -0.020514 0.109928 0.057861 0.113060 0.075126
0.039187 -0.061659 -0.016305 -0.010883 -0.021042 -0.033237 -0.008525 -0.053907 -0.163014 0.006088
-0.001117 0.133339 0.118541 0.052537 0.027600 0.005858 -0.008456 -0.081898 -0.091216 -0.149468
0.007771 -0.028383 -0.006557 0.059310 -0.217195 0.119167 0.210618 -0.210461 0.121830 0.352648
-0.078179 -0.020886 0.091685 0.041106 -0.084874 -0.007972 0.028539 -0.097088 0.139681 0.077357
-0.076143 -0.090198 0.113060 0.267461 0.088867 -0.044942 0.161291 -0.034881 0.014896 -0.034509
0.007311 0.012753 -0.041223 -0.009244 -0.017940 -0.228470 0.066396 -0.049992 0.007047 0.054299
0.120498 0.097558 0.056139 -0.067178 -0.002163 0.070506 0.013927 0.041067 0.091999 0.108363
0.234420 -0.037426 0.063303 0.141404 0.091216 0.044238 -0.021629 -0.022040 0.022178 -0.037876
-0.133574 0.039383 -0.170843 0.157063 -0.044433 0.087379 0.081977 -0.072894 -0.171156 -0.119637
-0.102569 0.168651 0.185093 -0.001402 0.028246 -0.001034 0.027438 -0.039318 -0.080475 -0.050009
0.220884 0.020636 -0.108603 0.026978 -0.012177 0.146387 0.060509 -0.003523 -0.081088 0.167387
0.001372 0.100249 -0.040544 -0.012809 -0.118030 -0.144701 0.006285 0.057137 0.014907 -0.023108
0.006031 -0.030715 0.119409 -0.040506 0.009159 -0.009374 -0.150143 0.112741 -0.093427 -0.119869
-0.047940 0.007636 0.069132 -0.006189 -0.016411 0.190074 0.245869 0.253994 0.073845 0.090898
-0.018480 -0.033991 0.023319 -0.103161 -0.060509 -0.122628 0.170913 0.014073 -0.054033 0.030964
-0.154588 -0.057137 -0.164628 -0.081548 0.277140 -0.021537 -0.122781 -0.255526 -0.148917 -0.040199
-0.151599 -0.027802 -0.061927 -0.081548 -0.041770 -0.026078 -0.018385 0.055221 0.033052 0.073232
-0.080551 -0.045871 0.427359 -0.131135 -0.041655 0.205555 0.019870 0.016775 -0.010989 -0.029316
-0.124161 0.094424 0.009935 0.070128 -0.001472 -0.094194 0.021728 -0.022993 -0.099635 -0.182869
0.166774 0.045334 0.130752 0.030600 0.008665 0.044989 0.030159 0.001875 0.045142 -0.099405
0.032995 -0.040161 -0.189614 -0.003959 0.116037 -0.046101 -0.048706 0.179190 -0.056332 -0.139030
0.139490 0.068863 -0.148457 -0.056562 -0.080705 -0.031117 -0.009101 0.051542 0.075225 -0.049626
-0.077562 0.061237 -0.025100 0.023817 0.011611 -0.012560 0.115654 0.051734 -0.013997 -0.020368
0.044453 -0.074228 -0.107530 -0.108603 0.012205 0.025120 0.242804 0.072236 0.049013 0.054071
-0.138646 -0.132362 -0.005274 0.055029 0.004814 0.015319 -0.047978 -0.141022 0.026691 0.028166
-0.160336 -0.090515 -0.133052 -0.047633 0.016306 -0.114121 -0.061122 0.032784 0.003195 0.000626
-0.060049 -0.141865 -0.060318 -0.306877 -0.125464 0.099405 -0.017982 -0.073730 -0.086300 0.030829
-0.068289 -0.063920 -0.226862 -0.068212 -0.067484 -0.136194 0.043878 0.031673 -0.046905 -0.035256
0.128300 -0.176891 -0.211227 -0.235906 -0.119026 -0.006189 -0.062387 -0.108756 0.138187 0.173672
-0.019352 0.154128 0.047288 -0.011784 -0.043686 0.009413 0.076298 -0.059781 0.288329 0.084690
0.001140 -0.053956 -0.097796 0.004860 -0.004943 0.005034 0.014045 -0.010299 -0.063383 -0.009743
-0.117953 0.006194 -0.028319 -0.020713 -0.016488 0.035715 0.079325 -0.287563 -0.070128 -0.009173
-0.033991 -0.058363 -0.078712 0.046407 0.100325 0.105307 0.031481 -0.010366 -0.097949 -0.011621
0.038685 -0.051121 -0.055719 0.117646 0.112741 -0.141252 0.034240 0.011822 -0.027975 -0.091741
0.046905 0.084690 -0.216439 -0.161103 -0.016890 -0.036367 -0.027860 -0.001599 -0.046829 0.013441
-0.013317 -0.188847 0.018749 -0.301205 -0.081624 0.191607 0.078482 0.013738 -0.002427 0.049703
-0.055681 0.023932 0.071009 -0.021173 -0.071737 0.072925 0.001637 -0.097873 -0.011698 -0.104617
0.137420 0.080168 0.136577 0.069400 -0.115270 0.033665 0.039356 0.083770 -0.150220 -0.221650
0.025100 -0.025924 0.032152 0.115654 0.076345 -0.038967 -0.044902 0.008997 -0.063106 -0.142010
-0.196643 0.152072 0.182875 0.106795 0.115356 0.046513 0.018634 -0.037709 0.098586 0.250482
0.110943 -0.031200 -0.024316 -0.052912 -0.008087 0.069814 -0.359925 -0.050838 0.070520 -0.066857
0.076786 0.023830 0.218002 -0.026853 0.128507 0.382343 0.147130 0.043689 0.027714 0.177138
-0.043733 -0.042497 -0.103882 -0.334506 -0.058075 -0.288434 -0.051058 -0.042541 -0.054677 -0.025617
0.079434 0.076257 0.049867 -0.072550 -0.008219 0.013989 -0.166459 0.217473 -0.317736 -0.404231
-0.397876 -0.053971 -0.178727 -0.058958 0.163634 0.372458 0.103000 0.029854 0.155603 0.092232
-0.029457 0.056354 0.011121 -0.069196 0.015633 -0.006620 0.032722 -0.201586 -0.053618 0.009852
-0.006757 -0.005682 0.009609 0.031266 -0.016383 0.015159 0.059178 0.203704 0.470956 0.093909
-0.334329 0.198762 0.253659 0.107766 0.119592 0.035922 0.001808 -0.045983 0.050132 0.244657
-0.023985 -0.037488 -0.056575 -0.009378 -0.008076 -0.074183 -0.126300 -0.149424 -0.150307 0.042828
0.066195 -0.035105 -0.215355 0.156485 0.115003 0.024956 0.155514 0.103970 -0.006653 -0.036496
-0.028618 -0.087863 -0.171842 0.007888 0.124270 0.067342 -0.111737 0.151896 0.126300 -0.068710
-0.045057 -0.122064 0.023963 0.151278 0.008622 0.056486 0.111119 0.067166 -0.014750 0.039408
-0.172460 -0.181463 -0.042497 0.128154 0.103176 -0.156662 -0.046072 0.105736 -0.049690 -0.211471
0.101676 0.211824 -0.203175 -0.117562 0.034068 -0.196467 -0.026721 -0.001720 -0.154720 -0.166459
0.011237 0.033892 -0.039695 -0.071358 0.198056 0.104588 0.043623 0.119769 0.003552 0.013471
0.080890 -0.009808 -0.072417 -0.152602 0.033274 -0.139274 -0.056133 0.056575 0.001363 0.081861
-0.112090 0.073388 0.170695 -0.016714 -0.072726 0.010360 0.173696 0.044858 -0.136538 0.086230
-0.017288 0.075815 0.019803 -0.094173 -0.055516 0.051191 -0.121534 -0.025419 0.035635 -0.016483
-0.045586 0.105559 -0.065886 0.082038 0.147218 -0.032833 -0.033737 -0.023985 0.039607 -0.021922
-0.144217 -0.175373 -0.095939 -0.040335 -0.108295 -0.155867 -0.083935 -0.145100 0.065533 -0.125418
0.137509 0.088039 0.005425 -0.159486 0.086230 0.297789 0.002096 0.251541 0.125506 0.083715
0.012334 0.040379 -0.087554 -0.202292 0.049867 -0.092232 -0.123741 0.155426 -0.178815 -0.138392
-0.162663 0.150748 0.223121 0.077051 0.046469 -0.055295 -0.095850 0.032899 0.009311 -0.114473
0.121534 -0.096468 -0.061914 0.082567 0.011783 0.048940 0.029214 -0.205116 0.064915 -0.074668
0.033120 -0.021811 -0.192407 0.004330 -0.106795 0.088039 -0.053353 -0.014243 0.236007 -0.022341
0.016041 -0.086362 -0.090025 0.236714 -0.065798 -0.062312 -0.096203 -0.091349 0.052780 0.011386
0.022771 -0.068357 0.043887 0.027824 0.330975 0.072859 0.024580 -0.092761 0.067872 0.076654
0.185346 0.043931 0.026319 0.192996 0.099771 -0.192996 -0.091470 0.107672 -0.190921 0.058066
-0.008974 0.094104 0.050963 0.016143 -0.129303 -0.083169 -0.038033 -0.073152 0.057707 0.070677
0.023705 0.268502 0.098972 0.052040 0.192198 0.064093 0.017470 -0.105517 0.043221 0.095620
-0.115175 -0.030729 0.023127 -0.171605 0.063334 -0.103841 0.158675 0.234341 -0.003552 -0.007617
-0.008341 -0.073710 0.062337 0.001468 0.030949 -0.058865 -0.103921 -0.154924 -0.154126 0.037175
-0.117649 -0.184057 -0.010915 -0.079138 -0.231468 0.083328 0.065449 0.095780 0.057149 0.040327
0.092348 -0.053317 -0.001109 -0.086760 -0.078460 -0.161948 -0.186292 0.144308 -0.011962 0.069081
0.043699 0.146623 0.214387 -0.156121 -0.055871 0.110306 0.081453 0.040128 -0.023885 0.056590
0.124993 0.132415 -0.052120 -0.335229 0.046892 -0.018916 -0.342891 0.004966 0.092268 -0.089714
-0.111823 -0.057149 -0.191240 -0.231468 -0.004360 -0.034920 0.219016 0.199381 -0.165380 0.095061
0.238013 0.114936 0.138960 0.140317 -0.027836 0.042582 0.027277 0.048648 0.027656 0.031348
0.047491 -0.169530 -0.056670 0.061778 -0.116213 -0.104400 0.070398 -0.186451 -0.117649 0.184855
-0.050923 -0.026838 -0.012401 -0.077462 -0.008251 0.044817 -0.231148 -0.228115 -0.079417 -0.015105
-0.085563 0.180225 0.248548 -0.055592 0.079138 -0.037055 -0.140317 -0.034880 0.087638 -0.025501
-0.201457 0.008830 0.177671 -0.056151 -0.057308 0.068044 0.144947 -0.208640 -0.139359 0.287339
-0.142153 -0.063773 0.149097 -0.136805 -0.152370 -0.064891 -0.105677 -0.035119 -0.161708 0.144947
0.278240 -0.088117 0.248868 0.259403 -0.123237 -0.028794 0.109269 -0.016552 0.002729 0.018827
-0.055233 -0.017141 -0.021730 0.078499 -0.221730 -0.036157 0.267385 0.086920 0.027058 0.222847
0.291649 0.022428 -0.056909 -0.050723 -0.118527 -0.029173 0.155642 0.001170 -0.017530 -0.044977
0.037474 0.089873 0.165859 -0.103921 0.086840 0.034461 -0.079497 0.159234 -0.033742 0.051801
-0.076105 0.254455 0.074070 -0.016203 0.206565 0.232106 -0.096897 0.020084 0.023027 -0.132974
-0.069919 -0.092986 -0.076943 0.067924 -0.120283 -0.189644 0.069321 -0.244558 -0.011873 -0.117011
-0.183737 0.198424 0.005652 -0.165220 0.020084 -0.041944 -0.021311 -0.104240 0.082610 0.295800
-0.115335 0.039629 0.069480 -0.042822 -0.158436 -0.022867 -0.010795 -0.175596 -0.055433 0.111184
0.248229 0.161548 -0.074788 0.099850 -0.007303 0.008949 0.054555 0.036356 0.076863 0.380884
-0.036935 0.001388 -0.096977 0.043101 -0.277442 -0.097615 -0.217580 0.025841 -0.130420 -0.260680
0.033683 -0.001132 -0.115734 0.264033 0.204170 -0.057069 -0.060062 -0.066248 -0.038252 -0.071077
-0.048209 0.071595 -0.082530 -0.137284 0.022867 -0.109029 0.127866 0.051721 -0.151891 -0.088117
-0.089953 -0.046932 -0.185334 -0.162985 -0.106315 0.105597 -0.031368 -0.051921 -0.268024 0.072912
-0.021036 0.073059 0.084670 0.206586 0.050666 -0.306259 0.180197 0.050817 -0.124253 -0.014476
-0.040601 -0.035474 -0.017586 -0.021582 -0.018274 -0.098392 -0.040639 0.163610 0.016493 -0.143780
0.116562 0.084444 -0.009359 0.163610 0.048254 0.275196 -0.015965 0.032628 -0.030931 -0.112566
-0.044710 0.090023 0.041958 -0.036699 0.081880 -0.100729 -0.082031 -0.033985 -0.099975 0.056811
0.125610 0.015013 0.063559 0.065180 0.025842 0.119201 -0.003339 -0.057829 0.089872 0.022902
0.026408 0.054285 0.069478 -0.254537 -0.104876 -0.109400 -0.106384 -0.146721 0.070345 -0.064049
-0.154562 0.045992 -0.251974 0.063823 0.064464 -0.056057 0.099071 0.185625 -0.077960 -0.023052
-0.059337 0.096733 0.087233 0.072116 0.049008 -0.083690 0.127872 0.094924 -0.084142 -0.043390
0.013110 -0.014269 -0.040676 0.106309 -0.024692 -0.025804 0.120332 0.002032 -0.021620 0.056396
0.185625 0.097789 -0.034362 0.226792 -0.326616 -0.255291 0.087912 -0.138277 -0.298418 -0.026313
-0.051043 -0.067517 0.046067 0.050063 0.096733 0.127043 0.106158 0.086178 -0.042787 0.104801
0.106912 -0.029122 0.045615 0.139106 -0.275196 -0.105479 0.009999 -0.150943 -0.053644 0.051232
-0.057791 0.150491 0.076716 0.032647 -0.173864 -0.060279 -0.055718 -0.060468 -0.027161 -0.181705
-0.177935 0.063521 -0.032307 0.005094 0.017897 -0.055982 -0.053720 0.016691 -0.029103 0.007210
-0.135110 0.040224 0.071362 -0.237649 0.047801 -0.037755 0.105102 -0.051156 0.102690 -0.085273
-0.071438 -0.057376 0.006084 -0.018557 -0.033174 -0.097864 -0.109400 -0.046934 -0.136995 -0.069591
-0.151094 -0.051043 0.069063 -0.044408 -0.017369 0.024598 0.062918 0.173411 0.053946 -0.025559
0.241871 0.082559 0.166927 0.027331 -0.028782 0.277458 0.021431 0.076791 0.090551 0.043051
-0.105630 -0.071853 0.032948 -0.095376 0.242625 0.091983 0.014014 0.224681 0.008864 0.016295
0.046519 0.007078 -0.203720 0.032967 -0.167530 -0.237950 -0.015258 -0.007563 0.041694 -0.120182
-0.027444 -0.093190 0.182760 -0.024202 -0.071249 0.027972 0.054210 -0.052551 -0.087535 -0.078864
-0.025842 -0.103821 0.100277 0.010489 -0.140538 -0.022110 0.006772 0.024221 0.104047 -0.167229
0.041996 0.194673 -0.137824 -0.044484 0.131039 0.126590 -0.066424 0.005103 -0.027708 -0.153431
0.223323 -0.011027 0.005127 0.102011 0.041694 0.066914 0.133451 0.033419 0.035719 0.242474
-0.018123 -0.137372 0.054700 0.056396 -0.057263 -0.101257 0.149888 -0.141745 -0.105856 0.046557
0.046633 0.031327 0.006324 -0.118523 -0.057339 0.108269 -0.150566 0.194974 -0.043504 -0.155316
0.286807 0.060015 -0.014024 0.009283 0.101559 -0.053041 -0.104951 -0.027633 -0.084896 -0.098015
0.010518 0.020263 -0.069364 0.079769 0.184570 0.107138 -0.103142 -0.193617 0.068497 0.061523
0.216538 0.011564 0.192713 -0.012176 -0.106836 0.064351 -0.090852 -0.202213 0.042545 -0.167673
-0.090606 0.051545 -0.204477 -0.084087 0.060420 -0.384685 -0.145811 0.008248 0.149823 -0.019066
0.079875 0.099130 -0.005259 0.034447 0.070098 -0.064432 0.113520 -0.803867 -0.079023 0.185724
-0.324716 0.024707 0.009633 0.169378 -0.111815 0.000301 0.111615 -0.010448 -0.062526 -0.043071
0.092611 -0.098628 -0.076365 0.246896 0.066387 0.026876 0.059367 0.003886 0.011934 0.000187
0.074259 -0.037481 0.087296 0.020646 0.107704 0.159249 0.015657 0.133075 0.139393 -0.016509
0.143204 0.084789 0.196554 0.094517 0.135282 -0.091458 -0.100132 0.204577 -0.081831 -0.056359
-0.055406 0.148719 0.118534 -0.118434 0.049465 0.025246 0.080427 -0.004071 -0.050543 -0.043899
0.314086 0.162558 -0.211196 0.175896 0.306264 -0.133677 0.449267 0.357007 -0.191741 -0.066187
-0.398123 0.118534 -0.049866 -0.256323 -0.092862 -0.102690 -0.243888 0.114322 -0.052047 0.082633
0.033294 -0.134178 0.142201 0.084137 -0.097575 0.043573 -0.035801 0.134479 0.355603 -0.029132
-0.122746 -0.168275 -0.127259 -0.085642 -0.406747 0.000886 0.158146 0.189835 -0.077468 -0.017800
0.190938 -0.069396 -0.007120 0.148519 -0.039511 0.160252 -0.051596 -0.079223 -0.041768 -0.012936
-0.059016 -0.132474 -0.056910 0.099882 0.067992 -0.009690 -0.092160 -0.126657 -0.041392 -0.090154
-0.273572 -0.065685 -0.021887 -0.104996 -0.184621 0.119938 -0.181813 -0.036653 0.067992 -0.081630
-0.168676 -0.007998 0.082282 -0.149221 0.007452 0.233659 -0.030436 -0.095068 0.082633 0.009828
-0.123348 -0.067691 -0.144708 -0.003215 -0.094717 -0.040238 -0.085391 -0.062175 -0.113921 0.102990
-0.115626 0.005879 -0.120039 -0.030285 0.018753 0.033971 -0.017299 -0.338154 0.057161 -0.075814
-0.176698 -0.068593 0.031188 -0.124351 -0.138089 0.032467 -0.212600 -0.099781 -0.023391 0.129465
0.028581 -0.217413 0.236066 -0.032742 -0.060370 0.085692 0.061473 0.077017 -0.004137 -0.010925
0.015105 -0.021323 -0.005406 -0.011131 -0.109509 0.080728 -0.009282 0.018941 -0.013488 -0.057663
-0.086594 -0.084990 -0.123248 -0.088149 -0.111113 -0.037581 -0.075914 -0.058615 -0.040439 -0.123147
-0.116027 -0.024381 -0.145911 -0.206583 0.103592 -0.260936 -0.150023 0.026851 -0.235263 0.057612
0.180710 -0.282396 -0.067189 0.069697 -0.040765 -0.094065 -0.006070 0.029533 0.137287 -0.108907
-0.046130 -0.042871 0.138089 0.105698 -0.025409 0.096622 0.021837 -0.014015 -0.012266 -0.009107
-0.147616 -0.044300 0.016747 -0.213001 -0.020194 0.101988 -0.040665 0.090806 0.051194 0.114924
0.002416 -0.454883 -0.039587 0.041567 -0.291622 0.082282 -0.114724 -0.504222 -0.066889 -0.000357
-0.440442 0.068694 0.094015 -0.098478 -0.145611 0.293428 0.297238 -0.159249 -0.043899 -0.022363
-0.022388 -0.111615 -0.042219 -0.040589 0.096973 0.002031 -0.049590 -0.123548 0.177701 0.063980
-0.016985 -0.041492 0.019342 -0.184220 -0.032441 -0.047208 0.114650 -0.064264 -0.053589 0.088318
0.267019 -0.139559 -0.024126 0.012436 -0.068214 0.000380 -0.078284 -0.046472 0.188878 0.062271
-0.012997 -0.053197 0.009092 0.129880 -0.069815 0.067146 0.189447 -0.041241 0.113512 0.198129
0.051205 0.047041 0.118920 -0.025033 -0.007731 -0.057467 0.062947 0.141978 0.004693 -0.020674
-0.067573 0.015746 -0.216348 -0.136143 -0.239833 -0.127816 0.016893 -0.165250 -0.064904 -0.051489
-0.126535 0.053447 -0.118209 -0.021243 0.043875 -0.120628 0.196421 0.023272 0.010791 -0.135218
0.071487 0.155144 0.106680 0.151728 0.419886 0.113654 -0.094866 -0.148739 -0.104616 -0.092517
-0.205815 -0.055332 0.050208 0.051454 0.043305 0.099776 0.121838 0.088105 -0.031474 0.068427
-0.052094 0.026581 0.062200 0.084902 0.003912 0.048856 0.029766 -0.055795 0.080988 -0.100346
0.071060 0.028840 -0.108815 -0.111021 0.026190 0.074299 -0.078996 0.075508 0.155998 0.040601
0.036064 0.245954 0.007664 -0.043056 -0.075366 0.029179 -0.009928 -0.025780 -0.013557 -0.177776
-0.149593 -0.047468 -0.113085 -0.126749 0.083194 -0.092304 -0.055475 0.185035 0.047326 0.065438
-0.158276 0.018521 0.012312 -0.044622 -0.056969 -0.026919 0.138491 0.181619 -0.007900 0.124543
-0.076291 -0.150020 0.097072 0.167812 0.005920 -0.121482 0.148882 -0.001217 -0.057147 0.086183
-0.065509 -0.068178 0.040601 0.088603 -0.100132 -0.009065 0.249512 -0.048073 -0.076434 -0.122479
0.147458 -0.152298 -0.039142 0.158418 -0.089315 -0.123831 -0.268727 -0.111946 -0.090382 -0.057574
-0.214213 -0.077003 -0.032328 0.096787 0.002949 -0.136997 0.025691 -0.021866 -0.126464 -0.133011
-0.133652 0.187312 0.064015 -0.161265 0.191013 0.030566 -0.114081 -0.076505 -0.054728 -0.004132
0.141836 0.004303 -0.208235 -0.014554 -0.128314 -0.182330 0.068819 0.149593 0.130948 -0.140840
-0.026634 -0.041882 -0.015683 0.094012 0.015728 0.053126 -0.073089 0.046579 0.051845 -0.033182
0.051276 -0.089101 0.086041 0.123119 -0.088461 0.138989 0.103548 -0.074441 0.124329 -0.220476
-0.055510 -0.067111 -0.074227 -0.029214 0.058642 -0.021012 0.020727 0.036651 0.084120 0.009145
-0.152298 -0.017383 -0.172082 0.028591 0.056222 -0.082696 0.131446 0.232005 0.050280 0.045440
0.026652 0.008669 -0.120486 0.057396 0.011129 0.104616 0.157279 -0.002074 -0.013655 -0.202969
0.047575 0.065118 -0.092802 0.134292 0.105470 -0.008011 0.007081 -0.067324 -0.087322 -0.012721
0.121411 0.048821 0.147458 0.247519 0.164254 0.038822 0.174075 0.092233 0.031189 0.184181
-0.002491 -0.110167 -0.045191 -0.051988 0.019589 0.007882 -0.002486 0.191297 0.021670 -0.051845
-0.056898 0.011698 -0.039854 -0.064371 -0.057040 -0.012686 -0.057005 -0.069068 -0.099990 0.016947
0.048714 0.001117 -0.039747 -0.246950 0.019838 -0.125325 -0.111519 0.067466 0.186885 0.170232
0.213074 0.088745 0.149736 0.007312 -0.038214 0.348905 0.227489 -0.113744 0.012227 0.209977
-0.035045 -0.003614 0.149852 0.023787 -0.033919 0.019107 0.094898 0.004396 -0.028707 0.022224
-0.047574 -0.076844 -0.106323 -0.057831 -0.124418 0.104238 0.174786 -0.020806 0.037004 -0.000357
-0.157191 -0.093230 -0.035107 -0.002616 -0.042383 -0.057247 0.044489 -0.080096 -0.058457 -0.116580
0.021619 0.038610 0.105072 -0.242999 -0.133508 0.122751 0.068005 0.032189 0.153021 -0.019336
-0.021390 -0.191631 0.018106 -0.012217 -0.273687 -0.061375 -0.056747 -0.348238 -0.008110 0.030292
-0.105906 0.012613 0.061292 0.025476 -0.119332 -0.065336 0.112911 -0.001269 -0.137761 -0.037880
-0.037922 0.081431 0.059749 0.058206 0.114495 -0.056288 -0.055121 0.128421 0.082223 0.002091
0.291866 0.278691 0.060958 0.207475 0.145099 0.030229 0.050076 0.128254 -0.058373 0.214814
0.356577 0.100819 0.013666 -0.051660 0.059249 0.102987 0.062835 0.139012 -0.003396 0.147101
0.110993 0.093898 -0.018627 0.047324 -0.079888 0.125502 -0.121583 -0.204640 -0.067421 0.024121
0.022495 -0.066045 0.135676 -0.002159 -0.113744 0.020785 -0.139345 -0.011914 -0.039590 -0.134258
-0.077595 0.112077 0.105989 0.142181 0.191798 0.112660 -0.047032 0.125419 -0.009611 0.091980
-0.159192 0.023870 0.107991 -0.182958 0.066337 0.041674 -0.019545 -0.028082 0.006228 -0.004941
-0.032606 0.018815 -0.001060 -0.220818 -0.044364 -0.006249 0.038505 -0.075135 0.141680 0.032501
0.151187 0.160443 0.080347 0.217482 -0.024663 0.142181 0.204140 0.050618 -0.002447 -0.149602
-0.207642 -0.305209 -0.134258 -0.132174 -0.167698 -0.039986 -0.072967 0.000806 -0.036629 0.099902
0.135176 0.251339 -0.065044 -0.189630 -0.136343 0.315716 0.090812 -0.076344 0.228656 0.224654
0.093814 0.029770 0.077845 0.112577 0.142097 -0.017856 -0.271019 0.184126 0.080347 -0.242166
-0.072008 0.060041 0.066879 -0.022328 -0.074217 -0.003500 -0.013144 0.096483 0.096066 0.064753
0.080764 0.178455 0.007067 0.124168 0.053787 -0.013937 0.039006 0.184626 -0.013853 0.144682
-0.056664 0.035941 -0.197302 0.073634 -0.041549 -0.412949 0.141430 0.008798 -0.253340 -0.039944
-0.080555 0.012936 0.028978 0.023057 -0.081472 -0.044280 -0.024788 -0.125669 -0.004902 -0.028290
-0.033294 -0.007792 -0.044906 -0.234660 -0.370253 0.032856 -0.004537 -0.075010 0.103070 -0.062459
-0.013666 -0.065086 -0.170450 0.121083 -0.039590 -0.057498 -0.041278 -0.229824 -0.068589 -0.029145
-0.131173 0.211811 0.047658 -0.249004 -0.128755 -0.134175 -0.085225 0.016824 0.065753 0.062251
0.106823 0.275855 0.066212 0.102904 0.150603 -0.002822 0.270518 0.172785 -0.047199 0.076469
-0.033523 -0.077803 -0.074593 -0.133174 0.020274 -0.024746 -0.124835 -0.042112 -0.239664 -0.210644
0.133008 -0.052327 -0.192798 -0.089478 -0.055246 -0.097984 -0.023850 -0.014510 -0.183626 0.049075
-0.022119 -0.073550 0.064855 0.009325 -0.077526 0.091696 -0.018922 -0.139793 -0.100553 0.065230
-0.118606 -0.070509 -0.037946 0.039853 -0.220862 -0.131005 0.125691 -0.007868 0.018854 0.106139
0.038763 0.033041 0.098781 0.026398 0.016640 0.108115 0.046155 0.078480 -0.026654 0.050242
0.047722 0.015797 -0.090811 -0.232170 -0.030537 0.083453 0.043464 -0.074256 -0.127939 -0.062300
-0.057702 -0.219499 -0.151101 -0.265007 -0.041931 -0.067682 -0.083862 0.129778 -0.001791 -0.022379
0.090198 0.171266 -0.042374 0.069079 -0.010977 -0.018036 0.036924 -0.012944 0.037843 -0.016307
-0.013523 0.026347 -0.015490 0.197018 -0.107842 -0.042612 0.030094 0.016129 -0.032700 -0.012143
0.088903 -0.058485 0.021017 0.140338 -0.079979 -0.070237 0.005348 -0.088222 -0.104776 -0.024474
-0.044622 0.055011 -0.064140 0.019569 0.052763 -0.001767 0.062811 -0.114382 -0.139929 -0.006016
-0.089993 -0.003104 -0.015183 -0.023077 -0.069726 -0.113496 0.067171 0.332178 0.042067 0.005952
0.057770 -0.047313 -0.002086 -0.042680 0.021562 0.129165 0.016324 0.009801 0.022055 0.020301
-0.026075 -0.064480 0.120854 -0.082976 -0.021783 0.043021 -0.178351 -0.112747 0.018581 0.132980
0.079434 0.010227 -0.008345 -0.012969 0.047892 -0.072349 -0.208327 -0.207100 0.017883 -0.012237
-0.002164 -0.089108 -0.065536 0.016043 -0.101234 -0.070509 -0.053172 0.019927 0.026007 0.060189
0.053649 0.098509 0.092854 -0.011539 -0.033518 -0.018837 0.192930 0.250428 0.120786 -0.064787
0.104913 0.007183 -0.001371 0.026467 -0.021068 -0.021408 0.082363 0.037912 -0.132367 0.048948
0.041522 -0.060768 -0.039819 0.057429 0.012697 -0.025206 -0.078889 -0.067001 -0.102392 -0.120309
0.041488 0.088358 0.083113 0.008465 -0.017440 -0.096124 -0.015941 0.047653 -0.164726 0.022260
-0.031797 -0.059746 -0.075483 -0.092854 0.086246 0.071872 0.180123 -0.042374 0.006421 0.047108
-0.065775 0.054125 0.031712 -0.063595 0.008865 0.136318 0.026177 -0.014630 0.022635 -0.002047
0.018922 0.009665 -0.000584 0.044997 0.060631 0.064208 0.062914 0.018888 -0.084203 0.045916
0.152464 0.038184 0.127939 -0.085224 0.076300 -0.036958 -0.045405 -0.015907 0.044520 0.071395
0.085224 0.041556 -0.154235 0.018360 0.133185 -0.124328 -0.132435 0.025087 0.008064 -0.142381
-0.013634 -0.083930 -0.207509 -0.095648 -0.130187 0.033041 -0.033824 0.126168 -0.196064 -0.005501
-0.004060 -0.059030 0.049323 -0.011683 -0.073779 -0.082908 0.013438 -0.152600 -0.129097 -0.013259
0.027523 -0.000984 0.181076 0.010977 0.020965 0.013429 -0.019348 0.189796 0.166361 0.047790
0.033041 -0.029430 0.069692 0.116426 0.033722 -0.015737 0.147150 0.079706 0.041897 0.024849
-0.018547 0.036345 0.045712 0.029839 0.002367 0.184074 -0.050889 0.032393 -0.125486 -0.259148
-0.038559 0.042272 0.126236 0.117993 0.001367 -0.176853 0.112815 -0.070305 -0.146741 -0.119696
-0.094595 -0.107760 0.021477 -0.426426 -0.417740 -0.304008 -0.192720 -0.175755 -0.090524 -0.049367
0.117125 0.009916 -0.101924 -0.045330 -0.001544 -0.185527 -0.174398 -0.120314 -0.052285 -0.086860
0.113732 0.020222 -0.009110 -0.075731 -0.056764 -0.011850 0.116514 0.178469 -0.129136 0.063787
0.117600 0.052251 -0.093849 -0.005755 0.012528 0.065857 0.026584 0.056323 0.021393 0.069454
-0.036440 0.044957 -0.095885 -0.033234 0.025803 0.017245 -0.079599 -0.113121 -0.035185 -0.208599
-0.027754 -0.023971 0.112782 0.044312 0.024344 0.081024 -0.205613 0.087538 0.134497 -0.161912
0.108371 0.203170 0.244835 -0.033064 0.199234 0.045737 0.126557 0.184441 0.187291 0.086452
-0.000179 -0.041157 0.132189 -0.056255 -0.020205 -0.048587 -0.079191 0.018831 -0.136057 0.051573
0.011299 0.085502 -0.123436 -0.023683 0.320838 0.074984 -0.001466 0.152004 0.074441 0.160690
0.019187 0.078106 0.030621 0.060462 -0.043803 0.230992 0.070098 -0.049401 0.141825 0.032250
-0.018424 -0.195977 0.022410 -0.108032 0.018712 0.032199 -0.008966 -0.051335 -0.053744 0.021800
0.249178 -0.141147 0.008711 0.212399 0.047841 0.124861 0.004894 -0.222035 -0.083806 -0.060395
-0.154719 -0.246057 -0.019255 -0.020052 -0.102535 0.026719 -0.088488 -0.037255 0.042649 0.029162
0.061480 -0.035151 0.070573 -0.051607 0.002871 0.226649 -0.025617 -0.003143 0.099956 0.015837
0.072202 0.036983 -0.258950 -0.076952 -0.216199 -0.149290 -0.059275 -0.145354 -0.040308 0.057884
-0.132325 -0.237778 0.020188 -0.040444 -0.056866 -0.023920 0.030808 -0.118482 -0.080549 -0.130697
-0.116582 -0.162590 0.143997 0.209956 -0.020884 0.104706 0.144675 -0.044346 -0.066638 -0.052353
-0.100771 -0.109796 -0.141554 -0.101517 -0.001118 -0.037017 -0.054593 -0.059105 -0.053405 -0.052048
-0.184034 -0.124114 -0.006540 -0.418826 -0.433212 -0.429955 0.003435 -0.302380 -0.103824 0.046653
0.149968 -0.240357 0.064093 0.124725 -0.202627 0.174669 -0.094867 -0.180776 -0.201813 -0.026804
-0.246057 0.164897 0.465513 0.218099 -0.056628 0.180234 0.105385 -0.038544 -0.002341 0.029943
-0.120789 -0.124589 0.123164 -0.084620 -0.161369 0.010357 0.140061 0.167748 0.126625 -0.098192
-0.059275 -0.022105 0.155940 -0.110000 -0.141147 -0.137415 -0.191770 0.043260 -0.027873 -0.324909
-0.100296 0.099210 -0.016990 -0.036610 -0.047196 -0.382725 -0.272386 -0.108710 -0.475556 -0.202356
-0.226921 -0.308894 -0.063516 -0.071252 -0.128321 0.088488 0.188648 0.354496 0.194891 0.061921
0.199641 -0.044108 0.046925 -0.061650 -0.090253 -0.141961 0.175891 0.125743 -0.106471 -0.117396
-0.070573 -0.153633 0.064975 0.149426 -0.211584 0.052659 0.070166 -0.091610 0.057002 0.070302
-0.062295 -0.098463 0.127982 -0.097242 0.062159 0.119703 -0.111153 0.121943 0.084960 -0.029553
0.057171 -0.073356 0.272386 0.438912 0.006799 0.108303 0.183762 0.161776 -0.134894 0.008127
-0.049852 -0.071768 0.116682 0.081723 -0.143305 -0.002034 -0.000940 0.142302 -0.123087 -0.019466
0.126019 -0.016842 0.010061 -0.102791 -0.059884 0.009400 0.166225 0.280283 0.093685 0.021280
0.041788 0.052090 0.029402 -0.045723 -0.008190 -0.057183 0.194160 0.131498 -0.034611 0.127563
0.203112 0.055678 0.065595 -0.039299 -0.040167 -0.013920 -0.106649 0.200643 0.147241 0.070379
-0.114135 -0.116450 -0.054714 0.071267 -0.168077 0.160514 0.037987 0.001031 0.033048 0.029305
0.137054 -0.053093 0.229041 0.349736 0.236141 0.055524 -0.058109 -0.029363 -0.109736 -0.009275
-0.052360 0.238456 0.174405 -0.032180 0.153646 0.184283 0.078598 0.027801 0.085196 0.022630
-0.113209 0.064746 0.006805 -0.088051 -0.065170 0.018444 -0.185980 -0.114675 0.015029 0.296951
0.200334 -0.177800 0.228733 -0.001698 -0.009178 -0.072309 0.065247 -0.023711 0.001295 0.020412
0.018000 0.083035 -0.075550 -0.135280 0.078019 0.042868 0.037350 -0.087588 -0.105106 0.024270
0.027376 -0.035903 0.064900 0.006323 -0.058225 0.110894 0.114829 0.252810 0.139370 -0.163447
0.075974 0.075743 -0.002269 0.036926 0.158662 0.032180 -0.033453 0.051473 0.192617 -0.003531
0.036907 -0.006323 0.075858 0.009748 0.098855 -0.073852 -0.047498 0.065440 -0.122932 -0.054791
-0.062469 -0.056527 -0.003907 -0.009526 0.047614 0.116759 0.041788 -0.123858 -0.113286 0.084965
0.118611 0.027145 0.067485 -0.022958 0.041788 -0.069762 -0.151948 0.124476 -0.179189 -0.087357
-0.060772 0.071537 0.162521 0.142919 -0.066482 0.010842 0.091833 -0.136051 -0.106572 -0.069453
0.124399 0.173633 0.089209 0.086354 0.054366 0.120231 -0.028206 -0.011701 -0.025929 0.104257
0.030579 -0.047035 0.126868 0.221942 -0.190302 0.064013 0.039781 0.051087 0.018733 0.015791
-0.039280 0.090752 0.051936 -0.001643 -0.034167 0.004215 0.056296 0.114521 -0.208669 -0.177800
-0.142611 -0.255742 -0.044759 -0.162212 -0.044952 0.009637 -0.130649 -0.052900 -0.075743 -0.115910
-0.072116 0.165453 0.028476 0.082958 0.064707 0.023537 0.153800 0.026431 0.041325 -0.179807
-0.059074 0.002986 0.077247 -0.025929 -0.047112 0.094379 0.064939 -0.049235 -0.026875 -0.033183
-0.024193 -0.029093 -0.046225 -0.018559 0.006130 0.053093 0.019621 0.043910 -0.201106 -0.022707
-0.007027 -0.150405 0.159743 0.220090 0.119074 0.114829 -0.114135 -0.084193 -0.054405 -0.038624
-0.056952 0.045878 -0.040360 0.106958 -0.155035 -0.333067 0.088206 -0.007519 -0.141299 0.019312
-0.210984 -0.064669 -0.214379 -0.226263 0.115215 -0.127099 -0.075550 0.124784 0.018945 0.154186
-0.069646 -0.083267 -0.103871 -0.094456 0.057492 0.056064 0.109891 0.109891 -0.000528 -0.011576
0.132193 0.186906 0.103871 0.052321 -0.080797 0.004309 0.006164 -0.121003 -0.166842 -0.060347
0.117608 0.110971 -0.008995 -0.035749 -0.024791 0.046649 
