0.001222 0.044377 0.033274 -0.046230 -0.179704 0.014509 -0.203042 0.043793 0.107012 0.032004
-0.009378 0.057522 0.108179 -0.109003 -0.109415 0.128085 -0.052785 -0.020232 -0.089303 0.057350
0.006276 -0.265781 -0.023990 -0.007812 0.199610 -0.082301 -0.010914 0.085871 0.113808 -0.046127
-0.002417 -0.222948 -0.028932 -0.022755 -0.036586 -0.044480 0.033926 -0.090058 -0.015805 -0.034784
-0.028950 0.004432 -0.034098 0.012604 -0.009713 -0.063562 -0.047157 -0.022669 -0.010914 -0.005345
0.011738 0.019717 0.014578 0.048907 0.040739 -0.009009 -0.022635 0.015178 0.029619 -0.029482
-0.014406 -0.019374 -0.094520 -0.012441 0.226904 -0.007833 -0.239429 -0.006485 0.005885 0.128817
-0.104277 -0.141706 -0.035427 0.132167 -0.045476 -0.039541 -0.020098 -0.167921 0.072892 -0.080902
0.120734 -0.032659 0.019206 0.073038 -0.136827 -0.139449 0.235060 -0.127069 -0.012780 -0.051228
0.729939 0.021645 -0.071363 -0.001038 -0.128453 -0.161513 -0.165154 0.335551 -0.126268 0.090805
-0.009794 -0.055889 -0.145565 -0.340502 -0.072127 0.032496 0.038849 -0.094009 0.080320 -0.049481
-0.131074 -0.171125 -0.054651 -0.168067 -0.107335 0.002879 0.172436 0.073729 -0.139667 -0.063061
-0.045148 0.019443 -0.014655 0.070453 -0.065355 -0.031094 -0.102893 -0.060367 -0.081840 0.027289
0.019583 0.032153 0.047226 -0.073243 0.043691 -0.029382 -0.167752 -0.022496 0.151237 0.018127
0.121714 -0.025720 -0.035462 0.127256 -0.038007 -0.007437 -0.033115 -0.018919 0.094113 -0.013793
0.001435 -0.108592 0.150106 0.030315 0.046604 0.282792 -0.048838 0.055286 0.038290 0.037187
0.031560 -0.001983 0.058538 -0.029919 -0.000452 -0.013397 0.021945 -0.011637 0.015469 -0.015850
-0.024674 -0.077089 -0.032889 0.076354 -0.041995 -0.005288 0.044766 -0.052797 0.004076 -0.005009
-0.075336 0.055258 -0.021436 0.069510 0.042786 0.054155 0.018367 0.020234 0.013786 0.055484
-0.020403 -0.015271 0.217019 -0.065230 -0.031896 0.121258 -0.018728 0.058281 0.199573 0.060917
-0.115315 -0.025354 0.365596 0.079369 0.135733 0.082964 0.012989 0.047808 -0.025426 0.164010
0.097630 -0.024827 -0.113494 -0.243667 0.115315 0.049078 0.042800 -0.054446 -0.027008 -0.043471
-0.055261 0.125859 0.078267 -0.420235 -0.045532 0.044022 0.035012 -0.028230 0.105442 -0.135445
0.025618 -0.003472 0.108509 -0.118766 0.000561 0.060821 -0.156629 -0.021927 0.095233 0.025066
-0.039661 0.111193 0.105538 -0.123367 0.016511 -0.064463 0.027415 -0.006398 0.076014 -0.070790
0.073809 0.083970 0.028613 -0.004041 -0.037672 0.002052 0.040690 0.100497 0.175729 0.051800
0.105347 0.020965 -0.042015 -0.111720 -0.035360 0.058482 0.091700 -0.041817 0.090797 0.165578
0.259646 -0.064122 -0.043538 -0.039956 0.205619 -0.202574 -0.189828 0.087526 0.060964 0.021205
0.230546 -0.115724 0.108336 -0.054760 -0.157570 -0.025265 0.093899 0.233253 -0.168398 -0.113581
-0.071792 0.062430 -0.029467 0.013443 0.156216 -0.166931 -0.077601 0.025265 0.007201 -0.107885
-0.132868 0.010405 0.055211 -0.169638 0.129485 0.050249 -0.043791 0.048585 -0.018723 0.074273
-0.172909 0.056198 -0.128470 -0.259872 0.050418 0.099990 0.108675 0.005939 -0.017666 0.056255
-0.049046 -0.241752 -0.126572 -0.260737 -0.227126 0.258206 -0.028777 -0.178888 -0.022976 -0.135432
0.085225 0.128330 -0.093241 0.405592 -0.071724 -0.174950 0.050699 0.095491 -0.128751 -0.183810
0.009836 0.136557 0.105547 -0.117641 0.095140 0.096687 -0.056113 0.174809 0.207437 0.111805
-0.114055 -0.179872 0.124181 -0.254128 -0.153995 0.039061 0.047640 -0.177060 -0.003366 0.032803
0.024910 -0.309960 0.086350 -0.026527 -0.047183 -0.000485 0.026088 0.031450 0.109133 -0.086420
0.022027 0.115743 -0.059137 -0.149354 0.280004 -0.154417 0.045038 0.204483 -0.193936 -0.056078
-0.079740 -0.034579 0.050207 -0.096405 0.157967 0.111330 -0.027529 -0.017125 0.119669 0.003079
-0.130276 0.023238 -0.117078 0.149870 -0.320144 0.068660 -0.085096 0.167602 -0.090116 -0.007191
0.030059 0.048378 0.058296 -0.036901 -0.004962 0.048094 -0.114326 0.115702 0.214725 0.102019
-0.181852 -0.130924 0.007722 0.041779 0.087283 0.004947 0.070806 -0.022732 0.024209 -0.052386
0.095460 -0.057568 0.084206 0.026132 0.138940 -0.042224 0.042143 0.101857 -0.036921 -0.001922
0.066069 0.104610 0.063033 0.005921 0.073113 0.012570 -0.002710 -0.053600 0.040241 -0.049795
0.081048 0.053276 0.075340 -0.019726 0.153190 0.019898 0.021315 0.034715 -0.093734 -0.095751
0.222057 0.080574 -0.113449 -0.171333 0.080372 -0.113953 0.270058 -0.079212 0.101196 -0.244847
-0.128979 -0.199770 0.082137 0.237385 -0.087179 0.017610 -0.207535 -0.138861 0.040741 0.334396
0.149954 -0.357187 0.266024 0.159635 -0.083196 -0.415474 0.028362 0.103213 0.134727 -0.230931
-0.077296 -0.269857 -0.343472 0.036984 -0.023560 -0.015492 -0.045354 -0.034035 -0.306362 -0.123331
0.434836 0.155702 -0.055363 -0.146424 -0.126054 0.033379 0.156408 0.099431 -0.096356 -0.002980
-0.041371 -0.007072 -0.235570 -0.068624 0.062674 -0.156811 0.054355 -0.036984 0.012120 0.173955
0.006517 -0.142391 -0.029045 -0.499038 -0.070420 -0.058249 0.091647 0.043059 -0.071945 0.036481
-0.029156 0.002910 0.233249 0.197912 0.089804 -0.113637 0.027392 -0.124696 0.013792 0.062030
-0.017811 0.159779 -0.329472 -0.073470 -0.125967 -0.038515 -0.096604 -0.127111 0.001331 -0.019639
0.093427 0.208081 0.065144 0.131814 0.041597 -0.086054 0.104994 -0.087008 0.062888 -0.102197
0.089995 -0.017796 0.081160 -0.097367 0.103278 -0.150627 -0.110904 0.065589 0.078046 -0.193336
-0.004457 -0.024850 0.205539 -0.158889 -0.021196 0.099655 -0.177574 -0.040580 -0.033081 -0.019527
0.188379 -0.015086 -0.125649 0.050018 -0.070165 0.104676 -0.073075 -0.266266 -0.073612 -0.221709
-0.161048 0.290960 -0.042543 0.056065 0.269084 -0.122262 -0.046771 -0.198894 0.095891 0.175005
-0.001693 -0.171247 -0.145614 -0.016080 -0.036739 0.066264 0.165342 0.032746 -0.141722 -0.153532
-0.084080 -0.038651 0.189500 -0.266937 0.031169 -0.141856 -0.076632 0.023620 -0.086429 -0.285055
0.407988 -0.148969 0.003307 -0.160914 0.096427 0.115686 -0.012020 0.021356 -0.077773 -0.127228
0.137427 -0.017329 -0.054689 -0.347058 -0.003630 -0.265326 0.085825 0.016122 0.121390 -0.049656
-0.137964 -0.084416 -0.265997 0.044523 0.214999 -0.004248 -0.013278 0.123403 0.040295 -0.100185
-0.149502 -0.009013 -0.000961 -0.047259 0.161165 -0.050743 -0.086187 0.043548 0.055136 -0.006343
0.029556 0.019900 0.006873 0.055098 -0.021225 -0.233872 0.057332 0.057180 -0.038587 0.092170
0.012619 -0.131704 -0.156621 -0.093231 0.096866 -0.061384 -0.156318 -0.238264 0.112998 0.092625
-0.012922 -0.099214 0.056272 -0.068276 -0.019350 -0.043737 -0.025845 -0.021963 0.009609 -0.104970
0.008374 0.026583 0.044078 -0.109514 -0.019152 0.029480 -0.044230 -0.051462 -0.031960 -0.003318
0.055022 0.049910 0.003694 0.008790 0.007058 0.024349 0.029348 0.058316 -0.094897 -0.000528
-0.050970 0.026564 -0.006201 0.063429 0.243750 0.134704 0.197160 -0.076771 -0.110666 -0.006486
0.147330 -0.128424 -0.027076 -0.385948 -0.100741 0.006807 -0.046387 -0.108236 -0.205128 -0.031093
-0.080822 -0.046117 0.248341 -0.051316 0.016399 0.105535 -0.053409 0.132070 0.134029 0.084266
-0.056008 0.250772 -0.022822 -0.152057 0.081700 0.163670 0.017319 0.171908 -0.054219 -0.101213
-0.169612 0.053679 0.071167 -0.244155 -0.000890 -0.060363 -0.049020 -0.097905 -0.134906 0.090950
-0.087439 -0.057967 -0.086224 -0.064246 0.110396 -0.073057 0.116406 -0.052599 -0.014365 0.087844
0.011183 0.008351 0.312756 -0.102699 0.122077 -0.215526 -0.064921 -0.008693 0.204398 0.063351
0.088026 -0.013319 -0.002287 -0.042882 -0.030523 -0.076158 0.064846 -0.019957 0.273213 -0.074536
0.161537 -0.100064 -0.144291 -0.148816 0.076500 0.049990 0.219766 -0.082690 -0.051185 0.025913
-0.022754 -0.075518 -0.030075 0.044355 -0.087514 0.103650 -0.054557 -0.177076 -0.108090 -0.033511
-0.008885 0.152317 -0.062796 -0.004891 0.022561 -0.127898 -0.141986 0.172125 -0.115177 -0.018634
-0.049520 0.020448 0.004138 0.047385 -0.018004 0.061900 -0.123629 0.095539 0.073554 -0.043117
0.140705 0.091953 -0.022220 0.063821 0.050544 -0.021900 -0.111164 0.048666 -0.106126 0.123288
-0.091868 -0.056905 -0.152498 0.108788 -0.263067 0.095999 -0.171277 0.008018 -0.153469 0.112188
-0.264686 0.425763 0.021207 0.251087 0.010513 0.174514 -0.083129 0.081227 -0.152174 -0.037841
-0.000763 -0.031669 0.001098 -0.126191 0.077139 -0.125382 -0.251411 -0.067669 0.033551 -0.207378
-0.066010 0.190217 0.268409 -0.088714 -0.007153 -0.255296 -0.252706 -0.216443 -0.028796 -0.184713
-0.109355 -0.162049 -0.090333 -0.085962 -0.080256 -0.028047 0.184875 -0.113888 0.009840 0.390472
0.132667 0.265171 -0.240726 -0.083372 -0.061720 -0.102637 -0.080337 -0.105227 -0.046421 -0.139709
0.151041 -0.027926 0.035575 0.043143 -0.045571 -0.096242 0.112918 0.233622 -0.060319 -0.056492
0.172247 -0.067051 0.140701 0.089753 -0.020970 -0.053555 -0.126710 -0.047879 -0.038937 -0.182278
-0.077808 -0.032404 -0.059594 0.056822 -0.141625 0.381451 0.182674 -0.380659 0.019304 0.006624
0.145849 -0.155880 -0.006476 -0.089225 -0.304369 -0.003599 -0.014874 0.293018 0.007622 0.051311
-0.155088 -0.351886 -0.075828 0.050123 -0.086190 0.024138 -0.024682 0.213428 -0.092261 -0.058769
-0.072859 0.080514 -0.089951 0.012349 0.031711 -0.080778 -0.066457 -0.018908 -0.008146 -0.031678
-0.234942 0.043458 -0.085002 0.140833 -0.148753 -0.122223 0.051641 0.024748 -0.077412 0.085728
0.097805 -0.077321 -0.037417 -0.039933 -0.049287 0.057813 0.080518 -0.040022 -0.069091 0.217398
0.223673 0.163522 0.091470 -0.311177 -0.413008 -0.018442 0.076433 -0.018738 -0.158193 0.106390
-0.113021 -0.078564 -0.113435 0.042272 0.017495 0.056836 -0.085728 -0.041769 0.190756 -0.257183
0.044196 -0.041739 0.169442 0.032799 -0.079393 -0.030076 -0.169442 0.057694 0.059115 0.008185
-0.066960 -0.083951 -0.046771 0.092832 -0.124802 0.002370 -0.025635 -0.172758 -0.109409 -0.129539
0.157838 0.190282 0.023741 -0.093779 0.129539 -0.049998 0.093543 0.084780 0.145879 -0.066013
0.100647 0.005961 -0.049435 -0.034309 0.098481 0.167206 0.022453 -0.065030 -0.098973 -0.019731
-0.014940 0.004954 0.030076 0.103062 0.064242 -0.031136 -0.120305 -0.106117 -0.014989 -0.119813
-0.053453 -0.025039 0.038008 -0.039757 0.153017 0.146317 -0.193907 -0.060497 0.026899 0.106215
0.058724 0.089318 -0.065572 0.069365 -0.099565 0.200016 0.036259 -0.186419 0.031333 -0.086165
-0.011066 -0.104540 -0.074193 -0.136366 -0.064143 -0.017440 0.218343 -0.166910 -0.038599 -0.036481
-0.016750 -0.042540 -0.039166 0.098037 -0.218934 -0.214401 -0.077149 -0.000965 -0.105230 -0.051236
-0.111536 -0.086312 0.054832 -0.037737 -0.049093 -0.273914 -0.119813 0.304261 0.032809 0.079528
-0.116903 -0.185787 0.347142 0.035047 0.126277 0.059601 0.018642 -0.076867 -0.013343 0.217357
0.023208 -0.192198 -0.027170 0.139099 -0.161354 -0.078621 0.115815 -0.326337 0.220381 -0.247958
0.004196 -0.062171 0.060841 -0.063804 0.088600 -0.281826 0.316903 -0.101784 -0.012103 0.150589
-0.009782 0.052495 -0.087148 -0.138373 0.039673 0.096159 0.213365 -0.018083 -0.074146 0.131478
0.039250 0.033444 -0.051406 -0.060357 -0.071968 -0.042909 0.078379 -0.064832 -0.012594 0.044693
-0.027170 -0.005375 -0.136196 0.013607 -0.051285 0.071908 -0.041820 -0.056002 -0.232476 -0.080496
0.069186 0.083278 -0.041116 0.070302 0.035516 0.033629 0.070424 0.039260 0.040812 0.029460
0.113275 -0.042212 -0.174934 -0.051525 0.142552 -0.027360 0.096415 0.000066 -0.220220 -0.097875
0.029551 -0.014327 -0.089537 -0.005429 -0.148639 -0.047446 -0.026538 0.203542 -0.054111 0.097328
-0.056181 0.288513 -0.041968 -0.025701 0.018626 0.012425 -0.019295 -0.024104 -0.017363 0.036095
-0.017408 0.016480 0.015597 0.030267 -0.031469 0.005927 0.074198 0.013277 0.046138 0.078337
-0.017667 -0.000087 -0.027345 -0.010553 -0.052651 0.006163 0.004352 0.024743 -0.021973 0.015506
0.016982 0.036125 -0.005079 -0.093980 -0.016328 -0.064398 0.166240 0.019914 0.156832 0.044995
0.087329 0.073712 0.330004 -0.044190 0.317131 -0.160175 -0.425317 -0.159184 -0.067585 0.065233
-0.081449 -0.196567 0.001637 -0.110971 0.035433 -0.097602 0.049482 0.064614 0.064491 0.083801
0.219838 -0.013546 0.042581 -0.038434 0.006696 0.023952 -0.073032 -0.031998 -0.140369 -0.096488
-0.035835 0.173419 0.054186 0.113199 -0.109176 -0.095622 0.144330 0.115613 -0.005996 -0.020037
-0.009655 -0.065976 -0.080211 -0.011202 -0.052546 -0.002406 -0.269103 0.109733 -0.012664 0.024927
-0.076869 -0.031008 -0.132942 0.050163 -0.029336 0.007152 -0.154109 0.097664 0.052484 0.001290
-0.084612 0.028169 0.026857 -0.091766 -0.030708 0.018952 -0.031068 -0.056211 0.032867 0.040994
-0.137479 0.034645 -0.060232 0.039872 -0.152802 -0.052444 0.139934 -0.155341 0.162960 0.026158
-0.272080 0.109543 -0.134855 -0.212483 0.162537 -0.116739 0.054856 -0.012963 0.035301 0.033629
0.095829 0.242790 -0.086559 -0.114453 -0.185224 0.020317 0.020381 -0.122580 0.066581 0.038285
-0.024465 0.053459 0.002762 -0.136209 -0.014053 -0.071576 0.016772 -0.087279 0.000256 -0.024994
0.041714 0.041248 0.046475 -0.013502 0.010296 -0.060147 0.001612 -0.073946 -0.083089 -0.171680
0.075935 0.058158 0.015090 0.050285 0.253127 0.053884 0.023890 -0.173041 -0.106848 0.065631
0.013062 -0.118596 0.067317 0.293987 0.052454 0.153429 -0.154348 -0.112671 0.020966 0.008785
0.021451 -0.189181 -0.041754 0.101537 0.263546 0.253740 -0.002452 -0.040221 -0.054139 -0.011466
-0.018246 0.107257 0.225342 -0.026840 0.073139 -0.044384 0.022166 -0.140047 0.130343 0.004029
0.059962 -0.048444 -0.033990 -0.019906 -0.028066 -0.090351 0.030466 0.099647 0.040630 -0.031564
0.046529 -0.039404 0.101435 0.032381 0.092854 -0.051918 0.125338 -0.042111 -0.082997 -0.037004
-0.138515 0.159660 -0.022856 0.000159 0.030696 0.048930 -0.158843 -0.020098 0.029353 0.035824
-0.113852 -0.080327 0.228148 -0.147303 0.068348 0.070907 -0.205304 0.048990 0.273096 -0.088115
-0.087076 0.145671 0.022678 -0.155016 0.136993 0.169109 0.028556 -0.195958 -0.218506 0.223105
-0.069090 0.020749 0.033321 -0.061413 -0.141443 -0.092565 -0.245653 0.028815 0.053180 0.064899
0.008696 -0.171631 -0.127944 0.089820 0.267904 -0.072835 -0.133433 0.164659 0.098276 0.122975
0.078547 0.047655 0.009985 0.070907 -0.075283 0.048767 0.019600 0.037141 -0.147080 -0.090711
-0.072020 -0.138031 -0.011376 0.083738 0.062859 0.083590 -0.234824 -0.084035 -0.093084 0.159022
0.171037 0.027758 0.011462 0.002688 0.031880 -0.000522 -0.122292 -0.245676 -0.045850 -0.176531
-0.167946 -0.078120 -0.007677 0.053615 0.057673 0.026534 -0.006663 -0.084598 -0.165293 0.121746
-0.040543 -0.102079 0.241930 0.015052 -0.107932 -0.018584 -0.026008 -0.076754 -0.442342 -0.083583
-0.084520 0.012331 0.164356 -0.001147 -0.069496 -0.099738 -0.066375 0.010565 0.031646 0.051703
-0.027451 0.115268 0.029129 -0.026924 -0.002480 0.020818 0.061575 -0.026476 -0.005775 0.023081
0.002268 0.075154 0.004119 0.048542 -0.023296 -0.015686 0.001511 0.000773 -0.038865 -0.010487
-0.043469 -0.029441 0.031880 0.056893 -0.052756 -0.010877 -0.039018 -0.028899 0.035134 0.054491
0.000737 -0.029203 -0.154614 0.087501 -0.219542 -0.037349 -0.177309 0.036833 0.069904 -0.001262
0.072513 -0.076822 -0.117720 0.144541 -0.041718 -0.148061 -0.052125 -0.106373 -0.089565 0.063836
0.079492 0.005173 0.142963 -0.079552 -0.101701 -0.132405 0.003398 -0.075244 -0.044661 -0.051670
-0.071542 -0.017188 -0.110135 0.002310 -0.052246 -0.045359 -0.091446 -0.002293 0.007251 0.021011
-0.005632 0.009277 0.040019 -0.046057 0.027503 0.030689 -0.038229 0.040353 0.020768 0.020009
-0.038532 -0.011120 0.005499 -0.015337 -0.051245 0.030644 -0.007198 0.058648 -0.064382 0.002865
-0.078669 0.026729 0.087985 0.015701 -0.106315 -0.207942 -0.012440 -0.090749 0.056733 -0.082876
0.020133 0.481031 0.046366 0.000707 0.055561 0.249771 -0.084379 0.150127 0.060760 0.043301
-0.090268 0.016978 0.038283 -0.216115 0.118515 0.193037 -0.066830 -0.224649 -0.033625 -0.058146
-0.086362 -0.154454 0.047628 -0.120738 -0.188109 0.034827 0.040386 0.156377 0.160103 -0.193638
-0.061331 0.089547 0.133419 0.059167 -0.025632 0.074703 -0.106675 -0.093814 0.028231 0.074162
0.022988 0.041108 0.041198 -0.052166 0.060910 -0.116351 -0.196403 0.026894 -0.072599 -0.025377
-0.234385 -0.011449 -0.018601 0.001649 0.054695 -0.029373 0.034651 0.130181 -0.248207 -0.125916
-0.041768 -0.230295 0.168990 0.278486 0.008176 -0.043767 0.189780 -0.165684 0.168883 -0.061039
0.101820 -0.073673 -0.031319 -0.252258 0.071434 -0.013441 0.013021 -0.022190 -0.131140 -0.100061
0.150118 -0.041208 -0.193832 0.100328 0.044113 -0.094410 0.112375 -0.069835 -0.021910 -0.011988
0.067596 -0.081190 0.104539 0.166751 0.120692 -0.037450 0.071381 0.002542 -0.021897 -0.000545
-0.008889 0.188501 0.003768 0.011841 -0.122931 0.245008 0.166537 0.110989 -0.098942 0.002999
-0.012214 -0.012268 -0.264199 0.061092 0.038729 0.074739 0.096543 -0.042407 -0.067719 0.173951
-0.007033 0.114063 -0.031966 -0.044836 0.033250 -0.025515 -0.049907 -0.037935 -0.002511 0.019016
0.114127 -0.054207 0.027858 -0.108799 0.207457 0.043712 -0.084408 -0.105590 -0.047885 0.025387
0.134924 -0.069388 -0.046922 -0.026590 -0.057352 -0.013295 -0.072661 0.046280 -0.043552 0.008256
-0.007811 -0.034437 -0.023686 -0.090698 -0.000758 -0.145579 0.073624 0.094742 0.086847 -0.054303
0.096989 -0.064766 -0.021102 -0.162012 -0.000466 0.031773 -0.025948 0.040407 -0.007434 0.026526
-0.184734 -0.167147 -0.036042 -0.119005 -0.060722 -0.019321 0.025467 -0.119455 0.032528 -0.101610
0.012998 0.049040 0.144900 -0.020822 0.019246 -0.083814 0.036225 -0.013137 -0.689425 -0.051562
0.183523 0.118626 0.023811 -0.160796 0.105227 -0.231998 0.128939 0.028983 0.106081 -0.018129
0.214263 -0.161321 0.012061 0.053369 -0.057146 0.001952 0.092090 0.103650 0.173276 0.003102
-0.066013 0.065028 -0.147659 -0.067327 -0.131041 -0.191799 -0.051332 -0.043877 0.138594 -0.083222
-0.062466 0.000684 0.005296 0.037407 0.140171 -0.033959 -0.009319 -0.002987 0.006979 -0.150549
-0.171699 -0.165131 -0.010707 0.015305 0.064535 0.054584 0.009179 -0.016947 -0.096950 0.045848
0.001663 -0.026783 -0.077836 0.097607 -0.032185 -0.064568 0.008913 0.179004 -0.382002 0.220176
0.263121 0.112133 0.099999 -0.149556 -0.015934 -0.052351 0.073142 -0.151465 0.044615 -0.101226
0.157600 -0.039264 -0.084662 0.096659 -0.016428 -0.325561 0.182003 -0.346283 0.039775 0.035480
-0.058691 -0.005066 0.039059 0.030777 0.361552 -0.084594 0.087048 0.210360 -0.068064 -0.025545
-0.113224 -0.109747 0.117041 0.105725 -0.254941 -0.022699 0.083912 0.192501 -0.126311 0.041990
-0.063088 -0.114110 -0.124130 -0.189774 0.090729 0.083708 0.035958 -0.026022 0.067075 -0.058111
-0.063769 0.031612 -0.158145 -0.043865 0.039638 0.041104 0.155146 -0.086571 0.057123 -0.014144
0.254289 0.073658 0.251266 0.091794 0.316711 0.023195 0.038899 -0.084763 -0.477300 -0.004234
0.016476 -0.088902 -0.018185 0.407650 0.381104 0.044451 0.002255 0.004916 -0.121428 0.070307
-0.057231 0.247981 -0.097444 -0.073395 -0.085091 -0.016033 0.007873 0.118668 0.003803 -0.236942
-0.072738 0.183193 0.091005 0.010308 -0.064623 0.073790 -0.047112 -0.149945 0.005926 -0.050431
-0.089231 -0.016213 -0.043663 -0.042809 -0.104278 -0.108221 0.127407 0.041724 -0.068402 -0.098890
-0.088902 0.159801 0.031063 -0.249032 -0.137329 -0.100927 -0.032788 0.065773 0.030324 -0.106249
-0.136409 0.015236 -0.113214 -0.071556 -0.119899 0.466420 -0.000022 0.037138 -0.094387 0.013484
0.037119 -0.092166 0.021452 0.019555 -0.047615 0.032139 0.113694 -0.089024 0.046236 0.035932
0.221412 -0.026125 0.096532 0.003601 0.080750 0.029553 -0.064853 0.150085 0.055506 0.107488
0.103045 0.042788 -0.052442 0.140202 0.002005 -0.194597 0.023329 0.060831 -0.106032 -0.021471
-0.158129 -0.076192 0.019785 -0.013436 -0.029707 -0.018512 -0.113157 0.012258 0.016625 0.066998
-0.077801 -0.016070 -0.031411 0.072169 0.106186 0.008772 0.027811 0.011320 -0.029668 0.084887
0.042367 -0.004365 -0.070637 0.053667 0.016453 -0.013972 0.014279 -0.030415 -0.089942 -0.103460
-0.127150 0.065315 0.034565 -0.099512 -0.160076 0.020997 0.196748 0.012514 -0.157666 -0.033494
-0.074818 0.036439 0.361910 -0.076491 0.089273 -0.027070 -0.031687 0.091080 0.305161 -0.104464
0.094560 -0.423477 0.017818 -0.379309 -0.008959 0.094560 0.030382 0.326576 -0.083986 -0.113699
-0.050425 -0.104598 -0.170783 -0.061133 0.102724 -0.020712 0.104598 -0.032189 -0.035301 -0.035870
0.053738 0.149234 0.106940 -0.047949 0.063107 -0.086128 0.023489 0.296595 -0.258851 -0.089875
-0.076223 -0.051797 -0.068661 -0.117781 -0.029629 -0.156194 -0.045473 -0.018788 -0.047782 0.125277
0.124340 -0.136854 -0.150854 -0.066013 0.126276 0.187948 0.140933 -0.310052 -0.109307 -0.048904
0.059643 -0.153673 0.006078 -0.134393 0.023832 0.247816 0.016546 -0.011740 -0.023691 0.033176
-0.060376 -0.142849 -0.016785 -0.248493 -0.122330 -0.131349 -0.059079 -0.152320 0.175997 -0.081459
-0.165737 -0.009492 0.028948 -0.179266 -0.017250 -0.031315 -0.180281 0.017152 0.015333 0.140594
-0.060319 0.104910 0.112577 0.041632 0.013128 0.039856 -0.047607 0.064885 -0.060094 -0.043182
0.055499 -0.101246 -0.009879 0.046761 0.034134 -0.024804 0.050877 0.072665 0.034980 0.235640
-0.176899 0.002778 -0.019872 0.031315 -0.030244 0.007702 0.175686 -0.190905 -0.000351 -0.098430
0.138216 -0.048926 -0.003637 -0.076346 -0.122748 -0.002394 -0.008189 -0.051283 0.311503 0.032838
0.115552 -0.201327 -0.004500 0.004492 -0.066172 0.083707 0.017908 -0.032073 0.118365 -0.154759
0.072127 0.006927 -0.042846 -0.101574 0.088918 -0.262371 0.006385 -0.038876 0.108025 0.084658
-0.016894 0.101987 -0.167993 -0.054881 -0.197522 -0.109101 -0.034823 0.086189 0.016739 -0.009672
0.006669 0.039207 -0.016264 -0.079117 -0.049463 -0.011745 -0.009176 0.108108 0.041916 0.066999
-0.014868 0.027958 0.088753 -0.095949 0.034327 0.064890 -0.137472 -0.069108 0.087098 0.007036
-0.023328 0.128758 -0.013016 -0.020363 -0.175153 0.099175 -0.002291 -0.032988 -0.088033 -0.004350
-0.019353 -0.171634 0.054409 0.130387 0.020738 -0.014498 0.108167 0.247221 0.022301 0.012348
0.091486 -0.124914 -0.144267 -0.068028 -0.073176 0.110774 0.028638 -0.014466 0.074023 0.085100
0.018652 0.130257 0.017121 -0.059297 0.032792 -0.064086 0.052618 -0.007673 0.016241 -0.044049
0.027237 0.000593 -0.013643 -0.070960 -0.005482 0.006365 -0.003376 -0.003775 -0.004879 -0.010190
0.037370 0.000464 0.058775 -0.001563 -0.019206 0.014971 -0.002411 -0.016535 0.051184 0.006936
0.038934 0.045189 0.065096 -0.119049 0.064530 -0.154982 -0.104516 -0.008299 0.102655 0.149467
-0.112789 0.087625 -0.133610 -0.127681 0.047053 -0.030765 -0.003357 -0.056222 -0.185316 -0.065288
0.029076 0.086316 -0.032868 -0.033627 0.282249 0.040021 -0.103827 -0.179250 -0.073837 0.029852
0.083420 -0.108515 -0.088315 0.101759 -0.114582 0.034299 0.057911 -0.077422 0.085764 -0.007911
0.035609 0.004947 0.007101 -0.001073 -0.059187 0.021389 -0.112651 -0.048122 0.029387 0.008579
0.098932 -0.059394 0.013504 -0.015072 0.085833 0.057498 0.012194 -0.015908 -0.012703 -0.017959
-0.015391 -0.093899 0.055154 -0.062531 0.038228 0.101207 0.070528 -0.024026 -0.096306 0.309830
-0.127533 -0.085006 -0.096494 -0.108403 -0.061938 -0.521010 0.043699 0.001419 -0.158666 -0.023830
0.401354 -0.056640 -0.003669 -0.320146 0.138505 -0.035048 -0.077317 0.008182 0.031414 0.036877
0.139911 -0.302141 -0.044027 -0.000877 -0.174795 -0.302516 0.110841 -0.102308 -0.021931 -0.217932
-0.054717 0.069909 -0.121532 -0.032821 0.024147 0.049747 -0.176108 -0.218494 -0.044801 0.162980
-0.001347 -0.268007 -0.150883 -0.010274 0.001372 -0.346590 -0.055514 0.011651 -0.221870 0.268382
-0.098744 -0.043441 -0.107184 0.033290 0.103902 -0.045434 -0.003121 -0.091289 -0.170482 -0.109528
0.740067 0.003089 -0.069535 -0.200342 0.075868 -0.091497 -0.061789 -0.034819 -0.153114 0.035008
-0.159448 -0.184370 -0.003599 0.046574 -0.259825 -0.320272 0.319446 -0.037418 -0.029552 -0.008653
0.122477 0.068364 0.206263 0.079862 -0.076901 0.025766 0.004703 -0.298242 0.054182 0.171152
0.155455 0.337897 0.017194 -0.008279 0.013984 0.010921 -0.064853 -0.058726 -0.134388 0.007444
0.050120 0.030705 -0.197313 0.258586 -0.057796 -0.004617 -0.231736 0.004591 -0.186711 -0.224301
-0.184645 -0.242476 0.223612 0.118484 -0.019294 -0.056247 0.063132 -0.002326 0.043924 0.119104
0.198415 -0.042822 0.027384 0.058554 0.052289 -0.048571 0.116204 0.189084 -0.052298 0.087592
-0.113302 -0.000880 0.141847 -0.002942 0.306638 -0.132939 -0.068629 -0.143736 -0.300160 0.025204
-0.267363 -0.166950 -0.002687 0.237536 -0.025643 0.051860 0.170324 -0.021459 0.016221 0.006702
-0.161822 0.046326 -0.171269 -0.041805 -0.087929 0.029658 -0.133614 -0.101560 0.067381 -0.086174
0.402732 -0.159932 -0.283964 -0.191919 0.012425 -0.193673 0.057022 -0.165331 -0.104462 0.442411
0.074635 -0.021780 -0.107769 -0.157098 -0.111683 0.084622 -0.096972 0.302589 -0.077874 -0.131927
-0.109321 0.002805 -0.259266 -0.137258 0.109591 0.060025 -0.112155 0.055065 -0.100008 -0.214862
-0.000630 -0.078505 0.020846 -0.008197 0.029218 0.260585 0.010095 0.190803 0.188241 0.068745
0.024643 0.097170 0.268149 0.037331 0.153716 0.125535 0.050293 0.026001 0.028196 -0.014098
0.068745 0.080030 -0.122912 0.165915 -0.049348 0.065817 0.015844 -0.049378 -0.045383 -0.076309
0.116324 0.031872 0.046084 0.036812 0.106503 0.033366 0.101684 0.048067 -0.020541 -0.001425
0.021868 0.001880 0.022798 0.097597 0.052916 -0.015997 0.066732 0.056393 -0.017263 -0.056118
0.002057 0.000676 0.001607 -0.012444 -0.008227 -0.039069 -0.007598 -0.000747 0.042394 0.057155
0.001992 0.090949 0.086984 0.018238 0.182582 -0.109902 -0.120348 0.173755 -0.182582 -0.088790
-0.173902 -0.101296 -0.071209 0.167281 -0.169047 0.246287 -0.184642 -0.115052 -0.128146 -0.062271
-0.099162 0.004563 -0.287924 -0.022602 -0.230251 -0.182582 -0.014133 0.356631 -0.101001 -0.064698
-0.005963 -0.108799 0.051935 -0.160219 0.197589 -0.344567 -0.216715 -0.113433 -0.061314 -0.072091
0.033765 -0.124909 0.024993 -0.204651 -0.084303 0.077829 -0.079521 -0.208476 0.005044 -0.010703
-0.162426 0.010501 0.112845 0.195382 0.192440 0.346038 -0.038620 0.346627 0.113066 0.058372
0.335445 -0.127778 0.226867 -0.039761 0.177286 0.032643 -0.206269 -0.146831 -0.071075 -0.041400
-0.023352 -0.128081 -0.094860 0.093241 0.062589 -0.073699 0.292341 0.117249 0.088495 0.040842
0.039474 -0.136344 0.074481 -0.236061 -0.140252 -0.014237 0.133664 -0.110382 -0.141816 -0.027623
0.039586 -0.071299 -0.077049 0.030122 0.099215 -0.030234 -0.071634 -0.049133 0.149855 -0.056754
0.082521 -0.079562 0.233828 -0.102956 0.162139 -0.261745 -0.026632 0.131766 -0.016513 0.023157
0.051757 -0.051003 -0.079506 -0.387704 0.210825 -0.238741 0.288098 0.167945 0.077496 -0.017224
-0.193963 -0.324947 -0.067781 -0.373857 0.079785 0.135339 -0.057396 -0.281174 0.018774 0.171184
0.039921 -0.004564 0.018625 -0.137634 -0.016559 -0.210191 0.156484 -0.124020 -0.036466 -0.226797
0.333314 -0.375203 0.078766 0.159626 0.068854 0.287835 0.111678 -0.072856 -0.032202 -0.257914
0.002906 0.108163 -0.027564 -0.084899 -0.130229 0.018878 -0.049631 0.062945 0.059916 0.067807
0.085647 -0.298158 0.148854 -0.124993 0.415595 0.293071 -0.111753 -0.051127 -0.039308 -0.061187
0.082805 -0.174586 0.004462 0.058607 0.060327 0.059130 -0.320149 0.045853 -0.151472 -0.169200
0.162767 -0.048883 0.251033 0.390163 -0.100533 -0.156334 -0.005133 -0.068742 -0.046377 -0.013137
0.057410 -0.202861 0.253875 -0.173838 -0.125516 -0.034820 0.013800 -0.038965 -0.132482 -0.012287
-0.233202 -0.294248 -0.113118 0.205100 -0.016870 0.054906 0.077577 -0.045076 -0.023173 0.158577
-0.053696 0.003435 -0.149604 -0.050773 -0.012752 -0.275356 0.038995 0.151729 -0.027394 0.059157
0.195536 0.097295 0.034183 0.147242 0.257408 -0.093458 0.015586 -0.096764 0.008339 -0.091215
-0.048677 0.037755 0.075392 0.034065 -0.026995 0.086432 0.074152 0.121737 -0.071555 0.017697
-0.108040 0.107391 -0.003155 -0.059481 -0.016014 0.053459 0.017239 0.001898 0.102727 -0.118667
-0.378555 -0.191049 0.123627 -0.091392 0.041268 -0.017343 -0.035630 0.020841 -0.033327 -0.033888
0.180459 -0.049757 -0.081598 -0.181910 -0.109450 0.167258 -0.035323 0.047146 0.152752 0.055015
0.083557 -0.019928 -0.170305 0.020218 -0.120548 -0.012466 0.072496 0.170450 0.044244 0.083049
0.122216 0.216580 0.099876 -0.038333 -0.144991 -0.227605 0.069884 -0.102197 0.023156 -0.028704
-0.048886 0.302603 -0.075868 -0.177993 0.009329 -0.182490 0.086095 -0.317109 -0.169869 -0.125190
0.099296 -0.103938 -0.116123 -0.204104 -0.014352 -0.050265 -0.115616 -0.190759 0.017453 -0.227605
-0.091245 -0.229926 0.548630 0.044970 -0.154928 -0.089577 -0.203959 0.070356 0.277507 -0.107057
-0.086530 0.337418 0.224268 -0.100964 -0.127264 0.289778 -0.069068 0.037567 0.062717 -0.219622
0.021072 -0.177735 -0.076507 -0.153358 0.157936 0.044233 0.044520 -0.039856 -0.100255 -0.251324
0.031988 -0.095906 -0.169495 0.081314 -0.226489 0.043518 0.209894 -0.022532 -0.087609 0.162971
0.117021 -0.027882 0.177163 0.177735 -0.063346 0.054190 -0.056823 0.010200 0.012024 -0.004889
0.053990 -0.104776 0.229465 0.113931 0.151527 0.072731 0.065807 -0.090584 -0.043804 0.028697
-0.003905 0.003621 -0.009821 -0.011809 -0.054476 0.052388 -0.015736 -0.055993 -0.027081 0.026165
0.204744 -0.102200 0.022989 0.029842 0.105462 -0.024034 -0.099854 0.061801 0.070064 0.102132
-0.278117 -0.001707 -0.123316 -0.108643 0.001702 -0.147027 -0.019557 -0.028472 -0.189104 0.258876
0.076186 0.153441 -0.060395 -0.291722 -0.090957 -0.084932 0.128952 -0.153052 -0.141488 -0.289195
-0.105144 0.123510 0.007574 -0.442344 0.074291 0.408527 -0.010325 0.255767 -0.117291 0.306104
0.079927 -0.144695 -0.295803 0.027452 0.023128 0.096301 -0.088819 0.087701 0.060055 0.201737
0.159174 0.060346 -0.062387 -0.086049 -0.068655 0.003377 0.199793 -0.045624 0.160048 0.023723
-0.028375 -0.054273 -0.103006 -0.025217 -0.323595 -0.093337 0.164616 -0.007537 -0.178609 0.180844
-0.018378 0.076963 0.131078 0.245403 0.197238 0.183496 -0.110071 0.054578 -0.092402 -0.038577
-0.055755 0.081866 -0.147503 0.008483 0.090570 0.121000 0.120149 0.255088 -0.141352 -0.048295
-0.012655 -0.107192 0.172240 -0.001676 0.117466 -0.069563 0.166350 0.004552 -0.061940 0.275636
-0.116812 -0.316733 -0.029726 -0.100190 -0.046201 -0.233362 -0.088803 -0.216740 0.237942 -0.168052
0.036680 0.116877 0.044467 -0.116354 -0.032001 0.018094 -0.070872 -0.130358 0.094627 -0.031592
0.142792 -0.084680 -0.074341 0.070349 -0.174465 -0.108304 -0.160722 -0.023788 -0.089588 -0.055134
-0.007149 0.030381 0.056933 0.212551 0.165172 -0.038741 0.027388 -0.029581 -0.206756 -0.152955
-0.212343 -0.169979 0.055328 0.041228 -0.040123 0.070305 0.009698 -0.061240 -0.060688 0.136971
-0.015554 0.012995 -0.067901 0.006286 -0.062345 -0.281479 -0.087783 0.144768 -0.088498 0.039051
0.140219 0.143858 -0.041812 0.125080 0.279919 -0.014652 0.021556 0.035835 0.010973 -0.044249
-0.133852 -0.152045 0.002171 -0.052826 -0.077387 -0.005742 -0.285117 -0.054483 0.354252 -0.065301
-0.115723 -0.065724 -0.001809 -0.016577 -0.039408 -0.048797 0.080051 -0.018096 0.136451 -0.112734
-0.026543 0.087069 0.059096 -0.048862 -0.107601 -0.067836 -0.006892 -0.079466 0.029045 -0.412211
-0.177171 0.062280 0.267081 -0.089967 0.051517 0.323490 -0.031198 -0.071087 -0.052639 0.130087
-0.032694 -0.006310 0.056381 -0.176941 0.022549 -0.076440 -0.099119 0.066540 -0.070512 0.063604
0.057273 -0.211938 0.053301 0.008447 -0.036090 -0.144937 0.008346 -0.067518 -0.499625 -0.057992
0.042796 0.159558 0.048408 -0.028334 -0.059115 -0.092730 0.032809 0.063547 0.026406 0.023240
-0.028564 -0.241984 0.022204 -0.009080 -0.008936 -0.034795 -0.038105 -0.059287 -0.042854 0.046307
0.032004 -0.009922 0.080124 -0.022204 0.139412 0.079952 -0.037702 -0.087434 -0.031399 -0.042624
0.101422 -0.031601 -0.059287 0.041357 0.210431 -0.060920 -0.020099 -0.009240 0.044451 -0.068882
0.018508 -0.099049 -0.036529 -0.117626 -0.364664 -0.106074 -0.292387 0.046442 0.158760 -0.098815
-0.034090 0.072277 -0.008864 0.034538 0.059320 -0.115675 -0.026206 0.393387 0.161414 0.010157
0.063418 -0.231817 0.020157 0.242120 -0.046871 -0.173590 -0.016518 -0.118250 -0.096317 0.075165
-0.016742 -0.091712 0.204967 0.015113 -0.079770 0.281771 -0.064199 -0.006356 -0.460201 -0.067555
-0.132456 -0.091790 -0.049681 0.021699 0.141978 0.120826 -0.092727 -0.085468 0.121060 -0.089058
-0.210899 0.028802 0.177493 0.171092 0.111460 -0.130192 0.042344 -0.022479 -0.064260 0.015557
0.072502 0.073337 0.273887 0.035452 0.008799 -0.075152 0.037104 0.537899 0.155822 -0.234677
0.086842 -0.090908 -0.444667 -0.169183 0.132660 -0.099186 -0.174120 -0.128593 -0.114362 -0.231192
-0.292766 -0.235258 -0.003508 0.321810 -0.068907 -0.087641 0.013133 -0.158872 -0.201422 -0.171506
0.037503 -0.101510 -0.056455 -0.068871 -0.001747 0.163955 -0.034762 -0.008232 -0.058088 -0.149433
0.027374 -0.038447 0.178332 -0.121477 -0.046180 -0.172523 0.064841 0.245279 -0.021057 0.196920
-0.136726 -0.141954 -0.002886 0.076241 0.092215 -0.136290 -0.242955 0.017281 0.033728 0.040154
-0.116467 -0.073555 0.087781 0.022943 -0.118704 -0.182830 0.025650 -0.173567 -0.197650 -0.050339
-0.180550 0.014615 -0.016477 -0.406130 0.089705 0.110866 -0.116994 -0.284576 -0.022889 0.031404
-0.174565 0.071322 0.003202 -0.113147 -0.123692 0.230853 -0.265909 -0.153475 -0.041005 0.276454
-0.058604 0.102103 0.241541 -0.101746 0.114643 -0.025722 -0.303529 0.007036 0.105095 0.018053
-0.180835 -0.133239 0.034236 0.040684 -0.132954 0.098184 -0.131458 -0.016789 -0.030424 -0.024314
0.085644 0.050232 -0.021821 -0.033844 0.036908 -0.024564 -0.152050 -0.008056 -0.108088 -0.010857
0.017902 -0.030638 0.273176 -0.030959 -0.046277 0.207768 -0.122677 -0.082305 0.266190 -0.122286
-0.108221 -0.088166 -0.037441 0.192219 -0.037083 -0.070064 -0.001096 0.153671 -0.139476 0.175420
0.081589 -0.273483 0.111737 0.264106 -0.167085 0.169169 -0.018265 0.207456 -0.070194 -0.091031
-0.117337 -0.017890 -0.040762 0.107570 -0.481330 0.141039 0.139737 -0.335993 -0.008384 -0.110826
-0.143644 0.249651 0.014757 0.077031 -0.009360 -0.052873 -0.094938 -0.131988 -0.037441 -0.098975
-0.086017 -0.014154 -0.066287 -0.329482 0.195215 0.007773 0.037116 0.049422 0.022823 -0.025753
0.120658 -0.067459 0.064431 -0.097021 0.063715 -0.040436 -0.104509 -0.088296 0.028488 -0.077747
-0.114830 -0.226664 -0.025573 0.164423 -0.178402 -0.010852 -0.031037 -0.157433 0.055140 -0.049538
0.096024 -0.242529 0.113165 -0.022827 -0.082211 0.094582 -0.160096 0.002484 -0.071671 -0.000931
-0.231212 -0.104567 0.159652 0.083543 0.230991 -0.121264 -0.065015 -0.073280 -0.056056 0.303771
-0.301331 0.156656 0.054780 -0.076719 -0.014562 -0.066457 -0.247189 -0.042964 0.119933 0.035974
-0.090144 0.086760 -0.031953 -0.084097 0.198927 -0.012010 -0.042936 -0.071782 -0.144341 0.145562
-0.035808 0.066679 -0.019221 -0.042382 0.120932 -0.047208 0.015408 -0.100018 0.066623 -0.030538
0.097799 0.050286 -0.091475 0.024991 -0.018038 0.134662 -0.055481 0.095247 -0.145206 -0.138377
-0.077122 0.044636 -0.218913 0.119297 -0.075666 0.074812 -0.046469 -0.017385 0.061808 0.080737
-0.044661 -0.026812 -0.277758 0.050636 -0.038561 0.053021 0.049080 0.013343 -0.000036 -0.171013
-0.113172 -0.046067 0.154143 0.120804 -0.130444 -0.086310 -0.276754 -0.061055 0.049356 -0.029900
-0.090076 -0.030101 0.020285 -0.083197 -0.048703 -0.151030 0.046594 -0.050711 0.016105 0.058293
-0.394043 0.113774 -0.319332 -0.072854 -0.184268 -0.003521 0.077222 0.031783 -0.103130 0.065172
0.024615 -0.212888 0.064419 0.022845 -0.054176 -0.041423 0.108452 0.098310 -0.356897 -0.149479
-0.106374 -0.077868 -0.049093 -0.096022 -0.040402 -0.105987 0.023001 0.045114 -0.226034 0.021456
0.053612 -0.179221 -0.094323 -0.165470 -0.011346 -0.043415 -0.159290 -0.041522 0.068869 -0.004736
0.074469 -0.029838 -0.003018 0.196370 -0.007546 0.064156 -0.004729 -0.064272 0.022036 0.183701
-0.057590 0.058633 -0.055775 0.010661 -0.035960 0.001018 -0.055968 -0.126536 -0.086289 -0.023600
-0.051487 -0.026960 0.093164 0.038239 0.010612 -0.033816 -0.005620 0.004594 -0.071457 -0.039861
0.062727 0.064890 -0.023040 0.016367 0.085207 0.037775 0.055079 -0.022518 0.051101 -0.025666
-0.050599 0.047972 0.241307 0.095749 0.039635 -0.052212 -0.460143 0.039916 -0.016088 -0.015456
-0.249795 0.260656 -0.173646 -0.090506 -0.061294 -0.110042 0.021596 0.106609 -0.257910 -0.132325
0.083577 -0.186629 0.162161 0.119093 0.199736 0.132950 -0.000018 -0.094688 0.015776 0.078833
-0.154421 0.035921 -0.042413 0.076711 -0.129329 0.107109 -0.128580 0.139316 -0.110292 0.094625
-0.013638 -0.089132 -0.089008 0.099369 -0.015292 -0.073153 0.050652 -0.089507 0.070844 0.075088
-0.063011 -0.100430 0.030132 -0.056831 -0.145308 -0.004162 0.116409 0.016338 0.100368 0.170400
0.225203 -0.010697 0.078833 0.022392 -0.028384 -0.058423 -0.007501 0.033147 0.004412 0.104168
-0.035626 -0.088221 0.127271 -0.035702 0.102225 -0.079429 -0.038232 -0.049835 -0.128600 0.097983
0.142502 -0.109075 -0.117764 0.069769 -0.061284 0.015666 0.076107 -0.205882 0.165503 0.197295
-0.134835 0.106621 -0.112755 -0.063993 -0.053259 -0.041555 -0.110710 -0.336935 0.018797 0.154463
-0.071098 -0.020356 -0.075800 -0.015986 0.036367 -0.042117 0.063175 -0.075136 0.117355 0.035140
-0.110710 0.029339 0.096041 0.060977 -0.039433 0.076669 -0.270897 -0.191264 0.071302 0.024087
-0.013353 0.043344 -0.047535 -0.069053 0.043625 0.037977 0.011379 -0.027499 0.090572 0.125737
0.067480 -0.110037 -0.131469 -0.066488 -0.035093 -0.074157 -0.038311 0.056833 -0.025814 -0.117706
-0.000809 -0.068405 -0.038996 0.155297 -0.047418 -0.124690 0.044097 -0.045740 0.036633 -0.401527
-0.027201 0.155023 0.098259 -0.040433 0.063612 0.074157 -0.081757 0.080525 0.341819 -0.035675
-0.137426 -0.239930 0.003610 0.086961 -0.060154 -0.272524 0.123868 -0.062790 -0.040913 0.041084
0.010750 -0.044782 -0.274167 -0.028160 -0.147354 -0.278686 0.065358 -0.028759 0.015013 -0.012086
0.018710 0.040844 0.020234 -0.103874 0.218430 0.166527 -0.127223 -0.036565 -0.035914 -0.011469
-0.093877 0.058031 0.009184 0.304843 -0.014643 -0.036119 0.098463 0.067590 -0.070857 -0.172909
-0.067314 -0.122573 0.199319 0.065059 0.048496 -0.012595 0.015276 0.088525 0.013309 -0.133800
-0.046195 -0.103249 -0.065474 -0.189749 0.062989 -0.187541 -0.048818 -0.089997 0.218460 -0.060044
-0.117236 0.033197 -0.240913 -0.155057 0.028251 0.074814 0.002452 0.055719 -0.029309 0.068372
-0.041364 -0.058940 0.007966 0.046057 -0.098831 -0.024156 -0.200424 -0.160486 -0.013251 -0.070489
-0.109506 -0.057698 -0.066624 0.066118 0.087329 0.007563 0.173645 -0.116684 -0.116408 0.008132
-0.050060 -0.133892 -0.104261 -0.014977 0.041985 -0.184504 0.121193 -0.126806 -0.175802 -0.198778
0.026915 -0.009133 -0.104378 -0.026029 0.642813 0.064826 -0.229107 0.011505 -0.023633 0.088492
0.028179 0.025750 0.165299 -0.168975 -0.147574 -0.015919 -0.182892 -0.097420 -0.084028 -0.031822
-0.057671 0.098470 0.136020 -0.311954 -0.041193 0.093809 -0.080877 -0.008780 0.123613 0.061281
-0.024486 -0.011406 -0.012489 0.049432 -0.052124 0.149806 -0.020186 -0.043360 -0.097157 -0.144160
-0.118886 0.127158 -0.162673 0.016338 0.018283 -0.196415 -0.076150 -0.190376 0.021975 0.027358
0.042441 0.012268 -0.096041 0.040077 0.022861 -0.038075 0.015739 -0.033874 0.090067 0.106939
0.021631 -0.006770 -0.164864 -0.066900 -0.046652 -0.057469 0.032451 -0.048067 0.021731 0.024020
-0.070450 0.113053 0.419816 0.017238 -0.272481 -0.174184 0.066345 -0.052227 -0.013736 0.087147
0.091585 -0.052255 -0.090365 -0.009853 -0.161203 0.299995 -0.251845 0.257614 0.153881 -0.003004
0.004330 -0.073834 0.109170 -0.062517 -0.125257 0.016434 -0.116825 0.099296 -0.301326 -0.111832
-0.078771 0.102790 -0.232319 0.104288 -0.079603 -0.043990 -0.090864 0.064237 -0.085649 -0.029844
-0.144894 -0.052172 0.155767 0.017224 -0.055999 0.010054 -0.079825 0.042631 0.009000 -0.192822
0.034920 -0.037971 -0.011289 -0.248739 -0.024449 0.013466 
