0.008264 0.000941 0.037465 0.070868 -0.006723 -0.020017 -0.069028 -0.027326 0.039271 -0.025347
-0.015686 -0.000427 -0.009948 -0.030017 -0.046528 0.027101 -0.039653 0.007131 -0.019010 0.012014
-0.040139 -0.033941 0.032917 -0.060868 0.002102 0.137292 0.119653 0.066528 0.043507 0.045347
0.089028 0.004199 0.061493 0.012908 0.029757 0.058368 -0.031198 0.027760 0.034427 0.043299
0.067187 0.138125 0.043785 0.028681 -0.024184 -0.019080 0.058194 -0.017795 -0.070764 0.013021
0.096875 -0.008134 -0.009523 0.046910 -0.049167 -0.034896 0.006593 -0.067257 -0.227500 -0.092014
-0.029705 -0.016701 0.049375 -0.030399 -0.128889 -0.005156 -0.011780 -0.065590 -0.143194 0.022622
0.042500 -0.113403 -0.002639 -0.051458 -0.048472 0.006636 -0.096042 -0.045660 -0.053958 -0.049583
0.043819 0.008481 -0.040764 -0.048750 0.076528 0.177083 0.093472 0.087986 0.039097 -0.054965
0.018507 0.010321 -0.054826 0.009627 0.147222 0.013733 -0.031163 -0.055347 -0.055312 -0.006536
0.055556 -0.048125 -0.017752 0.052535 0.045069 0.009878 0.059097 0.065486 -0.012891 0.009618
0.009800 0.042674 -0.022309 0.032031 -0.034948 -0.058646 -0.025434 0.017630 -0.008594 -0.000549
0.012552 0.067257 0.071181 -0.014132 -0.033594 -0.005981 -0.024028 -0.024618 0.043229 -0.004249
0.022917 0.075556 0.011953 0.081250 0.058750 -0.013845 -0.015625 -0.017865 0.068819 0.002530
-0.026319 -0.014948 0.069201 -0.036181 -0.062778 -0.027691 0.017361 0.048576 -0.007721 0.026024
-0.044514 -0.065174 -0.061979 -0.021944 0.020382 0.036424 -0.027674 -0.015052 0.126111 -0.030243
0.018854 0.005135 -0.001784 -0.067292 -0.028264 0.042083 -0.005629 -0.038368 0.007331 -0.044201
0.045556 -0.004714 0.046979 -0.059861 -0.008307 -0.023715 0.089097 -0.031285 -0.161805 -0.085556
0.063576 0.110417 0.047951 -0.061042 0.005755 0.098194 0.028021 0.062604 0.072569 0.016250
-0.062326 -0.011866 0.040903 -0.055729 -0.000465 0.090139 -0.068194 -0.024844 0.060486 0.007565
-0.036076 0.000152 -0.000933 -0.043889 -0.023281 -0.009479 -0.088958 -0.047361 -0.021215 0.011840
-0.004149 0.057812 0.055972 -0.001495 0.047153 0.078403 -0.025937 -0.018698 -0.013299 -0.034271
-0.045035 -0.017292 0.016120 -0.063819 -0.036181 -0.023316 -0.018594 0.000730 0.033837 -0.057882
0.016953 0.038264 0.013142 0.081736 0.026476 -0.002365 0.010495 -0.020365 -0.087708 -0.006029
-0.066111 -0.075208 0.014549 -0.001824 0.057014 0.022812 -0.044757 0.005768 -0.020382 0.004056
0.044931 0.019479 0.006584 0.017682 -0.006354 0.036840 -0.024271 -0.131389 0.059410 0.040312
-0.100000 0.026580 0.068299 0.048299 0.010564 0.073056 -0.013924 -0.029375 0.033420 -0.059826
0.019983 -0.039410 -0.051319 0.040799 -0.028177 -0.036528 0.021962 0.046319 0.053750 -0.026944
-0.015929 -0.049618 0.029566 0.063125 -0.069271 0.000016 0.034687 0.001280 -0.161174 -0.015458
0.041242 -0.090834 0.181163 -0.001337 -0.027263 0.067746 -0.018581 -0.009480 -0.257195 0.034316
-0.055158 -0.019989 0.134480 -0.005507 -0.052439 0.034727 -0.061642 -0.008785 0.021159 -0.003685
0.002204 -0.003064 0.021428 -0.001029 0.143336 -0.163325 0.302360 0.094187 0.031137 0.021950
-0.012604 0.013861 0.020542 0.025666 -0.095326 0.103422 0.077677 -0.022060 0.084066 0.042634
-0.056044 0.019245 -0.021364 0.113543 -0.044658 -0.047536 0.150168 -0.335252 0.027089 0.083750
-0.067999 -0.039376 -0.110697 0.262129 0.025096 -0.041970 0.195838 -0.018597 -0.097476 -0.171421
-0.075590 0.080144 0.017269 0.002244 -0.068316 -0.017996 -0.065722 -0.007516 0.053799 -0.086343
0.040894 -0.034664 0.042286 -0.021934 -0.037415 0.139667 -0.110570 -0.099121 0.050699 -0.038965
-0.099184 0.063382 -0.052565 0.062844 -0.039629 0.005333 0.123095 0.007844 0.121576 -0.019309
-0.018439 0.020257 -0.309950 -0.052312 -0.091530 -0.042602 -0.039724 -0.054494 0.074641 -0.034854
-0.010872 -0.144348 -0.024053 0.068632 0.047315 0.126131 -0.170915 0.051806 -0.071478 -0.038428
0.140047 -0.031517 0.062781 0.212284 0.032387 -0.021032 -0.099121 -0.119362 0.070213 0.147258
0.016170 0.022598 0.229490 0.151939 -0.073629 -0.000827 0.121513 -0.026377 -0.172307 0.183187
-0.002463 -0.049813 0.097413 0.026251 -0.183313 0.051932 0.029509 -0.076159 -0.023831 0.002013
-0.039408 0.076729 0.073313 0.051932 -0.110950 0.053672 0.167500 -0.090392 0.063730 0.070656
-0.009812 0.067999 -0.092289 -0.044880 -0.018138 -0.244797 0.133974 0.075274 -0.053704 -0.019941
0.061452 -0.006713 0.080903 0.064141 -0.092606 0.011109 0.114239 -0.074325 -0.074894 0.076033
-0.095389 -0.004705 -0.008935 0.040135 -0.061010 0.006776 0.112657 -0.139035 -0.016636 -0.085458
0.062686 -0.004546 -0.067430 0.008737 0.011892 0.017458 0.073882 -0.082611 0.001530 -0.039440
0.035676 -0.027563 0.157758 0.093807 -0.197230 -0.099437 -0.095832 -0.070530 0.093491 -0.050889
-0.156493 -0.036024 0.025776 0.061674 0.060725 -0.026567 -0.085205 -0.063508 -0.129420 0.014628
0.023610 -0.064678 0.069960 -0.032450 -0.088431 -0.071668 -0.065975 -0.166867 -0.049972 -0.087545
-0.045449 0.055285 0.065153 0.019356 0.068063 0.076855 0.118287 -0.036055 -0.042160 0.046398
-0.019008 -0.065090 -0.021807 -0.120944 0.068126 -0.011338 -0.004003 0.033177 0.047188 -0.165602
0.041527 -0.055127 -0.131824 0.098678 0.000730 -0.118287 -0.107154 0.003702 0.091214 -0.035233
-0.041337 -0.137011 -0.091657 -0.079955 -0.132583 -0.037068 -0.054273 -0.057594 0.011275 -0.103738
0.077804 0.109684 0.021032 -0.037953 -0.128028 0.028670 0.017016 -0.094819 0.020463 -0.122335
-0.005345 -0.012256 -0.204441 -0.075400 0.081156 0.006847 0.033019 0.035423 0.043773 0.050225
-0.009449 0.038554 0.078373 0.112974 0.171928 -0.025998 0.002348 -0.024866 0.041034 0.053719
0.084961 0.044124 0.021876 0.046008 0.008709 -0.012707 -0.005222 -0.055428 0.000431 0.052361
-0.018217 -0.000707 0.046621 -0.026553 -0.019542 -0.004132 -0.021678 0.039654 0.039939 0.052405
0.062439 -0.023573 0.020046 -0.025633 0.128033 -0.062921 -0.059766 -0.066426 -0.074795 -0.038493
-0.019630 -0.042612 -0.000272 0.073525 0.091752 0.022292 0.016475 0.016114 0.008446 -0.080404
-0.107001 -0.031417 0.049776 0.104196 0.033827 0.012444 0.044452 0.041166 -0.096134 0.027210
0.013824 0.008002 -0.017483 0.023705 0.077337 -0.007925 -0.017614 0.068135 -0.009185 0.025260
0.085092 0.063491 -0.043948 -0.059635 0.044386 -0.028744 -0.072342 -0.006123 -0.016815 -0.036324
-0.047673 -0.015665 0.043904 -0.080272 0.067785 0.166942 -0.012521 0.000090 -0.035141 -0.092804
0.011743 0.103846 0.022741 -0.027802 0.149854 0.061431 0.124527 0.198403 0.048242 0.033367
-0.090087 -0.064367 0.026750 -0.078564 -0.063052 0.015172 0.087677 0.127507 0.019400 0.014547
0.083778 -0.014405 -0.034615 0.000376 -0.005365 -0.009541 0.040092 -0.101305 -0.059854 -0.074795
-0.098851 -0.001505 -0.058495 -0.000527 -0.020024 -0.011327 0.024713 -0.051090 0.049995 -0.030102
-0.059591 0.050346 -0.094294 0.004886 -0.028196 0.058364 0.006989 0.023267 0.018819 -0.005354
-0.004264 0.072648 0.105511 -0.034133 0.039107 -0.018469 0.005138 0.062176 -0.063578 -0.005113
0.019389 0.002439 -0.010878 -0.043094 0.045482 -0.080492 -0.000208 0.233281 0.054070 -0.040202
0.008610 0.024099 0.063710 0.052843 0.050915 0.038866 0.053062 -0.026684 -0.086056 -0.172025
-0.061344 -0.014460 -0.040092 -0.048505 0.061782 0.124002 0.022325 -0.021459 0.073481 0.033016
-0.019006 0.037748 0.004384 0.010226 -0.006534 0.014317 -0.102093 -0.037989 -0.061738 -0.089693
-0.195598 -0.125491 0.010867 -0.178773 -0.094732 -0.024713 -0.064937 -0.012411 0.000830 0.053544
0.006304 -0.066602 0.073744 -0.028569 0.059635 0.053457 -0.025392 -0.004617 -0.047936 -0.077906
-0.053237 -0.105073 -0.127770 -0.051572 0.013386 0.069537 -0.041144 -0.025742 0.045964 -0.138461
-0.028788 0.037157 0.013244 -0.033476 -0.047059 -0.060336 0.006945 -0.020079 -0.068617 -0.042721
0.060555 0.037770 -0.014569 0.024187 0.010664 -0.044540 0.002611 -0.003730 -0.046621 -0.067171
-0.082376 -0.324420 -0.187887 0.031417 0.119094 0.033586 0.027342 0.293222 0.052317 0.069099
0.146173 -0.019411 -0.024800 0.002181 -0.031439 -0.033213 0.028678 0.035316 0.023464 -0.007580
-0.012093 -0.009749 -0.068880 -0.026597 -0.034550 -0.137585 -0.024384 -0.001388 -0.018611 -0.042239
-0.034506 -0.048111 0.029861 -0.046796 -0.023771 -0.012104 -0.043554 -0.067960 -0.052668 -0.035733
0.024165 0.004782 -0.046446 0.044255 0.012805 -0.016026 -0.064148 -0.046183 0.039457 -0.001240
-0.018633 -0.017844 -0.018502 0.037814 0.044850 0.021090 0.122757 -0.030759 -0.129535 0.031455
0.002021 0.016192 -0.011253 0.106228 0.070432 -0.020347 0.025861 0.087285 -0.050236 -0.033591
-0.001789 0.041786 0.012048 -0.075446 0.024166 0.017921 0.176985 0.049539 -0.051628 0.045546
-0.093368 -0.001534 -0.074935 0.023446 -0.013232 -0.154607 -0.025350 -0.004324 -0.033777 0.039278
0.013696 0.052836 0.001603 -0.107807 -0.035657 0.024468 -0.080043 -0.018664 0.049400 -0.155999
-0.068946 -0.023284 -0.068389 0.047914 0.028112 -0.016854 -0.006703 -0.039743 0.029784 -0.058500
-0.044269 -0.069735 -0.123592 -0.091789 0.074146 -0.032941 -0.033103 -0.014137 -0.014834 -0.028182
0.051536 0.046196 0.035286 -0.068714 -0.042830 0.022970 0.077210 0.003079 -0.044711 0.012129
-0.027045 0.016064 0.088400 -0.104185 -0.063653 -0.040602 -0.001832 0.026232 0.022448 -0.127492
-0.016331 -0.011526 -0.010812 0.030155 -0.041716 0.008525 0.003363 -0.004570 0.059660 0.007098
0.036911 0.085243 0.024677 -0.066810 -0.130092 0.047589 -0.086125 -0.096942 -0.090210 -0.108271
0.043921 -0.018374 0.041809 0.011572 0.088214 -0.085335 -0.118021 -0.043712 -0.090535 -0.090675
-0.060775 0.049864 0.011445 -0.004010 0.042528 0.050421 0.028948 0.031061 0.079160 0.036841
0.024630 -0.056410 -0.077164 0.018119 -0.023609 -0.059800 -0.022042 -0.039302 0.016192 -0.035053
-0.042018 0.049168 0.066578 0.018328 0.054275 0.017817 0.013673 -0.003105 -0.081157 0.056875
-0.034450 -0.033498 -0.133064 -0.049911 0.017387 -0.062168 -0.017318 -0.004591 0.109942 0.073171
-0.082828 0.040811 0.039928 -0.026534 0.028577 0.002899 0.057478 -0.013104 0.045036 -0.127121
-0.122107 -0.109757 0.019674 0.091418 0.017863 0.029087 0.115328 0.029111 0.036423 -0.100935
-0.049864 0.005293 -0.139564 0.012745 -0.014161 -0.002433 0.010795 -0.040787 -0.004254 -0.119042
-0.112542 -0.024607 0.009518 0.136592 0.012942 -0.043341 -0.025025 0.215242 0.054368 -0.057060
-0.006645 0.085568 -0.020289 0.063700 -0.023760 -0.066114 0.071593 0.123500 0.008943 -0.008653
0.019036 0.001519 0.110035 -0.015136 0.025025 -0.096200 -0.025211 -0.052882 -0.062353 0.022901
-0.054368 -0.032825 -0.010168 -0.049446 -0.008462 -0.060821 0.010417 0.004718 0.030295 0.031664
-0.057757 0.005618 -0.023028 0.100378 0.132507 0.046962 0.000225 -0.011967 -0.010092 0.020289
-0.010383 0.075585 -0.012942 -0.017933 0.051675 -0.001171 -0.072057 0.039650 0.090628 -0.018537
-0.008520 -0.124150 -0.119042 0.003740 -0.044177 -0.099357 -0.054971 0.079903 -0.094714 0.032778
0.056410 -0.016691 0.017631 0.063050 0.045825 0.014695 0.036423 -0.094575 -0.054600 -0.036052
-0.013511 -0.019210 0.146249 0.076885 -0.027416 -0.063514 0.004640 -0.033545 -0.034775 -0.046777
-0.011967 0.040300 0.041182 -0.000908 0.002265 -0.027184 0.012721 -0.050421 -0.043202 -0.010609
-0.062910 -0.015704 -0.100529 -0.026749 -0.004944 0.001961 0.035714 0.021942 -0.013750 0.036291
-0.050207 -0.000017 0.065133 0.075873 -0.172187 -0.025580 -0.056010 -0.027399 0.045154 0.026345
0.032220 0.011563 -0.043133 0.240439 0.259378 0.256376 -0.225888 -0.123453 -0.184429 -0.088172
0.022173 -0.035858 -0.076162 -0.015937 0.034876 -0.087480 -0.018795 0.051535 -0.054538 -0.049341
-0.022043 0.078529 0.154865 0.342065 0.003898 -0.010329 -0.066577 0.155904 0.045847 -0.037619
-0.225310 -0.019474 0.064845 -0.056414 0.059532 0.105264 0.016067 0.059590 0.106765 -0.184660
-0.041892 -0.058637 0.050265 -0.012025 -0.022563 -0.028207 0.039409 -0.023371 0.158560 -0.005089
-0.112424 0.041777 -0.017568 -0.020123 -0.063632 0.008661 0.056068 0.008387 0.047580 0.061726
0.018579 -0.012292 -0.039467 -0.005092 0.017871 -0.004840 -0.190665 -0.051795 -0.143663 -0.025176
0.040477 -0.066346 -0.168954 -0.058551 -0.029853 0.093658 0.074314 0.123568 0.027760 0.071081
0.109422 -0.006832 0.006507 0.036176 -0.152671 -0.101569 -0.153017 0.010430 0.040737 0.149090
-0.076047 -0.036204 -0.050871 0.067732 0.002182 0.148167 -0.096603 -0.116466 0.011281 -0.018348
0.005919 0.013006 -0.071196 -0.029910 -0.038427 0.055750 0.057742 0.028669 -0.043133 -0.007947
-0.035685 -0.023804 0.039900 -0.076451 0.011050 0.009506 -0.051419 0.006492 0.021538 -0.014883
-0.042527 0.028265 0.082745 -0.098970 -0.067847 -0.048734 -0.005529 -0.077028 0.077606 0.188586
-0.097238 -0.205216 -0.042931 -0.053643 -0.095044 -0.000216 0.023054 0.012797 -0.050120 0.011989
0.036060 0.057309 -0.035136 -0.038399 -0.092330 -0.120104 -0.087422 0.075065 0.022361 0.246906
-0.073564 -0.072640 0.129343 -0.037735 0.013064 0.041690 -0.012003 -0.004194 0.031152 0.138350
0.093196 0.133962 0.108960 0.032682 0.034761 0.193206 0.191935 0.270927 -0.081821 -0.057078
-0.053556 0.091695 0.067270 0.057915 -0.157405 -0.188471 -0.356385 0.016760 0.037879 0.077663
-0.026157 0.030690 0.040275 -0.040477 -0.080262 -0.018016 -0.050467 -0.036002 -0.003434 -0.025998
0.050120 0.049312 -0.111847 -0.001241 0.051246 -0.015359 -0.009340 -0.019430 -0.000571 0.002147
0.001201 0.002712 -0.005493 -0.083842 0.109710 0.049889 -0.056847 -0.000743 0.000576 -0.028943
0.081532 -0.026475 -0.175998 -0.028554 -0.052979 -0.079338 0.161794 -0.022722 0.118141 -0.037071
-0.037619 0.037273 0.073506 0.042643 0.021653 0.028308 0.048908 0.034270 -0.027456 0.032971
0.018838 -0.043884 -0.081590 -0.136387 0.117448 0.001340 -0.022173 -0.205562 -0.067847 -0.080781
0.145626 0.096718 0.095159 0.038254 0.039322 -0.025854 0.161216 0.071427 -0.093542 0.093773
0.044548 -0.043769 0.076566 -0.021538 0.031094 0.134770 0.082456 0.056241 -0.023025 -0.034472
-0.082687 0.080781 0.096372 0.038341 -0.304648 -0.089096 -0.137542 -0.009058 0.014082 -0.146319
0.106309 -0.047710 -0.072176 -0.017398 0.347895 0.093814 -0.167944 -0.033418 0.153146 0.062682
-0.036367 -0.072804 0.304897 -0.042545 -0.030730 0.133462 0.047431 0.049106 0.027572 -0.050851
-0.053189 0.142606 -0.043906 -0.133392 0.127040 -0.103447 -0.125923 0.098770 -0.222530 -0.027031
0.039508 -0.150075 0.076434 -0.089068 -0.034919 0.115313 0.102191 -0.058285 0.120269 0.234815
-0.038287 -0.052038 0.019876 -0.033994 -0.036646 -0.094163 -0.129972 0.026350 0.025321 0.024710
-0.013769 0.017992 -0.016543 -0.054551 -0.079854 -0.105332 -0.021918 0.007251 -0.031376 -0.043766
-0.072664 0.078458 0.021551 0.044953 0.247100 -0.110707 -0.037903 0.137929 -0.048687 0.063415
0.258548 0.070082 -0.065405 -0.091930 0.033313 0.072385 -0.171016 0.071303 0.149656 -0.035337
0.036088 -0.097025 0.064183 -0.008520 0.019422 0.091581 -0.117268 -0.058774 -0.078318 -0.048931
0.061845 0.103238 0.045895 -0.111056 -0.256454 0.196005 -0.053189 -0.208849 0.044045 -0.084112
-0.100446 -0.063311 -0.116360 -0.088789 0.001809 0.039020 0.037798 0.110497 0.022407 -0.119851
-0.041044 -0.009048 -0.044220 -0.080412 0.124109 -0.023244 0.050258 -0.093884 0.004114 0.020644
0.072734 0.015435 0.049769 0.146026 -0.024082 0.009092 0.023523 -0.191398 -0.021674 0.017608
-0.322766 0.051444 -0.052352 -0.305734 0.101423 -0.011631 -0.059541 -0.150633 -0.088649 0.299871
-0.061391 -0.026158 0.131857 -0.071373 -0.034866 0.022581 -0.043836 -0.002892 0.113917 -0.092837
0.162639 -0.015828 -0.128925 -0.040450 -0.000582 -0.138907 0.119641 0.025356 -0.167944 -0.035704
-0.031149 -0.047989 -0.109171 0.077411 0.049874 0.034639 -0.008721 0.029666 -0.052945 -0.001299
0.080482 0.157614 0.113150 -0.111893 0.027554 -0.112801 0.003619 -0.234536 -0.099748 -0.043487
0.086974 -0.087044 0.025234 -0.076085 0.138069 0.060414 0.001362 -0.061950 -0.057203 -0.043941
0.158032 0.063590 0.000116 -0.112521 -0.049420 0.097793 -0.006068 0.011744 -0.015644 -0.162500
-0.049525 -0.152309 -0.067953 -0.026647 0.065509 0.082925 -0.006575 -0.029788 0.129763 0.078807
0.085578 0.158870 0.021237 -0.011753 -0.062508 -0.027712 0.011142 -0.117896 0.020766 0.040869
-0.120758 0.022354 0.006841 -0.079784 -0.101493 -0.076713 -0.091022 0.048094 0.013524 0.101772
-0.013559 -0.007595 0.080412 -0.014275 -0.054446 -0.174645 0.053399 0.023890 0.039473 0.093047
0.068092 0.073990 0.079714 0.032825 -0.153007 -0.029945 -0.118455 0.034849 0.032615 -0.086136
-0.037309 -0.055388 0.096955 0.070500 0.131857 -0.125993 -0.097584 -0.010462 -0.018777 -0.046872
-0.086066 0.116360 -0.014039 -0.002253 -0.159847 0.125923 0.079644 -0.020400 0.044953 0.126901
-0.121386 -0.010165 0.004273 0.002783 -0.182044 0.010854 0.080552 -0.023192 0.023419 -0.002727
-0.176041 -0.093954 0.017128 -0.181067 -0.047012 0.044534 -0.066347 0.024850 -0.026266 -0.020477
0.032769 0.013133 -0.016370 0.048098 0.050985 0.021653 0.004025 -0.006734 -0.028870 0.009152
-0.023275 0.054020 0.010514 -0.005305 -0.010975 0.016876 -0.012002 -0.004632 -0.079349 -0.016891
-0.077206 -0.017784 -0.051878 -0.071908 -0.041222 -0.020418 0.075956 -0.019316 -0.039258 -0.114827
-0.062920 -0.068158 -0.075718 -0.051431 -0.006407 -0.021430 -0.024242 -0.003157 -0.049764 0.038216
0.032472 0.049794 0.032383 0.027323 0.018245 0.002898 0.018453 -0.064051 -0.001174 0.025611
0.027769 -0.002677 0.013885 -0.022590 -0.042710 0.021087 -0.016772 -0.022814 -0.013386 -0.017605
0.023141 0.030314 -0.030954 0.081552 0.054913 0.030954 -0.021102 -0.002076 -0.015626 -0.015983
-0.000838 -0.075480 -0.074766 0.010291 -0.074289 -0.012850 0.011630 0.005945 0.048604 -0.058455
-0.111970 -0.037591 -0.034704 0.008840 -0.054080 0.017456 0.024510 -0.025373 -0.009122 0.061491
-0.010149 -0.005439 0.114291 0.009227 0.004840 0.022189 0.021340 0.026088 0.068218 -0.037472
0.029436 0.006180 0.004409 -0.014227 -0.032025 -0.007642 -0.006946 0.012039 -0.006998 -0.039466
-0.067384 -0.030403 0.004680 0.027353 0.006712 -0.037502 -0.127863 -0.038454 -0.025358 0.054169
-0.018304 0.033335 0.084885 0.049883 0.029853 0.056253 0.019242 -0.058277 0.025195 0.013193
0.016385 0.073396 0.061670 0.000041 -0.036847 0.013386 -0.015328 -0.068099 -0.018111 -0.015388
-0.012389 -0.022144 -0.034793 -0.007359 0.087207 0.038663 -0.054407 -0.044585 -0.005171 -0.071789
-0.044764 -0.032174 -0.085361 -0.013803 -0.007032 0.016712 0.028126 0.013535 0.045151 0.069765
-0.002569 -0.046371 -0.082980 -0.039734 -0.022382 -0.034406 -0.037532 -0.023334 -0.063039 -0.052532
-0.066729 -0.023245 -0.024629 0.011868 -0.008185 0.039883 0.039109 0.073635 -0.054407 0.019941
-0.037799 -0.101672 -0.102505 -0.094588 -0.027606 -0.031311 -0.020849 -0.006228 -0.062384 -0.001677
-0.033246 -0.014911 0.036252 -0.005588 0.031936 0.046342 0.042115 0.106612 0.022323 0.026668
0.009911 0.035954 -0.005346 -0.034317 -0.023320 0.066848 -0.035686 -0.025180 0.035508 0.015217
0.002106 0.048008 0.017605 0.036430 -0.000223 -0.009591 0.043068 0.032472 0.008669 -0.002329
-0.036133 -0.036787 0.002666 -0.005268 -0.045478 0.021177 -0.013118 0.032978 0.068813 0.009554
-0.021608 0.007169 -0.030626 -0.014711 -0.013580 -0.029972 -0.032769 -0.004584 -0.003614 -0.042323
-0.002104 0.044288 0.183104 0.087326 -0.035835 -0.068277 -0.025314 -0.025046 -0.052622 -0.011310
0.021474 0.013922 0.025016 0.051520 0.085480 -0.005584 -0.031638 0.036043 -0.018171 -0.032204
0.056967 0.025403 0.009048 -0.005406 0.023617 0.014815 -0.001130 0.047592 -0.054080 -0.089052
-0.010134 -0.044466 -0.064110 -0.050776 -0.009971 -0.005112 0.006377 0.064884 -0.019748 0.016787
0.000444 0.022635 0.023186 -0.034109 0.008200 -0.030165 0.042289 0.149971 -0.027153 -0.010663
-0.053635 -0.069003 -0.032310 0.038034 0.116965 0.050360 -0.042624 -0.045822 -0.073232 0.001797
0.087466 0.025606 -0.004899 0.093655 0.058637 0.028494 0.010205 -0.067353 -0.152756 -0.063846
-0.049561 0.016374 0.156985 -0.072252 -0.049380 -0.070912 -0.158017 -0.116140 -0.068591 -0.029783
-0.190610 -0.055904 -0.031923 0.063898 0.096698 0.009431 0.091747 0.035843 -0.079421 0.091643
-0.073026 -0.005425 -0.025335 -0.084527 0.052861 -0.009038 -0.024265 0.083856 0.134500 0.053635
0.077100 0.034192 0.013241 0.037003 0.059359 -0.049999 -0.051856 0.069210 -0.081174 0.015265
-0.082464 -0.082361 0.039504 0.012899 0.101030 0.012190 -0.032490 0.081845 0.056420 0.125423
0.094583 0.042521 0.048916 0.002305 -0.049174 -0.200409 0.003755 -0.006211 -0.064207 0.075089
0.043114 0.030376 0.022202 0.020771 0.094274 -0.006379 -0.093655 -0.005270 -0.024419 -0.101700
-0.116037 -0.046905 0.047214 0.056214 0.015420 -0.015136 0.012100 -0.008658 0.090921 -0.043810
0.000440 -0.058792 -0.203194 0.021725 -0.016155 0.076533 0.062608 -0.055646 -0.005496 -0.031872
-0.103918 -0.136460 -0.204225 -0.027900 0.023878 0.029577 0.035327 -0.006659 -0.014634 -0.027127
0.059205 -0.037003 -0.026946 0.042470 0.015949 -0.043295 0.110983 -0.028261 -0.026134 0.131509
-0.065961 -0.093861 -0.187000 0.005515 0.011668 0.009315 -0.047910 0.041180 0.005915 0.020796
0.033573 0.130271 0.033599 0.040304 0.017096 -0.046157 0.030711 -0.079576 -0.032877 0.033006
0.100720 0.032387 -0.001823 -0.035456 -0.035585 -0.039221 -0.041206 -0.137594 0.085867 -0.042263
-0.085610 -0.022240 -0.053016 -0.030711 0.015665 -0.061629 -0.114696 0.004390 0.081071 -0.011868
0.040020 0.028674 0.020268 0.116759 0.056523 -0.071634 -0.074522 -0.116862 -0.114902 -0.126455
-0.025773 -0.145021 -0.034373 0.110674 -0.072459 0.068333 0.083134 -0.081896 -0.098451 0.058380
0.083650 -0.099998 -0.146155 0.064362 0.030634 -0.006704 -0.040304 0.008729 -0.016387 -0.008812
-0.002927 -0.125320 -0.108817 -0.011378 -0.022228 0.011391 0.008522 0.078441 -0.026199 -0.017431
0.066683 -0.040922 0.039504 0.086796 0.047472 0.016684 0.019507 -0.024600 0.035997 0.019314
0.024084 -0.004097 -0.114490 -0.106548 -0.075450 -0.027307 -0.036565 0.026637 -0.015794 -0.064310
0.017844 0.049380 -0.016580 0.022859 0.051082 -0.027127 -0.065703 -0.065754 -0.006063 -0.013538
-0.090354 -0.019391 -0.078028 -0.087260 -0.002006 -0.003658 0.125733 0.066218 -0.035198 0.024097
0.078493 -0.006263 -0.023388 -0.027952 -0.011339 0.229805 0.017663 -0.001620 -0.048297 -0.010063
-0.105723 -0.178336 -0.051753 -0.057039 0.046570 0.012177 0.026302 0.021763 0.055904 0.097729
-0.034966 -0.047420 -0.026740 -0.103608 -0.039839 -0.002490 -0.000222 0.019275 -0.010914 0.012358
0.003497 -0.020732 0.127692 -0.070602 -0.015910 0.003409 0.164928 -0.036834 0.004062 0.125937
-0.054537 0.001966 0.032016 0.023291 -0.110923 -0.097982 -0.004800 -0.048403 -0.089074 0.035406
0.013200 -0.030868 0.015224 0.044425 0.016036 -0.015476 0.139718 0.046218 -0.023641 0.028515
0.034621 -0.004986 -0.047562 -0.028613 0.012318 -0.045630 0.011155 -0.006768 0.039915 0.050896
-0.038879 0.030000 0.044845 -0.077142 -0.231481 -0.114060 -0.015000 -0.131987 -0.126161 -0.036750
0.072828 -0.029355 -0.016232 0.052716 -0.075405 -0.074677 0.068626 -0.089635 -0.019664 0.119550
0.005217 0.030308 0.056330 0.004790 0.033641 -0.039243 0.012654 -0.001542 -0.010707 0.100447
0.044229 -0.015616 0.052268 -0.013676 -0.038095 0.073949 -0.087058 -0.094789 0.006877 -0.045237
-0.067394 0.039859 -0.056386 -0.090027 0.029832 -0.033137 -0.046778 0.124256 -0.035938 0.001432
0.074789 -0.021134 -0.039579 -0.009860 0.097366 0.051960 -0.165936 0.144872 0.046890 -0.303861
0.021428 0.007654 -0.105433 -0.022941 0.140726 -0.103584 0.026554 0.119550 -0.058823 -0.015840
-0.060727 -0.018389 0.045630 0.117421 -0.085209 0.011470 0.070699 -0.124928 0.069915 0.096861
-0.064201 -0.019874 -0.048879 -0.006555 0.029103 0.012955 0.040167 0.019313 -0.005193 -0.024972
-0.065433 -0.040812 -0.055657 -0.050503 0.183975 0.084985 -0.070027 0.095685 -0.065881 -0.015434
-0.125488 -0.078766 0.047786 -0.054929 -0.026078 0.040952 -0.057814 -0.052380 -0.014510 -0.081680
-0.047114 -0.046610 -0.106889 0.108626 -0.110755 0.011281 0.096805 -0.009559 -0.020770 -0.127169
0.002593 -0.109746 -0.112996 -0.020672 0.023977 -0.037927 -0.010665 -0.017507 0.011281 -0.100895
-0.057226 -0.039271 0.036638 -0.085153 -0.009005 0.084425 0.011772 -0.155180 0.089915 -0.014650
-0.095909 0.008403 -0.001370 0.018893 0.106833 0.026106 0.024678 0.071203 -0.093668 -0.047983
0.153163 0.052828 0.058487 0.022367 0.005819 -0.090083 -0.025714 0.030112 -0.016891 -0.000898
-0.075349 -0.053809 0.046918 0.049075 -0.017353 -0.005270 -0.064985 -0.091875 -0.073780 -0.158205
-0.046414 0.008676 0.060503 -0.059999 0.038431 0.230585 -0.065433 -0.028613 0.039523 -0.047226
0.016512 0.024944 -0.031596 0.110699 0.108570 0.123248 0.023011 0.031680 0.034761 -0.068570
0.025504 -0.018221 -0.024636 -0.093892 -0.112603 -0.000662 -0.036134 -0.154620 -0.007304 0.045013
0.041932 0.019538 0.050279 0.110643 -0.018081 0.108626 0.174227 0.051372 -0.040868 -0.017339
0.039859 -0.101343 -0.035546 -0.003491 -0.086217 0.010686 -0.056778 -0.068010 0.019902 0.027605
-0.019860 -0.108794 -0.082016 -0.081231 -0.122351 -0.008368 -0.041120 -0.005963 0.067114 -0.042492
-0.040252 0.017269 0.017325 -0.115629 -0.044677 -0.011758 0.028039 -0.044705 -0.083752 0.106441
-0.017241 -0.120895 0.020238 -0.051596 -0.112211 -0.063248 -0.012850 -0.066442 -0.096861 -0.002418
-0.067450 -0.064481 0.153115 -0.048471 -0.015859 0.160980 0.058261 -0.008612 0.102558 -0.024015
0.006340 0.050437 -0.058381 -0.010884 0.005161 -0.053807 -0.026984 0.065564 -0.021146 -0.001789
-0.103521 0.002302 0.086428 -0.100231 0.000106 0.166276 -0.059786 -0.038359 0.054048 0.028488
-0.003634 -0.052924 0.063798 0.069014 -0.049594 -0.019330 0.014174 0.042291 -0.000096 0.023674
-0.019470 0.073428 0.074632 0.073508 0.015067 0.025519 -0.007589 -0.038700 -0.007569 -0.015960
-0.101034 -0.085867 0.063437 -0.081533 -0.109460 -0.014244 0.082095 0.020544 -0.020112 0.238982
0.182808 -0.013642 0.103120 -0.029973 -0.004544 0.044298 -0.041409 -0.085867 -0.003421 -0.171252
-0.142763 -0.015127 -0.030114 -0.061310 0.010121 0.053045 0.058502 -0.023493 -0.049233 0.033384
0.050396 0.003606 -0.011716 0.059665 -0.064079 -0.002708 0.050437 0.002554 -0.062594 0.033544
0.031739 -0.001959 0.011917 0.038219 0.001689 -0.045461 0.123183 0.082978 -0.003629 -0.015578
-0.076397 0.017795 -0.017213 0.022811 0.023553 -0.058181 0.034026 -0.080289 -0.024255 0.049875
0.002716 -0.012108 -0.020704 0.051761 0.082416 -0.075033 0.076477 0.019822 -0.029732 0.058141
0.006320 -0.017053 0.021326 0.024436 0.009083 0.103602 0.057298 -0.007498 0.032541 0.043575
-0.013251 -0.001372 0.055372 -0.039703 -0.038118 -0.049434 -0.025720 -0.015017 0.037817 -0.001074
-0.076357 -0.116763 0.024998 0.003009 0.009831 0.034146 0.054128 -0.028047 -0.027204 0.011736
-0.049875 0.011546 0.028589 0.029411 -0.002244 0.042933 -0.023152 -0.030655 0.012469 -0.151510
-0.061110 -0.025860 -0.015578 0.069737 -0.014154 -0.019270 0.003328 0.003782 0.020213 0.008040
-0.001777 0.010162 -0.065002 0.035390 -0.016702 -0.034166 -0.003852 -0.038901 -0.023413 -0.011185
-0.066767 -0.021848 -0.015488 -0.005387 -0.033865 -0.113392 0.028649 0.063276 0.054329 0.000738
-0.037978 0.024777 -0.042372 -0.057097 0.054289 -0.113071 -0.090682 -0.047668 -0.074311 0.007488
0.065283 -0.024135 0.013442 0.065684 0.034226 0.061431 0.032240 -0.029090 0.007950 -0.011797
0.006124 -0.022410 0.070499 -0.003456 -0.001861 -0.019491 -0.051560 -0.003576 0.026703 0.013652
0.043415 0.028248 0.041409 0.055051 -0.038881 -0.069977 -0.018778 0.023132 0.031819 -0.028127
-0.089077 -0.048511 0.023974 0.006034 -0.047467 -0.017665 -0.081212 -0.107293 -0.045702 -0.067690
-0.151912 -0.100713 -0.060147 -0.045461 -0.059946 0.004489 -0.001248 0.031578 -0.082817 -0.049714
-0.003834 -0.040626 0.021607 -0.020253 0.024135 0.014916 -0.011195 0.017474 0.090601 0.056174
0.003782 -0.020223 0.023192 0.041890 -0.044859 -0.060628 0.009093 -0.013131 0.042773 0.010066
0.040927 -0.008090 0.012509 0.012930 -0.057860 -0.074110 0.006445 -0.040024 -0.014154 0.001276
-0.025419 0.013422 -0.053767 -0.001238 0.067971 0.065162 0.102719 -0.045341 -0.045020 -0.010884
0.038791 -0.019330 0.056987 -0.022237 0.044526 0.105110 0.027216 0.037409 0.080136 -0.158708
-0.102764 0.009613 -0.021377 0.114391 0.032769 -0.102764 -0.047550 0.008583 0.086288 -0.017531
-0.093014 0.133578 0.098697 -0.008329 0.037174 0.113348 0.057560 -0.064964 -0.010890 -0.053311
-0.053963 -0.064912 -0.089730 0.008440 0.103129 -0.016280 -0.034750 0.104015 0.045230 -0.065694
-0.087435 0.093901 -0.056048 -0.001352 -0.008101 -0.012311 0.005657 0.072889 -0.011118 -0.221274
0.098384 -0.010910 -0.062461 -0.014247 0.104328 0.029849 -0.117102 0.186550 0.016463 -0.256936
0.031152 -0.002939 -0.049375 -0.118666 -0.090564 -0.056518 -0.044682 -0.178208 0.136184 -0.111575
-0.179876 -0.018222 0.047680 0.036783 -0.032299 0.030344 -0.035376 -0.057508 0.025443 0.083890
-0.024753 -0.013113 -0.007189 0.026799 0.028598 -0.036575 -0.024909 0.013002 -0.051929 -0.103233
-0.063661 0.064547 0.022107 -0.096247 -0.001001 0.075339 -0.001606 0.032508 0.068197 0.071638
-0.012722 -0.075183 0.106362 -0.070595 -0.230450 0.065329 0.044630 -0.000093 -0.063661 -0.014507
-0.054849 -0.054276 -0.024570 0.019513 0.024244 -0.042545 0.033655 0.002524 0.030787 0.069239
0.013224 -0.011262 -0.045360 -0.019956 -0.003558 -0.005455 0.079875 -0.044630 -0.038582 0.152452
0.025495 0.049323 0.111888 0.059750 0.105997 -0.006162 0.023371 0.078937 0.055631 -0.083786
0.044813 -0.007156 0.006521 0.024401 0.005585 0.015498 0.050131 0.025587 0.025039 0.076539
0.061106 -0.090147 -0.022524 0.026851 0.040798 -0.087957 0.006869 -0.001848 -0.028702 -0.042884
-0.034359 -0.006217 0.012200 -0.094266 -0.097707 0.126174 0.046246 -0.205007 0.060637 -0.012891
-0.100783 -0.022093 -0.044343 -0.053546 -0.099114 -0.065173 0.062253 -0.034776 -0.041450 -0.042466
-0.029354 0.034307 0.041736 0.026265 -0.000931 -0.116789 0.032951 0.017153 -0.036888 0.065120
-0.085611 -0.070021 0.060011 -0.005416 -0.142232 -0.051617 -0.034985 0.039468 -0.014898 0.008238
0.026643 -0.011314 0.026773 0.224193 0.001515 -0.066945 0.068979 -0.110428 -0.044526 0.078259
-0.129511 -0.102034 0.004702 -0.068197 -0.019643 -0.028441 -0.010460 -0.013764 -0.108030 0.005898
0.004432 -0.209491 -0.045152 0.075496 0.020946 0.076591 -0.053233 -0.046559 0.136393 0.089834
0.132431 -0.048984 -0.126174 -0.038739 0.010141 -0.115538 -0.079041 -0.051903 -0.186863 -0.078155
-0.071638 -0.077686 -0.047654 -0.006791 0.117311 0.043770 -0.010252 0.106726 0.010173 -0.046325
0.028259 0.006309 -0.032169 -0.042988 0.008609 -0.035271 0.017896 0.283214 0.018366 0.011588
0.009619 -0.045282 -0.033447 0.092597 -0.029328 0.010284 0.181127 -0.026799 0.020334 0.067049
0.071429 0.027555 -0.039833 0.089000 0.104432 -0.002855 0.012389 -0.044448 -0.022107 0.009606
-0.028024 -0.071012 0.070126 0.068874 0.031283 -0.029249 -0.104485 0.023110 -0.137347 -0.089227
0.039130 0.111161 -0.053529 0.033255 0.057669 -0.086616 -0.087809 0.095195 -0.086690 -0.092957
0.007791 -0.271858 -0.054088 0.078260 -0.051775 0.159355 0.069158 -0.086317 -0.052298 -0.023985
-0.061176 -0.013895 -0.166517 0.084228 -0.020572 -0.000075 -0.108922 -0.062518 0.108251 -0.208743
0.031893 0.146747 0.030606 0.006812 0.014389 0.309459 0.055841 -0.001960 0.065391 -0.063302
-0.010398 -0.075425 0.032360 0.032192 0.186213 -0.075239 -0.109967 -0.144509 -0.086765 -0.098478
-0.053678 -0.044278 -0.057520 0.056289 0.074754 -0.123694 0.081692 -0.011340 0.059012 -0.048642
0.035213 -0.063190 0.115637 0.235899 0.014221 -0.053044 0.055879 -0.107505 -0.079006 -0.168755
0.076208 0.048903 -0.014464 0.045061 -0.168308 0.047225 0.110713 -0.082065 0.106460 -0.130185
0.122500 0.009484 -0.005828 0.047635 -0.100716 0.127350 0.017588 -0.088854 0.058266 -0.413010
0.017150 0.077216 -0.031297 0.029637 0.020218 -0.073933 -0.062854 -0.007838 -0.207400 0.166815
-0.034579 -0.086541 0.109594 -0.076171 -0.050470 0.021094 -0.039018 0.068897 0.050768 -0.074791
0.040510 -0.030439 0.004353 0.005833 0.110788 0.072180 0.047411 -0.037750 -0.025086 0.139883
-0.014716 0.021971 0.143315 -0.027790 -0.054685 0.062071 0.068487 -0.077738 0.108549 -0.000172
-0.126827 0.264995 -0.014977 0.061884 0.046553 0.164727 0.005814 -0.072478 -0.020591 0.023277
0.041629 -0.133915 -0.119964 -0.108624 -0.031595 0.171143 -0.142047 0.055021 0.226499 -0.065130
0.058788 0.051440 0.045621 -0.159653 0.050060 -0.118994 0.045621 -0.040025 -0.124216 0.084825
-0.135929 0.005516 -0.047150 -0.037806 0.267830 0.009866 0.084751 0.213816 0.057296 0.217397
0.117577 -0.043979 0.052820 0.051365 0.037134 -0.028816 -0.061847 -0.027025 -0.087809 -0.099149
0.008174 -0.203073 0.145180 -0.164727 -0.154580 0.109892 -0.022717 0.078036 0.164727 -0.144509
-0.030662 0.049724 0.070054 -0.049388 0.139436 0.150626 0.095419 -0.199045 -0.057483 -0.002739
-0.167562 0.031539 -0.114667 -0.199194 -0.160549 -0.017840 0.124067 -0.055207 0.024582 0.032360
-0.152342 0.078484 -0.095792 -0.078782 0.192778 0.133243 -0.024564 -0.041368 0.047635 -0.122277
0.063041 -0.023911 -0.109221 -0.097732 0.059870 -0.161892 -0.012067 0.058080 0.022642 0.110788
-0.024787 0.025496 -0.044203 0.364666 0.086840 -0.057818 -0.032639 -0.068711 0.061549 -0.298567
-0.139585 0.159355 -0.060728 -0.118024 0.109370 0.111981 -0.021990 0.015341 0.029208 0.068338
0.036538 -0.017635 -0.008179 -0.008001 0.246941 -0.076768 -0.038496 0.149433 -0.196060 0.068151
0.128320 0.099448 -0.130483 0.105789 0.055804 -0.073038 0.055991 0.062817 0.003663 0.042189
-0.031297 -0.030513 0.035400 -0.121158 0.019733 0.140704 -0.049015 0.051925 -0.069830 0.071359
0.006724 0.000681 -0.166666 -0.062444 0.071434 -0.179051 0.022953 0.009586 -0.000608 0.000380
0.003950 -0.182691 0.039043 0.095765 -0.116702 -0.050287 -0.197734 0.050403 0.000094 -0.059126
0.020607 -0.055017 -0.065640 0.036193 -0.034332 0.070952 -0.110421 -0.133839 -0.053466 -0.166562
-0.086383 -0.052031 -0.083979 -0.047456 -0.098247 0.139732 -0.012969 -0.277293 0.021130 -0.089097
-0.081885 -0.053466 -0.053078 0.197424 0.042183 -0.009480 0.243329 0.030397 0.093439 0.054164
0.044355 -0.137639 0.206729 0.036620 -0.181916 0.169974 -0.153612 -0.059824 0.240383 0.063624
0.077310 0.043036 -0.086848 0.084832 0.015053 -0.100651 0.088942 0.029970 0.007493 -0.092354
0.104760 0.019027 -0.072076 -0.056800 0.017874 -0.019512 0.034623 0.045595 0.031095 0.166407
-0.002634 -0.040865 0.207660 -0.137251 0.095765 0.186878 -0.167803 0.082195 0.144772 -0.189980
0.063857 0.008418 -0.171060 -0.001808 -0.097859 -0.028109 0.069285 -0.294663 0.059553 0.087546
-0.236661 -0.011670 0.012727 0.029389 0.052845 0.014471 -0.125542 -0.098635 -0.007929 -0.093672
-0.161754 -0.034351 -0.049356 -0.027644 0.082428 -0.119106 -0.018572 0.063585 -0.026869 0.032587
0.022061 -0.018523 0.121199 0.019105 0.080645 -0.071262 0.056219 -0.017660 0.013085 -0.024232
-0.024290 0.116469 0.001369 0.175247 -0.054939 0.062732 -0.010158 -0.055598 -0.105691 -0.110576
-0.138104 0.006048 -0.014316 0.257908 -0.084832 -0.052768 0.121432 -0.106777 -0.095378 0.330333
0.046991 -0.043540 -0.140197 -0.067772 0.062965 -0.014772 -0.126240 0.102744 -0.077194 0.026946
0.207039 -0.031889 -0.056839 0.130660 0.017137 -0.064361 -0.004849 -0.079365 0.001813 0.165011
0.050325 0.120269 0.054164 0.065485 0.146711 0.030184 -0.094835 0.143377 0.097704 -0.052458
0.061996 0.028827 -0.091888 0.010575 0.002411 -0.055211 -0.055559 -0.100185 0.123138 -0.036891
-0.194012 -0.056955 -0.081032 -0.165011 0.021673 -0.069052 0.049240 -0.128411 -0.018717 -0.006838
-0.083126 -0.018358 -0.104140 -0.096851 0.025434 -0.174161 0.048852 0.006552 -0.147797 -0.025240
0.039450 -0.094292 -0.031870 -0.014307 0.156171 0.049899 0.029350 -0.058661 -0.168113 -0.086848
-0.006804 0.096929 0.016953 -0.164856 -0.125775 -0.029311 -0.076380 -0.078900 -0.113600 -0.022487
0.024717 0.064205 0.115151 0.081110 0.074984 0.059553 0.143299 0.093439 -0.025822 0.024620
-0.022138 0.052923 0.128178 0.005772 -0.021615 0.075178 0.019202 0.004052 -0.066609 0.102201
-0.031870 0.033363 -0.039295 -0.027625 -0.085530 -0.104760 -0.082428 0.041214 0.083359 0.042222
0.046603 0.026578 -0.050364 -0.037860 -0.086538 -0.185948 0.062073 -0.021014 -0.104063 0.122750
0.055792 -0.093129 0.068587 0.108793 -0.036833 -0.006053 0.121044 0.045983 -0.180985 -0.072037
0.097394 -0.240693 -0.017651 -0.048426 -0.143144 -0.037511 -0.099565 0.020336 -0.013473 -0.067889
0.077737 -0.049201 -0.055172 0.196494 -0.026087 0.041865 -0.061925 -0.055955 -0.023546 -0.012858
0.030777 -0.014304 0.002695 -0.122887 0.031927 -0.062667 -0.046092 -0.295758 0.178137 -0.059144
-0.145580 -0.023806 0.017428 -0.145135 0.076239 -0.094483 -0.249333 -0.065188 -0.036098 -0.022453
-0.223228 0.135494 0.069342 -0.099748 0.030610 -0.096114 -0.084174 0.018133 0.010290 -0.090107
0.057401 0.022527 -0.065003 -0.028107 0.014916 0.110576 -0.078834 -0.071418 -0.002644 -0.017715
-0.172204 0.033985 0.176357 0.006415 -0.047019 -0.025048 0.153071 -0.074125 0.002788 0.009660
0.050022 0.060776 -0.287304 0.118363 0.120291 0.195195 0.154850 -0.009660 0.073013 -0.091739
-0.076832 0.187482 -0.028145 -0.089959 0.008376 -0.008278 -0.017623 -0.133640 0.026661 0.019486
-0.180659 0.053397 0.000648 -0.075386 0.023380 -0.013646 0.144097 0.005303 -0.171463 0.452685
-0.088995 -0.101973 -0.167310 -0.053100 0.030963 0.138312 -0.078019 0.019115 0.116657 -0.082913
-0.141427 -0.063668 0.078389 0.022898 0.022694 0.051357 -0.085064 -0.218333 0.067488 -0.062370
-0.056512 -0.029275 -0.171018 -0.021971 0.040048 -0.163898 -0.098116 0.136236 0.024677 -0.172798
-0.025975 0.038861 0.073903 0.061258 -0.016677 0.159449 0.007578 -0.051988 -0.049985 -0.014443
-0.001286 0.052840 -0.016631 0.015556 -0.099896 -0.110205 0.157669 -0.074162 -0.041605 -0.124444
0.106200 0.105903 0.037952 -0.268912 -0.001610 0.115990 -0.124444 -0.124592 -0.046166 -0.124741
0.008705 0.086770 -0.026810 -0.161525 -0.045461 0.026643 -0.089365 0.060257 -0.166716 0.019505
0.115174 0.180659 -0.017706 0.057364 -0.008988 -0.014675 0.028200 -0.191338 -0.020302 0.142095
-0.180511 -0.161080 -0.140166 0.040196 -0.008728 -0.003159 -0.130674 -0.090923 0.057179 -0.015565
-0.047390 0.044201 0.231386 0.077944 -0.111169 0.053953 0.048984 -0.018559 0.018485 -0.105978
-0.186295 -0.136532 0.127040 -0.125408 -0.019579 -0.030221 -0.192525 -0.300060 0.096040 0.100341
-0.103753 0.071900 0.020932 0.011282 -0.053100 -0.065151 -0.163305 0.029238 -0.011986 -0.063520
-0.015834 0.127781 -0.030573 -0.052136 -0.089514 0.275141 -0.065188 0.054324 0.081059 0.013164
-0.083729 -0.149140 -0.135717 -0.102344 0.228123 0.029665 0.043274 0.124889 0.143281 -0.021081
-0.159004 -0.068303 0.049244 0.006911 0.057253 0.072160 0.064706 0.043311 0.037248 -0.038305
0.039343 -0.030499 -0.057179 0.027051 0.013006 -0.049429 0.013729 -0.272027 -0.019560 -0.011875
-0.087734 -0.112430 -0.209730 0.078834 0.083062 0.097746 -0.099081 0.049466 0.027459 -0.054732
0.176357 -0.004176 -0.037007 -0.101750 -0.112356 0.021136 -0.040863 -0.012172 -0.058848 0.258826
-0.115767 -0.081430 -0.059330 0.069304 0.001034 0.076239 0.026049 0.023769 -0.172501 -0.013813
0.070491 -0.024362 -0.029090 0.054027 -0.001125 -0.075349 0.073272 -0.009725 -0.142169 0.050282
-0.120588 -0.035598 0.014626 -0.031618 -0.217463 -0.151086 0.119671 -0.180653 -0.019810 0.018867
-0.152860 -0.014894 -0.011623 0.175626 0.048822 -0.240673 0.187157 -0.005424 -0.128098 0.239195
-0.047381 0.013324 0.050929 -0.052851 -0.063495 -0.089661 0.077243 -0.177548 0.029012 0.013573
0.071330 -0.033909 -0.070628 0.027442 -0.017620 -0.075765 -0.126398 -0.076356 -0.029585 -0.121667
-0.053885 -0.034612 -0.223081 0.118858 -0.019144 -0.113832 0.088183 -0.018960 0.037808 -0.037698
0.038732 -0.008764 -0.176070 0.069075 -0.127063 -0.091213 0.043759 -0.011753 0.096314 -0.065971
0.094096 0.063384 -0.034778 0.123885 -0.056509 -0.045385 -0.070036 -0.210220 0.045791 -0.049044
-0.422509 -0.018719 -0.057064 -0.324938 0.049820 -0.040063 0.044054 -0.063495 -0.039213 0.081678
-0.014968 0.002760 0.035702 -0.040248 0.058136 0.001931 0.055918 0.016031 -0.014506 0.035998
0.000587 0.070960 -0.008584 0.175331 0.026869 0.094687 -0.015098 -0.142733 0.002490 0.068040
0.090992 -0.046124 -0.042909 -0.059281 -0.102079 -0.007678 -0.218794 0.028828 -0.052259 -0.061721
0.024337 0.073289 0.026499 -0.036275 -0.039287 -0.120780 0.143177 0.151308 0.050337 -0.011374
0.055549 0.074582 -0.066340 -0.025446 -0.011790 -0.052444 0.057323 -0.026906 -0.096166 -0.071108
-0.045976 0.006288 -0.024762 -0.160547 0.029253 0.145838 -0.152712 0.000343 -0.013037 0.031101
0.053996 -0.276893 0.126250 0.052592 0.038289 -0.017454 0.031378 0.065269 -0.017722 -0.049894
-0.162469 -0.058246 0.148721 0.018590 -0.113315 -0.157295 -0.149682 -0.095870 0.016169 -0.058986
0.028532 -0.021399 -0.091139 0.007193 0.005807 0.001436 0.119154 0.049192 0.099566 0.054329
0.063864 0.074915 0.065712 -0.014423 -0.177992 0.172670 0.047529 -0.106514 0.153304 0.106440
-0.089218 -0.109101 -0.033706 -0.056399 -0.072365 0.086704 -0.254570 -0.098531 -0.030694 0.141329
0.111614 0.006472 -0.106292 0.030953 -0.149829 -0.073547 -0.150569 -0.077391 -0.123515 0.203419
-0.063901 0.039213 -0.005969 -0.041098 0.010450 0.002324 -0.008833 -0.012677 0.048231 0.134307
0.156112 -0.031766 0.052259 0.163800 0.037993 0.075063 0.118710 -0.014192 -0.111393 -0.119524
-0.062608 -0.077761 0.314294 -0.245256 0.011910 0.120780 -0.080052 -0.059651 -0.006542 -0.025243
-0.065195 0.181540 0.048933 -0.035203 0.118119 0.104371 0.024319 -0.035905 0.029844 -0.002947
-0.025002 0.033041 0.141181 -0.074065 0.053331 0.119597 0.068558 0.094170 0.071219 -0.064160
-0.087518 -0.016363 0.011790 0.056805 -0.024300 0.016594 -0.079017 0.061905 -0.128024 -0.017213
0.077465 0.115680 -0.096683 -0.046494 0.028236 0.036515 -0.044978 0.080791 0.179174 -0.074508
-0.092174 0.161139 0.010783 0.081974 0.037698 -0.067227 -0.180948 -0.160695 -0.028698 -0.102892
-0.107401 0.005257 -0.038732 -0.166609 -0.014737 -0.143547 0.018045 -0.018747 -0.114202 -0.006061
-0.084030 -0.051608 -0.017229 0.074277 0.042122 -0.014898 0.019641 0.046490 0.026045 -0.084566
-0.128404 0.078296 0.045740 0.193356 -0.025576 -0.069507 0.000076 0.013143 -0.017940 -0.009954
0.069347 0.071008 -0.103966 0.022012 0.000189 -0.019735 -0.051152 0.023325 0.045633 0.015434
-0.085102 -0.015273 0.027465 -0.001034 -0.046678 -0.034245 0.084406 0.010993 -0.110183 -0.024437
0.285532 -0.049330 0.009291 -0.016600 -0.010591 0.018583 -0.049223 -0.040836 -0.127332 0.064684
0.021811 0.007463 0.000641 0.027291 -0.064791 0.001757 0.130547 0.014349 -0.183495 -0.021825
-0.017377 -0.035343 -0.067096 -0.002973 0.036629 -0.067364 -0.025724 0.092766 0.176099 -0.051099
-0.015193 0.031511 0.020887 -0.094963 0.059325 0.045311 -0.183173 -0.041586 0.112219 -0.057664
-0.107235 0.017538 0.011817 -0.010222 -0.093462 0.157879 -0.024947 -0.097107 -0.028671 0.034003
0.002624 0.076367 -0.025456 0.003658 0.099411 0.019253 -0.000069 0.116828 -0.025389 -0.052733
-0.010155 0.138800 -0.009800 -0.180815 -0.019346 0.027372 0.042015 -0.078296 0.066774 0.089068
0.003095 0.054448 -0.061951 -0.048071 -0.039925 -0.043703 0.024746 -0.011328 0.029529 0.074063
-0.032717 -0.073312 -0.020123 0.012929 -0.039764 -0.037567 -0.045927 -0.077332 -0.021195 0.022629
-0.137193 -0.209433 0.077814 0.022856 -0.016533 0.039872 0.184781 -0.084781 -0.000666 -0.042605
0.171705 -0.012058 0.011020 0.033119 -0.025925 0.012353 -0.137836 -0.015072 -0.084245 0.016426
-0.003905 -0.006679 -0.018502 -0.031109 0.010222 0.099197 -0.052251 0.030574 -0.033923 -0.021182
0.003246 -0.114470 0.024156 0.116506 0.035048 -0.093141 -0.208468 0.074706 0.050483 -0.041828
-0.060397 -0.013244 -0.087139 0.039979 -0.056538 -0.007034 -0.118972 0.032155 -0.107771 -0.069132
0.014684 0.014121 -0.023942 -0.040863 -0.037942 -0.005902 0.029529 0.027117 -0.084352 -0.006886
-0.079582 -0.019346 0.038907 -0.302895 -0.096088 -0.021356 -0.026219 -0.102626 -0.019386 -0.106699
-0.003587 0.043409 0.129797 -0.096464 -0.040354 0.022428 0.016064 -0.042632 -0.032181 0.031592
-0.000766 -0.076421 0.081083 0.020217 -0.018355 0.032503 -0.024880 -0.108789 0.099572 0.149304
-0.087675 -0.154985 0.071437 0.043194 -0.100536 -0.146196 -0.072669 0.036737 -0.030118 0.014925
0.083762 0.001087 -0.072991 -0.013491 0.021021 -0.059647 -0.081297 0.039604 -0.043677 -0.081780
0.044856 0.016184 -0.027572 0.087514 0.012741 0.043409 -0.013592 -0.020539 0.061254 0.046946
-0.075349 -0.130762 0.018743 -0.083119 -0.064845 0.074598 0.274385 0.000431 -0.038505 -0.054314
0.107878 0.005232 0.067578 -0.106967 0.057289 0.069132 0.008360 0.009392 0.028939 0.048848
-0.035102 -0.121758 0.058253 -0.020592 -0.093087 -0.079529 -0.005245 0.052144 0.010075 -0.084191
-0.021463 -0.051742 -0.022615 -0.105145 -0.078618 -0.026420 0.032396 -0.076313 0.115549 -0.053749
-0.095333 -0.004169 0.046728 0.046395 -0.019566 -0.098601 0.155559 -0.054446 0.016237 -0.170812
-0.148779 -0.050935 0.018613 0.082440 -0.036590 -0.100054 0.004555 0.152169 0.096301 0.014913
0.088069 0.122934 0.019914 0.016918 -0.085951 -0.034865 0.061437 0.037679 0.033896 0.080685
0.121481 0.128563 -0.012439 -0.113431 0.021034 -0.125173 0.076750 -0.041038 0.076327 0.030522
-0.046698 -0.034380 0.021125 -0.158222 -0.081229 -0.005739 0.180618 0.431933 -0.064160 -0.041190
0.067732 0.125173 0.057230 0.017795 -0.037830 -0.011062 -0.073482 -0.036408 -0.037709 -0.040433
0.132195 -0.093517 -0.046123 -0.032746 -0.148174 -0.083166 0.060589 -0.015616 0.044610 0.005232
0.062526 0.107015 -0.049482 0.039223 -0.046910 -0.029326 0.007596 -0.213908 -0.014043 0.014156
-0.072816 -0.044428 0.017205 -0.050451 -0.140911 0.003043 0.038496 -0.086193 0.064645 0.146964
0.010320 -0.001120 -0.060105 0.030930 -0.176744 -0.104836 -0.030264 0.002402 -0.053749 -0.058198
0.097270 -0.114278 0.106652 0.108710 0.060287 0.087403 0.039525 -0.060619 0.078687 -0.003287
-0.139579 0.103141 0.004680 -0.023061 0.043914 0.019853 -0.006601 0.003359 -0.039071 -0.105199
0.065189 -0.094062 -0.027329 -0.000247 -0.038436 -0.086556 0.045094 0.077658 0.026799 0.267537
0.133526 0.116518 0.063979 0.045669 -0.028100 -0.024469 0.032807 -0.393679 0.060256 -0.060650
-0.122268 -0.138248 -0.082985 0.057926 0.143332 -0.026042 0.092669 -0.029871 -0.085345 -0.139458
-0.024741 0.116881 -0.066945 -0.049634 0.159190 0.101870 -0.058834 -0.089885 -0.052115 0.083772
-0.043641 -0.007320 -0.059954 0.018961 0.100720 -0.149022 0.012378 0.179407 0.048211 0.060892
0.033018 0.120331 0.078264 -0.007150 -0.031747 -0.032110 0.059348 -0.011712 -0.064039 0.004755
0.109981 0.070758 -0.104594 0.064100 -0.110707 0.097149 0.046365 -0.102293 0.025710 0.101991
-0.009995 0.108831 -0.202892 -0.021488 -0.047243 0.026481 0.029765 0.070516 -0.051691 0.049058
-0.123418 -0.011296 0.042431 0.011917 -0.026890 0.030189 -0.023213 0.007944 -0.072513 0.367288
0.077900 -0.011932 -0.002788 0.020549 0.099388 0.061648 0.019263 -0.100175 0.098420 0.068276
0.023636 -0.044852 0.003664 0.125900 -0.094183 -0.038315 -0.041432 0.097088 0.189334 -0.001726
0.017357 0.008361 0.036590 -0.172870 -0.066763 0.067974 -0.056806 -0.023924 0.032383 -0.077174
-0.004438 -0.049966 -0.024227 -0.011001 0.038012 -0.116215 -0.109738 0.032807 0.005519 -0.044731
-0.124205 -0.147932 -0.102051 -0.043369 -0.259789 0.093033 0.050420 0.203982 -0.117002 -0.047031
-0.023969 0.017281 0.038254 0.150837 -0.121178 0.004165 -0.009760 -0.094788 0.001827 0.073300
0.118636 0.071605 -0.281095 -0.079050 -0.080927 0.035379 0.116033 0.019430 0.039192 -0.119968
0.048937 0.028600 0.013377 -0.165364 -0.156527 -0.099085 -0.061593 -0.130087 -0.002627 0.029909
0.024607 0.042644 -0.000912 0.163979 -0.100660 -0.059412 -0.127956 0.145308 -0.063978 0.082903
0.108778 0.082700 0.038762 0.013724 -0.019686 0.029325 0.009868 0.090209 0.146322 -0.071639
-0.106140 -0.084171 0.041680 -0.067834 0.042111 0.085997 0.009919 -0.009354 -0.063318 0.012018
0.079250 0.060376 0.040411 0.050406 -0.037240 0.038864 0.083968 0.147134 0.095282 0.054998
-0.056976 -0.015436 -0.011993 -0.105632 -0.110807 -0.011219 -0.093100 0.003017 -0.018430 -0.080619
0.017580 0.069204 0.015170 -0.050102 -0.111416 -0.043252 -0.015792 0.028488 0.021575 0.012487
-0.083664 0.036581 -0.024835 0.053679 0.239677 0.072654 0.046322 -0.056266 -0.005289 -0.049823
0.002821 0.002155 -0.051928 -0.072654 0.008416 -0.110503 -0.054186 0.015411 0.042339 0.019812
-0.054693 -0.036961 -0.036834 0.067885 0.076966 -0.037646 -0.024277 0.030797 0.077322 -0.081736
0.118316 0.021436 0.019001 0.036530 -0.048580 0.026636 0.000854 -0.041832 0.072654 0.027905
-0.057940 -0.048174 -0.066768 -0.009392 0.017681 0.046956 -0.135059 0.014523 0.013534 -0.237850
-0.088331 -0.027220 -0.086200 0.017390 0.064384 -0.095688 -0.031126 0.005632 0.003805 -0.011225
0.035464 0.076662 0.035591 0.022451 -0.000038 0.119432 0.029528 -0.301777 -0.095942 -0.090919
0.123390 0.085947 0.125622 -0.011282 0.084881 0.057535 -0.143380 -0.001596 0.020979 -0.012563
-0.037392 0.008397 -0.118824 -0.010566 -0.062557 -0.247997 -0.049366 -0.081837 -0.032014 0.027981
0.020852 0.063775 -0.059057 -0.033080 -0.267886 -0.012538 0.004056 -0.099747 -0.043354 0.025723
-0.071741 -0.029706 -0.058752 0.120752 -0.023554 -0.001065 0.013128 0.044039 0.001432 0.024264
-0.071538 -0.003352 -0.115881 -0.021461 0.009126 0.002340 0.008289 0.042593 -0.152918 -0.110909
0.131812 0.040741 0.050305 -0.056215 0.110097 0.017935 -0.021829 0.056469 -0.025419 -0.082243
0.396552 0.058042 -0.026763 0.011669 0.111213 0.066312 -0.039346 0.118418 -0.010242 -0.072654
0.010496 0.013572 -0.102892 -0.098276 -0.140843 0.023909 -0.021639 -0.135363 -0.072705 -0.052562
0.041603 -0.076358 -0.063217 -0.053679 -0.103400 0.029985 0.087672 0.097058 -0.045028 0.046956
0.053577 -0.002873 -0.041451 0.156368 -0.094825 0.021588 0.283918 0.080670 0.015145 -0.111010
0.012113 -0.009900 -0.049036 -0.046297 -0.090158 -0.102182 -0.066515 -0.012887 -0.133436 -0.005270
-0.050837 0.009576 -0.102690 0.085744 -0.017377 0.014790 0.112634 0.010071 0.053932 0.071944
-0.082801 -0.025913 0.020320 -0.117301 -0.019660 0.122680 0.082903 -0.075444 -0.046728 0.014815
-0.043836 0.086708 0.189042 -0.008562 -0.010096 0.104313 0.082852 0.087570 -0.018810 0.017339
0.045383 -0.071893 -0.041984 -0.028945 0.010382 -0.075495 -0.053070 0.058600 -0.007896 0.070066
-0.050279 -0.082497 -0.022007 -0.072096 0.071628 -0.029890 -0.024124 0.098927 -0.086944 -0.078250
0.063879 -0.041130 -0.012974 0.095233 0.059645 -0.035003 0.016634 -0.027097 -0.081358 -0.014652
-0.023763 -0.071898 -0.054509 -0.100909 -0.013639 0.033652 0.048382 0.122803 0.027052 0.121272
0.033224 -0.060275 -0.020418 -0.029259 -0.088116 -0.124695 -0.119199 -0.047256 0.027592 0.013503
0.028065 -0.048428 -0.031602 0.024191 -0.006324 0.087440 -0.044801 -0.075096 -0.013075 -0.049689
-0.098657 0.047797 -0.084692 -0.158842 0.077799 -0.026894 0.021916 0.066087 -0.003339 0.036264
0.092891 -0.081313 0.012636 0.121992 -0.013346 -0.069195 0.021590 0.062708 -0.016769 -0.044080
0.035814 -0.205062 -0.113884 0.036354 -0.122983 -0.048157 -0.016263 0.038990 0.110370 -0.065096
-0.062663 0.084602 0.044824 0.010142 0.041760 0.066717 0.066943 -0.050455 0.058609 0.053969
0.013391 0.008554 -0.046490 -0.002268 0.067438 0.022727 0.065997 0.076042 -0.023989 -0.023313
-0.025565 -0.015080 -0.052572 0.010519 -0.003477 0.089918 -0.122893 0.092530 0.305251 -0.057888
0.057663 0.032368 0.083070 0.043990 0.026579 -0.016015 0.023358 -0.039620 -0.095413 -0.067438
0.007287 -0.033764 0.005015 -0.056176 -0.043202 -0.037909 -0.084737 0.005147 0.042414 -0.025317
-0.006915 0.034643 0.043720 -0.032976 -0.036309 -0.029372 0.088972 0.078700 0.035071 -0.013154
-0.033561 -0.072844 0.026624 -0.028786 -0.019653 0.026894 0.035746 -0.021015 -0.039463 -0.005879
0.015328 -0.026556 -0.071493 0.002321 0.074781 -0.025813 -0.012084 -0.034440 -0.022716 0.031917
-0.063879 -0.171276 -0.048382 -0.037706 -0.007822 0.001719 -0.063744 0.033269 -0.011217 -0.093431
-0.034778 -0.022220 -0.116677 -0.036377 -0.072348 -0.019213 -0.009117 0.067168 -0.026286 -0.097756
-0.082394 -0.044801 -0.007895 -0.027412 0.036963 -0.050815 0.043675 0.001799 0.046175 -0.020261
-0.055320 -0.031151 -0.059104 0.019247 0.049464 0.028268 -0.063789 0.038990 0.055770 -0.108658
-0.055996 0.021601 -0.038066 -0.014596 0.014810 -0.087260 0.006999 -0.047211 0.042076 -0.013492
-0.040026 0.010113 -0.013515 0.012929 -0.046445 -0.117037 -0.008554 -0.004319 -0.105595 0.024980
-0.036580 0.009545 0.095684 -0.011746 0.073745 0.088161 0.014528 -0.021308 -0.043022 -0.011341
0.042887 0.099468 0.090593 0.012096 0.058969 0.004747 -0.115415 -0.051941 -0.041400 -0.056446
0.034890 -0.032165 -0.136768 0.003553 -0.004356 -0.121632 0.033967 0.004302 0.017896 -0.021150
0.070276 0.026601 -0.066132 0.006724 0.036467 -0.008159 0.034282 -0.005668 0.028719 0.199657
0.065096 -0.061312 -0.001778 -0.013346 -0.050229 -0.001985 0.006870 0.026894 -0.083926 -0.133705
-0.069871 0.049238 0.068970 0.061807 0.049779 0.024597 0.043990 0.009072 0.120551 0.038134
-0.026173 -0.088521 -0.000741 0.029935 -0.041130 -0.074826 -0.047031 -0.077529 -0.040499 0.017107
-0.031759 -0.092350 0.091577 -0.004354 -0.062808 -0.097478 0.009596 0.079827 -0.078826 -0.088942
0.005154 0.040230 -0.077719 -0.057380 -0.027505 0.045341 0.063282 -0.047817 -0.013686 0.009392
0.072450 0.060805 0.058434 -0.043997 0.164290 0.137523 0.053534 0.115182 0.010756 0.054535
-0.042337 -0.069921 -0.097900 -0.031667 -0.066285 0.043549 -0.041099 -0.023606 -0.042548 0.102273
0.027215 0.088890 -0.043575 -0.039676 -0.052559 0.091998 0.030982 0.048001 -0.022209 -0.014516
0.208235 -0.198645 -0.092525 0.038306 0.021748 -0.040493 -0.053033 0.022565 0.032932 0.125615
0.018587 0.007080 0.063967 -0.064599 0.088784 -0.005727 -0.021840 -0.029849 0.096056 0.048318
-0.038622 -0.041283 -0.043075 0.006274 -0.039439 0.077561 0.057960 -0.140474 -0.054851 0.039703
-0.217719 -0.046737 0.074558 -0.000565 -0.018271 0.112653 0.125405 0.002982 0.002467 0.147113
-0.085728 -0.014464 0.059435 -0.013140 0.134678 0.037858 0.197907 0.089943 -0.027742 0.016374
0.039123 -0.006405 0.008635 0.016097 -0.115815 0.078826 0.017190 -0.069341 -0.029955 0.035198
-0.119608 0.038912 0.024765 -0.185894 0.036383 0.120557 -0.190214 -0.082988 0.006629 -0.023685
0.018402 0.013304 0.001352 -0.021656 -0.031483 -0.043049 -0.038069 -0.020773 0.041152 0.022407
-0.041099 0.032221 0.120768 0.015294 0.035883 -0.058540 0.073240 -0.108965 0.000545 0.032405
-0.121505 0.032273 0.041257 -0.014503 -0.114445 -0.028954 -0.156598 -0.026899 0.035724 -0.088837
-0.045156 0.037384 -0.093685 -0.033590 -0.009873 0.057275 -0.061965 -0.027030 0.024594 -0.061965
-0.012172 -0.056327 0.047132 0.039097 -0.036515 0.020747 0.014134 0.074505 -0.023566 -0.025094
0.059225 -0.004871 -0.019970 -0.002656 -0.058171 0.017994 0.001913 -0.157441 0.097847 -0.030508
-0.007159 0.013924 -0.191901 0.036014 0.037674 0.032747 0.138999 -0.025226 0.036857 -0.027531
-0.009557 0.135521 0.017454 -0.109808 -0.067444 -0.084516 -0.076613 -0.092156 0.003675 -0.031246
0.075190 0.078931 0.039492 -0.193376 -0.017941 0.037569 0.033986 0.048265 0.030982 0.147219
-0.054430 -0.066285 0.374106 -0.026332 -0.117185 -0.059646 -0.026662 0.017520 0.053850 0.009471
-0.036409 0.043391 -0.066707 -0.009814 -0.066865 -0.010960 0.035198 0.065389 -0.072608 -0.037173
0.107384 -0.054430 -0.075085 0.030482 0.065179 0.079089 -0.041731 -0.106910 -0.024462 -0.079195
-0.179255 -0.088205 -0.116974 -0.120873 -0.045867 -0.075612 -0.045314 0.012652 -0.100376 0.048739
-0.015267 -0.014385 -0.011059 -0.056169 -0.030192 -0.072661 -0.053323 0.122981 0.055958 0.063387
0.143003 -0.075401 -0.086782 -0.018468 -0.074347 -0.008424 0.074294 -0.039624 -0.037806 0.056748
-0.026965 -0.035593 -0.061227 0.097268 0.116342 -0.051505 0.100060 0.013034 -0.027689 -0.077877
-0.073188 -0.024673 -0.087309 0.014872 0.125826 0.017981 -0.017217 0.022736 -0.180098 -0.008266
0.015028 0.005474 0.022705 -0.009120 0.029585 0.037600 0.021172 0.004133 -0.036009 -0.052923
0.035626 0.064062 -0.030160 0.025195 0.041166 -0.048208 -0.023161 -0.001221 0.024134 0.074199
0.021865 0.022336 -0.050713 0.041077 -0.020332 -0.011927 0.006240 -0.031854 -0.016767 -0.034418
0.023972 0.000353 -0.078854 0.050183 0.003801 0.018211 -0.014947 -0.017784 -0.045262 -0.035891
0.023854 -0.087930 -0.016163 0.014476 0.022484 -0.015883 -0.029674 -0.066596 0.103312 -0.018152
0.016546 0.078619 0.029158 -0.010638 -0.057667 -0.019021 0.035420 -0.082037 -0.007002 0.121995
0.004862 0.012295 -0.033799 -0.018432 -0.083392 -0.022410 0.001038 0.057667 -0.001104 -0.006803
0.046529 0.046617 -0.010527 -0.052511 -0.001670 -0.029895 -0.138496 0.044908 -0.003599 0.003398
-0.014888 0.027228 0.006722 -0.005389 0.053572 0.193777 -0.010638 0.009805 0.045674 0.050566
-0.038131 0.006719 0.000717 -0.035567 0.022145 -0.021099 -0.010328 -0.021216 0.010542 0.080917
0.108381 -0.024178 0.117869 0.169732 -0.089522 0.031972 -0.026432 -0.062294 0.004939 0.062294
-0.014557 -0.066419 -0.034683 -0.112801 -0.054573 -0.043464 -0.013187 -0.020642 -0.007083 0.002521
-0.053778 0.084159 0.030646 0.020553 0.053807 0.031088 0.056636 0.012413 -0.065064 0.052923
-0.099364 -0.061940 0.007544 -0.042875 -0.021717 -0.040606 -0.018756 0.013592 0.007289 0.041755
0.028023 -0.003809 0.020745 0.043405 0.033917 0.027522 -0.010439 -0.030042 -0.143211 -0.019625
-0.028127 -0.007875 0.012303 0.009628 0.003442 0.042728 0.013967 0.009415 -0.059966 0.026521
0.032237 -0.023662 0.031000 0.067657 0.058728 -0.009164 0.027714 0.048680 0.018005 0.019095
-0.061528 -0.014365 0.012700 0.047796 -0.004291 0.060143 0.000054 0.013945 0.026123 -0.016030
-0.026064 0.087046 -0.020303 0.004884 -0.012885 -0.017047 -0.013334 -0.016133 -0.031589 0.002455
-0.050389 -0.027670 0.023132 -0.010137 -0.053071 -0.020686 0.039634 -0.037099 0.035007 -0.006811
0.037129 0.034123 -0.033121 -0.051450 -0.014815 0.005297 -0.006129 -0.054809 -0.021393 -0.012605
-0.006969 0.062294 -0.049269 -0.021364 -0.034064 -0.021275 -0.007297 -0.034212 -0.041549 -0.040311
0.002877 0.043287 -0.018564 0.001947 -0.013577 -0.006556 0.010174 0.008546 0.016605 -0.049505
-0.142150 0.043641 0.013805 -0.033151 0.018756 -0.027125 -0.000896 0.027581 -0.061292 0.019301
0.035361 -0.036215 -0.017356 -0.044348 0.057726 0.064121 0.010756 0.037276 0.015411 -0.011713
0.009923 -0.023942 -0.003278 -0.030351 0.029836 -0.051862 -0.059701 0.120521 -0.015515 -0.005938
0.026123 -0.048120 -0.041372 -0.042875 0.026182 0.008678 0.032797 -0.033092 -0.028731 0.034123
0.054986 0.023058 0.029099 0.060703 0.006243 0.039722 0.040164 0.021025 -0.006803 -0.007345
0.006295 0.000244 -0.002236 -0.022542 0.001793 -0.053365 -0.061056 -0.043582 0.118789 -0.157581
-0.061597 -0.088097 -0.284327 0.015719 -0.145929 0.011296 0.070549 -0.045931 0.068702 -0.168522
-0.072254 -0.203050 0.157154 0.047814 -0.011323 0.025967 -0.039395 0.190546 -0.080282 0.034688
0.080993 0.014165 0.059892 -0.015470 0.075380 0.006914 0.075238 0.149908 -0.056411 -0.041953
-0.076801 -0.022042 -0.130157 -0.016767 0.053640 -0.048631 0.074030 0.009485 0.069021 0.083692
-0.034777 -0.092857 -0.032095 0.005169 0.159428 0.014813 0.120850 0.214560 -0.055771 0.170937
-0.036518 0.012984 -0.020213 -0.212286 -0.049413 -0.203761 0.049164 0.102804 -0.198929 0.018241
0.010186 -0.010595 0.053001 0.002019 -0.054173 0.127670 -0.144863 0.031154 0.144224 -0.121063
-0.095841 -0.163406 0.053782 -0.040923 0.291005 0.106285 -0.007260 0.006328 -0.049377 0.030674
0.038223 -0.057015 0.039466 -0.351821 -0.145432 -0.049626 -0.121773 -0.114029 0.065966 0.077511
-0.051473 0.047068 0.034830 0.038507 0.024760 0.074243 -0.011430 -0.081419 -0.157581 0.071082
-0.042486 0.167527 0.105930 0.072822 -0.008579 -0.040035 0.109411 -0.008375 0.091365 0.001299
0.087387 0.031953 0.024156 0.024316 0.046571 0.065114 -0.018809 -0.083835 -0.047743 -0.106143
-0.028188 -0.062521 0.088666 -0.030852 -0.013596 -0.063693 0.051402 -0.060070 -0.238573 0.041029
-0.125183 -0.065078 0.069270 0.144650 -0.013197 -0.120708 0.097760 -0.223085 -0.125894 -0.015417
0.052290 0.033481 0.069874 0.067103 0.014742 0.119713 -0.008836 -0.108203 -0.006785 -0.010408
-0.011509 0.026500 -0.059643 -0.132714 0.106925 -0.146782 0.003621 0.048489 0.024209 -0.009582
-0.102378 -0.016234 -0.052077 0.013508 -0.056020 -0.073320 0.031136 -0.030994 -0.023960 0.074812
-0.136835 -0.159001 -0.043516 -0.022415 -0.015435 0.052468 0.065256 -0.016740 -0.077511 -0.042486
-0.003308 0.007540 -0.025417 -0.114669 -0.121986 -0.081348 -0.039004 -0.055096 -0.032450 -0.116658
0.001794 0.041136 -0.090726 -0.005981 -0.057725 0.012700 -0.036695 -0.017531 0.075309 -0.082343
0.110690 0.210439 0.019289 0.118931 0.025292 0.064688 0.042308 -0.049661 -0.139677 0.056766
-0.039040 0.061100 0.033942 0.010932 -0.036482 -0.074172 0.079217 -0.115876 0.081703 0.055203
0.034653 0.108061 0.017096 0.155733 0.053960 -0.029093 0.276086 0.175058 -0.087813 0.013934
-0.055523 -0.137190 -0.036376 -0.112395 -0.123478 -0.013481 -0.078151 -0.085184 0.016012 0.090229
-0.034138 0.015692 -0.135343 -0.009600 0.058222 -0.187704 -0.103656 0.015310 -0.012424 0.052468
-0.032468 -0.042024 -0.095628 -0.037726 -0.110122 0.023001 -0.117653 -0.043338 0.053107 0.024227
0.025026 -0.056766 -0.075451 0.032273 -0.062911 -0.025523 -0.016607 -0.004711 0.024422 0.014280
-0.093923 -0.014556 -0.145147 0.049448 0.011643 -0.006288 -0.017664 -0.024689 0.125326 -0.138398
-0.042344 -0.320845 0.015621 -0.081703 -0.049342 0.068169 0.007110 0.007070 -0.072231 -0.030152
-0.153142 -0.026394 -0.102895 0.005963 0.065703 0.057869 -0.070749 -0.007604 -0.014467 -0.036274
-0.026818 0.004918 -0.032569 0.031546 0.028811 0.016143 -0.057199 -0.057587 -0.028935 -0.038921
0.057128 0.120679 0.112281 0.044884 -0.014653 0.021366 -0.018472 0.004587 0.011777 0.011927
0.064609 0.025741 -0.005183 -0.094708 -0.094002 0.069373 -0.013894 -0.000251 -0.078476 0.040332
-0.014079 -0.024383 -0.009633 -0.096331 -0.001508 0.037509 0.040191 -0.006696 0.029464 0.053070
0.017802 0.006356 0.022513 0.054341 0.197603 0.063021 -0.046578 -0.082499 -0.045907 -0.018419
-0.019707 0.019972 -0.041250 -0.026253 0.062598 -0.003432 -0.012535 0.039344 -0.026041 -0.055893
-0.035233 0.040473 0.135358 0.139945 -0.035657 0.008451 -0.040050 0.032110 -0.049295 -0.038109
0.019107 -0.234724 -0.142203 0.036803 0.034633 -0.023060 -0.018455 -0.000830 0.021754 -0.026959
0.132535 0.055046 0.001286 -0.038109 -0.006660 -0.090121 -0.015270 -0.041144 -0.003462 0.000840
-0.007529 -0.027858 -0.036839 0.041638 0.006700 0.070078 0.005200 0.002230 0.033381 -0.046260
-0.073960 -0.076289 -0.071066 0.072231 0.018860 0.015076 0.055893 0.055717 -0.033610 -0.033875
-0.075795 -0.005125 -0.025106 -0.070572 -0.000982 -0.029693 0.074877 -0.032763 0.083628 0.040085
-0.007939 -0.021383 -0.017537 0.018596 0.042343 -0.030752 -0.034245 0.062104 0.024841 0.014309
0.003895 0.046154 0.018119 0.077771 -0.039238 -0.009254 0.010092 -0.025124 -0.055399 -0.002298
-0.008698 0.031687 -0.003151 -0.044778 0.058857 -0.029093 -0.058187 -0.111081 0.050318 -0.041532
-0.015676 0.030258 -0.045378 0.026623 -0.020960 -0.029093 0.011953 -0.004254 -0.043543 0.063515
-0.031616 -0.008892 0.086592 -0.096120 -0.062774 -0.059951 -0.011786 0.058893 0.059881 0.025388
0.021595 -0.081158 0.082076 0.081299 -0.004347 0.001196 -0.039415 -0.097954 0.064821 0.042837
0.018525 0.013788 0.065491 0.035516 0.007816 -0.026376 -0.008447 -0.003132 -0.011512 -0.008270
-0.001049 0.045731 0.018649 -0.049048 0.014520 -0.011459 -0.040050 0.035745 0.028282 -0.047107
0.015147 0.004565 0.019090 0.028458 -0.052647 0.011424 -0.059669 -0.037156 -0.012191 -0.062880
-0.029746 0.038109 0.022954 0.002929 -0.045519 0.039591 0.142627 -0.011327 0.030240 0.043896
0.012941 -0.034192 0.025865 0.014732 -0.080029 0.009421 0.039450 -0.005266 -0.059493 0.057305
0.067326 0.035886 0.009051 -0.036133 -0.036451 0.027964 -0.025635 0.030046 -0.013762 0.028405
0.002858 0.050459 0.086522 0.042520 0.039168 0.030293 0.002719 0.014009 0.059351 -0.027223
-0.061151 0.000196 -0.030805 0.002946 0.011168 -0.013823 0.027664 0.000220 -0.048624 0.020307
-0.098237 -0.018225 0.005337 0.027329 0.041214 0.001867 -0.046331 -0.092097 0.001450 -0.042273
-0.050283 -0.019143 -0.015155 -0.005849 -0.074013 -0.139449 -0.049320 -0.124243 -0.314507 0.001905
0.065241 0.098576 -0.050523 0.000788 -0.050198 0.016115 -0.148546 0.322825 -0.051530 -0.054421
-0.060920 0.007318 -0.036454 -0.041815 -0.040093 -0.053804 -0.300731 -0.064006 0.036357 0.052375
0.018617 0.054454 0.118265 -0.015636 -0.153875 0.295013 -0.056923 -0.040451 -0.035674 -0.077717
-0.018796 0.057638 -0.124958 -0.000966 -0.018958 -0.065761 -0.064363 -0.092143 0.051855 0.054389
-0.147376 -0.096367 0.248357 -0.443169 0.075898 0.069724 -0.083955 0.033303 -0.099226 -0.092013
0.033790 -0.164142 -0.002368 0.056403 0.055819 0.142308 -0.108908 -0.065761 -0.113197 -0.006413
0.004069 -0.269540 0.122359 0.033400 -0.142698 0.043602 -0.026935 -0.024384 0.078627 0.080901
-0.073948 -0.007323 -0.005653 -0.117160 0.035999 -0.011623 -0.092013 -0.016814 -0.127817 -0.019510
-0.061602 0.050035 0.039931 0.032832 0.048476 0.016050 0.051335 -0.070049 -0.002058 -0.023491
-0.051855 0.063031 -0.028055 -0.043472 -0.024449 0.093247 0.058125 -0.183766 -0.029420 0.053349
-0.021411 0.054064 -0.048443 0.058483 -0.063194 -0.082851 -0.019510 -0.044934 0.104424 -0.064104
0.090843 -0.053577 0.024189 0.007587 -0.088569 0.119370 -0.036617 -0.084345 -0.004264 -0.008651
0.054324 0.102085 0.029891 0.027243 0.174279 -0.304630 -0.077912 0.019364 0.008586 -0.068490
0.052569 0.044382 -0.097666 0.015222 0.087464 -0.021866 0.026171 -0.040743 -0.047891 0.022451
0.004027 -0.002597 -0.140229 0.011315 0.002701 -0.132366 0.090063 -0.021249 -0.112222 -0.050360
0.055071 -0.220155 -0.085060 -0.089674 -0.077002 -0.059782 -0.015132 -0.050393 0.014702 0.073168
0.015547 0.114041 0.062609 0.088959 0.056501 0.054681 -0.057021 0.081486 0.064396 -0.049970
-0.019104 -0.061374 0.063259 0.012793 -0.097146 -0.054356 -0.060432 -0.115406 0.237830 -0.060660
-0.067710 0.084410 -0.057281 -0.027796 -0.086944 -0.067060 -0.036584 -0.026626 -0.023361 -0.093377
-0.030005 0.063129 0.049710 -0.031727 -0.020810 0.001072 -0.118525 -0.050653 -0.051075 -0.023036
-0.035090 0.102540 -0.039703 0.012411 -0.054649 -0.058223 0.009138 -0.138279 -0.131781 0.017659
-0.015279 0.004618 -0.057476 0.095522 0.115861 -0.100785 -0.159463 0.092923 0.072064 -0.038501
-0.011940 0.008070 -0.042270 0.210278 -0.036357 0.080056 -0.002001 -0.135160 0.031434 -0.030736
0.006023 -0.037721 -0.025066 -0.037331 0.069400 0.046006 0.005345 -0.043927 -0.038891 0.034147
-0.051530 -0.206899 0.063584 0.062447 0.081356 -0.014076 0.124568 -0.048768 -0.019640 0.069270
-0.155304 0.020550 0.110337 0.069270 0.092338 -0.003980 -0.115601 0.019234 0.011705 0.088244
0.171289 -0.095262 0.110857 -0.108518 0.081421 0.131976 0.006482 0.022971 -0.007716 -0.038111
0.115341 0.035155 0.047891 0.011948 -0.059392 -0.027016 -0.061894 -0.100655 -0.009958 -0.073883
-0.061732 -0.140099 -0.022454 -0.031710 -0.030195 -0.010273 -0.034615 0.016664 0.029904 -0.040737
-0.097454 -0.061635 -0.014589 0.059394 -0.069438 -0.057236 0.114056 -0.015388 -0.007403 0.016882
0.036587 -0.024903 -0.008389 0.066284 -0.021894 0.021074 0.077988 0.023865 0.017287 -0.070227
0.053791 -0.033495 -0.101356 -0.016229 -0.103265 -0.068234 -0.002095 0.004633 -0.063129 0.019456
0.076826 -0.020794 -0.019808 0.092141 -0.005629 -0.025463 -0.063503 0.092307 -0.058896 0.050595
0.045448 -0.218649 -0.089070 -0.029967 -0.124349 -0.026895 -0.024384 -0.033349 -0.009645 0.009754
0.074460 0.056945 -0.025131 -0.096873 0.033370 0.030423 -0.020514 -0.007071 0.058688 0.024031
-0.031751 0.037479 -0.029635 -0.097371 -0.030299 -0.025941 -0.088074 -0.030423 -0.076951 -0.106751
0.019933 0.064665 0.071845 0.033308 0.082305 0.048976 0.009463 0.114886 0.085501 -0.005806
-0.005284 -0.101273 0.037396 0.004545 -0.066948 0.098782 0.076660 -0.230935 -0.002080 0.060847
-0.045116 0.030714 0.046195 0.013053 -0.050512 0.031067 -0.123021 -0.034055 -0.028120 -0.014350
-0.009147 -0.001859 0.007632 0.014755 0.078694 0.019072 0.022413 0.007440 0.020535 -0.004700
-0.022786 0.017484 -0.013375 -0.033764 0.041069 0.005370 0.052919 0.013240 0.035196 -0.017702
0.042999 0.001770 -0.013458 0.024903 0.020732 0.048104 -0.059435 -0.079856 -0.109242 -0.000016
-0.026439 -0.099280 0.008285 -0.087161 -0.101024 -0.005572 0.040218 -0.009660 -0.037707 0.002205
-0.008477 0.030631 0.004425 0.020649 -0.001406 0.033930 -0.001045 0.068940 0.041152 0.065454
0.222634 0.064084 0.016332 0.038973 -0.066284 -0.016571 0.008379 -0.081931 0.041941 -0.007206
-0.042916 -0.066242 -0.055202 -0.075954 -0.064167 0.033453 0.022662 0.031295 0.053334 0.083218
-0.008975 -0.005743 0.010117 0.023326 -0.012161 0.054455 -0.041298 -0.131903 -0.058896 -0.005147
0.025152 0.001025 -0.056322 0.005401 0.020763 0.043788 0.167681 0.006205 -0.016197 0.097703
-0.010190 -0.022766 -0.028991 0.037873 0.075456 0.125263 0.012244 -0.036794 0.075083 0.007850
-0.070517 0.041588 -0.043165 -0.050346 -0.007378 0.006547 0.005030 0.009209 -0.006962 0.025941
-0.058688 0.047191 0.097205 -0.126093 0.070393 0.031834 -0.045614 0.012234 0.024011 -0.049516
-0.027414 -0.045656 0.030112 -0.051342 -0.064208 -0.014205 -0.100941 -0.074377 -0.100276 -0.079358
-0.089485 -0.050927 -0.083259 -0.038973 -0.044701 0.048852 0.034781 0.000077 -0.045407 0.069397
-0.044743 -0.002634 -0.020379 0.016478 0.068525 -0.070849 0.057609 0.050304 -0.027829 -0.161372
0.016872 -0.049889 -0.143940 0.008789 -0.012244 -0.035715 -0.044369 -0.080935 -0.041567 0.040218
-0.035840 -0.002503 -0.024882 0.059186 -0.000805 -0.027352 0.039513 -0.085750 0.034449 -0.028473
-0.086248 0.011310 -0.047731 -0.032976 0.016882 -0.024467 -0.062673 -0.015699 -0.061635 -0.085169
-0.032965 -0.167019 -0.052736 -0.021174 -0.101362 -0.011415 0.041595 -0.015695 -0.040431 -0.047257
-0.056890 -0.088440 0.048124 0.160718 -0.001520 0.002993 0.046731 0.028947 -0.024838 -0.071410
-0.047028 -0.033194 -0.032235 -0.043376 -0.008019 -0.038673 0.019816 0.044426 0.050087 -0.017510
0.016346 -0.001184 0.039403 -0.011112 0.012784 0.019177 -0.047530 -0.082505 0.016608 -0.019736
0.035203 0.024952 0.088851 0.000598 -0.001142 -0.003270 -0.089308 -0.019325 -0.075747 -0.132775
0.044152 -0.072688 0.078670 0.022772 -0.020797 -0.018971 0.024313 0.007556 0.137067 0.009731
-0.030112 -0.029610 -0.050316 -0.061548 0.010296 0.029176 -0.029107 0.019565 0.061319 -0.089902
-0.132410 -0.066935 -0.031596 -0.054060 -0.040202 -0.038262 0.049722 -0.012465 -0.005625 0.006974
0.052507 -0.011146 -0.047622 0.092458 -0.046983 -0.195236 0.047530 0.011711 -0.006198 0.015136
0.045636 0.041800 -0.033376 0.014223 -0.094878 -0.014245 -0.041321 -0.096522 -0.055932 -0.016129
0.013755 -0.006284 -0.008401 0.100997 0.002600 -0.024815 -0.054288 -0.016688 0.001278 -0.014063
0.010193 -0.041709 0.025089 0.095883 0.013812 0.160718 0.054242 -0.003447 -0.044060 -0.030523
0.011146 -0.043946 -0.033148 -0.044517 -0.022818 -0.003910 0.005528 -0.051503 -0.033993 -0.011803
-0.178707 -0.118164 -0.056434 -0.148847 -0.029130 0.054790 -0.005145 -0.093463 0.070588 -0.096979
0.018389 -0.014919 0.022521 -0.059036 -0.040819 0.043239 -0.027395 -0.064378 -0.106293 0.016643
-0.044677 -0.003122 -0.072277 -0.065566 0.086660 0.032600 -0.037143 0.270663 -0.034084 -0.077711
-0.118347 -0.033536 0.044015 0.095974 0.034107 0.022772 0.117799 0.066661 0.024701 0.024656
0.064607 0.018229 0.101271 0.033993 -0.032828 0.063602 -0.109124 -0.015079 -0.069127 0.010735
0.141450 0.026322 0.020033 0.042714 -0.139076 -0.006152 -0.009463 -0.003484 -0.021380 0.033011
0.011084 0.015764 0.016152 0.022281 0.116155 -0.010656 -0.105562 -0.042485 -0.010496 0.072460
0.045088 0.012373 0.025203 -0.048535 0.020729 -0.014542 -0.033354 -0.043056 -0.114146 0.024541
-0.046275 -0.125470 0.045910 -0.046298 0.049585 0.011860 0.012385 0.014234 0.087162 -0.021163
-0.059904 -0.060178 -0.043216 -0.058169 0.021026 -0.035979 -0.040134 0.048992 0.009543 0.203089
0.109032 -0.067392 -0.004483 0.012191 0.043079 -0.092367 0.061593 0.034358 -0.050544 -0.005759
0.004823 -0.038696 -0.025181 0.023674 0.097435 -0.042006 -0.043786 0.038467 -0.032189 -0.013184
0.059676 0.033034 0.000005 -0.041001 0.005733 -0.081089 -0.252217 -0.110037 -0.031733 0.110585
0.005707 0.032600 0.049129 -0.001905 -0.019884 0.049859 0.089628 -0.002384 -0.023971 0.025888
-0.048535 -0.097800 -0.019085 -0.007488 -0.082185 -0.026254 0.116246 0.053466 0.048124 0.024610
-0.067483 0.007174 0.073191 -0.088897 -0.025683 0.021927 -0.037874 -0.022749 -0.068054 0.006149
0.071253 0.073248 -0.047821 0.018426 -0.003381 0.063983 0.028418 -0.031825 -0.022103 -0.038597
0.041007 0.049233 0.006538 -0.040799 -0.077652 -0.073996 -0.048195 0.047031 0.036146 -0.059329
0.003420 -0.035502 -0.005175 0.206905 -0.043334 -0.014864 -0.100544 -0.034837 -0.043334 0.006549
0.016100 -0.088163 -0.010039 0.011841 0.021459 0.020545 -0.044372 0.001111 0.019008 -0.031472
-0.003921 -0.025261 -0.014832 -0.017896 -0.067431 -0.029893 -0.022581 -0.077693 0.001890 -0.067722
-0.076198 -0.009307 -0.056380 0.047613 0.046325 0.046574 0.012973 -0.050605 0.050106 0.081266
0.019974 0.056795 -0.022165 -0.018270 -0.006881 -0.011945 0.060410 0.000862 -0.083842 -0.051892
0.011166 0.026777 0.013638 0.082347 0.028647 0.018447 0.031971 -0.056878 -0.069093 0.014645
0.108272 0.024492 -0.033238 0.102705 -0.014458 0.063401 0.108438 0.028211 0.040592 -0.038223
-0.058582 -0.025095 0.009717 -0.041215 -0.008138 0.078358 0.017190 0.043583 0.163945 0.031057
0.100710 0.160954 -0.067431 -0.016380 0.206573 -0.026486 -0.030246 0.071212 0.019205 -0.030600
-0.011654 -0.056629 -0.134696 -0.192447 -0.039595 0.034006 0.013555 0.022062 -0.054219 -0.005030
0.011550 0.020805 -0.064897 -0.017761 -0.015798 0.009374 -0.008315 0.003937 0.080477 -0.037787
0.021376 0.023931 -0.021033 0.004588 0.001202 -0.030620 -0.109685 -0.052183 -0.069051 -0.023329
0.026632 -0.006097 -0.017408 -0.033861 -0.023807 0.001459 -0.086668 -0.034069 -0.028335 -0.107607
0.036541 -0.006855 0.014967 0.032261 -0.025531 0.028024 0.009291 -0.023536 0.034276 -0.006066
0.023453 0.084507 0.039865 0.047156 -0.045120 -0.045411 0.034941 0.066226 0.035253 0.000684
-0.043292 -0.076405 -0.041090 -0.035876 -0.057294 -0.089493 -0.144667 -0.031825 -0.043999 0.025385
-0.039262 -0.079189 -0.030392 -0.110183 0.012319 0.042627 -0.101708 0.033092 -0.021812 -0.089659
-0.027774 -0.028086 0.094894 -0.054011 0.001709 0.000856 0.017782 -0.021708 0.017730 0.092900
0.022435 -0.013274 -0.034858 -0.089077 -0.010387 0.008071 -0.070713 -0.004142 0.100877 -0.017543
-0.006377 0.055923 -0.033778 0.061074 0.045494 0.038701 0.004523 -0.009031 -0.016795 0.003511
-0.133117 0.054178 0.071170 0.006211 -0.036915 -0.013098 0.027338 0.018551 -0.011893 0.029831
0.031410 -0.045993 -0.021231 0.016089 0.128796 0.070090 0.011457 0.018167 0.017304 -0.048112
-0.071378 0.042503 0.063858 0.029789 -0.052723 -0.003534 0.011509 -0.004064 0.024451 -0.020088
-0.001215 -0.027837 -0.010018 -0.111679 -0.116083 -0.007463 -0.051560 -0.212722 0.006964 -0.003602
-0.045536 -0.021625 -0.057044 -0.100877 -0.060950 0.040488 0.021127 -0.084465 -0.019496 0.021605
-0.009899 -0.017066 0.071461 0.014666 -0.021293 -0.007821 0.025614 -0.035398 0.027172 0.020109
-0.019340 0.117246 0.031991 0.027795 0.100129 0.007884 -0.012062 -0.073822 -0.066720 -0.074889
0.051682 -0.015980 -0.042513 0.003522 -0.005760 0.010303 0.032193 0.038545 -0.057184 0.041079
0.069287 -0.041746 -0.042880 -0.014179 -0.037778 -0.034010 -0.030342 0.110033 -0.021040 0.063186
0.063986 0.059218 0.049081 0.028192 0.133107 -0.049882 -0.008619 0.024824 -0.043380 -0.040079
-0.079757 -0.013796 -0.029976 -0.004481 -0.037545 -0.003284 0.024424 0.031693 -0.000710 -0.018489
0.005464 0.006298 -0.031810 -0.075556 0.056817 -0.090894 -0.018356 -0.076356 -0.031910 0.028042
-0.032843 -0.092428 0.042746 -0.023424 -0.037545 -0.044547 0.032760 0.121503 -0.061218 -0.008636
-0.099363 0.005643 0.046814 -0.124037 0.059785 -0.021090 -0.080691 0.015430 -0.020006 -0.053549
0.045380 0.018856 0.008357 -0.074022 0.014288 0.073622 -0.046181 0.021123 0.064719 0.019056
-0.097096 0.011070 0.078490 -0.015980 0.049815 0.025608 0.073822 0.076690 0.024591 0.019339
-0.051349 -0.024241 0.007035 0.010503 0.010361 -0.011779 -0.054616 0.020523 0.013196 -0.154980
-0.076823 0.044480 -0.045947 -0.051082 -0.018972 0.058518 0.035944 -0.018856 -0.053983 -0.059618
0.016897 -0.069488 -0.050749 -0.013546 0.009595 -0.024991 -0.029642 -0.107366 -0.053716 -0.002494
-0.094228 -0.046347 -0.042679 0.033944 -0.047147 -0.022123 0.090627 -0.023607 -0.006560 0.013587
-0.012912 -0.035977 0.006110 -0.008444 0.039145 -0.029626 0.019823 -0.015405 -0.018105 -0.012771
-0.048348 -0.029709 0.049948 0.053083 0.058984 0.104498 0.054550 0.030676 0.040912 0.000152
-0.022807 -0.004647 0.030726 -0.053349 -0.099030 -0.031776 -0.008536 -0.083558 -0.012004 -0.014771
0.001213 0.020139 0.047448 0.071088 -0.008753 0.059084 -0.016422 -0.015771 -0.028208 0.018172
-0.088160 -0.018989 -0.056784 -0.055017 -0.006219 0.015288 -0.054783 -0.033977 -0.127305 -0.044513
-0.049548 -0.022623 0.005827 -0.015763 -0.047047 -0.050649 0.058551 0.038145 0.003862 0.039312
-0.013279 -0.015846 -0.078023 -0.067587 0.013646 0.066520 0.008132 -0.003762 0.020523 -0.075956
0.016847 -0.032160 0.001389 0.102564 -0.021623 -0.036744 0.082158 0.037811 0.044380 0.010737
-0.058651 0.022774 -0.043546 -0.010286 0.008836 0.022307 0.024824 -0.014463 0.028609 0.045480
-0.009069 -0.022057 -0.035644 0.003195 0.001288 -0.079691 -0.054116 0.040445 -0.013779 -0.032660
-0.008157 -0.052416 -0.016472 -0.010670 -0.025874 0.002297 -0.022007 -0.058051 0.042246 -0.052716
0.012537 0.004639 0.010470 -0.025558 0.090427 -0.024274 -0.029976 0.009536 -0.024824 -0.042179
-0.000876 -0.034410 0.065153 0.041913 -0.050649 -0.001094 0.078624 0.031193 0.034010 0.013446
-0.014096 -0.050348 -0.029442 -0.008348 -0.022407 -0.017755 -0.029626 -0.034577 0.024874 -0.001356
0.004826 -0.042213 -0.020856 0.081558 -0.035411 0.074822 -0.015596 0.010703 0.047881 -0.056484
0.003682 0.003001 -0.014688 -0.042479 0.041067 -0.055256 0.011027 -0.014649 -0.103004 0.000765
0.025770 -0.032564 -0.028923 0.078605 0.076315 0.083335 -0.066330 0.024043 0.011552 0.038007
0.062351 -0.041217 -0.060737 0.057133 0.043244 -0.050676 0.075226 -0.045571 -0.004657 0.034366
-0.053004 0.053942 -0.046697 -0.011130 0.069671 0.003097 -0.015588 0.138140 0.152855 0.012115
-0.054130 -0.034760 0.005570 -0.047185 -0.061487 0.043394 0.004838 -0.024907 -0.032377 -0.032883
-0.033690 0.007109 -0.076878 -0.048612 -0.046848 -0.072636 -0.048311 -0.022279 0.000731 -0.025413
0.003411 0.099926 -0.012772 -0.008216 0.020890 -0.028510 0.001639 -0.021153 -0.020683 -0.084986
-0.000616 -0.139191 -0.195799 0.060136 0.060174 -0.034967 0.009938 0.012988 -0.020721 -0.044483
-0.066292 0.000297 -0.051127 -0.081833 -0.000223 0.015757 0.003972 0.101203 0.039077 -0.056758
0.006428 0.003949 -0.028078 -0.066780 0.059535 0.089040 0.026408 0.047411 0.065053 -0.006175
0.026690 0.024775 0.020890 -0.010539 -0.019388 -0.028304 0.123650 0.082734 -0.025188 0.040616
-0.025563 -0.036844 -0.016676 -0.017558 0.003446 -0.027253 0.018234 0.037745 -0.017549 -0.067831
-0.027853 0.055519 0.018244 0.019689 -0.038289 -0.064153 -0.006485 -0.005804 -0.026145 -0.036187
-0.019210 -0.021247 0.032226 -0.026446 0.029186 0.094821 0.051878 0.129506 0.136413 0.041780
0.040166 -0.043094 0.096998 -0.025263 -0.065654 0.092644 0.032226 -0.039077 -0.019820 -0.043694
0.009751 0.004519 0.006377 0.093770 -0.037669 -0.043131 0.029711 -0.034253 -0.075789 -0.052854
-0.020120 0.008873 -0.049963 -0.038514 -0.031119 -0.002191 -0.010182 -0.015982 0.012068 0.035417
0.014781 0.069933 -0.060849 -0.046960 0.012115 -0.031645 -0.035567 0.008751 -0.083410 -0.004955
-0.015841 -0.043582 0.059198 0.066968 0.054580 0.006555 0.050001 0.074213 0.098950 0.060737
0.042531 0.003843 0.071773 -0.064866 -0.078304 -0.011412 -0.009751 -0.018046 0.062201 -0.016902
-0.057884 -0.007620 -0.010773 0.009492 0.030350 0.089266 0.065241 0.017446 0.043657 0.017258
-0.010389 0.008169 -0.066180 -0.044633 -0.108560 -0.199252 -0.085136 0.006977 -0.064828 -0.062651
0.031100 0.064115 0.048462 0.074663 0.103155 0.102329 0.024475 -0.074400 -0.032170 0.035549
0.024531 0.016939 -0.084536 -0.134461 -0.075001 -0.027084 0.011928 -0.005349 0.038965 -0.046547
-0.002356 0.011721 -0.130407 -0.048274 -0.027271 -0.127930 -0.042118 -0.003507 0.028510 0.058334
0.107584 0.171023 0.079956 -0.016873 0.048424 0.008610 -0.023949 -0.061975 -0.015944 0.045609
0.035023 0.023855 -0.041067 0.011421 0.070384 0.010905 -0.020214 -0.035436 0.053980 0.007207
0.014011 0.011449 0.049062 -0.027009 -0.031682 0.024175 0.105257 0.016780 0.098725 0.000696
0.020852 -0.044858 -0.017774 -0.062801 -0.000843 -0.003076 0.025601 0.022635 -0.027478 -0.028491
-0.051239 -0.067381 0.088236 0.157421 0.052605 -0.090528 0.156705 0.076347 -0.116670 -0.035595
0.083939 0.014655 -0.018568 0.082650 -0.111799 -0.079857 -0.034790 -0.033393 -0.067323 -0.124333
-0.101629 -0.036079 0.099552 -0.069221 -0.204548 -0.069006 0.180626 0.023259 -0.167019 0.076920
0.230045 0.014073 -0.159713 -0.047019 0.075345 -0.058120 -0.095971 -0.081217 0.029722 -0.109221
0.053429 0.022435 -0.066786 -0.022865 0.082865 0.048845 -0.068720 0.032892 -0.023169 -0.031370
0.030958 0.050457 -0.087807 -0.070689 0.194378 0.071191 0.094038 0.104064 0.058156 0.087735
-0.017457 0.044799 -0.023581 -0.038138 0.084584 0.050170 -0.043903 -0.111441 0.036419 0.007793
0.044226 -0.056365 -0.083509 0.090671 -0.075201 0.002603 0.040537 0.000880 -0.015560 -0.057225
-0.006723 0.026267 -0.014288 0.104852 -0.008474 0.024781 0.156419 0.232623 0.046338 0.031943
-0.066607 0.108003 0.029687 0.168308 -0.077708 0.054718 -0.058585 -0.192086 0.054682 -0.011146
-0.028845 0.003695 0.019749 0.057404 -0.069901 0.002583 0.091961 -0.084369 -0.057726 -0.130277
-0.069866 0.028630 -0.002675 -0.143885 -0.099266 0.005667 -0.038030 0.068004 0.084512 0.077636
0.105067 0.107359 0.068720 0.110295 -0.048953 0.062739 0.033876 -0.053250 -0.038281 -0.031853
0.004259 -0.094467 -0.022972 0.027108 -0.006441 -0.130492 -0.079857 -0.035058 -0.171316 -0.006473
0.023688 -0.117242 0.056401 0.019606 -0.038711 0.056186 -0.136723 0.092963 0.066965 -0.080286
0.078997 -0.017977 -0.046410 0.096401 0.124834 0.003733 -0.187216 0.011889 0.038174 -0.047520
0.013679 -0.034109 0.087019 0.015551 0.010877 -0.042507 0.030206 0.027234 -0.025819 0.085013
-0.001502 -0.052462 0.014790 -0.065604 -0.081576 -0.028773 0.067431 -0.019570 0.021182 0.030546
0.073411 0.094324 -0.138084 0.000668 0.083653 -0.165586 -0.350080 -0.104709 -0.029508 0.014270
0.027628 0.074915 0.000849 -0.010716 0.028988 -0.020197 -0.122041 0.089096 0.128559 -0.074485
0.045730 0.040465 0.069794 0.042793 -0.102131 0.052211 -0.022131 -0.028147 -0.035166 0.039033
-0.045443 -0.102775 -0.030152 0.023706 -0.071441 -0.151835 -0.176043 0.159284 -0.139087 -0.037529
-0.006334 -0.079928 -0.028075 -0.154700 0.009651 -0.111298 -0.088738 0.074414 -0.044118 0.047520
0.076347 0.028397 -0.095398 -0.014217 0.030063 -0.057296 0.073411 -0.259409 -0.226034 0.042435
0.046410 -0.072838 -0.080716 0.266428 0.150976 -0.075918 0.021038 0.085944 -0.016688 -0.167019
0.080143 0.006464 -0.126696 -0.028505 -0.038460 -0.100770 0.003377 0.092175 -0.266571 0.150546
-0.030689 -0.197815 -0.020179 0.019087 0.047950 -0.006088 -0.045765 0.025013 -0.096329 -0.030797
-0.101629 -0.067431 -0.034431 -0.091101 0.011146 -0.011996 0.008944 0.104064 -0.081074 -0.014790
0.075703 0.064709 0.089812 0.078496 -0.103921 -0.018290 0.013608 -0.044333 -0.021092 0.094396
-0.021437 -0.252684 -0.084201 -0.093085 -0.076906 0.119413 -0.069244 0.079432 0.085260 -0.022252
0.007341 -0.012013 0.006078 -0.058036 -0.117783 -0.039492 -0.126668 -0.004098 0.010123 -0.071281
0.190409 -0.000699 -0.336803 0.095123 -0.163429 -0.079432 0.048336 0.012023 0.032747 -0.072422
0.122918 -0.131966 0.056406 -0.033582 -0.050741 -0.036354 0.092515 0.115338 -0.092922 0.122429
0.270779 -0.188942 0.127891 0.045076 0.112485 0.085423 -0.052085 -0.073564 0.032808 0.065779
0.023210 -0.014030 0.025859 -0.027021 0.013755 0.087869 -0.012532 -0.028631 0.218123 -0.012471
0.189920 0.130499 -0.135064 -0.125934 -0.083467 0.242739 -0.089988 0.081837 -0.013042 -0.121207
0.122266 0.039818 -0.004124 0.157316 0.035152 -0.045116 0.451244 -0.058973 0.007698 -0.263769
-0.068469 0.018921 -0.188290 -0.123081 0.089336 -0.453853 -0.003133 0.028977 0.130010 0.174107
-0.090233 -0.074338 0.021682 0.076416 0.143052 -0.012318 0.137264 0.150306 -0.032930 0.011147
-0.115012 0.014081 -0.012593 0.062152 0.005915 -0.097487 -0.171988 -0.026573 0.087135 0.029181
-0.111099 0.088684 -0.067899 -0.103926 -0.098710 -0.143948 0.113382 0.026960 0.159680 -0.069040
0.082530 0.164163 -0.111262 -0.012991 -0.199702 -0.081755 0.111099 0.214211 -0.168565 0.089336
-0.386688 -0.089254 -0.065576 -0.389622 0.084445 -0.018625 -0.026511 0.059014 -0.084934 0.030770
0.020745 0.040205 0.083467 0.108002 -0.105394 0.028753 -0.005329 0.002756 -0.429399 0.044342
-0.026002 -0.010566 0.070344 0.022008 0.085912 0.016272 -0.032584 -0.100258 -0.091129 -0.023475
-0.083793 0.034663 -0.050537 -0.111751 -0.002039 -0.144030 -0.036537 0.290831 0.084038 0.095449
-0.069203 -0.053512 0.252847 0.102704 -0.057913 -0.088684 -0.061337 -0.103356 0.060970 0.194648
0.047684 -0.015497 -0.202962 -0.228394 0.069488 -0.240457 0.035253 -0.118028 -0.216982 -0.033053
0.022212 -0.008936 -0.050374 0.054816 -0.061052 -0.090477 -0.058321 -0.021926 -0.023312 0.039309
-0.004363 0.055713 -0.037495 -0.100747 0.076090 -0.000799 0.002420 -0.038208 -0.124956 0.047806
0.230024 -0.067776 -0.019288 -0.016221 -0.077191 -0.042141 0.082897 0.009618 0.012889 0.085179
-0.183726 0.103193 -0.154545 -0.062356 0.024637 0.082693 -0.023149 -0.090151 -0.045972 0.041897
-0.433638 0.061622 0.039146 0.072789 -0.005711 -0.061133 0.013317 -0.005441 -0.060685 -0.014580
-0.037923 0.030607 0.037495 0.023455 0.063538 -0.114360 -0.188453 -0.232795 -0.056079 0.060400
0.031952 0.030281 0.087298 0.114278 0.077517 -0.036721 -0.277626 0.080329 -0.087869 -0.068958
-0.158213 -0.051474 -0.020520 0.143215 0.040715 0.307133 0.037230 0.099117 0.036007 -0.031259
-0.057669 0.032808 0.003123 -0.089825 -0.103845 -0.035641 0.140769 0.156093 0.142970 0.034540
-0.119903 -0.082530 -0.064027 0.004037 -0.078536 0.156745 -0.151855 -0.076050 0.081339 0.010854
0.005092 0.070038 0.034126 0.010708 0.010373 -0.094254 -0.044310 -0.012872 -0.027445 0.007553
0.069798 0.018652 0.008055 0.078179 0.047883 0.020747 0.004150 0.023804 -0.009755 -0.049394
-0.038849 0.055062 0.014306 -0.017527 0.045959 -0.038162 0.008270 0.051112 0.015852 -0.019012
0.075225 0.093361 0.055749 0.047608 -0.064164 -0.057191 0.018858 -0.013379 -0.005723 -0.004012
-0.029643 -0.004792 -0.002711 -0.062413 0.017346 0.073645 -0.065470 -0.085873 -0.026311 -0.003725
-0.041631 -0.080583 0.017724 -0.000747 -0.026964 -0.092331 -0.098582 0.098720 -0.029935 -0.090270
0.084980 -0.000932 -0.030811 -0.043383 -0.026913 -0.069111 -0.039021 0.001349 -0.028252 -0.012503
0.013096 0.003742 -0.002699 -0.000232 -0.026689 -0.013826 0.007879 0.034521 0.001539 0.000637
0.031807 0.000414 0.005569 0.076874 0.053310 -0.048329 -0.012529 0.035448 -0.020850 0.066397
0.034212 -0.026569 -0.068836 -0.036410 0.004332 -0.061485 -0.040120 -0.071721 -0.110192 -0.042078
-0.037028 -0.224369 -0.055611 -0.015174 -0.116238 0.014324 -0.062825 0.002900 -0.013199 -0.105658
0.028424 -0.058565 -0.025401 0.061416 -0.029042 -0.030073 -0.023632 0.004259 0.000810 0.015406
0.007926 0.015311 0.007033 0.014452 -0.061142 -0.032941 0.006737 0.001347 0.001393 0.042043
0.046818 0.066088 -0.028235 -0.000946 0.026071 0.018222 0.045891 -0.051558 -0.024628 0.003401
0.012203 0.007046 0.004332 -0.021760 -0.063031 -0.004017 0.081614 -0.083949 -0.038471 0.012477
0.023237 0.009377 0.031206 -0.042662 0.019029 0.132657 0.093018 0.003426 -0.041631 0.029145
-0.017510 -0.015964 0.038265 -0.021915 0.040257 0.035964 0.014461 -0.061657 -0.006067 0.020472
-0.038712 -0.020730 -0.004611 0.014573 -0.022636 0.013611 -0.022739 -0.059218 -0.015912 0.003929
-0.023478 0.020438 -0.091369 -0.036822 0.045375 0.058634 -0.000023 0.042078 -0.041769 -0.086835
0.032099 0.094117 0.012117 -0.018875 0.087590 0.014358 -0.057707 0.005414 0.025779 -0.059630
-0.038231 -0.055749 0.006239 0.038334 0.006024 -0.049016 -0.017020 0.011730 -0.067324 -0.059527
0.036341 -0.005753 -0.032529 0.017200 0.020524 -0.067256 -0.096384 -0.007986 -0.083675 -0.074126
-0.016969 0.025298 -0.004223 0.033044 0.009463 0.016960 0.001539 -0.055371 -0.012795 -0.046887
0.005024 -0.017501 0.088140 0.064370 0.049909 0.073507 -0.008768 0.063271 0.017054 -0.064370
0.007647 0.036032 -0.010622 0.036513 -0.020403 -0.110673 -0.055577 -0.034006 0.062103 0.011121
0.050459 0.051936 -0.051386 -0.053860 0.097689 0.031172 -0.048329 0.054684 -0.024663 -0.020541
-0.019253 -0.023443 0.018600 0.010416 0.006599 0.032374 -0.043005 -0.000289 0.003723 -0.046818
-0.038609 0.004981 -0.044791 0.024955 0.025590 -0.071103 0.024646 -0.068836 -0.057501 -0.020163
0.029472 0.024336 0.003330 0.000173 0.010305 0.015131 
