-0.652295 0.184053 -0.587423 -0.406494 -0.309185 0.124091 0.338943 -0.074172 0.219465 -0.433574
0.139863 -0.231815 -0.275410 -0.137779 -0.192832 -0.139788 0.324362 0.431491 -0.043744 -0.473449
0.157122 -0.316923 0.198188 0.028921 -0.274964 0.445477 -0.140978 -0.351739 0.393401 -0.028010
-0.307995 -0.285379 -0.615395 0.211133 0.373760 -0.229732 0.281808 0.108021 0.076143 -0.030260
-0.812393 -0.038425 0.156229 -0.256067 -0.020700 -0.156825 0.302341 -0.612419 0.092622 -0.203693
0.185392 -0.010294 -0.235832 -0.000213 0.386854 0.056875 0.287016 -0.183012 0.264846 -0.016079
-0.209794 -0.236130 -0.487436 0.018868 -0.150112 0.086964 -0.038244 0.286587 0.197942 0.153472
-0.212272 0.254766 -0.006071 0.003521 -0.178079 0.203971 -0.012896 0.139736 0.009573 -0.032982
-0.108112 -0.160192 -0.153472 -0.146554 0.325128 -0.001116 0.013588 0.072487 -0.101886 -0.184700
-0.079305 -0.075007 -0.263067 -0.271368 -0.064136 0.142997 -0.099169 -0.014342 -0.132126 -0.149914
0.092251 0.086421 0.026065 -0.395292 -0.237966 0.137957 0.047904 -0.084098 -0.058157 -0.290539
-0.182032 -0.251406 0.062604 0.067101 0.369203 0.106432 0.231443 0.515460 0.384619 0.137759
0.239547 -0.100799 0.212667 -0.115919 0.034242 -0.291132 0.335010 0.254370 0.718746 -0.708787
-0.180932 -0.351074 -0.001942 0.262683 0.087768 -0.192551 -0.327835 -0.358820 -0.165577 -0.296296
-0.520109 -0.160321 -0.162534 -0.251202 0.497700 0.315109 -0.148148 0.907978 0.267247 -0.160183
0.184805 -0.659543 -0.244009 -0.142753 -0.407788 0.582079 -0.146212 -0.232251 -0.454542 -0.265588
-0.074558 0.036899 -0.186741 0.477504 -0.029481 -0.502127 0.101117 0.336411 -0.346094 0.187986
-0.441816 0.428260 -0.128921 0.090535 -0.119999 0.000341 -0.299616 -0.233081 -0.176782 -0.150085
-0.140540 -0.242349 -0.034426 -0.302659 -0.603658 -0.062593 0.307362 -0.038489 -0.037314 -0.089428
2.419060 -0.220216 -0.007443 -0.065595 0.081089 -0.016611 -0.064520 0.115582 0.074981 0.138427
-0.024513 0.202778 -0.109871 0.231843 -0.046849 0.256498 -0.161385 0.153921 -0.041025 0.172582
0.048122 -0.332045 0.240438 0.062937 -0.038395 -0.291104 -0.200403 -0.135487 0.084594 -0.016865
0.048461 0.457579 0.342223 0.075321 -0.241569 0.146231 0.186040 -0.292462 -0.645089 -0.058187
-0.144308 -0.008673 -0.059092 0.063276 -0.081145 0.305807 -0.054964 -0.065086 -0.220873 0.014759
0.009542 -0.329330 0.034635 0.046962 -0.265771 0.148266 0.151772 0.221212 0.055473 0.115469
0.011790 -0.216688 -0.151659 0.170772 -0.173373 -0.427948 0.413834 -0.260066 0.237933 -0.385585
-0.024063 0.084165 0.114889 -0.137751 -0.067528 0.029232 -0.095450 0.077976 -0.290791 -0.239389
0.111103 0.181289 0.041172 -0.025064 0.081252 0.078631 0.170951 0.061849 0.082854 -0.527704
-0.023280 0.203131 0.558283 0.372771 -0.056789 0.089116 -0.247980 0.174154 0.256863 -0.075064
-0.124937 0.221187 0.291228 -0.195851 -0.007399 0.403059 0.797963 -0.222061 0.451111 0.104332
0.266619 0.132945 -0.072406 0.290936 0.009419 0.256863 -0.400147 -0.240408 0.353841 -0.264435
-0.226138 -0.104623 -0.073244 0.518676 0.192210 0.433055 -0.194831 0.074190 -0.123772 -0.068038
-0.481409 -0.181756 0.007760 0.389938 -0.072033 -0.064665 0.238502 0.691792 -0.380113 0.327941
-0.511899 -0.070678 -0.412975 0.278479 0.064369 0.288981 -0.265266 0.075929 -0.437028 -0.265435
0.046074 -0.163801 -0.240704 -0.301346 0.124333 -0.211230 0.011455 -0.207843 0.877445 -0.307614
-0.366901 0.260184 0.078724 -0.066655 0.082832 -0.176505 -0.071356 -0.144067 0.057508 0.083383
0.453968 -0.254764 -0.009878 -0.109935 0.121792 -0.410603 0.111459 -0.148979 0.025853 -0.107902
-0.018421 -0.260015 0.288642 -0.473617 0.876767 -0.674176 -0.265266 0.148979 -0.116710 -0.097908
0.013361 -0.037224 -0.060345 0.182603 0.229030 0.723173 -0.020973 -0.262834 -0.576184 0.105779
-0.454642 -0.146989 0.057780 -0.220674 0.062195 0.169968 0.142337 -0.472873 -0.023703 0.348673
-0.626699 -0.272519 0.097091 0.248591 -0.207760 0.634296 0.646830 0.112426 0.149648 0.624041
0.016392 0.639613 0.245172 -0.173862 -0.237386 0.015347 0.003902 0.132461 0.007935 -0.157529
0.095951 0.215357 -0.329492 -0.239285 -0.074349 -0.000287 -0.078765 0.188010 -0.439829 -0.000306
-0.177185 -0.435271 0.102551 0.102076 0.051465 -0.053934 -0.254478 0.296828 0.044367 -0.320186
-1.251880 0.192852 0.101696 0.044961 -0.224093 -0.241944 -0.114705 0.180034 -0.143795 -0.410400
-0.551238 -0.103516 0.080137 -0.305054 -0.117529 -0.289843 0.131965 0.143020 0.213087 0.027410
0.087108 0.287449 -0.153231 0.090770 0.251817 -0.038766 -0.029030 -0.212946 0.079644 0.074010
0.334066 -0.650106 -0.427019 0.262803 0.179286 -0.146612 -0.192947 0.143513 -0.156189 0.167878
0.080418 -0.110769 0.397443 -0.255902 -0.106966 0.151964 -0.214918 -0.140908 -0.052849 0.189849
-0.276464 -0.168582 0.360262 0.036301 -0.267732 -0.297449 0.047462 -0.101121 -0.022164 0.083939
0.101966 -0.598277 -0.538562 -0.043624 -0.207172 -0.055842 0.048730 -0.395472 -0.183511 -0.060595
-0.034083 0.232804 0.353265 -1.028475 0.144037 -0.066328 0.466164 0.376937 0.503676 -0.041358
0.113354 -0.199577 -0.115084 -0.554298 0.085767 0.207225 0.083809 0.031207 -0.635877 -0.023877
-0.178180 0.199212 -0.023513 -0.069287 -0.162338 0.205768 0.063961 0.588168 0.010323 -0.453418
0.063870 -0.584526 -0.172626 -0.332142 -0.255298 -0.161245 0.085175 0.219425 -0.341247 -0.015728
-0.037489 0.052762 -0.015546 0.083263 -0.140487 0.042997 -0.074841 -0.071108 -0.105888 -0.252748
0.089272 -0.120729 -0.104523 0.074067 0.346528 -0.198666 -0.109895 -0.193750 0.831083 -0.133476
0.120274 0.079940 -0.067967 0.106162 -0.123734 -0.260214 -0.185509 0.098063 0.000545 -0.087446
0.698362 -0.109783 -0.048105 -0.149349 0.104574 -0.097663 -0.096611 -0.274256 -0.185809 -0.233188
0.173990 -0.021736 -0.082638 0.250417 -0.080935 -0.019946 -0.238797 0.028372 0.001922 -0.048506
-0.042170 0.316727 0.083990 -0.198330 0.307311 -0.383238 -0.142637 0.020709 -0.253021 0.383238
-0.021185 -0.074374 -0.095058 0.063506 -0.002501 -0.126210 -0.111686 0.027471 -0.206343 -0.010198
0.131118 0.059299 -0.043022 -0.212153 -0.058698 -0.171085 0.163672 0.076327 -0.165075 0.104073
-0.046452 -0.127913 -0.028998 0.183505 -0.191519 -0.146043 0.197729 0.063406 -0.127412 -0.037613
0.104420 1.292745 -0.037426 -0.145982 -0.342209 0.474337 -0.106695 0.427607 -0.167073 -0.009583
-0.479300 0.473924 0.142570 0.312227 -0.188474 0.009796 0.235308 0.149910 -0.044017 0.094340
-0.112278 0.141019 0.272940 -0.037219 0.222074 -0.515279 0.181547 -0.655884 -0.012542 -0.422437
0.322773 -0.730736 -0.059861 -0.194367 -0.105299 -0.045619 -0.330217 -0.092272 0.004972 0.051512
-0.089636 0.087879 -0.174413 0.030085 0.178652 -0.005441 0.078987 0.248334 -0.091187 -0.274181
-0.219593 0.039261 0.796076 -0.068649 -0.018739 0.060533 -1.778249 0.096666 0.139882 0.261154
-0.529339 0.010390 -0.516519 -0.389974 -0.043990 0.021416 -0.176766 -0.063555 -0.095837 -0.000130
0.121269 0.118348 -0.210307 -0.303575 0.321705 -0.089542 0.176162 -0.041094 -0.167299 0.097901
0.120161 -0.109484 0.036159 -0.041246 0.171328 -0.107974 0.091103 -0.012943 -0.118650 -0.086520
0.062598 -0.096139 -0.113413 -0.113513 -0.016619 -0.078160 -0.262279 0.069246 -0.021013 0.181702
-0.114319 0.050613 -0.004032 -0.040062 -0.012521 -0.311431 -0.151788 -0.554775 0.008410 0.135168
-0.112909 0.456068 -0.001276 -0.175155 -0.456068 -0.148363 -0.339029 0.073527 -0.058771 0.146651
-0.174450 -0.235890 0.199630 -0.046936 -0.166291 -0.372267 -0.327950 0.272351 0.442551 0.016997
0.052504 0.006361 0.221635 -0.327541 0.087576 -0.151311 0.081586 0.199831 -0.189528 0.262847
-0.267400 -0.021804 -0.314602 0.312445 0.245356 -0.355095 -0.360127 -0.130944 -0.031688 -0.317238
-0.056727 0.191565 -0.293277 0.077812 -0.288485 -0.019288 0.226068 0.198034 -0.390557 0.118725
0.137534 0.175751 0.400620 -0.042740 -0.038007 0.252784 -0.109560 -0.005792 0.101054 -0.233735
-0.470106 -0.069785 0.112974 -0.095603 0.079250 0.189768 -0.128908 0.111357 0.486878 0.302622
0.264524 0.075536 -0.124834 0.233855 -0.174073 -0.022703 0.100754 -0.010842 -0.064394 -0.044956
-0.025398 -0.217083 0.319495 -0.147681 -0.172994 -0.039281 -0.434649 -0.417337 1.996712 0.408943
0.064824 -0.009919 0.020083 -0.071873 0.340480 0.001366 0.227161 -0.072595 -0.140992 -0.466651
0.448814 -0.251032 -0.025346 -0.073054 0.161190 -0.234506 0.094039 0.612759 -0.189520 -0.169715
-0.247622 0.141517 0.208537 -0.228735 -0.227030 -0.443043 0.384023 0.261786 -2.518186 0.052069
-0.705092 0.204996 -0.267688 0.242507 0.060233 0.287755 -0.260344 0.035182 -0.036724 0.102236
-0.181257 -0.670467 -0.011247 0.251294 0.015050 -0.013812 -0.225850 0.082431 0.033232 0.254573
-0.206045 0.143222 -0.195684 -0.232932 -1.076525 -0.144271 -0.317824 0.048979 -0.393814 -0.059190
-0.043688 0.145422 -0.242328 -0.115780 -0.161263 0.077476 0.567825 -0.155075 -0.066399 -0.069245
-0.031962 -0.213739 0.016352 0.327477 0.345546 -0.011688 -0.066028 0.304952 -0.073391 -0.108973
0.020668 0.084221 0.178590 0.072587 -0.265843 0.019972 0.703964 -0.000589 0.368071 -0.197278
-0.070483 0.049536 -0.152600 -0.163120 0.043843 0.186635 0.165719 -0.127723 0.470300 0.238615
-0.016956 0.174630 -0.018719 0.042296 0.362131 0.414359 -0.187625 -0.192204 0.014202 -0.201610
-0.196536 -0.124320 0.092513 -0.003777 0.143318 -0.223640 0.275992 0.082921 -0.194060 0.040037
0.212619 -0.339036 0.119202 -0.174521 0.261878 -0.068644 -0.190780 0.149796 0.205500 0.000225
0.041610 0.060948 0.091301 0.183276 0.201652 0.121222 -0.123531 0.016680 0.111024 -0.197611
-0.019242 0.040600 0.051856 0.320757 -0.123531 -0.092408 -0.334226 0.020985 -0.232246 0.097891
0.006903 0.130169 -0.068259 0.126417 -0.261685 0.024016 -0.193378 -0.092119 0.111794 0.030041
0.404073 0.230899 0.228782 -0.100633 -0.097651 0.053347 -0.191742 0.270344 -0.025784 -0.081103
-0.150373 0.080622 0.088848 0.030305 0.139213 -0.072781 -0.403303 0.133344 0.074898 0.007354
0.200305 -0.171250 0.022753 0.229937 0.746126 -0.547710 -0.100611 -0.006066 -0.313472 0.201553
0.120420 0.007846 -0.002479 0.087323 -0.274350 -0.124629 -0.409709 -0.148152 0.054721 0.099869
0.158965 -0.350283 -0.321396 0.534174 0.317269 -0.218060 -0.264281 0.569499 -0.211457 0.219711
-0.354575 0.235558 -0.304888 -0.218225 0.421264 -0.179599 -0.368441 -0.032478 0.120915 0.326513
0.178443 -0.017642 -0.183230 0.045890 0.347972 -0.030291 -0.050306 0.265106 0.198087 -0.143943
0.033881 0.330970 0.028475 0.055836 0.013505 0.070032 0.009492 0.840548 0.151289 -0.014433
-0.392542 0.337077 0.261639 0.396173 -0.041309 0.068959 -0.486633 -0.132140 0.083453 -0.518650
-0.034766 0.307866 -0.702612 0.059401 -0.179443 -0.211950 -0.551594 -0.305826 -0.073031 -0.566171
-0.291540 0.130464 -0.180609 -0.071209 -0.015889 0.157577 0.196061 -0.437602 -0.164574 0.179297
0.474336 0.176819 0.042929 -0.002626 0.020080 -0.301161 0.114648 0.099124 0.006136 -0.107578
0.502615 -0.089138 -0.155828 -0.068184 -0.093730 -0.298246 -0.105465 -0.287313 -0.036679 -0.251891
0.150289 -0.422733 0.359178 0.069241 -0.320986 0.171863 -0.138409 0.335854 -0.300869 -0.249996
-0.087389 0.044606 -0.366174 -0.338770 -0.389789 0.023742 0.290811 -0.299412 -0.240083 0.014194
-0.455677 -0.176965 -0.585258 0.514461 -0.370645 0.183796 -0.257925 -0.332887 -0.007214 0.296516
-0.247791 -0.194762 0.035676 -0.251123 0.184906 0.181852 -0.348990 -0.301514 -0.105918 -0.263477
0.062052 0.565269 -0.155060 0.102517 -0.020458 -0.346768 0.203508 -0.018949 0.088983 0.311231
-0.299848 0.011010 -0.391746 -0.319005 -0.172829 0.254732 -0.095091 -0.171580 -0.151867 0.225163
-0.251539 -0.164361 -0.535006 -0.448106 0.054799 0.017031 -0.335108 0.056777 -0.117787 -0.327889
0.116330 0.136875 0.226691 0.367869 0.151729 -0.495859 -0.042097 0.215724 0.418676 -0.018584
-0.278470 -0.008386 -0.256675 0.088358 -0.291519 0.133266 -0.432450 0.133826 0.039971 -0.145483
0.096398 -0.027771 -0.178054 -0.165369 0.230168 -0.215539 -0.150169 -0.078227 0.134969 -0.214625
0.065142 0.337366 -0.000373 -0.175083 -0.058399 -0.046028 -0.401822 -0.210625 0.078570 -0.234510
-0.138855 0.066342 0.267424 -0.059370 0.134855 0.046885 -0.169026 -0.211197 0.209939 0.155083
-0.059828 0.001427 -0.083827 0.179197 -0.042342 -0.273367 -0.527077 0.013364 0.038399 -0.019971
-0.442050 -0.047142 -0.102055 0.200682 -0.264453 0.049342 -0.184911 -0.179083 -0.311995 -0.053885
-0.012950 0.272910 -0.112227 0.002168 0.667875 -0.140912 0.082399 -0.494620 -0.073485 -0.203882
-0.132586 -0.350316 0.004487 0.037390 -0.178080 0.252929 -0.061458 0.351429 -0.130916 -0.067545
-0.370628 -0.253763 -0.150116 -0.177384 -0.010539 -0.132586 -0.488328 -0.200757 -0.360055 0.102813
0.096761 -0.364507 0.457998 -0.615488 -0.018399 -0.594341 0.034086 -0.002682 -0.144829 -0.043929
-0.328056 -0.071580 -0.155124 0.011034 0.192966 0.399566 -0.083197 -0.097457 0.072832 0.278945
0.112343 0.086536 -0.031842 -0.365898 -0.127995 -0.221069 0.244025 -0.468015 0.456607 -0.346977
0.200200 -0.118256 -0.094883 -0.345586 -0.017530 -0.095926 -0.156654 -0.096135 0.247781 0.378141
-0.000567 0.078049 -0.410418 -0.128621 -0.442548 -0.184161 0.457768 -0.204649 0.081427 0.380029
0.047562 -0.537146 0.223733 0.690750 -0.440909 0.197625 -0.272554 0.027615 0.002473 -0.223030
-0.244924 -0.240240 -1.425520 -0.019113 -1.297205 -1.434886 0.234270 -0.077095 -0.036469 -0.238016
0.102793 -0.109876 -0.303462 0.101447 -0.086344 -0.259207 1.115502 0.366683 0.391737 0.100920
-0.154658 0.274193 0.424753 -0.215537 -0.103203 -0.341394 -0.381434 0.582103 0.758186 -1.614716
-0.142950 -0.340926 -0.486569 0.944571 0.087339 0.024249 -0.031347 -0.102851 -0.536678 0.127847
-0.450041 -0.217176 0.209566 0.057250 -0.011334 0.460344 -0.737580 0.015015 -0.172159 -0.106857
-0.065855 -0.224581 -0.581174 0.247723 -0.432258 -0.052271 -0.061981 -0.202546 0.252956 0.606932
0.070282 -0.021407 -0.057151 -0.022249 -0.213714 -0.130201 0.034537 0.086733 -0.189163 0.130201
-0.075665 0.156462 0.048372 0.232832 -0.081350 -0.033330 -0.009395 0.231423 -0.149218 -0.001016
0.068521 0.083463 -0.059415 -0.233637 0.190169 0.027393 -0.142677 -0.203753 -0.118227 0.068974
-0.197313 0.168738 0.076068 0.006352 -0.083815 -0.003864 0.158374 0.186950 0.039342 0.033129
0.143281 -0.211501 0.098757 0.053630 0.059969 0.192383 -0.108568 -0.142476 -0.043442 -0.076672
0.040298 -0.095336 -0.077051 -0.073810 -0.218795 0.045076 0.021626 0.810893 -2.599613 0.320089
-0.245267 0.121215 -0.133438 -0.434349 -0.219065 -0.396803 -0.165312 -0.141812 0.116758 -0.515925
-0.328193 -0.398694 -0.054800 0.028447 -0.031351 -0.472436 0.146269 -0.268497 -0.109128 -0.075700
-0.185031 -0.497557 -0.651524 -0.094001 -0.330354 -0.257827 0.264580 -0.232841 2.013998 -0.341699
-0.560764 -0.000056 -0.471085 -0.303882 0.479189 0.352233 0.242701 0.315497 -0.190298 -0.183950
-0.255937 0.167068 -0.101497 -0.035082 -0.029764 -0.378705 0.002412 0.056927 -0.327923 0.069893
0.059021 -0.104671 0.593719 -0.471085 -0.791445 -0.163556 -0.102456 0.059116 0.222638 0.030400
0.062130 -0.026811 0.161661 -0.045822 -0.102013 -0.157318 0.061819 0.080520 0.177437 0.026124
0.062883 0.063326 0.234337 0.216611 -0.242669 -0.097316 -0.132059 -0.190554 -0.215016 0.186123
-0.042609 -0.176019 -0.130109 0.068201 -0.197822 0.196758 0.036471 0.001346 0.266067 0.091643
-0.185414 -0.102722 -0.219979 -0.038266 0.070682 -0.280070 -0.482501 0.202608 0.055482 -0.080520
-0.069840 -0.084021 0.028738 -0.006924 0.003606 0.067935 0.260217 -0.074626 0.061952 0.160597
-0.181868 0.074050 -0.080786 0.172828 -0.331121 -0.324031 -0.063193 0.083711 -0.069663 0.084819
0.083119 -0.109173 -0.402688 -0.207798 -0.063284 0.222754 -0.056043 0.039297 0.228421 -0.115785
-0.339404 0.173323 0.401429 -0.576483 -0.029163 0.137037 0.402058 0.097917 -0.176156 -0.309336
0.111613 -0.300678 0.071588 0.288871 -0.107205 0.341923 0.998692 0.077334 -0.403318 -0.041875
0.078751 -0.064150 -0.131606 -0.128300 0.308234 0.218503 -0.003473 -0.264156 0.029222 -0.030127
0.291548 -0.032469 -0.031721 0.399225 0.054232 -0.205909 0.221967 0.237551 -0.392298 -0.243376
-0.132393 0.499976 0.034161 0.254396 -0.142625 0.034180 -0.045298 -0.200557 -0.153251 -0.252192
-0.136879 -0.248571 0.169859 -0.379704 -0.167548 -0.000684 0.346086 0.083975 0.083573 -0.094229
0.352252 0.071978 -0.232154 0.242341 0.033325 -0.255611 -0.127336 -0.035855 -0.415250 -0.201057
-0.002924 -0.373698 -0.244352 0.632124 -0.465112 0.079954 -0.100328 0.388442 0.082031 0.012792
-0.590304 0.141946 0.111118 0.090409 -0.164733 0.075463 -0.106091 0.112257 0.206285 0.115139
0.231082 0.261374 -0.014954 0.026322 -0.250115 -0.421684 0.086991 0.025601 -0.361099 -0.406404
0.001857 -0.272634 0.259096 -0.088063 0.372626 0.013848 -0.124924 -0.097848 -0.013521 -0.168084
0.031901 0.033409 0.555454 0.172105 -0.053280 0.510685 0.051437 -0.052744 0.130499 0.144041
-0.278380 0.274338 -0.302095 0.057603 -0.479148 -0.547867 0.216129 -0.392912 -0.019487 -0.403153
0.772889 0.021222 -0.018713 -0.021812 -0.020380 -0.358957 0.839721 0.377821 0.951828 1.352825
0.281344 -0.427945 0.128141 -0.026275 -0.019302 0.187428 -0.001667 -0.138516 -0.632755 -0.060163
-1.813108 0.007575 0.244829 -0.279189 0.320151 0.251431 -0.501515 -0.345482 -0.260998 0.139190
-0.078623 -0.508791 -1.138313 1.089805 -0.081520 0.144849 0.096072 -1.293537 -0.184733 -0.029054
0.101933 0.319612 -0.311527 0.340093 0.070942 0.423634 0.195782 0.262076 -0.127939 0.093108
-0.361382 -0.028582 0.226359 -0.839130 -0.240541 -0.050650 0.319186 0.061885 -0.236673 -0.041993
-0.168250 -0.313292 0.293032 -0.522706 0.269273 -0.168526 -0.025647 0.193206 0.707993 -0.085184
0.087164 0.129940 -0.152870 0.089742 0.029032 -0.001372 -0.107838 -1.315791 -0.055346 -0.587538
0.020467 -0.057925 -0.060457 -0.029331 -0.200942 0.170368 0.008691 -0.187036 -0.110140 0.216597
-0.366521 -0.268720 0.049268 -0.040290 -0.020836 0.292111 -0.062115 -0.024887 -0.154620 -0.282718
0.124414 0.188141 -0.065246 -0.103326 -0.073811 -0.082421 -0.189338 -0.254354 0.883333 0.299847
-0.045332 0.281613 -0.457138 0.045124 -0.314766 -0.366336 0.243067 0.068255 0.019732 -0.505414
-0.098724 -0.063091 0.046479 -0.282832 -0.101479 -0.068815 0.240657 -0.482003 -0.122480 0.078067
0.049750 0.051858 0.424851 -0.616275 -0.074409 0.440344 -0.144084 -0.370454 -0.066964 -0.322942
-0.179030 0.444131 0.561189 0.457558 -0.017623 -0.161729 -0.231706 0.062273 -0.325524 0.075786
0.241518 0.316228 -0.104922 0.260109 -0.163192 0.664131 -0.122222 -0.524694 0.134444 0.209327
-0.175501 -0.183850 0.020937 0.047727 0.152864 -0.434835 -0.094851 -0.203130 -0.098811 -0.686854
-0.536400 -0.258560 0.004734 0.155618 0.053020 0.107073 0.002969 0.649327 0.001175 0.195900
-0.075512 0.162418 0.029825 0.323720 0.071547 0.072943 0.112431 0.064900 -0.010312 -0.205201
-0.551374 -0.014550 -0.289985 -0.121870 0.114274 -0.114385 -0.176046 0.224414 0.092994 0.230335
-0.030635 0.026474 -0.087967 -0.189004 -0.410402 -0.205201 -0.031333 0.176717 -0.068866 -0.029658
-0.049234 -0.053814 -0.103327 -0.124327 0.065906 0.065738 0.192467 0.041219 -0.426265 -0.122763
-0.381583 -0.142200 -0.026739 0.249101 0.161636 -0.037840 -0.026069 0.601864 -0.228212 -0.236590
-0.018794 -0.054512 -0.098970 -0.285517 0.142200 -0.053283 0.157392 0.285517 0.073446 -0.099138
0.236367 0.353210 -0.045603 -0.158620 -0.175212 -1.406494 0.029319 0.079415 -0.306272 -0.419151
-0.369404 -0.227357 -0.226757 0.180407 -0.102990 -0.413557 0.270510 -0.373400 0.021027 -0.088455
-0.578181 0.109483 -0.080614 -0.198288 0.017818 -0.025260 -0.325052 -0.210175 -0.017169 0.203582
-0.248734 0.517046 -0.209176 0.238744 -0.487478 0.882255 -0.126864 -0.168719 0.053543 -0.137353
-0.194492 -0.196789 -0.070075 0.141149 0.012218 0.221563 0.260921 0.017094 0.193093 -0.241941
0.185701 -0.324053 -0.221163 0.423946 0.102990 -0.054991 -0.560600 -0.137353 0.223760 -0.045826
1.422477 0.295284 0.188398 0.229554 0.434335 0.110781 -0.392580 0.344032 
