-0.087291 0.003351 0.151172 0.145949 0.220770 -0.071624 0.098050 -0.044861 -0.063746 0.000997
-0.058614 -0.057353 0.063431 -0.148741 -0.034417 -0.059604 -0.060054 0.206364 0.001892 -0.084680
0.059019 0.038716 -0.166478 -0.258585 0.001298 0.078962 0.005706 -0.014068 -0.266509 -0.000623
-0.042115 0.123710 -0.087696 -0.100841 0.073605 -0.027146 0.058974 0.098590 0.095259 -0.086255
-0.098950 -0.060325 0.156664 -0.120919 0.073335 0.094539 -0.014170 0.055508 -0.051726 0.049970
0.013641 -0.051186 -0.113356 -0.046054 -0.163867 -0.139827 0.081708 -0.182324 -0.118488 -0.005588
0.122630 0.022082 0.118128 0.178093 -0.031691 -0.045057 -0.087093 -0.154040 0.028786 -0.237259
-0.051527 0.053542 -0.159774 0.097166 0.107007 0.029037 -0.015671 0.059043 -0.043624 -0.068574
0.014451 0.178680 -0.006441 -0.068962 -0.011778 0.007104 0.050365 -0.112973 0.008654 0.030839
0.064739 -0.005409 0.130097 -0.015206 0.020553 0.145439 0.021115 0.099491 0.010606 -0.096701
-0.050443 0.019313 0.082444 -0.010519 0.207194 0.038587 0.040718 -0.002971 -0.058850 -0.081049
-0.082754 0.141255 -0.085233 0.063344 0.163958 -0.004158 -0.096159 0.039943 0.101660 0.064700
0.215873 -0.067024 0.125293 -0.092827 -0.010305 0.158147 -0.126300 -0.069155 -0.256368 0.185325
-0.027383 0.031368 -0.179560 0.077317 -0.046458 -0.065872 -0.159552 0.023929 -0.009124 0.154889
-0.147598 -0.023399 -0.016807 -0.090543 0.008123 0.209571 -0.092323 0.031241 -0.044466 -0.069730
-0.147005 -0.049383 -0.077106 -0.047518 -0.067059 -0.103599 0.108685 -0.098936 -0.044000 -0.024564
0.019668 -0.015663 0.044975 -0.119791 0.058709 0.131151 0.043279 -0.108685 -0.341485 0.053707
-0.015536 -0.006380 -0.033678 -0.106396 -0.031029 -0.174642 0.008695 -0.030287 -0.027765 -0.019149
-0.190750 -0.095375 0.070620 0.024798 0.204654 -0.103429 -0.071086 -0.005357 -0.041965 -0.011297
0.100123 0.090712 -0.137741 -0.045094 0.057509 -0.086088 0.171590 0.103950 -0.054112 -0.075195
-0.087318 0.150039 0.163626 0.091066 0.008433 0.204385 0.001980 0.114608 -0.169130 0.004879
-0.031595 -0.046031 0.149219 0.012306 -0.032268 -0.006248 -0.109747 0.006266 0.004645 -0.121109
-0.200403 0.107463 -0.172996 -0.128019 0.037568 0.210710 -0.319989 0.031653 -0.045826 0.004806
-0.019472 -0.127551 0.021507 -0.123920 -0.092530 -0.329359 -0.106058 0.076484 -0.078299 0.021683
0.008601 -0.011654 -0.105355 0.031068 -0.215512 0.091066 0.195835 -0.034494 -0.170419 -0.017832
0.297969 -0.170185 0.098620 0.146408 0.031653 0.290708 -0.049348 -0.265279 0.129071 -0.141430
-0.112622 -0.085076 -0.025610 -0.016928 -0.222110 0.053004 -0.072195 0.145085 -0.075110 -0.179116
0.191648 -0.203311 -0.014154 0.121586 0.104266 -0.125155 0.084553 0.029787 0.071411 0.016058
-0.069061 0.035510 -0.057399 0.022204 0.007779 0.000290 -0.038143 -0.071977 -0.012925 -0.022651
-0.201048 -0.287211 0.012750 0.010966 0.011793 -0.221414 -0.124981 -0.022781 -0.041841 -0.218107
-0.083117 0.089036 -0.106094 -0.001222 -0.141082 0.036010 0.006005 0.005162 -0.131682 0.023151
-0.178245 -0.089993 0.022933 0.001543 -0.152483 -0.074153 -0.068104 -0.021748 0.122195 -0.097043
-0.061985 -0.043783 -0.100684 0.095846 -0.221209 -0.024986 -0.023880 -0.118230 0.160045 -0.195136
-0.072438 0.173819 0.104373 -0.178738 0.064526 0.190381 0.031935 0.048989 0.059894 -0.089615
-0.091911 0.042635 -0.062517 0.158569 -0.146762 -0.063583 -0.035789 -0.011458 -0.068380 -0.042922
0.019780 -0.045259 -0.051613 0.123149 0.023326 0.041303 0.035092 -0.029803 -0.053622 -0.051982
0.077276 -0.023736 -0.049112 0.037900 0.103226 0.004576 -0.001127 -0.118394 -0.199892 -0.001084
-0.085188 -0.179230 -0.010515 0.157257 -0.139711 -0.132250 -0.016603 0.029024 -0.018069 -0.114376
0.006170 0.070511 -0.072520 0.063665 -0.004924 0.287443 0.066087 0.008241 0.040538 0.030374
-0.074234 0.010303 -0.064702 -0.027467 0.081550 0.024778 -0.066403 0.009645 -0.096342 -0.021218
0.126873 0.070121 -0.023116 -0.137394 0.079771 0.054657 0.079059 -0.129088 -0.034388 -0.195531
0.116512 -0.039569 -0.045402 -0.082658 -0.073917 -0.008073 -0.035990 -0.033023 0.078940 -0.062329
0.151948 0.006931 -0.029583 -0.033300 0.044690 -0.048250 0.033953 -0.013813 0.095946 0.017767
-0.082499 0.053905 -0.003671 -0.056951 0.044453 0.078386 0.098715 -0.084398 -0.142930 -0.087008
-0.338857 -0.063714 -0.041527 -0.038185 -0.014613 0.082183 -0.045165 -0.151710 0.078225 0.053250
0.009231 -0.072251 0.053980 0.084964 0.003895 -0.055334 0.023620 0.033624 -0.021258 -0.333465
0.039912 0.103305 -0.003801 -0.022023 -0.014563 0.086840 -0.060892 -0.015397 -0.044983 0.042552
-0.095941 0.103096 -0.178404 0.033972 -0.200635 -0.013851 0.060510 -0.074335 0.041787 0.067492
0.043698 0.041475 -0.004933 -0.023065 0.003159 -0.004885 0.045053 0.001866 0.071070 0.010490
0.037237 0.028622 -0.034788 0.088646 -0.056759 -0.019296 -0.066103 -0.040919 -0.110183 -0.203136
-0.032218 -0.038661 -0.070584 0.024228 -0.166455 0.010195 -0.012340 -0.088160 0.051791 -0.032687
0.135470 -0.103444 0.042895 0.038189 0.029077 -0.092358 -0.032001 0.044577 -0.100369 0.013347
-0.040332 0.059676 0.078501 0.070611 -0.187921 -0.004198 0.096764 -0.044857 0.347325 0.061879
0.034524 -0.117671 0.062841 0.022469 0.037949 -0.018283 0.017262 -0.256489 0.076859 0.154278
0.038569 0.069369 0.059316 0.027215 0.044737 -0.047421 0.057474 -0.029117 -0.150833 -0.065604
-0.075216 0.043816 -0.015220 0.100849 0.120474 -0.013597 0.056593 -0.018884 -0.053188 0.030920
0.038830 0.102291 -0.022249 0.107017 -0.126082 -0.017853 -0.060317 0.044016 -0.054470 0.073454
-0.070410 0.018594 0.050064 -0.025893 -0.023530 0.040832 0.200595 -0.222862 -0.069172 -0.145509
0.153060 0.046107 -0.036111 -0.004792 0.004012 0.034998 0.017015 -0.057700 -0.090858 0.026139
0.148510 -0.095602 -0.387829 -0.006450 -0.034659 -0.172326 0.046034 0.009475 0.093279 -0.055764
0.010861 0.390540 0.089406 -0.227509 0.070673 -0.122177 -0.128082 -0.055861 0.051649 0.096328
0.044630 -0.060604 0.003249 -0.095941 -0.003833 0.061669 -0.022557 0.017245 0.010553 0.088002
0.128179 0.150349 -0.041097 0.000689 0.096957 -0.056490 -0.066220 0.135537 0.147154 -0.031585
-0.126340 -0.112108 0.130212 -0.059491 -0.111140 0.012374 -0.050826 0.022727 -0.075513 -0.096328
0.054381 -0.075241 0.024654 -0.095370 -0.013626 0.000321 0.076378 0.050120 0.021671 -0.027556
0.048091 -0.018060 -0.069397 -0.004979 0.048984 0.035104 0.012479 0.001717 -0.025628 0.117854
-0.101783 -0.072482 0.082790 0.271907 0.154460 -0.037641 -0.417520 0.030864 0.068707 -0.101783
0.111036 0.082911 -0.076662 -0.050283 -0.007670 0.006366 0.000959 0.001811 -0.000767 -0.083764
-0.206487 0.015168 -0.084332 -0.159086 -0.029240 -0.028226 0.003533 0.084413 0.038635 0.008817
-0.002666 -0.023335 -0.023802 -0.313140 0.212331 -0.132301 -0.093504 -0.001631 0.056329 0.104705
0.087335 -0.048375 -0.227266 0.006006 0.008062 0.317905 0.010600 -0.025893 -0.242026 0.056269
-0.143974 0.125250 0.058536 -0.019610 -0.010242 0.055333 0.046636 -0.020029 -0.030229 -0.031460
-0.193936 0.130079 -0.089134 0.043064 -0.050751 -0.059915 0.256807 0.059275 -0.021692 0.215222
-0.118254 0.325197 0.081989 0.114509 0.184673 -0.097559 -0.010052 0.019955 -0.021631 -0.064103
-0.018108 0.042842 0.118746 -0.121801 -0.001177 -0.049420 0.173044 0.046390 0.020029 0.057747
0.042547 -0.096672 0.014166 -0.091105 0.021988 -0.006880 -0.127123 0.078195 0.051982 0.003224
-0.484052 -0.057304 -0.041290 0.043015 0.073711 -0.016100 -0.066370 0.106133 0.043634 0.040828
0.026165 0.013606 0.073079 0.029485 -0.082130 -0.010770 -0.071459 -0.040097 -0.085371 0.067467
0.051776 -0.072052 0.017479 0.009150 0.006833 0.157699 0.021797 -0.047073 0.067427 -0.047270
0.004894 -0.066597 0.021639 0.088770 0.058614 -0.084976 0.102920 -0.048496 0.024742 -0.108532
0.023339 0.038200 -0.137938 0.017716 0.027805 0.020948 0.061341 -0.092960 -0.070550 -0.080707
-0.081656 0.022726 0.035650 0.046203 -0.069285 0.217064 -0.083158 -0.013112 -0.008256 -0.045571
-0.128689 -0.020888 -0.120942 0.244730 0.031915 0.344330 -0.097544 -0.083158 0.128136 -0.109243
-0.034366 0.094936 0.022932 -0.198545 0.144005 0.050579 0.046694 -0.024799 0.174556 -0.018991
-0.192812 -0.031343 -0.311094 0.082828 -0.294649 -0.029174 0.037567 0.069626 0.021952 -0.042772
-0.442652 -0.027798 -0.490931 -0.356958 0.151473 0.336138 -0.118357 -0.020405 -0.183458 -0.038019
0.231434 0.021122 0.023781 0.063516 0.337043 -0.000419 0.017407 -0.089466 0.281674 -0.052276
-0.042470 -0.044092 0.003772 -0.235055 -0.191152 0.119338 0.211670 -0.429979 -0.034983 -0.081168
-0.112851 0.057406 -0.105383 -0.221024 0.177423 0.195678 -0.134651 -0.026742 -0.118961 -0.063365
0.101234 0.051786 -0.030664 -0.143477 0.044469 -0.141365 0.042450 -0.073464 0.074411 0.106712
-0.030503 0.142006 -0.064262 0.113756 0.013405 -0.008553 -0.008217 0.164499 0.105652 0.079220
0.002750 -0.031563 0.011304 -0.010802 0.063278 0.119588 0.010915 0.072177 -0.124208 0.136780
0.099366 -0.010745 0.009912 -0.031790 0.146095 0.262957 -0.040746 -0.252050 -0.071533 -0.006087
-0.037508 0.070397 0.010158 0.107394 0.070321 -0.056992 0.010035 -0.092020 -0.014693 -0.072101
-0.164499 0.047676 0.112393 0.039762 0.025580 -0.033835 -0.003536 0.028515 0.212819 -0.125722
0.103380 0.026697 0.032756 -0.141248 0.022721 0.068428 -0.032207 -0.017164 -0.051311 0.093913
-0.190024 0.180406 0.021045 0.179418 0.286205 -0.229216 0.081169 -0.044248 -0.011573 -0.040135
-0.079372 -0.277756 -0.052180 0.141035 0.173035 0.063641 0.073349 0.026989 -0.108406 0.096271
0.032630 -0.084585 0.036225 0.077664 -0.002532 -0.002434 -0.001243 0.013832 0.121529 0.080360
-0.011517 -0.014584 0.047057 -0.014506 -0.032967 0.070473 -0.065304 0.073259 -0.010062 -0.062607
-0.016933 -0.134114 -0.113439 0.074473 -0.026405 -0.001956 0.098877 -0.134024 0.017641 -0.034877
0.023865 0.037686 -0.069754 0.189665 0.082563 0.049214 0.018034 -0.025843 0.071327 -0.080990
0.003528 0.020056 -0.176361 -0.143642 -0.119302 -0.200819 -0.140673 -0.032139 0.084106 -0.012999
-0.198065 -0.179669 -0.001266 -0.044890 0.133402 -0.238604 0.085703 -0.045743 0.010486 -0.107955
0.080306 -0.002747 0.143096 0.097931 0.038914 -0.095948 -0.056787 -0.061524 0.062680 -0.088568
0.228469 -0.153121 0.254687 0.086475 -0.033240 -0.168322 -0.043898 -0.048580 0.005928 0.008055
0.080471 -0.004503 -0.155654 -0.019856 -0.068519 -0.012427 -0.087246 0.053179 -0.055355 -0.103439
-0.046349 0.090661 0.040924 0.077276 -0.128775 -0.004437 0.027292 -0.123818 -0.116988 0.074412
0.182202 0.073696 0.098702 -0.062735 0.030128 -0.161603 0.068794 -0.061909 0.045865 -0.028700
0.065943 -0.076196 -0.090798 0.006811 0.181907 -0.058176 -0.069322 -0.015029 0.081555 0.152003
0.122255 0.210024 0.107032 -0.062642 0.003354 0.057205 -0.077788 -0.061477 0.009874 -0.106410
-0.019729 -0.079613 -0.026331 0.011165 0.026622 -0.098022 -0.165907 -0.166994 0.102837 -0.145091
0.055496 -0.143693 0.045516 0.000406 -0.180820 0.108740 -0.121401 0.011126 -0.031185 0.020933
0.050914 -0.020758 0.031845 -0.010078 -0.105556 0.082876 -0.007384 -0.107420 -0.002939 -0.097789
0.129867 -0.086216 -0.136857 0.033243 -0.051691 -0.058914 -0.035302 -0.036545 -0.121556 -0.036816
0.038312 -0.162334 -0.315206 0.108738 -0.149682 0.012426 -0.090212 -0.033611 -0.149682 -0.228886
0.203649 -0.190493 0.247278 -0.040676 0.046583 -0.023593 0.088064 0.188747 -0.133976 0.318427
0.001519 -0.218818 -0.066820 -0.101757 -0.047220 -0.054570 -0.132096 -0.084238 0.050241 -0.178411
-0.254661 0.093837 -0.011511 0.027503 -0.129613 -0.136459 -0.143641 0.019616 -0.266206 0.020657
-0.211569 -0.111423 -0.215865 -0.052053 -0.065746 -0.212240 -0.111557 0.049536 -0.060678 0.123236
-0.114577 -0.060309 -0.152904 -0.136996 0.125653 -0.124444 -0.320844 0.140956 -0.004829 0.055913
0.168611 -0.005479 -0.009749 -0.076184 -0.081486 -0.018928 0.034745 -0.062020 0.078482 0.071831
-0.081604 0.089630 -0.049274 -0.082124 0.009578 -0.016750 -0.085097 0.167369 -0.013768 0.203043
-0.015617 0.087847 -0.023021 -0.111332 0.045410 0.104420 0.097880 -0.014112 -0.049497 -0.008459
0.109920 0.033333 -0.138756 -0.006364 -0.223407 -0.084353 0.114973 0.087326 -0.098474 -0.030750
-0.009062 0.120770 0.147154 -0.022946 0.080712 0.087921 -0.008329 -0.115642 0.005760 -0.056929
0.040505 -0.036436 0.027443 0.051392 -0.058676 -0.033277 0.054068 0.027759 0.030601 -0.107021
0.020995 -0.060980 0.127013 0.120250 0.054588 0.025250 0.049423 0.033314 0.022129 -0.130060
-0.104443 0.073997 0.098504 -0.040403 0.070711 -0.024052 -0.060298 -0.035276 -0.022924 -0.125426
-0.017015 0.095970 -0.109669 0.052459 -0.011689 0.083855 -0.012729 0.068216 -0.024844 0.046481
-0.168185 -0.009824 0.072215 0.045847 0.155595 -0.095099 -0.013115 0.029733 0.011392 0.104126
0.020607 0.211261 -0.041769 -0.086310 -0.324968 0.030248 -0.071423 0.046362 0.016490 -0.094149
-0.188298 -0.134453 0.000698 -0.100008 -0.045412 0.003887 -0.088844 0.010452 0.037652 -0.042997
0.005731 0.048421 0.262730 0.069444 0.091219 -0.169135 0.089240 0.150052 -0.087102 -0.149260
-0.008042 -0.034880 0.270173 -0.022864 -0.096239 0.007851 -0.065422 -0.070851 -0.134203 -0.082490
0.126860 -0.040308 0.076124 0.015867 0.019529 0.076827 0.029293 -0.106238 -0.054798 0.034059
-0.018367 -0.186228 0.037808 0.032477 0.058118 -0.009721 0.073546 -0.099207 0.051205 -0.022204
0.104129 0.108191 0.235441 0.118736 -0.016443 0.258876 0.003068 -0.015135 0.089287 0.049721
-0.053548 -0.070617 -0.058626 0.073468 0.180448 -0.016893 -0.122486 -0.065539 0.044760 0.016248
-0.006122 0.052299 0.040737 0.016453 -0.105769 -0.067805 -0.148420 -0.054916 -0.115690 0.035758
-0.142952 0.104441 0.063196 -0.002739 -0.009965 -0.171230 -0.053705 0.216069 -0.021845 -0.132963
-0.000389 0.070262 -0.400124 -0.132236 0.388202 0.090362 -0.232776 -0.056740 -0.055650 -0.093270
0.094724 -0.194537 0.172728 -0.095815 -0.055759 0.142195 0.191193 -0.210530 0.214601 0.129546
0.300675 -0.077277 -0.148375 -0.008633 -0.238446 0.069098 0.029115 -0.050415 0.060375 0.131436
-0.162260 -0.023045 0.108973 -0.155717 -0.238882 0.056304 0.050815 -0.222889 0.011995 0.008601
-0.037548 -0.126711 -0.020464 0.207768 -0.106501 -0.165604 -0.131436 -0.284681 0.022754 -0.146048
-0.214165 -0.051615 0.154408 -0.006738 0.146702 0.122858 -0.134998 -0.068626 -0.284100 0.244262
-0.011477 -0.101994 -0.047033 -0.146096 -0.179684 -0.088606 -0.013201 -0.068051 -0.058933 0.092521
-0.119515 0.068360 0.074903 0.024534 -0.037245 -0.227078 -0.082012 0.081445 -0.070369 0.036060
0.078303 -0.182775 0.022770 -0.042706 0.144551 -0.072069 -0.171133 -0.021778 -0.293841 -0.205854
0.012634 0.036215 -0.022602 -0.364108 0.054760 -0.088245 0.062900 -0.216569 0.144757 -0.147539
0.077169 -0.112715 0.129509 0.199981 -0.140327 -0.119927 0.054297 -0.027818 -0.125799 -0.030291
-0.054348 0.087369 -0.102154 -0.275502 0.277356 -0.041366 -0.084948 -0.010548 0.002183 -0.037374
-0.160521 -0.136927 0.253453 -0.239854 -0.119618 0.185454 0.000655 0.022480 0.027294 0.001613
-0.004275 0.357447 -0.017735 0.019337 -0.105993 -0.000487 0.042731 0.026717 -0.018242 -0.175859
-0.348216 -0.094136 -0.033282 0.187636 -0.016333 -0.089203 -0.056458 0.015179 0.014890 -0.098672
-0.072930 0.062744 0.088407 -0.058328 0.002723 0.246680 0.021704 0.018581 0.062227 -0.189545
-0.020013 -0.112359 -0.030159 -0.004963 -0.019834 -0.051405 0.007773 0.000546 0.023932 0.031372
-0.030139 -0.014204 -0.040006 -0.017944 -0.144188 0.025921 0.115303 0.024370 -0.003464 0.017268
-0.016979 0.000121 -0.052002 -0.000343 -0.042890 -0.130183 0.037300 0.041936 0.021366 -0.141164
-0.230204 0.050157 -0.151855 0.026765 0.084100 -0.000528 0.051411 0.128073 -0.081938 -0.005197
0.061053 0.063345 0.083321 0.133867 -0.010242 0.094780 -0.072122 -0.022700 -0.010664 -0.195094
-0.009880 -0.186792 0.025403 -0.030613 -0.248364 -0.084964 -0.069701 -0.102822 0.044882 -0.058286
0.154103 0.221902 0.024689 0.005410 -0.026938 -0.214638 -0.026376 -0.099536 0.037337 -0.147617
0.195094 0.110518 -0.106886 -0.091407 0.091753 0.025057 -0.051281 -0.087040 0.008469 0.020636
-0.083581 -0.181603 -0.077052 -0.046222 -0.060405 -0.021565 0.062480 0.052751 -0.055432 -0.208065
-0.213773 -0.088250 -0.020819 -0.057205 -0.110701 0.071831 -0.082400 0.161185 0.128155 -0.019053
-0.086920 -0.025746 0.023868 -0.108685 -0.186913 0.192893 0.003788 -0.063069 -0.087129 -0.081288
-0.076351 0.050414 -0.011430 -0.038106 0.125999 0.028179 -0.258952 -0.223628 -0.256727 -0.072526
0.199568 -0.028266 -0.220846 -0.065399 -0.107225 -0.069397 -0.093456 -0.051074 0.149781 0.087546
-0.003729 -0.101036 0.065538 0.091162 0.114317 0.021713 -0.285654 -0.077672 0.042139 -0.011804
-0.017410 -0.239204 0.009596 -0.032299 0.038732 -0.085043 0.041443 0.299839 -0.247548 0.004885
0.062548 0.031378 -0.038627 -0.014220 -0.058410 -0.105138 0.632500 -0.115360 -0.203056 -0.019675
-0.021665 -0.000907 -0.053217 0.063380 -0.154995 0.007716 0.034669 -0.074544 0.053117 -0.172117
0.252318 0.234696 -0.155496 -0.025582 -0.131065 0.012297 0.049988 -0.001256 -0.218075 0.092166
0.127360 -0.023580 0.003335 0.121453 -0.052166 -0.047660 0.001600 0.055169 -0.122554 0.029938
-0.015832 0.041277 -0.057773 -0.072942 -0.009781 -0.082003 -0.146084 -0.095821 -0.312594 -0.045708
-0.030238 -0.106134 -0.174119 0.015657 0.026834 -0.129163 0.006971 -0.095721 -0.140277 0.050413
-0.135270 0.077047 -0.092617 -0.296373 -0.062429 0.048061 -0.102429 -0.016746 -0.077898 0.053317
-0.229289 -0.107035 0.224141 -0.349711 -0.059384 0.066447 0.142521 0.068278 -0.095904 -0.094282
0.050986 -0.041281 -0.014467 -0.221630 0.268091 0.062575 0.036467 -0.124523 0.174855 0.114059
0.088631 0.014911 -0.146602 -0.053472 0.054413 0.043766 -0.054152 -0.221211 -0.167112 -0.213363
0.056297 -0.100874 0.052164 -0.031445 0.009607 0.117093 0.000974 -0.043007 -0.010085 0.041752
0.126197 -0.071208 -0.127453 -0.077277 0.067598 0.070267 0.037723 -0.080731 -0.031209 -0.212735
-0.059018 0.155915 -0.004627 -0.053027 0.023178 -0.012001 0.076807 -0.088265 0.166170 -0.092974
-0.001694 0.039110 -0.138649 0.173181 -0.165752 -0.104432 -0.096898 -0.224298 0.085357 0.033223
-0.060497 -0.021581 -0.049720 -0.029689 -0.093390 -0.156378 -0.069852 0.046542 0.062175 -0.111742
-0.019268 0.055973 -0.020335 0.280423 -0.000324 -0.161259 0.067259 -0.025432 0.158717 -0.013561
-0.123435 0.042018 -0.161360 -0.013853 0.018658 -0.186576 -0.175697 0.039883 0.009608 -0.230805
-0.068479 -0.103202 0.022699 0.210673 -0.229992 -0.200099 0.089526 -0.041484 0.024428 -0.102947
-0.057040 -0.062989 -0.086527 0.092119 -0.039247 -0.006666 0.131671 -0.143465 -0.149058 -0.006008
0.071529 0.108489 -0.006742 -0.196642 -0.041713 -0.224298 -0.087289 -0.320891 -0.040798 -0.024174
-0.057111 0.158403 -0.168035 -0.103543 -0.117886 0.000578 -0.056012 -0.106998 0.037193 -0.124168
0.217346 -0.005572 -0.017091 -0.094120 0.004027 -0.004292 0.199967 -0.058315 -0.098099 0.295658
-0.078259 -0.111604 0.098361 0.150132 0.127832 0.141652 0.326857 0.041904 -0.192429 -0.050725
-0.032220 0.072082 -0.179133 0.115688 0.112861 0.081295 -0.164999 -0.157461 0.000073 -0.013329
-0.227397 0.030885 0.159973 0.145735 -0.080144 -0.075014 0.120713 0.028189 0.001366 -0.096110
0.076061 0.113594 -0.016359 -0.034000 -0.002964 -0.044835 0.100978 0.073862 -0.014238 0.172956
0.037376 0.015861 0.165627 -0.090823 0.151471 0.033704 -0.105240 0.132806 0.032663 -0.052764
-0.089231 0.047164 -0.006757 0.107106 0.170279 0.003455 -0.065039 -0.028266 0.082627 -0.025251
0.013918 -0.184062 -0.004554 0.067624 -0.089662 0.134386 0.125771 -0.095979 0.073869 0.045262
0.058040 -0.037616 0.010239 -0.141421 0.026561 0.010876 -0.053912 -0.081622 -0.009225 0.102225
0.024174 -0.019544 -0.062383 0.087868 0.007399 0.115290 0.097631 0.051112 -0.062455 0.054271
-0.006578 -0.028535 0.029379 0.068018 0.152763 -0.006124 0.042283 -0.011504 0.080832 0.111270
0.088298 0.063209 0.046051 -0.022828 -0.048062 -0.069167 0.000521 0.082483 
