-12.823855 -12.622460 -12.831981 -13.785031 -12.579067 -10.887940 -12.014718 -13.035635 -13.741199 -13.671108
-12.364536 -11.524462 -12.863333 -13.740678 -11.962512 -12.971224 -13.498128 -13.533591 -13.310128 -14.458469
-14.912266 -15.061996 -14.876173 -16.008888 -16.255722 -15.129333 -16.238882 -14.088142 -13.588759 -15.857244
-17.590885 -16.853687 -15.452034 -15.762714 -16.489620 -15.688760 -17.178183 -16.152985 -14.933682 -15.788450
-16.911383 -17.142265 -15.243974 -14.161282 -15.845824 -16.290581 -16.335316 -16.517134 -15.957100 -15.423309
-15.548061 -16.304623 -15.179480 -14.443151 -15.927267 -16.105843 -16.635628 -16.851631 -16.183472 -13.566666
-11.789995 -13.634361 -16.786976 -14.669311 -12.709885 -14.150848 -16.190987 -16.045061 -14.830011 -15.292683
-15.352663 -14.852494 -15.034693 -15.445546 -14.755640 -14.979605 -14.314553 -13.061750 -13.054800 -9.761689
-12.570094 -14.339594 -16.051224 -16.134991 -15.378832 -14.792610 -15.627759 -15.875532 -15.860638 -15.679847
-15.356893 -15.520601 -15.833118 -15.876391 -15.376945 -15.847282 -16.224020 -16.702326 -16.972275 -17.244896
-17.181559 -17.141718 -17.077059 -17.237112 -17.301800 -17.387339 -17.532141 -17.409573 -17.633814 -18.520611
-18.026865 -17.467167 -16.870667 -16.475922 -16.833464 -16.882519 -17.009060 -17.028337 -17.067240 -17.351318
-17.261475 -16.909836 -16.953297 -16.886068 -16.727587 -16.338404 -16.257622 -16.191082 -16.291809 -16.199982
-15.910900 -16.185009 -16.435404 -16.375990 -16.652990 -16.281216 -16.190264 -16.431255 -16.219070 -16.063051
-15.624859 -16.928829 -17.164572 -15.978357 -15.340706 -15.701403 -15.682556 -15.554333 -16.116829 -16.431776
-16.385639 -16.283524 -16.502905 -16.590382 -16.487717 -16.050003 -15.280026 -14.348790 -14.390491 -10.694772
-13.459458 -18.528015 -17.028942 -16.776987 -16.519442 -16.633493 -16.972385 -16.877848 -16.884247 -17.021999
-17.062937 -17.279203 -16.991337 -16.834320 -16.699974 -16.783646 -16.745373 -17.088696 -17.171654 -16.966816
-16.541252 -16.525278 -16.462418 -16.394415 -16.359219 -16.696795 -17.115372 -17.732491 -18.438358 -17.265667
-16.581425 -17.269678 -16.357189 -16.610933 -16.714031 -16.174664 -16.009291 -16.234085 -17.413204 -17.495365
-16.983730 -16.671835 -16.821404 -16.534977 -16.741838 -16.982258 -16.858627 -17.076559 -17.112970 -16.962978
-16.688469 -16.075466 -16.480410 -17.865250 -16.679264 -16.591404 -17.186234 -17.121258 -16.910536 -17.649796
-18.345709 -17.404224 -16.730970 -16.346180 -16.904367 -16.302521 -16.034460 -15.728018 -16.449438 -16.892109
-16.755602 -16.748175 -17.008106 -16.631517 -16.319027 -16.056576 -15.836498 -15.786722 -16.065268 -15.820372
-14.353140 -20.750290 -17.243858 -17.069857 -17.033005 -17.054489 -17.473999 -17.112062 -17.028568 -16.962091
-17.067593 -17.141029 -16.161934 -16.420040 -16.574812 -17.701948 -17.142048 -17.407215 -17.186014 -16.981567
-17.132631 -16.942743 -16.777000 -16.982256 -17.266464 -17.476393 -17.219408 -17.233242 -17.272247 -17.344841
-16.934021 -17.019625 -17.320312 -17.440033 -17.250782 -17.560448 -16.903883 -16.508871 -17.168293 -17.305927
-17.211319 -17.049501 -17.206518 -17.445591 -17.879349 -17.796558 -17.421745 -16.604862 -16.502851 -16.955605
-16.417383 -16.009247 -17.007544 -18.179602 -17.373098 -17.782997 -15.725094 -16.314749 -16.340523 -17.301390
-17.925594 -17.890724 -17.124828 -16.936878 -16.727764 -16.790094 -16.425381 -16.807154 -17.116554 -17.036558
-17.880440 -17.114929 -17.371395 -16.633217 -16.650450 -16.358173 -16.069092 -16.161173 -16.950483 -15.733839
-14.432837 -20.690252 -17.932934 -17.913544 -17.451862 -17.347897 -17.367706 -16.850533 -16.993528 -16.916912
-16.991928 -17.048307 -16.597939 -16.888779 -17.294136 -18.139244 -17.531013 -16.994326 -17.485653 -17.467981
-16.709511 -17.112770 -17.375023 -17.377466 -17.609272 -17.774811 -18.135221 -17.573481 -17.524536 -17.471357
-17.413239 -18.264116 -16.995197 -18.008453 -17.883223 -19.367247 -18.247416 -17.360958 -17.812723 -18.431183
-17.652601 -17.760666 -17.560127 -17.408260 -17.290438 -17.014238 -16.902761 -17.256245 -19.155422 -19.420141
-19.770693 -18.845978 -20.495449 -19.933764 -19.844732 -19.407612 -17.273333 -17.317682 -17.808208 -17.386108
-18.625963 -18.709099 -18.217556 -20.188147 -20.593409 -19.249832 -19.922770 -20.215618 -22.384766 -18.013811
-22.219620 -17.377472 -19.627369 -17.409468 -17.803875 -17.295631 -16.697832 -16.693005 -17.152296 -15.595806
-14.699622 -21.155735 -17.947201 -17.882847 -17.512657 -17.442251 -17.433071 -16.960819 -17.488138 -17.486227
-17.028233 -16.854483 -17.138346 -16.781893 -17.343878 -17.866657 -17.289614 -16.834621 -16.519390 -16.437622
-16.996531 -18.002453 -18.282387 -18.593025 -18.991314 -19.021748 -19.956398 -18.606438 -18.449949 -17.978363
-17.718430 -17.780458 -16.985624 -17.886551 -18.563147 -21.016457 -19.241552 -19.259296 -19.220364 -18.967192
-19.125475 -18.797428 -18.372662 -17.537872 -17.453142 -16.125296 -15.814584 -17.124949 -23.305937 -17.896465
-20.215496 -20.192928 -24.950649 -21.516926 -18.763691 -23.592972 -20.037437 -18.461266 -20.985027 -20.543030
-17.956745 -18.407314 -18.433065 -16.130224 -27.816713 -17.674717 -25.919720 -21.529615 -24.238611 -16.396614
-24.559608 -17.885029 -20.759056 -17.619814 -18.173254 -17.174158 -16.765053 -16.958641 -17.383308 -15.486575
-14.989832 -21.533112 -17.910561 -18.036770 -17.763872 -18.260555 -18.365280 -18.588799 -18.274380 -17.544605
-17.678108 -18.342329 -18.964722 -18.261799 -18.274830 -17.736855 -17.050226 -16.541965 -16.402706 -16.559011
-16.594818 -18.019886 -18.850105 -19.493155 -19.122171 -18.074144 -17.707649 -16.729074 -16.553543 -16.448971
-16.162170 -16.037060 -16.997301 -17.114235 -17.542870 -17.562172 -17.266224 -16.846596 -16.801945 -17.311699
-17.703693 -16.953548 -16.420689 -16.293409 -17.080738 -17.271975 -16.603867 -17.115150 -24.826717 -19.320969
-19.946089 -20.123503 -20.950653 -16.862240 -15.288324 -20.078463 -22.604973 -17.730289 -19.115238 -17.641565
-16.209301 -16.221069 -17.543976 -16.749983 -31.248873 -21.982540 -34.510494 -21.117416 -18.751900 -16.157213
-21.725620 -18.158855 -20.159937 -17.827583 -18.406300 -17.165882 -16.971653 -17.224201 -17.670998 -15.188960
-15.212302 -21.724165 -17.765488 -17.912498 -17.102753 -16.697693 -15.535068 -16.543859 -14.861979 -16.313847
-18.354715 -18.086321 -18.267380 -17.353952 -17.898527 -17.921070 -17.747612 -17.488234 -17.311945 -17.045078
-16.454941 -18.150295 -18.694715 -19.472883 -18.767300 -17.767435 -17.531593 -17.475597 -17.606590 -17.408157
-16.822914 -16.054697 -17.375656 -16.822886 -16.895733 -16.314928 -16.559612 -15.880274 -15.785236 -15.851022
-15.546628 -15.902881 -16.070301 -16.037203 -15.986340 -16.597843 -17.591667 -17.731800 -22.586338 -18.303413
-19.339697 -21.568083 -22.780802 -23.188147 -21.640144 -18.055433 -18.617992 -18.394581 -20.382587 -20.412098
-20.110794 -18.558819 -18.278828 -16.632236 -35.450287 -18.441751 -35.804710 -18.835411 -17.160007 -16.731514
-18.069534 -18.147655 -19.162178 -17.775234 -18.164503 -17.384531 -17.416531 -17.412992 -17.923958 -15.218410
-14.425915 -20.567648 -17.461178 -17.522713 -16.816410 -16.912874 -15.704159 -15.897093 -16.781864 -16.409899
-17.998352 -18.224657 -17.975201 -17.332092 -17.094753 -16.973600 -16.728535 -17.088875 -16.578362 -17.302578
-17.219938 -18.907682 -19.632431 -17.827433 -19.498070 -18.455059 -19.124632 -19.461903 -18.921991 -18.118099
-17.343393 -17.294575 -20.519342 -16.939972 -17.616787 -17.336731 -16.892012 -16.362099 -16.003633 -16.059717
-15.927246 -16.848793 -16.799816 -16.711142 -19.325527 -17.739098 -17.874498 -17.526871 -19.271688 -18.122116
-18.250338 -18.161938 -17.217705 -16.327591 -16.237808 -16.369440 -17.576088 -17.920731 -18.314545 -17.447092
-17.100834 -16.553886 -16.912308 -16.172689 -24.719927 -18.220097 -29.258404 -17.899105 -16.255402 -15.730618
-16.905577 -17.712515 -18.406412 -17.198009 -17.841419 -17.558697 -17.428577 -17.492153 -17.785233 -14.784939
-13.825697 -20.273598 -17.390610 -17.323540 -16.638660 -17.390865 -16.769585 -17.585136 -19.605150 -17.823421
-17.798237 -17.887676 -17.662098 -17.227848 -17.482546 -16.240324 -16.435337 -16.696648 -16.334335 -16.818024
-17.577709 -18.045341 -17.776808 -17.434315 -18.350910 -16.771862 -17.929207 -17.895267 -18.305380 -19.594997
-20.203379 -20.722591 -26.854248 -20.985481 -22.515038 -19.443745 -16.882923 -16.468620 -15.997529 -16.362114
-17.861259 -18.329838 -17.525959 -17.295555 -18.280672 -18.236654 -19.139254 -19.694370 -19.057568 -17.489925
-17.780361 -16.439177 -16.180954 -15.929853 -15.742550 -15.640108 -16.073395 -17.009176 -16.766384 -16.330811
-16.611546 -16.115107 -16.173830 -16.377361 -16.865414 -18.068069 -20.250681 -17.745005 -16.608358 -16.391333
-17.410278 -17.504333 -17.704073 -17.411076 -17.949753 -17.976639 -17.655144 -17.762848 -17.632170 -14.412968
-13.890045 -20.260513 -17.724634 -17.587254 -17.113892 -17.971645 -18.381289 -18.684967 -19.619249 -20.491194
-18.582014 -18.784975 -18.308645 -18.654358 -20.544533 -17.011700 -18.098129 -17.662266 -17.959070 -17.345009
-17.075388 -20.713581 -16.764641 -17.632101 -16.979794 -18.694822 -18.139147 -17.623949 -19.580095 -20.484512
-18.278765 -18.876591 -26.813820 -18.316317 -24.588470 -22.267223 -16.467506 -16.347191 -16.109148 -16.704332
-18.305714 -18.182844 -17.437477 -17.864618 -17.937326 -18.576221 -18.821894 -18.529778 -17.904980 -17.503695
-17.613201 -16.373350 -16.855246 -18.031786 -18.300335 -17.409128 -16.471586 -16.739695 -17.164309 -17.167988
-19.387514 -18.075268 -16.859596 -16.973989 -18.388197 -17.279568 -17.552414 -18.582962 -17.347305 -16.601118
-17.830564 -17.806347 -17.988750 -17.827068 -17.777740 -17.906572 -17.498455 -17.591396 -18.011864 -14.421225
-14.298616 -20.479038 -18.000919 -17.630106 -16.985626 -16.970295 -17.456863 -17.049738 -17.004852 -17.347481
-18.086178 -18.772118 -18.439739 -18.593452 -21.139032 -18.139927 -18.480610 -17.778469 -18.517273 -17.672422
-16.922081 -20.090410 -15.903423 -18.351011 -17.589556 -18.626062 -18.154419 -18.144087 -20.341976 -19.939756
-22.395166 -23.643032 -26.187670 -23.122253 -25.975212 -20.992138 -17.293356 -16.546865 -17.016121 -17.448593
-17.576365 -17.624060 -16.998907 -17.070797 -17.146681 -17.827665 -18.399183 -19.537235 -18.525467 -19.382837
-17.201208 -16.193060 -16.288572 -17.263311 -16.835455 -18.306423 -17.895449 -17.189878 -17.705475 -17.406048
-17.691467 -17.228897 -17.142597 -17.859232 -17.432499 -17.117455 -17.577055 -18.743824 -17.613937 -16.681486
-17.800373 -18.135735 -18.057194 -17.620464 -17.890377 -17.567778 -16.897381 -17.270832 -17.591507 -14.926069
-14.530661 -21.562059 -17.707354 -17.792150 -17.310066 -17.401621 -18.278669 -17.919422 -17.462467 -19.212891
-17.136284 -17.392246 -16.840956 -17.819496 -18.511742 -17.872730 -17.699997 -17.577740 -18.414434 -17.362637
-17.379871 -20.705246 -17.101753 -19.730392 -17.146358 -17.402231 -18.065676 -17.901394 -18.080383 -17.481022
-17.373844 -17.748569 -17.618717 -17.430622 -19.257248 -17.853859 -17.933380 -15.820478 -16.684940 -16.570826
-18.330860 -18.192593 -17.379574 -16.917730 -16.944363 -16.781509 -17.308674 -17.684685 -17.335499 -18.403927
-18.830059 -17.423880 -17.783957 -18.012310 -17.371597 -19.237427 -18.550411 -18.103540 -18.853931 -17.881804
-17.302938 -16.874565 -16.924055 -16.904390 -18.628414 -17.191944 -17.439281 -17.680735 -17.576422 -16.383953
-17.219593 -17.351982 -18.015593 -17.710697 -17.890289 -17.623470 -17.268459 -17.327394 -17.717293 -14.827124
-14.563618 -21.363361 -17.583733 -18.703861 -17.720793 -17.591133 -16.857111 -15.887562 -16.237629 -19.343252
-18.356129 -18.763475 -18.339458 -18.266464 -17.921371 -17.485344 -17.220015 -16.940643 -17.485039 -16.638645
-16.434326 -19.631325 -16.990170 -19.771297 -18.871784 -20.731466 -18.716537 -18.377571 -17.670612 -17.530933
-17.365871 -17.253178 -17.287846 -17.193516 -16.889856 -16.518551 -19.975382 -16.526003 -16.754333 -15.828159
-17.472733 -17.804138 -17.289021 -16.536577 -16.254471 -16.217226 -15.846547 -15.280032 -16.389099 -17.364676
-18.808474 -16.367899 -17.526527 -16.869617 -17.101803 -20.987631 -17.555632 -17.955574 -19.352011 -18.484797
-16.994781 -17.203270 -16.976545 -16.648460 -16.928436 -16.966743 -17.640839 -17.448511 -16.516562 -15.838070
-17.228083 -16.959105 -18.272930 -17.817802 -17.702217 -17.601006 -17.400902 -17.304565 -17.727709 -14.927643
-14.630593 -20.756371 -18.187290 -19.810631 -17.825794 -18.004980 -15.948370 -15.345528 -14.928467 -16.543434
-19.252644 -18.096848 -18.042921 -17.688797 -17.135746 -17.563299 -17.271820 -17.173481 -17.347544 -17.298393
-17.761108 -24.279327 -17.468384 -21.263298 -19.098349 -19.984077 -18.671698 -17.607903 -17.029333 -17.282619
-16.791628 -16.738878 -16.865650 -16.383213 -16.112728 -16.570076 -19.437607 -16.802124 -16.542984 -18.097544
-17.452295 -17.702265 -17.852818 -16.976337 -17.382195 -17.907824 -17.484646 -16.512230 -16.175030 -16.562349
-20.171389 -18.630379 -18.534607 -16.855301 -17.046474 -18.828354 -17.680195 -17.272118 -17.585588 -18.466980
-16.413277 -16.592062 -16.899151 -16.950216 -16.762308 -16.265942 -16.441055 -17.409348 -16.722706 -15.953928
-17.559750 -17.414680 -17.738400 -17.228138 -16.815306 -17.112740 -16.950987 -17.017721 -16.872557 -14.862476
-14.620153 -20.681770 -17.636541 -17.573645 -15.529192 -16.131027 -16.280663 -16.312788 -14.100850 -15.800180
-18.414925 -18.310768 -17.491152 -17.143497 -17.600294 -18.151146 -17.600052 -17.408768 -17.047176 -17.463243
-17.685806 -18.488436 -17.322769 -19.678720 -17.753077 -18.447197 -17.979626 -17.154179 -17.298843 -17.182228
-16.508366 -17.032911 -17.126621 -16.922079 -17.654463 -17.784052 -17.221077 -17.589787 -16.741238 -18.101671
-17.104486 -17.888458 -18.770895 -18.040514 -18.084560 -19.186890 -17.148701 -19.331755 -15.625853 -16.592308
-16.872219 -17.082153 -17.898485 -17.495163 -16.932930 -16.485527 -16.959881 -15.976487 -16.431759 -16.474886
-16.025015 -16.315928 -16.616600 -17.248186 -14.804476 -16.026077 -17.807850 -19.333412 -15.921068 -16.332542
-17.313019 -17.440611 -18.548943 -17.090416 -16.793079 -16.717615 -16.608109 -16.800409 -17.175234 -14.599728
-14.544578 -20.819984 -17.112047 -17.420115 -15.161848 -15.631379 -16.201441 -16.779167 -17.664185 -17.578365
-17.657864 -16.999670 -16.768091 -17.082493 -17.201508 -17.875050 -18.114317 -18.106152 -17.622223 -17.930305
-18.277866 -18.193878 -17.539602 -17.790604 -17.668810 -18.186773 -17.442797 -17.298851 -17.266171 -17.137510
-17.190596 -17.420391 -17.421804 -17.628658 -17.680340 -20.355206 -18.053535 -18.388706 -17.413641 -17.603487
-17.883076 -19.530977 -17.994120 -19.431087 -19.566790 -24.456697 -20.604496 -25.507030 -18.032364 -19.304707
-22.110123 -22.385868 -22.491570 -21.210564 -18.711575 -17.543629 -16.802998 -15.753801 -16.006817 -15.969952
-16.192057 -16.680470 -16.735928 -16.966103 -20.302536 -15.986346 -21.300467 -20.474577 -17.378307 -16.995211
-17.290272 -17.368328 -18.024668 -17.425900 -17.512814 -17.527914 -17.181723 -17.159132 -17.533566 -14.538938
-14.505730 -20.581215 -16.874062 -18.066139 -15.065495 -16.344425 -17.288158 -16.238762 -16.636133 -16.724846
-16.112942 -16.159212 -17.039787 -17.354462 -17.299770 -17.725292 -18.054867 -17.919842 -17.837606 -17.779402
-18.093838 -17.594353 -17.240496 -16.949718 -17.259560 -17.506317 -17.156784 -17.510014 -17.498375 -17.709908
-17.757965 -17.797520 -18.272490 -18.304466 -17.859459 -19.231686 -18.114624 -18.415522 -17.662970 -17.072014
-17.251965 -19.113663 -17.248592 -19.310646 -17.831350 -20.651638 -15.802094 -27.165918 -21.340237 -17.283535
-22.702595 -30.781107 -38.219181 -29.013348 -27.748800 -19.219849 -15.788136 -17.395393 -15.805617 -16.352631
-16.223404 -16.451317 -15.678593 -17.692972 -28.671057 -16.256271 -25.912930 -22.543365 -16.457260 -16.164246
-17.072565 -17.204964 -17.339121 -17.457687 -17.366667 -17.912687 -17.609074 -17.399738 -17.764893 -14.776937
-14.252075 -21.010180 -17.451508 -19.622274 -17.535267 -17.495190 -18.071712 -18.075996 -17.817019 -16.983566
-16.486914 -16.147110 -17.060045 -17.405125 -17.676426 -18.110044 -17.508440 -17.461617 -17.787241 -17.009853
-16.807972 -16.552605 -16.961277 -16.285870 -16.833670 -17.435740 -17.403500 -17.703041 -18.078026 -17.809742
-17.655762 -17.827404 -18.325472 -17.996391 -18.237679 -18.606457 -17.926807 -18.025204 -17.337128 -17.217709
-17.420500 -18.476046 -16.846813 -18.483223 -20.264606 -20.621674 -15.266886 -24.906746 -26.142235 -20.894703
-16.036003 -17.247677 -25.796484 -15.754899 -20.237221 -18.119417 -17.551109 -17.635086 -15.561074 -16.792440
-16.352915 -16.423197 -16.017340 -17.330286 -30.163128 -16.321394 -27.212145 -28.446712 -16.805960 -16.432304
-16.929228 -17.184843 -18.023743 -17.846924 -17.454798 -17.678282 -17.255062 -17.408009 -17.769257 -15.041911
-13.856999 -21.729782 -17.444826 -19.216604 -17.557095 -17.440262 -18.717192 -17.418840 -15.717521 -15.315633
-15.280565 -16.776356 -17.151337 -17.316780 -17.669937 -17.971710 -17.578373 -17.480333 -17.344587 -16.445440
-16.678665 -16.335999 -17.563572 -16.810524 -15.825470 -16.708498 -17.318541 -17.987175 -18.302334 -18.113132
-17.896919 -17.670177 -17.766235 -17.519850 -17.266233 -17.633099 -18.159075 -18.313433 -17.980770 -18.177256
-17.730804 -18.105349 -17.210386 -17.891510 -17.920555 -22.550386 -23.160648 -25.110731 -19.938889 -21.733109
-29.750622 -35.359108 -36.010910 -33.655502 -27.395399 -23.560398 -20.186890 -17.014153 -16.544605 -16.745174
-16.691845 -17.024200 -16.825121 -16.467865 -26.897659 -15.331945 -20.365273 -28.822142 -17.221176 -16.546337
-17.046000 -17.269957 -17.863115 -17.943659 -17.896519 -17.575066 -17.160688 -17.188995 -17.625864 -15.506863
-13.751184 -21.812366 -17.298992 -18.343349 -17.838341 -17.295193 -17.759161 -16.538250 -15.340723 -15.307697
-15.464666 -17.368210 -16.958055 -17.062656 -17.349070 -17.296066 -17.325254 -17.469124 -16.500500 -16.207073
-16.223812 -17.653255 -17.972202 -17.003202 -15.864336 -16.986149 -17.485390 -17.801537 -17.868927 -17.879904
-17.513449 -17.182739 -17.361078 -17.041279 -16.075634 -16.657715 -16.897663 -17.387077 -17.744328 -18.345385
-18.056519 -17.770691 -17.197468 -17.364010 -17.485868 -18.344219 -17.622824 -17.514278 -17.468258 -17.695965
-17.593658 -17.628239 -18.045574 -17.184795 -16.800694 -17.779526 -17.002647 -15.966273 -15.828341 -16.259533
-16.629515 -17.171906 -16.494164 -16.612429 -21.293945 -17.120697 -19.544983 -26.529831 -16.609230 -16.256895
-16.892597 -17.365156 -18.066816 -18.115499 -17.693188 -17.416216 -17.360668 -17.114012 -17.708191 -14.424212
-14.586874 -21.690220 -17.706505 -18.920324 -17.311243 -17.113379 -17.095144 -16.597204 -16.332144 -16.242704
-16.559830 -16.691292 -16.175137 -15.832315 -16.535414 -16.546000 -16.973843 -17.404583 -16.550104 -16.212736
-16.885921 -17.925138 -18.008884 -17.034199 -16.708269 -17.054079 -17.699141 -17.786545 -17.900770 -17.824934
-17.492161 -17.497969 -17.050200 -16.816584 -15.738287 -15.097678 -14.128808 -14.375979 -15.768049 -17.160347
-17.838951 -17.638969 -17.137424 -16.757477 -16.634022 -17.599218 -17.095627 -17.204838 -17.052090 -16.847601
-16.469372 -16.228586 -16.071260 -16.162106 -16.490705 -16.669071 -16.101458 -15.982920 -15.895414 -15.766217
-16.141420 -17.746597 -17.132458 -17.141167 -20.432171 -17.074419 -18.796356 -25.607498 -18.981339 -16.674133
-17.155615 -17.859285 -18.113853 -18.235853 -17.758558 -17.529236 -17.864128 -17.444996 -17.793854 -13.585922
-15.322066 -21.258507 -17.741749 -18.898804 -17.177683 -17.067240 -17.354305 -18.224766 -15.717872 -15.592517
-16.335583 -17.245132 -16.277046 -15.945484 -17.162079 -17.467396 -17.462004 -17.355001 -17.335751 -16.977327
-18.090504 -17.392723 -16.947500 -16.542156 -17.043686 -16.643955 -17.247334 -17.052084 -16.331287 -16.410767
-16.405840 -16.366356 -16.316246 -16.572536 -16.165359 -15.674288 -13.500444 -13.293560 -15.684268 -17.278736
-18.076014 -18.292271 -17.281851 -17.050591 -16.763649 -18.002224 -17.476671 -17.011353 -16.784317 -16.786585
-16.844812 -16.693266 -16.431561 -16.300343 -16.037098 -15.943890 -16.898918 -17.396414 -18.005505 -17.684944
-17.302166 -18.569372 -16.796490 -15.992300 -23.992699 -16.641195 -19.346859 -24.014000 -18.636185 -16.670963
-17.707392 -17.976891 -18.283239 -18.034496 -17.735153 -17.655550 -17.859148 -17.292084 -17.968983 -14.954813
-14.636364 -21.231937 -17.500805 -18.138695 -17.440594 -17.182610 -17.362244 -17.408335 -14.964159 -15.118762
-16.283373 -17.508175 -16.382668 -16.275814 -17.125605 -19.438019 -17.704721 -17.227749 -17.250191 -16.942722
-17.289001 -16.968651 -16.350483 -16.258066 -16.866657 -16.444466 -17.026623 -16.631990 -16.534660 -16.840019
-16.741179 -16.664602 -16.238762 -16.682005 -16.720869 -16.159266 -14.607118 -14.771174 -16.879770 -17.115955
-17.316948 -17.572666 -17.231075 -17.582066 -17.248425 -18.225992 -17.923031 -17.881660 -17.622932 -18.379757
-17.800999 -17.107718 -16.228600 -16.382008 -17.244293 -16.332682 -16.125053 -16.682886 -17.209278 -17.241575
-17.580074 -19.610207 -16.644165 -17.674892 -22.669357 -16.112755 -19.540491 -22.548298 -18.987385 -16.947998
-18.198101 -17.781162 -18.431477 -17.967361 -17.707119 -17.636353 -17.866049 -17.439777 -17.816029 -16.030689
-13.771587 -21.218361 -17.717495 -17.515587 -17.620832 -17.340681 -16.398682 -17.625601 -18.818348 -15.438037
-22.253761 -20.441082 -19.013741 -16.461416 -17.223326 -20.095579 -17.853867 -17.150536 -17.240231 -16.420267
-16.785856 -16.328560 -16.413960 -16.130173 -16.034473 -16.332169 -16.892738 -17.173155 -18.512577 -17.559887
-16.106995 -14.951459 -14.781148 -16.603844 -16.370461 -15.953423 -15.869674 -16.614271 -16.571945 -16.419106
-16.647448 -17.095779 -17.622288 -17.857960 -17.449577 -19.003311 -18.152874 -17.839188 -17.840446 -17.802427
-17.896322 -17.505936 -16.820780 -17.161085 -17.383646 -17.579140 -17.421730 -17.882288 -18.674236 -17.330425
-19.696960 -18.658720 -17.050604 -16.806087 -20.585135 -16.915150 -18.259357 -19.413349 -17.124950 -16.683449
-18.058418 -18.035629 -18.600798 -18.432713 -18.064747 -17.714424 -17.549480 -16.626854 -17.678070 -15.622165
-14.080905 -21.381020 -17.935692 -17.789001 -17.899502 -17.078945 -16.334860 -16.907934 -24.847752 -15.422894
-24.462162 -18.151346 -17.561451 -16.258959 -16.348106 -17.715618 -17.762718 -17.255253 -17.405804 -16.919174
-16.731268 -16.131907 -16.542253 -16.265339 -15.617616 -15.351484 -15.417927 -14.391131 -14.090941 -7.452650
-4.649702 -6.818380 -11.202709 -14.595848 -16.234608 -15.623555 -16.310720 -16.558403 -15.826428 -15.931710
-16.745562 -17.265892 -17.731892 -17.849855 -17.856033 -17.944204 -17.128000 -17.358658 -17.462502 -18.006084
-17.080605 -16.984211 -17.641417 -17.505619 -17.588423 -18.071373 -17.761421 -18.740990 -18.407516 -17.671989
-19.710289 -19.797768 -17.027021 -15.950645 -17.293026 -16.226200 -16.024427 -16.914169 -16.678747 -17.022692
-17.615587 -18.183315 -18.723156 -18.802143 -18.213398 -17.960951 -17.667408 -16.539936 -17.400322 -15.692013
-14.856850 -20.347755 -17.805882 -17.456026 -17.356928 -16.807150 -15.975875 -16.581980 -19.239855 -17.938656
-23.502357 -20.686733 -17.987249 -16.344311 -16.371103 -17.468493 -18.116688 -17.204800 -17.313169 -17.317253
-16.893158 -16.208241 -16.793282 -16.026052 -15.384774 -14.625713 -13.622598 -11.878030 -13.075436 -16.618114
-5.379012 -12.503268 -13.873100 -13.758502 -14.416070 -15.153968 -16.094969 -16.107086 -15.829811 -16.207203
-17.216833 -18.266268 -18.330788 -17.823227 -17.450087 -17.714855 -17.848013 -18.186779 -18.465574 -17.809368
-17.811512 -17.852962 -18.452667 -17.530340 -17.538761 -18.135456 -17.118450 -17.542480 -16.626255 -16.792700
-17.786106 -18.684072 -17.413607 -16.805689 -17.260292 -16.469090 -16.523018 -16.979027 -17.408499 -17.326971
-17.660843 -18.448547 -18.758575 -18.517994 -18.155788 -17.892241 -17.818428 -17.937813 -18.013746 -15.891100
-13.958631 -19.449593 -17.687271 -17.510931 -16.995882 -16.863861 -15.894390 -16.042892 -16.828819 -17.349901
-17.734241 -17.562578 -16.935062 -17.028740 -16.512899 -18.369530 -17.371799 -16.724678 -16.813248 -16.830523
-16.716671 -16.445259 -16.782652 -16.027454 -15.583668 -15.346046 -14.486963 -11.239527 -13.958098 -37.866703
-7.876321 -24.423094 -22.911547 -17.120363 -14.673863 -14.707637 -15.534712 -16.173086 -16.349688 -17.033728
-17.755772 -17.973560 -17.949865 -17.931789 -17.566250 -17.889889 -17.714294 -17.323467 -17.542252 -18.281109
-18.804031 -17.817514 -20.621698 -18.523438 -18.672390 -18.100388 -16.359114 -16.033375 -15.871113 -16.255177
-17.612692 -17.997700 -17.030312 -16.722700 -16.303104 -16.222019 -16.583881 -16.615480 -17.139185 -17.293343
-17.829996 -18.383305 -18.458317 -18.202663 -18.026592 -17.721272 -17.462997 -18.666126 -18.008511 -15.269504
-13.397069 -22.390038 -17.798471 -17.972324 -16.895290 -16.902815 -15.958042 -16.415239 -18.353827 -17.742058
-17.671755 -16.748341 -19.018232 -15.619661 -16.287724 -18.147051 -16.726349 -16.463360 -16.373859 -16.482559
-16.690952 -16.599226 -16.904613 -15.982738 -15.992015 -15.783789 -15.474177 -14.240802 -14.509020 -23.472813
0.753399 -21.055079 -14.439217 -17.085897 -16.230213 -16.263538 -15.856440 -16.285730 -16.541115 -17.123150
-17.192842 -16.965942 -17.178940 -17.689253 -17.855839 -17.858665 -17.100657 -16.760626 -16.816277 -17.069885
-17.200085 -17.583279 -19.030941 -18.184977 -18.565067 -16.986120 -15.922340 -15.728519 -15.944628 -16.454941
-17.257591 -17.198954 -16.605324 -16.655174 -17.254478 -17.033257 -17.120996 -16.739435 -17.377075 -17.330256
-17.742882 -17.995441 -18.043358 -17.987345 -17.842415 -17.573668 -17.046610 -18.525078 -17.579174 -15.271711
-13.937419 -22.298485 -17.909410 -18.605467 -16.864651 -16.897598 -16.013996 -17.154121 -17.488310 -17.870462
-18.448341 -16.890860 -18.257883 -15.160304 -15.744490 -16.245293 -16.026995 -16.154772 -16.272650 -16.361614
-16.647137 -16.597195 -16.903088 -16.283543 -16.370569 -16.186161 -16.352049 -15.695415 -17.111013 -11.631893
-16.261261 -15.407415 -11.676194 -16.887575 -16.641964 -15.623180 -15.808596 -16.341438 -16.479713 -17.016636
-16.834230 -16.683716 -17.068426 -17.190245 -17.412855 -17.186787 -17.041405 -16.556864 -19.317921 -18.996452
-17.579216 -19.279938 -18.606457 -17.863785 -17.828894 -16.459757 -15.928501 -15.890579 -16.268658 -16.165560
-15.961880 -15.946994 -16.103661 -16.477104 -16.433296 -17.008997 -17.492304 -16.250992 -16.710066 -16.853617
-17.552961 -18.022427 -17.898962 -17.921785 -17.818115 -17.315084 -16.614328 -17.607615 -17.167601 -15.195598
-15.228002 -22.376331 -17.494473 -18.435614 -16.736380 -16.850304 -16.053734 -16.832737 -19.159737 -18.135395
-18.138105 -16.655224 -16.873770 -16.583538 -18.279465 -18.111326 -16.768454 -16.659912 -16.391729 -16.235565
-16.877674 -17.178041 -16.494204 -16.598745 -16.595007 -16.132059 -16.061195 -15.761516 -15.020665 -15.379967
-15.179689 -15.090187 -17.731791 -15.983859 -16.060768 -15.904959 -16.314014 -16.338764 -16.683805 -17.344570
-17.308043 -17.495228 -17.867077 -18.463144 -18.226065 -17.599016 -17.241625 -17.337017 -20.169416 -19.702692
-18.150410 -19.325691 -20.702129 -18.058535 -17.173208 -16.494595 -16.266901 -16.629889 -16.935053 -16.764997
-17.692352 -17.000095 -17.093651 -16.611996 -15.753283 -16.461613 -17.656683 -17.105083 -17.448946 -17.041332
-17.652172 -18.238766 -18.142063 -18.289665 -17.921444 -17.193644 -16.186384 -16.496307 -16.527960 -15.203922
-15.375931 -22.577320 -17.465685 -19.043814 -17.044537 -16.947636 -16.049734 -16.976337 -18.578526 -18.611734
-17.682558 -16.637470 -16.778650 -16.619907 -17.119270 -16.543594 -16.166241 -16.189272 -16.080208 -16.105175
-16.870068 -17.024330 -16.305981 -16.700863 -16.744370 -16.373432 -16.604668 -15.900850 -15.194956 -14.998776
-15.434246 -16.556656 -16.224876 -15.609292 -16.212698 -16.063391 -16.131506 -15.675402 -16.335041 -17.634150
-17.986504 -18.409977 -18.424105 -18.464378 -18.168800 -17.665796 -17.249130 -17.525528 -18.536291 -19.581120
-18.308475 -18.707285 -18.910334 -17.512402 -17.026041 -16.664379 -16.522200 -16.346210 -16.151379 -16.493435
-17.567829 -16.919926 -16.018436 -15.333944 -18.163639 -15.250628 -19.244865 -17.299217 -17.032124 -16.861546
-17.722830 -18.506804 -18.383785 -18.239471 -17.938534 -17.525122 -16.888603 -16.335945 -16.125111 -15.616611
-14.752825 -22.260494 -18.192234 -19.118565 -17.438820 -16.789783 -16.219667 -17.507542 -18.078848 -18.868586
-20.894844 -23.006611 -20.820122 -17.435869 -17.673061 -16.017595 -16.565804 -16.730930 -16.160370 -17.083782
-17.173731 -16.770721 -17.058060 -16.785461 -17.077646 -16.864479 -16.833792 -15.997193 -16.281078 -15.943003
-15.977189 -16.092226 -16.107754 -16.035690 -15.835707 -13.719286 -13.248665 -14.402403 -16.565437 -16.988018
-17.956184 -18.362404 -18.244595 -17.615345 -17.593353 -18.107954 -17.342434 -17.351282 -17.834465 -19.422060
-18.133827 -17.697126 -17.295652 -16.669981 -16.944740 -16.950699 -16.498310 -16.568390 -16.039474 -16.994987
-16.989462 -16.799940 -15.537875 -15.346066 -25.158638 -15.454777 -26.328653 -19.163792 -17.881077 -16.946033
-17.356087 -18.029181 -18.292847 -17.934832 -18.026577 -17.603535 -17.685219 -17.701849 -17.877405 -15.489412
-14.719856 -22.097683 -18.099648 -18.552849 -17.318233 -17.201578 -16.176710 -17.236408 -18.370657 -19.869511
-19.431437 -16.870975 -21.161453 -16.967501 -17.339128 -16.949711 -16.310318 -16.131104 -16.607101 -16.499460
-16.037758 -16.190266 -17.124012 -16.787907 -17.318768 -16.741510 -16.790083 -16.345457 -16.184265 -15.965744
-15.921328 -16.091732 -15.885317 -16.077549 -15.450692 -13.154459 -12.725402 -14.857918 -16.703846 -16.932859
-18.161318 -18.682699 -17.937193 -17.801594 -17.591312 -18.198145 -17.310131 -17.472023 -17.264488 -18.026037
-17.281862 -16.739141 -16.642324 -16.663912 -16.555645 -16.386837 -16.074368 -17.082115 -16.317789 -17.021894
-16.210663 -16.597298 -15.211239 -15.790533 -27.381924 -17.050776 -30.855665 -22.418312 -18.856319 -16.540554
-17.134125 -17.598742 -18.288330 -17.847139 -17.812466 -17.459053 -17.570253 -17.893242 -18.329983 -14.988665
-15.181643 -23.173820 -17.963392 -19.532566 -17.463783 -17.429882 -16.546408 -17.196060 -19.180168 -18.675728
-20.970928 -17.037264 -21.170521 -17.126461 -16.154722 -16.417675 -17.880491 -18.737825 -18.662609 -19.342016
-16.724625 -16.188437 -17.235020 -17.328770 -17.327406 -16.921669 -16.532862 -16.460728 -16.727013 -16.261009
-16.511499 -16.525913 -16.336636 -16.605274 -16.131855 -15.523044 -14.221704 -15.058963 -16.718519 -17.855087
-18.113071 -18.500917 -18.188854 -17.949949 -17.906504 -18.110960 -17.624584 -17.669060 -18.020147 -19.215195
-17.012493 -16.685843 -16.942856 -17.799107 -17.472466 -17.268955 -16.465996 -18.083302 -16.843384 -17.123753
-16.690168 -16.653860 -15.665312 -15.048368 -30.818172 -15.736440 -27.165833 -22.723211 -18.663231 -16.592155
-17.707903 -17.962315 -18.547634 -18.151600 -17.977028 -17.676357 -17.411301 -17.267908 -17.569235 -13.655748
-15.964008 -24.250879 -18.053329 -20.084454 -17.883404 -17.924063 -16.955875 -18.396496 -17.590096 -17.923946
-18.712700 -20.053417 -21.296005 -18.313940 -17.163624 -16.571943 -16.270134 -16.405884 -16.499729 -17.247002
-15.823219 -16.190180 -17.206545 -17.369970 -17.465504 -17.199869 -16.881695 -16.805397 -17.171104 -17.035412
-17.042103 -16.775091 -16.906658 -16.934837 -16.866081 -17.048809 -16.884317 -17.192951 -17.552279 -17.795416
-17.738970 -18.280218 -18.065111 -17.716145 -17.833755 -18.038656 -17.906353 -17.793789 -17.605789 -19.079533
-17.424911 -17.184507 -17.568899 -18.216381 -18.001274 -18.122803 -17.244698 -17.797745 -17.204384 -17.359686
-17.584259 -16.887489 -16.094551 -15.144132 -23.421864 -15.335964 -23.090124 -23.205917 -18.779411 -16.883175
-17.891933 -17.845833 -18.178940 -17.990236 -18.163681 -17.846478 -17.635746 -17.157509 -17.128233 -13.633194
-16.051147 -23.861433 -18.272469 -19.960243 -17.951477 -17.452749 -17.013680 -17.188955 -16.944149 -17.392513
-18.655960 -19.592196 -19.280550 -17.481266 -16.079754 -15.331301 -16.763035 -16.556301 -18.908833 -17.944218
-15.988968 -15.960249 -16.778982 -17.057350 -17.529221 -17.494112 -17.139454 -17.210258 -17.920467 -17.826931
-17.730549 -17.615959 -17.606266 -17.434469 -17.500095 -17.077322 -16.813234 -16.661076 -17.342598 -17.981634
-17.945377 -18.051151 -18.020340 -17.923969 -17.664518 -18.163752 -17.748825 -17.752417 -17.745470 -19.160707
-17.264505 -17.763117 -18.430927 -18.122837 -17.868202 -17.443901 -17.197968 -16.740814 -16.034578 -15.885614
-17.394577 -17.395111 -16.709927 -16.062267 -17.885693 -17.276936 -18.575457 -20.021152 -17.251165 -16.318777
-17.807377 -17.714752 -17.755856 -18.093410 -17.948090 -17.853067 -17.625366 -16.483887 -16.449444 -14.097542
-16.088070 -22.394825 -18.438047 -19.284840 -17.988026 -17.542843 -17.347778 -17.029619 -16.988832 -17.431419
-17.984661 -18.394712 -19.139421 -17.766369 -18.338608 -18.037701 -26.628029 -16.997185 -26.846638 -18.823984
-16.138386 -15.883243 -16.825361 -16.780684 -17.304413 -17.265789 -17.102076 -17.216837 -17.868900 -17.573940
-17.869234 -17.860006 -17.796650 -18.112465 -17.792419 -17.002981 -16.683781 -17.135250 -17.546881 -18.325991
-18.326796 -18.555458 -18.161619 -17.940416 -17.734694 -17.902958 -17.626806 -17.754494 -17.917536 -18.360647
-17.064014 -17.369488 -18.404087 -18.083029 -17.441446 -16.963036 -16.792004 -16.209221 -15.698269 -15.541780
-17.026058 -17.770546 -16.800575 -16.082027 -15.896295 -16.787649 -16.712906 -16.819008 -17.385660 -16.642765
-17.574179 -17.499054 -17.903696 -17.512253 -17.474194 -17.493864 -17.453455 -16.619814 -14.989134 -14.070045
-15.810812 -22.044806 -18.360569 -18.779976 -18.134039 -17.729103 -17.451563 -17.115175 -17.267925 -18.248857
-20.547821 -16.543722 -16.659924 -16.859510 -15.968934 -15.388069 -27.984016 -15.705790 -27.625536 -17.314659
-16.649286 -16.309969 -17.245440 -17.514816 -17.490887 -17.590790 -17.818287 -17.562813 -17.339319 -17.364922
-17.687656 -17.917793 -17.760031 -17.630329 -16.533495 -16.544504 -17.364857 -17.789019 -17.817661 -18.658749
-18.604885 -18.684994 -18.332687 -17.987030 -18.048231 -18.025009 -17.706406 -17.985291 -18.169430 -18.298492
-18.034250 -17.591833 -18.028189 -17.623478 -16.613455 -16.397053 -16.928083 -16.925674 -16.214418 -15.826875
-16.866661 -18.778217 -16.600281 -16.069952 -15.448112 -16.604671 -16.657917 -16.282112 -17.413862 -17.016804
-18.042095 -18.112362 -17.935902 -16.810368 -16.902502 -16.931793 -17.269863 -16.605076 -16.003695 -14.162539
-16.090389 -23.245340 -18.316282 -20.143723 -17.735947 -17.996778 -17.284786 -17.547611 -17.193253 -16.513172
-17.531540 -15.924213 -16.455046 -18.279385 -18.491890 -18.897930 -26.894342 -15.643434 -25.888599 -18.729593
-17.667183 -16.213940 -17.131878 -17.636837 -17.494318 -17.625969 -17.252937 -17.215828 -16.584814 -17.432034
-18.131237 -17.880157 -17.437994 -16.860931 -16.137728 -17.367506 -17.412533 -17.699631 -17.936190 -17.890676
-17.988098 -18.037081 -17.896944 -17.852644 -18.057446 -18.359268 -18.080467 -18.324799 -18.542294 -18.602392
-17.507626 -17.247147 -17.544500 -18.142591 -17.243618 -16.431061 -16.935667 -17.925629 -17.142750 -16.208094
-16.446863 -18.614006 -16.338146 -16.559650 -15.800547 -16.606571 -16.644955 -16.873169 -16.710377 -16.802353
-17.312742 -16.816452 -16.764997 -16.340389 -16.512272 -17.170174 -17.533134 -16.780907 -16.516016 -15.365732
-16.685640 -23.382542 -17.566391 -20.142813 -17.510885 -17.746511 -17.541588 -18.063808 -17.330730 -18.110216
-17.006966 -16.912512 -17.311138 -17.424816 -17.018970 -17.322496 -22.847095 -18.352953 -25.191826 -19.119732
-16.986368 -17.031805 -17.639320 -17.974342 -18.049986 -18.275242 -19.962765 -18.832582 -18.501152 -16.634972
-16.955732 -17.379141 -17.673794 -16.558456 -17.964348 -18.710735 -17.262592 -16.965380 -17.471891 -17.180227
-17.257236 -17.659698 -17.581469 -17.726757 -17.807350 -18.049917 -17.732674 -18.093666 -18.245098 -18.295250
-17.572350 -16.237114 -16.864632 -17.771236 -16.534904 -15.745008 -17.113836 -17.415190 -17.136637 -16.154291
-16.503872 -16.876534 -16.270008 -16.657698 -15.779537 -16.715439 -16.501034 -17.303883 -17.315948 -16.844715
-17.901497 -17.181023 -17.246048 -16.784157 -17.017475 -17.674007 -17.401005 -16.622858 -16.175434 -14.620798
-16.966904 -19.303719 -17.997181 -19.356014 -17.909435 -18.474426 -18.351797 -18.106503 -17.371353 -19.424761
-17.734451 -18.125795 -18.007288 -18.224014 -17.339527 -17.109951 -16.424585 -16.038593 -17.149044 -16.075485
-16.284348 -18.661854 -17.358303 -17.473108 -18.691607 -19.831810 -16.612400 -17.048052 -24.506802 -17.923012
-18.158241 -19.225033 -17.050489 -17.435585 -18.830250 -17.507513 -16.721600 -16.180004 -16.327206 -16.492369
-16.716560 -16.693670 -16.389217 -16.725290 -17.027756 -17.428192 -17.198883 -17.919300 -18.511677 -18.653835
-17.916779 -15.895245 -17.286991 -18.067705 -16.307707 -16.193615 -17.777769 -17.997974 -17.926632 -16.718603
-17.059891 -16.619011 -16.372900 -15.571280 -16.543732 -17.269295 -17.481295 -18.444172 -17.065729 -16.397942
-18.402611 -17.862804 -17.879757 -17.392178 -17.600662 -17.786552 -17.054543 -16.147329 -15.010381 -15.115800
-21.415682 -20.448254 -17.704800 -18.671265 -18.371412 -19.890436 -18.712893 -18.419590 -18.972700 -18.481598
-17.358442 -15.753260 -15.316268 -15.066514 -14.374071 -14.801708 -16.019180 -15.258775 -15.207409 -15.978800
-18.468050 -21.325594 -17.518311 -19.910604 -19.049164 -19.121098 -17.165813 -17.338966 -21.491491 -18.546898
-18.350128 -17.600868 -16.715927 -17.283974 -17.647522 -17.851437 -16.954685 -16.805965 -16.991194 -16.984028
-17.318600 -16.917812 -16.623859 -16.536739 -16.882605 -17.240810 -16.982414 -17.719143 -17.972767 -19.331238
-17.014862 -16.354227 -17.371487 -18.053493 -17.355146 -17.190147 -17.790829 -17.626892 -17.543373 -16.676754
-16.293472 -16.179413 -15.364247 -14.997533 -17.030792 -17.026230 -17.956829 -18.681484 -16.992901 -16.471584
-17.876345 -17.572308 -18.404072 -17.893593 -17.568493 -17.384871 -16.722801 -16.472168 -16.818424 -15.426956
-17.099991 -15.887512 -17.006781 -17.915871 -18.623390 -18.331417 -18.587162 -17.194374 -15.754610 -14.767983
-13.791313 -14.191880 -13.735174 -13.660140 -13.278687 -12.927992 -17.575705 -16.604225 -15.671803 -16.540522
-18.703896 -20.785648 -20.927486 -21.693871 -20.845581 -19.678425 -18.559471 -17.804125 -17.956970 -16.456591
-16.530100 -16.249418 -16.963242 -16.351948 -16.740023 -16.392683 -16.391880 -16.473181 -16.649332 -16.749271
-16.705523 -16.470516 -15.909430 -15.693667 -16.326254 -16.932240 -16.725861 -16.899086 -17.389046 -21.135279
-16.072199 -16.901083 -16.475698 -16.275127 -17.158157 -16.547134 -16.921019 -16.898983 -16.866337 -16.445477
-16.102631 -15.835168 -14.104356 -15.299948 -21.407944 -17.331345 -18.704010 -17.753717 -16.124458 -15.739594
-16.710426 -16.767567 -17.711191 -17.163570 -16.961605 -17.129110 -16.782396 -16.812017 -17.001802 -15.883976
-14.476021 -14.745920 -15.161083 -17.209444 -16.848763 -17.601597 -18.159391 -13.802585 -14.500471 -11.988152
-10.795406 -13.047947 -13.189445 -12.167642 -11.934240 -13.264585 -14.394615 -17.822880 -16.075655 -16.621712
-17.364920 -17.621746 -17.963184 -18.284523 -19.011509 -19.822260 -17.887579 -17.003542 -17.912264 -17.348911
-16.225666 -16.876883 -14.695228 -15.628513 -16.467789 -16.763443 -16.664389 -17.150024 -17.403439 -17.374174
-17.353569 -16.628571 -15.793420 -15.400846 -15.771376 -16.130363 -16.563236 -16.713444 -17.215446 -19.503872
-15.797209 -17.202637 -16.230671 -16.372946 -16.199379 -15.949206 -17.293375 -17.138195 -16.907475 -16.747110
-16.532709 -15.630130 -15.200361 -15.595655 -16.946745 -17.426029 -18.662395 -18.762621 -16.337811 -15.701214
-16.745323 -17.259363 -17.204094 -17.107883 -17.154633 -18.770649 -16.857071 -16.642113 -15.948761 -11.809218
-11.896644 -13.650837 -12.826048 -18.716930 -15.786464 -16.920801 -19.543022 -13.246691 -12.856646 -12.956909
-12.168432 -13.949302 -13.554804 -13.086418 -13.657933 -14.642531 -13.576720 -19.233780 -18.715343 -16.668142
-16.890501 -16.417561 -17.053566 -17.799686 -18.485645 -19.195148 -18.765165 -17.411510 -17.574394 -17.557772
-15.965460 -16.130680 -14.330837 -18.781567 -22.505659 -28.955578 -29.239893 -24.365805 -18.993204 -17.968061
-17.329588 -17.246855 -16.367710 -16.309294 -15.709120 -16.097406 -16.464937 -16.637695 -17.017170 -18.389965
-16.576752 -16.705994 -17.249739 -17.316162 -16.005993 -15.727042 -16.469532 -16.573656 -16.336920 -16.308561
-16.516495 -15.696667 -14.844828 -14.595099 -20.827208 -18.816931 -28.158907 -21.646339 -18.750118 -16.685595
-16.760647 -16.801722 -15.642131 -15.816648 -16.109396 -18.695446 -17.047867 -16.645426 -15.683527 -9.807076
-10.900038 -14.242994 -12.408950 -22.643379 -17.136850 -17.234594 -16.360022 -12.195337 -12.339585 -12.637062
-13.777777 -15.671813 -14.840888 -15.607135 -13.464605 -14.152231 -14.510040 -19.134987 -19.945242 -17.002398
-16.798641 -17.227276 -17.318686 -17.886742 -18.690933 -19.047237 -18.322931 -18.126669 -17.114262 -17.065851
-16.201729 -15.895677 -19.883980 -22.155973 -17.369221 -16.193836 -19.565498 -15.437906 -16.342892 -16.766247
-17.409061 -17.161644 -17.363010 -17.482151 -16.170570 -16.146805 -16.129185 -16.338236 -16.269817 -16.274290
-16.068729 -16.737408 -16.879841 -17.501667 -16.435745 -15.375701 -16.300394 -16.175377 -17.060289 -17.589972
-16.714132 -15.788387 -14.774601 -14.316396 -39.425407 -15.176882 -38.138630 -15.993785 -16.120918 -16.251572
-16.548737 -16.985493 -17.066647 -16.200254 -17.529694 -18.569155 -17.796978 -16.889282 -16.509235 -10.547360
-10.334785 -14.944675 -13.057707 -13.760715 -14.954803 -12.561331 -12.202916 -12.439164 -13.803062 -12.750168
-12.672798 -14.627708 -16.060352 -15.307418 -14.440190 -15.456359 -15.670776 -17.974405 -24.062986 -18.939184
-17.864384 -18.737947 -16.990808 -17.653696 -18.428158 -18.247311 -18.326389 -18.296873 -16.390612 -16.713638
-16.147961 -16.695402 -18.212921 -20.806847 -26.752293 -31.220358 -30.558413 -25.069160 -19.827202 -17.540585
-20.554394 -20.055069 -18.322090 -17.582726 -16.155460 -16.777672 -16.178665 -15.989878 -16.247602 -15.612552
-15.217154 -15.726538 -17.633602 -17.461597 -16.241367 -15.089085 -17.105854 -16.413464 -17.330448 -17.594082
-16.741606 -16.156687 -15.814720 -14.947781 -35.696579 -18.443359 -42.813553 -21.476650 -19.275524 -17.011030
-16.589203 -16.460648 -17.623186 -16.705959 -17.616404 -18.727396 -18.002384 -17.588270 -16.733803 -15.559006
-10.838758 -14.057725 -12.051930 -11.964281 -10.871070 -10.472567 -11.684188 -11.491556 -12.904461 -11.778183
-12.885757 -13.747705 -14.153316 -15.577370 -14.283660 -15.295753 -14.849976 -16.330212 -16.725300 -19.149044
-19.253759 -17.591551 -18.025473 -18.155598 -18.758469 -19.105104 -18.138285 -18.187813 -17.590101 -18.606056
-18.501301 -18.533976 -18.536667 -19.009098 -19.367573 -19.224497 -19.347431 -17.175770 -16.356096 -17.276484
-17.656349 -17.309635 -16.996561 -16.928852 -16.972160 -18.205257 -18.196548 -17.896202 -18.128483 -17.107967
-16.497683 -17.009256 -17.344833 -17.352383 -16.613419 -16.437885 -18.749207 -17.536739 -18.466118 -18.084692
-17.482265 -16.741695 -16.422283 -16.244614 -21.689468 -17.130909 -22.496149 -16.336927 -16.088394 -15.866223
-16.392286 -16.726460 -18.702595 -17.774727 -18.096214 -17.769028 -15.809584 -14.052607 -14.278941 -14.417294
-11.599335 -14.392990 -11.776094 -12.315392 -9.956098 -9.607412 -10.891768 -11.603320 -14.000405 -12.260256
-12.456131 -13.642585 -12.346256 -13.039618 -14.514353 -15.224553 -16.441015 -15.691490 -14.908037 -14.438534
-14.259148 -17.374880 -18.414467 -18.718056 -17.978004 -18.101467 -17.499207 -17.756519 -17.350065 -16.571568
-16.760948 -17.706322 -18.849024 -19.957022 -19.738220 -19.517252 -20.126490 -19.484163 -19.162621 -18.802471
-18.303223 -18.443157 -18.207813 -18.398464 -17.471394 -17.369663 -17.587835 -17.112362 -17.148331 -16.835367
-17.065235 -17.324099 -18.222015 -17.658016 -20.438839 -20.547598 -20.319714 -17.557564 -17.650000 -19.834669
-16.966854 -17.551052 -18.391556 -19.107729 -20.286547 -18.658480 -18.498964 -16.502430 -16.521244 -16.173607
-16.683430 -16.948563 -17.978035 -17.345034 -17.545116 -16.028685 -15.280525 -12.890506 -12.500562 -12.352751
-12.966709 -15.181453 -13.569016 -13.349554 -13.528242 -13.118857 -12.471704 -11.833676 -12.159508 -13.461182
-13.064493 -13.153911 -11.192631 -12.831002 -15.755320 -16.748083 -15.591547 -14.991652 -14.255911 -12.931613
-13.518884 -23.638302 -18.570517 -18.419344 -17.068775 -19.341053 -17.543852 -16.567863 -16.333035 -16.619986
-16.673420 -16.519653 -17.852177 -17.868021 -17.723598 -16.266096 -16.189053 -16.260582 -16.378319 -16.303705
-16.394571 -16.963192 -17.007311 -17.153683 -15.937384 -18.074558 -16.256435 -15.917493 -15.678991 -15.626289
-16.064472 -16.509583 -19.243996 -17.941351 -18.574604 -17.066898 -17.361980 -16.428965 -16.452852 -20.300003
-16.703634 -16.700439 -16.852093 -17.645123 -15.802780 -15.653330 -16.769270 -16.847488 -16.380909 -16.276682
-16.519712 -17.143930 -18.053265 -17.565081 -15.890594 -15.572537 -13.430182 -12.284705 -11.985975 -9.452657
-13.641333 -15.473602 -14.411064 -15.429769 -14.806061 -14.220830 -14.071974 -12.623312 -13.097881 -12.982059
-11.870849 -13.021313 -13.829052 -14.277944 -14.367173 -15.122299 -14.798445 -14.113991 -14.244540 -14.221227
-15.412586 -20.781042 -17.980352 -18.066343 -17.804895 -19.446548 -16.982506 -17.271008 -17.404743 -17.649933
-17.193031 -17.447327 -17.924736 -18.342846 -18.084171 -16.802429 -17.488621 -16.702234 -16.818649 -16.781593
-16.818077 -17.169178 -18.513641 -16.979382 -16.252975 -17.487658 -16.518904 -16.590857 -16.506979 -16.606693
-17.862724 -18.151167 -18.134293 -17.777969 -19.059225 -19.172787 -19.220665 -17.348614 -16.907789 -20.038383
-18.854610 -19.325775 -20.407246 -22.058388 -15.367210 -17.820705 -17.426710 -16.835842 -16.506145 -15.748222
-16.366732 -16.924026 -17.374306 -17.054081 -15.726902 -13.759089 -11.865293 -11.726089 -10.728868 -8.518941
-13.022692 -16.252460 -16.292871 -16.640818 -15.788933 -15.277551 -15.277949 -14.123100 -13.178192 -12.423993
-12.364891 -12.406058 -12.576970 -12.493176 -12.307364 -13.184988 -14.740105 -14.434233 -13.458042 -13.475958
-13.572323 -18.682873 -18.055456 -18.328012 -18.313473 -17.873419 -17.351217 -18.133503 -18.189148 -19.067579
-19.185259 -17.515228 -17.777781 -17.675877 -17.976202 -16.912556 -17.757206 -17.254181 -16.950024 -17.056351
-17.134602 -17.457474 -18.151646 -16.659029 -17.457561 -17.439838 -16.747669 -16.883337 -16.842539 -16.810078
-16.639549 -17.153830 -17.159935 -17.160778 -17.574562 -17.747301 -17.546135 -17.264256 -16.909950 -18.370958
-17.217041 -16.954983 -17.694195 -16.745495 -16.884098 -17.701017 -17.087387 -16.401577 -15.599590 -15.795671
-16.684727 -16.377775 -16.475080 -16.678242 -15.337946 -12.861504 -12.940774 -13.165222 -11.663486 -8.310209
-12.970469 -16.663837 -16.373207 -16.132790 -14.955528 -15.549019 -14.984415 -12.986302 -11.601245 -10.516895
-10.147777 -10.658026 -10.838434 -10.799780 -10.426179 -11.609763 -12.429737 -13.213770 -12.533995 -13.382775
-13.212388 -16.267036 -17.477325 -18.441957 -17.890030 -17.808334 -17.703329 -17.711359 -16.653290 -16.728508
-18.102768 -17.727962 -17.805515 -17.894382 -17.943470 -17.233624 -17.336117 -16.658672 -17.151424 -17.414024
-17.440577 -17.367123 -17.408945 -17.118675 -17.368876 -17.237698 -17.053173 -17.239395 -17.348579 -17.553343
-16.968842 -16.996674 -16.839470 -16.590921 -16.622742 -16.677931 -16.906498 -17.136011 -17.191496 -17.368549
-17.207436 -17.263466 -16.836334 -16.591274 -16.483027 -14.934007 -14.347270 -15.132212 -15.747941 -16.168646
-16.676586 -15.939419 -15.975746 -14.739504 -13.327466 -12.895109 -12.366266 -11.741632 -13.246099 -9.973468
-10.696395 -14.694155 -15.144337 -15.327692 -14.634171 -14.411394 -13.682347 -12.714767 -10.681353 -8.920838
-8.881933 -9.584045 -10.664336 -11.398829 -12.242156 -11.666944 -10.956282 -12.029272 -13.073727 -14.311374
-14.029829 -16.368099 -17.647949 -18.211699 -17.969238 -19.228024 -17.662514 -17.551451 -16.038441 -16.470291
-16.696020 -16.337593 -18.460472 -16.883125 -18.508711 -16.973682 -16.512316 -15.963852 -16.341415 -17.029613
-16.927605 -17.050259 -17.322372 -17.871914 -18.048622 -17.523222 -17.218132 -17.271343 -17.215206 -17.528564
-17.070395 -16.318136 -16.603558 -16.758804 -17.034641 -17.300049 -17.217159 -16.860977 -16.937387 -17.318638
-17.824286 -17.678661 -16.856646 -16.739107 -15.032379 -13.234159 -12.870292 -12.105351 -14.187095 -14.849522
-15.574856 -15.656076 -14.916441 -14.235919 -12.869490 -11.840996 -11.383243 -14.253736 -15.326336 -12.376595
-9.645906 -13.966900 -14.480175 -16.579769 -14.477619 -14.084567 -15.286163 -13.298657 -10.282818 -8.523926
-8.532901 -9.120958 -10.274257 -12.363296 -14.091047 -11.432329 -11.452649 -12.212918 -12.198706 -13.395599
-13.456791 -13.946505 -17.862795 -18.119949 -17.449316 -18.291199 -17.505257 -17.878735 -16.588898 -16.032320
-16.499384 -17.347750 -18.753801 -18.054008 -20.228476 -17.548576 -17.269497 -17.340057 -17.152086 -17.403860
-16.840267 -17.330156 -17.653244 -18.180561 -17.752493 -17.508888 -17.267597 -17.518986 -17.940475 -18.008953
-17.858372 -17.543453 -17.440504 -17.675396 -17.589714 -17.827541 -17.764048 -17.473635 -17.526937 -17.742081
-17.972889 -17.927437 -17.385860 -15.340000 -13.717646 -13.396466 -11.766369 -11.832879 -13.404523 -13.058110
-13.677507 -12.867804 -12.726165 -13.270457 -13.298000 -12.867459 -12.129724 -12.828583 -13.314299 -13.549231
-10.489082 -13.740730 -14.114160 -16.402710 -15.548620 -15.576651 -16.930368 -14.356056 -11.775068 -9.936899
-10.080712 -12.199804 -14.231947 -14.414101 -14.542258 -12.339912 -11.705350 -11.659969 -11.748622 -12.621665
-12.154448 -12.865646 -18.979893 -18.111166 -17.634552 -17.807686 -17.590242 -18.280354 -17.513943 -16.876022
-18.350098 -21.498745 -18.678875 -17.876667 -18.643663 -16.641348 -16.728357 -18.097992 -18.221767 -17.187860
-17.148060 -17.420353 -17.713963 -18.052479 -18.252186 -18.426327 -18.719482 -19.105659 -19.511177 -18.754566
-18.846594 -18.637030 -18.290531 -18.303720 -18.078154 -18.596855 -18.266438 -17.858393 -17.663094 -16.981085
-16.466015 -16.439169 -13.899466 -13.508532 -12.376441 -11.384778 -12.857298 -12.174952 -11.583457 -11.958696
-12.358388 -12.360408 -11.709469 -13.395838 -13.107556 -11.248487 -12.671843 -10.014678 -9.343532 -12.550822
-13.241964 -14.332709 -13.955902 -16.705925 -15.861243 -16.370005 -16.585846 -15.743897 -13.667753 -13.191474
-13.628884 -13.486114 -15.693575 -13.518497 -15.170588 -13.913595 -12.452343 -11.672940 -10.645167 -11.687170
-11.682177 -13.766361 -18.889622 -17.170456 -17.205059 -16.915037 -16.341545 -16.572931 -17.081495 -17.509428
-17.572781 -18.927298 -16.917330 -16.966259 -18.560631 -15.755281 -15.375805 -14.082619 -17.024345 -17.536633
-17.913834 -18.146549 -18.426899 -18.475605 -19.097099 -19.111952 -17.877811 -16.738522 -18.310444 -18.099762
-18.219957 -19.084494 -18.411591 -18.407459 -18.560299 -18.523781 -18.490011 -18.669743 -19.569296 -17.509739
-15.858013 -15.808857 -12.430602 -10.918087 -10.386443 -11.493677 -13.215690 -11.430310 -10.062535 -11.645247
-11.740761 -12.830811 -13.703659 -15.464680 -12.456779 -11.377785 -15.042689 -9.724715 -10.586743 -8.707964
-13.542742 -15.709127 -15.870215 -15.774548 -15.840599 -16.139050 -14.639450 -16.396406 -15.636706 -14.747068
-13.685972 -12.931017 -15.711614 -15.643686 -13.713223 -14.286019 -11.412328 -8.801535 -7.743480 -8.668559
-11.325075 -13.039739 -15.728697 -16.487514 -17.398018 -16.631742 -16.557098 -16.564926 -17.307358 -16.961514
-16.729652 -20.773993 -15.852972 -15.517609 -18.240868 -12.683825 -13.119210 -12.903854 -18.218481 -17.771713
-18.245539 -17.405760 -17.201097 -17.356028 -17.508228 -17.441544 -16.005005 -15.623581 -14.275791 -16.929073
-17.773136 -17.990341 -18.463556 -18.829350 -18.751776 -18.225445 -17.862944 -16.888441 -15.250338 -17.010260
-15.248569 -15.608891 -14.122831 -12.278765 -11.724607 -12.539002 -12.012361 -12.685377 -12.110143 -10.492731
-10.060878 -12.110392 -15.980553 -15.870550 -14.155415 -14.837061 -16.144091 -13.911537 -12.412719 -7.451988
-11.191999 -13.465890 -15.216545 -14.783686 -13.056430 -13.436954 -13.604633 -15.498020 -15.777681 -14.963497
-14.444675 -13.193052 -14.916773 -14.463861 -15.025703 -14.081949 -12.331031 -10.068824 -8.967841 -10.360412
-10.843000 -11.058832 -15.432154 -17.274721 -18.093029 -17.243340 -17.361652 -16.543274 -16.268242 -16.613855
-17.148186 -20.685949 -15.892741 -15.214823 -17.960974 -14.977471 -10.975568 -12.971413 -19.173008 -18.978855
-18.962099 -19.140450 -17.050583 -17.189320 -17.426840 -15.872128 -15.348017 -14.241852 -13.643336 -14.346805
-16.288116 -17.137985 -17.892954 -18.739601 -17.687536 -16.365700 -14.343008 -14.751843 -14.145665 -16.991009
-14.268350 -15.362801 -12.210051 -11.839354 -11.286834 -13.514030 -13.326642 -13.080639 -12.284344 -11.460593
-11.478606 -14.901933 -13.616249 -13.936455 -15.372553 -16.380243 -16.488354 -16.209589 -13.957819 -8.936353
-10.248467 -13.781721 -14.659019 -15.705088 -12.477306 -12.665128 -14.874967 -16.292629 -16.552967 -15.833214
-14.624393 -14.415075 -14.647387 -16.349508 -15.595345 -15.149718 -11.965818 -8.683254 -7.539465 -9.167356
-11.698722 -10.844952 -15.259743 -16.912615 -18.786266 -17.661951 -18.067087 -17.582581 -17.007959 -17.172441
-17.785614 -18.310734 -17.447426 -16.206232 -16.021486 -15.436560 -10.022085 -19.021559 -17.422394 -17.975939
-16.381655 -18.283985 -17.419937 -15.928658 -17.333883 -13.836138 -12.782402 -11.328296 -12.449793 -12.179173
-13.381748 -17.144861 -17.356176 -17.606804 -16.150787 -15.108995 -12.413336 -12.408532 -12.351713 -15.982516
-14.694196 -15.124094 -12.713520 -12.842109 -12.450896 -14.426787 -14.497399 -15.619852 -15.468405 -12.930965
-11.220981 -13.441818 -13.770201 -14.242134 -16.378317 -17.307915 -16.730507 -15.640320 -15.236661 -12.349262
-11.306505 -14.716435 -14.938955 -15.713856 -13.329219 -12.899547 -16.154827 -15.967039 -15.755021 -15.962868
-15.299920 -15.425234 -15.880157 -16.510164 -15.345688 -13.605505 -12.335097 -11.463525 -10.188189 -9.463512
-10.657318 -11.930677 -15.960741 -16.048903 -17.618145 -17.833687 -18.259113 -17.938660 -16.417307 -16.313871
-16.576611 -16.529652 -16.199974 -15.954433 -13.677336 -14.512169 -14.301871 -13.107316 -14.330464 -17.094734
-14.655536 -14.614693 -16.100468 -14.446150 -14.108201 -12.282403 -12.177605 -10.933949 -12.753202 -13.164159
-13.033848 -15.205519 -15.040984 -16.327192 -15.195860 -14.001699 -12.407036 -12.563575 -12.744501 -13.561234
-12.888212 -13.150095 -13.530023 -13.943699 -13.834253 -14.016444 -14.035801 -14.448263 -14.711868 -13.332670
-12.921275 -12.784912 -13.211493 -14.859623 -16.406879 -16.346800 -15.644371 -14.832557 -13.939505 -10.508717
-15.296705 -16.668018 -15.781433 -16.390785 -16.619509 -17.512701 -16.963287 -16.174547 -16.095798 -16.095369
-16.475513 -15.874161 -17.588127 -18.075180 -15.620384 -15.006002 -13.099712 -12.500525 -11.413052 -11.384525
-12.150146 -13.920486 -15.068836 -15.910650 -17.287191 -16.890400 -15.944170 -15.646617 -16.185200 -16.412956
-16.229259 -15.174202 -13.743349 -15.089548 -13.787464 -14.274012 -14.915489 -13.814814 -14.965253 -14.220358
-13.111090 -14.206457 -13.858137 -13.568707 -12.356562 -11.867412 -13.354856 -12.825403 -12.975485 -13.668216
-12.071590 -11.908175 -14.375093 -15.818815 -14.832449 -14.063385 -11.852955 -12.127121 -11.826613 -12.365494
-12.913339 -12.947897 -13.798202 -14.195798 -15.442264 -14.677935 -15.666630 -15.685843 -14.588370 -14.219662
-14.813383 -14.601105 -15.424980 -17.194172 -16.732277 -16.822752 -18.894518 -14.431066 -16.261755 -10.048819
-16.339924 -15.790493 -16.709061 -17.019739 -16.378677 -16.105337 -15.198362 -15.283203 -16.311441 -16.137114
-16.528341 -17.040993 -16.924011 -16.877052 -14.911446 -15.195259 -12.913444 -12.757071 -13.280178 -13.118748
-25.297150 -11.372964 -20.579201 -14.464747 -16.443569 -13.970540 -13.571840 -12.499701 -14.263542 -13.225849
-13.516427 -14.461644 -13.712988 -13.352671 -12.610638 -11.800303 -13.170955 -14.539412 -13.639084 -12.712307
-12.673453 -13.256662 -14.138861 -13.543411 -13.028190 -14.351848 -13.567265 -14.888109 -14.852560 -13.067541
-11.387320 -11.140162 -15.562723 -16.729364 -13.894983 -13.038316 -11.730326 -12.216112 -12.682613 -12.730604
-12.797365 -12.228194 -13.554826 -13.730173 -16.151821 -16.920589 -16.748207 -16.649963 -14.966415 -15.615560
-16.062702 -15.901016 -15.506482 -15.544225 -16.291456 -16.552324 -18.423746 -15.383640 -15.764844 -11.169101
-14.444855 -15.942170 -17.539129 -16.394646 -15.594648 -14.922428 -15.627235 -15.823851 -17.323101 -17.590078
-16.678328 -17.102354 -17.513319 -16.350151 -15.147936 -13.975903 -14.933738 -13.570129 -16.274336 -14.526861
-22.984833 -10.028173 -24.562492 -14.727651 -13.222712 -12.570620 -12.201404 -12.787274 -12.523327 -14.101574
-16.801846 -10.968585 -10.789531 -13.310258 -12.041807 -11.714605 -11.994412 -12.983038 -12.491907 -13.542845
-13.497651 -13.693127 -13.953128 -13.879925 -14.508287 -13.874007 -11.547709 -10.882666 -13.219131 -13.939296
-12.225436 -12.370500 -13.090915 -11.198069 -12.755094 -12.608203 -10.942701 -12.723141 -13.293615 -13.001563
-13.788296 -14.414801 -15.399199 -15.176226 -16.494457 -13.971714 -15.381023 -16.347477 -16.568836 -16.933140
-16.621780 -16.882225 -15.892193 -16.196606 -16.666121 -17.345207 -18.014603 -15.571707 -14.976585 -12.114450
-13.587753 -16.344467 -15.350823 -14.481178 -15.095289 -15.369860 -15.978874 -16.976912 -16.730051 -17.243988
-16.517939 -17.452578 -16.553036 -15.657127 -15.277279 -15.130743 -15.892492 -15.489927 -18.697931 -15.717989
-18.158070 -15.535889 -14.876871 -14.179018 -14.125974 -13.612129 -12.834669 -14.008713 -12.742133 -9.846976
-9.149957 -9.206850 -11.187392 -11.518918 -10.722161 -11.665623 -12.950426 -10.982271 -9.954062 -10.971753
-12.807691 -14.454354 -14.832788 -15.148901 -15.632246 -12.962481 -10.333299 -11.670425 -12.880507 -13.109398
-14.564478 -13.113111 -12.560121 -10.555873 -10.666884 -11.369912 -12.306912 -14.516504 -14.541852 -16.317413
-15.937437 -16.026009 -12.751685 -13.404367 -13.181628 -13.690660 -15.269705 -16.261272 -16.579634 -16.723415
-16.814629 -16.056419 -16.768007 -15.415871 -16.165783 -17.123596 -17.283524 -15.393656 -14.308125 -11.915834
-15.177901 -17.833115 -15.218210 -15.776169 -14.336504 -17.250641 -17.335835 -17.902634 -17.132833 -17.027809
-17.642090 -17.859159 -17.315798 -16.611118 -16.587341 -17.546303 -17.482571 -19.454443 -17.989307 -16.875498
-16.764332 -16.942127 -15.991171 -15.118731 -14.264502 -16.235607 -17.647667 -16.514185 -16.885115 -18.721352
-15.115477 -12.009391 -12.145275 -10.945311 -10.061265 -9.972981 -10.882432 -10.170901 -11.320238 -13.101364
-13.564740 -13.724362 -13.912449 -13.804961 -13.627207 -14.690439 -14.605947 -13.585414 -12.760502 -13.420302
-12.368641 -10.698296 -11.823765 -12.181806 -11.309404 -12.362612 -13.096217 -15.279838 -15.825005 -19.460302
-16.783020 -16.513674 -13.997978 -12.590845 -13.232155 -15.170041 -15.784037 -14.926819 -15.104812 -15.695738
-15.620253 -15.876851 -14.628743 -15.935579 -16.860479 -17.136299 -15.770193 -15.646623 -14.577955 -11.943916
-15.036005 -16.189919 -15.744909 -16.202723 -16.732460 -17.625443 -17.113697 -16.698364 -17.095825 -17.632418
-17.186871 -17.254238 -17.702631 -17.950279 -18.467087 -18.575459 -18.072929 -18.061058 -17.441679 -18.349426
-17.819506 -17.379889 -16.598381 -15.885169 -15.021852 -15.997252 -16.043819 -15.695976 -13.150372 -13.786939
-13.719128 -11.711550 -13.738799 -12.406518 -10.979330 -12.475772 -12.514195 -12.733741 -14.494818 -12.714487
-13.207994 -13.040539 -11.996076 -13.502134 -13.109330 -14.221469 -15.195408 -12.617135 -12.381627 -12.624958
-12.098249 -11.696259 -13.337585 -12.671964 -13.374990 -14.171069 -16.080093 -17.339947 -17.867241 -17.612288
-17.418097 -16.774595 -16.511305 -16.157455 -16.288506 -16.797016 -16.443205 -16.267248 -16.819065 -17.900440
-17.004671 -16.347603 -15.092377 -15.764305 -16.528458 -16.455280 -15.291298 -15.252649 -14.890717 -12.074662
-13.597279 -14.177705 -15.063374 -16.653507 -21.170141 -17.468361 -17.842825 -17.025110 -17.101570 -16.915417
-16.566809 -16.892971 -17.689167 -18.415955 -19.189751 -17.618073 -18.085747 -17.666342 -17.614614 -17.952301
-17.845209 -16.857994 -16.258865 -15.914383 -16.854965 -16.492710 -16.585705 -16.723228 -16.105705 -14.349416
-14.880200 -14.138394 -13.097759 -13.781281 -13.832909 -15.251958 -16.248791 -15.791719 -16.633734 -14.887150
-13.432164 -11.771761 -10.772799 -13.201926 -13.894373 -14.631715 -15.033260 -15.035751 -13.069530 -12.078811
-12.293032 -11.441309 -11.509778 -11.132074 -12.097573 -13.826661 -17.027447 -17.756258 -17.923353 -17.294430
-16.097015 -16.187124 -16.499125 -16.489281 -18.668308 -18.389467 -17.560114 -18.812496 -18.996628 -18.216227
-16.636795 -17.248989 -14.781281 -16.342386 -16.117479 -15.780142 -14.423106 -14.602478 -14.425490 -12.414550
-13.511196 -13.796395 -15.604586 -16.489372 -16.632210 -15.552964 -17.423086 -16.312183 -16.381193 -15.395425
-15.898493 -16.848591 -18.787037 -18.973700 -18.341209 -18.699574 -18.484673 -17.849852 -17.693842 -17.819656
-16.943434 -16.135061 -14.165467 -14.485055 -15.398065 -16.871590 -16.978893 -16.709087 -16.554590 -15.413576
-14.763987 -14.906754 -12.439912 -14.811485 -15.633064 -17.172655 -16.290865 -16.884724 -16.701870 -16.723295
-14.276202 -12.299719 -11.390510 -14.080874 -15.657118 -18.157299 -16.059805 -16.323629 -15.586843 -11.879356
-11.991357 -12.860325 -11.616399 -11.554508 -12.462669 -15.444122 -17.251595 -17.564245 -16.374031 -16.580431
-16.322775 -17.283360 -17.523602 -18.126915 -19.394886 -17.304396 -17.910049 -17.766817 -18.244930 -18.729401
-17.225782 -16.441034 -16.296562 -16.830353 -16.151669 -16.454178 -13.924545 -13.846931 -14.876740 -12.414522
-13.284010 -15.882842 -17.971951 -16.638262 -18.418530 -17.502441 -19.424509 -15.685238 -16.950821 -16.658054
-16.490664 -17.507149 -18.574121 -18.006723 -17.990028 -18.142897 -16.846046 -17.259903 -17.315130 -17.300800
-16.628071 -16.042845 -14.491264 -14.160709 -15.477979 -16.934856 -16.261274 -16.492657 -17.075054 -16.040520
-15.562327 -16.061815 -16.213810 -15.818641 -16.055271 -16.725708 -17.657368 -17.145555 -16.836166 -16.970068
-15.289413 -14.787282 -14.961761 -15.804591 -15.834053 -18.321451 -17.439199 -15.491315 -15.880308 -14.729710
-14.599125 -15.035721 -15.558526 -15.668704 -16.432945 -15.312658 -14.910948 -16.026571 -16.314070 -16.325325
-17.255583 -17.295986 -17.957460 -17.515347 -18.062016 -17.499977 -18.360950 -18.455574 -17.485649 -18.250637
-17.353804 -16.969730 -17.282537 -16.316162 -15.865927 -15.266428 -14.764569 -14.156385 -12.927363 -11.274776
-14.698370 -16.071589 -17.698341 -16.412025 -16.533058 -14.603640 -14.627808 -19.040936 -16.996082 -18.023823
-18.364674 -20.050789 -18.393742 -18.108711 -17.056017 -16.853004 -16.386745 -16.916180 -16.622452 -16.350304
-16.468691 -16.620382 -15.011797 -14.920456 -17.474352 -15.907401 -16.006168 -16.409019 -16.778328 -16.859533
-15.840527 -16.180103 -16.477686 -16.352936 -16.776436 -16.640480 -17.095310 -17.050823 -16.245872 -16.350185
-16.438387 -17.730843 -16.988167 -18.349415 -18.249865 -16.479872 -14.787538 -14.796419 -14.116135 -17.730579
-17.745827 -16.831240 -16.585293 -16.961760 -17.976818 -15.637675 -15.320747 -14.758312 -15.573022 -16.236204
-17.319418 -17.039413 -17.169258 -18.067978 -17.018335 -16.286942 -17.235443 -16.451239 -16.693295 -16.861092
-23.103691 -16.548250 -22.143499 -17.579628 -17.002245 -17.139997 -16.002783 -14.834573 -12.410035 -11.202144
-14.056284 -16.870337 -17.318525 -16.171854 -15.472241 -14.392245 -15.670953 -21.375889 -16.478321 -17.352556
-20.392941 -18.992392 -17.584099 -17.268490 -16.527231 -17.842344 -17.509521 -17.344158 -16.236736 -16.850006
-15.948297 -16.746027 -16.659014 -16.611185 -18.290691 -16.872715 -16.269394 -17.053829 -16.992937 -16.869913
-16.689894 -16.960594 -17.010292 -17.846954 -17.297979 -15.766218 -16.070293 -16.951241 -17.097155 -17.023354
-17.172304 -17.763565 -17.876213 -18.110195 -17.503695 -17.960611 -21.570354 -14.856222 -18.388798 -16.539673
-17.451639 -17.077194 -15.415545 -14.974354 -13.732821 -13.657173 -15.779970 -14.493998 -18.804070 -17.465878
-17.522549 -18.421515 -16.154621 -20.849361 -16.690548 -18.063007 -18.072334 -17.188807 -18.057974 -17.762096
-23.416080 -16.391760 -22.505772 -17.274195 -16.357841 -16.430552 -15.673317 -14.970542 -12.376527 -10.301975
-13.193027 -16.981115 -17.155092 -16.076807 -16.568460 -14.923574 -16.483139 -15.699524 -21.539572 -16.126762
-17.759811 -19.083956 -17.699774 -15.949853 -16.248255 -16.767145 -14.086563 -14.563743 -15.898515 -16.320221
-16.822849 -16.913923 -17.319363 -17.999750 -18.167463 -17.054010 -17.043514 -17.235100 -17.199850 -17.702705
-17.273815 -17.597353 -17.450003 -17.827469 -17.842382 -17.169510 -16.723564 -17.564991 -17.529778 -16.913559
-16.979927 -17.038797 -17.014050 -17.313082 -16.251713 -16.985203 -19.430723 -13.953389 -16.016598 -15.728165
-15.051614 -14.418719 -15.400673 -13.808514 -12.918765 -19.275419 -15.343882 -17.280205 -19.192871 -18.152943
-16.944082 -18.645355 -17.583517 -27.052322 -17.048470 -20.867832 -16.687542 -17.135279 -16.963417 -15.668476
-16.459185 -16.615196 -18.016445 -15.474860 -15.056450 -14.104712 -17.637117 -14.612709 -16.140423 -8.789549
-13.479855 -16.032974 -15.951202 -15.471014 -15.722443 -20.391308 -14.772541 -16.276419 -19.622948 -17.467226
-15.652839 -16.162199 -16.914339 -15.428978 -15.759165 -15.242899 -15.837927 -15.591379 -15.255783 -16.594374
-17.051651 -18.307533 -18.101143 -17.688541 -17.214825 -16.787533 -17.202971 -17.189465 -17.014532 -17.146656
-16.408375 -16.330847 -17.794502 -17.628788 -17.805901 -17.838299 -16.657593 -17.262894 -16.788656 -17.339615
-17.140907 -17.095783 -17.017292 -16.990589 -17.148138 -16.869921 -17.100948 -17.004662 -16.710737 -14.976175
-14.346500 -14.317013 -15.496559 -11.496233 -11.625509 -21.014694 -15.996777 -18.180126 -16.367355 -18.434872
-18.927380 -19.586046 -18.632561 -24.948261 -17.109123 -22.926260 -15.282231 -19.959124 -14.806126 -20.899601
-15.403217 -14.821205 -17.694366 -14.673019 -14.937670 -14.414483 -23.312061 -15.318548 -18.499550 -11.214906
-13.515974 -19.188721 -16.046072 -16.074942 -15.664971 -16.199127 -16.998600 -16.640358 -17.584831 -16.279903
-14.962964 -18.754915 -17.567604 -15.614844 -15.702099 -15.334475 -15.757773 -17.001923 -17.719570 -17.135693
-16.634174 -17.427963 -17.072863 -17.684196 -16.890701 -17.360418 -16.747208 -16.049652 -15.574142 -16.303902
-16.072968 -16.403778 -17.056841 -18.046364 -17.703808 -17.533588 -18.111786 -18.327715 -17.284859 -17.726940
-17.440119 -17.610205 -18.040508 -17.433157 -16.974796 -16.200399 -16.487022 -16.412233 -14.802665 -14.488740
-14.580168 -12.987819 -13.193676 -14.492224 -13.963776 -13.123115 -13.822687 -14.394519 -15.411613 -16.406916
-16.950367 -16.830534 -16.358990 -19.141218 -17.062765 -17.804096 -23.193617 -20.254539 -12.719485 -23.024662
-15.341965 -16.481070 -20.109623 -16.331278 -17.316200 -15.380351 -21.268974 -15.084431 -18.702940 -13.288186
-13.538137 -16.765068 -15.476924 -16.693104 -16.764627 -15.847555 -15.953694 -16.960457 -17.945728 -15.714842
-14.385878 -19.308989 -16.130016 -15.050411 -15.387814 -15.359293 -16.632538 -17.405182 -16.967812 -16.133553
-16.218042 -15.568014 -15.294073 -15.876898 -15.825554 -15.919672 -15.566557 -15.041095 -15.640718 -17.056976
-16.885342 -16.994146 -17.162937 -16.862877 -16.623959 -17.242083 -17.353815 -16.761343 -17.364250 -17.531841
-17.384884 -17.100513 -16.031292 -15.473642 -15.105223 -15.629177 -14.548363 -14.483839 -12.837762 -13.430910
-13.679717 -16.156517 -14.257631 -14.492545 -13.314777 -12.601559 -12.719329 -15.068682 -16.841909 -17.397457
-16.421482 -16.591003 -15.920386 -18.290817 -17.173117 -17.159111 -14.300879 -14.228306 -14.059402 -14.989550
-16.043295 -16.301668 -16.011610 -17.143974 -17.304077 -18.082220 -18.361633 -15.745462 -17.808977 -13.082922
-19.169739 -17.840981 -16.951963 -17.084064 -17.911404 -18.403484 -16.701439 -17.637947 -16.638445 -17.233837
-16.208057 -19.755249 -16.725445 -15.349305 -14.798635 -16.221746 -15.444561 -19.000719 -17.953972 -16.495920
-17.798759 -15.821867 -17.844921 -16.994076 -17.452154 -16.797915 -15.442001 -16.590811 -17.739197 -17.525179
-16.588024 -16.685970 -16.823120 -16.285128 -15.819901 -17.045807 -16.703371 -16.666939 -17.791962 -17.449804
-16.605352 -16.907459 -16.921267 -15.896275 -14.987002 -16.193943 -14.837112 -13.980081 -13.968458 -15.727602
-14.565727 -15.080261 -14.497376 -15.466410 -15.110828 -13.557732 -17.578432 -17.550926 -17.000267 -16.332401
-16.262362 -17.913691 -17.053659 -18.616606 -17.813570 -18.147495 -16.403290 -17.912231 -17.379271 -18.302258
-18.389404 -16.841784 -18.510406 -18.486975 -17.512104 -17.596972 -17.315987 -17.155048 -17.808653 -13.942340
-12.454251 -15.165558 -15.407036 -17.968250 -16.375345 -16.444372 -16.195333 -17.042826 -17.458061 -18.366896
-17.578098 -18.633360 -17.533564 -16.650864 -15.138813 -14.997309 -15.378322 -17.735855 -16.610798 -16.372356
-17.996593 -16.048182 -16.266449 -15.457132 -15.170045 -14.644922 -14.746163 -15.001364 -14.186339 -14.208544
-13.930980 -13.024790 -12.551707 -13.513129 -14.483741 -16.027710 -15.394924 -15.536629 -15.788513 -14.842675
-15.379026 -15.821253 -16.147524 -16.028511 -15.879291 -15.982771 -14.224634 -14.184296 -16.067596 -15.971231
-15.182812 -16.502760 -15.514792 -15.253805 -15.898912 -17.213802 -17.687805 -17.244915 -17.367249 -17.592417
-18.021038 -18.805925 -18.566231 -17.918955 -16.454914 -16.735909 -17.669254 -18.621571 -17.940468 -18.084223
-17.944691 -18.623816 -18.108072 -17.852045 -17.623554 -17.302177 -16.938709 -16.519478 -16.098511 -13.684067
-13.611585 -15.275416 -15.364643 -17.558258 -16.635082 -16.519344 -15.022442 -15.554604 -16.271252 -17.302608
-18.280283 -17.828922 -17.209723 -16.348930 -14.536232 -17.326639 -17.223696 -14.355200 -13.086835 -15.644026
-16.342472 -14.848886 -14.218955 -13.467323 -12.363052 -12.461234 -13.435968 -13.430795 -11.373888 -11.549038
-12.670366 -11.258290 -11.917854 -13.194356 -14.991869 -16.474140 -16.100868 -16.085442 -13.570894 -12.989610
-13.756695 -14.889227 -14.151785 -16.271643 -15.432591 -15.614336 -16.886021 -17.139624 -14.964703 -13.457202
-15.800280 -15.859245 -14.371698 -14.462194 -15.207689 -17.623085 -17.137135 -16.899982 -17.386366 -18.117643
-19.077623 -17.233124 -16.182364 -16.067955 -16.060513 -16.393759 -15.140787 -13.855549 -15.936594 -17.560446
-17.723633 -18.359783 -18.278118 -18.469063 -18.288530 -18.587666 -18.895777 -18.684774 -16.482746 -13.600950
-12.287800 -12.535773 -14.164577 -15.057064 -15.488649 -15.090726 -15.161219 -14.844748 -15.191309 -15.428158
-15.864115 -15.606409 -14.918884 -14.240879 -14.458369 -15.207394 -15.131946 -15.351559 -15.342892 -15.154272
-15.379616 -15.614258 -15.833049 -16.219158 -16.272022 -15.984446 -15.647899 -15.252995 -14.425302 -14.520281
-14.497005 -14.874847 -15.055249 -15.294203 -15.512972 -15.083801 -15.167841 -14.903582 -13.625764 -12.873123
-13.189466 -16.748278 -18.363750 -17.820286 -17.378899 -16.400885 -15.933559 -15.752538 -15.337805 -15.663209
-16.053825 -15.746130 -15.952295 -17.206150 -16.180473 -18.357355 -15.410160 -15.125130 -15.766771 -15.924288
-15.825794 -16.036713 -15.142057 -15.395529 -15.116223 -15.154562 -15.767040 -15.499758 -14.382013 -14.990830
-15.771473 -16.102779 -14.793116 -16.197502 -14.099874 -15.147251 -14.625678 -14.921187 -14.564108 -13.923093
-14.332974 -15.195069 -16.336918 -16.367184 -16.702946 -16.617029 -15.411104 -15.505390 -14.861839 -14.859171
-15.224947 -15.888618 -15.076378 -18.591805 -19.974491 -17.943474 -20.104132 -17.285688 -14.283226 -14.186106
-14.957057 -15.035990 -15.016405 -15.936501 -15.662230 -15.516191 -15.549587 -15.267357 -14.224275 -15.772087
-15.812894 -19.050238 -17.083847 -19.400627 -15.565792 -15.400951 -15.141516 -15.107783 -14.862623 -14.103033
-14.219269 -16.304716 -15.829473 -17.404331 -17.048941 -16.208780 -15.375303 -14.886396 -14.737247 -15.589002
-16.595442 -15.584270 -15.540869 -21.981634 -24.363333 -16.247419 -16.179043 -27.750137 -14.965191 -14.548444
-14.867670 -15.364219 -16.084517 -18.417643 -19.143511 -18.007240 -18.289814 -16.371845 -15.273144 -16.324736
-16.678928 -17.377739 -17.655058 -16.914120 -17.932341 -17.841595 -14.587523 -16.200716 -15.012798 -14.577782
-14.148743 -16.678835 -16.246058 -16.397060 -15.590932 -14.947441 -14.967199 -15.159185 -14.238139 -15.079331
-15.310787 -14.170992 -15.040369 -17.684820 -20.720486 -24.047863 -26.026327 -20.261078 -18.594763 -16.155331
-16.643414 -14.974078 -16.668821 -17.548237 -16.993099 -16.492550 -16.261040 -17.040653 -17.596766 -16.328756
-16.217136 -16.565714 -18.231718 -16.980089 -17.358570 -17.165165 -14.765371 -15.846735 -15.023418 -15.732743
-14.686079 -17.112753 -15.322742 -16.509068 -16.240948 -15.194788 -15.253848 -14.362658 -13.787137 -15.635040
-15.661230 -15.578827 -14.009372 -15.099762 -13.979164 -16.507896 -17.397215 -16.766552 -16.849461 -16.165564
-15.520882 -14.598724 -16.561777 -16.929176 -15.197315 -16.875795 -17.132027 -15.502803 -17.776615 -18.355692
-15.783302 -17.737652 -16.701206 -16.832981 -16.044771 -14.713348 -15.719152 -16.103729 -14.363932 -15.575968
-14.896295 -15.968830 -15.533552 -19.160915 -18.493021 -19.455856 -18.821859 -18.395359 -16.323874 -16.112448
-16.911043 -17.506630 -15.699052 -15.508923 -15.894293 -17.263451 -17.750935 -16.486374 -16.309778 -14.366727
-14.481174 -14.282425 -15.688103 -17.834929 -16.693556 -14.453815 -15.037275 -14.889057 -12.616896 -17.439280
-16.378916 -17.399418 -16.245310 -18.688725 -16.014017 -15.389423 -15.609089 -16.425888 -14.008543 -15.110526
-14.632139 -15.660210 -15.698221 -15.860369 -16.757229 -18.189138 -16.563406 -15.804069 -15.073481 -15.175326
-16.917683 -16.872509 -15.585756 -15.582235 -15.924738 -15.307526 -16.212193 -16.432081 -15.221059 -13.780025
-15.924845 -16.634819 -17.013660 -15.669548 -17.220242 -17.108082 -17.802864 -16.373549 -14.610760 -14.363259
-15.093219 -18.234756 -18.222565 -17.278395 -15.563545 -15.808944 -15.593056 -15.651463 -14.140014 -14.750305
-14.514543 -16.494972 -16.065859 -15.896544 -16.804558 -17.331211 -16.184231 -15.948118 -15.883729 -16.051678
-16.464928 -16.838993 -16.167747 -15.264690 -16.702684 -17.078583 -17.997187 -17.615246 -16.758011 -15.386677
-15.524080 -16.477947 -19.932901 -16.782084 -21.754734 -19.887589 -15.057077 -28.520176 -14.448242 -14.734364
-15.904705 -17.721388 -16.207573 -16.556576 -18.038706 -16.487587 -15.576222 -15.227286 -14.356713 -14.666995
-14.629611 -17.149200 -15.623589 -15.371323 -15.569809 -17.004959 -15.520132 -15.685160 -15.039129 -15.954765
-15.368971 -16.264521 -16.373564 -15.414104 -15.341228 -15.777067 -16.204115 -16.116104 -16.355713 -15.682263
-15.186510 -15.875267 -16.717922 -17.957701 -20.218010 -24.170139 -21.119699 -20.199783 -18.307035 -15.636538
-16.804852 -17.487917 -16.893108 -15.595371 -20.118366 -17.461626 -15.376060 -15.486745 -14.863806 -14.620920
-14.575807 -16.620899 -15.053455 -18.549612 -14.925060 -15.106464 -15.571951 -15.653975 -15.165097 -16.693033
-16.030670 -15.926783 -15.441730 -14.725401 -13.972766 -13.205591 -13.978111 -15.068542 -15.552416 -15.058725
-15.627960 -16.134926 -15.468678 -16.026548 -15.564144 -17.348959 -17.442108 -17.943932 -17.381620 -15.471601
-16.298395 -15.642078 -16.193886 -16.116741 -18.765795 -17.288006 -14.840033 -15.320413 -14.894661 -14.606441
-14.809439 -16.457441 -14.973972 -18.858898 -15.371756 -18.189098 -17.207062 -19.089146 -17.685677 -15.798884
-17.489681 -15.228724 -14.469018 -14.148400 -14.554410 -13.511825 -12.891621 -12.911961 -13.310610 -15.106230
-16.065771 -17.231318 -17.136972 -18.044964 -16.612850 -17.168522 -15.813305 -14.900396 -15.157228 -15.901380
-15.118467 -16.992512 -16.123425 -16.146910 -18.847679 -17.529608 -14.737556 -15.388252 -14.752831 -14.781749
-14.628367 -16.000673 -15.359142 -16.357347 -15.359952 -14.308352 -17.296429 -18.130556 -19.906931 -16.382030
-16.780598 -16.842415 -16.679813 -18.774235 -26.356300 -21.582413 -31.235979 -17.681921 -15.228992 -15.262505
-16.502670 -16.507647 -16.077423 -15.842286 -15.607107 -16.268923 -14.703199 -15.088247 -14.460762 -17.889519
-15.002411 -16.605667 -18.357647 -15.911626 -17.981655 -15.863173 -14.318033 -15.414001 -14.575481 -14.701077
-14.938965 -15.801758 -15.579977 -15.958155 -16.969200 -17.403288 -20.143061 -23.184694 -25.538530 -17.569035
-16.768391 -14.173431 -11.985023 -11.838684 -20.949799 -4.688365 -12.290944 -11.708251 -12.459756 -13.786485
-16.162128 -16.336245 -15.748258 -15.446000 -15.604813 -15.792816 -15.503799 -16.084240 -14.863534 -13.006816
-14.628917 -16.443024 -15.745168 -18.130396 -16.479359 -15.493075 -14.494278 -15.422218 -14.390779 -14.601981
-14.562819 -15.741280 -14.216666 -16.148476 -18.006672 -16.566439 -19.656898 -16.439468 -8.904312 -32.710327
-16.844723 -15.012719 -13.469378 -16.018433 -21.275852 -17.046415 -19.568241 -17.614103 -13.520494 -14.024977
-15.817510 -15.956474 -15.464957 -15.557629 -15.799608 -16.553200 -16.153753 -16.323820 -17.610455 -14.213092
-15.053024 -17.788799 -16.661598 -17.354530 -15.452570 -15.519279 -15.154411 -15.283095 -14.439388 -14.421965
-15.109768 -16.033215 -14.544513 -16.860136 -16.694176 -15.012654 -19.693325 -21.573410 -17.052536 -28.699354
-18.595446 -16.708687 -14.808790 -15.585623 -16.426828 -12.335373 -15.917515 -12.837688 -13.675940 -14.728708
-16.289669 -15.840452 -15.701735 -16.084259 -16.869757 -17.322710 -17.048077 -14.623737 -18.168409 -16.590471
-17.526192 -17.462849 -18.447639 -16.315750 -15.529491 -15.703428 -15.382815 -15.251425 -14.471389 -14.345897
-14.861450 -16.623644 -15.261273 -17.737339 -18.761818 -20.464108 -22.873598 -18.373379 -13.807474 -29.827780
-17.297859 -17.135040 -16.507996 -16.446949 -15.335428 -14.338581 -12.392776 -13.096113 -14.085264 -16.155775
-16.892139 -15.943970 -15.953856 -16.432438 -16.855341 -16.613796 -15.623043 -14.310217 -18.422470 -17.422638
-17.211206 -16.495266 -16.848591 -16.657549 -18.533829 -16.592979 -15.578033 -15.205246 -14.988564 -14.580493
-15.496374 -16.621290 -15.926804 -18.419737 -17.887283 -27.188362 -26.701057 -22.470839 -19.541084 -30.816233
-17.194365 -17.419441 -16.816814 -18.471483 -18.591646 -17.754148 -17.120626 -16.925323 -17.104908 -17.384708
-16.939848 -15.659051 -15.816246 -16.286562 -16.408758 -16.276701 -15.824832 -14.465157 -18.360023 -18.673929
-17.078278 -15.958428 -16.330784 -15.927075 -18.332056 -16.913500 -16.296474 -15.346530 -14.910181 -14.386309
-15.800634 -16.786388 -15.541924 -19.511684 -17.781086 -20.625118 -23.244900 -23.916838 -19.833105 -20.159554
-19.983311 -17.152605 -16.647522 -15.764986 -16.145077 -15.920977 -15.328606 -15.536938 -15.907629 -15.803240
-15.476696 -14.919584 -14.930443 -15.671380 -16.087557 -16.165049 -15.810757 -15.070527 -15.976671 -18.922840
-17.013641 -16.166996 -19.586344 -16.661366 -17.831059 -16.448246 -14.529060 -14.413664 -14.559469 -14.224919
-15.426553 -17.052736 -15.183313 -16.577976 -16.933189 -18.321224 -16.051853 -19.650414 -19.208443 -16.882545
-20.699768 -16.181393 -15.918947 -15.456765 -15.443834 -15.803432 -16.881243 -18.155706 -18.035145 -20.548923
-19.637035 -18.361977 -15.467924 -14.998057 -15.431837 -16.147726 -15.751948 -14.886955 -15.569460 -17.522114
-18.450270 -16.781668 -17.432713 -17.831533 -16.128862 -15.811630 -14.113118 -14.402861 -15.042648 -14.568531
-15.207251 -17.172226 -15.702551 -16.257355 -17.225437 -17.442005 -14.739077 -17.830265 -17.190781 -16.934414
-18.320728 -16.420666 -16.086590 -17.783043 -17.472988 -18.071182 -17.600143 -15.447073 -14.132946 -13.282958
-19.242805 -16.738491 -16.050980 -15.442054 -16.052244 -16.650755 -16.258282 -17.952316 -21.704029 -19.858379
-17.699268 -16.596619 -15.766333 -19.366154 -14.973928 -15.586386 -14.252083 -14.088934 -14.696371 -15.261966
-14.005133 -15.352339 -15.320524 -16.225719 -17.437847 -16.554741 -14.441584 -15.318672 -17.101879 -16.627222
-16.210472 -15.794276 -15.462741 -15.268126 -14.577213 -15.435694 -15.623205 -15.034214 -17.040039 -17.308285
-16.118811 -18.445108 -15.846123 -14.941683 -15.687565 -16.343378 -16.196342 -15.897386 -18.709448 -16.120060
-16.036600 -18.422396 -17.753824 -17.418053 -15.881784 -15.661861 -14.394952 -14.685369 -15.527601 -15.620695
-10.562366 -13.426888 -15.116471 -15.355444 -14.814308 -15.403206 -15.654268 -15.803230 -17.055687 -17.011744
-16.527712 -15.180848 -14.562366 -14.156594 -14.757758 -15.413337 -22.033066 -21.171978 -17.866562 -18.688269
-16.229986 -24.141602 -15.099408 -14.942165 -15.802532 -16.173138 -17.055315 -15.981970 -18.302031 -17.128134
-16.351791 -20.902977 -17.340855 -17.816391 -17.320856 -16.561247 -14.330948 -14.821812 -15.429886 -15.617594
-10.991935 -15.061446 -17.501312 -17.303820 -17.289047 -16.393921 -16.477245 -16.944309 -16.823915 -17.398029
-16.070042 -15.054731 -15.468904 -14.571057 -14.485887 -16.253805 -18.290798 -21.539873 -19.925125 -18.820169
-16.690483 -16.640923 -15.412959 -13.952447 -15.693154 -16.425703 -15.464963 -15.096392 -16.795357 -18.861948
-14.933211 -20.871584 -17.047806 -16.484615 -18.727652 -16.277142 -14.710090 -14.793474 -15.188828 -15.079220
-13.051414 -12.826234 -14.866472 -14.785242 -14.196886 -13.920883 -15.897930 -16.606619 -17.315025 -16.360554
-16.443068 -16.703636 -17.053762 -16.001350 -15.154572 -15.917400 -17.052565 -16.751028 -16.545063 -16.579119
-16.033960 -13.954190 -15.832338 -17.521320 -16.392847 -16.878214 -16.512394 -17.389378 -18.998432 -21.587978
-14.580208 -15.828907 -22.272652 -16.184319 -17.224203 -15.568350 -14.366568 -14.945870 -15.158588 -14.079797
-14.325594 -15.091555 -15.557529 -14.987142 -14.397579 -13.685588 -14.782589 -15.851895 -16.006815 -16.061256
-17.112497 -16.361443 -15.739431 -15.501249 -15.883299 -15.909161 -16.361834 -16.171217 -16.051764 -16.148617
-16.365206 -15.597992 -16.209621 -17.420668 -17.988539 -18.487404 -18.154129 -18.792124 -19.193535 -20.032270
-19.971180 -17.010170 -16.708229 -20.398840 -16.083279 -14.864359 -13.905333 -14.127890 -13.241385 -11.157334
-14.593119 -15.425554 -15.738066 -14.570907 -13.758843 -12.312500 -12.682917 -13.179972 -14.826448 -16.179846
-17.976557 -17.411453 -16.001270 -15.778746 -16.162680 -16.056557 -15.930438 -15.713537 -15.975368 -16.856533
-16.468203 -15.714608 -15.625910 -15.988044 -16.707026 -16.640644 -16.537403 -16.490705 -15.873284 -15.011681
-15.435725 -16.907856 -16.975510 -16.408747 -16.087534 -14.433490 -14.416909 -13.532666 -13.522991 -11.339401
-13.250452 -15.078987 -15.183208 -13.542402 -11.287873 -10.438056 -12.211681 -13.608215 -13.851656 -15.274261
-16.051535 -17.125460 -15.885441 -16.494358 -16.260662 -16.171116 -15.053331 -15.792267 -15.997255 -16.299099
-16.473162 -15.704723 -15.384546 -15.615723 -15.959429 -15.967265 -16.077755 -15.884068 -15.035948 -14.528237
-14.863058 -16.479734 -15.325185 -15.761303 -14.887991 -15.769667 -13.683251 -12.252356 -12.689726 -13.090246
-14.229101 -14.908334 -15.055151 -15.105034 -14.049193 -13.451053 -13.754830 -14.775546 -13.200287 -13.616093
-15.029115 -15.675117 -16.037041 -15.474363 -16.324476 -16.021126 -16.171665 -17.005665 -16.235298 -15.507498
-16.079977 -15.198687 -15.248148 -15.997247 -16.279613 -15.930104 -15.308578 -15.157413 -15.127247 -14.785416
-14.503131 -13.303010 -11.780684 -13.728929 -12.574171 -13.223362 -12.288529 -12.662325 -11.113592 -12.966176
-13.880346 -14.873326 -14.876839 -15.581284 -16.461063 -15.764292 -14.858881 -14.186898 -12.042340 -10.370011
-13.466324 -15.171457 -16.179882 -14.818960 -15.289841 -15.426203 -15.360460 -14.697655 -12.185205 -17.016975
-15.717873 -15.435637 -16.024147 -16.019375 -15.111803 -15.420273 -15.298439 -15.167021 -15.988052 -16.489866
-15.059921 -13.975914 -12.712626 -13.823093 -11.962692 -12.651561 -14.906930 -14.223648 -13.577750 -11.625534
-13.476274 -15.422823 -15.796263 -15.186094 -17.400066 -16.115236 -15.712818 -14.092351 -12.853505 -11.374608
-14.056571 -15.234836 -15.111919 -15.604759 -14.862899 -15.806120 -15.174099 -14.335333 -13.374862 -16.569756
-16.628330 -15.647903 -15.328794 -15.073215 -15.555317 -16.463171 -15.663570 -15.393977 -15.430033 -15.247616
-14.433506 -14.362015 -13.955013 -14.537359 -14.281931 -14.853532 -15.479996 -15.538904 -15.258974 -12.268559
-15.102920 -16.618225 -16.463644 -15.553350 -16.350550 -16.415951 -15.835276 -14.675586 -13.862611 -13.135008
-12.937084 -15.009308 -15.159868 -15.173807 -15.996337 -15.288052 -14.792837 -15.408182 -15.695381 -15.509580
-15.398819 -14.822241 -14.623299 -14.381920 -14.942787 -14.726412 -16.260241 -15.021962 -14.562522 -13.606503
-13.689605 -15.285736 -16.377125 -15.848574 -16.098898 -16.636457 -16.677366 -16.179876 -14.917558 -12.898643
-14.605970 -15.570457 -15.506184 -15.288965 -16.096300 -16.709812 -16.288710 -16.105186 -15.394106 -15.885116
-13.890635 -15.238941 -15.968543 -13.405237 -12.270646 -9.300314 -12.111450 -12.852026 -14.199984 -14.416495
-15.096130 -14.216839 -13.563486 -12.217364 -14.223892 -14.433867 -14.622421 -13.848181 -14.351102 -15.304682
-15.292475 -16.279516 -15.955215 -16.400604 -17.172386 -16.434906 -16.120754 -15.570700 -15.042997 -13.365187
-14.673066 -16.044491 -15.916054 -15.917301 -15.711273 -16.075829 -16.045246 -16.355841 -16.501827 -16.743279
-16.900019 -16.177912 -16.367002 -15.049885 -14.711607 -12.187495 -13.669895 -13.213515 -13.993076 -14.557281
-14.567119 -13.400763 -14.082931 -12.817965 -13.566494 -13.249658 -13.392712 -14.168583 -15.467609 -16.744219
-17.337765 -17.302288 -16.606472 -17.303295 -17.394526 -17.147379 -15.917711 -15.598925 -15.267651 -14.226796
-14.506198 -16.542204 -16.761621 -15.857782 -15.254062 -15.940045 -15.867521 -15.751095 -16.039803 -15.716570
-16.664167 -16.647213 -16.502295 -15.876520 -16.019901 -15.892619 -15.305025 -15.244307 -15.018011 -14.876074
-14.254146 -14.130306 -16.264217 -15.619026 -14.568041 -13.627726 -13.052034 -15.717024 -17.402309 -16.848354
-17.320084 -18.486464 -19.762615 -19.854610 -17.823334 -14.892320 -17.306135 -17.234560 -14.598610 -14.672148
-15.195230 -16.508089 -15.255661 -15.376393 -15.417011 -17.632107 -15.656563 -15.400076 -15.592680 -15.953728
-16.194664 -16.299070 -16.830837 -17.095631 -17.313412 -16.682581 -16.245045 -16.661552 -16.925644 -17.022028
-16.942223 -16.614128 -16.768950 -17.003790 -15.756506 -15.818216 -16.050335 -16.081648 -16.273615 -16.391243
-16.464878 -15.799441 -15.182550 -15.746601 -17.099051 -19.765198 -14.706272 -15.372415 -14.824895 -13.484169
-14.959372 -15.873631 -15.479418 -18.134369 -15.786406 -20.670750 -16.504143 -14.766285 -15.795457 -16.951975
-16.778967 -16.725388 -16.319328 -16.690220 -16.913448 -17.876043 -18.910694 -18.743479 -18.595098 -18.371374
-18.464863 -18.034082 -16.627634 -16.450094 -14.977806 -15.711047 -13.975382 -15.276850 -17.348665 -16.117714
-15.410196 -14.807616 -15.658222 -16.717081 -18.079586 -28.140425 -19.913940 -16.109959 -17.474232 -12.620440
-14.802717 -15.821905 -14.935755 -20.004200 -18.663891 -13.995220 -21.191319 -15.203659 -15.781991 -15.634205
-15.656803 -14.730259 -14.412024 -15.736565 -15.571867 -15.447276 -16.196894 -15.882505 -15.393635 -16.648016
-16.284676 -15.491912 -15.326923 -15.207022 -15.222235 -15.993601 -15.092075 -16.462036 -17.109282 -15.463160
-14.901102 -15.262814 -17.938145 -18.423996 -16.297499 -14.736761 -18.627466 -13.294672 -13.565683 -13.941981
-16.352188 -18.503115 -15.252684 -17.731993 -26.244495 -16.130764 -17.333473 -19.053385 -15.601568 -14.889145
-13.736166 -14.480689 -13.578666 -13.077925 -13.929398 -14.766418 -15.633179 -16.164213 -15.603210 -15.226996
-15.710909 -15.450184 -14.911629 -14.069860 -13.981331 -14.741032 -15.776306 -15.996298 -16.606947 -15.698660
-14.990379 -15.877943 -15.619858 -16.456860 -19.808144 -17.638580 -13.995996 -13.100179 -14.259663 -15.963215
-15.572387 -18.397585 -16.540749 -14.354373 -19.530613 -16.296846 -16.690058 -17.036131 -18.472250 -17.794798
-14.180363 -12.687858 -11.881611 -10.604317 -10.701488 -10.911697 -11.911621 -12.112143 -12.215924 -12.670111
-14.474194 -15.294773 -15.437832 -15.515750 -15.343504 -15.559065 -15.736793 -16.108036 -15.184877 -15.665594
-14.959101 -15.467439 -15.331089 -15.388894 -15.229763 -13.402798 -14.135182 -14.068032 -14.311388 -16.013044
-15.303689 -12.228053 -12.395483 -13.408594 -15.139656 -15.781914 -15.834543 -14.954176 -15.591459 -16.498854
-15.649666 -14.766096 -15.056108 -15.625491 -15.062758 -14.697432 -14.964278 -14.434631 -13.887333 -12.532827
-13.523087 -12.367268 -12.877573 -13.297705 -13.928331 -14.443465 -15.756801 -14.778270 -14.814045 -15.372111
-16.225836 -14.570402 -15.754863 -16.825020 -15.556961 -14.568470 -14.798525 -14.509441 -13.409767 -14.613808
-14.064663 -13.474878 -13.302286 -13.281530 -13.494516 -13.447642 -13.324974 -12.138673 -13.002149 -13.692157
-12.713846 -14.048420 -15.001138 -13.743142 -14.086088 -13.289915 -13.613935 -13.534082 -13.479679 -13.573478
-13.937058 -14.218435 -14.868855 -14.745932 -13.484470 -13.711765 -16.101086 -15.426017 -14.435535 -14.344990
-15.023306 -16.444965 -15.157963 -16.617504 -16.507061 -16.226532 -14.979280 -15.029902 -14.453352 -13.650247
-13.904256 -15.307454 -14.024085 -12.306613 -12.777825 -12.780530 -11.942566 -12.614313 -11.741035 -12.841840
-13.253080 -13.619797 -14.184734 -15.028193 -15.748529 -15.851925 -15.031771 -14.484976 -14.264124 -13.795914
-13.888702 -15.265707 -14.388865 -14.239329 -13.811584 -11.328617 -10.290714 -10.664392 -13.004910 -12.691291
-13.056994 -13.296813 -14.827714 -16.226330 -16.208097 -13.708708 -14.342865 -14.587278 -13.893660 -13.474344
-15.328038 -14.989594 -14.019792 -13.686384 -13.466684 -14.250576 -12.755167 -11.037373 -12.452350 -14.052057
-13.877719 -12.897717 -15.109868 -16.518616 -17.598265 -15.159058 -14.155813 -13.041614 -13.095441 -12.951906
-14.736015 -14.193453 -14.241760 -13.472050 -13.630987 -16.412260 -12.843781 -11.734346 -13.591954 -13.536531
-13.668051 -14.263380 -14.716331 -15.325882 -16.867451 -18.364239 -18.265905 -17.284309 -15.085850 -13.704626
-14.888297 -16.092997 -14.937759 -16.110609 -16.201435 -15.903613 -14.009546 -11.775831 -12.751173 -12.800474
-12.845057 -14.213653 -13.940292 -14.675893 -15.340434 -16.114267 -15.348001 -15.240904 -14.366592 -14.526251
-14.756020 -15.871414 -14.674816 -13.404868 -14.518608 -14.403282 -17.334389 -17.989288 -15.364229 -14.461749
-14.444543 -15.494600 -14.902444 -15.893859 -15.715689 -16.058258 -15.627240 -14.295536 -14.228992 -14.432747
-15.226841 -14.640292 -13.666679 -14.129799 -14.881385 -13.205479 -13.784345 -14.995890 -15.132957 -14.598890
-15.139876 -14.848091 -14.937379 -16.375984 -15.591283 -15.389835 -15.442321 -14.091366 -14.399605 -14.885324
-13.772890 -13.229492 -13.993458 -14.582948 -14.319297 -12.677740 -12.790472 -14.615891 -15.885235 -15.581181
-15.109111 -14.475824 -15.523012 -14.603393 -15.117626 -14.960032 -15.729221 -14.567446 -16.374836 -15.414772
-14.114964 -14.566595 -13.523149 -14.823901 -15.587845 -15.614264 -16.472771 -14.864402 -14.188287 -15.460991
-13.892315 -13.841583 -15.078885 -15.560690 -14.444942 -14.131424 -14.028722 -15.239220 -15.571621 -15.134600
-13.930409 -13.888073 -13.423243 -14.622454 -14.113577 -14.443525 -12.882171 -14.557369 -15.555662 -14.829687
-15.883537 -15.508995 -15.824446 -13.961244 -15.092083 -14.896669 -12.769896 -14.127939 -14.535166 -14.851618
-14.638806 -14.545334 -14.151127 -15.239857 -13.693262 -13.592479 -16.198347 -16.591026 -13.479735 -13.720383
-15.281361 -14.955839 -16.274010 -18.232883 -17.042053 -16.518950 -15.583090 -13.495845 -13.716551 -13.733290
-14.312435 -14.797016 -14.616486 -14.692089 -14.023430 -13.545692 -13.861620 -14.452915 -15.096964 -15.575307
-14.295444 -14.108463 -14.423851 -15.586369 -15.185369 -14.233356 -14.735733 -13.467398 -13.894798 -13.534229
-14.838353 -15.775114 -14.557683 -13.866590 -14.787044 -13.848956 -13.663027 -14.601872 -14.949596 -14.482344
-14.198439 -14.005127 -13.529881 -13.725432 -14.527790 -12.536506 -15.358835 -13.291899 -13.749378 -14.138287
-14.042145 -14.913063 -15.727542 -14.906521 -14.266863 -14.377214 -14.589040 -15.127434 -15.956863 -15.567165
-14.782881 -13.860437 -13.266823 -12.893419 -12.509397 -14.115439 -14.506790 -13.720989 -14.400906 -14.583674
-15.067245 -15.560989 -14.944351 -13.930842 -13.676383 -15.152576 -14.923595 -14.853783 -15.542829 -14.528435
-14.694933 -15.645064 -13.689712 -13.524224 -13.099745 -14.902687 -13.108513 -14.356384 -13.727516 -14.763428
-14.012866 -15.529782 -15.423454 -15.569425 -15.028389 -15.278361 -15.372417 -15.430433 -15.557209 -16.038313
-15.812964 -15.801186 -15.617216 -15.887634 -15.527164 -15.076752 -15.162319 -15.707163 -14.527819 -16.670454

