0.566241 0.253388 0.342361 0.312762 0.271444 0.257504 0.249076 0.243911 0.229482 0.215970
0.212702 0.212887 0.233530 0.252000 0.264282 0.276179 0.300241 0.329243 0.359534 0.474664
0.392183 0.171286 0.266953 0.286250 0.264090 0.260454 0.266323 0.278091 0.286109 0.295136
0.300734 0.314478 0.347439 0.379233 0.357422 0.342123 0.340668 0.318896 0.279142 0.292707
0.339884 0.159756 0.233460 0.265119 0.265296 0.268873 0.290158 0.306228 0.301269 0.284631
0.267865 0.247390 0.241796 0.246517 0.238209 0.249279 0.308756 0.297970 0.207163 0.241837
0.336934 0.163464 0.245870 0.279851 0.291362 0.362713 0.487483 0.568137 0.546210 0.438911
0.344031 0.303924 0.275738 0.259234 0.235282 0.245836 0.329085 0.296290 0.196997 0.250437
0.340323 0.189909 0.330920 0.390401 0.410150 0.557969 0.728057 0.782665 0.750341 0.624197
0.467833 0.391164 0.346245 0.317557 0.276552 0.271450 0.382652 0.330211 0.221162 0.270083
0.343389 0.201234 0.360695 0.379270 0.420249 0.614021 0.820524 0.858827 0.805144 0.672428
0.489542 0.411677 0.392444 0.375823 0.292875 0.266807 0.342945 0.296600 0.205619 0.268320
0.370381 0.224094 0.337266 0.259924 0.313735 0.518568 0.768906 0.823645 0.686413 0.519415
0.410221 0.381717 0.361498 0.334352 0.235071 0.218335 0.301148 0.283739 0.207568 0.273243
0.353850 0.192195 0.240699 0.161418 0.226591 0.342974 0.355569 0.316606 0.255644 0.273965
0.307239 0.320815 0.316477 0.285980 0.197343 0.185944 0.280389 0.289487 0.220424 0.273598
0.384335 0.220414 0.261957 0.199632 0.242186 0.338252 0.287798 0.195075 0.198968 0.236254
0.273020 0.300928 0.329180 0.312443 0.235168 0.214893 0.311505 0.324038 0.242620 0.275150
0.453782 0.268330 0.289878 0.246245 0.250259 0.304133 0.268326 0.228180 0.222646 0.239669
0.268043 0.282156 0.307126 0.306479 0.262297 0.243243 0.324780 0.332508 0.248079 0.273655
0.648180 0.397995 0.320822 0.250335 0.266543 0.313529 0.343660 0.367008 0.322643 0.291582
0.297554 0.305427 0.324941 0.322808 0.287637 0.254132 0.294688 0.295060 0.225690 0.269880
0.737872 0.453767 0.417636 0.312340 0.312730 0.320961 0.365951 0.390335 0.353785 0.337694
0.347304 0.366834 0.382878 0.381170 0.349626 0.297213 0.303669 0.290044 0.221753 0.272009
0.474656 0.267134 0.376580 0.346880 0.340341 0.322516 0.343552 0.379609 0.388861 0.395869
0.402165 0.415173 0.424756 0.414522 0.375136 0.305792 0.317758 0.299483 0.252107 0.291999
0.440856 0.301586 0.458639 0.468864 0.426951 0.377938 0.396576 0.462447 0.510692 0.522980
0.495212 0.454894 0.428768 0.408523 0.389403 0.351008 0.372518 0.348105 0.321843 0.346726
0.412311 0.225185 0.352634 0.455110 0.513105 0.524380 0.616686 0.735303 0.783817 0.768536
0.713238 0.629359 0.544427 0.491014 0.480571 0.467645 0.466289 0.428450 0.401344 0.401287
0.406421 0.196465 0.274708 0.327474 0.445225 0.493409 0.628458 0.735724 0.734980 0.688102
0.642059 0.626923 0.564573 0.467541 0.402666 0.391273 0.419750 0.383746 0.327594 0.304028
0.433956 0.253118 0.361857 0.391598 0.475548 0.551631 0.640765 0.756061 0.722769 0.666305
0.655418 0.705369 0.731568 0.657781 0.535714 0.479056 0.469429 0.394499 0.295941 0.261319
0.569451 0.380694 0.487603 0.506097 0.601293 0.701503 0.763927 0.784734 0.788876 0.795634
0.823440 0.847761 0.868370 0.846716 0.767999 0.710599 0.656152 0.559366 0.409174 0.315222
0.577774 0.386199 0.516145 0.588643 0.678645 0.754812 0.763865 0.744245 0.728025 0.733757
0.756509 0.786871 0.802943 0.798630 0.743341 0.702628 0.666027 0.583828 0.444378 0.331619
0.510060 0.472072 0.566003 0.616671 0.640986 0.655111 0.670527 0.674347 0.676988 0.680049
0.674203 0.665995 0.660421 0.664659 0.672353 0.699640 0.712782 0.680925 0.562355 0.475019
0.303309 0.200488 0.212108 0.239471 0.253006 0.257272 0.256277 0.250362 0.253035 0.265167
0.274405 0.281132 0.281832 0.276001 0.266408 0.265308 0.260772 0.241901 0.202010 0.265251
0.402868 0.280811 0.284143 0.298482 0.301577 0.313617 0.328944 0.342389 0.352874 0.362723
0.367832 0.360486 0.352921 0.346787 0.355033 0.349139 0.338585 0.321409 0.301110 0.408178
0.703632 0.637771 0.667050 0.689074 0.677705 0.685972 0.695933 0.707046 0.708320 0.699715
0.678945 0.648854 0.614160 0.590630 0.605637 0.637860 0.655596 0.668006 0.670767 0.677814
0.846144 0.834799 0.861908 0.868735 0.857665 0.857498 0.854091 0.849866 0.851168 0.851173
0.844405 0.830665 0.811154 0.794334 0.797103 0.811269 0.826263 0.840548 0.851259 0.816696
0.880580 0.885266 0.910304 0.910538 0.905871 0.891913 0.847661 0.804258 0.814641 0.865491
0.899645 0.908113 0.904008 0.892775 0.890108 0.895107 0.902766 0.913998 0.921184 0.875793
0.875194 0.875571 0.884628 0.873177 0.875675 0.835805 0.683535 0.544565 0.579010 0.769169
0.903013 0.938333 0.944313 0.937766 0.933647 0.936250 0.940628 0.946892 0.947427 0.900214
0.853611 0.829625 0.802657 0.775872 0.805529 0.726822 0.385627 0.161725 0.231811 0.615942
0.891602 0.950710 0.958967 0.953107 0.949065 0.953044 0.958827 0.963427 0.960048 0.911289
0.823595 0.782157 0.755592 0.764388 0.819865 0.738945 0.338380 0.130882 0.229941 0.667971
0.910066 0.957573 0.963504 0.956887 0.952945 0.957097 0.965329 0.971073 0.965539 0.914047
0.840243 0.837206 0.867587 0.881685 0.906037 0.879663 0.728991 0.599634 0.670335 0.839163
0.925379 0.954849 0.961051 0.955855 0.952120 0.955487 0.964238 0.970632 0.964666 0.912194
0.870154 0.908477 0.946479 0.955446 0.959373 0.949289 0.916069 0.881561 0.871621 0.884770
0.915109 0.940486 0.950413 0.948695 0.946583 0.949637 0.960102 0.967491 0.961603 0.909284
0.850025 0.909127 0.964593 0.975433 0.977229 0.972347 0.957466 0.938040 0.918310 0.901355
0.909423 0.930773 0.940428 0.939387 0.936042 0.941847 0.958659 0.967882 0.959335 0.901952
0.685654 0.814583 0.957016 0.981477 0.984533 0.981572 0.971951 0.958373 0.948792 0.944202
0.945131 0.950495 0.951498 0.948165 0.945543 0.954030 0.966957 0.969976 0.953241 0.883453
0.559538 0.645427 0.904958 0.976670 0.985516 0.983505 0.974853 0.965904 0.966187 0.968867
0.970038 0.971058 0.970573 0.968089 0.967452 0.971708 0.975634 0.971044 0.946891 0.865359
0.659180 0.618543 0.780478 0.930202 0.968059 0.973408 0.966705 0.961553 0.966078 0.971425
0.974154 0.975884 0.976189 0.975877 0.976882 0.978738 0.978802 0.972349 0.947026 0.858111
0.733597 0.614870 0.615346 0.730560 0.868906 0.924295 0.927785 0.912264 0.902448 0.906122
0.922377 0.945130 0.961823 0.970042 0.973233 0.974333 0.974795 0.968737 0.939359 0.839704
0.801263 0.733158 0.708199 0.677371 0.717634 0.794247 0.762435 0.640247 0.525450 0.508033
0.604902 0.753216 0.865100 0.913922 0.925642 0.932152 0.944192 0.941538 0.903029 0.810990
0.845710 0.840283 0.852294 0.807852 0.760005 0.718017 0.606239 0.420094 0.372633 0.435390
0.522231 0.590206 0.668623 0.759023 0.805921 0.835985 0.869765 0.887127 0.870972 0.825600
0.807287 0.792742 0.813070 0.783237 0.726396 0.648044 0.518438 0.409250 0.386550 0.434789
0.463793 0.461446 0.457403 0.531899 0.653928 0.713278 0.745148 0.776501 0.798955 0.807082
0.636822 0.550256 0.548827 0.536271 0.467236 0.360160 0.289121 0.255515 0.242243 0.231679
0.210163 0.183726 0.177681 0.217596 0.316699 0.410521 0.468559 0.509141 0.586821 0.710267
0.710955 0.696278 0.698171 0.650153 0.551780 0.470818 0.428299 0.418980 0.418387 0.400363
0.370912 0.343683 0.337802 0.377735 0.467261 0.568635 0.634689 0.671785 0.747896 0.789446
0.849102 0.846813 0.725128 0.656433 0.620230 0.604737 0.598877 0.597342 0.594198 0.593954
0.590063 0.573326 0.580809 0.628138 0.702633 0.713516 0.694212 0.790173 0.911098 0.967839
0.843839 0.854798 0.618516 0.501242 0.457576 0.445546 0.445701 0.443482 0.426881 0.412663
0.398823 0.374123 0.381575 0.451012 0.591647 0.634565 0.574131 0.716196 0.906709 0.970412
0.859367 0.870842 0.624398 0.508029 0.464463 0.455029 0.475184 0.481204 0.429632 0.385846
0.368578 0.352350 0.355141 0.415126 0.595887 0.719966 0.612807 0.699887 0.903795 0.969939
0.859882 0.862337 0.658890 0.584897 0.535071 0.519635 0.581355 0.650812 0.560721 0.443561
0.402128 0.388282 0.378801 0.418142 0.626480 0.821504 0.707919 0.702802 0.901499 0.969779
0.845692 0.835342 0.697253 0.715022 0.627847 0.585222 0.704959 0.848749 0.788691 0.584481
0.476482 0.434389 0.401160 0.424323 0.653993 0.868976 0.797139 0.716266 0.900704 0.970013
0.809441 0.755130 0.701560 0.826229 0.711352 0.612627 0.775793 0.924668 0.921206 0.750108
0.563960 0.471723 0.404802 0.420431 0.666151 0.888096 0.829857 0.728298 0.901124 0.970285
0.751529 0.623945 0.658405 0.876474 0.783553 0.611564 0.786293 0.939651 0.945925 0.849185
0.623194 0.488820 0.396258 0.411350 0.674058 0.898611 0.839023 0.732536 0.900908 0.970517
0.705762 0.522743 0.606161 0.887345 0.843923 0.615430 0.751237 0.917069 0.921170 0.834494
0.627261 0.486744 0.388797 0.409296 0.686924 0.909121 0.856326 0.740248 0.901159 0.970826
0.716197 0.515374 0.604968 0.881804 0.851801 0.568851 0.617684 0.790519 0.804066 0.737351
0.574212 0.452694 0.375267 0.408371 0.702404 0.918435 0.879981 0.751971 0.902618 0.971180
0.776281 0.571359 0.630452 0.858169 0.766526 0.477512 0.443837 0.527275 0.585579 0.585413
0.476132 0.380240 0.336339 0.387322 0.700170 0.921174 0.884991 0.754569 0.903189 0.971427
0.847342 0.682931 0.654804 0.798287 0.625201 0.402425 0.356263 0.371694 0.424102 0.446001
0.374410 0.306617 0.293340 0.360001 0.678661 0.910763 0.846996 0.737535 0.901371 0.971563
0.891947 0.820670 0.696530 0.716766 0.527166 0.378688 0.344636 0.344243 0.378654 0.392294
0.341224 0.298465 0.306883 0.378887 0.659563 0.875434 0.747282 0.704404 0.897949 0.971547
0.897244 0.886480 0.746824 0.674021 0.503185 0.389767 0.363955 0.369738 0.391526 0.399026
0.364121 0.340639 0.360668 0.420265 0.609816 0.768674 0.606707 0.676898 0.896803 0.971379
0.867844 0.881935 0.744308 0.685968 0.533376 0.423762 0.400950 0.415144 0.432485 0.440549
0.411304 0.389543 0.409697 0.451725 0.548357 0.593193 0.513471 0.674389 0.898667 0.971191
0.807329 0.816561 0.670210 0.687211 0.575747 0.463131 0.427424 0.443726 0.461453 0.485654
0.472150 0.447772 0.455084 0.473840 0.506137 0.479337 0.471194 0.672222 0.900706 0.971408
0.749692 0.708289 0.602929 0.647988 0.581660 0.480095 0.441436 0.455175 0.483542 0.520445
0.520207 0.505354 0.511609 0.501195 0.491556 0.441700 0.458553 0.673571 0.902977 0.971875
0.693979 0.617663 0.531694 0.544671 0.523171 0.478373 0.460429 0.478520 0.504648 0.525559
0.528083 0.540542 0.565304 0.521878 0.466153 0.402933 0.435251 0.669806 0.903345 0.972107
0.621134 0.535315 0.454326 0.430723 0.429172 0.435778 0.447725 0.462466 0.468246 0.467653
0.479585 0.523944 0.573610 0.507975 0.413802 0.348040 0.396918 0.656724 0.902152 0.972336
0.588947 0.495293 0.425264 0.382410 0.383408 0.412611 0.441894 0.454449 0.440532 0.425314
0.444168 0.497274 0.544664 0.480288 0.389899 0.344811 0.403663 0.654072 0.892396 0.970604
0.790292 0.746450 0.717269 0.693648 0.694525 0.712894 0.731491 0.735556 0.723350 0.711424
0.720857 0.747671 0.763274 0.736046 0.696710 0.678508 0.711961 0.822560 0.920579 0.965040
0.930409 0.939767 0.937736 0.935418 0.934238 0.933525 0.933656 0.933561 0.932067 0.930001
0.928597 0.927975 0.928416 0.929207 0.928804 0.927647 0.929564 0.934855 0.934746 0.922155
0.801606 0.769242 0.778000 0.781822 0.782737 0.777987 0.772895 0.768353 0.766758 0.769499
0.773326 0.778927 0.786839 0.790850 0.783102 0.772693 0.773321 0.777928 0.760032 0.789393
0.658901 0.559299 0.562515 0.555212 0.555579 0.561541 0.576060 0.585324 0.586665 0.587955
0.586994 0.585441 0.593832 0.607457 0.601090 0.580383 0.577594 0.578132 0.550155 0.661016
0.614209 0.498009 0.493238 0.482356 0.479986 0.513629 0.581815 0.623500 0.608912 0.558041
0.502470 0.463287 0.447496 0.453646 0.456693 0.456965 0.471701 0.478020 0.448987 0.592847
0.619509 0.518136 0.529797 0.531730 0.525956 0.592053 0.706758 0.765361 0.740205 0.639428
0.515311 0.432510 0.393804 0.391459 0.393270 0.398184 0.416146 0.429263 0.406167 0.564217
0.645941 0.575054 0.616715 0.621535 0.602279 0.694983 0.826832 0.874418 0.848915 0.737041
0.562678 0.440894 0.391841 0.390200 0.385662 0.375819 0.382337 0.394051 0.381419 0.549519
0.671775 0.618972 0.652413 0.630362 0.600780 0.711873 0.856667 0.908334 0.884848 0.763526
0.567474 0.437725 0.392570 0.393243 0.383081 0.360919 0.357510 0.367813 0.364680 0.543598
0.667909 0.588398 0.575443 0.527577 0.508745 0.603523 0.726888 0.792378 0.787015 0.686036
0.541346 0.436745 0.391717 0.386282 0.371852 0.351286 0.349990 0.364507 0.366313 0.546918
0.639099 0.501183 0.430218 0.381531 0.391308 0.452124 0.484779 0.505385 0.570755 0.580622
0.523488 0.448476 0.402266 0.390578 0.374606 0.355853 0.357398 0.375045 0.377047 0.551464
0.658821 0.494046 0.379066 0.314757 0.326713 0.377564 0.399808 0.429441 0.494525 0.534821
0.511228 0.455414 0.414093 0.402934 0.392184 0.374397 0.370949 0.388552 0.389332 0.557665
0.746107 0.592902 0.414875 0.308733 0.300271 0.335874 0.367575 0.406235 0.444083 0.467178
0.457044 0.423237 0.398158 0.394543 0.390786 0.374322 0.367620 0.390247 0.400429 0.571419
0.832721 0.740031 0.536332 0.365972 0.310457 0.321503 0.350926 0.383236 0.393667 0.389675
0.380956 0.367099 0.358681 0.361123 0.358090 0.342547 0.346989 0.382564 0.408743 0.588525
0.808732 0.760201 0.648484 0.484560 0.385597 0.358725 0.371561 0.393182 0.393110 0.380304
0.365667 0.350384 0.338483 0.335091 0.327221 0.319406 0.335819 0.374418 0.412130 0.604068
0.749981 0.734805 0.734499 0.644710 0.537757 0.470720 0.466183 0.496829 0.518584 0.517064
0.487847 0.440874 0.393676 0.364928 0.350912 0.348160 0.360129 0.386471 0.428620 0.625544
0.711427 0.692172 0.741559 0.738692 0.679521 0.626162 0.635161 0.691088 0.734592 0.740546
0.708319 0.645247 0.569973 0.516053 0.491601 0.474600 0.460096 0.461486 0.493351 0.660177
0.671217 0.602496 0.632055 0.674432 0.701277 0.716127 0.762234 0.817761 0.844336 0.839242
0.813964 0.772773 0.712476 0.652390 0.613196 0.585480 0.557250 0.540870 0.537599 0.658591
0.680791 0.605584 0.610326 0.636433 0.678613 0.727512 0.783125 0.827083 0.830164 0.810397
0.798749 0.801103 0.785585 0.733119 0.673177 0.632621 0.610705 0.585784 0.547581 0.635059
0.750752 0.709355 0.712904 0.724687 0.755892 0.791434 0.818874 0.834692 0.839752 0.841509
0.849054 0.860110 0.862308 0.838187 0.787633 0.738779 0.709352 0.675455 0.614152 0.659995
0.790038 0.764390 0.777308 0.790970 0.824053 0.855389 0.867912 0.868804 0.870346 0.877445
0.888458 0.897222 0.897282 0.882868 0.847625 0.801622 0.766198 0.728336 0.666664 0.694873
0.756425 0.699243 0.719786 0.740449 0.766262 0.783555 0.790424 0.790413 0.789542 0.791500
0.795259 0.799234 0.800424 0.792615 0.769412 0.737218 0.710316 0.678008 0.638023 0.709402
0.143761 0.019503 0.042835 0.176745 0.443797 0.620584 0.698679 0.713141 0.684629 0.713013
0.778781 0.813593 0.812969 0.768564 0.609654 0.515592 0.613767 0.553906 0.208485 0.047076
0.138971 0.008994 0.023446 0.060239 0.220705 0.433459 0.605482 0.649738 0.640540 0.713618
0.806534 0.837963 0.860381 0.813398 0.615349 0.488332 0.661687 0.698042 0.161367 0.027966
0.168869 0.010024 0.016429 0.070425 0.229344 0.445151 0.668819 0.684940 0.633119 0.693351
0.759118 0.777742 0.853207 0.846318 0.586510 0.370302 0.682259 0.829492 0.097115 0.015286
0.179989 0.011138 0.018700 0.089306 0.213466 0.443275 0.746557 0.648986 0.570684 0.645395
0.637275 0.673346 0.824294 0.835253 0.427660 0.181953 0.567184 0.832224 0.058494 0.012583
0.188526 0.018301 0.046522 0.138874 0.121198 0.434286 0.815034 0.362476 0.226646 0.339225
0.402752 0.587525 0.820383 0.841529 0.315926 0.094732 0.443507 0.730610 0.057896 0.014864
0.206444 0.040628 0.137826 0.152987 0.036907 0.407402 0.845887 0.125501 0.023485 0.076966
0.190311 0.473807 0.833221 0.897237 0.285803 0.061250 0.359560 0.747450 0.077906 0.017015
0.231805 0.080776 0.260711 0.070856 0.015861 0.399807 0.898916 0.073367 0.005656 0.029160
0.113035 0.404293 0.849714 0.922817 0.223842 0.042382 0.269310 0.772428 0.108910 0.017997
0.243398 0.105534 0.270450 0.035209 0.007746 0.328946 0.874839 0.103370 0.011621 0.045657
0.137771 0.461100 0.873070 0.946646 0.257515 0.039295 0.225353 0.786744 0.160370 0.021516
0.242064 0.094358 0.216342 0.040454 0.007844 0.317656 0.851918 0.401775 0.113733 0.142119
0.266324 0.604357 0.899935 0.945238 0.363920 0.044617 0.214777 0.806143 0.219178 0.022501
0.237521 0.057132 0.088930 0.062082 0.032249 0.420954 0.901281 0.816086 0.481854 0.292293
0.421902 0.725146 0.909652 0.900890 0.447135 0.057712 0.226660 0.831424 0.253848 0.019948
0.210265 0.035859 0.044841 0.076715 0.166022 0.518431 0.921805 0.939915 0.729778 0.449421
0.525856 0.793946 0.888661 0.785089 0.388679 0.055366 0.195642 0.809882 0.214689 0.016133
0.169904 0.018545 0.025537 0.065475 0.196318 0.559253 0.934800 0.983228 0.928811 0.724147
0.772741 0.902402 0.911975 0.757038 0.427593 0.089480 0.234423 0.741266 0.139248 0.012958
0.152297 0.013778 0.016024 0.054065 0.193350 0.573682 0.945380 0.992770 0.984633 0.938205
0.918980 0.947012 0.945223 0.799841 0.601630 0.290857 0.514307 0.760748 0.101732 0.011137
0.190263 0.013578 0.011422 0.051783 0.197572 0.586068 0.947367 0.992443 0.993217 0.978074
0.958499 0.952276 0.957877 0.928007 0.927814 0.867224 0.871806 0.826508 0.117650 0.011355
0.224770 0.015213 0.013057 0.055325 0.187633 0.579602 0.926235 0.981634 0.980328 0.937005
0.896804 0.894011 0.932023 0.955427 0.971304 0.967526 0.955898 0.859536 0.159743 0.012115
0.241993 0.022897 0.024005 0.090185 0.254337 0.582769 0.851112 0.918205 0.834125 0.597744
0.631231 0.749015 0.861334 0.935829 0.969583 0.975553 0.979522 0.873158 0.194261 0.011676
0.257306 0.034676 0.037150 0.113590 0.316398 0.635597 0.827562 0.830840 0.672930 0.506527
0.585579 0.743035 0.821894 0.912392 0.968252 0.986741 0.993420 0.917787 0.201537 0.010835
0.297547 0.057246 0.050549 0.136546 0.328127 0.620949 0.796260 0.802128 0.679965 0.606808
0.659860 0.737959 0.777139 0.859786 0.953591 0.988925 0.995115 0.919531 0.142828 0.011117
0.326436 0.082522 0.065737 0.173846 0.367161 0.616304 0.772510 0.791733 0.728310 0.686422
0.671786 0.679092 0.702362 0.779770 0.885969 0.971136 0.986567 0.808548 0.098405 0.014730
0.134684 0.037521 0.026393 0.073922 0.136419 0.211298 0.246948 0.218446 0.202313 0.185269
0.187164 0.195273 0.191301 0.229198 0.313803 0.482546 0.574126 0.197338 0.033452 0.015894
0.492180 0.453505 0.476149 0.416705 0.387663 0.377570 0.371053 0.375532 0.383506 0.386642
0.391359 0.389468 0.374005 0.355679 0.378099 0.423037 0.413713 0.362773 0.526467 0.781176
0.502020 0.479615 0.407784 0.317407 0.290909 0.291446 0.296473 0.307072 0.310242 0.295934
0.285480 0.276828 0.262374 0.242855 0.262962 0.329733 0.347756 0.255769 0.392871 0.723372
0.537447 0.524710 0.447033 0.345174 0.315890 0.307826 0.298953 0.316795 0.330039 0.295314
0.273660 0.268613 0.258431 0.225957 0.235386 0.339624 0.403914 0.267002 0.383028 0.724670
0.568580 0.508506 0.446129 0.352690 0.358640 0.346489 0.338584 0.360200 0.404285 0.369067
0.310475 0.310731 0.305252 0.254120 0.248697 0.426770 0.463971 0.295854 0.372117 0.711391
0.579356 0.538247 0.434402 0.386420 0.436484 0.383252 0.367363 0.543839 0.527908 0.469618
0.380479 0.348220 0.327226 0.257902 0.246126 0.423726 0.574796 0.323752 0.368213 0.706355
0.573889 0.484355 0.380886 0.437479 0.508722 0.411904 0.372876 0.616060 0.753755 0.555166
0.440578 0.373685 0.328210 0.241849 0.222912 0.414109 0.597422 0.341233 0.365230 0.704237
0.552696 0.395255 0.291477 0.425064 0.549304 0.433093 0.365582 0.592312 0.746366 0.673386
0.480978 0.392723 0.324331 0.224731 0.205909 0.402943 0.597028 0.347774 0.357726 0.701839
0.527551 0.331408 0.226357 0.387701 0.616904 0.486325 0.419713 0.613019 0.710256 0.617689
0.466136 0.397022 0.322259 0.217108 0.194326 0.405914 0.610821 0.359348 0.359626 0.703352
0.544921 0.361835 0.273517 0.437229 0.705862 0.475366 0.377396 0.512711 0.532636 0.498889
0.425941 0.376924 0.305750 0.209063 0.188488 0.411870 0.649154 0.375937 0.368768 0.705856
0.602002 0.408163 0.345707 0.471441 0.589541 0.420220 0.298230 0.305621 0.343839 0.386404
0.365155 0.329738 0.270895 0.192969 0.178710 0.411785 0.674850 0.370332 0.368909 0.706572
0.637112 0.420712 0.383769 0.462104 0.440712 0.368467 0.304510 0.288130 0.292591 0.307300
0.306714 0.266985 0.224658 0.172753 0.177164 0.422120 0.638500 0.337764 0.356105 0.705666
0.652246 0.527357 0.446967 0.433285 0.390241 0.335702 0.314463 0.295638 0.293151 0.316173
0.315276 0.290629 0.259588 0.220613 0.246108 0.463265 0.512810 0.276894 0.337952 0.704196
0.627534 0.582176 0.527283 0.429486 0.388789 0.339640 0.331525 0.329757 0.323803 0.341523
0.346032 0.333150 0.314956 0.279763 0.293218 0.444949 0.370940 0.231285 0.335624 0.705934
0.621539 0.579378 0.545633 0.457361 0.417779 0.384326 0.375435 0.386655 0.385059 0.392390
0.379757 0.342883 0.329415 0.296807 0.311263 0.346835 0.323557 0.226843 0.347674 0.713520
0.559153 0.526442 0.438276 0.441055 0.427553 0.412339 0.396716 0.407435 0.402882 0.416715
0.416450 0.387829 0.394038 0.372864 0.373009 0.375140 0.317037 0.217588 0.342760 0.717638
0.527938 0.407567 0.413123 0.438909 0.433908 0.394540 0.367090 0.358039 0.347670 0.365760
0.376757 0.372107 0.405477 0.411766 0.415619 0.399481 0.308923 0.209205 0.332912 0.711692
0.520072 0.387108 0.387167 0.378758 0.388827 0.393552 0.380660 0.378408 0.370687 0.386292
0.384518 0.371358 0.405448 0.423240 0.422399 0.386813 0.290195 0.200441 0.330439 0.711886
0.462549 0.345914 0.345545 0.326742 0.328966 0.330982 0.326089 0.325497 0.322502 0.314071
0.320063 0.332368 0.386756 0.396116 0.376951 0.335520 0.251344 0.185457 0.342467 0.717365
0.459733 0.311286 0.310322 0.287014 0.276354 0.267403 0.262407 0.268814 0.261083 0.259004
0.255751 0.263958 0.309268 0.317088 0.293831 0.274100 0.225768 0.204061 0.369015 0.706364
0.594335 0.469563 0.454462 0.433376 0.428353 0.425671 0.434120 0.441157 0.429531 0.423322
0.422334 0.424650 0.436493 0.446009 0.438544 0.426373 0.403093 0.436275 0.610369 0.786706
0.078012 0.236055 0.749124 0.827325 0.819317 0.796485 0.795909 0.814531 0.784907 0.821949
0.782883 0.636870 0.425150 0.448236 0.664065 0.384405 0.246982 0.255880 0.218392 0.317586
0.028057 0.075983 0.723035 0.902880 0.886287 0.841098 0.856750 0.909698 0.884841 0.880506
0.740436 0.421862 0.152941 0.194695 0.609652 0.249318 0.114880 0.107390 0.074079 0.228572
0.031929 0.085123 0.586583 0.855402 0.895812 0.841332 0.867290 0.928937 0.911265 0.896997
0.782450 0.440074 0.123790 0.142118 0.560596 0.285264 0.112806 0.096246 0.056842 0.208650
0.031054 0.085249 0.381135 0.771767 0.906141 0.824429 0.734220 0.812722 0.823261 0.829496
0.835363 0.500836 0.114706 0.103681 0.335483 0.240159 0.107383 0.070550 0.042773 0.179239
0.026318 0.076485 0.181496 0.396072 0.789881 0.520882 0.196282 0.270056 0.616546 0.812715
0.872875 0.547848 0.101357 0.070292 0.147857 0.215236 0.131997 0.063498 0.036689 0.163315
0.026012 0.059994 0.080659 0.191390 0.690097 0.170407 0.032558 0.059536 0.266933 0.660352
0.905572 0.648847 0.099708 0.047743 0.095234 0.205655 0.164443 0.073636 0.037917 0.162456
0.030648 0.041149 0.039515 0.102842 0.701323 0.105521 0.028066 0.043810 0.157861 0.458341
0.910963 0.689794 0.096452 0.041677 0.088058 0.220863 0.222447 0.089037 0.039070 0.162614
0.036722 0.024165 0.024288 0.065028 0.783799 0.209916 0.061697 0.134715 0.281070 0.604812
0.939884 0.691228 0.092412 0.046699 0.097464 0.243357 0.292631 0.116725 0.043911 0.165833
0.043001 0.035341 0.039410 0.109798 0.862829 0.721676 0.155344 0.260544 0.567841 0.845650
0.945107 0.635001 0.091952 0.059385 0.122499 0.269926 0.353132 0.149779 0.051487 0.172648
0.046429 0.083387 0.106389 0.414330 0.977057 0.944756 0.540286 0.397430 0.615137 0.870758
0.886511 0.470004 0.083338 0.065852 0.136249 0.273768 0.350653 0.161358 0.056630 0.182279
0.042338 0.126860 0.272616 0.841232 0.990645 0.979079 0.749018 0.538563 0.747056 0.904164
0.763671 0.297675 0.064214 0.056859 0.117762 0.239684 0.262284 0.141674 0.058321 0.197139
0.035237 0.112331 0.476567 0.977161 0.995516 0.990618 0.899724 0.806651 0.938008 0.941698
0.775318 0.412113 0.126976 0.093662 0.168208 0.246297 0.180793 0.116199 0.056416 0.203752
0.036182 0.093199 0.458442 0.990025 0.997801 0.994932 0.954962 0.898895 0.968316 0.960476
0.840823 0.766660 0.460051 0.343146 0.463408 0.322319 0.152492 0.097434 0.056297 0.197855
0.036753 0.087691 0.332378 0.964453 0.997892 0.995968 0.974921 0.927651 0.966668 0.966680
0.905130 0.936337 0.772426 0.721865 0.683205 0.302083 0.109082 0.084407 0.055775 0.184873
0.034472 0.123282 0.303824 0.866810 0.991365 0.991823 0.960401 0.859748 0.864955 0.913735
0.915178 0.970062 0.888521 0.867286 0.759689 0.243680 0.082465 0.072546 0.049728 0.159258
0.036309 0.276863 0.526359 0.840928 0.985847 0.972895 0.880914 0.627445 0.517236 0.687776
0.852331 0.949631 0.904553 0.906120 0.731263 0.201705 0.085639 0.073941 0.045282 0.142216
0.036179 0.419825 0.738308 0.909493 0.977091 0.946151 0.800687 0.576257 0.535519 0.676058
0.745089 0.875773 0.891801 0.892804 0.588631 0.132351 0.081186 0.070700 0.041435 0.135899
0.040011 0.331996 0.694542 0.790035 0.887171 0.861207 0.808691 0.747081 0.721165 0.805636
0.793073 0.838317 0.894579 0.858477 0.448346 0.085411 0.069317 0.065534 0.045369 0.151734
0.075947 0.311460 0.674415 0.652576 0.613180 0.660627 0.735159 0.753711 0.736616 0.643301
0.594807 0.710466 0.874512 0.841832 0.448306 0.089503 0.064346 0.064709 0.051186 0.144089
0.317518 0.694472 0.912411 0.890811 0.800490 0.809142 0.870850 0.898063 0.915425 0.872444
0.809165 0.887204 0.958286 0.936578 0.765554 0.397234 0.294106 0.318661 0.332748 0.445224
0.795078 0.825072 0.860363 0.865824 0.868514 0.873218 0.874091 0.869867 0.870726 0.881912
0.895352 0.902398 0.901573 0.895720 0.886448 0.876824 0.867140 0.840639 0.817749 0.845440
0.744620 0.790559 0.840041 0.844548 0.846002 0.861234 0.876725 0.881341 0.882779 0.886303
0.887268 0.880690 0.867654 0.858176 0.859416 0.866280 0.868362 0.844723 0.831463 0.865216
0.766415 0.829010 0.876798 0.879322 0.874240 0.879944 0.893346 0.900772 0.896758 0.879279
0.852944 0.829085 0.805290 0.783714 0.795542 0.845008 0.879058 0.871759 0.862880 0.879431
0.848740 0.896897 0.920698 0.919712 0.913629 0.904673 0.901371 0.903139 0.899281 0.878678
0.847367 0.830987 0.830086 0.825290 0.832461 0.868185 0.896057 0.897199 0.889037 0.890756
0.877233 0.918545 0.933257 0.932360 0.925834 0.906589 0.882834 0.871196 0.877243 0.875672
0.865367 0.863815 0.875056 0.884709 0.892923 0.904211 0.911926 0.906258 0.896376 0.892907
0.871201 0.909915 0.921280 0.921379 0.913900 0.863084 0.740113 0.648609 0.717232 0.813937
0.859465 0.882832 0.900993 0.911413 0.919323 0.925160 0.925253 0.916825 0.904241 0.895831
0.844054 0.871949 0.867250 0.860694 0.861749 0.768898 0.430136 0.207989 0.328108 0.673517
0.852060 0.900316 0.916121 0.922808 0.929075 0.932915 0.932245 0.922674 0.908039 0.896872
0.808528 0.795337 0.722427 0.681211 0.740547 0.745154 0.571657 0.342300 0.446126 0.745702
0.888362 0.916688 0.924545 0.928179 0.932142 0.933750 0.933009 0.923019 0.906396 0.893522
0.820659 0.808109 0.703040 0.641461 0.731147 0.810676 0.823833 0.799979 0.824618 0.872162
0.901170 0.910221 0.914539 0.916190 0.917077 0.917839 0.920121 0.913205 0.897185 0.886979
0.863222 0.893211 0.892982 0.884843 0.887602 0.875631 0.845610 0.821608 0.823353 0.840550
0.855632 0.857645 0.856621 0.853695 0.850576 0.858038 0.881111 0.892287 0.885266 0.881800
0.864663 0.909821 0.926593 0.930026 0.928700 0.909917 0.870478 0.819285 0.801154 0.801084
0.771792 0.713349 0.660498 0.633302 0.630979 0.691112 0.803998 0.860310 0.865368 0.870712
0.784583 0.869669 0.916179 0.930909 0.934344 0.928269 0.915210 0.896666 0.879529 0.860838
0.811503 0.700446 0.582852 0.532367 0.544027 0.658291 0.813516 0.845976 0.825975 0.840881
0.677197 0.764459 0.870799 0.910304 0.922004 0.922621 0.921439 0.919773 0.919094 0.916806
0.911092 0.899630 0.885832 0.874835 0.868674 0.873057 0.881569 0.849507 0.786323 0.807053
0.589619 0.598463 0.737769 0.830498 0.874388 0.892464 0.902010 0.907795 0.914455 0.918631
0.921511 0.923556 0.923698 0.921253 0.915355 0.907152 0.897921 0.865132 0.801713 0.804393
0.606874 0.551158 0.585168 0.647241 0.750009 0.825036 0.854304 0.854864 0.854757 0.859748
0.872766 0.889740 0.901642 0.907616 0.907683 0.905331 0.900266 0.880938 0.825961 0.812792
0.738331 0.745656 0.745078 0.725922 0.758746 0.806041 0.794263 0.724511 0.673498 0.690930
0.759359 0.825724 0.864007 0.884773 0.894787 0.898749 0.897680 0.881713 0.834999 0.827359
0.812465 0.851808 0.870547 0.869294 0.866180 0.855774 0.815741 0.718858 0.663702 0.703235
0.770284 0.808405 0.824192 0.837035 0.843688 0.844534 0.842350 0.824936 0.785111 0.810573
0.708991 0.687340 0.694674 0.695807 0.698476 0.698547 0.694305 0.690103 0.684469 0.677791
0.671153 0.658848 0.643962 0.644667 0.645516 0.636972 0.627129 0.604200 0.593958 0.725081
0.470015 0.344429 0.334319 0.334715 0.331369 0.316560 0.305093 0.301704 0.299338 0.291905
0.287144 0.285620 0.286319 0.299304 0.307850 0.297430 0.281291 0.271011 0.304680 0.559545
0.870840 0.874592 0.872664 0.869622 0.866122 0.864007 0.862770 0.862692 0.863214 0.862925
0.862934 0.864448 0.865953 0.867568 0.866824 0.863995 0.861953 0.861689 0.862618 0.879728
0.262495 0.341466 0.265324 0.276566 0.298624 0.304386 0.305039 0.284576 0.283636 0.306862
0.331277 0.353593 0.363716 0.351938 0.319647 0.330616 0.334352 0.308507 0.222892 0.385853
0.132456 0.243033 0.143153 0.116193 0.124803 0.137888 0.158069 0.171267 0.180856 0.191182
0.206240 0.211854 0.220466 0.212321 0.208841 0.206796 0.207542 0.169355 0.135113 0.457534
0.259578 0.483532 0.355611 0.305886 0.297221 0.318670 0.363236 0.391449 0.381004 0.348091
0.312546 0.285290 0.265401 0.245294 0.257425 0.330924 0.399603 0.382232 0.364831 0.696801
0.475982 0.715702 0.597774 0.545338 0.540726 0.613235 0.719464 0.787326 0.740872 0.616576
0.486084 0.416097 0.399270 0.389713 0.401948 0.476430 0.577044 0.575661 0.545516 0.821215
0.695320 0.891877 0.870563 0.843197 0.814335 0.853446 0.883276 0.877335 0.862989 0.795379
0.653916 0.558462 0.523655 0.517964 0.531932 0.594571 0.705117 0.732809 0.735373 0.895318
0.753558 0.932079 0.922343 0.897389 0.901705 0.883271 0.753901 0.667895 0.682855 0.725764
0.770071 0.753068 0.750572 0.739824 0.743116 0.765357 0.829586 0.859547 0.861662 0.933624
0.729943 0.905669 0.780808 0.696126 0.729277 0.683540 0.306867 0.088946 0.151658 0.389629
0.736079 0.846044 0.875934 0.872946 0.871110 0.873838 0.904287 0.914003 0.903291 0.949206
0.614820 0.774500 0.416428 0.396215 0.577781 0.487197 0.075279 0.017560 0.047759 0.278211
0.761540 0.894589 0.916480 0.905227 0.898665 0.905647 0.935664 0.944151 0.927296 0.954105
0.570970 0.716228 0.375205 0.387754 0.608124 0.595570 0.202035 0.136365 0.244640 0.575208
0.845887 0.917339 0.928382 0.906810 0.889052 0.897485 0.940140 0.957672 0.934302 0.953742
0.759596 0.884922 0.750836 0.698743 0.779279 0.735920 0.485998 0.439044 0.525090 0.709278
0.815819 0.854768 0.872100 0.855971 0.828196 0.851472 0.908136 0.936769 0.914848 0.952111
0.852891 0.965606 0.916927 0.881556 0.888037 0.840193 0.721737 0.678214 0.649434 0.575112
0.605523 0.689283 0.751988 0.742659 0.711454 0.751478 0.885258 0.933287 0.921024 0.957478
0.627865 0.948609 0.955597 0.941503 0.934441 0.910148 0.871457 0.836254 0.774993 0.695363
0.658898 0.671225 0.682010 0.674444 0.642078 0.740355 0.894236 0.932875 0.911262 0.947692
0.309236 0.787009 0.953048 0.977226 0.976092 0.961780 0.941326 0.916805 0.898136 0.874770
0.860673 0.862244 0.864379 0.846943 0.819986 0.862973 0.927523 0.930406 0.884450 0.929751
0.311499 0.653180 0.792042 0.969974 0.983426 0.975639 0.960020 0.960060 0.972575 0.977409
0.974060 0.966150 0.952960 0.935603 0.927858 0.943509 0.960022 0.942415 0.891391 0.922988
0.308205 0.486812 0.382369 0.616454 0.910455 0.953085 0.956475 0.966852 0.976856 0.981235
0.983204 0.981728 0.975497 0.969499 0.971322 0.975904 0.977772 0.967328 0.919080 0.914079
0.449638 0.551132 0.351830 0.319896 0.515407 0.785406 0.802919 0.622565 0.447233 0.408867
0.575033 0.820247 0.946632 0.972912 0.978330 0.977282 0.977138 0.964893 0.883771 0.877245
0.676004 0.841146 0.727682 0.587288 0.607303 0.641395 0.538385 0.256540 0.188268 0.240534
0.366800 0.486949 0.602719 0.746731 0.787262 0.838969 0.901351 0.907024 0.829067 0.896547
0.724618 0.884966 0.833826 0.708897 0.601418 0.505011 0.335122 0.204700 0.169420 0.219338
0.275876 0.304577 0.283232 0.331946 0.476809 0.573423 0.662571 0.729524 0.722315 0.904283
0.334272 0.443892 0.299034 0.250568 0.219164 0.138563 0.090625 0.066283 0.055609 0.054904
0.054133 0.045166 0.040842 0.049958 0.081710 0.118128 0.153848 0.173879 0.216637 0.775180
0.450818 0.525509 0.398808 0.300456 0.223987 0.175115 0.144191 0.137103 0.137090 0.125776
0.107506 0.088588 0.081251 0.093336 0.127928 0.194405 0.259222 0.276740 0.359333 0.758636
0.077089 0.170821 0.274173 0.239557 0.186224 0.214424 0.267824 0.280752 0.267858 0.266818
0.259542 0.233175 0.210319 0.200651 0.221448 0.287400 0.363289 0.340838 0.293051 0.378440
0.089917 0.395976 0.595348 0.527512 0.419516 0.463566 0.561922 0.596375 0.543905 0.423888
0.300560 0.230804 0.198592 0.176054 0.209517 0.363157 0.606483 0.640497 0.537028 0.520691
0.289872 0.890620 0.937928 0.915117 0.861947 0.801578 0.763669 0.730530 0.667024 0.542484
0.407890 0.390249 0.434700 0.386296 0.421812 0.652836 0.880131 0.893512 0.826530 0.684803
0.498311 0.925704 0.933795 0.913657 0.895125 0.847138 0.782224 0.730682 0.712618 0.697064
0.677028 0.721473 0.835683 0.868412 0.856386 0.910322 0.945106 0.941299 0.889837 0.700060
0.382875 0.789100 0.761576 0.721030 0.759632 0.748346 0.518937 0.293616 0.412556 0.658387
0.765859 0.822011 0.917495 0.958546 0.961015 0.970193 0.971231 0.960657 0.915213 0.712491
0.261277 0.630475 0.497112 0.382832 0.477088 0.536909 0.133596 0.019376 0.076226 0.494046
0.783200 0.864347 0.924641 0.952286 0.956523 0.962243 0.959324 0.953925 0.915964 0.702715
0.208659 0.533870 0.247192 0.131026 0.253986 0.508654 0.197798 0.023441 0.080001 0.467505
0.788674 0.857674 0.879796 0.882390 0.861396 0.867861 0.882073 0.905097 0.867677 0.630383
0.200412 0.568670 0.219056 0.113305 0.225746 0.613128 0.486722 0.117429 0.180235 0.463796
0.690133 0.713985 0.730163 0.700882 0.616169 0.597439 0.685289 0.815952 0.809538 0.566500
0.458263 0.926404 0.861684 0.791653 0.813412 0.843273 0.663250 0.414600 0.395638 0.444056
0.477944 0.427678 0.402396 0.364889 0.306946 0.330355 0.517274 0.775392 0.791044 0.548416
0.575727 0.954091 0.972587 0.980962 0.975671 0.942693 0.788111 0.560897 0.445777 0.379767
0.317140 0.223290 0.171718 0.144705 0.123424 0.142281 0.368354 0.718925 0.726232 0.507745
0.244273 0.793105 0.887192 0.937378 0.957332 0.953184 0.923010 0.836448 0.757726 0.684507
0.488907 0.264654 0.141451 0.093742 0.083303 0.125776 0.448860 0.740362 0.617449 0.416814
0.039264 0.356792 0.641446 0.768002 0.840544 0.886867 0.922032 0.933712 0.933768 0.931719
0.919613 0.865265 0.798482 0.753732 0.706471 0.695839 0.850370 0.788775 0.486301 0.314678
0.023742 0.146878 0.440429 0.589550 0.683296 0.764830 0.813769 0.834621 0.844099 0.857770
0.894117 0.928060 0.945291 0.945640 0.925206 0.887149 0.863433 0.778200 0.482267 0.312172
0.042166 0.151663 0.236277 0.337263 0.560621 0.691941 0.725062 0.711369 0.695893 0.688724
0.719280 0.768841 0.802483 0.832265 0.833925 0.823514 0.829440 0.783754 0.561100 0.298574
0.077453 0.265203 0.248821 0.220991 0.393875 0.605633 0.585826 0.429444 0.331565 0.313123
0.395917 0.529417 0.616696 0.691465 0.717978 0.723817 0.729130 0.670537 0.426452 0.207496
0.113183 0.396667 0.365818 0.312826 0.356610 0.434335 0.378385 0.209790 0.134913 0.137130
0.200070 0.306542 0.385357 0.449672 0.442080 0.413067 0.405540 0.359518 0.211038 0.128407
0.090559 0.264089 0.223633 0.203812 0.207248 0.210408 0.201990 0.135587 0.109438 0.125881
0.149516 0.160668 0.152379 0.171122 0.169806 0.157034 0.156215 0.138596 0.084620 0.083536
0.024227 0.051556 0.036778 0.032431 0.029546 0.027182 0.025049 0.022436 0.019864 0.017509
0.017112 0.017135 0.016554 0.021782 0.028434 0.030264 0.029335 0.025219 0.020886 0.053763
0.053366 0.142466 0.119021 0.113979 0.109818 0.094397 0.079290 0.070625 0.067392 0.064538
0.062787 0.056979 0.052494 0.065582 0.091253 0.120506 0.125286 0.104654 0.081047 0.114268
0.448187 0.696955 0.661021 0.646375 0.651299 0.654395 0.653292 0.650259 0.651193 0.646336
0.637787 0.632347 0.628437 0.632543 0.648889 0.687105 0.714256 0.715290 0.688807 0.546037
0.925207 0.786904 0.641611 0.594397 0.566676 0.578227 0.591590 0.587914 0.575027 0.578901
0.587024 0.584261 0.582944 0.575010 0.578852 0.586001 0.616650 0.677674 0.709702 0.769123
0.939050 0.728464 0.531302 0.493750 0.445447 0.464481 0.485736 0.481990 0.469443 0.476893
0.474359 0.461558 0.458596 0.443888 0.436208 0.454566 0.513802 0.612627 0.657711 0.764902
0.935694 0.716268 0.531532 0.480604 0.423501 0.458695 0.488862 0.479462 0.469414 0.465070
0.439128 0.426630 0.432672 0.421467 0.403325 0.420142 0.518437 0.640457 0.685606 0.789722
0.936906 0.732708 0.571528 0.508585 0.444945 0.515869 0.566119 0.544623 0.521362 0.494291
0.449168 0.445974 0.462145 0.453727 0.429896 0.447294 0.590423 0.704792 0.722127 0.806307
0.938763 0.747290 0.637654 0.563943 0.493014 0.608922 0.699702 0.674687 0.588735 0.529965
0.495730 0.493088 0.514257 0.507763 0.464797 0.485597 0.662148 0.751839 0.734799 0.810805
0.939343 0.769394 0.721775 0.620191 0.528293 0.681329 0.822948 0.795243 0.609630 0.520769
0.523912 0.534579 0.558985 0.559136 0.478145 0.486954 0.661144 0.750906 0.741550 0.815350
0.939385 0.793553 0.791956 0.648678 0.515713 0.697868 0.878243 0.869185 0.625541 0.495764
0.526256 0.549806 0.579852 0.598099 0.481750 0.456880 0.625848 0.738231 0.745772 0.822348
0.938875 0.804461 0.814426 0.632388 0.485629 0.658272 0.849461 0.855388 0.634978 0.505776
0.523511 0.541122 0.573041 0.593017 0.474376 0.432365 0.587605 0.716797 0.745471 0.824489
0.938521 0.802922 0.785130 0.614878 0.494467 0.612940 0.747584 0.732429 0.590443 0.500151
0.496642 0.506986 0.534503 0.549159 0.453211 0.414274 0.552875 0.688951 0.736235 0.818394
0.938871 0.792884 0.703247 0.562352 0.510231 0.587585 0.650190 0.612982 0.516505 0.455529
0.450546 0.466728 0.471794 0.480838 0.412032 0.384943 0.515494 0.663999 0.718099 0.804043
0.938282 0.767630 0.618905 0.493508 0.472672 0.552581 0.605478 0.580886 0.489122 0.429182
0.423383 0.436307 0.411750 0.410760 0.376732 0.370063 0.506647 0.656795 0.691013 0.781499
0.937742 0.729407 0.552015 0.465027 0.455303 0.521940 0.583771 0.579103 0.502267 0.443435
0.425005 0.433915 0.404488 0.398707 0.398416 0.415958 0.539509 0.664253 0.659111 0.752034
0.933926 0.701764 0.515952 0.459725 0.450140 0.505770 0.557431 0.556277 0.505516 0.458888
0.436694 0.445786 0.425121 0.428010 0.451062 0.479467 0.553843 0.644621 0.644569 0.745448
0.930333 0.697002 0.496409 0.434324 0.436968 0.500420 0.533322 0.538669 0.508661 0.481033
0.461071 0.466314 0.447001 0.447185 0.464635 0.482585 0.534943 0.619239 0.671375 0.783221
0.929889 0.712290 0.494273 0.410532 0.430445 0.502073 0.530372 0.543849 0.521388 0.490008
0.464973 0.469892 0.461928 0.462497 0.471928 0.482377 0.535380 0.624999 0.718766 0.831615
0.932501 0.733096 0.506637 0.423924 0.462469 0.517041 0.547861 0.553381 0.522796 0.478711
0.450655 0.455927 0.461080 0.463871 0.461928 0.468728 0.526682 0.635835 0.745041 0.853391
0.936929 0.753832 0.516639 0.430280 0.461803 0.505148 0.535799 0.547983 0.512772 0.477796
0.451750 0.452121 0.457075 0.445900 0.431048 0.430544 0.488150 0.599157 0.728439 0.846164
0.939709 0.753362 0.504077 0.398122 0.396031 0.425389 0.456024 0.461387 0.454742 0.437740
0.410307 0.406951 0.422954 0.412976 0.393036 0.384677 0.431228 0.536583 0.659422 0.812699
0.934531 0.747011 0.510138 0.402808 0.384845 0.410120 0.437766 0.442331 0.444782 0.427001
0.400775 0.402801 0.423143 0.421545 0.407153 0.399890 0.440427 0.518711 0.613191 0.772890
0.877347 0.763896 0.635719 0.565875 0.543449 0.555316 0.579003 0.588663 0.588601 0.574267
0.555048 0.556415 0.576104 0.578819 0.565223 0.559683 0.592532 0.645330 0.693422 0.786419
0.258261 0.197500 0.392123 0.666311 0.797022 0.844796 0.856458 0.849805 0.845792 0.865216
0.880816 0.883451 0.880861 0.862856 0.820222 0.813334 0.829998 0.765155 0.541074 0.360880
0.179433 0.158049 0.328906 0.578512 0.757866 0.839254 0.866544 0.858386 0.854305 0.877053
0.893174 0.898508 0.903386 0.888294 0.848530 0.842189 0.875002 0.839649 0.527118 0.355744
0.183158 0.161006 0.315526 0.583031 0.745927 0.842859 0.876006 0.854931 0.845041 0.865127
0.873460 0.884238 0.899738 0.883474 0.819306 0.811795 0.881414 0.858395 0.413362 0.275746
0.194222 0.175163 0.346173 0.600920 0.719471 0.839378 0.870398 0.796553 0.776273 0.810206
0.830956 0.863177 0.885572 0.863279 0.747050 0.734734 0.848597 0.814965 0.338476 0.232022
0.213878 0.221092 0.422561 0.565793 0.625292 0.826092 0.839910 0.600265 0.552406 0.684427
0.775727 0.855146 0.886242 0.860393 0.696931 0.677941 0.795963 0.756587 0.344124 0.228363
0.230441 0.278601 0.487590 0.419471 0.466827 0.803836 0.733877 0.282134 0.270930 0.532961
0.729070 0.849142 0.899213 0.873751 0.653978 0.646293 0.805921 0.791749 0.378857 0.228145
0.239590 0.318927 0.445302 0.259455 0.367435 0.789338 0.660207 0.136744 0.163333 0.460553
0.718066 0.849182 0.911734 0.885678 0.606790 0.620692 0.807429 0.829088 0.430083 0.225097
0.236349 0.316757 0.348235 0.214745 0.309067 0.775679 0.728228 0.224520 0.247414 0.530536
0.755553 0.867935 0.921921 0.907783 0.629948 0.614300 0.802470 0.861156 0.485993 0.231346
0.231230 0.296051 0.341294 0.269700 0.335344 0.789555 0.836723 0.615217 0.544084 0.680476
0.814948 0.890472 0.926591 0.913524 0.693457 0.628615 0.799814 0.881805 0.535558 0.239897
0.235186 0.261894 0.380720 0.459357 0.548685 0.843265 0.903609 0.823403 0.721637 0.748107
0.839345 0.899421 0.917723 0.895682 0.739132 0.654049 0.806813 0.891460 0.554136 0.247117
0.236452 0.237207 0.359817 0.598306 0.769572 0.885823 0.926897 0.881114 0.772227 0.770381
0.842003 0.894457 0.891662 0.860852 0.743752 0.653095 0.795667 0.883019 0.526759 0.254996
0.212935 0.198666 0.326092 0.610015 0.806269 0.904939 0.941767 0.927776 0.854250 0.825305
0.874390 0.909096 0.889661 0.847653 0.771863 0.680144 0.795521 0.851158 0.474760 0.271661
0.192538 0.176818 0.305105 0.597539 0.802421 0.911281 0.951371 0.954930 0.923774 0.896170
0.909903 0.928869 0.920151 0.884327 0.855260 0.808389 0.856283 0.839707 0.448591 0.275554
0.192767 0.165330 0.276751 0.584727 0.794133 0.905346 0.948907 0.958849 0.948528 0.925330
0.923245 0.933924 0.938131 0.930559 0.930066 0.917400 0.908128 0.849703 0.456126 0.244507
0.206862 0.168261 0.264042 0.578371 0.780272 0.886425 0.931927 0.942243 0.927435 0.893672
0.897425 0.916895 0.933363 0.941217 0.947110 0.941885 0.925519 0.846455 0.469921 0.191129
0.222205 0.195935 0.289207 0.613570 0.783362 0.861410 0.894918 0.892740 0.843519 0.804238
0.846861 0.892832 0.919488 0.935450 0.947561 0.948776 0.941085 0.835055 0.473451 0.162175
0.241823 0.215647 0.300742 0.621852 0.798851 0.865219 0.884840 0.853433 0.811187 0.792853
0.843368 0.891096 0.911593 0.925908 0.944559 0.953869 0.952755 0.855657 0.475189 0.162349
0.249394 0.221824 0.289078 0.597400 0.788123 0.871930 0.888994 0.870428 0.851304 0.846036
0.864740 0.892340 0.903132 0.916616 0.939139 0.952906 0.954694 0.851645 0.474898 0.189814
0.249932 0.237809 0.296571 0.589661 0.769267 0.858951 0.880991 0.870703 0.859918 0.851623
0.856946 0.875319 0.889617 0.901337 0.918613 0.934904 0.934144 0.809772 0.471363 0.283550
0.253186 0.266908 0.308385 0.487626 0.606488 0.681426 0.689952 0.665543 0.657889 0.645515
0.656830 0.680444 0.696271 0.715943 0.741130 0.765765 0.757513 0.584002 0.387072 0.309843
0.560733 0.514529 0.451237 0.423349 0.407910 0.405373 0.413477 0.425509 0.427325 0.421572
0.409093 0.392975 0.381708 0.387623 0.420596 0.455287 0.479344 0.524437 0.579770 0.563593
0.631372 0.552295 0.473607 0.443335 0.418518 0.403526 0.405228 0.418683 0.412212 0.380724
0.341028 0.313061 0.307144 0.318773 0.355324 0.406591 0.456383 0.520250 0.578676 0.556049
0.694257 0.638459 0.561311 0.527527 0.495970 0.461574 0.432606 0.425601 0.413775 0.391127
0.375198 0.378219 0.402827 0.428074 0.450025 0.469402 0.502489 0.554393 0.590222 0.558175
0.663153 0.610728 0.541218 0.510853 0.485382 0.460276 0.421526 0.400094 0.400631 0.420118
0.453829 0.488524 0.520872 0.546286 0.554938 0.537387 0.529202 0.538935 0.554881 0.538292
0.575604 0.498666 0.446259 0.426441 0.422800 0.428078 0.417240 0.410493 0.412770 0.445391
0.492148 0.526411 0.545185 0.552310 0.552810 0.548750 0.551407 0.536739 0.526387 0.518428
0.514220 0.408698 0.356806 0.342434 0.366784 0.420270 0.468469 0.501067 0.490287 0.491967
0.512165 0.517219 0.515904 0.506164 0.496910 0.511273 0.544200 0.534727 0.519042 0.512647
0.513346 0.394178 0.344455 0.331411 0.378459 0.525173 0.738223 0.850814 0.807764 0.678698
0.571809 0.501823 0.466058 0.442417 0.426481 0.451714 0.500000 0.502960 0.493524 0.498121
0.563553 0.480982 0.469169 0.467013 0.506827 0.665568 0.881283 0.959860 0.939389 0.802706
0.581857 0.457311 0.403793 0.373038 0.351918 0.380854 0.437202 0.458853 0.464527 0.483916
0.612470 0.608664 0.698034 0.739885 0.712693 0.692470 0.769714 0.849444 0.810307 0.647891
0.472545 0.377699 0.331062 0.303637 0.288518 0.321765 0.383071 0.420523 0.446014 0.478464
0.618105 0.626298 0.695200 0.747999 0.722956 0.651464 0.617981 0.614686 0.572997 0.497870
0.414468 0.351130 0.306092 0.284432 0.282968 0.323593 0.383738 0.419767 0.451449 0.483087
0.556870 0.508101 0.527666 0.566959 0.578733 0.581674 0.592185 0.607709 0.580502 0.535505
0.496291 0.456346 0.422312 0.409970 0.420209 0.451487 0.461735 0.449466 0.460560 0.484292
0.567419 0.457358 0.427452 0.450861 0.473897 0.499641 0.532984 0.573665 0.592202 0.601445
0.634956 0.694889 0.735662 0.748799 0.751073 0.720731 0.610811 0.519387 0.498339 0.504095
0.647153 0.523755 0.413158 0.389354 0.390641 0.403517 0.425045 0.458506 0.492518 0.533159
0.593841 0.674429 0.734540 0.760468 0.756625 0.703312 0.599012 0.547537 0.569240 0.563917
0.745095 0.679726 0.527766 0.428957 0.392501 0.384454 0.378232 0.378661 0.379343 0.391472
0.414706 0.448266 0.477887 0.502819 0.518499 0.510452 0.497357 0.540391 0.617681 0.623594
0.801997 0.805015 0.724354 0.617509 0.517703 0.445849 0.399497 0.376083 0.355375 0.350411
0.356866 0.367865 0.378704 0.394325 0.411610 0.423126 0.438794 0.492167 0.590366 0.626114
0.771996 0.796245 0.790954 0.772026 0.699099 0.573689 0.489973 0.484845 0.489038 0.482498
0.454824 0.412994 0.383419 0.371961 0.369274 0.368879 0.378772 0.425780 0.534816 0.592793
0.639027 0.578429 0.551252 0.554479 0.531116 0.499096 0.528125 0.640177 0.701519 0.671177
0.581156 0.488687 0.427790 0.388036 0.356966 0.337505 0.338780 0.381475 0.485207 0.542350
0.573904 0.480146 0.442540 0.433128 0.426583 0.429383 0.472580 0.538545 0.578334 0.559013
0.511920 0.479555 0.471484 0.458110 0.435004 0.420361 0.426892 0.469358 0.552792 0.569151
0.750910 0.752823 0.741360 0.733397 0.721645 0.723743 0.736710 0.750953 0.758960 0.761241
0.758893 0.764152 0.774616 0.770506 0.758324 0.757492 0.767448 0.787624 0.803867 0.727406
0.786842 0.849999 0.852718 0.854095 0.856097 0.861231 0.866376 0.868759 0.869621 0.870350
0.870376 0.870109 0.870051 0.865770 0.862329 0.865625 0.870673 0.875991 0.870477 0.774234
0.370475 0.612130 0.854472 0.899118 0.913059 0.914917 0.916564 0.919604 0.915993 0.921734
0.922809 0.904689 0.838663 0.759067 0.774328 0.748130 0.648560 0.382238 0.341837 0.387827
0.256337 0.501640 0.888360 0.933497 0.941987 0.940584 0.944973 0.951517 0.950438 0.955580
0.954333 0.934755 0.857035 0.752101 0.774045 0.752979 0.643903 0.270469 0.245713 0.328589
0.245344 0.472814 0.868027 0.922062 0.936341 0.930839 0.935060 0.949658 0.954956 0.958918
0.955759 0.934860 0.853275 0.725459 0.700805 0.690854 0.672689 0.269011 0.239756 0.328710
0.259124 0.477178 0.799447 0.872186 0.917106 0.893519 0.861105 0.881676 0.927645 0.943088
0.945577 0.926339 0.847533 0.692892 0.552030 0.528360 0.667538 0.280912 0.236712 0.320600
0.300544 0.510933 0.667033 0.709834 0.889632 0.813643 0.623184 0.588860 0.805967 0.910393
0.934023 0.921788 0.849199 0.674423 0.430246 0.415384 0.626625 0.299535 0.239473 0.314489
0.396895 0.605494 0.502510 0.476317 0.877772 0.698344 0.333909 0.327475 0.516845 0.828708
0.929822 0.928928 0.854013 0.657005 0.371748 0.369114 0.629583 0.311626 0.240745 0.310737
0.535878 0.689893 0.380144 0.334929 0.875173 0.655788 0.244651 0.271553 0.383439 0.680057
0.930866 0.936982 0.856693 0.645279 0.338605 0.351001 0.660955 0.320898 0.239236 0.308891
0.628890 0.714347 0.331352 0.292774 0.855905 0.739089 0.359067 0.343246 0.442923 0.693702
0.937791 0.940028 0.852274 0.634223 0.309813 0.330906 0.663107 0.327775 0.238572 0.308146
0.632723 0.732480 0.360307 0.323347 0.867659 0.887082 0.712489 0.627018 0.685179 0.830567
0.948713 0.941967 0.849799 0.625674 0.286843 0.313308 0.634926 0.332053 0.239210 0.308640
0.564300 0.763548 0.486718 0.497351 0.941672 0.953163 0.912618 0.863104 0.854455 0.917751
0.958366 0.942935 0.849764 0.624456 0.277086 0.302019 0.611335 0.326663 0.237449 0.309977
0.448609 0.745195 0.665160 0.773544 0.974644 0.976187 0.959809 0.933741 0.927938 0.956867
0.965304 0.943807 0.851863 0.634560 0.293963 0.312802 0.633445 0.314339 0.235855 0.314161
0.316885 0.595589 0.759031 0.909555 0.982238 0.983451 0.975009 0.962337 0.960863 0.971605
0.970986 0.947571 0.860667 0.665544 0.379504 0.385013 0.672071 0.297511 0.232907 0.317713
0.254390 0.442301 0.748459 0.936580 0.983075 0.984923 0.980671 0.973065 0.971973 0.975990
0.973515 0.957742 0.900342 0.783277 0.641184 0.607389 0.694912 0.284905 0.227566 0.315038
0.268827 0.427013 0.710030 0.909052 0.979408 0.982515 0.979168 0.971194 0.967901 0.970753
0.971596 0.966694 0.939033 0.901479 0.859321 0.813721 0.690857 0.271988 0.219339 0.305048
0.344962 0.570662 0.732259 0.851292 0.966999 0.974929 0.971408 0.958259 0.948975 0.952479
0.960272 0.963033 0.948863 0.939490 0.919052 0.867467 0.679516 0.260343 0.209442 0.292457
0.445817 0.777850 0.806855 0.846438 0.952855 0.962956 0.955164 0.930564 0.909316 0.914391
0.933236 0.943685 0.942832 0.947885 0.929302 0.867688 0.665623 0.245921 0.201044 0.283179
0.556167 0.874047 0.893785 0.913810 0.949742 0.951885 0.940559 0.910040 0.894449 0.901863
0.908482 0.913515 0.930377 0.949865 0.932145 0.858393 0.646708 0.235530 0.201743 0.283154
0.670781 0.905918 0.935953 0.945945 0.950356 0.947279 0.940768 0.929054 0.926830 0.925964
0.913017 0.904178 0.928217 0.955091 0.939030 0.853501 0.637673 0.236557 0.210176 0.292116
0.735518 0.909715 0.943843 0.948836 0.938515 0.929229 0.929439 0.935446 0.941988 0.931972
0.908752 0.901688 0.931087 0.955535 0.939427 0.844589 0.623814 0.260266 0.230383 0.296378
0.680902 0.817011 0.867361 0.868571 0.837425 0.814165 0.818990 0.841889 0.857657 0.841025
0.806084 0.804203 0.849136 0.875387 0.844335 0.725911 0.545934 0.330405 0.301799 0.347179
0.392522 0.424310 0.678193 0.782440 0.822824 0.831298 0.827619 0.824443 0.832093 0.841305
0.842415 0.841256 0.834784 0.822239 0.813245 0.814979 0.804516 0.750203 0.672939 0.583790
0.314608 0.367498 0.687151 0.810537 0.861396 0.873490 0.868745 0.863094 0.870773 0.879369
0.881798 0.884522 0.880150 0.866619 0.857493 0.861407 0.853922 0.784569 0.675315 0.576656
0.310639 0.364830 0.685851 0.806540 0.862251 0.877062 0.867212 0.858127 0.866456 0.874646
0.880909 0.887531 0.882562 0.864507 0.853233 0.862577 0.856688 0.762035 0.634334 0.536638
0.311083 0.365855 0.673667 0.780246 0.839909 0.859825 0.830428 0.800434 0.819531 0.840831
0.862862 0.874997 0.866473 0.839516 0.823462 0.841678 0.823178 0.694140 0.583854 0.502147
0.315745 0.378154 0.651353 0.719782 0.797464 0.832719 0.743781 0.644377 0.708162 0.790480
0.838360 0.861095 0.850349 0.812112 0.790604 0.821488 0.787791 0.643604 0.564312 0.487852
0.326260 0.396524 0.604028 0.614217 0.746466 0.805864 0.617408 0.417011 0.575778 0.758149
0.825616 0.852799 0.844352 0.787573 0.760683 0.811666 0.787384 0.649979 0.567137 0.479494
0.337195 0.404913 0.529168 0.517495 0.714377 0.796480 0.541251 0.290077 0.507324 0.756277
0.828072 0.855207 0.849229 0.773481 0.742884 0.812738 0.807933 0.686063 0.581906 0.470547
0.340929 0.401231 0.482487 0.490607 0.710678 0.805240 0.589199 0.356349 0.562594 0.780901
0.843333 0.866403 0.861965 0.786302 0.749455 0.818246 0.825352 0.725608 0.604711 0.468332
0.339109 0.391728 0.507018 0.546173 0.734818 0.825948 0.723539 0.591125 0.693846 0.817368
0.863712 0.880327 0.872790 0.813361 0.775805 0.828256 0.838367 0.758172 0.627549 0.478611
0.334224 0.375926 0.577906 0.665783 0.790404 0.852323 0.816271 0.747893 0.773372 0.840092
0.878525 0.887985 0.876236 0.836527 0.805627 0.839105 0.848154 0.776461 0.641319 0.498343
0.328016 0.369112 0.636695 0.765701 0.844028 0.877121 0.858268 0.801899 0.799960 0.848903
0.883965 0.888958 0.875997 0.854087 0.830520 0.846265 0.851544 0.776571 0.646519 0.528366
0.317882 0.365766 0.662308 0.802935 0.870355 0.895108 0.883409 0.834599 0.820265 0.856684
0.888268 0.889362 0.874342 0.861778 0.843347 0.844546 0.845590 0.764169 0.651763 0.563695
0.317565 0.376486 0.679618 0.815720 0.880815 0.906282 0.902556 0.869272 0.851061 0.869595
0.891320 0.893526 0.881678 0.874602 0.860675 0.853508 0.847229 0.767323 0.658666 0.575641
0.324313 0.381887 0.690676 0.824696 0.885663 0.907809 0.908943 0.889447 0.871779 0.874323
0.889539 0.896136 0.893831 0.893230 0.885871 0.874489 0.855899 0.778092 0.656772 0.539078
0.329207 0.381911 0.693724 0.830822 0.881344 0.897331 0.898309 0.880136 0.860213 0.861119
0.880441 0.894375 0.899471 0.901807 0.897194 0.886888 0.858429 0.778777 0.635833 0.469938
0.333311 0.382745 0.688956 0.829458 0.869250 0.877518 0.871877 0.847546 0.829227 0.842969
0.872816 0.892233 0.900086 0.904651 0.904371 0.897681 0.865209 0.776286 0.618734 0.423209
0.340287 0.380015 0.680268 0.828029 0.867978 0.874016 0.860569 0.833809 0.827595 0.848700
0.876715 0.892535 0.897524 0.903967 0.910644 0.909964 0.878842 0.789540 0.631115 0.431101
0.344016 0.380386 0.679844 0.833958 0.880877 0.890960 0.880526 0.864066 0.863316 0.874256
0.891074 0.900791 0.902406 0.909842 0.918939 0.919090 0.890258 0.809473 0.678339 0.497085
0.367053 0.406247 0.680668 0.830434 0.880231 0.893394 0.885511 0.874480 0.872747 0.878232
0.888960 0.896766 0.897556 0.902614 0.910919 0.910665 0.880287 0.804573 0.712482 0.578657
0.447615 0.475862 0.643287 0.747570 0.790449 0.803877 0.794768 0.784677 0.782052 0.786092
0.797920 0.806276 0.808129 0.812900 0.820977 0.816895 0.780858 0.720174 0.668432 0.602506
0.454243 0.565862 0.612037 0.581274 0.540668 0.564030 0.598055 0.599666 0.598112 0.625951
0.655538 0.657047 0.636600 0.620852 0.632812 0.658065 0.677460 0.636463 0.637850 0.715437
0.494091 0.658005 0.753128 0.729251 0.678748 0.710269 0.769372 0.791938 0.777395 0.733877
0.665856 0.594898 0.537892 0.512536 0.570175 0.683866 0.775121 0.758231 0.770706 0.822870
0.715632 0.897957 0.935866 0.926575 0.895421 0.870985 0.866533 0.862397 0.836225 0.764957
0.668671 0.629333 0.620258 0.576005 0.613956 0.791898 0.897188 0.900680 0.896309 0.878357
0.869789 0.947769 0.958311 0.952131 0.936705 0.907744 0.874973 0.854800 0.844531 0.821969
0.790397 0.810113 0.857365 0.869908 0.871051 0.915059 0.940537 0.942132 0.930584 0.889179
0.856492 0.917401 0.922302 0.916577 0.904546 0.864282 0.773618 0.684188 0.731518 0.813505
0.857424 0.887119 0.929295 0.950051 0.956159 0.962026 0.963842 0.957312 0.940061 0.891392
0.793814 0.839843 0.814932 0.796424 0.801036 0.705034 0.355825 0.162725 0.289132 0.677571
0.856494 0.910828 0.942939 0.957087 0.961787 0.965231 0.965105 0.959426 0.943406 0.892197
0.723923 0.724526 0.599095 0.518207 0.608687 0.611205 0.197018 0.035730 0.093716 0.582494
0.875905 0.919226 0.932221 0.937510 0.937851 0.941458 0.945047 0.943423 0.928782 0.876306
0.686875 0.662560 0.437209 0.331626 0.482045 0.703687 0.628977 0.244839 0.323115 0.732118
0.891541 0.893365 0.893457 0.891318 0.881357 0.881609 0.898401 0.912730 0.905314 0.853811
0.814984 0.890582 0.807788 0.747832 0.816789 0.867132 0.862808 0.794185 0.753824 0.787466
0.795468 0.780553 0.764638 0.748644 0.729525 0.746433 0.815565 0.873222 0.882133 0.837759
0.880298 0.954659 0.973132 0.976999 0.969449 0.937131 0.861654 0.754143 0.679302 0.659201
0.632838 0.563075 0.495123 0.450557 0.431645 0.487012 0.677273 0.824015 0.855586 0.821496
0.781221 0.906280 0.946248 0.963461 0.965813 0.954725 0.927230 0.850573 0.803142 0.763712
0.635647 0.439280 0.285708 0.220051 0.214463 0.310664 0.620886 0.799774 0.805205 0.775820
0.426895 0.720113 0.867619 0.916580 0.933608 0.940136 0.944994 0.944583 0.938607 0.929872
0.904866 0.810499 0.674678 0.603538 0.585788 0.689990 0.863902 0.835986 0.732402 0.699460
0.276981 0.431493 0.705783 0.808825 0.845344 0.869819 0.893516 0.911287 0.924772 0.935255
0.948886 0.960950 0.964818 0.961914 0.951836 0.932927 0.906833 0.846185 0.713364 0.683010
0.287414 0.297188 0.442544 0.593729 0.701385 0.777591 0.813376 0.824631 0.832716 0.843030
0.865428 0.891822 0.908635 0.917417 0.914614 0.901954 0.890543 0.861866 0.782998 0.715120
0.401945 0.389082 0.351340 0.368626 0.523695 0.669636 0.692985 0.624827 0.569074 0.566598
0.639288 0.729901 0.789091 0.828313 0.845293 0.851193 0.851787 0.831023 0.756986 0.690922
0.598411 0.695077 0.669974 0.621828 0.623819 0.674356 0.577230 0.372235 0.261465 0.278850
0.403435 0.553318 0.643235 0.703339 0.728204 0.733058 0.734743 0.704430 0.652214 0.661723
0.612788 0.677113 0.668505 0.660993 0.641106 0.611866 0.575112 0.390158 0.334474 0.405818
0.495734 0.508016 0.493342 0.506620 0.497822 0.468190 0.450031 0.423322 0.413867 0.555535
0.306454 0.228472 0.188712 0.177597 0.166347 0.162021 0.169070 0.186468 0.181286 0.160471
0.144126 0.133415 0.124175 0.135770 0.149149 0.144611 0.133366 0.119739 0.149846 0.377545
0.175875 0.132631 0.116207 0.115651 0.105119 0.085071 0.074732 0.072788 0.071793 0.067895
0.064408 0.062992 0.064644 0.077000 0.096315 0.102995 0.092290 0.081932 0.104289 0.299708
0.916563 0.947990 0.947863 0.946137 0.945789 0.946761 0.946931 0.946834 0.947571 0.947905
0.946967 0.945300 0.944479 0.944735 0.947003 0.950370 0.950197 0.946056 0.942899 0.908993

