0.266530 -1.080625 -0.652792 -0.787237 -0.987310 -1.058981 -1.103548 -1.131354 -1.211240 -1.289308
-1.308713 -1.307609 -1.188485 -1.087976 -1.023831 -0.963493 -0.846151 -0.711613 -0.577386 -0.101429
-0.438146 -1.576542 -1.010135 -0.913669 -1.024818 -1.043608 -1.013360 -0.953952 -0.914356 -0.870569
-0.843807 -0.779267 -0.630314 -0.492806 -0.586570 -0.653847 -0.660317 -0.758850 -0.948723 -0.882271
-0.663810 -1.660046 -1.188875 -1.019527 -1.018619 -1.000347 -0.894619 -0.817815 -0.841262 -0.921604
-1.005482 -1.112584 -1.142857 -1.117273 -1.162526 -1.102462 -0.805943 -0.856983 -1.342112 -1.142636
-0.676988 -1.632676 -1.120762 -0.945202 -0.888779 -0.563609 -0.050077 0.274256 0.185368 -0.245583
-0.645381 -0.828680 -0.965703 -1.049956 -1.178724 -1.120944 -0.712328 -0.865029 -1.405167 -1.096282
-0.661855 -1.450602 -0.704027 -0.445627 -0.363345 0.232922 0.984787 1.281267 1.100432 0.507400
-0.128844 -0.442422 -0.635587 -0.765023 -0.961630 -0.987279 -0.478306 -0.707233 -1.258908 -0.994201
-0.648226 -1.378597 -0.572348 -0.492647 -0.321750 0.464246 1.519899 1.805583 1.418758 0.719185
-0.041839 -0.357036 -0.437051 -0.507316 -0.881462 -1.010881 -0.650198 -0.863541 -1.351536 -1.003165
-0.530581 -1.241965 -0.675501 -1.046365 -0.782715 0.074307 1.202143 1.541240 0.783403 0.077699
-0.363052 -0.482267 -0.568870 -0.688566 -1.179895 -1.275393 -0.841839 -0.925988 -1.339647 -0.978230
-0.602159 -1.435813 -1.148852 -1.647717 -1.227660 -0.650069 -0.594648 -0.769412 -1.068735 -0.974600
-0.813057 -0.750028 -0.770011 -0.914989 -1.402984 -1.476583 -0.942534 -0.897878 -1.263197 -0.976443
-0.471188 -1.263254 -1.035823 -1.388598 -1.140733 -0.671093 -0.906102 -1.417365 -1.392759 -1.173329
-0.979356 -0.842884 -0.711896 -0.788720 -1.179357 -1.295680 -0.793095 -0.735277 -1.138371 -0.968651
-0.185403 -1.003112 -0.895975 -1.118741 -1.097229 -0.827692 -1.003130 -1.218616 -1.250311 -1.154495
-1.004575 -0.933792 -0.813591 -0.816630 -1.034066 -1.134982 -0.731892 -0.696865 -1.108886 -0.976155
0.611047 -0.413826 -0.749996 -1.096827 -1.012234 -0.783673 -0.647026 -0.545074 -0.741653 -0.887715
-0.858975 -0.821588 -0.731157 -0.740898 -0.906886 -1.076694 -0.872725 -0.870936 -1.232809 -0.995233
1.034936 -0.185464 -0.332486 -0.789202 -0.787388 -0.749360 -0.549625 -0.445904 -0.602443 -0.673585
-0.630911 -0.545821 -0.477350 -0.484586 -0.620685 -0.860604 -0.829888 -0.895169 -1.255478 -0.984455
-0.101462 -1.009210 -0.504091 -0.632782 -0.661773 -0.742234 -0.647504 -0.491210 -0.452101 -0.422709
-0.396451 -0.342621 -0.303281 -0.345303 -0.510247 -0.819865 -0.764095 -0.849759 -1.087404 -0.885693
-0.237689 -0.839759 -0.165822 -0.124705 -0.294301 -0.498310 -0.419753 -0.150496 0.042775 0.091986
-0.019151 -0.180914 -0.286880 -0.370076 -0.449824 -0.614611 -0.521430 -0.627379 -0.745316 -0.633461
-0.354421 -1.235701 -0.607480 -0.180045 0.052431 0.097598 0.475504 1.021697 1.288052 1.200062
0.911163 0.529467 0.178179 -0.035948 -0.077754 -0.129601 -0.135047 -0.288177 -0.399870 -0.400106
-0.378781 -1.408534 -0.970864 -0.719633 -0.219982 -0.026366 0.525609 1.023862 1.020037 0.791259
0.584313 0.519037 0.259741 -0.130018 -0.394371 -0.441964 -0.323801 -0.473678 -0.719089 -0.828191
-0.265730 -1.082051 -0.567314 -0.440600 -0.097884 0.207263 0.578686 1.131206 0.958238 0.691521
0.642943 0.872997 1.002590 0.653419 0.143098 -0.083823 -0.122435 -0.428440 -0.866700 -1.039125
0.279613 -0.486603 -0.049598 0.024389 0.410854 0.854467 1.174328 1.293470 1.318165 1.359226
1.539832 1.717145 1.886619 1.709071 1.197046 0.898297 0.646192 0.238588 -0.367382 -0.775816
0.313642 -0.463317 0.064603 0.358360 0.747554 1.124441 1.173988 1.068148 0.984626 1.013766
1.133633 1.306167 1.404792 1.377752 1.063406 0.859845 0.690271 0.338506 -0.223414 -0.700871
0.040244 -0.111829 0.265561 0.475443 0.579645 0.641582 0.710572 0.727915 0.739966 0.753996
0.727255 0.690126 0.665170 0.684124 0.718847 0.845583 0.908935 0.758025 0.250724 -0.100006
-0.831589 -1.383247 -1.312263 -1.155580 -1.082646 -1.060196 -1.065409 -1.096684 -1.082490 -1.019282
-0.972388 -0.938855 -0.935392 -0.964387 -1.012923 -1.018559 -1.041961 -1.142284 -1.373778 -1.018854
-0.393528 -0.940443 -0.924005 -0.854539 -0.839799 -0.783263 -0.712963 -0.652668 -0.606429 -0.563567
-0.541528 -0.573254 -0.606223 -0.633192 -0.596990 -0.622825 -0.669608 -0.747306 -0.842017 -0.371504
0.864655 0.565703 0.694871 0.795792 0.743246 0.781355 0.828003 0.881081 0.887240 0.845939
0.748930 0.614004 0.464832 0.366570 0.429008 0.566089 0.643730 0.699182 0.711655 0.743746
1.704674 1.620027 1.831232 1.889823 1.796028 1.794663 1.767056 1.733553 1.743794 1.743833
1.691374 1.590345 1.457526 1.351250 1.368283 1.458279 1.559372 1.662308 1.744510 1.494120
1.997936 2.043275 2.317354 2.320216 2.264231 2.110435 1.716370 1.413126 1.480456 1.861664
2.193281 2.290808 2.242572 2.119401 2.091844 2.144000 2.228343 2.363460 2.458544 1.953179
1.947684 1.951145 2.037005 1.929346 1.952096 1.627340 0.770064 0.178735 0.318710 1.203624
2.231159 2.722355 2.830705 2.712601 2.644111 2.686917 2.762719 2.880861 2.891547 2.199600
1.763205 1.582975 1.402985 1.241770 1.421214 0.978557 -0.465731 -1.645450 -1.198116 0.472359
2.107214 2.959480 3.151485 3.011860 2.924932 3.010453 3.147932 3.271182 3.179308 2.329475
1.540898 1.278283 1.128663 1.176887 1.515436 1.040492 -0.670520 -1.893186 -1.208644 0.699024
2.314443 3.116615 3.273370 3.099872 3.008232 3.104954 3.326564 3.513620 3.332847 2.364081
1.660034 1.637584 1.879790 2.008483 2.266180 1.989244 0.989508 0.403939 0.709699 1.652011
2.517777 3.051547 3.205786 3.075133 2.989988 3.066433 3.294448 3.498036 3.306939 2.340725
1.902323 2.295176 2.872680 3.065482 3.161838 2.929579 2.390096 2.007293 1.915367 2.038396
2.377670 2.760187 2.953162 2.917290 2.874735 2.936826 3.180711 3.393173 3.220629 2.304920
1.734795 2.303015 3.304782 3.681473 3.759251 3.559982 3.113978 2.717300 2.419598 2.212370
2.306610 2.598617 2.759150 2.740717 2.683427 2.784760 3.143681 3.405685 3.160883 2.219104
0.779880 1.480071 3.102981 3.970046 4.153445 3.975296 3.545336 3.136496 2.919282 2.828608
2.846376 2.954914 2.976440 2.906465 2.854342 3.032708 3.376348 3.475283 3.014871 2.025544
0.239288 0.599000 2.253568 3.734429 4.220108 4.088062 3.657555 3.343890 3.352510 3.437875
3.477392 3.513080 3.495975 3.412387 3.391954 3.536477 3.689906 3.512608 2.880842 1.860530
0.659641 0.483368 1.268454 2.589803 3.411388 3.600197 3.368483 3.219265 3.349191 3.526243
3.629414 3.700447 3.713519 3.700158 3.743761 3.829346 3.832406 3.560061 2.883525 1.799689
1.012949 0.467829 0.469841 0.997468 1.891319 2.502180 2.553149 2.341600 2.224727 2.267176
2.475086 2.846360 3.226599 3.477531 3.593463 3.636548 3.655170 3.433557 2.740230 1.656026
1.394205 1.010705 0.886653 0.741714 0.932754 1.350719 1.166075 0.576437 0.101886 0.032133
0.425932 1.115837 1.858311 2.362491 2.521591 2.620224 2.828406 2.779133 2.231342 1.456455
1.701341 1.660334 1.752710 1.436112 1.152705 0.934644 0.431531 -0.322389 -0.520937 -0.259893
0.088984 0.364816 0.701962 1.147328 1.423723 1.628655 1.898883 2.061724 1.909581 1.554762
1.432475 1.341536 1.470082 1.284628 0.976414 0.610451 0.073784 -0.367067 -0.461838 -0.262338
-0.145084 -0.154524 -0.170800 0.127769 0.636349 0.911358 1.072901 1.245389 1.379773 1.431160
0.561599 0.201703 0.195933 0.145340 -0.131244 -0.574669 -0.899655 -1.069414 -1.140423 -1.198857
-1.323945 -1.491302 -1.532135 -1.279729 -0.768983 -0.361814 -0.125930 0.036566 0.350839 0.896682
0.900028 0.829637 0.838602 0.619712 0.207863 -0.116863 -0.288795 -0.326961 -0.329399 -0.403952
-0.528308 -0.646926 -0.673107 -0.499173 -0.131144 0.276286 0.552387 0.716271 1.087420 1.321590
1.727578 1.709823 0.970044 0.647439 0.490526 0.425243 0.400787 0.394401 0.381349 0.380337
0.364227 0.295433 0.326094 0.524235 0.859866 0.912521 0.819883 1.325971 2.327118 3.404302
1.687076 1.772738 0.483254 0.004967 -0.170104 -0.218684 -0.218057 -0.227042 -0.294587 -0.352968
-0.410370 -0.514569 -0.482867 -0.196585 0.370778 0.551850 0.298725 0.925669 2.274099 3.490343
1.810043 1.908424 0.508257 0.032119 -0.142388 -0.180372 -0.099345 -0.075219 -0.283351 -0.464806
-0.538324 -0.608726 -0.596518 -0.342813 0.388355 0.944292 0.459125 0.846761 2.240120 3.473993
1.814310 1.834839 0.658354 0.342908 0.140516 0.078581 0.328337 0.622609 0.244087 -0.226720
-0.396607 -0.454539 -0.494642 -0.330406 0.517145 1.526572 0.885301 0.860678 2.213988 3.468536
1.701208 1.623970 0.834253 0.919901 0.522990 0.344250 0.871027 1.724820 1.317054 0.341195
-0.094142 -0.263968 -0.400634 -0.305053 0.636637 1.891936 1.368505 0.926015 2.205072 3.476548
1.446380 1.126165 0.854738 1.559133 0.901961 0.458368 1.241316 2.507526 2.458844 1.099186
0.257249 -0.113230 -0.385496 -0.321004 0.690827 2.071436 1.584613 0.986003 2.209773 3.485935
1.106781 0.506325 0.656195 1.959453 1.286491 0.453890 1.302724 2.745360 2.861784 1.728227
0.503126 -0.044727 -0.421080 -0.358389 0.726598 2.181882 1.650978 1.007529 2.207358 3.494027
0.874888 0.091034 0.431205 2.063902 1.687711 0.470196 1.105219 2.403169 2.458351 1.617817
0.520486 -0.053036 -0.452371 -0.366877 0.785777 2.302945 1.785103 1.047260 2.210174 3.504868
0.925676 0.061514 0.426208 2.009626 1.748797 0.277164 0.479731 1.328054 1.411903 1.032248
0.299058 -0.189792 -0.509687 -0.370702 0.858773 2.421273 1.992252 1.109154 2.226656 3.517437
1.244121 0.287399 0.534154 1.800161 1.188798 -0.090014 -0.225605 0.109208 0.345720 0.345033
-0.095545 -0.488530 -0.679652 -0.458582 0.848106 2.458407 2.040569 1.123128 2.233168 3.526320
1.713906 0.767277 0.640225 1.375625 0.511681 -0.395371 -0.591622 -0.524955 -0.305957 -0.216842
-0.513345 -0.815982 -0.879217 -0.575362 0.747627 2.322990 1.711230 1.033198 2.212547 3.531229
2.110782 1.520891 0.830828 0.928476 0.108772 -0.495119 -0.642703 -0.644441 -0.495264 -0.437678
-0.657845 -0.854617 -0.814734 -0.494275 0.661349 1.949885 1.084171 0.868361 2.174642 3.530628
2.166968 2.055283 1.081743 0.726429 0.012742 -0.448291 -0.558240 -0.533341 -0.440904 -0.409526
-0.557521 -0.660448 -0.572466 -0.321684 0.446538 1.200837 0.433489 0.739554 2.162202 3.524572
1.882027 2.010880 1.068483 0.781334 0.133704 -0.307350 -0.401508 -0.342742 -0.271720 -0.238935
-0.358577 -0.449232 -0.365219 -0.193703 0.194036 0.377179 0.053895 0.728101 2.182503 3.517847
1.432749 1.493220 0.709136 0.787112 0.305339 -0.147744 -0.292368 -0.226055 -0.154496 -0.057399
-0.111516 -0.209675 -0.180151 -0.104735 0.024548 -0.082700 -0.115353 0.718254 2.205089 3.525616
1.096971 0.887089 0.417684 0.610209 0.329590 -0.079662 -0.235336 -0.179783 -0.065854 0.081825
0.080872 0.021418 0.046445 0.004781 -0.033781 -0.234264 -0.166171 0.724380 2.230750 3.542583
0.818789 0.479639 0.126946 0.179163 0.092749 -0.086560 -0.158614 -0.085974 0.018593 0.102325
0.112449 0.162526 0.262718 0.087570 -0.135595 -0.393257 -0.260459 0.707309 2.234959 3.551083
0.494363 0.141496 -0.183208 -0.278903 -0.285231 -0.258317 -0.209869 -0.150419 -0.127189 -0.129569
-0.081706 0.095848 0.296593 0.031902 -0.348268 -0.627665 -0.418324 0.648728 2.221362 3.559580
0.359616 -0.018827 -0.301202 -0.479332 -0.475106 -0.353184 -0.233478 -0.182709 -0.239005 -0.300994
-0.224262 -0.010904 0.179133 -0.078888 -0.447738 -0.641928 -0.390226 0.636985 2.115451 3.497069
1.326687 1.079768 0.930953 0.817231 0.821362 0.909483 1.002201 1.022995 0.961140 0.902312
0.948715 1.086229 1.170712 1.025520 0.831678 0.746923 0.904929 1.533789 2.450237 3.317974
2.592986 2.747420 2.712077 2.673065 2.653694 2.642148 2.644255 2.642726 2.618879 2.586706
2.565339 2.555987 2.562610 2.574569 2.568468 2.551089 2.580013 2.663777 2.661980 2.471989
1.396362 1.204038 1.254050 1.276315 1.281685 1.253976 1.224730 1.199037 1.190096 1.205487
1.227190 1.259427 1.305976 1.330054 1.283835 1.223581 1.227161 1.253631 1.152858 1.321272
0.658400 0.238317 0.251374 0.221752 0.223239 0.247420 0.306618 0.344669 0.350196 0.355516
0.351551 0.345148 0.379831 0.436635 0.410011 0.324345 0.312903 0.315110 0.201298 0.667826
0.465038 -0.007964 -0.027049 -0.070606 -0.080100 0.054529 0.330227 0.504430 0.442741 0.233215
0.009882 -0.147115 -0.210792 -0.185950 -0.173664 -0.172569 -0.113318 -0.087976 -0.204764 0.375746
0.487465 0.072575 0.119328 0.127090 0.103918 0.372460 0.879693 1.182299 1.047036 0.572884
0.061265 -0.271617 -0.431351 -0.441184 -0.433588 -0.413037 -0.338614 -0.284858 -0.379832 0.258296
0.601243 0.302500 0.475630 0.496070 0.414972 0.823519 1.563336 1.940601 1.726120 1.030648
0.252038 -0.237534 -0.439581 -0.446470 -0.465585 -0.507334 -0.479642 -0.430314 -0.483531 0.198728
0.716225 0.485188 0.629663 0.533770 0.408714 0.904497 1.787883 2.293461 2.039162 1.172109
0.271553 -0.250401 -0.436523 -0.433700 -0.476492 -0.571379 -0.586187 -0.541612 -0.555110 0.174836
0.698744 0.357345 0.304094 0.110419 0.034984 0.420168 0.978889 1.339317 1.307026 0.781654
0.165763 -0.254384 -0.440099 -0.462967 -0.524281 -0.613389 -0.619082 -0.555856 -0.548066 0.188225
0.571454 0.004730 -0.280961 -0.483057 -0.441817 -0.192094 -0.060904 0.021543 0.284933 0.325326
0.094023 -0.206830 -0.396031 -0.444884 -0.512506 -0.593408 -0.586674 -0.510635 -0.502102 0.206587
0.658046 -0.023818 -0.493516 -0.777974 -0.723088 -0.499900 -0.406263 -0.284131 -0.021900 0.139509
0.044921 -0.178820 -0.347072 -0.393255 -0.438142 -0.513399 -0.528149 -0.453402 -0.450122 0.231692
1.077955 0.375976 -0.343847 -0.806049 -0.846009 -0.681736 -0.542635 -0.379552 -0.224606 -0.131478
-0.172250 -0.309500 -0.413146 -0.428255 -0.444010 -0.513721 -0.542440 -0.446272 -0.403678 0.287645
1.605033 1.046129 0.145583 -0.549535 -0.797984 -0.746871 -0.614972 -0.475836 -0.431922 -0.448679
-0.485493 -0.544683 -0.581092 -0.570495 -0.583665 -0.651964 -0.632301 -0.478679 -0.369163 0.357871
1.441789 1.153781 0.612383 -0.061781 -0.465859 -0.580904 -0.525527 -0.433955 -0.434258 -0.488259
-0.550849 -0.617352 -0.670061 -0.685249 -0.720781 -0.756501 -0.681983 -0.513308 -0.355168 0.422445
1.098513 1.019138 1.017571 0.595867 0.151316 -0.117256 -0.135473 -0.012682 0.074370 0.068284
-0.048623 -0.237617 -0.431887 -0.554037 -0.615032 -0.627136 -0.574804 -0.462172 -0.287484 0.513148
0.902327 0.810293 1.054087 1.039183 0.751570 0.515785 0.554423 0.805209 1.018049 1.048810
0.887235 0.598214 0.281743 0.064233 -0.033600 -0.101686 -0.159956 -0.154364 -0.026598 0.664083
0.713694 0.415875 0.541041 0.728301 0.853386 0.925331 1.164969 1.501254 1.690847 1.652597
1.475979 1.224038 0.907440 0.629561 0.460768 0.345312 0.230010 0.163845 0.150681 0.657023
0.757409 0.428786 0.448681 0.559915 0.747406 0.982035 1.283974 1.565092 1.586792 1.452589
1.378495 1.393203 1.298513 1.010503 0.722590 0.543476 0.450279 0.346562 0.190903 0.553983
1.102626 0.892253 0.909530 0.967829 1.130285 1.333590 1.508737 1.619251 1.656386 1.669497
1.727202 1.816203 1.834595 1.644797 1.310715 1.039631 0.892241 0.732962 0.464798 0.663271
1.325153 1.176899 1.250050 1.330783 1.544050 1.777512 1.882621 1.890422 1.904018 1.968451
2.075087 2.166727 2.167381 2.019872 1.716095 1.396463 1.186966 0.986197 0.693137 0.823003
1.133176 0.843697 0.943401 1.048303 1.187326 1.286505 1.327483 1.327419 1.322165 1.333993
1.356922 1.381516 1.388944 1.340761 1.204994 1.031560 0.896921 0.744630 0.566794 0.892480
-1.784395 -3.917499 -3.106627 -1.538560 -0.225768 0.492029 0.841016 0.910687 0.775125 0.910062
1.258579 1.473527 1.469419 1.200219 0.445858 0.062389 0.463173 0.216465 -1.334080 -3.007766
-1.823866 -4.702176 -3.729348 -2.747312 -1.261561 -0.267751 0.428358 0.617888 0.577708 0.913022
1.427644 1.643150 1.818459 1.472241 0.469853 -0.046679 0.670820 0.837991 -1.648090 -3.548393
-1.593664 -4.592650 -4.092113 -2.580182 -1.212019 -0.220282 0.702849 0.776569 0.545619 0.815834
1.147848 1.252558 1.759978 1.706009 0.349558 -0.530924 0.764172 1.582032 -2.229695 -4.165385
-1.516423 -4.486193 -3.960336 -2.322142 -1.304158 -0.227881 1.080334 0.614587 0.284644 0.598859
0.563558 0.723357 1.545718 1.623325 -0.291403 -1.503169 0.270369 1.601472 -2.778548 -4.362754
-1.459618 -3.982318 -3.020196 -1.824670 -1.981133 -0.264384 1.483055 -0.564635 -1.227345 -0.666751
-0.394012 0.353745 1.518946 1.669652 -0.772556 -2.257182 -0.226942 0.997722 -2.789469 -4.193852
-1.346496 -3.161813 -1.833466 -1.711362 -3.261762 -0.374715 1.702703 -1.941338 -3.727638 -2.484296
-1.447990 -0.104870 1.608630 2.166892 -0.915858 -2.729586 -0.577274 1.085059 -2.471144 -4.056512
-1.198150 -2.431845 -1.042279 -2.573612 -4.127923 -0.406270 2.185240 -2.536082 -5.169308 -3.505361
-2.060108 -0.387608 1.732359 2.481253 -1.243413 -3.117718 -0.998125 1.222071 -2.101928 -3.999381
-1.134140 -2.137193 -0.992342 -3.310596 -4.852749 -0.712955 1.944436 -2.160334 -4.443259 -3.039855
-1.833929 -0.155917 1.928381 2.875967 -1.058927 -3.196557 -1.234738 1.305407 -1.655481 -3.817227
-1.141398 -2.261544 -1.287113 -3.166296 -4.840146 -0.764564 1.749723 -0.398074 -2.053164 -1.797804
-1.013354 0.423654 2.196507 2.848439 -0.558390 -3.064001 -1.296369 1.425141 -1.270462 -3.771441
-1.166318 -2.803567 -2.326766 -2.715208 -3.401497 -0.318860 2.211540 1.490054 -0.072615 -0.884275
-0.314972 0.970135 2.309391 2.207152 -0.212255 -2.792850 -1.227271 1.595752 -1.078196 -3.894462
-1.323327 -3.291651 -3.058760 -2.487844 -1.614086 0.073758 2.467125 2.750036 0.993494 -0.203012
0.103518 1.348877 2.077138 1.295575 -0.452867 -2.836840 -1.413757 1.449241 -1.296890 -4.110653
-1.586306 -3.968815 -3.641761 -2.658376 -1.409470 0.238130 2.662869 4.071156 2.568562 0.965125
1.223855 2.224200 2.337987 1.136509 -0.291679 -2.319999 -1.183502 1.052557 -1.821552 -4.333013
-1.716699 -4.270820 -4.117527 -2.861982 -1.428388 0.296891 2.851185 4.922262 4.160043 2.720153
2.428562 2.883252 2.848147 1.385303 0.412260 -0.891225 0.057245 1.156787 -2.178123 -4.486325
-1.448299 -4.285663 -4.460762 -2.907515 -1.401538 0.347733 2.890339 4.877675 4.986489 3.797924
3.139649 2.993414 3.124127 2.556478 2.553592 1.876630 1.917020 1.561081 -2.014873 -4.466633
-1.238085 -4.170291 -4.325304 -2.837620 -1.465466 0.321141 2.530250 3.978740 3.908714 2.699630
2.162206 2.132383 2.618195 3.065020 3.521874 3.394299 3.076144 1.811440 -1.660140 -4.401097
-1.141782 -3.753602 -3.705205 -2.311381 -1.075615 0.334149 1.743352 2.418198 1.615150 0.396074
0.537503 1.093366 1.826411 2.679882 3.461850 3.686482 3.867690 1.929178 -1.422556 -4.438434
-1.060017 -3.326424 -3.254931 -2.054585 -0.770374 0.556304 1.568449 1.591594 0.721469 0.026110
0.345717 1.061805 1.529232 2.343198 3.417678 4.309719 5.017031 2.412651 -1.376715 -4.514050
-0.859008 -2.801448 -2.932935 -1.844277 -0.716669 0.493577 1.363081 1.399649 0.753610 0.433915
0.662670 1.035388 1.249074 1.813510 3.022745 4.491955 5.316708 2.435988 -1.792001 -4.488130
-0.724351 -2.408559 -2.654097 -1.558609 -0.544417 0.473888 1.222538 1.335400 0.986064 0.783447
0.716275 0.749602 0.858572 1.264327 2.050207 3.515863 4.296523 1.440603 -2.215077 -4.203062
-1.860161 -3.244625 -3.607903 -2.527955 -1.845361 -1.317117 -1.114959 -1.274746 -1.371902 -1.481046
-1.468544 -1.416106 -1.441579 -1.212846 -0.782401 -0.069845 0.298703 -1.403015 -3.363607 -4.125804
-0.031283 -0.186518 -0.095475 -0.336313 -0.457146 -0.499876 -0.527704 -0.508559 -0.474694 -0.461449
-0.441603 -0.449551 -0.515072 -0.594171 -0.497625 -0.310320 -0.348638 -0.563348 0.105967 1.272534
0.008079 -0.081585 -0.373133 -0.765713 -0.890975 -0.888373 -0.864152 -0.813844 -0.798990 -0.866737
-0.917439 -0.960248 -1.033667 -1.137092 -1.030631 -0.709392 -0.628918 -1.068078 -0.435262 0.961251
0.150067 0.098921 -0.212666 -0.640323 -0.772727 -0.810302 -0.852291 -0.768542 -0.708007 -0.869714
-0.976132 -1.001672 -1.054142 -1.231284 -1.178143 -0.664971 -0.389182 -1.009886 -0.476714 0.967745
0.276060 0.034028 -0.216324 -0.607236 -0.581273 -0.634511 -0.669610 -0.574498 -0.387643 -0.536220
-0.797899 -0.796706 -0.822410 -1.076757 -1.105572 -0.295041 -0.144366 -0.867119 -0.523147 0.902152
0.320129 0.153289 -0.263913 -0.462385 -0.255443 -0.475770 -0.543547 0.175807 0.111747 -0.121680
-0.487517 -0.626872 -0.720758 -1.056902 -1.119382 -0.307497 0.301448 -0.736583 -0.539889 0.877746
0.297736 -0.062598 -0.485791 -0.251401 0.034890 -0.356099 -0.519898 0.472858 1.118739 0.221567
-0.238817 -0.516442 -0.716293 -1.142567 -1.248779 -0.347004 0.394735 -0.657804 -0.552734 0.867558
0.211568 -0.425277 -0.888219 -0.302020 0.197858 -0.269242 -0.551220 0.373531 1.079324 0.723541
-0.076124 -0.435879 -0.733938 -1.238303 -1.349763 -0.393218 0.393097 -0.628840 -0.585250 0.856069
0.110314 -0.701824 -1.228995 -0.456986 0.476426 -0.054713 -0.323951 0.460021 0.896629 0.479753
-0.135664 -0.417890 -0.743409 -1.282603 -1.422145 -0.380883 0.450765 -0.578197 -0.576990 0.863313
0.180168 -0.567408 -0.976853 -0.252414 0.875372 -0.098617 -0.500614 0.050856 0.130728 -0.004443
-0.298431 -0.502625 -0.820062 -1.330585 -1.459863 -0.356240 0.615323 -0.506832 -0.537504 0.875342
0.413813 -0.371563 -0.637964 -0.114360 0.362069 -0.321869 -0.855742 -0.820670 -0.646233 -0.462452
-0.553059 -0.709371 -0.990085 -1.430832 -1.525113 -0.356590 0.730205 -0.530793 -0.536901 0.878794
0.562850 -0.319852 -0.473583 -0.151875 -0.238271 -0.538799 -0.825915 -0.904483 -0.882834 -0.812770
-0.815527 -1.009973 -1.238727 -1.566239 -1.535683 -0.314075 0.568859 -0.673275 -0.592309 0.874426
0.628926 0.109537 -0.212931 -0.268460 -0.446301 -0.682509 -0.779336 -0.868158 -0.880131 -0.771416
-0.775569 -0.892330 -1.048110 -1.262095 -1.119480 -0.147204 0.051252 -0.959922 -0.672433 0.867361
0.521651 0.331713 0.109241 -0.283949 -0.452407 -0.664897 -0.701296 -0.709286 -0.736351 -0.656514
-0.636528 -0.693974 -0.777048 -0.945637 -0.879807 -0.221101 -0.528186 -1.201068 -0.682856 0.875718
0.496088 0.320221 0.183042 -0.170971 -0.331897 -0.471228 -0.508970 -0.461394 -0.468130 -0.437277
-0.490578 -0.650472 -0.710831 -0.862551 -0.794220 -0.632983 -0.737473 -1.226224 -0.629278 0.912539
0.237725 0.105867 -0.248163 -0.236881 -0.291842 -0.354303 -0.419169 -0.374581 -0.393471 -0.336272
-0.337363 -0.456448 -0.430368 -0.519950 -0.519331 -0.510228 -0.767423 -1.279779 -0.651018 0.932774
0.111869 -0.374033 -0.351069 -0.245593 -0.265924 -0.428269 -0.544720 -0.583888 -0.629298 -0.550449
-0.503337 -0.523190 -0.382695 -0.356671 -0.340784 -0.407629 -0.805159 -1.329723 -0.695042 0.903616
0.080329 -0.459486 -0.459235 -0.494822 -0.452244 -0.432405 -0.486746 -0.496311 -0.529270 -0.462928
-0.470417 -0.526397 -0.382817 -0.309489 -0.312933 -0.460727 -0.894439 -1.383542 -0.706201 0.904562
-0.150084 -0.637050 -0.638682 -0.722960 -0.712866 -0.703747 -0.725927 -0.728621 -0.742297 -0.781153
-0.753484 -0.697493 -0.460971 -0.421676 -0.502508 -0.683323 -1.091456 -1.479804 -0.652321 0.931429
-0.161417 -0.794113 -0.798614 -0.909932 -0.962620 -1.007838 -1.033493 -1.000650 -1.040346 -1.051154
-1.068171 -1.025496 -0.803542 -0.767186 -0.876848 -0.973918 -1.232366 -1.361103 -0.536444 0.877789
0.381915 -0.121900 -0.182657 -0.268091 -0.288572 -0.299537 -0.265062 -0.236468 -0.283767 -0.309150
-0.313201 -0.303714 -0.255406 -0.216810 -0.247075 -0.296664 -0.392594 -0.256294 0.448865 1.305185
-2.469668 -1.174431 1.093948 1.566786 1.511724 1.364467 1.360917 1.479723 1.294497 1.529609
1.282545 0.561803 -0.301668 -0.207801 0.681464 -0.470893 -1.114776 -1.067492 -1.275059 -0.764886
-3.545070 -2.498218 0.959567 2.229644 2.053367 1.666419 1.788553 2.309948 2.039091 1.997228
1.048237 -0.315133 -1.711720 -1.419787 0.445849 -1.102250 -2.041836 -2.117684 -2.525662 -1.216395
-3.411778 -2.374691 0.349856 1.777616 2.151535 1.668176 1.877208 2.570476 2.329184 2.164296
1.280003 -0.240861 -1.957023 -1.797808 0.243581 -0.918500 -2.062393 -2.239646 -2.808961 -1.333081
-3.440495 -2.373075 -0.484734 1.218316 2.267399 1.546647 1.016141 1.467795 1.538602 1.582063
1.624123 0.003346 -2.043550 -2.156982 -0.683489 -1.151808 -2.117760 -2.578276 -3.108123 -1.521515
-3.610847 -2.491090 -1.506245 -0.421860 1.324207 0.083578 -1.409697 -0.994339 0.474915 1.467747
1.926624 0.191979 -2.182240 -2.582212 -1.751511 -1.293651 -1.883417 -2.691144 -3.267885 -1.633764
-3.622837 -2.751639 -2.433425 -1.441001 0.800574 -1.582744 -3.391637 -2.759785 -1.010239 0.664865
2.260726 0.613975 -2.200469 -2.993007 -2.251337 -1.351318 -1.625538 -2.532127 -3.233707 -1.640064
-3.454043 -3.148546 -3.190745 -2.166042 0.853607 -2.137329 -3.544743 -3.083095 -1.674233 -0.167022
2.325445 0.799154 -2.237288 -3.135224 -2.337579 -1.260646 -1.251466 -2.325446 -3.202548 -1.638906
-3.266969 -3.698395 -3.693204 -2.665691 1.287943 -1.325431 -2.721840 -1.859897 -0.939160 0.425556
2.749484 0.805867 -2.284534 -3.016207 -2.225721 -1.134360 -0.882642 -2.023820 -3.080697 -1.615455
-3.102583 -3.306740 -3.193530 -2.092802 1.838989 0.952790 -1.693284 -1.043145 0.273046 1.700883
2.845909 0.553731 -2.290034 -2.762496 -1.968977 -0.994998 -0.605301 -1.736333 -2.913562 -1.566975
-3.022299 -2.397194 -2.128173 -0.346094 3.751535 2.839170 0.161495 -0.416186 0.468957 1.907681
2.055590 -0.120127 -2.397833 -2.652220 -1.846800 -0.975590 -0.616169 -1.648156 -2.812918 -1.500981
-3.118812 -1.929012 -0.981388 1.667420 4.662479 3.845873 1.093384 0.154560 1.082973 2.244373
1.172911 -0.858395 -2.679158 -2.808635 -2.013800 -1.154415 -1.034133 -1.801455 -2.781697 -1.404274
-3.309771 -2.067148 -0.093800 3.756182 5.402837 4.659507 2.194162 1.428397 2.716753 2.782053
1.238588 -0.355236 -1.927960 -2.269724 -1.598382 -1.118460 -1.510982 -2.028929 -2.816934 -1.363007
-3.282325 -2.275185 -0.166617 4.597625 6.117346 5.279742 3.054167 2.185009 3.419753 3.190517
1.664364 1.189544 -0.160138 -0.649304 -0.146630 -0.743137 -1.715188 -2.226065 -2.819178 -1.399756
-3.266102 -2.342158 -0.697450 3.300707 6.160151 5.509429 3.660309 2.551152 3.367343 3.367720
2.255574 2.688376 1.222060 0.953730 0.768542 -0.837400 -2.100157 -2.383925 -2.829038 -1.483673
-3.332527 -1.961714 -0.829155 1.873047 4.743307 4.798169 3.188558 1.813198 1.857070 2.360112
2.378564 3.478215 2.075724 1.877174 1.150976 -1.132608 -2.409312 -2.548218 -2.950186 -1.663757
-3.278715 -0.960075 0.105533 1.665148 4.243588 3.580544 2.001111 0.521269 0.068971 0.789742
1.753002 2.936707 2.248875 2.267149 1.001038 -1.375672 -2.368078 -2.527675 -3.048504 -1.797002
-3.282413 -0.323490 1.037191 2.307458 3.753031 2.866224 1.390592 0.307427 0.142315 0.735714
1.072591 1.952999 2.109271 2.119703 0.358308 -1.880333 -2.426343 -2.575983 -3.141308 -1.849777
-3.177778 -0.699173 0.821440 1.325138 2.062161 1.825348 1.441528 1.083106 0.950246 1.421898
1.343550 1.645762 2.138392 1.802695 -0.207357 -2.371004 -2.597231 -2.657400 -3.046498 -1.721063
-2.498730 -0.793304 0.728223 0.630382 0.460698 0.666092 1.020958 1.118504 1.028455 0.589721
0.383873 0.897647 1.941457 1.671923 -0.207518 -2.319720 -2.676963 -2.670958 -2.919745 -1.781734
-0.765203 0.821111 2.343433 2.099056 1.389362 1.444447 1.908492 2.175888 2.381745 1.922742
1.444594 2.062494 3.134317 2.692415 1.183377 -0.417003 -0.875526 -0.759931 -0.695784 -0.219986
1.355813 1.551098 1.818307 1.864533 1.887882 1.929718 1.937624 1.899785 1.907397 2.010664
2.146610 2.224154 2.214827 2.150543 2.054959 1.962694 1.875904 1.662991 1.501172 1.699271
1.070124 1.328300 1.658534 1.692462 1.703582 1.825577 1.961776 2.005189 2.019017 2.053519
2.063138 1.998981 1.880373 1.800223 1.810444 1.868457 1.886551 1.693799 1.596030 1.859303
1.188178 1.578631 1.962449 1.986029 1.938976 1.991896 2.125379 2.205830 2.161708 1.985620
1.757879 1.579153 1.419690 1.287443 1.358663 1.695976 1.983541 1.916602 1.839415 1.987052
1.724755 2.163215 2.451864 2.438446 2.358772 2.250262 2.212556 2.232599 2.189265 1.979969
1.714101 1.592642 1.586235 1.552607 1.603171 1.885005 2.154166 2.166482 2.080947 2.098489
1.966482 2.422745 2.637826 2.623514 2.524386 2.272679 2.019543 1.911574 1.966579 1.952067
1.860599 1.847342 1.946426 2.037796 2.120955 2.244919 2.337383 2.268783 2.157589 2.120787
1.911617 2.312596 2.459862 2.461235 2.362212 1.841144 1.046555 0.612931 0.930772 1.475797
1.810852 2.019523 2.208308 2.331007 2.433178 2.514613 2.515963 2.399965 2.245264 2.151738
1.688708 1.918305 1.876856 1.821068 1.829893 1.202097 -0.281297 -1.337090 -0.716753 0.724136
1.750848 2.200742 2.390773 2.481128 2.572567 2.632351 2.621695 2.479251 2.289920 2.162943
1.440474 1.357403 0.956535 0.759341 1.048814 1.072932 0.288616 -0.653061 -0.216336 1.075820
2.074113 2.398180 2.505763 2.559041 2.620068 2.645766 2.633856 2.484084 2.270408 2.127233
1.520816 1.437769 0.861815 0.581710 1.000450 1.454405 1.542532 1.386163 1.547952 1.920209
2.210294 2.316339 2.370365 2.391667 2.403285 2.413346 2.443993 2.353412 2.166330 2.060243
1.842314 2.123971 2.121566 2.039116 2.066477 1.951694 1.700574 1.527281 1.539234 1.662329
1.779478 1.795867 1.787506 1.763883 1.739126 1.799086 2.002997 2.114319 2.043270 2.009588
1.854575 2.311446 2.535500 2.587091 2.566883 2.312624 1.905192 1.511512 1.393520 1.393084
1.218456 0.911707 0.665515 0.546409 0.536417 0.805322 1.411471 1.817870 1.860611 1.907266
1.292575 1.898034 2.391530 2.600729 2.655410 2.560404 2.378982 2.160719 1.987973 1.822272
1.459806 0.849420 0.334492 0.129651 0.176566 0.655686 1.473022 1.703382 1.557364 1.664796
0.740921 1.177285 1.908041 2.317347 2.469894 2.478503 2.462065 2.439272 2.430105 2.399722
2.327045 2.193121 2.048855 1.944404 1.889287 1.928266 2.007370 1.730738 1.302905 1.430973
0.362390 0.399064 1.034404 1.589157 1.940328 2.116162 2.219755 2.287009 2.369279 2.423894
2.463053 2.491669 2.493681 2.459494 2.380848 2.279346 2.174333 1.858588 1.397032 1.413981
0.434193 0.205352 0.344025 0.606935 1.098659 1.550845 1.768769 1.773273 1.772409 1.813202
1.925638 2.088091 2.215600 2.284865 2.285670 2.257908 2.200179 2.001345 1.557272 1.468253
1.037315 1.075578 1.072530 0.974029 1.145815 1.424490 1.350817 0.966949 0.724051 0.804471
1.149171 1.555620 1.848973 2.038426 2.140604 2.183398 2.171703 2.008751 1.621481 1.567024
1.466105 1.748852 1.905804 1.894730 1.867601 1.780627 1.487757 0.938805 0.679836 0.862749
1.209917 1.439678 1.545011 1.636331 1.685929 1.692360 1.675815 1.550157 1.295701 1.453740
0.890490 0.787712 0.822061 0.827409 0.840053 0.840390 0.820323 0.800602 0.774386 0.743638
0.713403 0.658164 0.592601 0.595680 0.599388 0.562247 0.519921 0.422994 0.380354 0.969806
-0.120084 -0.643620 -0.688715 -0.686936 -0.702000 -0.769625 -0.823161 -0.839197 -0.850454 -0.886152
-0.909298 -0.916750 -0.913328 -0.850613 -0.810189 -0.859565 -0.938068 -0.989498 -0.825112 0.239316
1.908407 1.942189 1.924722 1.897621 1.867093 1.848982 1.838492 1.837834 1.842241 1.839801
1.839875 1.852738 1.865640 1.879628 1.873163 1.848874 1.831608 1.829393 1.837204 1.989856
-1.033043 -0.656769 -1.018477 -0.961562 -0.853861 -0.826499 -0.823418 -0.921874 -0.926499 -0.814831
-0.702417 -0.603284 -0.559270 -0.610530 -0.755395 -0.705402 -0.688565 -0.807107 -1.248890 -0.464779
-1.879419 -1.136124 -1.789345 -2.028985 -1.947711 -1.832941 -1.672669 -1.576676 -1.510556 -1.442349
-1.347742 -1.313786 -1.262952 -1.310993 -1.331926 -1.344347 -1.339807 -1.590203 -1.856491 -0.170273
-1.048165 -0.065895 -0.594465 -0.819426 -0.860568 -0.759893 -0.561345 -0.441226 -0.485289 -0.627440
-0.788242 -0.918370 -1.018085 -1.123871 -1.059393 -0.704009 -0.407120 -0.480084 -0.554457 0.832112
-0.096147 0.923241 0.396199 0.181851 0.163267 0.460929 0.941806 1.308885 1.050503 0.475040
-0.055677 -0.338818 -0.408508 -0.448518 -0.397353 -0.094349 0.310652 0.304986 0.182569 1.524601
0.825112 2.110054 1.905943 1.682208 1.478431 1.761888 2.023826 1.967428 1.840342 1.357657
0.636299 0.234922 0.094691 0.071887 0.127902 0.382893 0.871784 1.008921 1.022056 2.146250
1.117678 2.619069 2.474620 2.168549 2.216315 2.023778 1.119528 0.698678 0.766923 0.973236
1.208711 1.115044 1.101665 1.045055 1.062227 1.182278 1.582693 1.811532 1.829160 2.643743
0.994332 2.261862 1.270384 0.828918 0.990956 0.770089 -0.814806 -2.326576 -1.721658 -0.448871
1.025686 1.703908 1.954473 1.927259 1.910807 1.935327 2.245796 2.363526 2.234332 2.927845
0.467619 1.233900 -0.337456 -0.421263 0.313671 -0.051221 -2.508288 -4.024445 -2.992649 -0.953353
1.161139 2.138493 2.395455 2.256702 2.182480 2.261605 2.677140 2.827632 2.545875 3.034421
0.285808 0.925828 -0.509953 -0.456762 0.439432 0.387040 -1.373625 -1.845816 -1.127406 0.303132
1.702697 2.406727 2.562101 2.275288 2.081093 2.169591 2.754019 3.119047 2.654724 3.026160
1.150467 2.039893 1.103075 0.841318 1.261471 1.024872 -0.056022 -0.245043 0.100446 0.891881
1.488272 1.772501 1.919653 1.782222 1.572894 1.746197 2.291082 2.695641 2.374320 2.989796
1.757461 3.334874 2.401302 2.007251 2.070847 1.659663 0.953092 0.745576 0.616553 0.302737
0.428533 0.796770 1.109241 1.059834 0.902457 1.106512 2.043191 2.638313 2.456339 3.114278
0.523071 2.915527 3.069031 2.778500 2.656996 2.315444 1.913904 1.630616 1.236725 0.825312
0.658389 0.713731 0.763022 0.728354 0.584394 1.047815 2.134759 2.631720 2.329147 2.896872
-0.803694 1.306991 3.010547 3.759104 3.709333 3.225430 2.775297 2.399711 2.176684 1.943808
1.820891 1.834051 1.852145 1.710822 1.516250 1.840202 2.549246 2.592945 2.035259 2.582865
-0.793119 0.633047 1.337279 3.475192 4.083235 3.690102 3.178583 3.179624 3.568496 3.767346
3.625682 3.351375 3.008582 2.676124 2.554238 2.815528 3.178621 2.795188 2.105025 2.483656
-0.808524 -0.052765 -0.479504 0.474523 2.319209 3.011377 3.089924 3.373071 3.742595 3.956820
4.069681 3.983947 3.684167 3.459036 3.522542 3.701303 3.783906 3.388015 2.429916 2.364491
-0.202134 0.205246 -0.611005 -0.754252 0.061647 1.297452 1.404641 0.500448 -0.211856 -0.368652
0.302417 1.518024 2.875704 3.581201 3.809936 3.761626 3.755138 3.313612 2.028637 1.966591
0.735468 1.666783 0.982895 0.352767 0.435989 0.581423 0.153844 -1.064029 -1.461303 -1.149752
-0.545971 -0.052217 0.416809 1.081252 1.308498 1.650579 2.212330 2.277824 1.579031 2.159431
0.967483 2.040324 1.612992 0.890031 0.411376 0.020046 -0.685107 -1.357171 -1.589742 -1.269531
-0.965014 -0.825598 -0.928484 -0.699399 -0.092830 0.295830 0.674771 0.992206 0.955972 2.245740
-0.688926 -0.225381 -0.851902 -1.095585 -1.270548 -1.827279 -2.306032 -2.645244 -2.832204 -2.845701
-2.860649 -3.051203 -3.156334 -2.945325 -2.419342 -2.010277 -1.704732 -1.558383 -1.285372 1.237797
-0.197366 0.102126 -0.410434 -0.845129 -1.242583 -1.549802 -1.780910 -1.839563 -1.839675 -1.938830
-2.116469 -2.331000 -2.425476 -2.273565 -1.919406 -1.421635 -1.050016 -0.960688 -0.578258 1.145215
-2.482572 -1.579822 -0.973551 -1.155109 -1.474736 -1.298462 -1.005691 -0.940733 -1.005519 -1.010827
-1.048349 -1.190472 -1.323004 -1.382233 -1.257250 -0.908047 -0.561118 -0.659562 -0.880614 -0.496173
-2.314643 -0.422260 0.386118 0.110159 -0.324759 -0.145995 0.248966 0.390382 0.176072 -0.306834
-0.844632 -1.203775 -1.395116 -1.543314 -1.327838 -0.561688 0.432553 0.577523 0.148383 0.082811
-0.896007 2.097087 2.715384 2.377772 1.831553 1.396183 1.172899 0.997312 0.694757 0.170346
-0.372693 -0.446264 -0.262700 -0.462911 -0.315341 0.631528 1.993670 2.127129 1.561235 0.775934
-0.006757 2.522503 2.646499 2.359127 2.144194 1.712326 1.278677 0.998086 0.908131 0.833357
0.740147 0.951778 1.626452 1.886990 1.785594 2.317570 2.845899 2.774813 2.089081 0.847582
-0.477363 1.319511 1.161340 0.949576 1.150663 1.089809 0.075786 -0.877885 -0.353409 0.656113
1.185072 1.530035 2.408784 3.140837 3.204804 3.482739 3.519249 3.195296 2.379012 0.907512
-1.039341 0.534255 -0.011551 -0.477546 -0.091712 0.147906 -1.869532 -3.924147 -2.494770 -0.023817
1.284413 1.851869 2.507144 2.993638 3.091072 3.238088 3.160601 3.030304 2.388736 0.860262
-1.333031 0.135686 -1.113647 -1.891917 -1.077463 0.034619 -1.400113 -3.729534 -2.442335 -0.130164
1.316949 1.796102 1.990503 2.015262 1.826931 1.882175 2.012208 2.255182 1.880576 0.533858
-1.383723 0.276425 -1.271174 -2.057414 -1.232488 0.460481 -0.053124 -2.017005 -1.514758 -0.145069
0.800741 0.914816 0.995447 0.851501 0.473321 0.394804 0.778186 1.489162 1.447013 0.267587
-0.167337 2.532725 1.829345 1.334918 1.472334 1.682782 0.677809 -0.344979 -0.423674 -0.224716
-0.088281 -0.291330 -0.395491 -0.554207 -0.814437 -0.706578 0.069122 1.239013 1.331227 0.194275
0.305255 3.034100 3.568942 3.942108 3.691462 2.800308 1.313576 0.244804 -0.217748 -0.490537
-0.766947 -1.246594 -1.573503 -1.776747 -1.960398 -1.796476 -0.539285 0.939135 0.975590 0.030983
-1.129394 1.343742 2.062377 2.705973 3.110710 3.013591 2.483959 1.632030 1.140252 0.774561
-0.044381 -1.021916 -1.803288 -2.268783 -2.398288 -1.938836 -0.205278 1.047853 0.478733 -0.335864
-3.197401 -0.589314 0.581647 1.197064 1.662281 2.059129 2.470286 2.645162 2.646063 2.613394
2.437096 1.859727 1.376834 1.118614 0.878306 0.827563 1.737508 1.317555 -0.054811 -0.778340
-3.716480 -1.759300 -0.239420 0.362106 0.768960 1.179345 1.474692 1.618737 1.689049 1.796893
2.133507 2.557264 2.849463 2.856237 2.515275 2.061946 1.844102 1.255209 -0.070963 -0.789987
-3.123066 -1.721619 -1.173202 -0.675513 0.243683 0.809211 0.969714 0.902043 0.827816 0.794159
0.940891 1.201780 1.401886 1.601766 1.613702 1.540336 1.581662 1.287679 0.245627 -0.854096
-2.477469 -1.019100 -1.104911 -1.259901 -0.431052 0.428994 0.346738 -0.284121 -0.701116 -0.785561
-0.422508 0.117802 0.475546 0.806976 0.934454 0.963473 0.990211 0.710614 -0.296342 -1.340087
-2.058631 -0.419373 -0.550198 -0.786938 -0.590111 -0.264187 -0.496408 -1.326194 -1.858204 -1.839331
-1.385859 -0.816337 -0.466871 -0.201994 -0.232724 -0.351300 -0.382435 -0.577455 -1.318680 -1.915120
-2.306832 -1.024824 -1.244621 -1.362637 -1.341592 -1.322468 -1.373901 -1.852434 -2.096497 -1.937877
-1.738401 -1.653270 -1.716064 -1.577693 -1.587003 -1.680466 -1.686665 -1.827004 -2.381170 -2.395251
-3.695753 -2.912154 -3.265386 -3.395659 -3.491807 -3.577637 -3.661574 -3.774420 -3.898764 -4.027352
-4.050730 -4.049341 -4.084445 -3.804655 -3.531341 -3.467060 -3.499186 -3.654596 -3.847563 -2.867902
-2.875743 -1.794955 -2.001730 -2.050730 -2.092599 -2.261091 -2.452036 -2.577127 -2.627451 -2.673788
-2.703161 -2.806412 -2.893136 -2.656625 -2.298427 -1.987647 -1.943300 -2.146549 -2.428204 -2.047870
-0.207997 0.832839 0.667846 0.603144 0.624756 0.638413 0.633542 0.620178 0.624287 0.602973
0.565770 0.542300 0.525519 0.543141 0.614160 0.786617 0.916145 0.921216 0.794548 0.184670
2.515294 1.306362 0.582365 0.382175 0.268302 0.315499 0.370540 0.355350 0.302391 0.318262
0.351678 0.340292 0.334870 0.302323 0.318064 0.347458 0.475352 0.743101 0.893939 1.203368
2.734823 0.986842 0.125372 -0.025000 -0.219086 -0.142317 -0.057073 -0.072069 -0.122379 -0.092494
-0.102654 -0.154071 -0.165998 -0.225397 -0.256565 -0.182238 0.055223 0.458366 0.653111 1.179743
2.677628 0.926026 0.126296 -0.077623 -0.308419 -0.165596 -0.044561 -0.082200 -0.122496 -0.139950
-0.244703 -0.295615 -0.270956 -0.316755 -0.391629 -0.322192 0.073781 0.577349 0.779658 1.323249
2.697965 1.008404 0.288090 0.034345 -0.221118 0.063497 0.266033 0.178967 0.085501 -0.022838
-0.204034 -0.216951 -0.151711 -0.185622 -0.282274 -0.211611 0.365713 0.870222 0.955037 1.426189
2.729815 1.084213 0.565195 0.257179 -0.027944 0.442783 0.845880 0.729463 0.358740 0.120006
-0.017082 -0.027649 0.057043 0.031053 -0.141046 -0.057627 0.672880 1.108442 1.019107 1.455250
2.739940 1.204893 0.953284 0.490357 0.113292 0.759887 1.536452 1.356822 0.445759 0.083125
0.095723 0.138537 0.237042 0.237656 -0.087475 -0.052196 0.668399 1.103453 1.054043 1.485152
2.740680 1.346479 1.336757 0.613232 0.062874 0.837165 1.975892 1.893774 0.513136 -0.016943
0.105119 0.199889 0.322164 0.397550 -0.073034 -0.172911 0.514444 1.036795 1.076190 1.532334
2.731755 1.414412 1.479027 0.542476 -0.057498 0.655602 1.730378 1.777498 0.553632 0.023104
0.094114 0.164861 0.294271 0.376454 -0.102587 -0.272208 0.354073 0.928631 1.074602 1.547063
2.725609 1.404661 1.295815 0.467866 -0.022133 0.459687 1.085767 1.006983 0.365797 0.000606
-0.013434 0.027946 0.138231 0.197272 -0.187704 -0.346325 0.212292 0.795218 1.026493 1.505504
2.731687 1.342398 0.862807 0.250713 0.040928 0.353991 0.619874 0.459864 0.066045 -0.178354
-0.198466 -0.133285 -0.112945 -0.076687 -0.355573 -0.468619 0.061997 0.681165 0.935052 1.411756
2.721474 1.194975 0.484902 -0.025971 -0.109421 0.211103 0.428345 0.326411 -0.043521 -0.285190
-0.308900 -0.256165 -0.356735 -0.360825 -0.503444 -0.531945 0.026590 0.649044 0.804857 1.274422
2.712187 0.991615 0.208817 -0.140123 -0.179265 0.087817 0.338274 0.319092 0.009067 -0.227233
-0.302260 -0.265897 -0.386799 -0.410856 -0.412071 -0.339387 0.158368 0.682307 0.659337 1.109490
2.648622 0.855710 0.063831 -0.161450 -0.200106 0.023080 0.230743 0.226065 0.022065 -0.164820
-0.254590 -0.217711 -0.301786 -0.289977 -0.196379 -0.082177 0.216212 0.595478 0.595251 1.074481
2.591808 0.833063 -0.014363 -0.264229 -0.253477 0.001681 0.133486 0.154984 0.034648 -0.075904
-0.156031 -0.134949 -0.212795 -0.212052 -0.141697 -0.069688 0.140002 0.486319 0.714412 1.284537
2.584983 0.906531 -0.022911 -0.361767 -0.280036 0.008291 0.121637 0.175846 0.085605 -0.039973
-0.140337 -0.120578 -0.152583 -0.150293 -0.112407 -0.070522 0.141757 0.510823 0.938349 1.597113
2.625752 1.010387 0.026548 -0.306687 -0.150409 0.068189 0.192030 0.214339 0.091246 -0.085208
-0.198023 -0.176749 -0.155996 -0.144766 -0.152585 -0.125252 0.106830 0.557333 1.072336 1.761448
2.698338 1.119153 0.066581 -0.280711 -0.153085 0.020591 0.143443 0.192523 0.051099 -0.088876
-0.193601 -0.192106 -0.172124 -0.217252 -0.277578 -0.279634 -0.047411 0.401956 0.986716 1.704830
2.746389 1.116624 0.016309 -0.413297 -0.422030 -0.300690 -0.176361 -0.154762 -0.181528 -0.250340
-0.362697 -0.376586 -0.310657 -0.351678 -0.434568 -0.469743 -0.276844 0.146592 0.660722 1.467646
2.658462 1.082736 0.040556 -0.393777 -0.469033 -0.363468 -0.250234 -0.231705 -0.221776 -0.294099
-0.402238 -0.393806 -0.309884 -0.316435 -0.375749 -0.405922 -0.239428 0.074879 0.460745 1.224703
1.967540 1.174157 0.556831 0.265042 0.174237 0.222172 0.318681 0.358440 0.358185 0.299283
0.221087 0.226627 0.306802 0.317927 0.262386 0.239875 0.374443 0.598572 0.816166 1.303473
-1.055024 -1.401992 -0.438395 0.691549 1.367782 1.694355 1.786177 1.733073 1.701967 1.859310
2.000178 2.025521 2.000607 1.839218 1.517853 1.471818 1.585612 1.181152 0.164666 -0.571548
-1.520193 -1.672820 -0.713137 0.316667 1.141017 1.652686 1.870745 1.801953 1.768771 1.964815
2.123581 2.180751 2.235430 2.073432 1.723119 1.674604 1.945932 1.655618 0.108580 -0.593887
-1.495098 -1.650763 -0.774410 0.335227 1.077008 1.679656 1.955141 1.773815 1.696227 1.858540
1.931903 2.033189 2.194312 2.025744 1.511653 1.461719 2.005889 1.802024 -0.350083 -0.965662
-1.422809 -1.549468 -0.635902 0.409299 0.941838 1.653606 1.904483 1.364889 1.244077 1.451349
1.592420 1.841929 2.046284 1.842795 1.082940 1.018775 1.723642 1.482598 -0.670092 -1.196927
-1.301705 -1.259314 -0.312268 0.264708 0.512072 1.558180 1.657557 0.406568 0.210398 0.774191
1.240937 1.775544 2.052913 1.818560 0.832724 0.744325 1.361249 1.134058 -0.644969 -1.217576
-1.205825 -0.951411 -0.049649 -0.324944 -0.132888 1.410442 1.014383 -0.933899 -0.989908 0.132036
0.989908 1.727888 2.188508 1.934536 0.636571 0.602784 1.423721 1.335497 -0.494401 -1.218818
-1.154926 -0.758709 -0.219673 -1.048805 -0.543235 1.320940 0.664219 -1.842596 -1.633636 -0.158117
0.934891 1.728199 2.334994 2.047337 0.433839 0.492488 1.433391 1.579175 -0.281514 -1.236205
-1.172800 -0.768717 -0.626808 -1.296557 -0.804487 1.240659 0.985650 -1.239519 -1.112455 0.122295
1.128452 1.882823 2.468742 2.286861 0.531994 0.465422 1.401803 1.824921 -0.056044 -1.200728
-1.201377 -0.866173 -0.657533 -0.996143 -0.684112 1.322246 1.634043 0.469294 0.176794 0.755960
1.482489 2.095573 2.535462 2.357439 0.816330 0.526281 1.385134 2.009634 0.142472 -1.153242
-1.179253 -1.036149 -0.486495 -0.162931 0.195360 1.682727 2.237986 1.539574 0.952598 1.088539
1.653363 2.190810 2.411804 2.150139 1.041460 0.636884 1.429437 2.105740 0.217397 -1.114046
-1.172228 -1.168052 -0.576159 0.398412 1.205894 2.048772 2.539970 2.003020 1.220927 1.210467
1.673209 2.137100 2.107827 1.822385 1.065561 0.632672 1.359431 2.021339 0.107138 -1.072143
-1.307325 -1.394656 -0.725913 0.447373 1.425946 2.253348 2.783297 2.553018 1.768329 1.552710
1.940347 2.302641 2.087284 1.716310 1.218862 0.754434 1.358532 1.743715 -0.101046 -0.986210
-1.433600 -1.538058 -0.823104 0.395223 1.401495 2.329382 2.973674 3.053428 2.494761 2.155370
2.312452 2.569444 2.444402 2.034061 1.776464 1.439578 1.784757 1.656051 -0.206365 -0.966625
-1.432132 -1.619092 -0.960638 0.342207 1.350020 2.258091 2.921659 3.148482 2.913880 2.517066
2.487271 2.648589 2.718869 2.595310 2.587697 2.407532 2.290988 1.732270 -0.175947 -1.128128
-1.343944 -1.598001 -1.025066 0.316089 1.267252 2.054729 2.616681 2.792018 2.547933 2.128807
2.168931 2.400887 2.639526 2.773324 2.885200 2.785467 2.519803 1.707064 -0.120461 -1.442688
-1.252864 -1.411899 -0.899240 0.462343 1.285368 1.827047 2.141990 2.119037 1.684648 1.412999
1.710193 2.120003 2.435409 2.673584 2.894240 2.918969 2.770937 1.621889 -0.106298 -1.642136
-1.142712 -1.291216 -0.843767 0.497418 1.379129 1.859331 2.039089 1.761787 1.457744 1.342208
1.683501 2.101983 2.333245 2.525465 2.835398 3.029031 3.004017 1.779674 -0.099324 -1.640856
-1.101849 -1.255066 -0.899864 0.394641 1.313650 1.918132 2.080502 1.904747 1.744868 1.703842
1.855233 2.114870 2.232515 2.397226 2.736372 3.007375 3.047941 1.747563 -0.100492 -1.451221
-1.098977 -1.164727 -0.863678 0.362564 1.204175 1.806602 2.001852 1.907187 1.814612 1.747389
1.790153 1.948830 2.086839 2.212167 2.423656 2.664586 2.652161 1.448529 -0.114674 -0.926922
-1.081692 -1.010369 -0.807680 -0.049504 0.432573 0.760333 0.799896 0.688096 0.653900 0.599381
0.649201 0.755815 0.829603 0.924426 1.051851 1.184549 1.139095 0.339224 -0.459637 -0.800852
0.244139 0.058132 -0.195672 -0.309041 -0.372612 -0.383129 -0.349610 -0.300200 -0.292772 -0.316325
-0.367717 -0.434824 -0.482306 -0.457315 -0.320326 -0.179331 -0.082671 0.097826 0.321828 0.255755
0.538108 0.209949 -0.105672 -0.227637 -0.328862 -0.390794 -0.383729 -0.328183 -0.354827 -0.486476
-0.658717 -0.785846 -0.813504 -0.759415 -0.595717 -0.378076 -0.174913 0.081043 0.317342 0.225143
0.820100 0.568681 0.246486 0.110221 -0.016121 -0.154007 -0.271226 -0.299824 -0.348381 -0.442579
-0.509980 -0.497117 -0.393702 -0.289715 -0.200569 -0.122546 0.009957 0.218435 0.364883 0.233759
0.677376 0.450374 0.165246 0.043420 -0.058488 -0.159231 -0.316511 -0.405075 -0.402836 -0.322291
-0.185210 -0.045914 0.083537 0.185677 0.220641 0.149829 0.116943 0.156055 0.220411 0.153467
0.304754 -0.005337 -0.215797 -0.296388 -0.311289 -0.289696 -0.334114 -0.361929 -0.352528 -0.219311
-0.031412 0.105744 0.181235 0.210010 0.212032 0.195621 0.206358 0.147220 0.105646 0.073747
0.056897 -0.369351 -0.589253 -0.652466 -0.546037 -0.321667 -0.126292 0.004268 -0.038857 -0.032134
0.048670 0.068902 0.063636 0.024658 -0.012360 0.045100 0.177264 0.139134 0.076206 0.050597
0.053397 -0.429784 -0.643504 -0.701809 -0.496093 0.100778 1.036752 1.740997 1.435543 0.747795
0.289235 0.007294 -0.135976 -0.231358 -0.296223 -0.193748 -0.000001 0.011839 -0.025905 -0.007517
0.255596 -0.076108 -0.123479 -0.132139 0.027312 0.688206 2.004638 3.174407 2.740757 1.403292
0.330401 -0.171171 -0.389685 -0.519205 -0.610617 -0.485927 -0.252525 -0.164963 -0.142129 -0.064357
0.457705 0.441698 0.837956 1.045372 0.908499 0.811694 1.206698 1.730248 1.452004 0.609782
-0.109931 -0.499328 -0.703385 -0.830039 -0.902593 -0.745671 -0.476534 -0.320627 -0.216788 -0.086198
0.481512 0.516368 0.824545 1.087967 0.959174 0.625480 0.480988 0.467051 0.294090 -0.008521
-0.345524 -0.614075 -0.818453 -0.922582 -0.929786 -0.737307 -0.473710 -0.323731 -0.194819 -0.067676
0.228467 0.032408 0.110777 0.269453 0.317573 0.329650 0.373004 0.437691 0.324836 0.142261
-0.014835 -0.175063 -0.313288 -0.364090 -0.321915 -0.194666 -0.153360 -0.202830 -0.158088 -0.062851
0.271329 -0.170982 -0.292254 -0.197194 -0.104507 -0.001438 0.132129 0.296820 0.373076 0.411489
0.553539 0.823074 1.023542 1.092219 1.104342 0.948089 0.450724 0.077587 -0.006643 0.016380
0.606550 0.095092 -0.350925 -0.450029 -0.444618 -0.390830 -0.302096 -0.166360 -0.029930 0.132830
0.379867 0.728284 1.017781 1.155248 1.134266 0.863117 0.401351 0.190724 0.278752 0.257074
1.072621 0.752514 0.111180 -0.286109 -0.436812 -0.470687 -0.497061 -0.495234 -0.492336 -0.441128
-0.344544 -0.207678 -0.088509 0.011275 0.074031 0.041814 -0.010572 0.161917 0.479717 0.504830
1.398822 1.417936 0.966164 0.478989 0.070840 -0.217459 -0.407561 -0.506206 -0.595497 -0.617235
-0.588993 -0.541388 -0.495052 -0.429170 -0.357315 -0.309955 -0.246058 -0.031333 0.365480 0.515581
1.219618 1.362989 1.330686 1.219789 0.843013 0.296916 -0.040114 -0.060640 -0.043856 -0.070037
-0.181199 -0.351600 -0.475060 -0.523812 -0.535332 -0.537028 -0.494765 -0.299091 0.139488 0.375525
0.571143 0.316329 0.205731 0.218783 0.124624 -0.003615 0.112619 0.576132 0.854541 0.713513
0.327523 -0.045261 -0.290875 -0.455574 -0.588557 -0.674432 -0.668738 -0.483292 -0.059189 0.169808
0.297798 -0.079459 -0.230859 -0.269102 -0.295806 -0.284369 -0.109791 0.154488 0.315936 0.237156
0.047688 -0.081828 -0.114188 -0.167954 -0.261463 -0.321293 -0.294543 -0.122721 0.211957 0.278390
1.103470 1.113724 1.053047 1.011929 0.952635 0.963104 1.028937 1.103703 1.146986 1.159496
1.146619 1.175581 1.234562 1.211169 1.143515 1.138980 1.193956 1.310661 1.410638 0.981503
1.305992 1.734595 1.756079 1.767087 1.783244 1.825550 1.869290 1.890033 1.897612 1.904058
1.904284 1.901924 1.901407 1.864064 1.834768 1.862818 1.906926 1.955005 1.905184 1.232378
-0.530181 0.456276 1.770119 2.187466 2.351565 2.375200 2.396546 2.436984 2.389109 2.466150
2.481132 2.250447 1.648315 1.147571 1.232916 1.088665 0.612714 -0.480060 -0.655117 -0.456454
-1.065097 0.006561 2.074093 2.641690 2.787318 2.761936 2.843338 2.976836 2.953701 3.068633
3.039647 2.662134 1.790877 1.109850 1.231294 1.114564 0.592346 -0.992243 -1.121611 -0.714575
-1.123600 -0.108853 1.883622 2.470698 2.688433 2.599642 2.667142 2.937266 3.054020 3.150232
3.072860 2.663857 1.760521 0.971702 0.851134 0.804114 0.720371 -0.999648 -1.154016 -0.714027
-1.050525 -0.091352 1.382844 1.920430 2.403656 2.127204 1.824497 2.008397 2.551071 2.807658
2.855005 2.531760 1.715385 0.813677 0.208875 0.113562 0.697071 -0.939944 -1.170792 -0.751014
-0.844711 0.043739 0.694797 0.894577 2.086989 1.473855 0.503085 0.359255 1.424017 2.318440
2.650199 2.466897 1.728331 0.728258 -0.280848 -0.341752 0.517767 -0.849514 -1.155571 -0.779217
-0.418419 0.428412 0.010041 -0.094804 1.971502 0.839423 -0.690557 -0.719629 0.067405 1.576497
2.583954 2.570341 1.766428 0.649976 -0.524725 -0.536021 0.530429 -0.792529 -1.148599 -0.796678
0.143759 0.799619 -0.488935 -0.685976 1.947489 0.644578 -1.127350 -0.986760 -0.474978 0.754035
2.600075 2.699252 1.788092 0.598350 -0.669518 -0.614641 0.667552 -0.749647 -1.156873 -0.805309
0.527458 0.916589 -0.702077 -0.881948 1.781684 1.041238 -0.579417 -0.648864 -0.229309 0.817484
2.713024 2.752039 1.752551 0.550376 -0.800996 -0.704090 0.677170 -0.718266 -1.160522 -0.808799
0.543918 1.007240 -0.574032 -0.738434 1.880419 2.061277 0.907506 0.519447 0.777678 1.589648
2.917666 2.786951 1.733023 0.513702 -0.910767 -0.784697 0.553409 -0.698914 -1.157017 -0.806485
0.258631 1.172232 -0.053139 -0.010595 2.781572 3.013123 2.346026 1.841314 1.769982 2.412176
3.136316 2.804806 1.732754 0.508505 -0.958964 -0.837700 0.452927 -0.723319 -1.166718 -0.800225
-0.206295 1.073146 0.686373 1.228433 3.649038 3.713432 3.173095 2.645627 2.555443 3.099377
3.325819 2.821130 1.749286 0.551829 -0.876214 -0.787053 0.547024 -0.779912 -1.175539 -0.780735
-0.768124 0.387117 1.147375 2.308218 4.012761 4.084727 3.663939 3.240680 3.200763 3.532731
3.510548 2.894442 1.820839 0.688101 -0.491653 -0.468322 0.717569 -0.859179 -1.191971 -0.764302
-1.075336 -0.231829 1.090409 2.692461 4.061906 4.179425 3.926618 3.587021 3.546153 3.704969
3.604330 3.120789 2.201035 1.284866 0.580508 0.436350 0.823185 -0.920259 -1.222105 -0.776668
-1.000581 -0.294050 0.895530 2.302109 3.862062 4.028769 3.850205 3.517952 3.406292 3.502295
3.532397 3.368132 2.734511 2.213768 1.809664 1.474373 0.804129 -0.984561 -1.269520 -0.823375
-0.641261 0.284553 1.006116 1.744774 3.377664 3.660647 3.525635 3.133635 2.923071 2.997895
3.185169 3.260071 2.920761 2.742532 2.429535 1.878749 0.751548 -1.044185 -1.328291 -0.883481
-0.217586 1.253181 1.429700 1.706935 3.006236 3.257905 3.058881 2.595391 2.305307 2.368467
2.637499 2.818838 2.802899 2.900776 2.576020 1.880674 0.688457 -1.120488 -1.379779 -0.928747
0.225619 1.937226 2.130000 2.361074 2.939011 2.984839 2.761495 2.314128 2.137017 2.218098
2.295238 2.357324 2.592501 2.941594 2.620114 1.802005 0.604601 -1.177344 -1.375436 -0.928868
0.711719 2.264776 2.681942 2.862181 2.951955 2.888585 2.765230 2.572252 2.538980 2.526278
2.351046 2.244536 2.559614 3.057171 2.734468 1.762331 0.565278 -1.171652 -1.323866 -0.885131
1.022802 2.310163 2.821807 2.920197 2.725508 2.574899 2.578106 2.673517 2.787343 2.617385
2.298491 2.216120 2.603500 3.067566 2.741419 1.692780 0.505767 -1.044585 -1.206150 -0.864603
0.757919 1.496226 1.877825 1.888381 1.639191 1.477301 1.509523 1.672352 1.795967 1.665875
1.424765 1.412773 1.727843 1.949457 1.690843 0.973975 0.184258 -0.706352 -0.838746 -0.631462
-0.436722 -0.305106 0.745482 1.279940 1.535599 1.594853 1.568845 1.546744 1.600531 1.667970
1.676311 1.667606 1.619918 1.531593 1.471233 1.482691 1.414761 1.099697 0.721507 0.338352
-0.778664 -0.542965 0.786834 1.453504 1.826935 1.932178 1.889911 1.841228 1.907808 1.986472
2.009568 2.035963 1.993847 1.871393 1.794621 1.827021 1.765703 1.292496 0.732323 0.309063
-0.797132 -0.554461 0.780792 1.427683 1.834110 1.964898 1.876527 1.799824 1.869981 1.942681
2.001064 2.065765 2.016918 1.853236 1.760185 1.836862 1.788049 1.163872 0.550857 0.146815
-0.795062 -0.550042 0.724817 1.267101 1.657550 1.813833 1.588664 1.389010 1.513170 1.664426
1.839263 1.945879 1.870128 1.654632 1.539983 1.670765 1.538028 0.819548 0.338616 0.008587
-0.773396 -0.497393 0.624992 0.943380 1.370521 1.605020 1.065712 0.594415 0.886472 1.327822
1.646079 1.824415 1.737343 1.463795 1.328573 1.526460 1.311659 0.591040 0.258680 -0.048601
-0.725148 -0.419971 0.422278 0.465072 1.079852 1.423357 0.478560 -0.335057 0.305464 1.142558
1.554873 1.756729 1.690971 1.310360 1.156429 1.460875 1.309229 0.618946 0.270180 -0.082072
-0.675819 -0.385036 0.116806 0.070007 0.916738 1.364440 0.165381 -0.895010 0.029297 1.132377
1.572026 1.776038 1.728567 1.228072 1.061013 1.467899 1.436632 0.781778 0.330605 -0.117950
-0.659156 -0.400339 -0.070081 -0.037578 0.898681 1.419375 0.360656 -0.591244 0.251697 1.270923
1.683239 1.869522 1.831705 1.302779 1.095710 1.504512 1.553038 0.972451 0.425133 -0.126844
-0.667267 -0.440053 0.028075 0.185222 1.019207 1.557179 0.962086 0.368619 0.818162 1.498614
1.846468 1.995528 1.925856 1.472002 1.241383 1.573317 1.646125 1.142686 0.521717 -0.085609
-0.689140 -0.506877 0.314182 0.689172 1.327361 1.752941 1.491282 1.087404 1.227451 1.658911
1.978540 2.070319 1.957258 1.632608 1.421839 1.651585 1.720197 1.245159 0.581095 -0.006627
-0.717174 -0.536028 0.561047 1.184191 1.688510 1.965443 1.800981 1.398205 1.386042 1.726021
2.030528 2.080140 1.955061 1.767025 1.589320 1.705604 1.746761 1.245796 0.603775 0.113587
-0.763525 -0.550424 0.673598 1.404742 1.904103 2.144017 2.025114 1.618580 1.518140 1.788017
2.073170 2.084241 1.939906 1.830132 1.683346 1.692451 1.700425 1.175673 0.626798 0.256171
-0.764984 -0.504491 0.752018 1.487615 2.000171 2.269055 2.225954 1.894540 1.742950 1.897379
2.104296 2.127270 2.008414 1.942274 1.820905 1.762381 1.713033 1.193259 0.657356 0.304904
-0.734022 -0.481548 0.803282 1.548493 2.047184 2.287168 2.300795 2.085102 1.916784 1.939737
2.086040 2.155005 2.130486 2.124171 2.049241 1.941250 1.781638 1.254584 0.648944 0.156630
-0.711775 -0.481443 0.817589 1.591465 2.005220 2.167910 2.178580 1.993722 1.817058 1.824613
1.996615 2.136227 2.191365 2.217461 2.166426 2.059337 1.802305 1.258554 0.557324 -0.120392
-0.693248 -0.477915 0.795243 1.581791 1.894347 1.969134 1.917659 1.715484 1.580162 1.680484
1.926091 2.113760 2.198178 2.250000 2.246767 2.171721 1.859244 1.244150 0.484179 -0.309615
-0.662014 -0.489485 0.755005 1.571723 1.883194 1.936941 1.820024 1.612864 1.568679 1.724437
1.961685 2.116905 2.170014 2.242100 2.321527 2.313190 1.981511 1.322156 0.537005 -0.277361
-0.645446 -0.487909 0.753056 1.613943 2.000764 2.100583 1.997425 1.849480 1.843111 1.939123
2.101755 2.206044 2.224252 2.311703 2.428020 2.430048 2.093383 1.446589 0.746150 -0.011658
-0.544883 -0.379503 0.756842 1.588705 1.994618 2.125890 2.045684 1.941160 1.925470 1.975793
2.080163 2.161800 2.170362 2.226607 2.324902 2.321777 1.995153 1.415123 0.907470 0.317261
-0.210311 -0.096628 0.589658 1.085693 1.327631 1.410701 1.353907 1.293130 1.277662 1.301525
1.373347 1.425991 1.437896 1.468966 1.522982 1.495448 1.270674 0.945323 0.701101 0.415919
-0.183542 0.264990 0.455885 0.328005 0.163034 0.257532 0.397368 0.404075 0.397605 0.514887
0.643472 0.650164 0.560638 0.493168 0.544302 0.654681 0.742124 0.560046 0.566045 0.921938
-0.023638 0.654418 1.115363 0.990824 0.748025 0.896691 1.204771 1.336644 1.250549 1.014384
0.689500 0.384252 0.151858 0.050154 0.282565 0.771596 1.237457 1.143005 1.212302 1.535913
0.922895 2.174730 2.680499 2.535236 2.147353 1.909696 1.870649 1.835344 1.630403 1.180053
0.702179 0.529356 0.490645 0.306393 0.463974 1.336404 2.166368 2.204808 2.156869 1.976963
1.899094 2.898444 3.134931 2.990227 2.694560 2.286400 1.945662 1.772752 1.692333 1.529746
1.327320 1.450747 1.793575 1.900144 1.910287 2.377036 2.761091 2.789990 2.595698 2.082385
1.786455 2.407549 2.474042 2.396715 2.248785 1.851321 1.228852 0.773087 1.002339 1.472948
1.794060 2.061641 2.575907 2.945515 3.082361 3.232150 3.283036 3.110217 2.752611 2.105038
1.348069 1.657063 1.482383 1.364092 1.392782 0.871386 -0.593532 -1.638094 -0.899605 0.742632
1.786467 2.323784 2.804886 3.104731 3.225622 3.323630 3.319900 3.163211 2.813595 2.113382
0.964006 0.967022 0.401697 0.072862 0.441795 0.452380 -1.405040 -3.295369 -2.269088 0.333022
1.954214 2.431881 2.621315 2.708212 2.714064 2.777676 2.844752 2.813913 2.568132 1.957902
0.785548 0.674726 -0.252498 -0.700838 -0.071849 0.864916 0.527831 -1.126331 -0.739494 1.005394
2.106578 2.125579 2.126550 2.104277 2.005346 2.007755 2.179584 2.347431 2.257719 1.764810
1.482726 2.096704 1.435703 1.087085 1.494745 1.875839 1.838809 1.350341 1.119112 1.309717
1.358205 1.268893 1.178279 1.091391 0.992212 1.079677 1.486580 1.929749 2.012788 1.641649
1.995256 3.047152 3.589574 3.748929 3.457315 2.701771 1.829098 1.120834 0.750564 0.659736
0.544411 0.253650 -0.019508 -0.198420 -0.275144 -0.051964 0.741270 1.543790 1.779102 1.526519
1.272794 2.269039 2.868119 3.272150 3.341130 3.048677 2.544891 1.739102 1.406050 1.173140
0.556522 -0.244084 -0.916320 -1.265367 -1.298231 -0.797018 0.493312 1.384884 1.419146 1.241469
-0.294531 0.945021 1.880071 2.396765 2.643478 2.753943 2.843745 2.835856 2.727101 2.584728
2.252496 1.453256 0.729422 0.420230 0.346580 0.800073 1.848085 1.628660 1.006842 0.844726
-0.959484 -0.275763 0.874988 1.442395 1.698537 1.899356 2.127174 2.329455 2.509019 2.670369
2.921239 3.203083 3.311397 3.229091 2.983776 2.632541 2.275559 1.704984 0.911780 0.767639
-0.907978 -0.860726 -0.230843 0.379403 0.853901 1.251685 1.472099 1.548042 1.604999 1.680946
1.861124 2.109487 2.297080 2.407763 2.371321 2.219126 2.096300 1.830873 1.283223 0.920380
-0.397367 -0.451175 -0.613155 -0.538117 0.094850 0.706538 0.814113 0.510088 0.278074 0.267984
0.572277 0.994123 1.319452 1.573718 1.698148 1.743991 1.748685 1.592896 1.136227 0.804434
0.398850 0.823961 0.708066 0.497316 0.505792 0.727952 0.311412 -0.522639 -1.038368 -0.950171
-0.391173 0.214085 0.589433 0.863249 0.985530 1.010195 1.018824 0.868482 0.628783 0.670983
0.459047 0.740536 0.701433 0.667722 0.580167 0.455163 0.302738 -0.446649 -0.688020 -0.381281
-0.017066 0.032068 -0.026632 0.026480 -0.008712 -0.127412 -0.200545 -0.309153 -0.348004 0.223059
-0.816749 -1.216962 -1.458403 -1.532713 -1.611744 -1.643263 -1.592235 -1.473127 -1.507660 -1.654725
-1.781434 -1.871095 -1.953477 -1.850880 -1.741291 -1.777512 -1.871520 -1.994905 -1.735808 -0.499982
-1.544546 -1.877891 -2.028847 -2.034276 -2.141600 -2.375357 -2.516174 -2.544634 -2.559468 -2.619479
-2.675940 -2.699683 -2.672033 -2.483829 -2.238861 -2.164376 -2.285993 -2.416377 -2.150450 -0.848690
2.396536 2.902900 2.900329 2.865947 2.859141 2.878258 2.881623 2.879704 2.894451 2.901182
2.882355 2.849634 2.833879 2.838765 2.883071 2.952258 2.948604 2.864347 2.804138 2.301404

