0.635147 1.436564 2.483451 3.732612 4.600274 4.947639 4.824943 4.564788 4.623879 4.727521
4.694514 4.579797 4.498130 4.650361 5.023797 5.499343 5.781246 5.760221 5.811229 5.854264
5.934044 5.971467 5.854628 5.685398 5.441195 5.420485 5.590427 5.878604 6.113277 6.221775
5.814310 5.242186 4.490201 4.305512 4.612129 4.982553 5.237391 4.775833 3.228395 1.715100
0.474396 1.418487 2.522090 3.778777 4.719680 5.185833 5.308506 4.864829 4.827939 4.891627
4.779599 4.517662 4.288464 4.455461 4.897092 5.448347 5.905396 6.071417 6.075752 6.086220
6.151609 6.253735 6.137041 5.787792 5.223149 5.202910 5.488451 5.848693 6.149213 6.499023
6.304214 5.590163 4.367346 3.681950 3.879999 4.533684 5.211162 5.210697 3.632069 1.436772
0.437976 1.456391 2.609103 3.793210 4.782474 5.482972 5.729138 5.147023 5.185237 5.420949
5.287513 4.637493 3.964029 4.063018 4.607073 5.236417 5.661025 5.894248 6.019313 6.124102
6.121958 6.203751 6.062913 5.444043 4.596861 4.688688 5.102997 5.620797 6.107604 6.498426
6.288591 5.373762 3.808129 3.181957 3.488754 4.168293 5.101482 5.632241 4.460589 1.978717
0.408625 1.440126 2.613450 3.763555 4.758521 5.217855 5.146761 4.860946 5.243205 5.671350
5.552240 4.471634 3.611057 3.846534 4.438270 5.028090 5.407536 5.463405 5.683976 5.933630
5.969528 6.092259 6.074878 5.563633 4.739355 4.780700 5.125003 5.586870 5.957125 6.178223
5.944746 5.278502 3.682726 2.912590 3.230795 3.975352 4.889631 5.544406 4.686736 2.142282
0.410660 1.428213 2.568217 3.632646 4.252261 3.861541 3.763298 4.316499 5.009149 5.530744
5.173924 3.891565 3.450609 3.943760 4.554639 5.057059 5.328649 5.293361 5.491596 5.760707
5.840922 6.001991 6.096209 5.969363 5.176814 5.039587 5.252360 5.544450 5.734751 5.971830
5.941365 5.430519 3.897547 2.730510 3.060986 3.821367 4.772912 5.431886 4.685766 2.011715
0.423549 1.432589 2.527407 3.473322 3.178886 2.651786 3.198334 4.114703 4.901276 5.395644
4.421311 3.142540 3.307860 4.016426 4.622982 5.072959 5.262921 5.171270 5.249362 5.320679
5.467649 5.773174 5.918979 5.840993 5.071885 4.827412 4.926743 5.261704 5.442208 5.878671
6.142111 5.673597 3.690332 2.397805 2.818731 3.649137 4.710690 5.416761 4.662556 1.911953
0.416677 1.428722 2.542321 3.431906 2.423787 2.265531 3.083440 4.123715 4.982545 5.634713
4.266997 2.954650 3.353215 4.102455 4.629049 4.999681 5.094653 5.007347 5.013326 4.980943
5.200191 5.466243 5.210269 4.695269 4.144333 4.150407 4.225649 4.827220 5.188748 5.743754
6.122461 5.146214 2.526192 1.917001 2.425681 3.304988 4.509080 5.356051 4.593071 1.885410
0.411276 1.420335 2.557878 3.483509 2.438785 2.363132 3.142231 4.154865 5.045913 5.767966
4.676760 3.333517 3.510273 4.111455 4.548746 4.895967 4.967264 4.932894 4.972776 4.937061
5.138810 4.565514 3.085813 2.354129 2.568151 2.850427 3.324559 4.200916 5.039239 5.693676
6.055608 4.018476 1.224916 1.599538 2.171257 2.884735 4.098909 5.151150 4.426838 1.843948
0.432053 1.425246 2.575037 3.552803 2.880558 2.419866 3.024437 4.006600 4.955407 5.685903
5.078654 3.873038 3.501665 3.874840 4.274254 4.649837 4.779271 4.765162 4.904373 5.074770
5.251634 3.892874 1.532083 1.587768 2.168942 2.438050 3.017735 3.866862 4.862036 5.481503
5.832691 3.194790 0.805382 1.558325 2.217257 2.689958 3.783748 4.932899 4.246456 1.764109
0.435229 1.426358 2.537177 3.225694 2.345912 1.868972 2.628721 3.616837 4.756151 5.555358
5.154071 3.841472 2.940159 3.091213 3.456110 3.805348 3.881546 3.848216 4.159431 4.686141
4.883201 3.784308 1.553680 1.586427 2.355591 2.668183 3.204376 3.942280 4.805518 5.265874
5.549558 3.189221 0.805267 1.542319 2.255722 2.742762 3.756421 4.875560 4.076631 1.595707
0.423394 1.416101 2.425380 2.419089 1.277218 1.554382 2.384208 3.280360 4.380136 5.193069
4.771507 3.071707 1.848263 1.922268 2.120667 2.237966 2.301990 2.608546 2.967954 3.608278
4.030764 3.705107 2.079813 1.859070 2.592076 3.022121 3.406535 3.917348 4.667295 5.142944
5.504934 3.769833 1.135850 1.625294 2.312591 2.962528 3.978127 4.991541 3.942513 1.414987
0.420654 1.390747 2.269254 1.569124 0.728869 1.486646 2.402709 3.246570 4.249160 5.044636
4.530272 2.633812 1.339767 1.388122 1.329540 1.378167 1.656624 2.036316 2.351251 2.848361
3.284555 3.574945 2.636523 2.265260 2.770010 3.116409 3.356878 4.002848 4.722965 5.236355
5.604272 4.645967 2.025364 1.831629 2.396695 3.214285 4.254548 5.113975 3.841491 1.333866
0.425956 1.385377 2.240757 1.350743 0.702303 1.495571 2.574861 3.464267 4.358035 4.978541
4.557828 2.579840 1.225016 1.092686 0.630067 0.898050 1.687367 1.948969 2.115473 2.519975
2.997912 3.647572 3.244386 2.677595 2.738109 2.694718 3.028751 3.923503 4.734199 5.299417
5.707308 5.375594 3.330681 2.120970 2.422269 3.329257 4.469151 5.202142 3.769889 1.333050
0.432474 1.394655 2.300437 1.592603 0.779137 1.555491 2.727525 3.662424 4.531214 4.962851
4.654926 2.834139 1.399251 1.100533 0.406242 0.942966 1.885596 2.080159 2.084552 2.452370
3.017527 3.844437 3.680078 2.979481 2.391648 2.149608 2.842467 3.892343 4.744673 5.370894
5.869350 5.550499 3.472919 2.057919 2.346740 3.266523 4.516203 5.248617 3.752835 1.370831
0.429175 1.401810 2.318633 1.782661 0.985826 1.709864 2.812240 3.766441 4.659617 4.993833
4.627793 2.971717 1.805373 1.452182 0.642454 0.967758 1.921280 2.166417 2.102234 2.368338
2.965026 3.845437 3.779823 3.046541 1.831990 1.922992 2.840296 3.921172 4.722912 5.394057
5.970107 5.015023 2.084450 1.736233 2.195827 2.940924 4.202543 5.142066 3.758796 1.389546
0.429745 1.393230 2.300406 1.806180 1.042367 1.746796 2.798928 3.757663 4.646832 4.744456
3.876752 2.849750 2.215489 1.937475 1.246381 1.238693 1.874331 2.027670 2.000472 2.257091
2.944926 3.829569 3.826000 3.024072 1.636599 1.905389 2.915578 3.972608 4.733285 5.410658
5.963271 4.165512 1.107574 1.609647 2.158864 2.587640 3.702047 4.880629 3.775439 1.401884
0.425734 1.396505 2.373962 1.973175 1.116799 1.721453 2.746521 3.684580 4.543941 4.163954
3.022546 2.658591 2.828960 2.920101 2.386867 2.121840 2.221986 2.283185 2.243698 2.620786
3.346327 4.188747 4.215469 3.393807 1.914446 2.021507 2.985584 4.014376 4.786502 5.441178
5.940985 4.000768 1.026360 1.603565 2.229450 2.520966 3.557977 4.731087 3.830177 1.456814
0.418782 1.395697 2.470616 2.407967 1.452405 1.717573 2.698956 3.635608 4.122254 3.189086
2.498739 2.601265 3.453825 4.184885 3.953247 3.532000 3.170185 3.127872 3.057879 3.398104
4.146474 4.827461 4.882083 4.081844 2.479773 2.244488 3.067084 4.046458 4.847447 5.492316
6.023438 4.965890 1.687969 1.738269 2.365369 2.754430 3.754650 4.820487 4.026688 1.519288
0.424752 1.386685 2.577066 3.097476 2.262664 1.879815 2.712135 3.474323 2.799579 2.303745
2.346908 2.799790 3.844688 4.937307 5.304251 5.317397 4.787123 4.572493 4.559222 4.912220
5.377837 5.620447 5.553852 4.970387 3.409873 2.684239 3.238525 4.093635 4.878611 5.496388
6.058894 5.750401 3.277836 2.161223 2.524171 3.133822 4.166624 5.073213 4.375118 1.651603
0.438113 1.373219 2.569523 3.527326 3.097531 2.440897 2.900501 3.409494 2.063895 1.999379
2.417230 3.022305 3.835736 4.720642 5.263189 5.617602 5.497354 5.458101 5.404562 5.731587
6.121902 6.288479 6.129007 5.808117 4.609609 3.524018 3.605392 4.227311 4.904027 5.451731
5.979933 5.889238 4.067687 2.461237 2.705700 3.452289 4.513200 5.256564 4.667031 1.873556
0.443277 1.349959 2.520128 3.652528 3.990461 3.387651 3.160047 3.350251 2.261807 2.044057
2.590186 3.290192 3.956636 4.402015 4.722583 5.008623 5.065250 5.099869 5.090493 5.437469
5.934189 6.465655 6.417265 6.187759 5.552414 4.566849 4.256591 4.512920 4.966720 5.410999
5.888392 5.605160 3.421847 2.214645 2.670012 3.480556 4.560725 5.297890 4.772183 1.967324
0.423137 1.330525 2.381635 3.330460 4.042575 3.537740 3.187479 3.217106 2.661740 2.466023
2.976157 3.687466 4.264272 4.548580 4.714101 4.849330 4.571030 4.075403 3.996361 4.657170
5.287761 6.054395 6.459942 6.330480 5.893029 5.530678 5.175200 5.015651 5.131084 5.440347
5.833666 5.218692 2.378775 1.924490 2.530991 3.329111 4.473301 5.332006 4.735367 1.691161
0.485467 1.443754 2.325354 3.012935 3.463906 2.962955 2.628420 2.549290 2.570101 2.782688
3.354679 4.147019 4.728898 4.958972 4.981909 4.934439 3.523603 2.447765 3.026614 3.950284
4.762402 5.529227 6.229441 6.260096 5.989650 6.076593 5.999637 5.620518 5.371791 5.512680
5.789481 5.112427 1.844469 1.814457 2.480814 3.279941 4.443365 5.345222 4.464273 1.132111
0.486012 1.459424 2.277893 2.773730 2.835796 2.016665 1.783736 1.827309 2.154168 2.519252
3.167171 3.988902 4.667932 4.836224 4.839505 4.733240 3.011264 2.180554 2.883442 3.809406
4.614157 5.427442 5.934757 5.888336 5.817507 6.093860 6.224622 5.842848 5.276596 5.263053
5.539931 5.194453 2.293013 1.975834 2.547535 3.404283 4.442003 5.190884 3.719633 0.724524
0.497343 1.401440 2.146301 2.286234 1.687791 1.073313 1.010324 1.280210 1.517527 1.723879
2.433396 3.537098 4.590491 4.641004 4.574026 4.192707 3.103342 2.579371 3.127239 3.856686
4.632960 5.461451 5.851386 5.681256 5.650436 5.917143 5.978374 5.417379 4.736735 4.815506
5.206823 5.509161 4.046463 2.636389 2.866685 3.625247 4.631887 5.054949 2.442574 0.326998
0.491052 1.312249 2.005230 1.856551 1.024329 0.692953 0.675884 0.928359 1.184162 1.417059
1.944917 3.012563 4.191165 4.528354 4.395221 3.324714 2.941159 3.095390 3.623228 4.288502
5.022791 5.559513 5.686800 5.482737 5.463165 5.672216 5.555554 4.894072 4.448436 4.577474
4.962399 5.339454 4.714926 3.502173 3.527534 4.112453 4.838253 4.386740 1.177629 0.318326
0.487668 1.289237 2.009722 1.728243 0.686098 0.647451 0.663385 0.804476 1.144716 1.450545
1.682090 2.530476 3.693471 4.434407 4.195100 2.960368 2.843638 3.218575 3.750079 4.299747
4.821306 5.214053 5.386438 5.337892 5.334386 5.420703 5.277289 4.738739 4.325154 4.342854
4.577310 4.626547 3.952746 3.372203 3.678700 4.269246 4.397357 2.435543 0.607662 0.336368
0.517582 1.322349 2.114468 1.898901 0.600371 0.809082 0.820940 0.805341 1.115255 1.440716
1.473491 2.153483 3.325693 4.357893 4.427936 3.359493 3.030143 3.083091 3.060795 3.360144
4.109756 4.859326 5.289640 5.481443 5.518438 5.447591 5.277604 4.871698 4.565016 4.488375
4.291169 2.982938 1.839409 2.203287 2.641673 3.044268 2.801857 0.786243 0.305258 0.509365
0.485541 1.334137 2.250350 2.510386 0.958737 0.955573 0.983495 0.836373 0.965182 1.115914
1.217508 1.760408 2.879776 4.109992 4.777609 4.031259 2.975577 1.860692 1.287250 1.924735
2.926084 4.093985 4.890882 5.140807 4.959323 4.887458 4.900360 4.810762 4.679622 4.365194
3.167394 1.020005 1.066331 1.464665 1.493104 1.905316 1.789497 0.572198 0.268244 0.618492
0.478910 1.376614 2.362122 3.184383 2.202321 1.473022 1.230277 0.826597 0.691485 0.829087
1.018258 1.432541 2.412579 3.574530 4.398322 3.932198 2.650567 0.638321 0.905301 1.623102
2.399389 3.263168 3.780367 3.333947 2.962465 3.328251 3.807688 4.021302 3.876334 2.866318
1.849240 0.694287 0.957724 1.195891 1.157403 1.583471 1.626869 0.982518 0.492620 0.515447
0.502071 1.388658 2.432560 3.439699 3.361699 2.230627 1.450945 0.907232 0.526816 0.612405
0.671631 1.114278 1.937375 2.675146 3.003134 2.588623 1.996184 0.616046 0.838990 1.422650
1.877161 2.379285 2.083973 1.448731 1.531020 1.798635 2.187537 2.610505 2.233791 1.313915
1.129088 0.751438 1.040555 1.355393 1.403176 1.557976 1.690969 1.586762 1.307133 0.670244
0.473558 1.394352 2.502165 3.508841 3.904653 3.048592 1.838771 1.222301 0.695753 0.593107
0.375601 1.000227 1.479617 1.459731 1.026795 1.143364 1.555545 1.072440 0.883574 1.137142
1.321718 1.463832 0.941590 0.684040 0.949431 0.973195 1.377512 1.680921 1.347849 0.865520
0.840135 0.835810 1.168849 1.567656 1.822930 1.946968 2.090521 2.152035 1.852123 0.860964
0.477353 1.421697 2.522352 3.621428 4.334812 4.025738 2.844169 1.984277 1.364687 1.067781
0.437133 0.974301 1.234840 0.936468 0.408654 0.916232 1.476732 1.199870 1.041531 1.043187
1.045892 0.962296 0.656683 0.564889 0.897916 0.831022 0.948526 1.186535 1.218027 0.999748
0.882548 1.000273 1.516187 2.078747 2.403660 2.751297 2.836460 2.789160 2.218566 0.947873
0.465752 1.437763 2.550137 3.712332 4.613305 4.957014 4.370048 3.214339 2.412399 1.961619
1.180333 1.278907 1.347039 1.074148 0.439652 0.800761 1.347878 1.153693 1.086901 1.058097
0.913008 0.918416 0.808204 0.613661 0.817827 0.860577 0.893866 1.145266 1.447822 1.673638
1.684766 1.752620 2.244327 3.007544 3.454806 3.908355 3.965147 3.606331 2.488085 0.924111
0.473974 1.445405 2.552626 3.743493 4.753211 5.459555 5.607041 4.709226 3.550489 2.809571
2.295837 2.183619 2.065918 1.824582 1.223952 1.236042 1.607736 1.556306 1.410782 1.354875
1.018127 1.083196 1.122884 0.937629 0.935204 1.008241 0.897614 1.349858 1.924272 2.534904
3.049184 3.268728 3.347496 3.938638 4.453538 4.886947 5.106751 4.553897 2.767174 0.672168
0.443029 1.449924 2.562343 3.765406 4.790226 5.621476 6.173456 5.849159 4.679041 3.708232
3.168552 3.266677 3.326630 3.218655 2.694949 2.368176 2.490822 2.619964 2.556122 2.390518
1.877415 1.670193 1.720982 1.555772 1.497983 1.388542 1.058645 1.517787 2.239990 3.110550
4.097157 4.712407 4.638745 4.693823 4.758410 5.084498 5.472361 5.296700 3.271370 0.367530
0.447605 1.482656 2.628133 3.832017 4.775061 5.605325 6.320561 6.324031 5.403479 4.667036
4.312563 4.462815 4.613945 4.796729 4.562026 3.976940 3.721937 3.837475 3.950702 3.866189
3.475861 3.135676 3.058351 2.449308 2.118636 1.819210 1.352324 1.905356 2.748912 3.682810
4.748055 5.488307 5.242842 4.507043 4.224801 4.760607 5.380333 5.542740 3.836001 0.376787
0.487915 1.521756 2.677650 3.813146 4.703393 5.504078 6.214109 6.411008 5.694316 5.403279
5.324465 5.489731 5.360968 5.765957 5.887210 5.420480 4.949172 4.947848 5.140721 5.404969
5.359298 5.004862 4.693618 3.922137 2.966163 2.431220 1.825909 2.355458 3.340769 4.249887
5.202290 5.819238 5.465758 3.871594 3.775298 4.530102 5.236122 5.563340 4.350027 0.804145
0.513726 1.536577 2.753931 3.883959 4.776998 5.597825 6.280407 6.554345 5.981571 5.940259
6.170749 6.372414 5.844745 6.045874 6.224233 5.928143 5.435109 5.649215 5.963764 6.473357
6.805123 6.645695 6.109948 5.463407 4.604199 3.782214 2.996001 3.170268 4.150669 5.065162
5.906260 6.159674 5.704936 4.520681 4.347767 4.859078 5.489316 5.842715 4.868150 1.571995
0.965141 1.800186 3.157304 4.542434 5.684177 6.475543 6.779340 7.000427 6.630467 6.746324
6.971737 7.085955 6.524186 6.515081 6.558887 6.211139 5.858500 6.264817 6.581606 6.920577
7.086063 6.943928 6.536118 6.196405 5.952250 5.295129 4.770454 4.942013 5.632296 6.291933
6.774724 6.783002 6.254974 5.897315 5.898372 6.164751 6.421410 6.533107 5.784970 3.007474
0.405778 0.458444 0.456722 0.479768 0.495579 0.500173 0.491920 0.496576 0.505891 0.512604
0.512682 0.510427 0.503416 0.496832 0.496143 0.498878 0.509589 0.526761 0.540395 0.540791
0.538149 0.546448 0.558691 0.572703 0.591631 0.609935 0.610634 0.599203 0.581749 0.564665
0.553812 0.547228 0.534025 0.525939 0.556292 0.538732 0.531318 0.524523 0.529119 0.495516
1.169201 1.193772 1.267966 1.323094 1.338518 1.336140 1.312484 1.290054 1.297387 1.318430
1.344423 1.357237 1.345275 1.324879 1.311183 1.317862 1.342159 1.391801 1.421813 1.398927
1.336787 1.255988 1.170505 1.068036 0.986816 1.005655 1.110547 1.219747 1.271339 1.261926
1.204679 1.079554 0.904738 0.835033 1.041319 1.272503 1.373853 1.405514 1.429433 1.478871
1.962658 2.166536 2.318295 2.364616 2.354980 2.320753 2.268064 2.225693 2.232908 2.258028
2.254603 2.159790 1.973124 1.802345 1.687074 1.650952 1.680593 1.789709 1.948338 1.979271
1.847209 1.550409 1.221920 0.964946 0.829843 0.833705 0.948869 1.251034 1.545384 1.463563
1.073568 0.746631 0.568145 0.572497 1.009541 1.790660 2.261411 2.415596 2.500458 2.526134
2.134647 2.661775 3.097385 3.138165 2.994976 2.849262 2.771826 2.790637 2.810946 2.802786
2.733837 2.494214 2.119655 1.837756 1.713123 1.687917 1.711277 1.797841 1.991814 2.112186
2.034174 1.892531 1.775403 1.687647 1.620331 1.606545 1.638092 1.727224 1.809541 1.757307
1.614070 1.500428 1.411350 1.366040 1.522298 2.201832 2.847451 3.160292 3.274900 3.115685
1.799165 2.408506 3.117813 3.045227 2.692139 2.407638 2.485406 2.804049 3.031268 3.058064
2.971841 2.754924 2.544291 2.432382 2.408175 2.400758 2.390625 2.419723 2.490279 2.603263
2.599503 2.585836 2.595180 2.621228 2.602309 2.559009 2.505808 2.526130 2.538800 2.520700
2.487292 2.471654 2.464996 2.388978 2.363058 2.840097 3.367224 3.675962 3.666200 3.230832
1.748641 2.133952 2.740222 2.598452 2.311431 2.060936 2.158431 2.561753 2.965513 3.153143
3.211843 3.067236 2.998141 3.004767 3.035956 3.035796 3.016073 3.047769 3.104554 3.188227
3.228522 3.325095 3.428199 3.476494 3.421973 3.297592 3.187292 3.230781 3.285290 3.340034
3.421733 3.509976 3.525859 3.306427 3.082021 3.388588 3.725464 3.835519 3.522239 2.896717
1.941826 2.354959 2.881895 2.821880 2.745687 2.493696 2.579271 2.830046 3.157905 3.405014
3.633022 3.593951 3.607624 3.678308 3.711751 3.662529 3.622419 3.646724 3.674857 3.710220
3.775617 3.926952 4.051318 4.066220 3.920890 3.652991 3.439674 3.549766 3.694340 3.805474
3.915919 3.888962 3.418906 2.719457 2.721457 3.351040 3.739113 3.660427 3.181558 2.624455
1.748863 2.235018 2.954462 2.940125 2.978026 2.885735 3.012268 3.170035 3.262924 3.382854
3.680982 3.818419 3.946393 4.158607 4.307370 4.317695 4.260685 4.204166 4.176199 4.096999
3.872345 3.393136 2.682064 2.037714 1.786587 1.570261 1.687294 2.292485 3.050788 3.579032
3.524989 2.666384 1.270040 0.589612 0.966139 2.212336 3.092912 3.173064 2.860715 2.492182
1.371478 1.822169 2.779498 2.986570 3.096072 3.020188 3.237374 3.437090 3.464502 3.554691
3.880338 4.133625 4.273238 4.429744 4.572917 4.653440 4.615202 4.458487 4.253148 3.874226
3.089410 1.785588 0.818257 0.504987 0.523156 0.497365 0.516418 0.806838 1.846561 2.884878
2.624531 1.573208 0.704956 0.496704 0.656719 1.307855 2.430548 2.861886 2.756523 2.484145
1.517938 1.942941 2.764252 2.674794 1.943055 1.626295 2.367985 3.145759 3.337530 3.459618
3.678105 3.748010 3.658103 3.564632 3.575466 3.560780 3.487726 3.329264 3.132460 2.898921
2.370047 1.774278 1.521679 1.419161 1.439508 1.429888 1.392479 1.486039 1.890870 2.673503
2.481644 1.894269 1.393523 1.200725 1.199344 1.620062 2.458913 2.918637 2.864686 2.550810
1.766367 2.139820 2.474205 1.635790 0.749568 0.462285 0.825459 1.657429 2.408383 2.696822
2.629485 2.082328 1.439947 1.165073 1.085300 1.027853 1.059548 1.171120 1.391490 1.817825
2.227404 2.397488 2.631700 2.565119 2.510209 2.473578 2.369802 2.371123 2.515302 2.889338
2.857042 2.669219 2.400505 2.023274 1.772520 2.110693 2.822318 3.157985 3.003613 2.549326
1.766756 1.954240 1.857851 1.044315 0.435546 0.277716 0.573994 1.258140 1.875830 2.083636
1.781416 1.094529 0.646645 0.470715 0.393657 0.299377 0.399511 0.726776 1.000875 1.251389
1.763965 2.336677 2.854925 3.012580 2.938495 2.752290 2.524024 2.502424 2.742959 3.123450
3.329143 3.366401 3.331163 2.912370 2.304232 2.495726 3.114166 3.319240 3.042470 2.477042
1.647119 1.706630 1.511007 1.041131 0.735704 0.648580 0.773047 1.130154 1.632132 1.702775
1.327988 0.827834 0.488857 0.233495 0.002395 -0.177808 -0.080413 0.302731 0.737419 1.094917
1.486608 2.157645 2.948981 3.146671 3.032456 2.676574 2.340463 2.409403 2.836627 3.343329
3.742126 3.935518 4.034822 3.584548 2.823900 2.841704 3.283993 3.306390 2.924990 2.376043
1.720168 1.901385 2.012545 1.807155 1.631089 1.491108 1.535894 1.849642 2.074228 2.063823
1.711071 1.227257 0.854118 0.692277 0.697321 0.647362 0.648188 0.716160 0.729186 0.871422
1.225352 1.821258 2.505475 2.778565 2.757498 2.466648 2.327411 2.569139 2.972612 3.460808
4.008981 4.312566 4.133515 3.252960 2.695368 2.952813 3.314346 3.181976 2.808350 2.340783
1.838367 2.175143 2.499293 2.498761 2.505204 2.405874 2.395366 2.628093 2.826728 2.742876
2.258573 1.717213 1.325577 1.252730 1.600378 1.643106 1.522321 1.379680 1.312238 1.366833
1.468073 1.672614 2.036613 2.213545 2.406998 2.468525 2.638487 2.966358 3.245838 3.568180
3.935780 3.797084 2.536352 1.307624 1.450233 2.325720 2.925339 2.926742 2.729587 2.391724
1.874095 2.269458 2.745202 2.892040 2.951800 2.875211 2.899179 3.000128 2.957532 2.624540
1.990451 1.453753 1.018968 1.026138 1.702488 2.184627 1.702357 1.081177 1.077937 1.467360
1.800658 1.996491 2.113961 2.113015 2.381002 2.627008 2.953387 3.331817 3.524621 3.664735
3.580364 2.700178 1.121642 0.468214 0.678256 1.406775 2.274107 2.658662 2.677210 2.458388
1.860789 2.206980 2.681774 2.862029 2.898302 2.769760 2.665936 2.521633 2.164362 1.684144
1.254238 0.997295 0.896998 0.818007 0.852520 0.872897 0.702977 0.496711 0.529688 0.948841
1.827394 2.438525 2.660850 2.696497 2.904991 3.083568 3.359952 3.674752 3.785352 3.805155
3.454951 2.393643 1.323746 0.891425 0.883385 1.138603 1.952282 2.567275 2.710827 2.561520
1.874709 2.233465 2.724594 2.859355 2.877945 2.687630 2.556806 2.430320 2.145048 1.628389
1.264479 1.245688 1.352682 1.323270 1.207123 1.112629 1.063998 1.087119 1.144162 1.340598
1.942256 2.615484 2.991610 3.168019 3.393368 3.523171 3.669519 3.844973 3.902336 3.895516
3.646886 3.017484 2.300351 1.748193 1.499092 1.667312 2.247508 2.735211 2.729917 2.535164
1.899065 2.346868 2.934825 3.113978 3.246753 3.114147 3.012246 2.722332 2.094017 1.059491
0.814671 1.076958 1.549323 1.611531 1.488200 1.429128 1.486930 1.616330 1.762292 1.931683
2.233625 2.583402 2.878969 3.185389 3.580122 3.825315 3.911860 3.953792 3.929415 3.912777
3.864796 3.659658 3.422470 2.876169 2.255254 2.325505 2.727334 3.003274 2.757456 2.418673
1.792698 2.355154 3.113192 3.445776 3.562503 3.430625 3.191332 2.498350 1.561658 0.969591
0.754118 0.634818 0.669056 0.644661 0.542635 0.515649 0.578929 0.706877 0.942671 1.361241
1.853438 2.257725 2.550309 2.900152 3.433105 3.890959 4.047589 4.028105 3.918246 3.886402
3.979321 4.009972 3.887705 3.265652 2.553017 2.630877 2.953199 3.047211 2.648478 2.309406
1.594163 2.089704 2.988775 3.482168 3.610273 3.576260 3.337595 2.806664 2.144875 1.399525
0.988317 0.768695 0.688435 0.655793 0.643703 0.638483 0.632521 0.652908 0.747007 0.929289
1.252940 1.823759 2.421261 2.906688 3.387119 3.775890 3.939944 3.943605 3.823793 3.786500
3.877722 3.792870 3.314032 2.439145 2.105855 2.416182 2.711310 2.721771 2.366093 2.173260
0.978940 0.883748 1.503545 1.959381 2.000357 1.870244 1.597686 1.376356 1.351792 1.424833
1.547017 1.691723 1.679701 1.652985 1.639172 1.602680 1.453631 1.177255 1.003062 0.996144
1.132465 1.599994 2.364793 2.995013 3.399036 3.668789 3.770192 3.762634 3.674556 3.592803
3.435318 2.787229 1.811625 1.168338 1.454515 2.051601 2.425401 2.492562 2.197690 2.051011
0.478876 0.379454 0.571884 0.704638 0.783040 0.858186 0.932763 0.997734 1.277302 1.815708
2.372730 2.615753 2.630497 2.605818 2.584020 2.356412 1.610235 0.725557 0.479645 0.449408
0.536895 1.033399 2.044272 2.837356 3.250141 3.526685 3.607732 3.527003 3.387096 3.204046
2.870392 2.153914 1.259289 0.754091 1.157872 1.987379 2.535725 2.619864 2.122365 1.818439
1.281143 1.274236 1.339509 1.378368 1.275195 1.124142 1.194995 1.432470 1.717724 2.217577
2.899973 3.316153 3.405629 3.383618 3.234206 2.728549 1.925066 1.432204 1.306861 1.300251
1.347371 1.538009 1.953999 2.347237 2.638820 2.817618 2.818758 2.652936 2.467339 2.374501
2.223692 1.777292 1.312226 1.042959 1.182914 1.957939 2.707996 2.746059 2.207609 1.825242
2.131293 2.151000 1.762173 1.248227 0.680193 0.339493 0.302177 0.704776 1.151434 1.349409
2.192925 3.153075 3.703121 3.800300 3.588455 3.176489 2.730346 2.352400 2.167964 2.148712
2.210498 2.249261 2.255043 2.242528 2.219741 2.107502 1.930328 1.750596 1.730399 1.847589
1.938729 1.918628 1.928840 1.684827 1.647153 2.189268 2.835602 2.490241 1.400831 1.037164
2.477142 2.266591 1.039217 0.504527 0.358778 0.323160 0.312979 0.256033 0.413104 0.634359
1.005789 2.150096 3.201934 3.397202 2.985948 2.210820 1.712343 1.666370 1.866816 2.095282
2.219255 2.318752 2.311129 2.207570 2.091208 1.926162 1.726558 1.630741 1.730663 1.945178
2.104668 2.151811 2.146343 1.906122 1.698575 2.261487 2.570693 1.686219 0.499152 0.312231
1.615255 1.276636 0.753129 0.445372 0.205354 0.110411 0.192675 0.242288 0.334818 0.710586
1.211344 1.790989 2.530882 2.677304 2.390985 2.011657 1.804716 1.860368 2.046191 2.238027
2.347707 2.468744 2.574181 2.603917 2.571961 2.485518 2.361508 2.264527 2.315882 2.518893
2.680690 2.606224 2.351874 2.025854 1.913810 2.184994 1.957817 1.077596 0.673313 0.796116
0.800685 0.729345 0.723276 0.488032 0.263651 0.258583 0.380190 0.423103 0.390205 0.464700
0.945803 1.801807 2.594421 2.736556 2.612553 2.397982 2.220203 2.100689 2.018101 2.115845
2.354733 2.511450 2.622714 2.673393 2.623676 2.467835 2.292158 2.195849 2.235487 2.293039
1.988469 1.250837 0.627999 0.702738 0.934107 0.959497 0.523612 0.115669 0.111028 0.543409
1.084236 0.967294 0.973342 0.891359 0.753756 0.634758 0.597404 0.539631 0.436615 0.372424
0.679516 1.571035 2.591452 2.899250 2.840439 2.520579 1.840310 0.968437 0.364540 0.778649
1.616275 2.182304 2.471456 2.555895 2.507197 2.443971 2.375644 2.322831 2.303462 2.034550
1.087719 0.419329 0.203999 0.195702 0.033668 0.006164 0.253986 0.379595 0.450824 0.439535
1.078731 0.956313 1.009609 1.065885 0.999532 0.734627 0.606615 0.542219 0.400975 0.264410
0.364646 0.968768 2.078098 2.530269 2.357014 1.723989 0.652170 0.084106 -0.061973 0.172215
0.648500 1.115718 1.257763 1.211042 1.320402 1.702989 2.033737 2.114307 1.971415 1.609131
1.155016 1.038975 0.914284 0.877244 0.777586 0.699271 0.689505 0.788469 0.947886 1.065705
1.135056 1.156509 1.391611 1.468377 1.269250 0.939892 0.653105 0.518815 0.483591 0.442246
0.411391 0.538329 1.355345 1.877143 1.789565 1.377560 0.929491 0.790333 0.710546 0.661676
0.688899 0.764278 0.540703 0.308973 0.271755 0.435191 0.769543 0.944746 0.707345 0.448729
0.552906 1.010729 1.207848 1.338002 1.408790 1.247850 1.088808 1.242586 1.460164 1.666489
1.695396 1.806707 2.048065 2.075846 1.730625 1.256575 0.756530 0.513341 0.459068 0.356835
0.159723 0.094610 0.324546 0.447059 0.365275 0.135697 0.315687 0.595011 0.572770 0.443502
0.383525 0.350257 0.292104 0.213996 0.250628 0.232295 0.218322 0.314430 0.398110 0.372420
0.311079 0.326598 0.647089 1.275365 1.607472 1.469391 1.304219 1.618971 1.883903 2.046947
1.940747 2.175904 2.350491 2.332269 1.951517 1.460842 1.009087 0.791008 0.703591 0.658765
0.656468 0.553389 0.445436 0.365497 0.293973 0.239515 0.295453 0.285772 0.238058 0.235060
0.286366 0.345895 0.368172 0.348460 0.421652 0.456916 0.359244 0.290364 0.401289 0.526815
0.477591 0.316103 0.267466 0.555134 1.004626 1.308021 1.573709 2.015159 2.261572 2.285678
1.818141 2.119463 2.381893 2.421349 2.225318 1.974491 1.694893 1.457836 1.222052 0.986851
0.939128 0.781798 0.644181 0.601033 0.733083 0.800030 0.815330 0.735048 0.618381 0.524198
0.407851 0.334949 0.483268 0.589645 0.535327 0.373444 0.316897 0.365991 0.516014 0.610863
0.683916 0.729023 0.745385 0.855183 1.157735 1.574966 2.089464 2.505543 2.609991 2.441417
1.442589 1.786283 2.323632 2.583543 2.590943 2.488450 2.344412 2.129726 1.756762 1.352299
1.039759 0.881519 0.776273 0.695132 0.712929 0.729586 0.695717 0.775531 0.799586 0.695047
0.579805 0.528161 0.589906 0.678009 0.612740 0.571230 0.524864 0.457407 0.594445 0.887735
1.237331 1.508570 1.625925 1.685035 1.892050 2.155399 2.535788 2.790454 2.639183 2.291457
1.644221 1.844182 2.343423 2.727879 2.847486 2.790249 2.705377 2.531607 2.201875 1.828000
1.580766 1.429099 1.270108 1.099435 0.979595 0.859046 0.776395 0.788997 0.880814 0.957655
0.976292 0.832023 0.633000 0.557559 0.506771 0.502184 0.502923 0.430990 0.649191 1.207140
1.830885 2.158902 2.332726 2.419289 2.546798 2.696978 2.896979 2.917467 2.298879 1.696380
1.839813 2.088597 2.427972 2.696970 2.796111 2.772939 2.689297 2.556780 2.398447 2.245767
2.183930 2.113187 1.966239 1.831861 1.702873 1.577671 1.513089 1.497409 1.475419 1.447332
1.390506 1.126356 0.869182 0.680523 0.465400 0.301238 0.126229 0.102149 0.413040 1.175197
2.025234 2.360538 2.360742 2.199738 2.290547 2.620836 2.976690 2.913064 2.240249 1.768065
1.948740 2.278347 2.560432 2.618977 2.499568 2.371453 2.370490 2.350595 2.246656 2.116246
2.058067 2.027046 2.027832 2.049894 2.025388 1.966391 1.958654 1.992141 1.988930 2.000916
1.975820 1.895875 1.813933 1.736111 1.522343 1.292980 1.114742 0.987255 1.034623 1.502016
2.174764 2.330886 1.732155 0.924973 0.858373 1.690201 2.617140 2.852504 2.546578 2.378235
1.938505 2.337630 2.621629 2.639202 2.484893 2.278703 2.056054 1.727660 1.525429 1.457850
1.561735 1.561002 1.426309 1.239631 1.073994 0.929762 0.883610 0.943569 1.119539 1.306281
1.493637 1.683174 1.875911 2.005157 1.962051 1.750415 1.567155 1.370231 1.338778 1.657322
2.036371 2.017357 1.691837 1.457992 1.438481 1.700078 2.318631 2.673563 2.664060 2.656230
1.118910 1.217570 1.589803 1.951747 2.062282 1.848523 1.392688 1.104308 0.915887 0.837943
0.836029 0.677138 0.416132 0.266396 0.196470 0.158297 0.173439 0.236480 0.299844 0.296740
0.239250 0.218563 0.291573 0.365945 0.328869 0.205174 0.180972 0.311240 0.501544 0.708328
0.785993 0.705941 0.584116 0.648401 0.914819 1.321939 1.638095 1.702449 1.583576 1.923670
0.837373 1.550595 2.089718 3.022745 3.471339 3.259842 3.217221 3.795666 4.321378 4.520587
4.632268 4.763269 4.771362 4.672969 4.458769 4.121391 4.161752 4.829720 5.518846 5.809872
5.620507 5.231176 4.801843 4.499399 4.765240 5.298674 5.735558 6.047544 5.675518 4.740095
3.647898 2.711895 1.857301 2.353047 3.748747 4.324852 3.719602 2.709275 1.550678 0.532813
0.509983 1.426275 2.262064 3.054661 3.683855 3.868896 4.260139 4.749355 4.924856 4.893376
5.137369 5.410235 5.299800 5.007880 4.534764 4.024460 4.017432 5.234713 6.307453 6.565437
6.083461 5.364389 4.575809 3.988748 4.275185 5.222751 6.018761 6.342849 5.659207 4.655591
3.693566 2.726440 1.682068 1.115820 2.467392 3.920707 3.564017 2.556099 1.415281 0.506339
0.462716 1.745291 2.676432 3.197882 3.763577 4.156692 4.537925 4.813313 4.785015 4.836974
5.372151 5.681635 5.312030 4.829690 4.294226 3.631808 3.111224 3.965262 5.631948 6.215394
5.608464 4.839408 4.089096 3.244362 3.052807 3.778091 4.869903 5.632850 5.286329 4.530100
3.636520 2.549997 1.436002 0.587040 1.537453 3.160159 3.425805 2.562542 1.426064 0.526792
0.396484 2.018729 3.071497 3.478673 3.777426 3.867483 4.102281 4.474829 4.622069 4.797352
5.365312 5.679254 5.161702 4.675579 4.017647 3.133736 2.419618 2.551795 4.463436 5.478292
5.039122 4.536622 3.845393 2.887009 2.669484 3.431762 4.513535 5.521544 5.267830 4.475041
3.579009 2.514323 1.389562 0.553951 1.446915 3.024898 3.351129 2.544278 1.420637 0.536947
0.327346 2.108741 3.187447 3.308512 3.255729 3.125740 3.280640 3.906462 4.317947 4.391956
4.561954 4.862646 4.820581 4.535698 3.920172 3.013496 2.261076 2.214586 3.809489 4.928566
4.746363 4.396105 3.849797 3.196735 3.135645 3.520039 4.490904 5.349885 5.130441 4.385265
3.506755 2.453773 1.417725 0.595172 1.562615 2.999398 3.282963 2.523262 1.409400 0.535985
0.310378 2.024992 2.963003 2.757535 2.525645 2.375707 2.751139 3.638782 4.145310 3.929625
3.625778 3.709886 4.121638 4.251273 3.825485 3.137302 2.451447 2.528521 3.811939 4.494972
4.526047 4.361124 4.098881 3.864737 3.599213 3.374122 3.751080 4.825446 4.873799 4.300935
3.533124 2.518110 1.506557 0.637068 1.580620 2.909373 3.218695 2.510778 1.403650 0.530966
0.311588 1.992496 2.849207 2.415475 2.026588 2.006645 2.677575 3.791513 4.191701 3.753116
3.201828 3.077788 3.620779 3.988685 3.659104 2.991592 2.435791 2.943485 3.927236 4.322077
4.444903 4.459376 4.473517 4.338138 3.780896 3.151303 2.864012 4.238407 4.707648 4.229659
3.463509 2.419257 1.471893 0.500378 1.261266 2.712933 3.160204 2.513093 1.408989 0.527562
0.279246 1.953481 2.831339 2.376276 1.870217 2.088962 3.145307 4.085097 4.216392 3.794920
3.153651 2.978935 3.495172 3.822674 3.496835 2.872569 2.382487 2.985988 4.055203 4.486361
4.736199 4.769420 4.542757 4.235094 3.583524 2.745043 1.985456 2.788411 4.465638 4.173675
3.354286 2.269988 1.376782 0.324131 0.684826 2.254503 3.014162 2.477191 1.396557 0.524982
0.233565 1.896712 2.815107 2.373770 1.715616 2.047463 3.172491 3.790222 3.741165 3.457442
2.996285 2.960899 3.355753 3.576413 3.278867 2.740267 2.304657 2.679050 4.054015 4.849701
5.191349 5.005070 4.152179 3.936936 3.305872 2.316388 1.374474 0.986920 3.598069 4.066265
3.302793 2.191429 1.312563 0.349338 0.424400 1.803295 2.830998 2.418904 1.379290 0.524448
0.235749 1.897522 2.831018 2.341725 1.601084 1.189629 2.404543 3.135044 3.117376 2.883578
2.579924 2.564085 2.937376 3.206799 2.868061 2.321398 1.935109 1.873333 2.869831 4.104169
4.748447 4.807900 4.075201 3.990861 3.495850 2.484848 1.405702 0.985549 3.577023 4.023923
3.276538 2.190261 1.316955 0.376106 0.430625 1.777881 2.823000 2.406975 1.372923 0.522928
0.266072 1.943545 2.886876 2.232042 1.425608 0.621615 1.494451 2.326019 2.351450 2.151217
1.955416 1.942154 2.348447 2.546280 2.110135 1.469398 1.158148 1.203737 1.213357 2.211049
3.457615 4.123454 3.886762 3.878901 3.338380 2.472844 1.620715 1.836248 4.010490 4.017639
3.258149 2.191238 1.336751 0.378437 0.498705 2.101036 2.972185 2.437219 1.377127 0.519876
0.301339 1.970744 2.947343 2.180461 1.369619 0.507115 1.108368 1.942974 1.829600 1.707062
1.821047 1.982420 2.374595 2.506557 1.801893 1.002412 0.502161 0.798029 0.747187 1.099148
2.189532 3.624283 3.904948 3.894149 3.388549 2.679274 2.148303 3.353819 4.316976 4.084425
3.325701 2.283222 1.360470 0.408551 0.734825 2.451146 3.119277 2.457744 1.387572 0.517580
0.334794 1.976282 2.963620 2.165697 1.362488 0.592679 1.349052 1.966651 1.566391 1.327518
1.977287 2.290422 2.606956 2.448569 1.706169 0.814118 0.155825 0.428181 0.558877 0.825344
1.433307 3.350618 3.913958 3.724276 3.228434 2.621313 2.509070 3.729768 4.438096 4.178820
3.438278 2.346667 1.391969 0.503497 1.022916 2.625521 3.171018 2.455560 1.397677 0.517238
0.380625 1.993078 2.845107 2.094978 1.533741 1.179893 2.167581 2.217847 1.501423 0.948065
1.937547 2.522864 2.663558 2.401811 1.739604 0.812605 0.066186 0.276014 0.495650 0.746451
1.309553 3.231999 3.733274 3.430113 2.969698 2.363039 2.592025 3.987394 4.535347 4.217478
3.461865 2.408233 1.454472 0.551981 1.090282 2.572284 3.120624 2.444883 1.408796 0.519034
0.420888 2.035670 2.833149 2.257685 2.103353 2.581333 2.924133 2.403353 1.487509 0.701842
1.632027 2.626564 2.862873 2.613053 1.803809 0.850693 0.122912 0.338331 0.547182 0.811514
1.448695 3.195783 3.549346 3.166310 2.612036 2.198923 2.802036 4.332421 4.624164 4.169297
3.358555 2.294576 1.382888 0.391028 0.810382 2.112011 2.908287 2.412143 1.417439 0.520450
0.423741 2.050277 2.970659 2.623638 2.914674 3.475665 3.324381 2.493943 1.456320 0.502546
0.950707 2.332323 2.903733 2.797361 1.684095 0.904546 0.327589 0.468597 0.566397 0.876814
1.719828 3.164628 3.299890 2.917524 2.428478 2.308305 3.214607 4.625669 4.691917 4.138595
3.259413 2.189598 1.290572 0.312598 0.492359 1.362540 2.582711 2.348751 1.404021 0.521472
0.397264 2.088838 3.344204 3.271440 3.557986 3.871122 3.441777 2.482321 1.389146 0.325774
0.525665 1.754967 2.998092 3.047028 2.078989 1.252136 0.837381 0.771091 0.655448 1.048975
2.327245 3.429349 3.305707 2.875520 2.561058 2.621204 3.465887 4.599395 4.655606 4.137002
3.244046 2.174772 1.265294 0.357718 0.423108 1.052796 2.361932 2.303419 1.381518 0.523019
0.354621 2.039490 3.629214 3.945097 3.897406 3.967981 3.450072 2.458953 1.394854 0.259040
0.416475 1.714169 3.429419 3.618335 2.941036 2.166351 1.614029 1.331555 1.209541 1.768354
3.228869 3.815814 3.507182 3.073277 2.846291 2.955408 3.551286 4.447262 4.599077 4.164368
3.324762 2.250728 1.308402 0.374856 0.544315 1.199800 2.435606 2.341389 1.377989 0.523305
0.337652 1.826677 3.710596 4.502219 4.138177 3.983098 3.505388 2.445565 1.373183 0.235375
0.392715 2.509747 4.107558 4.308834 4.028278 3.545398 3.121023 2.874102 2.941901 3.428633
4.084992 4.214211 3.820889 3.366528 3.113606 3.156296 3.611837 4.362515 4.555808 4.192732
3.419798 2.343687 1.380744 0.442594 0.819852 1.625899 2.686186 2.444359 1.399190 0.522949
0.338669 1.534660 3.264827 4.449373 4.347775 4.054185 3.554061 2.498402 1.343547 0.374170
0.828695 3.422354 4.575307 4.578502 4.488834 4.332544 4.285356 4.236491 3.997150 3.958740
4.269374 4.396357 4.071360 3.632747 3.316702 3.292797 3.789287 4.517723 4.609947 4.217319
3.498633 2.500152 1.523216 0.621672 1.128585 2.056805 2.918222 2.544091 1.428598 0.524825
0.447066 1.390427 2.750100 3.832997 4.125264 3.991039 3.344735 2.300652 1.416415 0.806488
2.155672 4.409873 4.851669 4.704041 4.638188 4.514126 4.378651 4.123185 3.564116 3.071082
3.069444 3.877983 4.108392 3.832051 3.532037 3.482600 4.131787 4.837349 4.714490 4.216606
3.495620 2.518929 1.556180 0.658614 1.204734 2.066978 2.913334 2.538769 1.419866 0.525962
0.657907 1.048498 2.059968 2.514669 2.787623 2.783937 2.418472 1.780540 1.335060 1.640801
3.656948 4.969857 5.183650 5.073103 4.961386 4.846951 4.568480 4.206227 3.534147 2.744134
2.154995 3.124733 4.211800 4.162469 3.835865 3.843948 4.703286 5.288962 4.888830 4.243004
3.440367 2.425727 1.452056 0.527813 1.037802 1.793933 2.829464 2.491724 1.383446 0.522102
0.756865 0.502655 1.359902 1.449772 1.334478 1.483695 1.553744 1.228059 1.052507 2.073940
4.152544 5.309680 5.423219 5.316327 5.316463 5.404533 4.583612 4.025359 3.190485 2.326201
1.670903 2.292385 4.490591 4.594354 4.165553 4.288618 5.342311 5.814982 5.175227 4.363975
3.448941 2.377136 1.383150 0.429187 0.804711 1.912178 2.948217 2.489634 1.363501 0.512823
0.770211 0.400788 1.090788 1.032556 0.920052 0.763917 1.033711 0.958859 0.923215 1.657620
3.651243 4.866207 5.026304 4.991303 5.311182 5.647897 4.633592 4.013501 3.422529 2.652642
2.218015 3.732529 4.872847 4.729815 4.257010 4.401238 5.444942 5.842760 5.168278 4.361487
3.451383 2.342078 1.327810 0.372872 0.732896 2.434846 3.086941 2.413090 1.310690 0.504299
0.658233 0.427945 0.881510 0.776797 0.710549 0.435341 0.568361 0.707571 0.889544 1.166875
2.370565 4.263321 4.688765 4.454741 4.604491 4.823656 4.467299 4.012537 3.590209 3.247139
3.785396 4.903401 5.071917 4.649160 4.223798 4.281677 4.827110 5.054895 4.707954 4.220479
3.469523 2.386912 1.380655 0.437901 1.038795 2.954636 3.171600 2.299238 1.237378 0.486351
0.524574 0.588289 0.841388 0.687949 0.554211 0.288257 0.399753 0.550416 0.802659 0.823587
1.102832 3.422688 4.334267 4.300212 4.402905 4.282056 4.047444 3.878890 3.899832 4.110835
4.796940 5.259415 5.094811 4.672417 4.351201 4.435205 4.683305 4.848140 4.788589 4.315649
3.575393 2.626622 1.567292 0.850463 2.184399 3.215037 2.980307 2.029049 1.133002 0.475509
0.433152 0.775782 1.030438 0.799811 0.582364 0.256820 0.362136 0.553807 0.808589 0.687890
0.702749 2.844876 3.867494 3.767598 3.600416 3.322711 3.062863 2.855384 3.322552 3.929885
4.506792 4.791680 4.715963 4.500103 4.335661 4.504704 4.764908 4.934500 4.960272 4.362331
3.347429 2.397067 1.665385 1.786231 2.440911 2.790177 2.354995 1.527628 0.872496 0.442062
0.396799 0.861404 1.353266 1.065753 0.698073 0.275614 0.362743 0.773646 0.880616 0.615923
0.525084 2.526731 3.750791 3.862711 3.633137 3.139610 2.516610 1.882595 2.063741 3.023361
3.670312 3.817580 3.814076 3.911699 4.088541 4.317978 4.462973 4.507581 4.449484 3.832530
2.700188 1.747059 1.272074 1.688419 1.678827 1.604709 1.583581 1.085354 0.675711 0.374472
0.454966 0.964529 1.591157 1.261098 0.791939 0.366467 0.568986 1.064088 0.959451 0.508806
0.407934 2.194453 3.542733 3.847685 3.831643 3.068129 2.025498 1.266076 0.743568 1.606186
2.669671 2.879402 2.727275 2.736914 3.137281 3.662749 3.684978 3.549589 3.466928 2.969522
1.982059 1.198757 0.563765 1.197846 1.089542 0.520585 0.884811 0.917044 0.649199 0.389645
0.531927 1.097903 1.787761 1.602492 1.067612 0.669233 0.962347 1.220359 0.986455 0.431068
0.372696 1.605024 3.008532 3.403960 3.355907 2.677573 1.649022 1.051582 0.337254 0.647540
1.821305 2.072161 1.782486 1.596051 1.811820 2.579876 2.765630 2.459137 2.180318 1.877679
1.319919 0.925722 0.475638 1.163646 1.004717 0.367753 0.731470 1.092747 0.843836 0.429264
0.538102 1.157194 1.914782 1.945871 1.467647 1.169231 1.366664 1.261845 0.940703 0.409040
0.433924 0.905949 2.304208 2.657013 2.349482 1.862171 1.237689 0.864433 0.292392 0.574034
1.344605 1.477782 1.160736 0.914084 1.026897 1.375932 1.652572 1.480455 1.199092 1.015431
0.835066 0.760099 0.677032 1.257410 1.044919 0.421055 1.048349 1.674747 1.186185 0.494423
0.557601 1.147562 1.981360 2.257760 2.049649 1.911912 1.800888 1.459620 1.051785 0.650111
0.575324 0.452727 1.513772 1.699565 1.415064 0.879832 0.758103 0.730008 0.399530 0.630473
0.912077 0.939976 0.768614 0.557055 0.718588 0.779611 0.863776 0.787975 0.716556 0.668368
0.562992 0.616269 0.654982 1.286262 1.177337 0.859498 1.970912 2.172299 1.376567 0.516708
0.601033 1.144262 2.030852 2.767839 2.926465 2.746806 2.388742 1.986882 1.516953 0.963188
0.656335 0.505384 1.187709 1.290027 1.100207 0.450716 0.417575 0.654361 0.605887 0.680458
0.668409 0.603314 0.673635 0.448226 0.593575 0.681277 0.637135 0.450092 0.501923 0.633660
0.705694 0.781802 0.684803 1.307153 1.527315 2.225340 2.844466 2.465150 1.432658 0.519357
0.625453 1.155773 2.095705 2.999372 3.582927 3.581134 3.241252 2.858008 2.300643 1.512854
0.991721 0.847036 1.301778 1.255255 1.013632 0.439570 0.465821 0.796707 0.865278 0.812753
0.681893 0.452903 0.620817 0.536785 0.827344 0.799666 0.602619 0.335478 0.543246 0.901005
1.076508 1.137267 1.183221 1.901964 2.536049 3.644077 3.390190 2.571547 1.419758 0.519355
0.626062 1.238683 2.101191 3.068304 4.027905 4.248981 4.002814 3.603779 2.976476 2.233945
1.601655 1.460342 1.788592 1.735012 1.255426 0.738958 0.762065 1.098128 1.265779 1.123971
0.817162 0.461270 0.737084 1.071718 1.354639 1.093828 0.714439 0.382259 0.777499 1.340216
1.730341 2.063124 2.350049 3.353597 4.316842 4.378132 3.648977 2.614665 1.385837 0.518650
0.653040 1.400290 2.231198 3.502307 4.467609 4.549486 4.186774 4.017466 3.600781 3.007630
2.421736 2.534660 2.861233 2.737304 2.038312 1.538603 1.471177 1.795221 1.860915 1.575447
1.170107 0.970747 1.639900 2.327644 2.187207 1.521137 0.985343 0.492286 0.920496 1.906828
3.116948 3.443077 3.236007 4.051453 4.796753 4.518234 3.691381 2.578266 1.373716 0.518898
0.754810 1.663679 2.771590 4.188212 4.680144 4.364207 3.874430 4.121886 4.450341 4.420024
4.261910 4.344930 4.309307 3.947124 3.184709 2.578142 2.425239 2.767658 2.853481 2.594077
2.324050 2.716594 3.560468 3.476168 2.916764 2.090514 1.277783 0.572819 0.928860 2.775526
4.068069 3.994690 3.437124 3.544401 4.440865 4.481011 3.727658 2.577460 1.364377 0.515316
0.962965 2.046653 3.318160 4.461936 4.456938 3.925258 3.461717 4.188224 5.449265 5.920063
5.704947 5.365365 4.939121 4.393267 3.666955 3.216598 3.328543 3.696992 3.705674 3.557966
3.425155 3.722041 4.391241 4.045643 3.295135 2.430415 1.543108 0.927979 1.547573 3.647486
4.460607 4.275991 3.586395 3.149220 3.776212 4.178093 3.627889 2.547742 1.368153 0.520555
1.244261 2.513549 4.021371 4.705483 4.405061 3.731761 3.296006 4.646677 6.214202 6.753617
6.406526 6.033158 5.430286 4.763923 3.885810 3.477971 3.752835 4.260516 4.289160 4.158175
4.113811 4.482337 4.932306 4.664254 4.044863 3.117143 2.165172 2.156525 3.707188 4.664716
4.767677 4.429342 3.920001 3.725469 4.429482 4.276464 3.595765 2.612095 1.462201 0.539701
1.725547 3.388790 4.790066 5.192670 4.977635 4.251251 3.913837 5.365565 6.398940 6.782600
6.672598 6.407893 5.782829 5.274166 4.415438 3.752785 3.950705 4.387083 4.514958 4.321274
4.211470 4.389914 4.658082 4.666940 4.396944 3.787626 3.376758 3.956667 4.829673 5.140745
5.065114 4.830891 4.774666 5.023438 5.048911 4.706450 3.929699 2.903329 1.902807 0.545503
0.928970 0.694467 0.847196 1.028575 0.931472 0.730553 0.613201 0.646895 0.774280 1.016582
1.334042 1.670071 1.983898 2.339881 2.780428 3.063076 3.085950 2.893952 2.632838 2.467936
2.456696 2.535859 2.618220 2.673231 2.678708 2.638847 2.605578 2.649692 2.697380 2.668154
2.664039 2.644511 2.542054 2.370918 2.004007 1.768100 1.769035 1.746337 1.473969 1.398939
1.554436 1.731772 2.474609 2.860776 2.757779 2.632143 2.639511 2.746972 2.819873 2.853560
2.925716 3.124530 3.386286 3.541213 3.641383 3.712291 3.743168 3.754306 3.679971 3.572291
3.438920 3.263977 3.058614 2.883764 2.758766 2.637220 2.511889 2.433200 2.394137 2.361897
2.311218 2.248353 2.211782 2.245975 2.213860 2.430248 2.826539 3.101435 2.983108 2.359114
1.973731 2.477942 3.432869 3.817316 3.774144 3.840656 3.958605 4.000810 3.977051 3.889910
3.731470 3.480886 3.232044 3.140984 3.152121 3.196086 3.226771 3.214438 3.164221 3.137099
3.146862 3.029065 2.749965 2.416654 2.182035 2.054372 1.966096 1.949008 1.977502 1.927737
1.775019 1.525058 1.359169 1.359097 1.601314 2.529872 3.460845 3.868901 3.942852 3.350836
2.076807 2.727738 3.767266 4.115707 4.025887 3.961440 3.946895 3.936293 3.917669 3.920377
3.895914 3.674270 3.142452 2.632267 2.377279 2.298262 2.297574 2.349759 2.504380 2.895195
3.343870 3.552397 3.389676 2.814217 2.476857 2.599903 2.838101 3.108925 3.223736 3.243551
3.181105 2.716768 1.990283 1.797341 2.258170 3.437395 4.153858 4.393741 4.357637 3.705353
1.966622 2.526504 3.308497 3.495735 3.383065 3.254585 3.160243 3.136444 3.153452 3.194452
3.273626 3.293821 3.177520 2.795007 2.170038 1.686316 1.512152 1.667768 2.385670 3.411160
4.044913 4.411791 4.620877 4.629543 4.571605 4.574961 4.588098 4.595478 4.509584 4.462320
4.471745 4.424673 4.126087 3.781716 3.522395 3.885800 4.295004 4.463441 4.366609 3.661740
1.889404 2.312752 2.789607 2.684158 2.466282 2.317993 2.279367 2.345339 2.417874 2.441213
2.476057 2.443177 2.483998 2.702480 2.878760 2.609262 2.274391 2.604112 3.412050 4.024034
4.176507 4.155497 4.135185 4.138175 4.120170 4.062942 4.014034 4.034121 4.024385 4.127810
4.181375 4.048322 3.822870 3.544246 3.208012 3.477036 3.980522 4.272943 4.189653 3.490943
1.839547 2.192635 2.709813 2.386536 1.814282 1.537036 1.715346 2.166667 2.378567 2.282958
2.109261 1.974767 2.245435 2.909898 3.572249 3.863568 3.840984 3.999369 4.174845 4.010805
3.621073 3.345318 3.259022 3.262614 3.297806 3.294227 3.247974 3.233202 3.256795 3.459406
3.640979 3.486157 3.174060 2.856076 2.565893 2.865282 3.550895 4.024622 4.021550 3.368798
1.727488 2.089428 3.061083 3.068415 2.322845 2.039859 2.821191 3.523831 3.669118 3.386515
2.995368 2.833997 3.241487 3.826136 4.127954 4.238756 4.299026 4.357583 4.157256 3.586843
2.935764 2.523911 2.368038 2.350128 2.370219 2.376922 2.359129 2.408272 2.537780 2.883818
3.037097 2.636822 2.215489 1.966572 1.813080 2.253930 3.166366 3.792284 3.886269 3.290705
1.656479 2.087856 3.333796 3.646632 3.244866 3.079083 3.442099 3.786403 3.948875 3.847878
3.568273 3.320683 3.331214 3.391902 3.396651 3.426656 3.495672 3.563397 3.519028 3.109268
2.381529 1.691016 1.365842 1.267276 1.235113 1.204179 1.188644 1.268622 1.692234 2.673830
2.820071 1.940217 1.249143 1.046223 1.071672 1.747557 2.920946 3.687720 3.824808 3.235363
1.765546 2.248764 3.110303 3.167950 2.908365 2.799364 2.833695 3.121841 3.399103 3.422771
3.114179 2.670177 2.448939 2.397223 2.389719 2.386868 2.447118 2.547289 2.695662 2.643509
2.158756 1.414229 0.890319 0.598257 0.448472 0.340988 0.318589 0.648854 1.985090 3.340647
3.365549 2.107085 0.839112 0.556458 0.770839 1.752613 3.052430 3.839288 3.905930 3.235905
1.913258 2.332940 2.758243 2.539754 2.274492 2.187500 2.172758 2.491725 2.828346 2.889321
2.522063 1.977991 1.657183 1.616154 1.655351 1.613934 1.587492 1.648849 1.871382 2.049518
2.070422 1.876057 1.711933 1.581171 1.603413 1.649625 1.723015 2.458907 3.454899 4.131109
4.193938 3.181272 1.444697 0.830570 1.012693 2.260189 3.616447 4.184843 4.095280 3.304715
2.008785 2.354325 2.493269 1.933539 1.533814 1.419929 1.535561 2.152431 2.662794 2.650477
2.181293 1.627569 1.383368 1.508472 1.783224 1.805527 1.582770 1.360278 1.383739 1.587861
1.899183 2.199561 2.598613 2.893122 3.192940 3.281529 3.266738 3.483260 3.879436 4.385494
4.743237 4.617467 3.279577 2.037893 2.117124 3.233568 4.073750 4.316381 4.146429 3.365428
2.103397 2.545456 2.869827 1.937015 0.954391 0.811027 1.579509 3.012862 3.398883 3.138307
2.362648 1.701980 1.541167 1.688197 1.917008 2.038607 1.863023 1.443508 1.329875 1.480149
1.810968 2.275641 2.764009 2.999403 3.073344 3.044800 3.053813 3.320444 3.795455 4.294808
4.644732 4.702734 4.373034 3.626304 3.113820 3.448095 3.936713 4.114739 4.014123 3.342299
2.187977 2.723246 3.338531 3.113361 2.436883 2.580861 3.452389 4.045847 4.006807 3.629207
2.653934 1.688701 1.272476 1.157885 1.123221 1.130301 1.102632 0.970708 0.992100 1.181482
1.559811 2.108052 2.554904 2.702188 2.787425 2.772924 2.954365 3.452152 3.879545 4.170850
4.304754 4.135066 3.737759 3.285144 2.816370 2.991336 3.481775 3.767706 3.829374 3.289901
2.135568 2.554482 3.017737 3.205837 3.373617 3.704584 4.098345 4.284986 4.128335 3.727931
2.681917 1.602704 0.981050 0.667542 0.423250 0.330944 0.341410 0.475471 0.788669 1.094660
1.515002 2.051642 2.396793 2.489021 2.653052 2.831302 3.388798 3.935867 4.164248 4.251567
4.144288 3.597999 2.915740 2.498370 2.178388 2.390213 2.961852 3.406908 3.598674 3.176757
1.973125 2.214241 2.582806 2.779772 3.062490 3.433326 3.780448 3.949860 3.881190 3.528949
2.507437 1.597886 1.037407 0.727156 0.519556 0.432071 0.419665 0.590524 0.859273 1.104296
1.587819 2.281069 2.726398 2.840337 3.001018 3.240585 3.836881 4.285356 4.458830 4.524587
4.239482 3.145257 2.068670 1.645672 1.494810 1.825895 2.555378 3.213499 3.437802 3.000501
1.900168 2.136057 2.593400 2.725824 2.859870 2.995329 3.113362 3.237791 3.223333 2.977257
2.177513 1.619490 1.446342 1.224609 0.915776 0.686019 0.551016 0.525777 0.670144 1.066200
1.958578 2.813026 3.272057 3.426716 3.591556 3.839526 4.245803 4.511503 4.629972 4.709019
4.480891 3.103638 1.279098 0.833544 0.878127 1.446276 2.526342 3.315612 3.412183 2.881289
1.942212 2.334264 2.916584 2.728549 2.441423 2.275265 2.222560 2.225082 2.224042 2.123355
1.756832 1.710181 2.212236 2.497987 2.226983 1.776446 1.458565 1.291917 1.412829 1.914849
2.673774 3.218657 3.492112 3.659994 3.910592 4.198115 4.477057 4.646525 4.722927 4.781739
4.724211 4.023448 2.019482 0.930561 1.004878 1.976450 3.117738 3.671618 3.548517 2.900400
1.926646 2.388428 3.169454 2.959750 2.246717 1.659098 1.414852 1.278871 1.229602 1.162501
1.140436 1.618964 2.431241 2.706572 2.689486 2.632975 2.612296 2.645782 2.824007 3.150062
3.542240 3.782957 3.841267 3.887978 4.083740 4.341350 4.562316 4.697038 4.738921 4.760910
4.755880 4.636061 4.009832 3.015788 2.670835 3.212409 3.820754 4.034631 3.800128 3.095256
1.837842 2.319736 3.268171 3.483208 2.870931 2.038268 1.418649 0.693635 0.291718 0.322792
0.706608 1.720949 2.343488 2.545678 2.730577 2.988572 3.202024 3.309207 3.379735 3.492111
3.627671 3.750541 3.886632 4.092237 4.368540 4.610344 4.761007 4.830819 4.863763 4.871579
4.767511 4.459828 4.059669 3.713681 3.291352 3.481395 3.746487 3.824661 3.695941 3.199221
2.044754 2.521277 3.156816 3.430389 3.277950 2.766723 2.214977 1.604285 0.922871 0.771628
1.267863 1.944523 2.333419 2.556067 2.805499 3.011095 3.107549 3.109826 3.079467 3.059602
3.063725 3.190850 3.553423 4.150555 4.662798 4.947786 5.010368 4.960359 4.929437 4.924810
4.768668 4.214811 3.451757 3.003721 2.731283 2.863644 3.115720 3.261370 3.272398 2.987336
2.227581 2.636865 2.756589 2.859915 2.807132 2.474870 1.966178 1.696397 1.557191 1.604209
2.108007 2.522347 2.597481 2.526511 2.436385 2.340595 2.263139 2.232420 2.220985 2.222165
2.288295 2.556193 3.203488 3.822345 4.183643 4.337366 4.345391 4.252126 4.196434 4.207209
4.152305 3.607068 2.688917 2.112434 1.940171 2.152356 2.576179 2.931755 2.915132 2.580390
1.819412 1.964383 1.982723 2.073456 2.040471 1.859585 1.474627 1.301334 1.503412 1.965508
2.538198 2.779791 2.825375 2.678271 2.269100 1.724716 1.360864 1.219475 1.180068 1.183787
1.302001 1.875600 2.883916 3.250821 3.300710 3.313084 3.272427 3.214366 3.208592 3.248131
3.265332 2.850131 1.881627 1.232929 1.167386 1.647987 2.509065 2.991766 2.723374 2.248938
1.263961 1.121274 1.176795 1.275129 1.231579 1.204770 1.102038 1.036435 1.281543 1.810370
2.350828 2.751014 2.991946 2.957395 2.637540 1.896683 1.078468 0.605681 0.476677 0.578378
1.066293 1.929430 2.309199 2.348310 2.364883 2.376402 2.344962 2.298778 2.286640 2.305377
2.336682 2.194036 1.362519 0.720872 0.832777 1.871043 2.872561 3.055809 2.625662 2.074303
1.115735 0.793955 0.759009 0.745359 0.654685 0.596578 0.637697 0.819361 1.134861 1.419033
1.775215 2.452417 2.940894 2.920829 2.464547 1.852649 1.409788 1.192926 1.133367 1.195312
1.338094 1.462439 1.498260 1.479509 1.460124 1.439946 1.412912 1.381528 1.357508 1.355268
1.375800 1.379060 1.260352 1.075951 1.229695 2.332214 3.314667 2.986121 2.243594 1.785616
1.383033 1.008913 0.779651 0.641990 0.469596 0.336966 0.365555 0.646293 0.821650 0.909793
1.312490 2.105598 2.641303 2.662411 2.290232 1.681919 1.190781 0.999461 1.003929 1.069288
1.119351 1.152597 1.118471 1.013335 0.879797 0.739437 0.642056 0.612449 0.674815 0.865727
1.049359 1.056588 0.933750 1.100347 1.863206 2.837431 3.041617 2.486478 1.560618 1.079719
1.382424 1.095374 0.951249 0.799737 0.672435 0.555859 0.444665 0.547909 0.863159 1.127611
1.478053 2.059161 2.636159 2.572867 2.053266 1.651494 1.497292 1.530354 1.646794 1.812477
2.109134 2.499687 2.637913 2.473891 2.157545 1.849988 1.627995 1.573529 1.759898 2.091345
2.264616 2.100920 1.886427 1.904371 2.157109 2.315196 2.094723 1.747334 1.106057 0.733186
1.181515 0.995822 0.943758 0.602534 0.407076 0.352615 0.258861 0.512712 0.996348 1.266543
1.492837 2.191895 3.225429 3.422385 2.772983 2.109096 1.846703 1.780250 1.769166 1.898412
2.377738 2.964898 3.223242 3.210074 3.082981 2.929071 2.830007 2.753504 2.660551 2.446421
2.053721 1.718825 1.581760 1.520511 1.675194 1.684082 1.319866 0.972689 0.819648 0.770432
1.292884 1.198318 1.277753 0.747973 0.107212 0.071253 0.262896 0.652496 0.958490 1.120860
1.255897 2.026357 3.157936 3.673182 3.465957 2.655272 1.799947 1.452174 1.417590 1.444895
1.875357 2.401896 2.607951 2.591291 2.591115 2.707990 2.877207 2.914136 2.742767 2.297075
1.514525 0.908775 0.717822 0.767867 0.979196 1.002434 0.662514 0.298551 0.183569 0.426947
1.168732 1.013975 1.099921 1.001265 0.568551 0.391593 0.419840 0.491392 0.549044 0.629690
0.812195 1.599551 2.575416 3.019766 3.077085 2.632625 1.401762 0.732373 0.663709 0.729806
1.197880 1.647762 1.687122 1.628321 1.677951 1.938010 2.261465 2.311567 2.111215 1.805279
1.231159 0.609636 0.357283 0.315631 0.359688 0.393105 0.411749 0.412345 0.311855 0.580755
0.966888 0.694284 0.836284 0.925331 0.763186 0.579145 0.494528 0.386128 0.238984 0.227733
0.538215 1.231853 1.798631 2.159315 2.254370 2.146224 1.399083 0.295270 0.040091 0.346603
0.919531 1.113517 0.967136 0.839481 0.917656 1.235919 1.506667 1.539540 1.285294 1.047108
0.847823 0.513854 0.345811 0.309170 0.308280 0.323899 0.532731 1.089350 1.136931 1.076985
1.354299 1.177146 1.406494 1.447611 1.190963 0.899889 0.684598 0.518819 0.358072 0.314570
0.492343 0.738857 1.011769 1.292485 1.364063 1.425361 1.292165 0.951170 0.752238 0.849252
1.025427 0.891987 0.658304 0.641783 0.651582 0.811006 0.992012 0.973826 0.671843 0.386038
0.332579 0.319589 0.448961 0.531596 0.523585 0.559106 1.086601 1.750455 1.741153 1.481874
1.668425 1.657187 1.947777 2.062082 1.671778 1.156157 0.746555 0.473620 0.229016 -0.013716
-0.109790 0.180458 0.431610 0.507551 0.466987 0.525975 0.575825 0.673112 0.797560 0.890073
0.969607 0.864444 0.549273 0.473986 0.564954 0.739092 0.763730 0.609524 0.403362 0.243879
0.259262 0.450176 0.611409 0.717340 0.949503 1.247412 1.823923 2.318624 2.257147 1.865360
1.704689 1.741349 2.217210 2.542485 2.353332 1.902883 1.412956 1.074902 0.825301 0.568171
0.340467 0.341869 0.403525 0.294085 0.058142 0.041470 0.124781 0.290122 0.477924 0.595877
0.746789 0.761472 0.527493 0.385830 0.494890 0.621028 0.652001 0.554728 0.485161 0.595065
0.552541 0.456303 0.691463 1.244622 1.940531 2.528771 3.009347 3.182107 2.885753 2.282473
1.638150 1.826378 2.543682 3.152315 3.270290 3.127529 2.780685 2.255092 1.674694 1.266574
1.042523 0.960873 0.823275 0.574882 0.320865 0.245554 0.289659 0.356718 0.383249 0.324363
0.298173 0.286745 0.260384 0.256960 0.204191 0.098281 0.114795 0.344540 0.720962 1.272227
1.697666 1.990250 2.437651 2.960681 3.403300 3.661633 3.834261 3.761851 3.141570 2.425843
1.882760 2.177525 2.964213 3.609690 3.832884 3.919443 3.853268 3.434069 2.721792 2.074797
1.690327 1.638611 1.611081 1.391907 1.112450 0.925272 0.862897 0.900591 0.890310 0.688400
0.450094 0.457088 0.704814 0.946818 0.901719 0.759137 0.806665 1.020634 1.306733 1.977466
2.663816 2.905099 2.925739 2.910926 2.973742 3.176188 3.523814 3.603250 2.869444 2.068662
2.172819 2.636111 3.112009 3.355030 3.401064 3.467377 3.543513 3.513706 3.354271 3.125268
2.990152 2.971565 2.948998 2.844769 2.630420 2.377070 2.191516 2.137020 2.144613 2.065706
1.940638 1.893249 1.808788 1.620763 1.216900 0.926491 0.885547 0.959619 1.289500 2.165673
2.724617 2.693272 2.393718 2.205982 2.266468 2.608935 3.083580 3.210516 2.620444 1.748338
2.079395 2.350673 2.440768 2.426474 2.426014 2.477030 2.536160 2.533091 2.492736 2.443273
2.460682 2.460296 2.441057 2.422935 2.394055 2.337199 2.278023 2.250831 2.255421 2.262538
2.251993 2.228125 2.175632 2.018523 1.597401 0.926555 0.510974 0.656608 1.333013 2.040427
2.354446 2.289755 1.899543 1.498837 1.559240 2.064085 2.468543 2.530954 2.203659 1.643284
1.550445 1.491646 1.503097 1.510493 1.524794 1.532965 1.540180 1.512669 1.495388 1.480895
1.477369 1.461857 1.464237 1.474964 1.494083 1.505276 1.492582 1.482500 1.501059 1.514446
1.514292 1.497703 1.479212 1.442459 1.350250 1.196031 1.025073 0.997337 1.190969 1.431903
1.536777 1.510592 1.411488 1.241571 1.222506 1.398059 1.554954 1.585667 1.478485 1.307518
0.790862 0.627684 0.640609 0.645479 0.638267 0.610864 0.569758 0.543312 0.544512 0.554759
0.546765 0.530860 0.522445 0.517278 0.520242 0.509114 0.498991 0.512596 0.538028 0.551071
0.547669 0.549569 0.560454 0.571876 0.566790 0.552134 0.534350 0.540584 0.580970 0.629756
0.635731 0.618952 0.601352 0.607292 0.627366 0.648111 0.679837 0.703124 0.687839 0.790837

