2.289420 1.662273 1.463925 1.516857 1.585780 1.515731 1.484322 1.547761 1.597178 1.595847
1.510266 1.435831 1.415184 1.534240 1.705500 1.728485 1.609220 1.729498 1.975720 2.185559
2.502685 1.739313 1.526955 1.618002 1.733052 1.527897 1.336424 1.365168 1.419254 1.334382
1.167590 1.131185 1.224088 1.360349 1.443837 1.436111 1.336802 1.475602 1.757160 1.945597
2.626522 1.837094 1.445020 1.530774 1.736624 1.592644 1.326695 1.274781 1.334746 1.425871
1.556329 1.720799 1.896680 2.082100 2.062875 1.682083 1.216330 1.251349 1.605397 1.816707
2.181460 1.203678 0.746293 0.790755 1.127704 1.310610 1.164387 1.005476 1.067440 1.494211
2.008679 2.164090 2.067505 2.177933 2.184378 1.668647 0.939138 0.906968 1.261589 1.642909
1.746822 0.747689 0.259018 0.213697 0.585240 0.932604 1.065024 1.004741 0.965463 1.363529
1.900033 2.069216 1.780238 1.573450 1.541022 1.205129 0.683999 0.648998 1.087375 1.612834
1.748276 0.799588 0.347134 0.284533 0.548439 0.938325 1.693363 2.019757 1.739415 1.520070
1.700713 1.759893 1.268543 0.804157 0.654939 0.461251 0.214845 0.323804 0.912542 1.580719
1.912879 1.007446 0.878794 1.036066 1.179101 1.648330 3.349163 4.301893 3.384949 2.250065
1.776145 1.428545 0.931423 0.544555 0.445172 0.248000 0.053651 0.178394 0.830138 1.553341
2.245632 1.594064 2.012441 2.415971 2.288820 2.266867 3.934040 5.463136 4.463080 2.801629
1.664465 1.043063 0.767221 0.565173 0.616775 0.566411 0.314864 0.303015 0.911656 1.661985
2.294603 1.945184 3.002765 3.715692 3.299284 2.382015 2.864910 3.808456 3.293455 2.204772
1.344851 0.955653 0.691089 0.519369 0.645416 0.833148 0.582633 0.363536 0.959612 1.795478
1.860618 1.143465 1.868434 2.478554 2.356369 1.882488 2.262933 2.635866 2.437748 1.976192
1.644776 1.498005 1.333391 1.229508 1.322074 1.454456 1.100613 0.594510 1.100803 1.904351
1.621508 0.527960 0.486938 0.757493 0.867599 1.163571 2.025637 2.555166 2.543717 2.369120
2.317256 2.460271 2.640145 2.721090 2.802350 2.791773 2.067676 1.154401 1.409953 2.036723
2.174335 0.989152 0.456578 0.434184 0.353479 0.643179 1.282542 1.836450 2.074340 2.176180
2.581306 3.352773 3.990021 4.229630 4.255223 3.866318 2.548090 1.547943 1.921052 2.404754
3.092243 1.947797 1.016953 0.695330 0.580657 0.595081 0.723534 0.961656 1.186856 1.380518
1.676480 2.261578 2.734178 2.928940 2.962197 2.703674 1.773818 1.660656 2.549016 2.914739
3.682534 2.982606 1.944554 1.445552 1.242989 1.134410 1.071638 1.020936 0.958094 0.916991
0.897011 1.000904 1.052097 1.146994 1.387525 1.525907 1.419118 1.733168 2.742588 3.200136
3.893748 3.610422 2.944235 2.646051 2.185529 1.713053 1.486321 1.386173 1.264604 1.196384
1.170478 1.177913 1.072464 1.026299 1.143257 1.275484 1.331607 1.505985 2.405257 3.194250
3.597348 3.420616 3.317053 3.487119 3.115644 2.320646 2.117939 2.289231 2.367288 2.317478
2.138513 1.874322 1.618702 1.422601 1.357163 1.366293 1.307382 1.442914 2.340725 3.171216
3.049617 2.473270 2.259971 2.457185 2.438930 2.201841 2.481294 3.055975 3.369764 3.226238
2.815215 2.405299 2.159586 1.940747 1.825274 1.749764 1.636011 1.775082 2.616674 3.192210
2.971811 2.556906 2.438949 2.529877 2.504427 2.462826 2.597345 2.916093 3.010168 2.949725
2.773525 2.706216 2.781188 2.746907 2.737914 2.819715 2.799950 2.845352 3.408233 3.523749
4.147360 4.199201 4.236209 4.333984 4.337434 4.330520 4.335023 4.347894 4.346962 4.389962
4.385796 4.370513 4.455460 4.387647 4.393454 4.526569 4.589899 4.601255 4.871586 4.247733
4.090987 4.280745 4.285087 4.333990 4.377637 4.432822 4.487415 4.512239 4.502155 4.505549
4.488917 4.471412 4.480063 4.412709 4.363428 4.410261 4.433011 4.475016 4.700702 4.099689
-2.149630 -2.488556 -1.763040 -1.407207 -1.439149 -1.452334 -1.597748 -1.647963 -1.491847 -1.334006
-1.311336 -1.087115 -1.158249 -1.191170 -1.118110 -0.987698 -1.164219 -1.473535 -1.814816 -1.257217
-1.973933 -2.897811 -1.975953 -1.984453 -1.876114 -1.823210 -1.814432 -1.737028 -1.493192 -1.400688
-1.282938 -1.114258 -1.136925 -1.366856 -1.500727 -1.285049 -1.444973 -1.906453 -2.322667 -1.168926
0.179345 -0.715215 -0.241463 -0.617513 -0.617399 -0.609733 -0.671508 -0.580499 -0.457820 -0.389028
-0.306377 -0.327177 -0.394513 -0.597485 -0.726349 -0.590698 -0.545455 -0.794667 -0.628934 0.268578
1.146299 0.670228 1.136801 0.636303 0.559091 0.413839 0.116121 -0.462860 -0.041862 0.282078
0.453123 0.382713 0.129589 -0.221338 -0.373138 0.054348 0.405026 0.374364 0.953968 1.195850
1.199938 1.076507 1.374748 0.720724 1.301347 0.743894 -1.048599 -1.523944 -1.162092 0.134231
1.308074 1.479255 1.356510 0.964357 0.854686 1.226511 1.531430 1.634055 2.168407 1.887838
0.986080 0.886778 0.336853 -0.595536 0.625068 0.289749 -2.014023 -2.870650 -2.509380 -0.491248
1.548701 2.302250 2.464381 2.110382 1.886148 2.190928 2.445630 2.458581 2.757227 2.186473
0.727543 0.552166 -0.314662 -0.571674 1.066134 0.881459 -0.998513 -1.968517 -1.644231 0.125547
1.773070 2.807767 3.065251 2.607353 2.293746 2.582377 2.945651 3.024545 3.135120 2.246485
0.498573 0.426255 0.187639 0.473446 1.646833 1.650426 0.214603 -1.117602 -0.294398 1.150442
2.188287 2.948280 3.170427 2.611439 2.210177 2.406610 2.994179 3.400358 3.296744 2.248477
0.850849 1.186585 1.793435 1.795135 2.479405 2.183140 1.095486 0.390838 0.818205 1.525105
2.012456 2.447190 2.685098 2.323961 1.930057 2.056078 2.670248 3.035775 3.049409 2.216660
0.505390 1.749274 2.871268 3.160285 3.465380 2.869086 2.093999 1.522347 1.536816 1.128282
1.454799 2.148309 2.573503 2.422145 2.204722 2.149758 2.948424 3.239622 3.157165 2.204954
-1.156339 0.423508 2.851175 3.562773 3.926971 3.585038 3.061931 2.469041 2.166319 1.885635
1.911161 2.263089 2.437353 2.411140 2.205645 2.398082 3.197773 3.391485 3.049727 1.837961
-2.800690 -1.589481 2.482987 4.215140 4.578352 4.267925 3.715780 2.990161 2.841106 2.765717
2.820878 2.983553 3.073288 2.947641 2.765020 3.011500 3.602608 3.406573 2.771684 1.415431
-2.336380 -2.145728 0.719034 3.398151 4.226489 3.967804 3.252531 2.785269 3.141726 3.425928
3.533333 3.602713 3.639887 3.491457 3.430909 3.686281 3.981592 3.382645 2.682296 1.114091
-0.488948 -1.479716 0.009201 0.956454 2.217061 2.557862 2.338341 2.109271 2.497715 2.803607
2.995772 3.055378 3.163185 3.240563 3.386628 3.627276 3.777524 3.477781 2.689994 0.865680
0.665270 -0.311715 0.065287 -0.403780 -0.141311 0.778975 0.906011 0.009789 -0.460807 -0.494662
0.042979 1.094218 2.362268 3.248490 3.500487 3.411555 3.423709 3.182389 2.409613 0.907239
1.070486 0.709572 0.910090 0.127054 -0.290958 -0.289267 -0.756642 -1.736691 -2.592681 -2.258789
-1.806981 -1.104055 -0.393417 0.611510 0.758732 1.166937 1.856806 2.192459 1.924956 1.330446
0.891578 0.908702 1.429220 0.848381 -0.059021 -0.698595 -1.326592 -2.383488 -2.582108 -1.918867
-1.604813 -1.786697 -1.989613 -1.382226 -0.669647 -0.032135 0.682399 1.372088 1.380799 1.489868
-0.715292 -1.474302 -0.500702 -0.740873 -1.590512 -2.152968 -2.452990 -2.886854 -3.038521 -2.918117
-3.124832 -3.155424 -3.474730 -2.951546 -2.227702 -1.429757 -0.382746 0.122509 0.143734 1.016559
-1.353844 -2.412131 -1.144549 -0.868143 -1.616205 -2.418487 -2.553132 -2.701151 -2.966270 -3.045307
-3.144930 -3.262420 -3.297546 -2.809858 -2.068097 -1.544424 -1.044480 -1.091258 -0.715884 0.345365
0.288848 0.008521 0.477467 0.495038 0.026625 -0.534025 -0.806568 -0.870212 -0.895538 -0.901522
-1.091169 -1.369399 -1.371902 -0.968697 -0.385262 0.139430 0.350824 0.190566 0.440645 1.004580
-0.027647 -0.633804 -0.314209 -0.185207 -0.138489 -0.119855 -0.142830 -0.092460 0.050102 0.147396
0.215254 0.291402 0.291881 0.240788 0.267169 0.304912 0.229246 0.025165 -0.273441 0.543367
2.191417 2.115389 2.420264 2.297492 2.257176 2.296025 2.318110 2.375098 2.380559 2.303620
2.258057 2.201784 2.112010 1.991398 2.068025 2.253381 2.269701 2.205976 2.228159 2.523037
3.548695 3.713474 4.049932 3.993129 3.962552 3.942326 3.860441 3.866531 3.817969 3.677525
3.622990 3.663166 3.612092 3.449805 3.510986 3.695764 3.636688 3.535959 3.852824 3.714121
3.790183 4.075313 4.459429 4.471607 4.516138 4.242680 3.692398 3.296500 3.414216 3.767311
4.096073 4.339561 4.494222 4.463751 4.467028 4.490728 4.253871 4.111750 4.414436 4.075681
3.728048 3.900388 4.098806 3.942903 4.115865 3.587811 2.498088 1.959249 2.152965 3.051510
3.817599 4.218780 4.599559 4.711432 4.661060 4.635675 4.371429 4.205917 4.428576 4.100306
3.614660 3.577117 3.321330 3.090045 3.416121 2.880723 1.451822 0.814812 1.175175 2.370712
3.417996 4.015014 4.400455 4.482314 4.538226 4.605614 4.454069 4.353328 4.546871 4.189391
3.395868 3.191520 2.905993 3.031753 3.468471 2.769063 0.730651 -0.528217 0.494226 2.288903
3.466332 4.055789 4.329012 4.370002 4.555390 4.676581 4.596274 4.498398 4.610254 4.162414
3.373888 3.314013 3.360878 3.740436 3.977618 3.333436 2.048038 1.216238 1.796825 2.887686
3.651049 4.161772 4.414445 4.476183 4.734940 4.798839 4.679965 4.471312 4.537677 4.103117
3.676183 3.841441 4.080104 4.399678 4.537393 4.011404 3.609670 3.451775 3.393157 3.519513
3.772145 4.058839 4.254288 4.326721 4.573990 4.667181 4.529408 4.298202 4.395981 4.045922
3.487700 3.948024 4.364482 4.643002 4.856451 4.471571 4.255079 4.124687 3.830361 3.581475
3.685907 3.955595 4.139387 4.153150 4.241856 4.287005 4.302688 4.183449 4.318446 4.030428
2.494870 3.211828 4.391328 4.799337 4.986950 4.680866 4.363297 4.097564 3.967889 3.913479
3.955140 4.124751 4.239545 4.187310 4.169000 4.235686 4.330537 4.216947 4.270145 3.926612
1.089189 1.810627 3.641235 4.615591 4.980537 4.812919 4.466794 4.231001 4.306515 4.359764
4.304563 4.302473 4.324889 4.176946 4.129707 4.306675 4.445662 4.285898 4.206795 3.823235
2.075823 2.033614 3.022585 4.002485 4.576197 4.680597 4.501680 4.382045 4.443208 4.497358
4.499324 4.485952 4.529694 4.448344 4.403346 4.533068 4.511283 4.296264 4.144415 3.763934
2.828488 2.279384 2.513059 2.976127 3.720652 4.142536 4.165124 4.020124 3.889168 3.861925
3.972839 4.192241 4.376636 4.402952 4.381674 4.451536 4.409307 4.279084 4.026775 3.584174
2.963640 2.581189 2.477352 2.370831 2.729915 3.251908 3.089613 2.573218 2.185034 2.134521
2.347046 2.839302 3.376458 3.654439 3.669986 3.685208 3.814121 3.786936 3.473211 3.080099
3.121026 3.116918 3.214170 2.859876 2.609237 2.634588 2.211632 1.705162 1.381173 1.472974
1.742240 2.073896 2.490137 2.880326 3.099841 3.206970 3.309391 3.316367 3.199745 3.183180
3.200686 3.209475 3.459231 3.269784 2.938508 2.672550 2.118046 1.466164 1.559380 1.941391
2.102945 1.978456 2.004722 2.522520 3.122283 3.325258 3.333060 3.269400 3.360073 3.501639
2.567166 2.439802 2.751155 2.741892 2.519279 2.248799 1.924772 1.664791 1.621036 1.676044
1.610815 1.463337 1.307226 1.632141 2.192744 2.591628 2.801587 2.818564 3.013751 3.381568
2.096993 1.803467 2.092660 1.951431 1.528682 1.074785 0.924749 0.967349 0.968185 0.878571
0.656636 0.386625 0.278664 0.598485 1.291714 1.843354 2.161360 2.286056 2.563426 3.052885
2.730661 2.730153 2.909357 2.702792 2.401946 2.150998 2.067915 2.088551 2.096577 2.088799
2.062926 2.006041 1.964124 2.057333 2.299185 2.507453 2.636124 2.765870 3.161512 3.327629
2.802407 1.375199 -1.165287 -1.852031 -1.561872 -1.570661 -1.300025 -1.242638 -1.662322 -1.641480
-1.148205 -1.236951 -0.782395 -0.016102 -0.156325 -0.436457 0.520168 1.382430 1.818787 -1.003457
2.592441 0.773075 -2.412677 -3.422861 -3.363812 -3.557285 -3.115661 -2.944564 -3.281694 -3.193847
-2.970112 -3.285265 -2.901465 -1.803469 -1.539041 -1.789314 -0.523649 1.648879 1.903321 -2.098582
2.734483 1.602215 -1.525718 -2.177373 -2.368737 -2.690835 -2.021313 -1.953996 -2.343022 -2.110899
-2.473780 -2.943254 -2.218950 -0.797093 -0.797024 -1.463055 -0.762314 2.988508 2.579741 -1.535089
2.912159 1.795427 -0.794091 -0.956007 -1.503265 -1.637210 -0.702583 -0.945036 -1.460629 -1.390296
-1.944439 -2.219914 -1.078094 0.649311 0.592502 -0.455014 -0.504359 3.419773 2.807660 -1.205153
2.809868 1.461187 -0.131364 0.365803 -1.381459 -0.380486 1.113841 0.623429 -0.166721 -0.809036
-1.220427 -1.175724 -0.528793 1.429604 1.426942 0.607893 0.256733 3.028131 2.708027 -1.480406
2.540835 1.091851 1.006494 1.409818 -1.671004 0.814528 2.233322 1.864199 0.199544 -0.747067
-1.132837 -1.409535 -0.617577 1.679538 1.425534 0.494809 -0.240315 2.849553 2.675376 -1.579811
2.285431 1.237421 2.226533 1.656642 -2.167874 1.167093 3.275955 2.792836 0.245426 -0.682414
-1.000630 -1.323341 -0.114905 2.256650 1.330965 0.405541 -0.707730 2.827174 2.782257 -1.503708
2.104108 1.611031 2.511063 2.100808 -2.159986 0.859117 3.313876 2.644735 0.098201 -0.483402
-0.858301 -1.288821 -0.694944 2.296260 1.362969 0.389254 -1.348211 2.730565 2.667381 -1.549842
2.281722 1.925736 2.421693 2.552401 -1.604943 0.188271 1.919241 1.812030 0.392786 -0.478027
-1.091756 -1.296948 -0.784137 1.753929 1.509340 0.487446 -1.511778 2.493208 2.627116 -1.691051
2.595250 1.968388 1.599332 1.926878 -1.465302 -0.965379 0.953291 0.890259 0.350821 -0.864951
-1.477390 -1.245741 -0.693623 0.869207 1.288647 0.409618 -1.550966 2.248626 2.629365 -1.696774
2.660970 1.742811 0.200012 -0.789223 -2.163502 -1.911934 0.808405 0.734920 -0.048406 -0.979553
-1.567461 -0.498416 -0.613840 0.593348 1.435740 0.803118 -1.323168 2.270851 2.663865 -1.804730
2.567060 1.424904 -0.744449 -1.581175 -2.381873 -2.391688 0.287906 0.704996 0.004695 -1.471759
-1.350622 -0.143116 -0.183269 0.684563 1.744321 1.191806 -0.177022 2.521478 2.704228 -2.089143
2.492185 1.348589 -1.179954 -1.703860 -2.358638 -2.634942 -0.991559 0.215148 -0.187555 -1.452321
-1.474605 -0.395056 0.313813 0.732440 1.654468 1.140738 0.364470 2.830703 2.890577 -1.953600
2.788093 1.889023 -1.132038 -1.589519 -2.154995 -2.283144 -1.746090 -1.102933 -1.063764 -1.340904
-1.700835 -1.314696 -0.767091 -0.901388 -0.004459 0.182119 0.388292 2.915180 3.222894 -1.292481
3.112334 2.209630 -0.900727 -1.237467 -1.692790 -1.758687 -1.613283 -0.920074 -0.413380 -0.963600
-1.489876 -1.576356 -1.450297 -1.610518 -0.847387 -0.377823 0.751109 2.760696 3.592341 -0.558158
3.152368 2.265872 -0.528938 -0.599934 -0.705604 -0.904289 -0.625444 0.212965 0.256823 -0.556256
-1.266438 -1.487581 -1.447808 -1.433307 -1.156571 -0.878166 1.203947 2.481169 3.829352 -0.181053
3.085963 2.127604 -0.489497 -0.781865 -0.471723 -0.425821 0.395957 0.582433 0.632772 0.026039
-0.618371 -0.837138 -1.019404 -1.224040 -1.402857 -1.107246 1.132773 2.479931 4.022685 -0.186952
2.972623 2.174022 -0.742785 -1.771333 -1.526127 -1.058100 -0.163112 -0.031471 -0.007918 -0.069670
-0.520672 -0.395837 -0.379567 -1.094220 -1.417326 -1.242590 1.197253 2.651090 4.019605 0.089585
2.850087 1.981013 -1.087628 -2.310803 -2.259682 -1.537544 -0.862637 -0.776411 -0.766455 -0.938632
-1.217714 -0.993106 -0.965616 -1.583859 -1.820647 -1.404327 1.146317 2.702954 3.436208 -0.509457
2.513454 2.027943 0.126219 -0.801340 -0.925076 -0.169062 0.232233 0.075774 0.120759 -0.188764
-0.303122 -0.056841 -0.182918 -0.583701 -0.965138 -0.282265 1.668057 2.601553 2.903634 0.099228
3.189051 1.317424 0.773868 1.269485 1.629461 1.831627 1.904204 1.866906 1.882466 2.030716
2.160484 2.205439 2.207845 1.978075 1.733245 1.762100 1.898868 1.799322 1.338883 1.757720
4.117499 1.607046 0.704586 1.293085 1.798056 2.141092 2.299675 2.245014 2.221866 2.391419
2.512076 2.529822 2.564636 2.258778 1.894034 2.003982 2.307153 2.307321 1.599797 2.196746
3.605349 1.035428 0.172457 0.855397 1.378601 1.872315 2.081521 1.984764 2.042355 2.243639
2.244690 2.355782 2.555389 2.266665 1.758584 1.761204 2.290238 2.331501 1.208641 2.186553
3.620542 1.147940 0.508526 1.138573 1.479086 2.157571 2.272927 1.825884 1.900637 2.022284
1.965318 2.229768 2.504559 2.213295 1.596479 1.593309 2.552296 2.629075 1.212894 2.262249
3.656439 1.288005 0.969263 1.183311 1.199093 2.249630 2.518332 1.920193 1.753174 1.675339
1.775743 2.296887 2.570330 2.240470 1.511157 1.424330 2.593153 2.626478 1.198709 2.287159
3.722233 1.626327 1.785166 1.176552 0.886235 2.431518 3.096015 2.285573 1.406644 1.291106
1.634496 2.361513 2.694642 2.270620 1.231428 1.168841 2.492941 2.615872 1.233094 2.278592
3.757820 2.027940 2.609197 1.116915 0.660248 2.560983 3.441004 2.308156 0.814401 0.891712
1.479888 2.277611 2.913187 2.495770 0.956482 0.910278 2.290988 2.672202 1.360955 2.322788
3.802657 2.385795 3.114461 1.146016 0.551369 2.509873 3.785728 3.202606 1.319612 0.944768
1.475161 2.302911 3.061344 2.716507 0.929662 0.758291 2.110909 2.700904 1.421911 2.390438
3.755843 2.304725 2.900424 1.130902 0.583824 2.347315 3.263985 3.012130 1.545965 1.137178
1.713023 2.357615 2.992579 2.716709 1.114684 0.764346 1.977136 2.658233 1.405509 2.382239
3.636387 2.025648 2.187942 1.224496 0.933261 2.343014 2.965991 2.559797 1.751764 1.458865
1.909006 2.488177 2.839311 2.582701 1.330608 0.857005 1.967631 2.613695 1.333740 2.250008
3.475245 1.527494 1.094271 1.154513 1.298666 2.360731 3.006836 2.487816 1.763468 1.622919
2.007097 2.486690 2.388688 2.221602 1.360346 0.884893 1.958796 2.580109 1.238659 2.068452
3.440116 1.119100 0.107509 0.664726 1.351572 2.353710 3.133052 2.778164 2.033175 1.786741
2.062622 2.436812 2.115643 1.927871 1.404349 1.004073 1.949760 2.434237 1.095783 1.894931
3.820464 1.149375 -0.195505 0.461763 1.345765 2.394863 3.237916 3.112226 2.496008 2.158340
2.247100 2.517666 2.204794 1.962681 1.803810 1.589851 2.200323 2.296615 1.049778 1.816332
3.584485 0.923701 -0.257195 0.373517 1.348268 2.484077 3.200942 3.228992 2.831857 2.460720
2.353463 2.576285 2.441760 2.339899 2.364462 2.188846 2.337059 2.212452 1.170298 1.997411
3.597242 1.112758 0.047882 0.561710 1.443279 2.402475 2.855520 2.890862 2.637527 2.297257
2.218232 2.417572 2.480484 2.581704 2.623823 2.470394 2.499379 2.194836 1.375434 2.294147
3.622481 1.277657 0.232471 0.843551 1.646354 2.295183 2.673014 2.826778 2.434078 2.118490
2.106442 2.308472 2.503497 2.694026 2.821037 2.805780 2.766658 2.287568 1.686085 2.639443
3.716208 1.461980 0.394729 1.008165 1.715279 2.123323 2.399903 2.229573 1.881635 1.850471
2.042120 2.253890 2.420299 2.583311 2.823386 2.944656 2.882797 2.284914 1.731778 2.629043
3.769179 1.636605 0.502066 1.040152 1.693874 2.127240 2.314153 2.242103 2.004537 2.011705
2.054224 2.188034 2.365370 2.502537 2.769616 2.984074 2.858793 2.137702 1.508574 2.412936
3.836940 1.676695 0.415906 0.778305 1.241196 1.700856 1.891908 1.820022 1.805045 1.781663
1.703391 1.749806 1.943774 2.094416 2.443498 2.742090 2.577916 1.816453 1.212266 2.251844
3.737696 2.158045 1.292451 1.567729 1.892139 2.244313 2.325513 2.204840 2.171310 2.097398
2.052582 2.144671 2.391913 2.504400 2.582867 2.766387 2.584376 1.976847 1.617357 2.401323
0.435092 0.139897 1.572866 2.291677 2.578730 2.622311 2.572934 2.520523 2.668723 2.833292
2.839299 2.815623 2.745860 2.518266 2.422493 2.502671 2.394089 1.932459 1.591357 1.837470
-0.217106 -0.636060 1.297191 2.299423 2.817788 2.977180 2.906356 2.797991 2.932317 3.106858
3.151223 3.223388 3.202204 2.922083 2.773512 2.814342 2.658500 1.917947 1.298648 1.623274
-0.284432 -0.771692 1.168371 2.103464 2.685688 2.929541 2.814867 2.713431 2.892939 2.989661
3.060502 3.235243 3.223512 2.806824 2.627911 2.767859 2.764158 1.825027 1.035920 1.425249
-0.302183 -0.757340 1.115670 1.872340 2.424021 2.679014 2.332284 2.188703 2.528092 2.593245
2.712197 2.869993 2.723424 2.261095 2.084329 2.394948 2.447414 1.432303 0.735132 1.214010
-0.284093 -0.642165 1.047547 1.478426 2.121311 2.405786 1.603556 1.270491 1.794860 2.186998
2.452896 2.551801 2.378917 1.982827 1.839002 2.147728 2.054009 1.117742 0.632574 1.170743
-0.247314 -0.482439 0.788839 0.801507 1.809142 2.168503 0.808490 0.121963 1.095684 1.960639
2.401145 2.563113 2.427061 1.842178 1.621616 2.111609 2.064365 1.146944 0.610658 1.144936
-0.191439 -0.372842 0.309828 0.132512 1.588018 2.064467 0.282248 -0.743583 0.612369 1.857693
2.372450 2.627269 2.500636 1.665229 1.376555 2.066087 2.248741 1.399290 0.638478 1.095266
-0.132874 -0.352979 -0.003653 -0.222284 1.463073 2.136929 0.486127 -0.563219 0.628983 1.795890
2.423564 2.787416 2.784383 1.840736 1.444344 2.128118 2.517223 1.737966 0.727314 1.098120
-0.152931 -0.402920 0.004584 -0.058789 1.469201 2.288058 1.297756 0.558236 1.219346 2.073145
2.745833 3.061555 3.004840 2.171449 1.778822 2.305472 2.721337 2.001044 0.863570 1.192854
-0.120781 -0.418934 0.408573 0.676387 1.805689 2.526489 2.063180 1.503458 1.760189 2.381652
2.996012 3.193464 2.998297 2.382932 2.075038 2.469924 2.852811 2.136671 0.957716 1.297658
-0.109902 -0.440117 0.862369 1.624181 2.397935 2.824929 2.539451 1.851527 1.901731 2.392834
2.978137 3.043790 2.820765 2.449762 2.211210 2.484525 2.870169 2.103434 0.980173 1.422412
-0.105113 -0.456299 1.096594 2.009714 2.731941 3.049262 2.865914 2.144170 1.964058 2.450863
2.972218 2.953847 2.702565 2.514416 2.355807 2.435498 2.678626 1.865048 1.027875 1.645342
-0.186005 -0.511377 1.230245 2.211535 2.965506 3.306504 3.243260 2.672792 2.396114 2.702515
3.121074 3.100387 2.739884 2.581890 2.525476 2.471656 2.572847 1.833575 1.192544 1.811706
-0.181960 -0.580099 1.255902 2.266367 3.111850 3.483577 3.513208 3.281664 3.005572 3.030967
3.234026 3.326594 3.128294 3.076997 3.023364 2.774089 2.665714 1.956943 1.290684 1.724194
-0.155621 -0.583089 1.250377 2.258867 3.066385 3.381050 3.402951 3.266071 2.970239 2.934561
3.130766 3.348455 3.372291 3.394045 3.314374 3.011987 2.758421 2.038766 1.318323 1.478088
-0.083112 -0.558860 1.204319 2.132121 2.700500 2.917082 2.921856 2.700218 2.434874 2.627619
3.018973 3.303707 3.425069 3.515903 3.492288 3.317978 2.933637 2.031203 1.243419 1.257635
-0.063674 -0.521425 1.177205 2.093023 2.563796 2.715943 2.625569 2.411622 2.299515 2.567332
2.999290 3.254467 3.366776 3.526706 3.641980 3.644973 3.189920 2.123795 1.300985 1.307077
-0.023926 -0.513241 1.158660 2.222414 2.877886 3.070985 2.952341 2.764281 2.724599 2.908216
3.211235 3.360157 3.399023 3.609696 3.822649 3.902419 3.424932 2.291365 1.569653 1.607584
0.073110 -0.449864 1.214829 2.385134 3.163105 3.471787 3.381276 3.226838 3.142841 3.213832
3.420675 3.573120 3.623774 3.751499 3.891919 3.965878 3.414362 2.343634 1.843530 2.060701
0.618904 0.316232 1.386309 2.178081 2.720679 2.882941 2.777554 2.693597 2.627222 2.657826
2.822136 2.920663 2.969020 3.044626 3.160765 3.177891 2.748389 2.080343 1.869379 2.022541
4.544053 0.748936 -0.947188 -1.613004 -1.265426 -1.102087 -0.941348 -0.942152 -1.024595 -1.078393
-0.867764 -0.791209 -0.784435 -0.592534 -0.233420 -0.386609 0.048485 0.650126 1.529541 2.194673
5.366313 0.102748 -1.899436 -2.525932 -2.279278 -2.188122 -2.028052 -2.171114 -2.172025 -2.058433
-1.895059 -2.004338 -1.999265 -1.940884 -1.575510 -1.479958 -0.792655 0.047967 1.400874 2.034643
5.261550 0.237889 -1.480908 -1.967430 -1.914457 -1.701316 -1.450945 -1.757514 -1.724042 -1.679988
-1.624823 -1.852427 -1.590225 -1.460568 -1.090592 -1.079391 -0.611981 0.050817 1.771386 2.433384
5.298499 0.354168 -0.820774 -1.008019 -1.395799 -1.085176 -0.545214 -1.029227 -1.070580 -1.195319
-1.262218 -1.448205 -0.898064 -0.678204 -0.336462 -0.276912 0.385849 0.755943 1.832179 2.805603
5.168344 0.118320 -0.512036 0.003418 -0.905868 -0.640780 0.652719 0.250553 -0.069375 -0.564941
-0.900977 -0.946959 -0.542645 -0.517161 -0.170358 0.149583 1.511979 1.311540 1.568351 2.937816
5.016894 -0.130985 -0.216620 0.948339 -0.662283 -0.385484 2.389222 1.886071 0.202172 -0.474895
-0.615426 -0.775903 -0.751420 -0.532002 -0.290643 0.038124 1.225274 1.082717 1.549813 2.982780
4.927671 -0.123587 1.037254 1.263222 -0.835688 -0.334410 3.891026 3.645614 0.107446 -0.554848
-0.489458 -0.641250 -0.444902 0.018428 -0.317694 -0.139960 1.023014 1.001552 1.635144 3.091724
4.907484 0.057029 1.903060 0.963157 -0.651611 -0.485431 3.169374 3.398081 -0.067518 -0.515334
-0.404025 -0.586986 -0.353882 -0.228863 -0.322465 -0.148474 0.957391 0.672118 1.719761 3.194755
4.966436 0.171125 1.749101 0.916217 -0.198980 -0.626952 1.529426 1.349013 -0.266979 -0.577618
-0.556055 -0.645368 -0.379403 -0.610631 -0.127012 0.066615 0.953228 0.261474 1.712926 3.175222
5.014329 0.174485 0.228517 0.275917 -0.140895 -0.814823 0.203621 -0.149087 -0.630788 -0.922802
-0.901098 -0.843565 -0.542061 -0.694960 -0.103160 0.041056 0.772650 0.044117 1.725868 3.010530
4.967929 -0.068165 -0.857772 -1.183699 -1.265502 -1.353927 -0.264009 -0.232740 -0.741951 -1.109324
-1.022454 -0.924699 -0.571675 -0.914946 -0.160703 0.043535 0.680077 0.126219 1.717757 2.771105
5.065477 -0.246434 -1.537616 -1.647233 -1.592357 -1.490002 -0.410099 -0.031775 -0.598990 -1.222697
-1.249102 -0.720636 -0.421857 -0.681835 -0.065285 0.397928 0.705742 0.470009 1.624847 2.410931
5.027650 -0.139384 -1.516830 -1.629133 -1.412167 -1.365950 -0.684021 -0.217371 -0.399647 -1.012920
-1.344313 -0.912122 -0.561934 -0.535966 -0.091579 0.232455 0.157679 0.529171 1.613124 2.237729
4.946162 0.182924 -1.354968 -1.379972 -1.015798 -1.042493 -0.667409 -0.501404 -0.649791 -0.954046
-1.066832 -0.919102 -0.823411 -0.788839 -0.588117 -0.534611 -0.187830 0.476119 1.873991 2.628148
4.791366 0.185706 -1.433531 -1.127825 -0.629242 -0.749001 -0.507819 -0.489872 -0.395718 -0.481151
-0.802586 -0.813777 -0.795185 -0.812751 -0.652942 -0.528685 -0.039490 0.627326 2.175787 3.456608
4.753868 -0.013214 -1.639187 -1.118343 -0.361204 -0.496388 -0.082055 -0.064180 0.120456 -0.227830
-0.640323 -0.685992 -0.643419 -0.727805 -0.602571 -0.512306 -0.027640 1.086131 2.384218 3.901109
4.671988 -0.075311 -1.839263 -1.247933 -0.502159 -0.226022 0.083117 0.490832 0.162573 -0.005609
-0.367642 -0.292929 -0.293822 -0.511989 -0.560218 -0.573485 0.007817 0.915068 2.432921 3.883211
4.601666 0.064787 -1.913867 -1.707198 -1.288096 -0.718453 -0.280830 0.049038 -0.146462 -0.173177
-0.334064 -0.169171 0.108947 -0.215451 -0.471581 -0.444346 -0.088306 0.888514 2.142696 3.796345
4.550316 0.176849 -1.859282 -1.840205 -1.497748 -0.892538 -0.581598 -0.492514 -0.616254 -0.748962
-0.844415 -0.621351 -0.449761 -0.596608 -0.934548 -0.641984 -0.101075 0.626149 1.669761 2.766065
3.506178 0.856020 -0.473692 -0.557810 -0.587764 -0.258564 0.117399 0.186033 0.078594 -0.015057
-0.119984 0.031615 0.092047 -0.057349 -0.307807 -0.131624 0.410037 1.043025 1.645178 2.205788
-0.125298 -1.143070 -1.908472 -1.735876 -1.583474 -1.641718 -1.853177 -2.073002 -2.221729 -1.942184
-1.483252 -1.303829 -1.155170 -1.090317 -1.035014 -1.149044 -0.980086 -0.517874 -0.658316 -1.516704
0.979730 -0.647893 -1.955444 -2.140825 -2.217947 -1.932906 -1.442346 -0.912400 -0.628029 -0.760333
-1.180519 -1.527619 -1.744711 -1.452982 -1.097753 -0.926657 -0.889073 0.232796 -0.067929 -0.771620
1.397553 0.221071 -0.521166 -0.424232 -0.440688 -0.565455 -0.918098 -0.923004 -0.870640 -1.252810
-2.040225 -2.707721 -2.617885 -2.330741 -1.765501 -1.391813 -1.025110 0.456619 0.073723 -1.325652
1.517810 -0.165990 -1.107414 -1.186484 -1.066761 -1.109003 -1.560623 -1.543342 -1.347862 -1.064254
-0.881817 -0.748847 -0.168029 0.348033 0.548189 -0.410449 -1.381791 0.105229 -0.382483 -2.069453
0.458984 -1.304744 -2.525851 -2.585256 -2.528521 -1.587255 -1.687392 -1.808502 -1.943831 -1.311609
-0.326969 -0.656354 -0.952219 -0.434723 0.064149 -1.346391 -2.561338 -1.224283 -1.753522 -2.830064
-0.107010 -1.615804 -2.656924 -2.719435 -3.113018 -1.638227 -1.227073 -1.162233 -1.311903 -1.648946
-1.314609 -1.426585 -1.462225 -1.444550 -1.515057 -2.380584 -3.165961 -1.558375 -2.304170 -3.124853
-0.436802 -2.154474 -3.075258 -2.724968 -3.392479 -1.700497 -0.301869 -0.807980 -0.333036 -0.707667
-0.972490 -1.288603 -1.898224 -1.946601 -2.148452 -3.221449 -3.659886 -2.047368 -2.457390 -3.166891
-0.377460 -2.037806 -2.446520 -2.978751 -3.461105 -0.464848 2.558179 4.702105 3.772751 1.289313
-0.209438 -2.019731 -2.151373 -1.853729 -1.900136 -3.260902 -3.870495 -2.283443 -2.572206 -3.255153
0.500147 0.094562 -0.141515 -0.803123 -1.171968 0.265843 2.671495 6.777091 5.748837 2.083108
-1.165348 -2.525410 -2.720274 -2.418453 -2.225235 -3.027888 -3.636341 -2.398387 -2.622174 -3.259057
0.304172 -0.310572 1.493343 1.549297 0.546520 -0.104402 -0.070538 1.349760 1.035251 -0.912097
-2.437008 -3.061070 -3.460195 -3.621213 -3.450280 -3.790479 -4.081186 -3.119066 -3.059390 -3.178143
0.234397 -0.790447 -1.682053 -1.725072 -2.149539 -2.148403 -0.881852 -0.705387 -0.754743 -1.506399
-2.276309 -3.001363 -3.881858 -4.193187 -4.085257 -4.214651 -4.176820 -2.963728 -3.019073 -3.054391
-0.038876 -1.421499 -3.228006 -3.486473 -3.637243 -2.788437 -0.471983 0.545236 0.138249 -0.777366
-0.900668 -1.089454 -1.374916 -1.522311 -1.535232 -1.567047 -1.544479 -1.985931 -2.883913 -3.033607
1.374835 -0.489167 -2.445925 -3.280133 -3.540667 -2.965139 -1.959255 -1.048326 -0.684281 -0.679117
-0.023950 1.382367 2.250342 2.378509 2.383212 1.681352 -1.016417 -1.568428 -2.094884 -2.333183
1.735035 0.473022 -1.663909 -2.819075 -3.355206 -2.988940 -2.549401 -2.195395 -2.074659 -1.945127
-1.830073 -1.231246 -0.930133 -0.813603 -0.798021 -1.076064 -1.824819 -0.791350 -0.229850 -1.185587
2.184329 1.673968 0.535310 -1.413615 -2.411784 -2.072408 -2.161691 -2.137832 -2.232476 -2.237873
-2.373652 -2.252457 -2.382908 -2.541152 -2.152917 -1.952538 -1.671220 -0.634814 -0.260778 -0.610530
2.583359 2.460266 2.237994 1.337435 0.171921 -0.602141 -1.055066 -0.943035 -1.137472 -1.477497
-1.433236 -1.632521 -1.901823 -2.250796 -2.113890 -1.895071 -1.526705 -1.052135 -0.588969 -0.093307
2.062795 2.048028 2.651873 2.819099 2.265140 0.848024 0.322114 0.690984 1.111331 1.266157
0.858960 0.064214 -0.725253 -1.115563 -1.428257 -1.721795 -1.726501 -1.012168 -0.943322 -0.268372
0.696410 -1.228720 -2.050353 -2.176619 -1.939388 -1.471793 -0.255616 2.302778 3.022489 2.321653
1.027599 0.203343 -0.366765 -1.212972 -1.948179 -2.541393 -2.565483 -1.805530 -1.651046 -1.043772
-0.183869 -1.338688 -1.408858 -1.670763 -1.982890 -1.915638 -1.506791 -0.929226 -0.765434 -1.004536
-1.069946 -0.936089 -0.639992 -0.656038 -0.857464 -0.920105 -0.669477 -0.457322 -0.809216 -0.692104
3.326818 3.657529 3.709129 3.469533 3.240534 3.419170 3.583131 3.583120 3.614180 3.715877
3.790572 3.788082 3.790431 3.692524 3.477916 3.565970 3.914709 3.987202 3.543799 2.339517
1.359779 0.458037 -0.169168 -0.334073 -0.224130 -0.106449 0.075274 0.185718 0.080141 0.059592
-0.032106 -0.155452 -0.189089 -0.015556 0.334064 0.337805 0.448080 0.811201 1.184559 0.758658
2.377869 1.800862 1.005602 0.864238 1.092945 1.036580 1.112774 1.356054 1.343472 0.992948
0.479485 0.090061 -0.075531 0.058618 0.412903 0.809779 1.015521 1.465992 2.179185 1.232413
2.717332 2.252849 1.261873 1.108018 1.462621 1.022763 0.543258 0.473960 0.438967 0.389071
0.361489 0.473599 0.706650 0.954278 1.076287 1.148309 0.930268 1.354834 2.037045 0.825487
2.334089 1.197476 0.193535 0.063860 0.555614 0.316370 -0.110018 -0.189119 -0.215063 0.224677
0.843598 1.140570 1.257708 1.768557 1.865527 1.442436 0.031558 0.476095 1.119558 0.161625
1.156828 -0.231136 -1.346199 -1.380540 -1.087367 -0.589108 -0.286040 -0.100341 -0.600103 -0.459726
0.282285 0.565652 0.405939 0.767391 1.228159 0.778453 -0.269727 -0.281208 0.216499 -0.345607
0.505875 -1.013070 -1.842158 -1.601948 -1.661969 -0.959684 0.001963 0.835018 0.362405 -0.365721
-0.200358 0.201211 -0.097437 -0.229661 0.262626 -0.271645 -0.935510 -0.739846 -0.050393 -0.428179
0.727802 -0.850749 -1.222638 -0.684248 -0.961720 -0.596186 1.718705 3.863781 2.882102 1.059602
0.148425 -0.148834 -0.976972 -1.225796 -0.726948 -1.155391 -1.757937 -1.608736 -0.695064 -0.705951
1.108996 -0.029297 0.310156 0.746848 0.331308 0.227376 2.577588 6.126626 4.890186 2.166622
0.117993 -0.936015 -1.355523 -1.470133 -1.035097 -1.433740 -2.175354 -1.982575 -0.936298 -0.822192
1.486433 0.795095 1.965981 2.720918 2.294117 0.792594 1.255094 3.535960 3.088225 1.310893
-0.428638 -1.406082 -1.778573 -1.841740 -1.379341 -1.192671 -1.995249 -2.214355 -0.970766 -0.667341
1.404313 0.387464 1.457934 2.382186 1.936636 0.534134 0.761952 1.191667 1.138211 0.481153
-0.535465 -1.158756 -1.680598 -1.937371 -1.784369 -1.137764 -1.352216 -1.854428 -0.867401 -0.511782
0.410263 -1.200108 -0.899125 -0.513535 -0.501540 -0.442241 0.788401 1.231744 1.262542 1.026258
0.635518 0.253861 -0.213364 -0.511985 -0.496441 0.195546 -0.359457 -1.537789 -0.731294 -0.579885
1.018585 -1.143945 -2.161663 -2.091051 -2.262429 -1.663786 -0.017301 1.001679 1.245331 1.113920
1.499466 1.929981 2.174184 2.217751 2.279776 2.529881 1.125669 -0.498105 -0.107426 -0.346278
2.468001 0.686260 -1.331233 -2.323900 -2.696697 -2.183725 -1.365710 -0.537933 -0.303356 -0.231904
0.265903 1.244625 1.836729 1.977017 1.966941 2.015907 0.130340 -0.214854 0.868092 0.636108
3.088555 2.122908 0.206212 -1.195180 -1.641159 -1.663874 -1.607803 -1.610086 -1.818714 -1.825279
-1.592476 -1.107834 -0.915237 -0.699582 -0.361931 -0.227795 -0.826557 -0.095186 1.340171 1.280078
3.102045 2.932011 2.043152 1.135724 -0.067449 -0.685164 -0.932291 -1.012762 -1.222690 -1.305072
-1.320754 -1.351585 -1.589561 -1.664466 -1.369507 -1.192233 -0.950592 -0.321539 0.896871 1.456877
2.618175 2.512690 2.560142 2.682275 1.925460 0.659428 0.181457 0.517421 0.706970 0.834544
0.542640 -0.083751 -0.823728 -1.213241 -1.170327 -1.114663 -0.947903 -0.486913 0.797357 1.467523
1.559700 0.542352 0.570475 0.813611 0.794756 0.313679 0.660045 1.786076 2.338595 2.155915
1.504804 0.727148 0.090898 -0.573296 -0.976299 -1.133407 -1.216842 -0.831621 0.421880 0.875046
0.821562 -0.509526 -0.557262 -0.624167 -0.662870 -0.609386 -0.118955 0.726387 1.148385 0.828939
0.427922 0.213849 0.227772 -0.096828 -0.413128 -0.484143 -0.453936 -0.157480 0.846894 0.898537
2.237590 1.720984 1.882184 1.787261 1.683252 1.652466 1.795158 1.943381 2.042382 2.129465
2.140248 2.203282 2.406789 2.254211 1.996860 1.943350 1.972556 2.133210 2.717103 1.855438
3.173511 3.147613 3.255395 3.252616 3.374294 3.538812 3.713402 3.797667 3.811534 3.848527
3.876023 3.915547 4.030906 3.875211 3.611410 3.466229 3.453885 3.504363 3.857804 3.013461
2.529593 1.777818 2.659831 3.626420 3.647074 3.776193 3.870745 3.934379 3.953272 3.944942
3.915849 4.009459 4.143343 4.016084 3.502036 3.151957 3.442719 3.207067 1.445763 0.339705
2.145952 0.420298 1.396290 3.730812 3.737959 3.845612 3.867059 3.865871 3.901629 3.978994
4.015342 4.188313 4.393385 4.171825 3.402359 2.796723 3.229925 3.050495 0.505952 -0.947122
1.958748 0.334002 1.157140 3.679187 3.619801 3.682339 3.680120 3.693292 3.836567 4.037031
4.092417 4.235576 4.446898 4.275566 3.478209 2.454724 2.684509 3.298795 0.508680 -1.000536
2.002633 0.422313 1.319887 3.346209 3.244759 3.465297 3.365923 3.001622 3.187901 3.879806
3.919464 3.920397 4.058939 4.071702 3.327121 1.789862 1.313143 3.216396 0.655230 -0.926844
2.120868 0.732367 1.347310 2.772681 2.424775 3.416384 3.105587 2.074638 1.195801 2.824069
3.658442 3.636123 3.813342 4.015558 3.291651 1.381245 0.702580 2.524513 0.810662 -0.859234
2.240807 1.464520 2.229006 2.094509 1.096093 3.545336 2.740864 0.797911 -0.748242 0.396679
3.032184 3.557427 3.832219 4.070209 3.306794 1.206221 0.346831 2.481586 0.836280 -0.822757
2.370123 2.311009 3.084813 1.495802 -0.110225 3.454868 2.634072 -0.184975 -2.805863 -0.785864
1.628060 3.501970 3.889962 4.114559 3.311521 1.011708 0.167630 2.637299 0.856171 -0.814970
2.478914 2.904245 3.489740 1.294835 -0.761729 2.798885 2.900460 0.545102 -2.136704 -0.300330
1.577505 3.487708 3.953124 4.162210 3.292427 0.829258 -0.107440 2.606469 0.906067 -0.847886
2.370894 2.916479 3.530730 1.335080 -0.667065 2.277281 3.273063 2.216082 1.299837 1.603985
2.233998 3.560950 4.073506 4.235814 3.252648 0.603637 -0.427242 2.279015 0.926473 -0.910402
2.239836 2.427818 3.451595 1.598260 0.236206 3.270116 3.853808 3.669637 3.388075 2.976009
3.032155 3.885042 4.335955 4.350808 3.275081 0.502859 -0.729508 2.040034 0.915426 -0.994087
2.041561 1.678605 3.207337 2.108864 1.266000 4.186421 4.333585 4.340694 4.076651 3.628121
3.798801 4.382926 4.751072 4.623528 3.448242 0.695652 -0.488905 2.409531 0.828847 -1.058414
1.849319 0.626636 1.877895 2.549998 2.452784 4.260034 4.448912 4.558013 4.381559 4.044114
4.198953 4.664053 4.820116 4.548528 3.427353 1.112616 0.399375 3.215003 0.806735 -0.981768
1.996239 -0.163033 0.772237 2.617421 3.051381 4.154984 4.336018 4.461074 4.362022 4.186544
4.268583 4.565201 4.542728 4.217277 3.434698 2.024165 1.673624 3.553689 0.836368 -0.763191
2.294395 0.120517 0.564777 2.425778 2.847700 4.027735 4.166454 4.249389 4.180120 4.078716
4.074181 4.323467 4.332179 4.080368 3.651148 3.071543 3.439884 3.467918 0.872905 -0.572758
2.603367 1.317231 1.514352 2.734270 2.321152 3.829972 3.997471 4.039242 3.954167 3.874270
3.733724 3.926155 3.986804 3.853361 3.695395 3.634910 4.008655 3.485723 0.933252 -0.544055
2.726456 2.020854 3.042149 2.969161 2.397623 3.487461 3.877053 3.934741 3.802756 3.673691
3.467924 3.542507 3.660398 3.700005 3.709510 3.776644 4.110962 3.466731 0.828991 -0.769271
2.818463 2.413278 3.384063 3.270905 3.123888 3.612564 3.752408 3.780181 3.605674 3.424719
3.349346 3.430015 3.308737 3.336786 3.657639 3.936328 4.289581 3.443477 0.685663 -0.899117
3.111844 3.047305 3.756426 3.853553 3.964400 3.969791 3.950970 3.927218 3.774934 3.771711
3.819594 3.658115 3.300332 3.200552 3.904137 4.384998 4.635213 3.573968 0.697654 -0.830154
3.282913 3.269014 3.868289 4.113556 4.365611 4.281392 4.110315 4.023566 4.031720 4.224045
4.252005 3.938022 3.551258 3.473738 4.161817 4.681811 4.761374 3.613390 0.799501 -0.608263
3.186816 3.190665 3.456974 3.673022 3.900978 3.831975 3.611642 3.484935 3.531520 3.691681
3.782360 3.574002 3.314388 3.406548 3.772011 4.027739 4.058949 3.309793 1.474619 0.477790
3.406513 3.017878 2.641603 2.944010 3.049933 3.094959 3.159578 3.164135 3.136580 3.171727
3.233272 3.185517 3.193216 3.344644 3.637095 3.492960 3.246907 3.608141 4.247492 2.945846
3.558537 2.918743 2.302636 3.033301 3.187715 3.246530 3.348709 3.345994 3.259826 3.312227
3.448761 3.400161 3.414537 3.639400 4.055002 3.794137 3.330359 3.876133 4.881360 2.959943
3.430628 2.778567 2.147415 3.076036 3.295127 3.340665 3.452668 3.406305 3.275470 3.339295
3.511105 3.482733 3.452085 3.678169 4.170106 3.984397 3.130641 3.613362 4.897696 2.963799
3.382808 2.705364 2.317322 3.163688 3.256666 3.270788 3.429074 3.355397 3.001638 3.095761
3.363575 3.468347 3.443373 3.556680 4.130691 4.229626 2.945011 3.060764 4.741596 2.944227
3.331567 2.659451 2.503545 3.238384 3.098351 3.051983 3.401242 3.293691 2.477779 2.412891
3.135841 3.388528 3.400097 3.420444 4.059870 4.368325 2.932775 2.538341 4.667061 2.939027
3.253524 2.565011 2.829566 3.529751 2.801530 2.674951 3.535753 3.209586 1.717124 1.530214
2.765684 3.291173 3.302741 3.431262 4.124433 4.496758 2.972505 2.381218 4.647579 2.950760
3.173244 2.521801 3.259590 3.996938 2.527625 2.069385 3.701278 3.358218 0.868321 0.849972
2.289999 3.163540 3.197908 3.480695 4.169946 4.583346 2.948539 2.318075 4.626958 2.963902
3.107016 2.472752 3.538551 4.370975 2.339959 1.472155 3.600478 3.425493 0.958579 1.000576
2.276775 3.085977 3.180077 3.571660 4.267172 4.696833 2.899589 2.220009 4.657487 3.004557
3.095583 2.425020 3.536863 4.350352 2.332198 1.187156 3.344049 3.253720 2.082860 2.025030
2.641670 3.078388 3.173192 3.608648 4.388111 4.813274 2.830823 2.056177 4.681401 3.020700
3.059471 2.303959 3.406110 4.109594 2.556999 1.662011 3.187215 3.217181 3.049824 3.002988
2.976716 3.119398 3.238757 3.636317 4.482153 4.836689 2.750132 1.966262 4.718608 3.021863
2.953990 1.969535 3.108051 3.745974 2.669898 2.405091 3.183506 3.293490 3.337919 3.323813
3.099832 3.157394 3.277142 3.625859 4.480561 4.752020 2.670538 2.185242 4.769334 3.019433
3.019560 1.716658 2.569898 3.301817 2.784673 2.854646 3.266770 3.328159 3.392999 3.333687
3.151431 3.136675 3.212052 3.473604 4.215919 4.380682 2.767389 2.785368 4.823441 3.014962
3.110135 1.801767 2.121505 2.933543 2.878998 3.009795 3.320249 3.368877 3.341712 3.259272
3.154578 3.159795 3.225652 3.406090 3.953448 4.043682 2.939412 3.463757 4.813145 2.980271
3.192771 2.119413 1.894740 2.775548 2.888319 2.988448 3.248608 3.281307 3.199121 3.153478
3.159167 3.178528 3.258866 3.375188 3.669970 3.629430 3.146124 3.821088 4.772759 2.982625
3.261572 2.514328 1.990527 2.947630 2.815248 2.778523 3.099825 3.162605 3.134456 3.111253
3.117653 3.114625 3.235234 3.324028 3.416532 3.351558 3.307357 3.903017 4.816574 3.064055
3.314289 2.737015 2.189507 2.962841 2.850995 2.657570 2.986740 3.097833 3.128591 3.089928
3.061201 3.077508 3.201040 3.259690 3.326619 3.297404 3.400217 3.991030 4.971778 3.143907
3.292686 2.818265 2.384855 2.901482 2.915384 2.827752 2.975731 3.071121 3.070443 3.040726
2.983577 3.047331 3.188115 3.106040 3.205286 3.252871 3.442892 4.133477 5.118130 3.124820
3.230195 2.823433 2.462793 2.755263 2.871969 2.970988 3.047105 3.078457 3.078956 3.015983
2.982023 3.144709 3.268981 2.983740 2.982579 3.148883 3.465070 4.278168 5.120255 3.053163
3.200961 2.761752 2.490047 2.701241 2.838522 3.066816 3.184453 3.125281 3.049094 2.951093
2.979950 3.168653 3.260879 2.943760 2.858889 3.059277 3.425354 4.181526 4.857312 2.878335
3.081728 2.776038 2.566534 2.718084 2.801834 3.009533 3.145465 3.073455 2.958421 2.890977
2.921713 3.096789 3.157496 2.946136 2.856441 2.958267 3.177859 3.674046 4.103807 2.842601
-2.310662 -4.775590 -3.687164 -1.791300 -0.632621 -0.472461 -0.530493 -0.709680 -0.530010 -0.677147
-0.792599 -1.042277 -1.877109 -3.599616 -3.481147 -2.372036 -4.387951 -5.235364 -4.108068 -2.514378
-0.552396 -3.313721 -1.921526 0.282316 1.293890 1.337808 1.181108 1.049482 1.457931 1.400519
0.964036 0.125544 -0.334465 -0.771922 -1.014061 -0.109444 -1.518765 -3.265151 -2.179283 -1.571775
-1.375811 -4.573665 -3.528171 -1.410177 0.442149 1.146862 1.124623 1.054797 1.519420 1.588358
1.205184 0.510534 -0.014988 -0.634151 -0.909152 0.239954 -1.117562 -3.171297 -3.590894 -2.190219
-1.127673 -4.270187 -3.222136 -1.154463 0.634659 1.616355 1.680282 1.122363 0.905990 0.497008
0.413334 0.895782 0.162677 -1.149696 -1.518099 0.007901 -1.036422 -1.182585 -3.369109 -2.185909
-1.350268 -3.759694 -2.603639 -1.293432 -0.853372 0.629234 0.899029 -0.112034 -1.315277 -0.305217
0.406703 0.922898 0.020485 -1.431197 -2.540240 -1.585454 -1.584073 -1.775200 -3.894164 -2.392211
-1.345293 -3.161264 -1.294595 -1.364503 -2.051670 0.179413 0.086805 -1.629827 -3.205904 -2.305929
-0.516712 0.687347 0.154159 -0.929336 -2.351771 -1.453691 -1.695496 -1.884500 -4.054525 -2.390821
-1.235699 -2.603350 -0.968230 -2.208158 -2.568034 -0.124119 -2.865022 -3.925975 -5.531209 -3.209614
-1.528969 0.253624 0.075462 -1.016275 -2.541683 -2.031263 -1.721255 -1.370500 -4.128272 -2.256449
-1.472653 -2.868171 -1.905508 -2.755319 -2.365370 0.545976 -1.441838 -2.502887 -4.297869 -1.960471
-0.540329 0.461164 -0.058644 -1.501531 -2.936199 -2.021141 -1.757092 -1.292281 -4.058351 -2.119875
-1.499192 -2.940497 -2.243141 -2.441600 -1.955208 0.613613 1.204417 0.207990 -0.187730 -0.023004
-0.140032 0.389786 -0.140113 -1.423537 -2.924951 -1.984423 -1.774393 -1.144970 -4.132236 -2.060416
-1.481564 -2.678066 -0.395911 -0.393596 -0.957722 1.273979 1.777508 1.231025 0.860611 0.153373
-0.202284 0.134710 -0.567693 -1.961839 -2.833349 -2.299273 -2.050717 -0.928733 -4.109673 -2.049991
-0.923328 -3.010860 -0.639543 -0.086980 0.235403 1.642506 2.139460 1.062788 0.868389 0.732117
0.723661 -0.019067 -0.826006 -2.266538 -2.151076 -1.974268 -1.966121 -0.998776 -4.071797 -2.060741
-1.034084 -3.447364 -2.096004 -0.910697 1.198660 2.143529 2.724658 1.483752 1.338967 1.754146
0.877511 -0.179703 -0.991904 -3.172307 -3.016170 -2.045248 -2.163916 -2.083589 -4.182799 -1.990396
-0.923988 -3.519164 -3.147202 -1.397480 1.658163 2.557809 2.913360 1.638430 1.359436 1.928843
1.084982 0.121502 0.560970 0.286720 0.230763 -0.262841 -2.219494 -3.452734 -4.039519 -1.937108
-1.124962 -3.457844 -3.282317 -1.497156 0.916972 2.648086 2.972059 2.001344 1.576452 2.083087
1.478015 0.766303 1.619556 0.969629 1.058135 0.189537 -1.234225 -3.426887 -3.707621 -1.783664
-1.046662 -2.993259 -3.291827 -1.267224 0.566123 1.916416 2.625206 1.906520 1.263856 1.311683
0.989457 0.784569 1.947573 1.036667 0.902996 0.401259 -1.176300 -3.201514 -3.425427 -1.970494
-0.651392 -1.798274 -1.263842 -0.884619 0.173306 1.895942 2.000108 1.421549 0.645600 0.043935
-0.064255 0.817211 1.752699 0.955107 0.879438 0.295415 -1.321560 -3.416974 -2.984912 -1.861408
-0.635176 -1.354839 0.143434 0.600607 1.030827 1.832808 1.365913 0.450716 -0.667970 -0.567396
-0.290161 -0.269502 0.754059 0.556468 0.664933 -0.194093 -2.067038 -4.254042 -3.102737 -2.168117
0.183353 -1.233745 -0.385780 0.129690 0.498761 1.177684 1.071837 1.130941 0.846058 0.454240
1.122642 1.105754 1.085092 0.596849 0.095150 -1.017079 -2.772131 -4.393377 -2.897084 -2.088197
-0.381536 -2.688662 -1.813291 -0.721141 -0.836162 -1.346992 -0.531601 0.135527 -0.147393 -0.416232
-0.819380 -1.782094 -1.013484 -0.393106 -0.798308 -1.690889 -4.318368 -5.833631 -3.461447 -1.895769
-0.587672 -1.206025 -0.110825 0.687949 0.561946 -0.174235 -0.230642 0.145356 0.160581 0.736083
0.728265 0.085564 0.406123 1.034716 0.573653 -0.221321 -2.569253 -4.227983 -2.776712 -1.635125
-1.118098 -2.082114 -2.509629 -2.876209 -2.443238 -1.890683 -1.798887 -1.409544 -0.960287 -0.643780
-0.357020 -0.306434 -0.649412 -1.163021 -1.088845 -1.181280 -1.960187 -2.442972 -1.926606 -1.120941
-0.766250 -1.364895 -1.837528 -2.161629 -1.497223 -0.788906 -0.688560 -0.079604 0.355997 0.701778
0.813866 0.903203 0.311571 -0.515201 -0.320268 -0.185301 -0.885670 -1.544437 -0.984462 -0.631899
-0.943018 -1.886209 -2.415309 -2.501167 -1.651847 -1.007989 -0.950064 -0.376800 -0.149125 0.280779
0.410150 0.685199 0.459353 -0.220284 -0.250020 0.237136 0.293705 -0.991672 -1.214066 -0.897771
-0.782135 -1.749195 -2.115546 -2.017241 -0.969108 -0.565603 -0.429179 0.304150 0.453587 0.047716
-0.178091 0.144934 0.027052 -0.580590 -1.051860 -0.155530 0.729837 -0.661650 -1.022507 -0.889114
-0.841390 -1.740150 -1.744899 -1.397201 -0.433638 -0.432757 -0.335110 0.354586 0.556451 -0.165306
-0.554976 -0.431783 -0.195369 -0.421566 -0.909925 -0.102544 0.463072 -0.688646 -1.263550 -1.076474
-0.858051 -1.800378 -1.901212 -1.464535 -0.543598 -0.751632 -0.929382 -0.355004 0.115295 -0.610688
-0.978775 -0.527756 0.322712 -0.217207 -1.129587 -0.083163 0.516469 -0.717027 -1.176623 -1.009895
-0.798316 -1.742222 -2.009022 -1.291564 -0.157630 -0.902716 -1.885965 -1.377672 -0.563933 -1.193856
-1.250875 -0.421446 0.408230 -0.189553 -1.509309 -0.481717 0.652599 -0.625375 -0.982193 -0.885116
-0.692231 -1.583797 -1.924365 -1.061436 0.291585 -0.733474 -1.700530 -1.442360 -0.981658 -1.454999
-1.106823 -0.310004 0.521493 -0.428433 -1.337455 -0.472366 0.868150 -0.685716 -0.971831 -0.860266
-0.672440 -1.457965 -1.759523 -1.012561 0.402982 -0.609776 -1.156443 -1.230711 -1.498036 -1.256353
-0.563704 0.138677 0.650372 -0.536963 -1.177185 -0.214570 1.132937 -0.648361 -0.985818 -0.870920
-0.529537 -1.614936 -1.856478 -1.078059 -0.088288 -0.348579 -0.158116 -0.345635 -0.973775 -0.556610
-0.011665 0.564957 0.391953 -0.729815 -1.035008 0.202272 1.483551 -0.528588 -1.076820 -0.828166
-0.340964 -1.760205 -2.380392 -1.579144 -0.653371 0.009361 0.759483 0.389449 -0.823202 -0.828233
0.342331 0.701128 -0.144056 -1.118247 -1.150611 0.367105 1.355173 -0.759007 -1.374383 -0.845625
-0.670538 -2.155542 -3.256512 -2.177509 -0.940266 0.334306 1.547071 1.539738 0.372466 0.347222
0.674077 0.645442 -0.492356 -1.336974 -1.432300 -0.105390 0.354260 -1.236452 -1.481000 -0.892703
-0.536068 -1.980815 -3.269965 -2.768705 -1.111646 0.561714 1.949028 2.330556 1.712808 1.424888
1.469039 1.220687 -0.062489 -0.717375 -0.712747 0.301706 0.101442 -1.330389 -1.472903 -1.064217
-0.699095 -2.183317 -3.303228 -2.717857 -0.870610 0.780251 2.136176 2.712987 2.247932 1.946657
1.526608 1.372353 0.906814 1.215241 0.694241 0.726079 -0.016297 -1.618428 -1.697904 -1.124397
-0.814891 -2.314952 -3.956814 -2.647336 -0.599676 0.715413 1.624103 1.769595 1.364518 1.106625
0.757719 0.919535 1.359722 1.772675 1.501783 1.099551 0.005451 -1.602266 -1.443167 -1.120033
-0.908648 -2.367435 -3.870535 -3.251729 -1.693622 -0.307042 0.530257 0.209619 -0.548519 0.059446
0.168244 0.362666 0.950467 1.543075 1.260986 1.284544 -0.206408 -2.006100 -1.407263 -1.113894
-0.779296 -2.015333 -3.280279 -2.942858 -2.204796 -1.124328 -0.888636 -1.617160 -1.971016 -0.640390
-0.161629 0.052406 0.888191 1.773026 1.974504 2.293672 0.363174 -1.738639 -1.592908 -1.141023
-0.739871 -1.946091 -2.332002 -2.105960 -1.455444 -0.396820 -0.006431 -0.877264 -1.116611 -0.029900
0.040794 0.086107 0.732292 1.649295 2.335669 2.651205 0.778594 -1.884384 -1.399838 -0.931594
-0.590315 -1.586850 -1.607016 -1.593734 -1.417964 -0.754884 -0.314905 -0.995643 -1.480492 -1.006644
-1.602005 -1.393184 -0.423260 0.518210 1.605719 1.876925 -0.547885 -2.792910 -1.950733 -0.901025
-0.103849 -0.752995 -1.301563 -1.458266 -1.716325 -1.480777 -1.302040 -1.364459 -1.430233 -1.325121
-1.676545 -1.742510 -1.125951 -0.695402 -0.188977 0.067032 -1.101967 -2.307420 -1.573292 -0.687954
2.895090 3.094661 3.296094 2.810951 2.552353 2.511967 2.488476 2.647608 2.612838 2.425281
2.348151 2.252244 2.271813 2.323343 2.482208 2.375398 2.392114 2.512787 3.316268 3.316900
1.528862 1.228708 1.658827 1.810309 1.646090 1.498782 1.251205 1.126353 1.107906 1.115584
1.062759 1.170637 1.216870 1.287966 1.113861 1.271637 1.375750 1.450185 1.689644 1.143309
-0.786221 -2.044070 -1.682184 -1.643468 -1.597146 -1.687283 -1.972106 -1.893586 -1.556411 -1.092428
-0.642416 -0.359931 0.007431 0.303720 0.072663 -0.560414 -0.581487 -1.090309 -1.221678 -1.112971
-1.628088 -2.896349 -2.597689 -2.856454 -2.773408 -2.594727 -2.607198 -2.330665 -1.984895 -1.579897
-1.583529 -2.118052 -2.029976 -1.661298 -1.732121 -2.108636 -1.891242 -1.813788 -2.014603 -1.889478
-1.581465 -2.681235 -2.360524 -2.705284 -2.492461 -1.889587 -1.021492 0.044226 -0.120158 -0.767354
-1.411212 -2.232935 -2.517953 -2.467431 -2.410748 -2.518170 -2.117899 -1.976908 -1.897147 -1.728792
-1.501107 -2.247162 -1.712976 -1.468237 -1.241705 -0.496569 0.614437 1.557312 1.321353 0.566495
-0.659504 -1.491646 -2.458788 -2.538314 -2.412326 -2.534007 -2.299602 -2.066529 -2.092115 -1.911453
-1.109025 -1.392756 -0.457987 -0.415944 -0.342105 0.205877 2.002634 5.009456 3.749314 1.287169
-0.488645 -1.482624 -2.195043 -2.192262 -2.241193 -2.282046 -2.173072 -2.123659 -2.152388 -1.941988
-0.582455 -0.459947 0.392115 0.069102 -0.087931 0.294217 2.146889 4.544094 3.154322 0.879087
-1.119271 -2.109045 -2.615057 -2.542871 -2.477456 -2.603995 -2.464493 -2.470667 -2.265951 -1.825720
-1.067629 -1.448503 -0.986762 -1.433463 -1.100306 -0.873512 -0.038291 -0.729489 -0.755002 -0.789221
-1.539969 -2.115471 -2.279780 -2.253668 -2.239672 -2.317040 -2.202895 -2.064601 -1.893136 -1.682530
-1.689498 -2.405406 -2.006127 -2.313725 -2.219692 -1.743280 -1.524132 -1.606720 -1.298862 -0.965960
-1.020202 -1.304589 -1.291800 -1.167945 -1.111210 -1.282555 -1.354962 -1.501123 -1.677260 -1.609256
-1.106140 -2.439447 -2.228639 -2.688446 -2.952109 -2.073552 -1.860325 -1.547865 -0.985091 -0.500317
-0.374530 -0.492192 -0.334582 -0.180164 -0.021173 -0.082607 -0.695289 -1.075307 -1.514881 -1.505938
1.554224 -0.404737 -1.865328 -2.758773 -3.100036 -2.761275 -2.434591 -1.963870 -1.820554 -1.450566
-1.037694 -0.857370 -0.488197 -0.235801 -0.052720 -0.207825 -0.875863 -1.110157 -1.150751 -1.084136
1.279829 0.093788 -0.473493 -2.026939 -3.014676 -2.888351 -2.753873 -2.669234 -2.676931 -2.474121
-2.033873 -1.777588 -1.583000 -1.218776 -1.031978 -1.112975 -1.415396 -1.045371 -0.608645 -0.742280
0.221415 0.021542 0.644092 -0.692761 -1.773521 -2.140923 -2.410546 -2.601127 -2.772682 -2.807817
-2.626321 -2.424420 -2.420782 -2.150147 -1.814300 -2.044045 -1.982693 -1.429764 -0.735919 -0.714127
0.003520 0.423380 1.551725 1.438935 0.060268 -0.827923 -1.271811 -0.956307 -0.536184 -0.257863
-0.551483 -1.390234 -2.072787 -2.296402 -2.260803 -2.214439 -1.979332 -1.660556 -0.552268 -0.122180
-0.329406 -0.298194 0.298252 0.720866 0.858551 0.105039 0.534338 1.548241 2.088272 2.319764
1.701161 1.045725 0.174109 -0.318883 -0.455846 -0.489394 -0.776720 -0.665488 0.190753 0.287218
-0.833899 -1.451762 -1.008971 -0.803029 -0.414231 0.076705 0.792217 2.723143 2.533384 1.807232
1.266916 1.264431 1.153338 0.276006 -0.498253 -0.708481 -0.395671 -0.383222 0.056665 -0.375122
-0.210478 -0.191631 0.255633 0.435034 0.648485 0.989287 1.645478 2.224636 2.468980 2.212670
2.144106 2.048374 2.531739 2.401230 1.339186 0.983908 1.024776 0.860673 0.759809 -0.246715
1.241451 1.414616 1.939796 1.834732 2.306032 3.346536 3.766034 3.889977 3.994630 4.123087
4.388327 4.744382 4.868471 4.620098 3.625271 3.041642 2.792450 2.640227 2.435798 0.668648
0.678796 0.258768 0.791758 1.218982 1.715835 1.890703 2.095360 2.145914 2.080397 2.160108
2.230616 2.337827 2.437788 2.371246 2.175020 1.866461 1.592149 1.588700 1.277380 -0.046552
0.367624 -0.602054 1.035382 2.446213 2.834026 2.931144 2.888630 2.897964 2.919642 2.771233
2.952839 2.838961 2.318482 1.365587 1.061966 1.625613 0.544326 -0.480972 -0.981468 -0.356277
-0.263105 -2.033273 -0.170583 2.225928 2.709012 2.750382 2.635525 2.758940 2.812152 2.688848
3.027988 2.816851 1.958465 0.752834 0.624744 1.665929 0.478809 -1.351007 -1.614612 -1.060544
-0.351221 -2.067708 -0.477129 1.940268 2.576479 2.600630 2.475818 2.813187 2.908892 2.771209
3.116041 2.915905 2.072345 0.769098 0.568193 1.623820 0.967169 -0.753161 -1.886322 -1.327728
-0.197675 -1.723222 -0.497642 1.322759 2.267760 2.331699 1.996289 2.244581 2.742233 2.659078
2.653031 2.564849 1.933164 0.647330 0.006823 0.715688 0.188883 0.022947 -1.810014 -1.325958
0.072293 -1.250477 -0.430815 0.515277 1.254797 2.093263 1.396537 0.940202 0.901936 2.055270
2.381868 2.528835 2.003955 0.623487 -0.296042 -0.107752 -0.071403 -0.125403 -1.808406 -1.348227
0.351542 -0.439730 0.113333 -0.418476 0.373859 1.853842 0.526744 -0.326988 -0.708916 -0.070251
1.892130 2.718893 2.230329 0.808130 -0.335115 -0.225905 -0.024974 0.115693 -1.803235 -1.324461
0.693881 0.388614 0.547699 -1.289916 -0.261396 2.054037 -0.207947 -2.443778 -2.687962 -1.424581
0.668286 2.833436 2.335052 0.817007 -0.466396 -0.450445 -0.048922 0.382603 -1.777279 -1.283048
0.978061 0.724291 0.087164 -1.607102 -0.580102 2.051172 0.311517 -1.828591 -2.795667 -1.213871
0.968757 2.958426 2.280443 0.622868 -0.815943 -0.787478 -0.286802 0.392225 -1.745006 -1.290730
0.892372 0.751116 0.090481 -1.353576 -0.519474 1.787937 1.606685 0.788763 0.523904 0.547979
1.752666 3.027322 2.193347 0.478319 -1.160500 -1.261888 -0.494702 0.292744 -1.768604 -1.303521
0.678410 0.597089 0.740166 -0.248732 0.646869 2.913099 2.497194 2.083000 1.607929 1.695591
2.628214 3.007019 2.083173 0.394038 -1.286913 -1.488868 -0.687784 0.083108 -1.839456 -1.314439
0.548518 0.462165 1.232065 0.981989 2.279062 3.647079 3.154609 2.603598 2.023348 2.452703
3.201280 2.908216 1.854668 0.213006 -1.253040 -1.346675 -0.512422 -0.017230 -1.889091 -1.341152
0.260231 -0.427765 0.553733 1.723085 3.311750 4.037019 3.613977 3.159349 2.753802 3.069808
3.497453 2.949051 1.919655 0.367377 -0.954261 -0.705289 -0.266309 -0.192457 -1.933791 -1.308937
0.030323 -1.854837 -0.645794 1.329949 3.589942 4.171738 3.849219 3.624589 3.268244 3.438020
3.698380 3.144399 2.378468 1.188894 0.286597 0.773383 0.126160 -0.603665 -1.788666 -1.202996
0.151771 -1.784981 -0.719316 0.865264 2.975133 3.987638 3.721290 3.585028 3.221777 3.251070
3.553317 3.327053 3.042818 2.301007 1.947746 2.157265 1.198311 -0.637612 -1.634250 -0.974057
0.418376 -0.925247 -0.260028 0.748578 2.358825 3.607735 3.411480 3.274022 2.863371 2.677401
3.057667 3.176190 3.099846 2.704566 2.705054 2.394686 1.120269 -0.555825 -1.492973 -1.030996
0.590885 0.140204 1.501086 1.222914 1.857255 3.111232 3.049534 2.758195 2.340459 2.131565
2.425247 2.688912 2.778914 2.742022 2.813326 2.202991 0.892039 -0.630080 -1.492088 -1.272920
0.734597 0.480673 2.112542 2.033190 2.588970 2.867572 2.749828 2.443625 1.967184 1.868102
2.148246 2.211187 2.341400 2.662073 2.783562 2.026625 0.473199 -1.008737 -1.578446 -1.386347
1.240125 1.204532 2.455070 2.645302 2.612942 2.632509 2.585133 2.388302 2.290044 2.316494
2.208893 2.083543 2.179448 2.805783 2.976165 1.925573 -0.007997 -1.358652 -1.555906 -1.236733
1.707303 1.345278 2.691209 3.080737 2.800990 2.495384 2.520397 2.688054 2.961465 2.920516
2.463690 2.179679 2.476612 3.146685 3.225036 2.053977 -0.051412 -1.413583 -1.445752 -0.882082
1.853467 1.488112 2.384090 2.810816 2.611362 2.279748 2.214503 2.399994 2.690743 2.659539
2.308323 2.168760 2.429879 2.899257 2.911843 2.176171 0.794385 -0.502177 -0.527744 -0.420444
2.023087 1.655321 1.532244 1.338366 1.085066 1.091066 1.226360 1.295008 1.295108 1.329616
1.387499 1.382339 1.322968 1.245144 1.397230 1.751958 1.842645 1.889452 2.220941 2.443228
1.594632 1.131219 1.376023 1.204346 0.882230 0.913897 1.178118 1.384681 1.312442 1.040774
0.632350 0.297459 0.192471 0.181208 0.497000 1.155117 1.498171 1.577225 1.961014 2.083916
2.237651 2.212907 2.449697 2.282386 1.944265 1.722030 1.718797 1.799421 1.645162 1.251620
0.851871 0.748385 0.927026 0.897176 0.992376 1.586341 2.090344 2.337457 2.586033 2.376155
2.735141 3.031991 3.136770 2.980006 2.603449 2.150543 1.780422 1.611835 1.457805 1.406381
1.413495 1.581832 1.905042 1.978975 2.051210 2.309053 2.492163 2.682575 2.851591 2.426075
2.586480 2.640662 2.692014 2.589799 2.332952 2.052504 1.757413 1.556849 1.355162 1.572420
1.910151 2.117138 2.573885 2.799128 2.827867 3.029996 2.881164 2.926728 2.811733 2.327899
2.026888 1.708534 1.537657 1.439495 1.539440 1.745876 1.262989 0.699009 0.806426 1.610154
2.098380 2.327695 2.774003 3.203336 3.260414 3.403025 3.240670 3.155213 2.888791 2.334219
1.773481 1.228144 0.745599 0.392635 0.639662 1.678610 1.816576 1.391812 1.427730 2.093440
2.453413 2.459704 2.624490 2.920772 3.038407 3.152826 2.943340 2.949602 2.721047 2.202807
1.835494 1.418115 0.722583 0.209921 0.491398 2.056268 3.358448 3.952920 3.380197 2.839396
2.419400 2.297534 2.151903 2.158144 2.112673 2.193648 2.108608 2.384276 2.332222 1.952132
1.987975 2.048722 2.127986 1.929220 1.815908 2.344207 2.628066 2.890800 2.500453 2.065859
1.698878 1.582130 1.355584 1.155227 0.958092 0.967717 1.075204 1.739777 1.993510 1.775380
2.598610 3.091165 3.574147 3.638884 3.140009 2.663102 2.116670 1.717321 1.564616 1.446203
1.168080 0.777082 0.307677 -0.077892 -0.323711 -0.089175 0.488771 1.569712 1.965466 1.742210
2.288350 2.660089 3.261662 3.492990 3.270901 3.041893 2.477566 2.042287 1.861641 1.625106
1.296785 0.674967 0.003517 -0.534141 -0.771082 -0.351068 0.529763 1.581051 1.775769 1.625813
1.699678 1.587545 2.375758 2.678948 2.896105 2.980630 2.693716 2.597845 2.607497 2.501345
2.370317 2.147273 1.888087 1.603230 1.552874 1.758926 1.678876 1.913804 1.622917 1.440483
1.328367 0.879466 1.521153 1.686166 1.826751 2.077353 2.203315 2.390720 2.649642 2.868991
3.077909 3.286831 3.431841 3.389487 3.193829 2.873747 2.294756 2.113138 1.783704 1.530571
1.673990 1.253481 1.524653 1.279035 1.269699 1.559329 1.575445 1.628444 1.680448 1.823488
2.057093 2.264296 2.432566 2.487802 2.425704 2.285026 2.100732 2.141006 2.116042 1.942546
2.288489 2.140083 2.135201 1.595984 1.420831 1.546864 1.408798 1.270799 1.106316 1.130986
1.325320 1.490732 1.630207 1.807117 1.927467 1.930005 1.960493 1.919881 1.961345 2.004607
2.328319 2.394349 2.816027 2.656877 2.360511 2.003116 1.494539 1.161456 0.914867 0.992738
1.135660 1.176753 1.175793 1.360629 1.472929 1.458520 1.454344 1.327772 1.424274 1.754421
1.649704 1.173992 1.510926 1.480003 1.428574 1.339275 1.445031 1.810380 1.923571 1.833764
1.570446 1.249570 0.987212 0.829157 0.680557 0.456133 0.332389 0.243063 0.439448 1.001048
0.851606 0.153297 0.403222 0.292675 0.288209 0.284530 0.451128 0.780932 0.909785 0.817885
0.637813 0.496417 0.381946 0.314837 0.248985 0.055697 -0.143909 -0.280570 -0.002598 0.716895
1.249897 0.686200 0.923466 0.790443 0.672745 0.560990 0.545280 0.585514 0.631097 0.653579
0.665834 0.683797 0.789034 0.827152 0.880443 0.826930 0.681591 0.540653 0.732593 1.108705
2.868331 2.921312 3.021817 2.989373 3.062087 3.067192 3.028138 3.007998 2.994228 3.032936
3.042816 2.949138 2.904713 2.923182 3.004216 3.090956 3.047798 2.862362 2.855379 2.505486

