0.762305 1.517816 2.492921 3.373632 4.142386 4.598377 4.753724 4.728549 4.717345 4.944399
5.203900 5.316471 5.221191 4.872522 4.276787 4.131231 4.196855 3.435806 2.331522 1.766919
0.527593 1.504476 2.585845 3.454752 4.251313 4.757960 5.028282 5.001241 5.043647 5.395164
5.780113 5.949713 5.976852 5.536426 4.794269 4.631772 4.897079 4.154954 2.340959 1.730939
0.513291 1.467253 2.521280 3.379778 4.168683 4.759498 5.113759 4.962027 4.912929 5.209951
5.482928 5.656810 5.899460 5.550371 4.524996 4.367202 4.945367 4.392613 2.014567 1.540600
0.506060 1.450991 2.436949 3.211722 3.886249 4.517963 4.841873 4.134206 4.118271 4.531686
4.806160 5.131738 5.494876 5.131266 3.819251 3.805963 4.239883 3.783911 1.776440 1.428086
0.512833 1.468166 2.314990 2.787201 3.393701 4.141462 4.139086 2.396270 2.678698 3.456160
4.092267 4.794549 5.313901 4.905975 3.378899 3.489285 3.544286 3.013015 1.712707 1.392717
0.531561 1.465327 2.050021 2.151646 2.934312 3.721406 3.011315 1.225022 1.956126 2.964923
3.766098 4.552459 5.383995 5.061476 3.118649 3.390472 3.552639 3.219717 1.728236 1.370885
0.556199 1.414049 1.614815 1.775675 2.702105 3.533326 2.644649 0.910890 1.806849 2.858063
3.763759 4.529959 5.591985 5.213294 2.961609 3.414582 3.736098 3.613427 1.794597 1.341316
0.569575 1.331846 1.325947 1.708755 2.619326 3.564170 2.964376 1.027474 1.934876 3.061045
4.001524 4.807729 5.916566 5.678366 3.066055 3.475726 3.889783 4.034612 1.907334 1.329508
0.561411 1.291247 1.410437 1.819749 2.689366 3.846580 4.054958 2.177571 2.577267 3.566090
4.440813 5.286055 6.242968 5.924319 3.387356 3.569312 3.993906 4.419216 2.050902 1.362670
0.554437 1.363073 1.843654 2.350726 3.194228 4.400619 5.436717 4.256597 3.531546 3.997900
4.799030 5.649669 6.269836 5.636253 3.725449 3.672722 4.101893 4.688168 2.154107 1.443010
0.546437 1.484525 2.238052 3.103050 4.112242 5.030375 6.182969 5.570728 4.247355 4.245356
4.953136 5.767413 5.920456 5.078332 3.824422 3.686214 4.076952 4.558940 2.179276 1.571170
0.502975 1.552671 2.449322 3.432032 4.520235 5.468254 6.746358 6.869410 5.517385 4.899917
5.583515 6.302984 6.011203 4.990232 4.015492 3.691283 4.013759 4.104680 2.186606 1.718463
0.534368 1.551931 2.543185 3.538997 4.621684 5.700663 7.239292 7.969868 7.084507 6.322717
6.514090 6.910954 6.649418 5.497039 4.736846 4.187814 4.486612 4.139458 2.204801 1.753608
0.546795 1.532962 2.542902 3.575473 4.630201 5.679583 7.315031 8.229304 7.970104 7.173717
7.002849 7.081883 7.159025 6.736165 6.609776 6.009430 5.710625 4.479930 2.160268 1.575031
0.566289 1.521575 2.542372 3.544184 4.487822 5.375701 6.777488 7.429602 7.067217 6.208949
6.171650 6.442475 6.912887 7.242810 7.479617 7.215493 6.499669 4.606314 2.029259 1.308233
0.575419 1.538957 2.536857 3.575745 4.335993 4.995933 5.744639 5.833851 5.007974 4.446755
4.971275 5.673925 6.362379 7.034333 7.585749 7.603951 7.155239 4.597628 1.928352 1.169070
0.583750 1.559839 2.553363 3.628079 4.427013 5.067425 5.487640 5.053545 4.443761 4.330979
4.904222 5.611324 6.049378 6.707149 7.569556 8.093765 7.983191 5.041565 1.981112 1.201863
0.585890 1.551960 2.568175 3.658556 4.541737 5.275479 5.620434 5.360813 4.967248 4.917969
5.262222 5.681331 5.869332 6.389666 7.381359 8.239898 8.237578 5.157766 2.230791 1.396057
0.655664 1.548346 2.538617 3.602904 4.483183 5.214573 5.556591 5.447597 5.222901 5.151145
5.254061 5.442163 5.583452 5.936526 6.575336 7.410368 7.363050 4.437033 2.430129 1.655423
1.102350 1.608791 2.253657 2.839555 3.229753 3.435849 3.373149 3.249906 3.224246 3.237531
3.344261 3.437310 3.469235 3.568472 3.726672 3.846195 3.621605 2.601335 2.145667 1.728677
0.575976 0.547029 0.534505 0.566109 0.592380 0.610468 0.615132 0.610757 0.624176 0.656080
0.684148 0.701867 0.703584 0.686905 0.667375 0.679303 0.670012 0.594416 0.552727 0.682424
1.463515 1.495451 1.477043 1.468799 1.462266 1.490989 1.525008 1.548065 1.551913 1.543132
1.527546 1.499371 1.468232 1.444079 1.470009 1.507668 1.529816 1.513187 1.531370 1.563603
2.367975 2.495175 2.504630 2.545032 2.500526 2.516838 2.539393 2.560372 2.547117 2.498664
2.423956 2.348368 2.271341 2.202252 2.228439 2.352318 2.473821 2.511122 2.501302 2.598262
3.103035 3.495921 3.494231 3.486274 3.408431 3.427304 3.420666 3.400661 3.345009 3.287635
3.221329 3.164479 3.113247 3.045137 3.037865 3.137292 3.310470 3.398945 3.401454 3.439433
3.525868 4.200244 4.284776 4.173214 4.049119 3.907002 3.378919 2.886386 2.988523 3.426451
3.700669 3.789002 3.802825 3.741858 3.714997 3.788110 3.992572 4.150714 4.190266 4.046995
3.532784 4.246367 4.156671 3.920002 3.970725 3.416431 1.912152 1.161642 1.444411 2.553676
3.841987 4.352793 4.509264 4.435842 4.379626 4.434513 4.655748 4.851684 4.819504 4.443332
3.297275 3.764154 3.169521 2.924433 3.135112 2.534942 0.980859 0.514966 0.775571 1.815260
3.708821 4.753067 5.060688 4.974895 4.879628 4.931625 5.183089 5.350535 5.184206 4.652125
2.992084 3.209563 2.717156 2.756846 3.122634 2.649506 1.693356 1.471200 1.431387 2.176993
3.961749 5.035029 5.312457 5.159990 5.025676 5.098709 5.454367 5.688159 5.404799 4.708606
3.094860 3.512689 3.409277 3.488380 3.828118 3.601187 2.744200 2.379520 2.411862 3.155093
4.319061 5.064486 5.292526 5.110411 4.942604 5.004257 5.429035 5.768619 5.415919 4.677685
3.477469 4.425166 4.583868 4.642858 4.837560 4.558993 3.864910 3.508753 3.409707 3.648621
4.131860 4.579738 4.824644 4.761374 4.627076 4.711172 5.132980 5.502687 5.223651 4.623121
3.251626 4.750873 5.319560 5.487586 5.578329 5.268370 4.676110 4.269320 3.962660 3.694146
3.783906 4.126922 4.371473 4.347935 4.238084 4.355407 5.009965 5.487340 5.192078 4.580404
1.801429 3.622899 5.252036 5.928195 6.047027 5.803771 5.349290 4.937908 4.617454 4.395270
4.347644 4.430946 4.448601 4.378505 4.288443 4.556359 5.269949 5.543511 5.015801 4.315865
1.587026 2.405598 4.420988 6.021470 6.435606 6.197709 5.739140 5.369678 5.280220 5.240183
5.229138 5.282667 5.289629 5.172628 5.080371 5.294567 5.686744 5.558406 4.794534 4.042452
1.992984 2.187503 2.832422 4.807593 5.830891 5.928611 5.591123 5.450464 5.651844 5.837027
5.895253 5.910219 5.837598 5.722188 5.715810 5.880383 6.025138 5.661622 4.814420 3.921200
2.312222 2.139483 1.927824 2.359881 3.759820 4.605813 4.624423 4.377207 4.270387 4.372251
4.704566 5.154628 5.496692 5.691918 5.837714 5.964317 6.033916 5.719821 4.763583 3.699221
2.723538 2.685524 2.418407 2.223448 2.350717 2.937031 2.660519 1.737537 1.259177 1.268857
1.689756 2.632952 3.892446 4.719559 5.024892 5.133337 5.327077 5.130031 4.193966 3.428203
3.127103 3.580912 3.352030 2.888928 2.620532 2.382275 1.794301 1.130883 1.101533 1.276661
1.466434 1.600995 1.900673 2.592482 3.079865 3.467444 3.938175 4.121299 3.766123 3.614980
2.772943 3.263015 3.115196 2.684340 2.223097 1.755785 1.279234 1.048069 0.999673 1.019315
0.981232 0.894358 0.836572 1.099292 1.709954 2.168507 2.507224 2.831547 3.038619 3.497310
1.775417 1.786306 1.619454 1.500794 1.227606 0.941043 0.855444 0.874974 0.883813 0.835230
0.745005 0.662706 0.646776 0.734594 0.996726 1.293711 1.510402 1.696811 1.983270 2.676984
2.186242 2.369252 2.188168 1.943817 1.654723 1.484261 1.411841 1.400842 1.401927 1.379120
1.351908 1.333584 1.333934 1.379637 1.525328 1.739077 1.932984 2.107728 2.487133 2.900241
1.881430 2.343013 4.258626 5.050621 5.306595 5.322593 5.351902 5.426940 5.325279 5.490093
5.430740 5.029330 4.307529 3.800870 3.866693 3.487754 3.153965 2.350986 1.556897 0.665322
1.769104 1.974184 4.644827 5.879496 6.058490 5.932538 6.054555 6.363105 6.261022 6.380621
6.042220 5.412783 4.569689 3.909645 3.989006 3.617874 3.353527 2.471033 1.519836 0.530832
1.640261 1.777146 4.237908 5.495302 5.946068 5.733702 5.861805 6.351385 6.419756 6.492100
6.115717 5.377413 4.503150 3.773594 3.570991 3.131242 3.322254 2.466834 1.493735 0.502625
1.643043 1.865649 3.618563 4.698335 5.640521 5.182693 4.635698 4.796187 5.470582 5.876626
5.984565 5.242762 4.420279 3.630505 2.949147 2.317511 3.051310 2.436760 1.514443 0.511355
1.748116 2.078242 2.997200 3.178826 4.828988 4.071992 2.934786 2.224892 3.475540 5.144332
5.811372 5.177697 4.422361 3.579369 2.680127 1.910080 2.575851 2.390319 1.536233 0.514455
1.992253 2.620527 2.642906 2.154979 4.316911 3.376573 2.228442 1.235127 1.402868 3.773812
5.737708 5.339386 4.476335 3.556681 2.614294 1.763483 2.454269 2.383087 1.549131 0.513379
2.400112 3.208322 2.565795 1.703706 4.027146 3.211111 2.093439 1.058100 0.953273 2.459226
5.658761 5.502298 4.532884 3.551395 2.582095 1.698464 2.532119 2.406046 1.567575 0.511911
2.731993 3.439999 2.569868 1.573645 3.689118 3.435929 2.243537 1.262590 1.313810 2.739872
5.949647 5.586301 4.538065 3.546770 2.547333 1.619313 2.476340 2.413886 1.577819 0.504382
2.694464 3.486356 2.573817 1.597541 3.876452 4.750973 3.323547 2.489214 2.804761 4.236080
6.322081 5.615623 4.548958 3.538864 2.510301 1.537961 2.259957 2.393426 1.569765 0.495002
2.335965 3.537565 2.710424 2.036496 5.909761 6.496423 5.032877 4.334099 4.342236 5.444881
6.369793 5.548981 4.555466 3.534896 2.506903 1.496729 2.141251 2.384933 1.564338 0.493613
1.849208 3.263942 3.102837 3.721729 7.526501 7.632786 6.157906 5.354060 5.455600 6.375425
6.290152 5.496539 4.540113 3.535470 2.535490 1.547879 2.395418 2.426417 1.578416 0.501884
1.452340 2.340801 3.438144 5.760949 8.324387 8.321308 7.054534 6.336106 6.716054 7.036098
6.508438 5.599613 4.561749 3.590707 2.633716 1.833718 2.947684 2.500489 1.597647 0.508607
1.387686 1.670398 3.215543 6.535177 8.667190 8.642823 7.640153 6.971374 7.348957 7.399002
6.783766 6.204520 5.002470 4.079029 3.339278 2.761264 3.439043 2.570904 1.595314 0.502948
1.559998 1.650916 2.979775 5.657305 8.450623 8.548452 7.768975 7.037083 7.214594 7.287609
6.939887 6.986947 5.858761 5.252723 4.702500 4.051515 3.623396 2.593033 1.579769 0.483785
1.920503 2.218523 3.260250 4.572662 7.411326 7.888394 7.248687 6.356875 6.152539 6.375594
6.588947 7.119544 6.294021 6.048176 5.465128 4.587102 3.664750 2.612343 1.570986 0.457536
2.246630 3.283984 3.848329 4.543686 6.860395 7.039804 6.323982 5.368617 4.949657 5.139256
5.749732 6.421985 6.168866 6.297106 5.568224 4.637990 3.650666 2.603882 1.551776 0.439300
2.606812 4.165203 4.868781 5.600269 6.744432 6.535089 5.794998 5.003577 4.766428 4.967170
5.178877 5.568647 5.810965 6.203596 5.418400 4.587945 3.605383 2.599810 1.541402 0.433485
3.065582 4.558990 5.387666 5.821779 6.230173 6.105963 5.836358 5.506491 5.424942 5.579757
5.397677 5.370633 5.758260 6.181833 5.446116 4.577614 3.580886 2.594327 1.533623 0.428732
3.308651 4.621773 5.487155 5.669760 5.513901 5.447087 5.535499 5.632224 5.719438 5.455935
5.112891 5.137169 5.791058 6.191723 5.467895 4.495067 3.504273 2.574928 1.589055 0.480797
2.607654 3.687680 4.699376 4.730677 4.279905 4.129053 4.267504 4.486955 4.709304 4.456862
4.058638 4.207058 4.834449 4.951170 4.275327 3.348392 2.708460 2.002908 1.289057 0.653128
2.830101 3.038576 3.289605 3.279397 3.258843 3.325306 3.378972 3.345465 3.344465 3.471853
3.640049 3.715236 3.684874 3.609555 3.532622 3.491068 3.470161 3.205977 3.045027 3.452435
2.663435 3.128788 3.734232 3.612528 3.438900 3.646245 3.995934 4.127536 4.035274 3.867241
3.706999 3.548293 3.390047 3.301755 3.359414 3.596475 4.007711 3.846225 3.653249 4.072493
3.015559 4.967087 5.850540 5.624840 5.122353 4.864449 4.876517 4.843341 4.580301 4.060441
3.572346 3.361050 3.247251 3.044959 3.155658 4.037359 5.292706 5.321576 4.946900 4.703032
4.094512 6.107673 6.523427 6.293919 5.966320 5.483167 5.117705 4.927790 4.792501 4.490928
4.117585 4.152990 4.616267 4.753324 4.735466 5.515147 6.217851 6.233609 5.728465 4.950501
4.273609 5.597309 5.719091 5.575291 5.472243 5.051005 4.211152 3.775558 3.935587 4.374017
4.652299 4.932274 5.719854 6.353079 6.516612 6.874421 7.008663 6.741463 6.091807 5.059145
4.021559 4.839947 4.704675 4.570068 4.516781 3.886484 2.714629 2.453352 2.583438 3.405120
4.646383 5.403037 6.167397 6.683759 6.869633 7.087967 7.037695 6.832249 6.238689 5.096519
3.644039 4.042979 3.620449 3.513604 3.553695 3.086646 1.630774 1.382908 1.415352 2.467046
4.634744 5.606790 6.022539 6.179893 6.147187 6.281480 6.352716 6.373261 5.928329 4.925773
3.309981 3.447319 2.692105 2.569969 2.762425 3.113772 1.847020 0.653476 0.900269 2.705823
4.737393 5.236304 5.428942 5.427404 5.265377 5.292150 5.494606 5.799222 5.569654 4.727482
3.732907 5.094696 3.867385 3.250442 3.782706 4.399184 3.850801 2.979968 3.071814 3.803438
4.306759 4.425070 4.463595 4.437665 4.364918 4.454664 4.790309 5.388197 5.317473 4.592473
4.378107 6.400269 6.838151 6.963876 6.709187 5.875798 4.536283 3.624437 3.382321 3.456075
3.552009 3.528294 3.498432 3.459282 3.429433 3.551208 3.978311 4.854475 4.923053 4.442614
3.892339 5.439258 6.272113 6.817748 6.982839 6.564056 5.712671 4.527682 4.024776 3.766298
3.167670 2.691481 2.515731 2.465841 2.466594 2.649682 3.413574 4.564832 4.393642 4.142630
2.928990 3.849867 5.029191 5.707900 6.060038 6.218339 6.322044 6.192035 5.930864 5.664974
5.085113 3.888481 2.965900 2.605726 2.501277 2.996706 4.653869 4.657589 3.772866 3.691871
2.385288 2.800160 3.901060 4.687919 5.078962 5.357630 5.606117 5.750752 5.822397 5.879466
6.059615 6.216962 6.209222 6.019485 5.688932 5.437702 5.368472 4.654593 3.456879 3.407976
2.008860 2.055529 2.653884 3.378470 4.043754 4.580131 4.856725 4.940440 5.009669 5.066735
5.236921 5.480814 5.662249 5.763700 5.685103 5.510388 5.402409 4.844387 3.720110 3.383065
1.935770 1.722362 1.866328 2.177757 2.818582 3.660316 3.907262 3.673425 3.549078 3.557621
3.785918 4.201518 4.587809 4.900677 5.028831 5.049382 5.017384 4.632737 3.686117 3.359925
2.559434 2.667240 2.542766 2.387422 2.657269 3.198992 3.052983 2.539951 2.321287 2.358831
2.661794 3.180235 3.659453 4.014137 4.175414 4.216566 4.229105 3.993547 3.483203 3.430925
3.152438 3.494435 3.560920 3.484929 3.431523 3.346079 3.034443 2.341420 2.052893 2.240588
2.665722 2.943800 3.081656 3.220034 3.302922 3.322289 3.340092 3.235260 3.032351 3.281656
2.604808 2.555170 2.561369 2.527884 2.518590 2.511730 2.462141 2.386010 2.324195 2.326407
2.357150 2.355316 2.332836 2.347850 2.395245 2.419307 2.433749 2.387906 2.347044 2.766056
1.727538 1.510849 1.488009 1.479217 1.491869 1.493177 1.480085 1.456442 1.435750 1.425072
1.424469 1.415660 1.396626 1.401051 1.430492 1.445327 1.455029 1.435614 1.467604 1.993053
4.103420 4.503768 4.365879 4.268690 4.224931 4.200471 4.172676 4.156408 4.162796 4.150919
4.126490 4.110313 4.103621 4.143229 4.216400 4.314981 4.364711 4.332432 4.329597 4.324378

