2.078787 1.397211 1.188900 1.243937 1.316232 1.242762 1.210055 1.276268 1.328250 1.326847
1.237060 1.159876 1.138632 1.262105 1.443282 1.467861 1.340967 1.468946 1.735125 1.964697
2.313307 1.479460 1.254486 1.350253 1.472752 1.255471 1.058315 1.087490 1.142814 1.056250
0.890532 0.855241 0.945953 1.082588 1.168133 1.160164 1.058698 1.201003 1.498601 1.702331
2.449361 1.584686 1.169354 1.258479 1.476578 1.323467 1.048478 0.996318 1.056617 1.149618
1.285257 1.459637 1.649193 1.851302 1.830270 1.418299 0.938298 0.972965 1.336928 1.562678
1.960199 0.925843 0.506263 0.544034 0.851884 1.032256 0.887414 0.736143 0.794293 1.220336
1.771063 1.941141 1.835333 1.956329 1.963402 1.403992 0.675170 0.646105 0.983156 1.376644
1.487509 0.507438 0.146189 0.118222 0.375883 0.669239 0.792004 0.735460 0.699202 1.085822
1.652829 1.837205 1.523397 1.303249 1.269206 0.927270 0.454607 0.426252 0.813234 1.344789
1.489068 0.551625 0.203393 0.162371 0.347586 0.674432 1.430326 1.783154 1.479568 1.247291
1.438171 1.501534 0.990089 0.555562 0.431030 0.282890 0.118918 0.187888 0.651117 1.310900
1.666772 0.737975 0.620932 0.764710 0.901760 1.382397 3.235551 4.244411 3.274027 2.035536
1.518995 1.152371 0.668169 0.344633 0.271328 0.139298 0.027545 0.097132 0.578095 1.282121
2.030665 1.324966 1.775169 2.217951 2.078126 2.053998 3.858549 5.440069 4.412221 2.641275
1.399542 0.771283 0.523950 0.360382 0.400586 0.361334 0.182014 0.174288 0.650320 1.396905
2.084484 1.701882 2.860731 3.627406 3.181843 2.180605 2.710446 3.725808 3.175562 1.985787
1.066853 0.690221 0.460410 0.325644 0.423378 0.580721 0.373860 0.214449 0.693842 1.539798
1.610121 0.867107 1.618581 2.286775 2.152400 1.633805 2.049675 2.459617 2.241901 1.735639
1.378624 1.224284 1.055247 0.951310 1.043812 1.179104 0.825872 0.383102 0.826054 1.657515
1.353964 0.332090 0.301602 0.515708 0.611003 0.886619 1.789575 2.370989 2.358407 2.166423
2.109389 2.266671 2.464314 2.553089 2.642063 2.630491 1.835520 0.877707 1.133261 1.801684
1.952381 0.721013 0.279518 0.263494 0.207655 0.421585 1.004079 1.583990 1.842811 1.954405
2.399708 3.239434 3.917549 4.168939 4.195687 3.787035 2.363214 1.276460 1.675649 2.205614
2.957952 1.704724 0.746828 0.463890 0.372328 0.383547 0.487217 0.695713 0.909343 1.103136
1.412330 2.048186 2.567430 2.780322 2.816566 2.533999 1.516493 1.395492 2.364231 2.764835
3.592159 2.838791 1.701196 1.169904 0.964663 0.858353 0.798272 0.750546 0.692453 0.655125
0.637178 0.731897 0.779790 0.870524 1.110293 1.253390 1.142674 1.472876 2.576643 3.074817
3.816020 3.515366 2.796995 2.470796 1.964665 1.451353 1.212133 1.108911 0.986160 0.918681
0.893346 0.900600 0.799056 0.755559 0.866905 0.997021 1.053442 1.232596 2.206167 3.068452
3.501422 3.312329 3.200987 3.383618 2.983334 2.113116 1.890546 2.078578 2.164408 2.109634
1.913093 1.624957 1.350995 1.146255 1.079349 1.088636 1.029008 1.167181 2.135195 3.043532
2.911671 2.280965 2.046420 2.263277 2.243201 1.982570 2.289788 2.918578 3.257707 3.103027
2.656134 2.206214 1.936202 1.697056 1.571922 1.490665 1.369327 1.517853 2.438549 3.066246
2.827037 2.372900 2.243222 2.343197 2.315222 2.269480 2.417325 2.766311 2.868785 2.802978
2.610520 2.536787 2.618909 2.581374 2.571523 2.661056 2.639438 2.689079 3.299037 3.422815
4.082826 4.137113 4.175817 4.277879 4.281475 4.274267 4.278962 4.292376 4.291405 4.336188
4.331851 4.315939 4.404304 4.333778 4.339822 4.478126 4.543762 4.555521 4.834548 4.187861
4.023700 4.222340 4.226872 4.277885 4.323357 4.380774 4.437495 4.463260 4.452796 4.456318
4.439054 4.420877 4.429861 4.359858 4.308560 4.357311 4.380971 4.424619 4.658362 4.032834
-0.224348 -0.190783 -0.258127 -0.276762 -0.275852 -0.275424 -0.268896 -0.265956 -0.273970 -0.278137
-0.278349 -0.274129 -0.276805 -0.277602 -0.275460 -0.268029 -0.276969 -0.274676 -0.254178 -0.278415
-0.240755 -0.151445 -0.240574 -0.239811 -0.249215 -0.253516 -0.254208 -0.260017 -0.273916 -0.276926
-0.278462 -0.275309 -0.276142 -0.277647 -0.273608 -0.278460 -0.275667 -0.246657 -0.207328 -0.277093
0.097692 -0.234911 -0.106226 -0.216344 -0.216320 -0.214699 -0.227077 -0.208293 -0.177407 -0.157149
-0.129903 -0.137063 -0.158843 -0.212059 -0.236787 -0.210569 -0.200138 -0.247275 -0.218713 0.152215
0.869851 0.443392 0.860663 0.416090 0.355717 0.249134 0.061428 -0.178806 -0.020493 0.160800
0.277031 0.227533 0.068987 -0.098471 -0.152159 0.027912 0.242973 0.221815 0.688681 0.918156
0.922169 0.802893 1.097250 0.484879 1.022939 0.504246 -0.272105 -0.272605 -0.276912 0.071613
1.029703 1.204794 1.078686 0.698188 0.599604 0.948347 1.259166 1.367253 1.945877 1.639604
0.718175 0.628038 0.196528 -0.211633 0.407150 0.165717 -0.237128 -0.153935 -0.188713 -0.186477
1.277254 2.092891 2.271190 1.882267 1.637771 1.970590 2.250570 2.264812 2.592677 1.965701
0.490557 0.350426 -0.132780 -0.206289 0.793056 0.623301 -0.268833 -0.241238 -0.266185 0.066709
1.515689 2.647988 2.928653 2.428315 2.083542 2.400884 2.798537 2.884420 3.004444 2.031602
0.310174 0.257875 0.102596 0.291737 1.380808 1.384622 0.118771 -0.275440 -0.125687 0.873866
1.967692 2.801403 3.042679 2.432802 1.991723 2.207655 2.851388 3.290580 3.179106 2.033790
0.596228 0.909079 1.537597 1.539429 2.287711 1.962043 0.820972 0.233129 0.567716 1.252551
1.775185 2.252286 2.513632 2.116761 1.685434 1.822838 2.497344 2.896628 2.911444 1.998842
0.315225 1.490138 2.717390 3.031700 3.360332 2.715007 1.864327 1.249670 1.264801 0.852442
1.179458 1.923834 2.391136 2.224741 1.985733 1.925422 2.801560 3.117483 3.028321 1.985988
-0.276750 0.255936 2.695442 3.464519 3.851092 3.488288 2.925047 2.276315 1.943587 1.637216
1.664907 2.049846 2.241467 2.212638 1.986747 2.198276 3.072262 3.281050 2.911790 1.585623
-0.160443 -0.269349 2.291649 4.153787 4.531802 4.208954 3.627499 2.847015 2.684440 2.601972
2.662327 2.839822 2.937380 2.800706 2.601210 2.870234 3.507033 3.297254 2.608505 1.138886
-0.205962 -0.224724 0.483474 3.288210 4.165656 3.894147 3.131419 2.623375 3.011601 3.318028
3.433063 3.507145 3.546766 3.388263 3.323373 3.596144 3.908672 3.271551 2.510559 0.838789
-0.185870 -0.274443 0.004622 0.690953 1.999281 2.373951 2.132574 1.881050 2.307842 2.643438
2.853122 2.917929 3.034839 3.118499 3.275831 3.533330 3.693031 3.373618 2.519001 0.609305
0.439373 -0.131761 0.033709 -0.161675 -0.065672 0.533956 0.645246 0.004918 -0.178238 -0.187376
0.021951 0.819761 2.158887 3.127058 3.397928 3.302603 3.315648 3.055622 2.210958 0.646348
0.797179 0.475631 0.648911 0.067557 -0.124463 -0.123859 -0.241653 -0.260041 -0.180479 -0.213668
-0.254790 -0.274889 -0.158506 0.396433 0.516756 0.889896 1.605997 1.972270 1.679890 1.052269
0.632321 0.647663 1.153066 0.594059 -0.028640 -0.232020 -0.278218 -0.201263 -0.181519 -0.245592
-0.268501 -0.256352 -0.239346 -0.277346 -0.226726 -0.015809 0.453300 1.094539 1.103423 1.215819
-0.234924 -0.274647 -0.188953 -0.239164 -0.269293 -0.224025 -0.194326 -0.152447 -0.138908 -0.149598
-0.131538 -0.128988 -0.104380 -0.146584 -0.216734 -0.276138 -0.155190 0.065002 0.077023 0.746461
-0.277867 -0.198403 -0.276393 -0.256659 -0.267852 -0.197769 -0.184378 -0.169917 -0.145268 -0.138319
-0.129859 -0.120328 -0.117575 -0.159582 -0.232116 -0.271653 -0.271864 -0.274322 -0.235025 0.202209
0.165139 0.004279 0.294669 0.307563 0.013490 -0.197364 -0.248925 -0.256896 -0.259678 -0.260303
-0.274318 -0.277600 -0.277553 -0.266528 -0.155977 0.074567 0.205870 0.104335 0.268094 0.735311
-0.013633 -0.219707 -0.132624 -0.084052 -0.064457 -0.056340 -0.066324 -0.044094 0.025678 0.079119
0.119166 0.166781 0.167089 0.134819 0.151324 0.175521 0.127704 0.012741 -0.118144 0.343732
1.971127 1.887752 2.222673 2.087659 2.043349 2.086047 2.110328 2.172998 2.179003 2.094397
2.044317 1.982507 1.884050 1.752213 1.835903 2.039178 2.057113 1.987110 2.011471 2.335679
3.449480 3.625050 3.980577 3.920821 3.888612 3.867289 3.780822 3.787261 3.735882 3.586830
3.528762 3.571552 3.517145 3.343638 3.409163 3.606226 3.543358 3.435870 3.772767 3.625737
3.706449 4.007242 4.408428 4.421078 4.467305 4.182580 3.602648 3.178843 3.305459 3.682200
4.029038 4.283691 4.444561 4.412918 4.416323 4.440934 4.194274 4.045488 4.361654 4.007629
3.640531 3.823033 4.031907 3.867898 4.049805 3.491247 2.308253 1.717187 1.928939 2.913728
3.735491 4.157594 4.553765 4.669446 4.617396 4.591144 4.316894 4.144140 4.376359 4.033481
3.519883 3.479834 3.205593 2.955567 3.307505 2.727714 1.176380 0.564774 0.897926 2.168174
3.309516 3.943856 4.347108 4.432198 4.490215 4.560034 4.402859 4.298038 4.499178 4.126847
3.285758 3.065500 2.755293 2.892256 3.363644 2.605636 0.493152 -0.195933 0.306965 2.078218
3.361353 3.986731 4.272695 4.315407 4.508009 4.633440 4.550364 4.448896 4.564837 4.098599
3.262139 3.197712 3.248151 3.653684 3.904486 3.218626 1.814049 0.938207 1.541249 2.735316
3.558652 4.097926 4.361664 4.425831 4.693715 4.759623 4.636937 4.420773 4.489646 4.036430
3.585403 3.760726 4.012274 4.346300 4.489350 3.940058 3.514563 3.345751 3.282845 3.418284
3.687327 3.989937 4.194710 4.270307 4.527283 4.623724 4.481070 4.240560 4.342452 3.976361
3.384240 3.873297 4.309658 4.598722 4.818969 4.421041 4.195536 4.059057 3.749001 3.484486
3.595745 3.881279 4.074470 4.088893 4.181719 4.228875 4.245241 4.120627 4.261678 3.960071
2.304714 3.087456 4.337610 4.760137 4.953138 4.637868 4.308424 4.030602 3.894236 3.836853
3.880800 4.059125 4.179304 4.124668 4.105497 4.175271 4.274285 4.155677 4.211273 3.850713
0.814963 1.556121 3.548202 4.570361 4.946553 4.774133 4.416079 4.170373 4.249233 4.304743
4.247197 4.245017 4.268397 4.113819 4.064322 4.249400 4.394122 4.227719 4.145058 3.741458
1.844433 1.798287 2.882289 3.930671 4.529570 4.637590 4.452303 4.327947 4.391571 4.447816
4.449857 4.435976 4.481367 4.396909 4.350116 4.484866 4.462268 4.238537 4.079740 3.678618
2.670647 2.067755 2.324711 2.831737 3.632675 4.077771 4.101438 3.949233 3.811182 3.782391
3.899452 4.129830 4.322315 4.349707 4.327561 4.400227 4.356319 4.220606 3.956229 3.487366
2.818137 2.399579 2.285453 2.168304 2.562759 3.130747 2.955098 2.390823 1.964121 1.908718
2.142147 2.682468 3.264902 3.562262 3.578809 3.595002 3.731808 3.703007 3.368722 2.944773
2.989168 2.984715 3.089988 2.704947 2.430383 2.458214 1.993320 1.442921 1.103805 1.198277
1.482597 1.842324 2.299511 2.727281 2.966195 3.082205 3.192733 3.200248 3.074394 3.056478
3.075411 3.084913 3.353743 3.150037 2.790752 2.499870 1.890663 1.191220 1.288460 1.697756
1.874122 1.738106 1.766746 2.335110 2.990530 3.209822 3.218222 3.149622 3.247286 3.399161
2.384174 2.244161 2.586027 2.575881 2.331548 2.034144 1.679690 1.399890 1.353465 1.411866
1.342654 1.188292 1.028850 1.365226 1.972584 2.411046 2.641228 2.659797 2.872682 3.270394
1.867604 1.548404 1.862860 1.708678 1.256291 0.801258 0.662129 0.700932 0.701699 0.620733
0.432398 0.230223 0.158621 0.386208 1.013269 1.591451 1.938146 2.075089 2.380065 2.915221
2.563576 2.563020 2.758963 2.533033 2.202525 1.926782 1.835782 1.858362 1.867149 1.858634
1.830325 1.768185 1.722495 1.824209 2.089521 2.318548 2.459901 2.602140 3.033029 3.212375
2.642125 1.097709 -0.276998 -0.251199 -0.270795 -0.270346 -0.278414 -0.278323 -0.265058 -0.266353
-0.276507 -0.278273 -0.245519 -0.007986 -0.072065 -0.171347 0.326243 1.105088 1.564922 -0.269190
2.411939 0.528927 -0.198349 -0.108123 -0.112505 -0.098627 -0.132309 -0.147211 -0.118812 -0.125831
-0.144925 -0.118533 -0.151112 -0.255063 -0.271910 -0.256153 -0.194797 1.382980 1.656397 -0.229238
2.567764 1.333568 -0.272525 -0.221658 -0.202735 -0.170912 -0.236460 -0.242527 -0.205300 -0.228066
-0.192254 -0.147329 -0.217594 -0.247615 -0.247606 -0.275055 -0.242526 2.845216 2.397988 -0.272095
2.762020 1.539743 -0.247193 -0.265463 -0.273503 -0.266612 -0.232723 -0.264501 -0.275140 -0.277170
-0.243368 -0.217499 -0.273692 0.426503 0.381535 -0.176623 -0.189900 3.311424 2.647871 -0.277860
2.650287 1.186066 -0.061374 0.215986 -0.277362 -0.154481 0.838549 0.405851 -0.076428 -0.249261
-0.278088 -0.277261 -0.196076 1.153461 1.150721 0.393587 0.144754 2.888319 2.538772 -0.274417
2.355241 0.817501 0.737089 1.133123 -0.264504 0.564528 2.017142 1.613997 0.109694 -0.240153
-0.276002 -0.276702 -0.216358 1.415587 1.149272 0.307395 -0.105789 2.693670 2.502970 -0.269867
2.074402 0.959144 2.009685 1.391226 -0.222581 0.890047 3.156693 2.631654 0.137696 -0.229102
-0.268987 -0.278250 -0.054155 2.042771 1.052794 0.243332 -0.233622 2.669211 2.620078 -0.273484
1.875395 1.342882 2.322517 1.871781 -0.223346 0.603509 3.197564 2.469351 0.051509 -0.184393
-0.255511 -0.278453 -0.231371 2.086306 1.085253 0.232035 -0.277951 2.563471 2.494199 -0.271391
2.070324 1.680738 2.224244 2.367951 -0.268494 0.102971 1.673681 1.557633 0.234475 -0.182950
-0.274345 -0.278428 -0.245771 1.495133 1.236094 0.301975 -0.273141 2.302888 2.450013 -0.263191
2.415023 1.727139 1.330525 1.681979 -0.274975 -0.266254 0.688063 0.631143 0.205868 -0.256290
-0.274532 -0.278346 -0.231134 0.612426 1.010194 0.246179 -0.271336 2.033954 2.452482 -0.262808
2.487166 1.483208 0.109974 -0.246502 -0.223006 -0.246188 0.559230 0.496721 -0.023618 -0.267399
-0.270510 -0.188358 -0.215571 0.382195 1.159782 0.554667 -0.278251 2.058377 2.490342 -0.254965
2.384057 1.148623 -0.239736 -0.269795 -0.201424 -0.200444 0.164533 0.471850 0.002353 -0.274741
-0.277916 -0.066446 -0.083261 0.455067 1.484827 0.914191 -0.080697 2.333966 2.534607 -0.230133
2.301763 1.070644 -0.277361 -0.262329 -0.203743 -0.176339 -0.268320 0.119102 -0.085009 -0.275425
-0.274636 -0.159010 0.181326 0.494646 1.388916 0.864469 0.215082 2.673069 2.738471 -0.242562
2.626465 1.640888 -0.275974 -0.269346 -0.223829 -0.211256 -0.259366 -0.274841 -0.272952 -0.278052
-0.262534 -0.278324 -0.243251 -0.260290 -0.002225 0.099328 0.231372 2.765316 3.099415 -0.278443
2.979744 1.991121 -0.260221 -0.278278 -0.263075 -0.258448 -0.268020 -0.262168 -0.164568 -0.266106
-0.274048 -0.270049 -0.275492 -0.268178 -0.254200 -0.153643 0.510319 2.596475 3.496080 -0.203155
3.023127 2.052905 -0.196111 -0.212592 -0.233252 -0.260589 -0.217995 0.117778 0.144811 -0.202708
-0.278449 -0.274139 -0.275575 -0.276032 -0.276757 -0.257793 0.926107 2.289650 3.747933 -0.082354
2.951137 1.901136 -0.186015 -0.245442 -0.181240 -0.168253 0.236669 0.373705 0.413275 0.013189
-0.216524 -0.252931 -0.270288 -0.278134 -0.276872 -0.275023 0.856773 2.288289 3.951926 -0.084764
2.827922 1.952038 -0.239471 -0.257510 -0.272507 -0.272643 -0.074919 -0.015488 -0.003943 -0.033622
-0.194052 -0.159250 -0.154192 -0.274457 -0.276494 -0.278322 0.919533 2.476325 3.948686 0.046797
2.694253 1.740892 -0.274153 -0.208509 -0.213580 -0.271980 -0.256021 -0.244642 -0.243155 -0.263921
-0.278052 -0.268436 -0.266274 -0.269651 -0.253718 -0.276836 0.869869 2.533211 3.329057 -0.191210
2.325146 1.792093 0.067087 -0.248206 -0.262652 -0.077403 0.129539 0.039322 0.064021 -0.085500
-0.128765 -0.027613 -0.083118 -0.209012 -0.266234 -0.121345 1.403365 2.421946 2.752720 0.052073
3.062829 1.039122 0.529602 0.991029 1.362386 1.578781 1.657355 1.616927 1.633782 1.795122
1.937186 1.986520 1.989162 1.737691 1.472959 1.503904 1.651566 1.543938 1.060806 1.499202
4.051519 1.338670 0.471512 1.014644 1.542574 1.915921 2.090060 2.029986 2.004559 2.190948
2.323631 2.343136 2.381395 2.045109 1.646322 1.765938 2.098281 2.098465 1.331016 1.976977
3.509955 0.764111 0.093645 0.600231 1.101180 1.622784 1.850668 1.744981 1.807837 2.028475
2.029630 2.151754 2.371234 2.053776 1.500129 1.502942 2.079686 2.125053 0.930724 1.965789
3.526153 0.871441 0.317555 0.862375 1.204619 1.933991 2.060658 1.572581 1.653485 1.785913
1.723795 2.013238 2.315367 1.995146 1.327514 1.324169 2.367835 2.452163 0.934911 2.048923
3.564391 1.009550 0.702689 0.905875 0.921339 2.035057 2.330507 1.674716 1.494322 1.411115
1.518563 2.086995 2.387650 2.024993 1.237989 1.148033 2.412720 2.449312 0.920963 2.076301
3.634354 1.359066 1.528698 0.899271 0.627554 2.235050 2.962045 2.074558 1.129867 1.012658
1.367722 2.158057 2.524097 2.058123 0.953209 0.891751 2.302594 2.437669 0.954858 2.066884
3.672132 1.792090 2.430340 0.841501 0.435312 2.377381 3.334201 2.099385 0.564418 0.632441
1.205451 2.065806 2.763142 2.305704 0.690979 0.649080 2.080510 2.499488 1.083205 2.115472
3.719666 2.184762 2.982050 0.869577 0.349818 2.321208 3.701727 3.077487 1.041328 0.680292
1.200546 2.093618 2.924409 2.548067 0.666574 0.516383 1.882844 2.530963 1.145545 2.189869
3.670034 2.095612 2.749217 0.854968 0.374784 2.142443 3.143780 2.870919 1.274386 0.861027
1.451321 2.153770 2.849647 2.548288 0.839358 0.521511 1.736668 2.484163 1.128704 2.180851
3.543038 1.789586 1.967313 0.946356 0.669835 2.137713 2.820698 2.376078 1.492810 1.183664
1.662567 2.297356 2.682478 2.401240 1.052432 0.601647 1.726313 2.435278 1.055600 2.035472
3.370901 1.255050 0.819811 0.877816 1.020245 2.157197 2.865160 2.296958 1.505373 1.355458
1.769337 2.295721 2.187944 2.004269 1.082585 0.626358 1.716694 2.398393 0.960370 1.836369
3.333249 0.843602 0.056641 0.438932 1.073670 2.149475 3.002203 2.615598 1.797807 1.530393
1.829993 2.240873 1.888030 1.683057 1.127514 0.734840 1.706860 2.238040 0.821256 1.647296
3.738525 0.872831 -0.088227 0.283260 1.067778 2.194735 3.115641 2.979627 2.305966 1.934835
2.032278 2.329775 1.985812 1.720923 1.548773 1.320522 1.980904 2.086696 0.777604 1.562273
3.487698 0.661181 -0.112151 0.221237 1.070318 2.292848 3.075688 3.106003 2.674330 2.267164
2.149204 2.394192 2.246314 2.134287 2.161300 1.968305 2.131164 1.994221 0.893170 1.758770
3.501309 0.837509 0.024514 0.357724 1.167557 2.203107 2.700189 2.738782 2.461441 2.087402
2.000567 2.219712 2.288898 2.400145 2.446398 2.277803 2.309672 1.974880 1.097949 2.083983
3.528220 0.999193 0.129686 0.589822 1.380300 2.085122 2.500378 2.668778 2.237866 1.891150
1.877952 2.099731 2.314199 2.523422 2.662501 2.645816 2.603003 2.076750 1.422565 2.463543
3.627954 1.186887 0.235819 0.738643 1.453733 1.896445 2.200279 2.013023 1.632881 1.599145
1.807580 2.039738 2.222711 2.401910 2.665069 2.797453 2.729978 2.073833 1.471387 2.452128
3.684181 1.369957 0.312759 0.768547 1.430871 1.900737 2.105978 2.026787 1.766544 1.774365
1.820810 1.967414 2.162298 2.313143 2.606241 2.840389 2.703765 1.912205 1.235296 2.214613
3.755964 1.412559 0.250584 0.533383 0.962886 1.438323 1.644017 1.566254 1.550104 1.524930
1.441029 1.490710 1.700348 1.864783 2.248225 2.576098 2.395984 1.562403 0.934293 2.037490
3.650775 1.934511 1.014008 1.297233 1.644267 2.029215 2.118468 1.985863 1.949063 1.868047
1.819015 1.919845 2.191491 2.315191 2.401423 2.602706 2.403080 1.736353 1.349572 2.201841
0.264139 0.074833 1.302635 2.081268 2.396878 2.444738 2.390511 2.332915 2.495671 2.675899
2.682464 2.656580 2.580227 2.330435 2.225125 2.313291 2.193884 1.688045 1.322110 1.585093
-0.096815 -0.220164 1.018765 2.089782 2.658948 2.832884 2.755690 2.637294 2.784003 2.973806
3.021887 3.099948 3.077053 2.772844 2.610506 2.655180 2.484456 1.672276 1.020227 1.355834
-0.122126 -0.243942 0.891292 1.874690 2.514279 2.780977 2.655754 2.544695 2.741049 2.846471
2.923495 3.112754 3.100082 2.646957 2.450885 2.604317 2.600266 1.571655 0.764573 1.148979
-0.128435 -0.241761 0.840306 1.622811 2.226805 2.506959 2.125914 1.968148 2.341235 2.412821
2.543343 2.715998 2.555647 2.047655 1.853741 2.194829 2.252531 1.156240 0.496898 0.936011
-0.122004 -0.221391 0.775503 1.203934 1.894240 2.206749 1.334984 0.992034 1.539133 1.966277
2.258561 2.367292 2.177198 1.742870 1.586747 1.923196 1.820576 0.842296 0.413117 0.893604
-0.108444 -0.184135 0.542391 0.553277 1.554520 1.945982 0.559303 0.064696 0.821161 1.718700
2.201645 2.379721 2.230148 1.590180 1.354078 1.883611 1.831899 0.870476 0.395762 0.868531
-0.086585 -0.152065 0.178722 0.070640 1.318590 1.832011 0.160909 -0.239598 0.397110 1.606956
2.170086 2.450181 2.311054 1.400355 1.099093 1.833782 2.034080 1.122330 0.417826 0.820761
-0.062030 -0.145660 -0.001823 -0.098840 1.188018 1.911357 0.301007 -0.204337 0.410260 1.540241
2.226302 2.625723 2.622405 1.588621 1.168657 1.901699 2.329288 1.478016 0.490366 0.823489
-0.070630 -0.161414 0.002297 -0.028531 1.194366 2.077290 1.019331 0.355063 0.941272 1.841504
2.580198 2.924639 2.862989 1.949214 1.521873 2.096434 2.553360 1.762732 0.607440 0.915218
-0.056748 -0.166221 0.245449 0.448398 1.550798 2.339474 1.830604 1.229964 1.501852 2.180205
2.853383 3.067602 2.855870 2.181614 1.843575 2.277285 2.697229 1.911074 0.692107 1.019233
-0.051934 -0.172400 0.606379 1.356794 2.198115 2.666756 2.353719 1.600287 1.654672 2.192505
2.833925 2.905339 2.662203 2.255114 1.992856 2.293340 2.716190 1.874657 0.712725 1.146061
-0.049797 -0.176982 0.822030 1.772192 2.564979 2.911284 2.711544 1.919295 1.722423 2.256325
2.827480 2.807469 2.532785 2.326203 2.151782 2.239427 2.506533 1.614916 0.757034 1.379226
-0.084378 -0.191700 0.952039 1.993214 2.820170 3.189623 3.121411 2.500135 2.196112 2.532729
2.989220 2.966788 2.573681 2.400350 2.338359 2.279191 2.390415 1.580885 0.914915 1.557285
-0.082725 -0.208203 0.977493 2.053449 2.979219 3.379825 3.411541 3.162849 2.863785 2.891402
3.111440 3.211261 2.997046 2.941406 2.883136 2.611137 2.492371 1.714677 1.012235 1.463268
-0.071768 -0.208875 0.971999 2.045207 2.929883 3.269837 3.293364 3.146031 2.825325 2.786450
2.999726 3.234789 3.260422 3.283800 3.198102 2.870763 2.593984 1.803916 1.040028 1.203583
-0.039830 -0.203320 0.926474 1.906086 2.530521 2.767390 2.772597 2.530211 2.238740 2.450565
2.878361 3.186610 3.317107 3.414424 3.389152 3.201983 2.785443 1.795653 0.965090 0.979218
-0.030824 -0.194241 0.899909 1.863258 2.380471 2.547448 2.448315 2.213167 2.089884 2.384357
2.856950 3.133510 3.254493 3.425977 3.548995 3.552182 3.063769 1.896962 1.022575 1.028700
-0.011820 -0.192175 0.881844 2.005160 2.724616 2.934879 2.805828 2.600400 2.556935 2.757720
3.086815 3.247377 3.289146 3.514591 3.740838 3.825177 3.316960 2.080925 1.299256 1.339239
0.037891 -0.175174 0.936819 2.184036 3.034752 3.367197 3.270080 3.103675 3.012808 3.089622
3.312392 3.475567 3.529598 3.665425 3.814088 3.892117 3.305616 2.138395 1.591640 1.827892
0.402269 0.182910 1.109051 1.956491 2.552639 2.730135 2.614930 2.522952 2.450129 2.483716
2.663702 2.771296 2.823997 2.906247 3.032219 3.050755 2.582998 1.849379 1.619604 1.786194
4.496257 0.508488 -0.264692 -0.268036 -0.278446 -0.274804 -0.264169 -0.264241 -0.270630 -0.273707
-0.256615 -0.246785 -0.245814 -0.210974 -0.103150 -0.156397 0.024830 0.427158 1.257189 1.974701
5.341362 0.054011 -0.247254 -0.187071 -0.211639 -0.220611 -0.235840 -0.222267 -0.222178 -0.233021
-0.247625 -0.238012 -0.238472 -0.243679 -0.270093 -0.274434 -0.246990 0.024559 1.123953 1.799412
5.234397 0.133026 -0.274398 -0.241335 -0.245971 -0.262502 -0.275471 -0.258534 -0.260936 -0.263921
-0.267350 -0.251167 -0.269308 -0.275142 -0.274291 -0.273757 -0.215177 0.026054 1.513879 2.237102
5.272142 0.208119 -0.250828 -0.269512 -0.277043 -0.274037 -0.200080 -0.270928 -0.273311 -0.277683
-0.278436 -0.275562 -0.259943 -0.228326 -0.140194 -0.119407 0.229689 0.514398 1.579378 2.645621
5.139083 0.062656 -0.191868 0.001712 -0.260751 -0.221114 0.429243 0.140889 -0.033485 -0.204737
-0.260247 -0.264672 -0.199461 -0.193168 -0.077941 0.080375 1.238846 1.033193 1.297886 2.789998
4.983876 -0.061209 -0.096625 0.683545 -0.225327 -0.156046 2.188532 1.637689 0.111270 -0.182102
-0.215905 -0.244567 -0.240839 -0.196867 -0.124351 0.019425 0.947125 0.808798 1.278420 2.838981
4.892235 -0.057980 0.765826 0.984783 -0.252749 -0.139505 3.813145 3.552865 0.056606 -0.202376
-0.186004 -0.221208 -0.173767 0.009299 -0.133825 -0.065091 0.752487 0.732498 1.368408 2.957389
4.871479 0.029327 1.656115 0.697088 -0.223259 -0.184935 3.041538 3.288134 -0.032620 -0.192706
-0.161750 -0.209746 -0.145956 -0.101394 -0.135460 -0.068736 0.691810 0.444927 1.458526 3.068998
4.932070 0.092866 1.489953 0.654427 -0.089624 -0.218306 1.257070 1.071074 -0.115775 -0.207643
-0.202660 -0.222029 -0.154140 -0.214890 -0.059479 0.034417 0.688006 0.147733 1.451217 3.047868
4.981243 0.094834 0.127257 0.156871 -0.065493 -0.250040 0.112140 -0.068997 -0.219093 -0.262433
-0.260260 -0.253731 -0.199320 -0.231373 -0.048922 0.020949 0.528565 0.022545 1.465061 2.869179
4.933603 -0.032922 -0.255449 -0.277445 -0.278446 -0.277865 -0.114680 -0.102889 -0.239337 -0.275109
-0.270490 -0.262616 -0.206289 -0.261664 -0.073909 0.022241 0.451405 0.067087 1.456383 2.607871
5.033710 -0.108111 -0.271977 -0.266000 -0.269192 -0.274043 -0.163584 -0.015635 -0.212387 -0.278117
-0.278369 -0.235830 -0.167086 -0.228996 -0.031578 0.238036 0.472466 0.289237 1.357499 2.212408
4.994912 -0.064843 -0.272921 -0.267095 -0.276633 -0.277663 -0.229396 -0.096919 -0.160417 -0.269851
-0.278006 -0.261383 -0.204038 -0.197839 -0.043694 0.129676 0.085042 0.333002 1.345095 2.021982
4.911240 0.099804 -0.277849 -0.277393 -0.270047 -0.271746 -0.226303 -0.189135 -0.222902 -0.265293
-0.273115 -0.262074 -0.251173 -0.246448 -0.209997 -0.197508 -0.085121 0.293685 1.624599 2.451146
4.751920 0.101450 -0.276025 -0.275824 -0.218776 -0.240459 -0.190790 -0.186114 -0.159214 -0.183790
-0.248378 -0.249900 -0.247347 -0.249762 -0.223520 -0.196049 -0.019355 0.408943 1.953975 3.350931
4.713248 -0.006563 -0.266492 -0.275469 -0.148335 -0.187828 -0.039345 -0.031061 0.063851 -0.100994
-0.221023 -0.229756 -0.221641 -0.237029 -0.213163 -0.191937 -0.013629 0.812048 2.183028 3.823794
4.628692 -0.036238 -0.252234 -0.278362 -0.189331 -0.100294 0.043285 0.304464 0.087880 -0.002797
-0.150406 -0.125165 -0.125482 -0.191856 -0.203638 -0.206703 0.003924 0.653392 2.236593 3.804889
4.555947 0.033442 -0.246022 -0.262102 -0.278454 -0.235461 -0.120827 0.025120 -0.067878 -0.079110
-0.139389 -0.077448 0.057438 -0.096165 -0.181201 -0.173609 -0.042205 0.629586 1.917679 3.712979
4.502749 0.096223 -0.250607 -0.252158 -0.273731 -0.259359 -0.208541 -0.186811 -0.216079 -0.240452
-0.253836 -0.217146 -0.175145 -0.211867 -0.263545 -0.221355 -0.047985 0.408009 1.405177 2.602354
3.404019 0.600779 -0.181776 -0.203073 -0.209919 -0.112661 0.062141 0.101643 0.040841 -0.007472
-0.056397 0.016057 0.048140 -0.027852 -0.130402 -0.061487 0.246472 0.771248 1.379051 1.986903
-0.058729 -0.276345 -0.246484 -0.260099 -0.269672 -0.266338 -0.251106 -0.231655 -0.217321 -0.243566
-0.274308 -0.278395 -0.276716 -0.274279 -0.271291 -0.276533 -0.267441 -0.193348 -0.224563 -0.272927
0.712318 -0.222528 -0.242399 -0.225197 -0.217692 -0.244376 -0.275751 -0.261411 -0.218527 -0.242222
-0.277373 -0.272439 -0.259466 -0.275403 -0.274615 -0.262803 -0.258988 0.129886 -0.032811 -0.243931
1.120552 0.122704 -0.194176 -0.167786 -0.172563 -0.204857 -0.261975 -0.262453 -0.256944 -0.278392
-0.234715 -0.169285 -0.178006 -0.206524 -0.257944 -0.277136 -0.270663 0.279548 0.038220 -0.278227
1.244932 -0.076123 -0.275030 -0.277505 -0.273112 -0.275096 -0.270857 -0.271705 -0.277956 -0.272978
-0.258197 -0.240434 -0.076973 0.203996 0.347396 -0.163689 -0.277355 0.055380 -0.155108 -0.231989
0.281253 -0.278390 -0.187079 -0.181209 -0.186814 -0.269469 -0.263434 -0.254672 -0.243421 -0.278347
-0.136993 -0.224184 -0.265135 -0.170846 0.033103 -0.277977 -0.183567 -0.278137 -0.258826 -0.157694
-0.050645 -0.267875 -0.174197 -0.168160 -0.132532 -0.266550 -0.278170 -0.276916 -0.278345 -0.265895
-0.278325 -0.276232 -0.275084 -0.275680 -0.272999 -0.201553 -0.128117 -0.270970 -0.209168 -0.131536
-0.171446 -0.223880 -0.135740 -0.167629 -0.110362 -0.262557 -0.128325 -0.249117 -0.139043 -0.233611
-0.266836 -0.278453 -0.247357 -0.243178 -0.224462 -0.123596 -0.091826 -0.234052 -0.193888 -0.128040
-0.153528 -0.234939 -0.194971 -0.144157 -0.105354 -0.179355 2.374300 4.659811 3.687969 1.010861
-0.093793 -0.236605 -0.224179 -0.251061 -0.247194 -0.120448 -0.079044 -0.211226 -0.182495 -0.120903
0.311339 0.049515 -0.065759 -0.248452 -0.277170 0.150486 2.498713 6.769377 5.730577 1.852405
-0.277000 -0.187123 -0.168079 -0.197772 -0.216976 -0.139833 -0.093353 -0.199776 -0.177586 -0.120594
0.175039 -0.131364 1.219434 1.277879 0.346126 -0.049478 -0.034025 1.071832 0.763946 -0.261381
-0.195920 -0.136958 -0.105419 -0.094345 -0.106132 -0.083716 -0.067776 -0.132023 -0.137103 -0.127115
0.130871 -0.246677 -0.263786 -0.260864 -0.224357 -0.224466 -0.258201 -0.233214 -0.241358 -0.273371
-0.211934 -0.142158 -0.078399 -0.062367 -0.067573 -0.061375 -0.063134 -0.145494 -0.140603 -0.137534
-0.019060 -0.276377 -0.123069 -0.103547 -0.093294 -0.161596 -0.181311 0.345150 0.073895 -0.244783
-0.260215 -0.274239 -0.277495 -0.272679 -0.272088 -0.270532 -0.271651 -0.239678 -0.152716 -0.139335
1.097338 -0.185928 -0.195031 -0.118935 -0.099765 -0.145368 -0.242061 -0.272090 -0.229444 -0.228495
-0.011832 1.105024 2.035840 2.176749 2.181921 1.417520 -0.270088 -0.270461 -0.229589 -0.206281
1.474876 0.291428 -0.264957 -0.158720 -0.113155 -0.143254 -0.184747 -0.219901 -0.231499 -0.243307
-0.252970 -0.278217 -0.263133 -0.249876 -0.247745 -0.273591 -0.253388 -0.246805 -0.101775 -0.277486
1.963347 1.409656 0.337631 -0.276594 -0.198438 -0.231711 -0.223181 -0.225485 -0.216264 -0.215732
-0.202245 -0.214294 -0.201321 -0.185563 -0.224030 -0.242655 -0.264490 -0.219912 -0.113483 -0.214869
2.401963 2.266665 2.022274 1.059339 0.093332 -0.213070 -0.272474 -0.264321 -0.276161 -0.274527
-0.276034 -0.266893 -0.247051 -0.214458 -0.227780 -0.247624 -0.272481 -0.272309 -0.210186 -0.044478
1.830182 1.814037 2.477184 2.660382 2.052100 0.593746 0.186774 0.460324 0.836140 0.987709
0.603371 0.033138 -0.236605 -0.275360 -0.276183 -0.261093 -0.260763 -0.269799 -0.264347 -0.116287
0.464778 -0.278189 -0.233775 -0.221732 -0.243810 -0.274740 -0.111561 2.093471 2.882184 2.114224
0.756776 0.111973 -0.150125 -0.277984 -0.243039 -0.185539 -0.183158 -0.254903 -0.265765 -0.271822
-0.083506 -0.278080 -0.276720 -0.264519 -0.239952 -0.245870 -0.273354 -0.263047 -0.243000 -0.269266
-0.273278 -0.263688 -0.220956 -0.224122 -0.255412 -0.262171 -0.226694 -0.177268 -0.249285 -0.230862
3.211502 3.565552 3.620432 3.364782 3.118468 3.310777 3.486253 3.486241 3.519371 3.627602
3.706861 3.704222 3.706712 3.602782 3.373762 3.467933 3.838152 3.914581 3.444249 2.133868
1.082009 0.280570 -0.077446 -0.139392 -0.099559 -0.050394 0.039053 0.101457 0.041675 0.030684
-0.015795 -0.071697 -0.085632 -0.007718 0.194675 0.197163 0.273410 0.561648 0.907095 0.516693
2.176045 1.545596 0.736260 0.608031 0.818546 0.765192 0.837525 1.078223 1.065454 0.724525
0.296143 0.047057 -0.036340 0.030168 0.248479 0.560417 0.745493 1.191041 1.957703 0.954184
2.548971 2.038594 0.983438 0.832963 1.187551 0.752253 0.343649 0.292111 0.266898 0.231909
0.213062 0.291848 0.473215 0.688965 0.802685 0.871799 0.667123 1.076983 1.802035 0.574043
2.127898 0.919752 0.106102 0.032949 0.353058 0.183001 -0.051986 -0.085644 -0.096013 0.124906
0.589862 0.864306 0.979290 1.510839 1.615435 1.166687 0.016028 0.293667 0.844042 0.087329
0.880064 -0.102271 -0.277980 -0.277381 -0.274141 -0.210217 -0.122704 -0.047655 -0.212629 -0.177937
0.160933 0.360750 0.243609 0.524094 0.949976 0.533510 -0.116785 -0.120964 0.119922 -0.143236
0.315585 -0.269861 -0.252000 -0.268662 -0.265081 -0.265776 0.000983 0.582354 0.213682 -0.149790
-0.090176 0.110693 -0.046347 -0.101702 0.148458 -0.117487 -0.263634 -0.238998 -0.024562 -0.168943
0.490774 -0.254609 -0.278117 -0.229438 -0.265948 -0.211775 1.457396 3.784353 2.729219 0.786876
0.079710 -0.068889 -0.267195 -0.278155 -0.236887 -0.276723 -0.258503 -0.268280 -0.231392 -0.233313
0.833901 -0.014434 0.178936 0.506730 0.192847 0.126558 2.395624 6.113275 4.853686 1.943919
0.062473 -0.263681 -0.277840 -0.274801 -0.271296 -0.276019 -0.221855 -0.239980 -0.263707 -0.251014
1.212249 0.547760 1.724516 2.552901 2.083950 0.545612 0.976690 3.435870 2.953592 1.032541
-0.169077 -0.276791 -0.256967 -0.252034 -0.277406 -0.277632 -0.238837 -0.218045 -0.266696 -0.226290
1.127477 0.230802 1.182701 2.180794 1.692586 0.336743 0.519482 0.914055 0.862025 0.297362
-0.197717 -0.276819 -0.263881 -0.243987 -0.256529 -0.276171 -0.277892 -0.251004 -0.256573 -0.191803
0.246630 -0.277772 -0.260054 -0.192250 -0.189170 -0.173008 0.542016 0.953522 0.984105 0.755520
0.415463 0.142956 -0.095344 -0.191855 -0.187842 0.107302 -0.147770 -0.271969 -0.237605 -0.208155
0.748351 -0.276373 -0.223184 -0.229952 -0.213308 -0.264965 -0.008575 0.732616 0.966987 0.838625
1.225806 1.685350 1.952216 2.000039 2.068186 2.343201 0.849923 -0.188277 -0.050831 -0.143458
2.275172 0.456455 -0.278168 -0.207205 -0.170346 -0.221040 -0.277668 -0.198319 -0.128847 -0.102567
0.150524 0.966287 1.584292 1.736538 1.725563 1.778952 0.069411 -0.095930 0.611440 0.415934
2.953951 1.895990 0.113700 -0.277681 -0.266372 -0.264960 -0.268332 -0.268203 -0.253871 -0.253352
-0.269186 -0.275047 -0.261693 -0.232195 -0.148570 -0.100981 -0.251582 -0.045330 1.062110 1.001613
2.968586 2.783670 1.808709 0.859622 -0.032588 -0.229605 -0.263335 -0.269840 -0.278117 -0.278388
-0.278273 -0.277901 -0.269344 -0.264922 -0.277598 -0.277623 -0.264993 -0.135143 0.637053 1.181607
2.440197 2.324305 2.376456 2.510536 1.680437 0.434650 0.098938 0.324187 0.473480 0.581940
0.343180 -0.040123 -0.251215 -0.277988 -0.277129 -0.275325 -0.264756 -0.185329 0.549705 1.192628
1.288796 0.342961 0.364461 0.563734 0.547469 0.181238 0.435148 1.529677 2.132853 1.932174
1.231366 0.490228 0.047513 -0.206660 -0.267142 -0.276022 -0.278039 -0.252233 0.254787 0.617603
0.570631 -0.191228 -0.202944 -0.217731 -0.225439 -0.214625 -0.055944 0.489594 0.871872 0.577049
0.259054 0.118314 0.126800 -0.046072 -0.164492 -0.184591 -0.176320 -0.072553 0.592754 0.638545
2.021829 1.459834 1.633475 1.530952 1.419544 1.386789 1.539453 1.699920 1.807867 1.903175
1.914995 1.984152 2.207853 2.040091 1.758169 1.699886 1.731678 1.907281 2.548720 1.604516
3.046016 3.017977 3.134511 3.131512 3.262576 3.438918 3.624973 3.714379 3.729069 3.768222
3.797293 3.839036 3.960573 3.796435 3.516418 3.361243 3.348013 3.402076 3.778033 2.872367
2.342885 1.520794 2.485916 3.532418 3.554420 3.691619 3.791715 3.858907 3.878830 3.870047
3.839355 3.938011 4.078617 3.944982 3.399586 3.022682 3.336040 3.082310 1.170122 0.198428
1.921250 0.253673 1.119258 3.643466 3.651055 3.765138 3.787819 3.786563 3.824343 3.905936
3.944201 4.125719 4.339751 4.108456 3.292729 2.635907 3.107010 2.912625 0.315641 -0.264686
1.716642 0.194634 0.880367 3.588598 3.525363 3.591951 3.589591 3.603598 3.755568 3.967014
4.025201 4.175156 4.395406 4.216932 3.374076 2.260570 2.512986 3.181316 0.317669 -0.268980
1.764466 0.255092 1.041606 3.232373 3.123030 3.360244 3.253577 2.859487 3.061584 3.801291
3.843170 3.844155 3.990042 4.003450 3.211828 1.533752 1.034807 3.092393 0.431264 -0.262821
1.893755 0.494585 1.069345 2.609597 2.227634 3.307786 2.972428 1.843137 0.918109 2.665816
3.566524 3.542756 3.730983 3.944429 3.173616 1.103878 0.469857 2.337302 0.561181 -0.255622
2.025364 1.189517 2.012401 1.864885 0.821551 3.445891 2.574755 0.550181 -0.240339 0.237170
2.892725 3.458809 3.750968 4.001882 3.189935 0.928344 0.203190 2.290109 0.583457 -0.251088
2.167526 2.102521 2.949889 1.221991 -0.052078 3.349066 2.457649 -0.083958 -0.159957 -0.246021
1.360901 3.399516 3.812021 4.048435 3.195028 0.741940 0.090823 2.461190 0.600912 -0.250059
2.287171 2.753387 3.386424 1.016399 -0.242436 2.638273 2.749257 0.345048 -0.225594 -0.127783
1.307516 3.384248 3.878674 4.098386 3.174453 0.577327 -0.050837 2.427344 0.645296 -0.254261
2.168374 2.766732 3.430279 1.056956 -0.226238 2.065444 3.153574 1.998206 1.021421 1.335437
2.017884 3.462571 4.005345 4.175404 3.131546 0.390244 -0.168669 2.067350 0.663688 -0.261210
2.024297 2.230980 3.345558 1.329393 0.131987 3.150394 3.773808 3.578438 3.277385 2.831609
2.892694 3.806824 4.279933 4.295412 3.155751 0.313347 -0.237311 1.805301 0.653715 -0.268508
1.806970 1.414594 3.082603 1.880605 0.987552 4.123738 4.277462 4.284873 4.008648 3.534231
3.715581 4.328864 4.710363 4.578576 3.341963 0.464155 -0.185858 2.210868 0.576970 -0.272661
1.597899 0.408395 1.628829 2.365310 2.258437 4.200712 4.397500 4.510728 4.327441 3.974460
4.136853 4.620491 4.781549 4.500896 3.319558 0.837373 0.239041 3.090888 0.557787 -0.267572
1.757492 -0.074886 0.528214 2.439369 2.913587 4.090815 4.279999 4.410137 4.307096 4.123867
4.209641 4.518177 4.494884 4.156022 3.327438 1.787967 1.409289 3.454816 0.583534 -0.242660
2.084255 0.063885 0.360078 2.228737 2.691645 3.957238 4.102831 4.189590 4.117141 4.010816
4.006053 4.266914 4.275997 4.012550 3.558758 2.935484 3.333000 3.363052 0.615703 -0.206537
2.423938 1.038927 1.241323 2.567531 2.113673 3.748590 3.925393 3.969339 3.879773 3.795440
3.646558 3.850231 3.914161 3.773335 3.605835 3.541464 3.937165 3.382123 0.669827 -0.199801
2.558970 1.784353 2.903555 2.824151 2.197771 3.383984 3.798382 3.859290 3.719771 3.582751
3.363058 3.442868 3.568606 3.610735 3.620837 3.692097 4.044662 3.361780 0.577095 -0.243579
2.659686 2.214989 3.273074 3.151246 2.992270 3.517649 3.666390 3.695848 3.510302 3.316731
3.235748 3.322414 3.192029 3.222232 3.565669 3.860963 4.231563 3.336853 0.455967 -0.260053
2.979213 2.909159 3.670654 3.773538 3.890559 3.896240 3.876404 3.851352 3.690284 3.686866
3.737603 3.566175 3.182973 3.075267 3.826991 4.331021 4.590665 3.476473 0.465800 -0.252045
3.164196 3.149206 3.789119 4.047383 4.310834 4.223015 4.043984 3.952853 3.961429 4.163100
4.192325 3.862750 3.452219 3.369287 4.097974 4.638845 4.720991 3.518529 0.551550 -0.214386
3.060412 3.064574 3.351323 3.582039 3.823656 3.750710 3.516666 3.381279 3.431124 3.601885
3.698157 3.476509 3.198116 3.297226 3.687185 3.957242 3.990052 3.193166 1.199984 0.294904
3.297189 2.877170 2.465914 2.796750 2.912014 2.960899 3.030934 3.035867 3.006025 3.044085
3.110625 3.059006 3.067333 3.230689 3.543792 3.389871 3.125348 3.512933 4.187609 2.798750
3.459995 2.769202 2.093315 2.893939 3.061384 3.124942 3.235063 3.232142 3.139293 3.195788
3.342518 3.290368 3.305804 3.546247 3.985905 3.710639 3.215314 3.797410 4.844605 2.814110
3.323071 2.616039 1.922853 2.940362 3.177363 3.226407 3.346708 3.296966 3.156170 3.224933
3.409290 3.378922 3.346082 3.587515 4.106656 3.911627 2.999590 3.518500 4.861411 2.818310
3.271726 2.535852 2.109462 3.035383 3.135882 3.151120 3.321404 3.242256 2.859504 2.961769
3.251052 3.363511 3.336742 3.458011 4.065353 4.168936 2.797841 2.923779 4.700585 2.796985
3.216614 2.485499 2.314252 3.116147 2.964578 2.914241 3.291529 3.175816 2.285923 2.214564
3.005224 3.277872 3.290300 3.312144 3.991020 4.313660 2.784502 2.352500 4.623600 2.791319
3.132492 2.381807 2.671825 3.429233 2.641166 2.502503 3.435649 3.085033 1.455706 1.257893
2.601937 3.173102 3.185569 3.323751 4.058792 4.447194 2.827792 2.179728 4.603456 2.804105
3.045727 2.334320 3.139038 3.924831 2.340722 1.837390 3.612088 3.245291 0.611642 0.595458
2.079422 3.035223 3.072408 3.376738 4.106488 4.536975 2.801685 2.110289 4.582124 2.818423
2.973977 2.280395 3.438640 4.316420 2.134353 1.197428 3.504761 3.317562 0.692897 0.731593
2.064888 2.951153 3.053121 3.474009 4.208168 4.654366 2.748306 2.002519 4.613702 2.862681
2.961576 2.227903 3.436836 4.294938 2.125819 0.909637 3.230048 3.132703 1.852134 1.788912
2.465988 2.942915 3.045670 3.513473 4.334261 4.774499 2.673200 1.822946 4.638422 2.880239
2.922375 2.094769 3.296756 4.043227 2.373003 1.396933 3.060843 3.093242 2.911895 2.860974
2.832379 2.987403 3.116549 3.542963 4.432031 4.798620 2.584907 1.724823 4.676855 2.881504
2.807625 1.728388 2.975100 3.659562 2.496960 2.205985 3.056831 3.175599 3.223451 3.208266
2.966186 3.028569 3.157973 3.531820 4.430378 4.711342 2.497663 1.964350 4.729202 2.878861
2.878999 1.455207 2.387175 3.184573 2.622722 2.699234 3.146785 3.212946 3.282676 3.218897
3.022113 3.006128 3.087698 3.369143 4.154603 4.326528 2.603803 2.623482 4.784974 2.873999
2.977360 1.546572 1.894453 2.785340 2.725831 2.868379 3.204429 3.256753 3.227534 3.138695
3.025521 3.031169 3.102395 3.296735 3.879015 3.974007 2.791738 3.358593 4.774366 2.836248
3.066852 1.892161 1.647088 2.612735 2.736006 2.845151 3.127185 3.162464 3.073720 3.024329
3.030489 3.051445 3.138257 3.263537 3.578792 3.535625 3.016364 3.739185 4.732735 2.838812
3.141177 2.326106 1.751264 2.800695 2.656171 2.615991 2.966178 3.034212 3.003724 2.978572
2.985511 2.982229 3.112744 3.208499 3.307945 3.238127 3.190543 3.825809 4.777899 2.927353
3.198009 2.570538 1.969031 2.817268 2.695245 2.483436 2.843291 2.964017 2.997368 2.955440
2.924254 2.941961 3.075795 3.139146 3.211288 3.179817 3.290429 3.918612 4.937557 3.013963
3.174732 2.659470 2.183729 2.750372 2.765538 2.669843 2.831305 2.935026 2.934290 2.902009
2.839848 2.909187 3.061817 2.972919 3.080384 3.131786 3.336226 4.068274 5.087669 2.993280
3.107301 2.665121 2.269444 2.590526 2.718156 2.826141 2.908941 2.942990 2.943532 2.875109
2.838156 3.014832 3.149170 2.840025 2.838762 3.019353 3.359999 4.219650 5.089847 2.915523
3.075709 2.597631 2.299412 2.531332 2.681615 2.930352 3.057855 2.993780 2.911102 2.804469
2.835900 3.040757 3.140429 2.796477 2.703869 2.922164 3.317413 4.118613 4.819856 2.725107
2.946541 2.613271 2.383480 2.549794 2.641498 2.868094 3.015650 2.937560 2.812453 2.738908
2.772441 2.962884 3.028680 2.799066 2.701195 2.812284 3.050721 3.583129 4.037155 2.686073
-0.208523 -0.039936 -0.090082 -0.256001 -0.219467 -0.181441 -0.196496 -0.233960 -0.196376 -0.228130
-0.246983 -0.271733 -0.249132 -0.095775 -0.103924 -0.202406 -0.053856 -0.027730 -0.066442 -0.188217
-0.201795 -0.116323 -0.245362 0.160952 1.015451 1.059717 0.903721 0.777325 1.182697 1.123590
0.697894 0.066707 -0.139524 -0.243976 -0.269929 -0.051731 -0.272836 -0.120113 -0.221473 -0.270288
-0.277477 -0.046718 -0.100628 -0.276685 0.269167 0.870396 0.848916 0.782337 1.246613 1.318949
0.927323 0.319049 -0.007438 -0.219778 -0.261084 0.134303 -0.275439 -0.127677 -0.096357 -0.220407
-0.275818 -0.058871 -0.123540 -0.276696 0.414778 1.348512 1.416380 0.846741 0.645227 0.309018
0.248780 0.636078 0.087940 -0.276553 -0.272866 0.003966 -0.271378 -0.277420 -0.112107 -0.220827
-0.277921 -0.085573 -0.179403 -0.278440 -0.254924 0.410459 0.638985 -0.052883 -0.278319 -0.129498
0.244143 0.660455 0.010348 -0.276095 -0.185653 -0.269566 -0.269640 -0.257221 -0.077704 -0.200392
-0.277993 -0.128504 -0.278436 -0.277689 -0.233652 0.097732 0.045285 -0.267054 -0.124851 -0.208993
-0.193055 0.457345 0.083009 -0.263057 -0.204428 -0.275379 -0.262894 -0.248514 -0.069122 -0.200531
-0.278262 -0.179431 -0.266489 -0.218652 -0.182906 -0.058213 -0.154453 -0.075934 -0.021824 -0.124551
-0.272377 0.142807 0.039154 -0.270079 -0.185510 -0.235544 -0.261131 -0.277580 -0.065455 -0.213899
-0.274708 -0.154163 -0.246737 -0.164732 -0.203071 0.345712 -0.275767 -0.189358 -0.057656 -0.241954
-0.198901 0.282827 -0.028462 -0.273575 -0.147963 -0.236476 -0.258565 -0.278444 -0.068927 -0.227208
-0.273672 -0.147576 -0.215213 -0.195462 -0.242420 0.398091 0.926570 0.114771 -0.085080 -0.011370
-0.065122 0.232402 -0.065157 -0.276319 -0.148979 -0.239814 -0.257281 -0.276406 -0.065262 -0.232835
-0.274373 -0.172146 -0.159273 -0.158561 -0.265609 0.995517 1.520460 0.952810 0.604828 0.082556
-0.090947 0.071885 -0.205374 -0.241832 -0.157388 -0.209655 -0.233741 -0.263000 -0.066363 -0.233808
-0.262484 -0.141323 -0.220866 -0.041600 0.131492 1.376216 1.914131 0.789888 0.611702 0.494377
0.487322 -0.009443 -0.251511 -0.212901 -0.224208 -0.240725 -0.241452 -0.268853 -0.068247 -0.232805
-0.271233 -0.106343 -0.229483 -0.261240 0.920914 1.918592 2.556999 1.209464 1.060890 1.495366
0.619791 -0.081800 -0.268346 -0.127594 -0.140857 -0.234249 -0.222965 -0.230658 -0.062853 -0.239275
-0.262548 -0.101253 -0.129670 -0.277003 1.392842 2.373894 2.763330 1.371893 1.081660 1.684114
0.810954 0.064437 0.357157 0.163773 0.128635 -0.114248 -0.217540 -0.105956 -0.069889 -0.244010
-0.275719 -0.105588 -0.118764 -0.273755 0.655108 2.473029 2.827307 1.763060 1.306408 1.852382
1.203508 0.523171 1.351898 0.703025 0.785490 0.103723 -0.278247 -0.107829 -0.088791 -0.256582
-0.271993 -0.142872 -0.118021 -0.278451 0.361112 1.670613 2.447916 1.659870 0.985415 1.033337
0.721295 0.538735 1.704480 0.765275 0.642540 0.240350 -0.277275 -0.125207 -0.107936 -0.241062
-0.223216 -0.255465 -0.278441 -0.258505 0.094143 1.648392 1.761712 1.145173 0.423526 0.022450
-0.031096 0.566854 1.493813 0.689722 0.621504 0.169368 -0.278266 -0.108554 -0.143611 -0.250432
-0.219985 -0.277851 0.076851 0.387869 0.759798 1.580057 1.088249 0.275302 -0.226409 -0.205305
-0.124179 -0.116702 0.512808 0.353710 0.439101 -0.087658 -0.232215 -0.059589 -0.133401 -0.222558
0.100057 -0.278242 -0.156138 0.069044 0.310313 0.900376 0.798461 0.855005 0.592020 0.277835
0.847009 0.830794 0.811059 0.384929 0.049837 -0.270133 -0.163137 -0.053634 -0.151511 -0.230222
-0.154811 -0.171122 -0.254297 -0.235915 -0.252808 -0.277969 -0.196769 0.072348 -0.068275 -0.165418
-0.250644 -0.256701 -0.269889 -0.158410 -0.247785 -0.263202 -0.056771 -0.017028 -0.105330 -0.247565
-0.209898 -0.277874 -0.052345 0.457837 0.357905 -0.079547 -0.102081 0.077951 0.086723 0.497694
0.491160 0.044611 0.243738 0.763444 0.366912 -0.098465 -0.182786 -0.060765 -0.162703 -0.266737
-0.275459 -0.230797 -0.188689 -0.153423 -0.195299 -0.247994 -0.255418 -0.276702 -0.265827 -0.221713
-0.146979 -0.129924 -0.222828 -0.276937 -0.274210 -0.277391 -0.241979 -0.195325 -0.244923 -0.275569
-0.243124 -0.277682 -0.252373 -0.223187 -0.273752 -0.246457 -0.230222 -0.038219 0.209352 0.469196
0.563954 0.642726 0.179860 -0.192672 -0.134708 -0.084091 -0.258619 -0.271653 -0.267781 -0.219319
-0.264320 -0.248371 -0.198086 -0.189529 -0.265715 -0.269510 -0.264946 -0.153320 -0.069013 0.159970
0.246551 0.455587 0.281519 -0.098060 -0.109463 0.132561 0.168264 -0.268329 -0.278000 -0.259913
-0.245481 -0.259141 -0.227622 -0.236833 -0.266561 -0.204891 -0.169235 0.175025 0.277365 0.024427
-0.081137 0.077709 0.013709 -0.208314 -0.272293 -0.071730 0.492472 -0.225205 -0.270493 -0.258992
-0.253462 -0.259794 -0.259452 -0.277010 -0.170532 -0.170276 -0.139740 0.208400 0.353698 -0.075837
-0.202406 -0.169993 -0.088172 -0.167000 -0.261162 -0.048646 0.284207 -0.230238 -0.278440 -0.273612
-0.255482 -0.255303 -0.247103 -0.275003 -0.199691 -0.240872 -0.263062 -0.146322 0.060967 -0.214903
-0.267338 -0.195819 0.187168 -0.096855 -0.275887 -0.039854 0.323475 -0.235219 -0.277283 -0.269642
-0.247786 -0.259645 -0.237585 -0.278446 -0.072616 -0.260427 -0.248391 -0.277440 -0.204504 -0.277655
-0.278381 -0.166965 0.245209 -0.085821 -0.273247 -0.183942 0.429146 -0.217981 -0.267605 -0.258559
-0.230885 -0.269655 -0.245117 -0.272826 0.166898 -0.237963 -0.262555 -0.275751 -0.267564 -0.275334
-0.275005 -0.131167 0.327236 -0.169017 -0.278096 -0.181415 0.611491 -0.229706 -0.266783 -0.255743
-0.227252 -0.275233 -0.258386 -0.269826 0.241549 -0.214708 -0.276753 -0.278211 -0.273719 -0.278411
-0.204450 0.074139 0.427356 -0.198083 -0.277296 -0.095819 0.856931 -0.222621 -0.267885 -0.256976
-0.196260 -0.267925 -0.250836 -0.273691 -0.042197 -0.144216 -0.072821 -0.143245 -0.266940 -0.202791
-0.005799 0.360216 0.233899 -0.237362 -0.271291 0.111330 1.209255 -0.196025 -0.273629 -0.251790
-0.141696 -0.258336 -0.201572 -0.269902 -0.223603 0.004702 0.517391 0.232170 -0.251146 -0.251798
0.200180 0.468660 -0.066849 -0.275465 -0.276581 0.216871 1.077327 -0.242018 -0.277505 -0.253985
-0.226894 -0.223776 -0.120796 -0.221645 -0.264071 0.194836 1.275545 1.267861 0.220520 0.203452
0.446519 0.423399 -0.186770 -0.278101 -0.276062 -0.049921 0.208181 -0.278269 -0.274394 -0.259377
-0.197864 -0.240138 -0.119733 -0.163461 -0.275204 0.357727 1.706064 2.124013 1.451091 1.148608
1.194198 0.942595 -0.030268 -0.235278 -0.234488 0.173439 0.053291 -0.278178 -0.274699 -0.272976
-0.232109 -0.221080 -0.117135 -0.168311 -0.256941 0.535045 1.910532 2.544209 2.033192 1.703484
1.254123 1.094808 0.645967 0.937224 0.462996 0.489337 -0.008082 -0.267723 -0.262732 -0.275698
-0.250049 -0.208096 -0.074250 -0.175130 -0.212536 0.480469 1.356711 1.511955 1.086829 0.831628
0.515899 0.657419 1.081950 1.515264 1.228218 0.824857 0.002733 -0.268644 -0.275725 -0.275534
-0.261033 -0.202865 -0.079042 -0.121175 -0.263020 -0.130136 0.333819 0.115754 -0.200872 0.030606
0.091182 0.213859 0.685485 1.271357 0.982555 1.006084 -0.092591 -0.237851 -0.276761 -0.275294
-0.245066 -0.237008 -0.118923 -0.147364 -0.218982 -0.275696 -0.258941 -0.267797 -0.241015 -0.221036
-0.074298 0.026889 0.629298 1.515642 1.733800 2.083461 0.214203 -0.259902 -0.269162 -0.276279
-0.239002 -0.243223 -0.206399 -0.228536 -0.275319 -0.159552 -0.003205 -0.257692 -0.275401 -0.014727
0.020813 0.044906 0.494523 1.383422 2.129636 2.476451 0.533630 -0.248524 -0.276946 -0.263270
-0.210484 -0.269491 -0.268377 -0.269117 -0.276476 -0.241380 -0.132864 -0.268623 -0.274414 -0.269415
-0.268659 -0.277104 -0.167500 0.324777 1.337269 1.627778 -0.200720 -0.161175 -0.242814 -0.260252
-0.049231 -0.241086 -0.278407 -0.275222 -0.261474 -0.274403 -0.278405 -0.277690 -0.276124 -0.278232
-0.264146 -0.259624 -0.275756 -0.231452 -0.085587 0.034639 -0.274799 -0.208845 -0.270209 -0.230113
2.743396 2.960575 3.178406 2.651470 2.367898 2.323510 2.297685 2.472504 2.434338 2.228190
2.143362 2.037930 2.059433 2.116082 2.290793 2.173327 2.191712 2.324412 3.200142 3.200821
1.256480 0.950519 1.393548 1.555779 1.380019 1.225093 0.972822 0.850583 0.832856 0.840223
0.789861 0.893500 0.938830 1.009511 0.838568 0.993178 1.098272 1.174689 1.426359 0.866956
-0.246072 -0.234359 -0.263777 -0.266231 -0.268929 -0.263441 -0.240918 -0.247750 -0.271068 -0.274376
-0.221441 -0.147923 0.003729 0.174746 0.037651 -0.203683 -0.208516 -0.274278 -0.278104 -0.275257
-0.267157 -0.151578 -0.179987 -0.155244 -0.163016 -0.180278 -0.179053 -0.206532 -0.239771 -0.269862
-0.269669 -0.227383 -0.235663 -0.265123 -0.260366 -0.228281 -0.247947 -0.254258 -0.237075 -0.248096
-0.269779 -0.171840 -0.203555 -0.169519 -0.190395 -0.248087 -0.270427 0.022602 -0.056474 -0.243291
-0.276658 -0.216219 -0.187862 -0.192887 -0.198541 -0.187841 -0.227397 -0.240489 -0.247448 -0.260602
-0.273592 -0.214816 -0.261705 -0.274870 -0.278315 -0.187876 0.398741 1.286289 1.043085 0.361398
-0.224793 -0.273978 -0.193748 -0.185844 -0.198384 -0.186270 -0.209622 -0.232263 -0.229851 -0.246229
-0.275097 -0.277114 -0.177453 -0.165333 -0.142076 0.113497 1.764467 4.976243 3.663107 1.008713
-0.185789 -0.274332 -0.219936 -0.220207 -0.215405 -0.211365 -0.222077 -0.226846 -0.224081 -0.243583
-0.208733 -0.177999 0.234011 0.035744 -0.042034 0.168595 1.922277 4.496300 3.025243 0.621192
-0.275505 -0.228243 -0.178283 -0.185393 -0.191888 -0.179368 -0.193180 -0.192564 -0.212959 -0.253317
-0.273157 -0.275552 -0.267957 -0.276027 -0.274727 -0.257270 -0.018779 -0.237308 -0.241399 -0.246502
-0.271866 -0.227629 -0.211590 -0.214174 -0.215555 -0.207888 -0.219168 -0.232444 -0.247788 -0.263755
-0.263295 -0.199075 -0.237849 -0.208218 -0.217521 -0.259569 -0.272597 -0.268394 -0.278420 -0.266302
-0.270341 -0.278391 -0.278445 -0.277068 -0.275186 -0.278463 -0.277849 -0.273592 -0.264099 -0.268250
-0.274977 -0.195677 -0.216641 -0.171143 -0.146534 -0.231604 -0.250521 -0.271488 -0.267829 -0.188853
-0.152601 -0.186726 -0.139563 -0.081989 -0.010474 -0.039599 -0.231432 -0.273553 -0.273007 -0.273390
1.283047 -0.161966 -0.250109 -0.164404 -0.133629 -0.164166 -0.196162 -0.241652 -0.253726 -0.275484
-0.271456 -0.255401 -0.185670 -0.104064 -0.025665 -0.093153 -0.257535 -0.275143 -0.276585 -0.273987
1.001365 0.049092 -0.181722 -0.235943 -0.140988 -0.152310 -0.164870 -0.173002 -0.172256 -0.192221
-0.235303 -0.257041 -0.269697 -0.278066 -0.271101 -0.275257 -0.276546 -0.271917 -0.214467 -0.239390
0.122914 0.010887 0.422317 -0.230980 -0.257347 -0.225188 -0.198562 -0.179649 -0.163085 -0.159774
-0.177181 -0.197177 -0.197540 -0.224298 -0.254218 -0.234361 -0.239969 -0.276138 -0.238362 -0.234725
0.001763 0.255845 1.280426 1.163076 0.031042 -0.251758 -0.278460 -0.265488 -0.197892 -0.112400
-0.201578 -0.277172 -0.231675 -0.209940 -0.213469 -0.218037 -0.240271 -0.265170 -0.201765 -0.057363
-0.137819 -0.127030 0.171201 0.484997 0.603010 0.055275 0.336897 1.276771 1.858057 2.112147
1.438648 0.773787 0.094614 -0.134233 -0.176855 -0.185988 -0.244688 -0.225938 0.104445 0.164092
-0.252522 -0.275444 -0.269578 -0.248439 -0.164822 0.039823 0.545288 2.555339 2.347052 1.552462
0.988466 0.985988 0.876675 0.156928 -0.188315 -0.233752 -0.159199 -0.155339 0.029135 -0.152789
-0.094204 -0.086663 0.144065 0.264099 0.425840 0.721138 1.379370 2.007601 2.276247 1.994460
1.919225 1.814415 2.345244 2.201738 1.061112 0.716170 0.754135 0.604882 0.517667 -0.108217
0.963138 1.138049 1.696021 1.582134 2.097049 3.232724 3.680846 3.812036 3.922402 4.057380
4.334486 4.703460 4.831342 4.575026 3.531193 2.903005 2.631232 2.464404 2.239757 0.442110
0.450361 0.146032 0.544894 0.940914 1.454327 1.642710 1.865816 1.921208 1.849438 1.936773
2.014169 2.132009 2.241945 2.168761 1.953133 1.616445 1.322946 1.319309 0.998916 -0.022734
0.217223 -0.213051 0.764069 2.251210 2.676701 2.782725 2.736346 2.746533 2.770183 2.608012
2.806371 2.682095 2.110738 1.087917 0.789111 1.358310 0.344459 -0.183742 -0.267549 -0.146737
-0.114346 -0.235358 -0.078034 2.009020 2.539851 2.585180 2.459243 2.594552 2.652785 2.517744
2.888164 2.657923 1.716334 0.511773 0.406894 1.401100 0.295649 -0.277910 -0.267944 -0.272778
-0.145085 -0.232153 -0.182707 1.696534 2.394405 2.420932 2.283767 2.653917 2.758456 2.607985
2.983764 2.766106 1.840627 0.525545 0.362704 1.356411 0.700767 -0.241112 -0.248361 -0.278206
-0.089100 -0.260993 -0.188156 1.044504 2.054980 2.125270 1.757547 2.029510 2.576254 2.485090
2.478455 2.381628 1.688811 0.424913 0.003423 0.480697 0.103334 0.011605 -0.254554 -0.278224
0.037452 -0.278378 -0.169712 0.322585 0.976394 1.863521 1.119511 0.676137 0.641589 1.821954
2.180443 2.342052 1.765909 0.405897 -0.126269 -0.050976 -0.034427 -0.058775 -0.254679 -0.277951
0.206352 -0.172288 0.059874 -0.166085 0.221471 1.602790 0.331176 -0.136999 -0.233828 -0.033892
1.644257 2.550682 2.013853 0.558992 -0.139742 -0.100248 -0.012331 0.061189 -0.255082 -0.278239
0.462701 0.231594 0.347023 -0.278450 -0.113713 1.820606 -0.093202 -0.195245 -0.171189 -0.276289
0.441817 2.676055 2.128957 0.566676 -0.179781 -0.175338 -0.023863 0.227458 -0.257065 -0.278462
0.710779 0.487847 0.045480 -0.268372 -0.208204 1.817474 0.179825 -0.253088 -0.160915 -0.277997
0.702225 2.812458 2.068919 0.405406 -0.250189 -0.246253 -0.122977 0.234087 -0.259444 -0.278448
0.633031 0.510324 0.047286 -0.277871 -0.193751 1.531680 1.338289 0.542326 0.329043 0.347236
1.493778 2.887440 1.973246 0.295291 -0.276868 -0.278434 -0.187386 0.167645 -0.257714 -0.278397
0.450046 0.385116 0.501116 -0.108978 0.424543 2.763046 2.307270 1.852287 1.339604 1.432704
2.451218 2.865359 1.852475 0.235341 -0.278457 -0.274088 -0.230082 0.043280 -0.252218 -0.278326
0.347646 0.283551 0.953840 0.714399 2.067401 3.554425 3.025553 2.424191 1.787076 2.258348
3.076053 2.757719 1.603684 0.117803 -0.278393 -0.277973 -0.191967 -0.008541 -0.248129 -0.278049
0.146951 -0.168822 0.351621 1.462082 3.195275 3.967001 3.519155 3.030686 2.588925 2.933600
3.394681 2.802244 1.674131 0.217055 -0.265312 -0.233197 -0.115528 -0.086997 -0.244299 -0.278365
0.015391 -0.250971 -0.222113 1.051767 3.493521 4.108365 3.768954 3.530467 3.148375 3.331001
3.609008 3.014497 2.176704 0.911339 0.163694 0.529189 0.067054 -0.213399 -0.256202 -0.277823
0.081633 -0.256482 -0.235607 0.608938 2.830654 3.915040 3.633353 3.488277 3.098208 3.129843
3.454419 3.211755 2.904283 2.091525 1.704668 1.933656 0.920571 -0.220478 -0.266790 -0.266962
0.252321 -0.262668 -0.113205 0.508186 2.155100 3.512500 3.302521 3.154607 2.708765 2.505190
2.920415 3.048915 2.966200 2.534978 2.535512 2.194541 0.844726 -0.202606 -0.273925 -0.271040
0.380275 0.075008 1.227492 0.944794 1.606483 2.978550 2.911580 2.593736 2.134903 1.905477
2.228153 2.517814 2.616419 2.576023 2.654069 1.983833 0.632733 -0.218948 -0.273960 -0.278461
0.496450 0.297011 1.884633 1.797825 2.408126 2.713353 2.584574 2.248365 1.725827 1.618222
1.923765 1.992832 2.135938 2.488376 2.621506 1.790654 0.291557 -0.269562 -0.269939 -0.277258
0.961823 0.926682 2.260951 2.469974 2.434452 2.455932 2.403911 2.187520 2.079473 2.108552
1.990313 1.852881 1.957991 2.645818 2.831778 1.680561 -0.003983 -0.277789 -0.271093 -0.278271
1.445208 1.067285 2.520333 2.945466 2.640576 2.305279 2.332778 2.516873 2.815768 2.771136
2.270430 1.958245 2.284639 3.016972 3.101729 1.820541 -0.025046 -0.276595 -0.275642 -0.258226
1.602384 1.213994 2.182887 2.651324 2.432717 2.068156 1.996473 2.200379 2.519823 2.485595
2.099568 1.946264 2.233247 2.747944 2.761676 1.954395 0.547151 -0.189335 -0.195816 -0.166669
1.786790 1.389822 1.260017 1.060282 0.811034 0.816753 0.948198 1.016573 1.016674 1.051430
1.110267 1.104995 1.044714 0.966803 1.120220 1.493018 1.590684 1.641354 2.003542 2.247929
1.325565 0.855273 1.098550 0.926499 0.623987 0.652337 0.900800 1.107388 1.034102 0.769132
0.412939 0.170688 0.105468 0.098790 0.309012 0.878402 1.224457 1.307221 1.719109 1.853289
2.021897 1.994720 2.255042 2.071055 1.700882 1.460954 1.457495 1.544045 1.379035 0.973235
0.597127 0.508024 0.664188 0.637325 0.723995 1.316822 1.860325 2.131603 2.404901 2.174160
2.568485 2.892516 3.006231 2.835960 2.424028 1.926283 1.523595 1.343732 1.182566 1.129597
1.136897 1.312073 1.658265 1.738672 1.817515 2.100371 2.301739 2.510865 2.695897 2.229063
2.405391 2.464881 2.521216 2.409037 2.126648 1.818930 1.498872 1.285802 1.077317 1.302165
1.663811 1.889668 2.391556 2.638538 2.669968 2.890347 2.728196 2.777909 2.652326 2.121092
1.790941 1.446524 1.265682 1.163654 1.267549 1.486494 0.984551 0.466916 0.557521 1.341955
1.869123 2.120867 2.611043 3.078277 3.139927 3.293444 3.118615 3.026208 2.736521 2.128041
1.516131 0.949961 0.505679 0.234371 0.418772 1.414599 1.562536 1.114676 1.151532 1.863714
2.259129 2.266047 2.447130 2.771415 2.899489 3.023623 2.796019 2.802844 2.553042 1.983630
1.582957 1.141643 0.486425 0.115937 0.304881 1.823045 3.245538 3.878459 3.268920 2.682570
2.221722 2.087707 1.927775 1.934619 1.884776 1.973576 1.880324 2.183091 2.125846 1.709441
1.748481 1.814796 1.901555 1.684524 1.561816 2.139025 2.451055 2.738714 2.310853 1.833534
1.436211 1.312386 1.077745 0.878509 0.692451 0.701270 0.801656 1.479957 1.754517 1.518172
2.418714 2.956782 3.476664 3.545697 3.009740 2.489505 1.889155 1.455916 1.293961 1.170577
0.891009 0.532341 0.177320 -0.037430 -0.135885 -0.042601 0.302949 1.299317 1.723956 1.482564
2.077611 2.486199 3.141274 3.389904 3.151241 2.903277 2.285689 1.807763 1.611228 1.357774
1.018357 0.447243 0.001761 -0.197393 -0.243851 -0.145034 0.333448 1.311250 1.518591 1.358521
1.437066 1.318092 2.173724 2.506887 2.744504 2.836640 2.523083 2.417873 2.428473 2.311833
2.167740 1.922697 1.639873 1.334640 1.281631 1.500496 1.414882 1.667776 1.355456 1.164673
1.050168 0.621529 1.248423 1.422651 1.573516 1.846107 1.984189 2.190179 2.474736 2.714904
2.942396 3.168421 3.324373 3.278903 3.067996 2.720097 2.084652 1.885286 1.527125 1.258267
1.409679 0.975085 1.252079 1.000571 0.991243 1.288407 1.305348 1.361308 1.416557 1.569994
1.823947 2.051173 2.236202 2.296943 2.228656 2.073956 1.871698 1.915827 1.888468 1.699012
2.077764 1.914815 1.909462 1.326992 1.144435 1.275328 1.132077 0.992341 0.831332 0.855049
1.047090 1.216717 1.363176 1.552337 1.682618 1.685377 1.718542 1.674376 1.719469 1.766620
2.121554 2.194170 2.657023 2.482675 2.156955 1.764993 1.220678 0.884562 0.653210 0.724330
0.859561 0.899467 0.898530 1.082873 1.198231 1.183306 1.178987 1.049567 1.147976 1.495661
1.383856 0.896772 1.237748 1.205571 1.152400 1.061202 1.169366 1.555854 1.678386 1.581089
1.300090 0.971198 0.719220 0.577239 0.451797 0.279197 0.193563 0.136229 0.267241 0.732031
0.596894 0.082512 0.241716 0.167600 0.164728 0.162369 0.275597 0.535627 0.648637 0.567438
0.417295 0.308582 0.227007 0.181997 0.139911 0.028624 -0.066786 -0.120733 -0.001297 0.481698
0.971522 0.456406 0.660969 0.543767 0.445437 0.357172 0.345184 0.376096 0.411941 0.429935
0.439830 0.454441 0.542559 0.575493 0.622397 0.575300 0.452641 0.341674 0.494774 0.833621
2.714183 2.772004 2.881454 2.846157 2.925216 2.930760 2.888327 2.866424 2.851441 2.893542
2.904281 2.802338 2.753897 2.774043 2.862310 2.956556 2.909694 2.707663 2.700035 2.316386

