0.907997 0.840543 0.812132 0.820075 0.830022 0.819909 0.815224 0.824590 0.831624 0.831437
0.819101 0.807808 0.804582 0.822626 0.846252 0.849218 0.833303 0.849348 0.878224 0.898945
0.924330 0.850600 0.821560 0.834519 0.849802 0.821698 0.791901 0.796598 0.805221 0.791565
0.762709 0.756058 0.772782 0.795816 0.809048 0.807852 0.791963 0.813907 0.852854 0.874966
0.932549 0.862605 0.809231 0.822119 0.850258 0.830988 0.790293 0.781560 0.791625 0.806257
0.825826 0.848232 0.869515 0.889151 0.887242 0.843180 0.771417 0.777533 0.832771 0.860170
0.898572 0.769178 0.678370 0.687993 0.755415 0.787615 0.762129 0.732134 0.744110 0.816709
0.881705 0.896978 0.887704 0.898250 0.898838 0.841395 0.718926 0.712379 0.779300 0.837930
0.851552 0.678675 0.564395 0.553222 0.642272 0.717603 0.743649 0.731990 0.724214 0.796333
0.869895 0.887875 0.855726 0.828275 0.823613 0.769436 0.664631 0.656785 0.747887 0.833805
0.851735 0.689886 0.585922 0.570657 0.633773 0.718761 0.844666 0.882856 0.850613 0.820549
0.845628 0.853196 0.780493 0.690863 0.658123 0.613311 0.553506 0.580251 0.713520 0.829306
0.871342 0.732520 0.706572 0.738090 0.764786 0.838665 0.966077 0.986638 0.967231 0.904656
0.855220 0.806675 0.717364 0.632871 0.609491 0.561684 0.513410 0.544481 0.696384 0.825396
0.904273 0.831187 0.882097 0.918037 0.907947 0.906096 0.980811 0.995778 0.988605 0.942764
0.840836 0.739441 0.682919 0.637649 0.649485 0.637935 0.578072 0.575180 0.713339 0.840504
0.908429 0.874921 0.952699 0.976240 0.964404 0.915446 0.946084 0.978299 0.964204 0.900677
0.793287 0.722251 0.666209 0.627000 0.655977 0.697020 0.641673 0.589896 0.723044 0.857598
0.865369 0.758315 0.866277 0.922625 0.913439 0.867897 0.905760 0.933134 0.919661 0.878275
0.838184 0.817277 0.791401 0.773732 0.789527 0.810683 0.750375 0.644399 0.750410 0.870383
0.835003 0.629007 0.619385 0.680809 0.704246 0.761981 0.883463 0.927920 0.927150 0.914442
0.910296 0.921309 0.933401 0.938260 0.942803 0.942230 0.887721 0.760314 0.803759 0.884599
0.897921 0.728920 0.612202 0.606872 0.587461 0.655472 0.782882 0.862528 0.888384 0.898090
0.929649 0.966196 0.981837 0.985651 0.986009 0.979494 0.927445 0.824616 0.872256 0.917189
0.956572 0.875206 0.734379 0.667152 0.641219 0.644530 0.673385 0.723453 0.766178 0.799074
0.842438 0.905645 0.939014 0.949259 0.950837 0.937243 0.854932 0.840326 0.927507 0.948570
0.975458 0.951782 0.874852 0.809313 0.776084 0.756652 0.744908 0.735155 0.722740 0.714429
0.710335 0.731236 0.741177 0.758961 0.800197 0.821407 0.805200 0.849817 0.939493 0.960839
0.980038 0.973672 0.949990 0.933767 0.898942 0.847232 0.815525 0.799981 0.779818 0.767881
0.763231 0.764572 0.745065 0.736198 0.758277 0.781680 0.791106 0.818465 0.917227 0.960617
0.973334 0.968343 0.965009 0.970319 0.957533 0.910573 0.892635 0.907981 0.914299 0.910314
0.894590 0.866958 0.834616 0.805746 0.795298 0.796781 0.787075 0.808905 0.912194 0.959737
0.954766 0.922247 0.905507 0.921085 0.919748 0.900415 0.922820 0.955040 0.966746 0.961810
0.943492 0.917231 0.896561 0.874434 0.861198 0.851923 0.836991 0.855089 0.931927 0.960540
0.951284 0.928036 0.919749 0.926210 0.924452 0.921494 0.930691 0.948636 0.953031 0.950251
0.941228 0.937392 0.941651 0.939738 0.939227 0.943732 0.942673 0.945078 0.967961 0.971356
0.984440 0.985214 0.985744 0.987055 0.987099 0.987010 0.987068 0.987231 0.987219 0.987751
0.987700 0.987513 0.988518 0.987723 0.987793 0.989298 0.989948 0.990061 0.992397 0.985905
0.983552 0.986356 0.986415 0.987055 0.987601 0.988259 0.988876 0.989145 0.989036 0.989073
0.988892 0.988698 0.988794 0.988023 0.987425 0.987994 0.988261 0.988738 0.990993 0.983693
0.104366 0.076664 0.146410 0.196675 0.191677 0.189643 0.168297 0.161384 0.183645 0.208497
0.212263 0.252162 0.238986 0.233050 0.246362 0.271367 0.237902 0.186406 0.140057 0.221453
0.121967 0.052262 0.121751 0.120845 0.132836 0.139049 0.140103 0.149691 0.183443 0.197707
0.217051 0.247078 0.242885 0.203128 0.182317 0.216692 0.190776 0.129380 0.089263 0.237049
0.544716 0.328447 0.439926 0.350347 0.350373 0.352120 0.338159 0.358818 0.387503 0.403951
0.423999 0.418928 0.402631 0.354919 0.325997 0.356475 0.366920 0.311167 0.347752 0.566744
0.758834 0.661554 0.757092 0.653917 0.636242 0.602008 0.528998 0.386308 0.489536 0.570056
0.611381 0.594527 0.532352 0.444890 0.407783 0.513584 0.599895 0.592513 0.721913 0.767786
0.768514 0.745832 0.798146 0.672766 0.786062 0.677847 0.259494 0.178881 0.238287 0.533508
0.787191 0.814460 0.795192 0.723993 0.701549 0.773207 0.822215 0.836724 0.897376 0.868509
0.728313 0.708225 0.583426 0.355366 0.651370 0.571935 0.117738 0.053624 0.075203 0.379600
0.824726 0.909063 0.921607 0.891908 0.868316 0.899432 0.920241 0.921187 0.940320 0.899028
0.674266 0.634638 0.421977 0.360851 0.743861 0.707124 0.269234 0.122548 0.161890 0.531345
0.854839 0.943094 0.955436 0.931333 0.908358 0.929719 0.950058 0.953671 0.958318 0.904347
0.622124 0.604979 0.546773 0.616199 0.838463 0.838949 0.553446 0.246456 0.426928 0.759592
0.899193 0.950182 0.959706 0.931594 0.901160 0.917330 0.952310 0.967716 0.964317 0.904519
0.700745 0.766130 0.857348 0.857556 0.922685 0.898725 0.749413 0.596484 0.693855 0.821289
0.882099 0.920356 0.936142 0.910842 0.873256 0.886560 0.935248 0.954164 0.954757 0.901736
0.623725 0.851861 0.946408 0.959312 0.969687 0.946297 0.890319 0.820884 0.823001 0.755522
0.810736 0.895511 0.929137 0.918500 0.900673 0.895646 0.950189 0.962298 0.959190 0.900694
0.239333 0.604322 0.945379 0.972422 0.980677 0.973013 0.955295 0.921943 0.897184 0.868257
0.871150 0.905774 0.919632 0.917673 0.900755 0.916681 0.960750 0.967437 0.954771 0.862707
0.057287 0.169457 0.922940 0.985445 0.989833 0.986183 0.976242 0.952128 0.944857 0.940795
0.943794 0.951825 0.955777 0.950152 0.940756 0.953091 0.973470 0.967909 0.941126 0.804621
0.088154 0.104731 0.672394 0.967647 0.985607 0.981436 0.962764 0.941875 0.958582 0.968505
0.971622 0.973473 0.974416 0.970444 0.968657 0.975548 0.981686 0.967158 0.935974 0.752891
0.380141 0.185470 0.502300 0.722411 0.901771 0.928100 0.912003 0.891801 0.923981 0.942870
0.952383 0.955014 0.959425 0.962333 0.967284 0.974100 0.977633 0.970049 0.936434 0.703846
0.660443 0.422696 0.516316 0.400405 0.464731 0.685459 0.712183 0.502447 0.386794 0.378796
0.510743 0.749175 0.913904 0.962619 0.970702 0.968064 0.968437 0.960166 0.917557 0.712435
0.744689 0.670307 0.713019 0.531721 0.427769 0.428183 0.319376 0.149734 0.069611 0.094594
0.141003 0.248981 0.402895 0.648285 0.681078 0.762591 0.864924 0.899570 0.872690 0.790914
0.709216 0.712735 0.806780 0.700227 0.485249 0.332124 0.209724 0.084440 0.070299 0.127988
0.167310 0.143478 0.120298 0.200652 0.338576 0.491967 0.664274 0.797717 0.799119 0.816058
0.328431 0.186290 0.377376 0.322813 0.169312 0.104054 0.079220 0.052807 0.045716 0.051265
0.042094 0.040878 0.030040 0.049664 0.097290 0.193136 0.405465 0.530589 0.535872 0.734302
0.205243 0.082252 0.241486 0.295641 0.165729 0.081774 0.072216 0.062905 0.048973 0.045421
0.041291 0.036883 0.035655 0.056794 0.112236 0.175893 0.260286 0.251382 0.328300 0.585493
0.571714 0.502130 0.617150 0.621293 0.506656 0.369579 0.308622 0.295210 0.289968 0.288738
0.251398 0.202717 0.202313 0.275140 0.404858 0.534801 0.586817 0.547498 0.608413 0.731958
0.493089 0.346649 0.422088 0.453830 0.465433 0.470072 0.464353 0.476901 0.512523 0.536782
0.553607 0.572339 0.572456 0.559908 0.566398 0.575643 0.557062 0.506291 0.432063 0.632595
0.899476 0.892390 0.918360 0.908669 0.905268 0.908547 0.910366 0.914909 0.915333 0.909176
0.905343 0.900410 0.892065 0.879891 0.887756 0.904942 0.906336 0.900785 0.902750 0.925741
0.972042 0.976188 0.982875 0.981892 0.981340 0.980966 0.979376 0.979498 0.978500 0.975338
0.973992 0.974990 0.973714 0.969225 0.970999 0.975773 0.974337 0.971694 0.979221 0.976203
0.977908 0.983297 0.988563 0.988700 0.989187 0.985835 0.975693 0.964309 0.968146 0.977408
0.983634 0.987126 0.988950 0.988612 0.988649 0.988912 0.985990 0.983885 0.988043 0.983303
0.976525 0.980167 0.983678 0.980977 0.983950 0.973086 0.924008 0.876452 0.895946 0.954848
0.978492 0.985497 0.990044 0.991088 0.990632 0.990394 0.987524 0.985312 0.988209 0.983702
0.973780 0.972804 0.965153 0.956480 0.968205 0.946885 0.810279 0.693134 0.764079 0.914567
0.968262 0.982277 0.987877 0.988819 0.989421 0.990103 0.988503 0.987299 0.989511 0.985071
0.967575 0.960514 0.948142 0.953988 0.969777 0.940981 0.674948 0.370933 0.621101 0.907954
0.969715 0.982973 0.986991 0.987507 0.989599 0.990775 0.990011 0.988996 0.990149 0.984669
0.966878 0.964906 0.966459 0.976807 0.981614 0.965558 0.885749 0.771401 0.857762 0.947234
0.974693 0.984659 0.988043 0.988751 0.991293 0.991828 0.990806 0.988697 0.989415 0.983747
0.975306 0.978988 0.983375 0.987868 0.989412 0.982214 0.973652 0.969284 0.967490 0.971238
0.977515 0.983024 0.985996 0.986961 0.989789 0.990689 0.989328 0.986589 0.987823 0.982807
0.970336 0.981072 0.987439 0.990463 0.992282 0.988700 0.986007 0.984089 0.978759 0.972919
0.975539 0.981212 0.984317 0.984528 0.985823 0.986440 0.986649 0.984983 0.986855 0.982543
0.923781 0.961277 0.987767 0.991832 0.993220 0.990814 0.987424 0.983658 0.981438 0.980420
0.981204 0.984090 0.985791 0.985040 0.984768 0.985736 0.987010 0.985471 0.986213 0.980671
0.748229 0.859438 0.974450 0.990201 0.993177 0.991941 0.988646 0.985671 0.986699 0.987380
0.986673 0.986646 0.986938 0.984887 0.984167 0.986701 0.988407 0.986426 0.985325 0.978611
0.888531 0.884281 0.953584 0.982058 0.989811 0.990812 0.989031 0.987655 0.988379 0.988984
0.989006 0.988859 0.989331 0.988437 0.987912 0.989367 0.989135 0.986564 0.984395 0.977333
0.944196 0.907155 0.925052 0.951484 0.976354 0.984366 0.984710 0.982366 0.979948 0.979406
0.981528 0.985113 0.987588 0.987907 0.987650 0.988474 0.987983 0.986334 0.982481 0.972990
0.950904 0.929641 0.922539 0.914576 0.938769 0.962742 0.956462 0.929118 0.898897 0.894213
0.912699 0.944763 0.966961 0.974777 0.975156 0.975522 0.978419 0.977837 0.969916 0.956064
0.957752 0.957585 0.961364 0.945827 0.931454 0.933055 0.901289 0.846208 0.799179 0.813509
0.850971 0.888340 0.923448 0.946865 0.956886 0.961096 0.964750 0.964986 0.960825 0.960196
0.960860 0.961189 0.969505 0.963378 0.949718 0.935387 0.892645 0.812474 0.826264 0.874505
0.891189 0.878516 0.881292 0.925706 0.957803 0.965285 0.965546 0.963364 0.966433 0.970734
0.928718 0.919813 0.939979 0.939454 0.925482 0.904547 0.872670 0.840880 0.834938 0.842380
0.833525 0.812043 0.787049 0.836463 0.899596 0.930321 0.942762 0.943671 0.953192 0.967124
0.890611 0.858570 0.890188 0.875603 0.821813 0.745506 0.716009 0.724591 0.724757 0.706526
0.658504 0.595470 0.569219 0.645310 0.784437 0.863345 0.896726 0.907716 0.928470 0.954907
0.938812 0.938783 0.948307 0.937191 0.916976 0.895762 0.887745 0.889785 0.890570 0.889810
0.887247 0.881430 0.876979 0.886686 0.908810 0.924663 0.933151 0.940803 0.959360 0.965365
0.942806 0.798219 0.237708 0.135635 0.173378 0.172122 0.214161 0.223977 0.159451 0.162264
0.240817 0.224967 0.313804 0.495975 0.460998 0.392586 0.627187 0.799381 0.860421 0.268262
0.930374 0.684186 0.082211 0.031589 0.033446 0.027725 0.042466 0.049994 0.036205 0.039398
0.048795 0.036080 0.052081 0.141429 0.176675 0.143157 0.371999 0.838740 0.870267 0.109235
0.939031 0.832328 0.178621 0.101801 0.085588 0.063516 0.116983 0.124118 0.087622 0.108042
0.077717 0.050056 0.098062 0.310648 0.310662 0.188001 0.318144 0.952052 0.929546 0.177250
0.948444 0.857591 0.311291 0.277678 0.181939 0.162845 0.331240 0.279884 0.188371 0.199360
0.125161 0.097976 0.253867 0.656855 0.643939 0.388169 0.376517 0.968317 0.943088 0.230560
0.943207 0.811714 0.467206 0.590444 0.200775 0.406010 0.752845 0.650998 0.458416 0.308096
0.227861 0.235822 0.370799 0.806840 0.806424 0.647460 0.563833 0.953829 0.937499 0.185366
0.926955 0.748730 0.732333 0.803737 0.158290 0.693073 0.903202 0.865786 0.549721 0.321461
0.243638 0.196307 0.350333 0.842843 0.806204 0.621239 0.440209 0.945296 0.935558 0.170822
0.907663 0.775115 0.902607 0.839787 0.102673 0.762619 0.963595 0.942287 0.561050 0.335723
0.268818 0.210263 0.471305 0.905223 0.791000 0.600018 0.330101 0.944127 0.941709 0.181873
0.891302 0.833555 0.924914 0.890982 0.103402 0.702476 0.964902 0.933686 0.524531 0.381449
0.297694 0.216052 0.332934 0.908567 0.796242 0.596103 0.206163 0.938806 0.935074 0.175109
0.907352 0.872777 0.918467 0.927735 0.167292 0.546929 0.872054 0.859607 0.596953 0.382718
0.251288 0.214679 0.313429 0.852448 0.818963 0.619505 0.180676 0.923664 0.932586 0.155638
0.930555 0.877438 0.831925 0.872903 0.187658 0.275803 0.721777 0.708944 0.586817 0.296306
0.185822 0.223438 0.333228 0.704581 0.783918 0.600996 0.174947 0.904532 0.932728 0.154887
0.934684 0.851044 0.549837 0.312336 0.103076 0.128764 0.691770 0.675884 0.487901 0.272981
0.172579 0.377913 0.351184 0.644133 0.807794 0.690641 0.210292 0.906434 0.934860 0.141276
0.928711 0.806106 0.322032 0.170629 0.084565 0.083809 0.571483 0.669294 0.501174 0.186675
0.205769 0.464282 0.454310 0.664756 0.851235 0.767064 0.455860 0.925634 0.937276 0.110157
0.923592 0.793899 0.235061 0.153962 0.086382 0.066923 0.270604 0.553581 0.453248 0.189645
0.186244 0.402501 0.577816 0.675340 0.839494 0.757815 0.590122 0.944313 0.947379 0.124161
0.942029 0.868644 0.243785 0.169452 0.103865 0.092529 0.148541 0.249191 0.256591 0.207361
0.154356 0.211702 0.317109 0.288765 0.498885 0.545404 0.595871 0.948592 0.961687 0.215433
0.957399 0.901111 0.288901 0.224877 0.155409 0.146955 0.166133 0.284943 0.398102 0.276158
0.183940 0.171312 0.189956 0.166517 0.299981 0.406652 0.679420 0.940515 0.973204 0.363974
0.959002 0.906011 0.370765 0.354359 0.330571 0.288170 0.348544 0.553041 0.563855 0.364414
0.219868 0.184285 0.190339 0.192584 0.239291 0.293558 0.769226 0.922811 0.978738 0.454860
0.956310 0.893557 0.380012 0.313918 0.384209 0.395125 0.597716 0.641627 0.653118 0.506509
0.350152 0.302138 0.265144 0.227226 0.197363 0.248385 0.756350 0.922723 0.982410 0.453398
0.951322 0.897892 0.322395 0.145377 0.178561 0.257673 0.459312 0.492133 0.498020 0.482590
0.372695 0.402313 0.406231 0.250825 0.195081 0.223985 0.768036 0.934078 0.982357 0.522381
0.945323 0.878789 0.252065 0.090232 0.094518 0.176893 0.296789 0.315094 0.317246 0.281177
0.228339 0.270299 0.275755 0.170250 0.139356 0.197130 0.758838 0.937201 0.968817 0.375321
0.925080 0.883700 0.531513 0.309739 0.283925 0.457835 0.557799 0.518935 0.530153 0.452949
0.424794 0.485793 0.454397 0.358081 0.275851 0.429899 0.841317 0.930961 0.948026 0.524787
0.960420 0.788753 0.684357 0.780654 0.836096 0.861955 0.870367 0.866100 0.867894 0.883985
0.896644 0.900737 0.900952 0.878476 0.849827 0.853472 0.869763 0.858066 0.792306 0.852924
0.983976 0.833001 0.669204 0.784669 0.857912 0.894833 0.908850 0.904220 0.902196 0.916171
0.924984 0.926206 0.928551 0.905405 0.869215 0.881215 0.909468 0.909482 0.831990 0.899957
0.973541 0.737967 0.543008 0.701698 0.798766 0.866726 0.889094 0.879188 0.885173 0.904100
0.904192 0.913393 0.927935 0.906078 0.853032 0.853360 0.908065 0.911453 0.770058 0.899035
0.973930 0.759134 0.624461 0.757417 0.814435 0.896374 0.906610 0.861271 0.869964 0.883117
0.877107 0.902891 0.924461 0.901437 0.831526 0.831081 0.927728 0.932710 0.770811 0.905702
0.974826 0.783809 0.724972 0.765543 0.768363 0.904619 0.925417 0.872160 0.852353 0.842286
0.855170 0.908619 0.928927 0.903825 0.819233 0.806016 0.930420 0.932546 0.768295 0.907808
0.976391 0.835666 0.856334 0.764327 0.708113 0.919199 0.956728 0.907675 0.803236 0.784334
0.836785 0.913845 0.936710 0.906414 0.774068 0.762936 0.923645 0.931876 0.774360 0.907088
0.977198 0.883700 0.931451 0.753416 0.659316 0.928308 0.968962 0.909550 0.693047 0.709243
0.814556 0.907006 0.948495 0.923845 0.722417 0.713057 0.908128 0.935366 0.795915 0.910747
0.978176 0.915738 0.957485 0.758783 0.634453 0.924831 0.977811 0.960932 0.789117 0.720062
0.813841 0.909118 0.955270 0.937994 0.717007 0.680983 0.891959 0.937080 0.805638 0.916095
0.977153 0.909268 0.947867 0.756005 0.641947 0.912721 0.963172 0.953119 0.824330 0.757161
0.847228 0.913538 0.952238 0.938005 0.753001 0.682297 0.878376 0.934517 0.803057 0.915463
0.974329 0.883464 0.899161 0.772854 0.717736 0.912377 0.951014 0.928229 0.852175 0.811359
0.870907 0.923309 0.944764 0.929740 0.790941 0.702034 0.877356 0.931738 0.791459 0.904651
0.969975 0.821639 0.749185 0.760334 0.785610 0.913783 0.952882 0.923283 0.853644 0.835197
0.881540 0.923203 0.915961 0.902173 0.795816 0.707835 0.876403 0.929570 0.775330 0.887799
0.968935 0.753822 0.526851 0.660321 0.794386 0.913229 0.958236 0.941484 0.884236 0.856527
0.887217 0.919592 0.892414 0.873014 0.802873 0.731859 0.875420 0.919401 0.749469 0.869317
0.978552 0.759397 0.451279 0.613432 0.793436 0.916435 0.962236 0.957394 0.923862 0.896446
0.904400 0.925371 0.900679 0.876823 0.858612 0.830595 0.900279 0.908596 0.740732 0.860125
0.972998 0.715796 0.436053 0.592309 0.793846 0.923018 0.960870 0.961911 0.944373 0.921342
0.913209 0.929320 0.919957 0.912128 0.914077 0.899243 0.911900 0.901362 0.763199 0.880525
0.973332 0.752643 0.511968 0.636848 0.808962 0.917016 0.945603 0.947393 0.933238 0.908650
0.901875 0.918158 0.922762 0.929675 0.932379 0.922040 0.924098 0.899785 0.798257 0.908391
0.973979 0.782051 0.557858 0.699213 0.838398 0.908477 0.935415 0.944106 0.919389 0.892687
0.891528 0.909576 0.924387 0.936673 0.943802 0.942987 0.940847 0.907842 0.843709 0.933357
0.976252 0.811835 0.597421 0.732661 0.847520 0.893149 0.916820 0.902874 0.867799 0.864182
0.885149 0.904986 0.918362 0.929780 0.943927 0.950010 0.946989 0.907620 0.849640 0.932708
0.977449 0.837072 0.622945 0.738879 0.844733 0.893523 0.910043 0.903967 0.881273 0.882021
0.886374 0.899170 0.914148 0.924320 0.941012 0.951849 0.945771 0.894514 0.818850 0.917808
0.978896 0.842466 0.602503 0.685315 0.775772 0.845647 0.868973 0.860569 0.858762 0.855902
0.845977 0.851928 0.874766 0.890359 0.920085 0.939465 0.929427 0.860140 0.770700 0.904810
0.976745 0.896418 0.784562 0.827460 0.868999 0.904159 0.910968 0.900683 0.897643 0.890650
0.886208 0.895170 0.916209 0.924450 0.929751 0.940832 0.929849 0.878345 0.834430 0.916928
0.607089 0.534917 0.828192 0.908185 0.929480 0.932284 0.929099 0.925568 0.935156 0.944449
0.944763 0.943514 0.939679 0.925413 0.918527 0.924329 0.916375 0.873521 0.830807 0.862649
0.445936 0.346138 0.785362 0.908829 0.943630 0.951532 0.948160 0.942567 0.949421 0.957175
0.958957 0.961705 0.960917 0.948927 0.941228 0.943446 0.934533 0.871909 0.785607 0.835246
0.429368 0.316113 0.762850 0.891239 0.936177 0.949288 0.943474 0.937815 0.947496 0.952105
0.955234 0.962139 0.961709 0.943043 0.932636 0.940914 0.940708 0.861168 0.738062 0.806160
0.425024 0.319224 0.753185 0.866729 0.918641 0.935777 0.911516 0.899230 0.926088 0.930426
0.937743 0.946343 0.938395 0.905603 0.889371 0.916441 0.920372 0.807260 0.675930 0.771008
0.429451 0.344757 0.740304 0.814335 0.892957 0.917267 0.832515 0.780827 0.857522 0.899076
0.920773 0.927694 0.915205 0.878982 0.862831 0.895456 0.886352 0.753570 0.653073 0.763279
0.438485 0.381676 0.687582 0.690297 0.859258 0.897385 0.691788 0.530453 0.749451 0.876602
0.916915 0.928450 0.918868 0.863206 0.835018 0.892026 0.887391 0.758952 0.648091 0.758585
0.452286 0.407854 0.576843 0.533080 0.830337 0.887401 0.570097 0.322221 0.648481 0.865028
0.914702 0.932596 0.924186 0.840939 0.798437 0.887563 0.904542 0.802071 0.654409 0.749372
0.466830 0.412660 0.499087 0.444657 0.812002 0.894441 0.619194 0.362803 0.652259 0.857648
0.918607 0.941992 0.941826 0.863036 0.809126 0.893606 0.925340 0.850429 0.674216 0.749908
0.461842 0.400611 0.501146 0.485307 0.812936 0.907883 0.785457 0.636044 0.771948 0.888266
0.939678 0.955279 0.952792 0.897656 0.855551 0.909329 0.938274 0.880907 0.703406 0.767251
0.469841 0.396772 0.600746 0.662932 0.858840 0.925978 0.887273 0.818090 0.853233 0.915417
0.952394 0.960588 0.952497 0.915517 0.888453 0.922006 0.945464 0.894417 0.722664 0.785441
0.472552 0.391713 0.703155 0.835371 0.916670 0.944008 0.926862 0.864306 0.870087 0.916279
0.951577 0.954514 0.943788 0.920544 0.901252 0.923050 0.946352 0.891236 0.727142 0.805716
0.473746 0.387864 0.749621 0.881813 0.938885 0.954751 0.946136 0.895123 0.876971 0.920625
0.951303 0.950445 0.937178 0.925146 0.913395 0.919495 0.935754 0.865884 0.736504 0.838261
0.453632 0.374871 0.773861 0.901281 0.950991 0.964651 0.962430 0.935402 0.916531 0.937175
0.957754 0.956909 0.939340 0.929687 0.925909 0.922131 0.929093 0.862187 0.767196 0.859568
0.454635 0.358910 0.778320 0.906053 0.957379 0.970217 0.971061 0.963794 0.952825 0.953954
0.962095 0.965330 0.958045 0.955934 0.953619 0.941260 0.934973 0.876202 0.784263 0.848668
0.461173 0.358222 0.777365 0.905413 0.955485 0.967107 0.967797 0.963246 0.951211 0.949529
0.958144 0.966054 0.966827 0.967518 0.964919 0.953113 0.940387 0.884808 0.788903 0.814284
0.479234 0.363811 0.769292 0.893986 0.937056 0.948684 0.948916 0.937039 0.919448 0.932618
0.953424 0.964556 0.968479 0.971137 0.970468 0.965040 0.949484 0.884034 0.776159 0.778619
0.484087 0.372519 0.764445 0.890223 0.928495 0.937961 0.932489 0.917709 0.908837 0.928729
0.952542 0.962833 0.966650 0.971438 0.974469 0.974543 0.960453 0.893194 0.786001 0.787024
0.494019 0.374434 0.761089 0.902244 0.946742 0.955680 0.950374 0.940715 0.938463 0.948251
0.961255 0.966436 0.967674 0.973653 0.978598 0.980207 0.968475 0.908159 0.827734 0.833076
0.518269 0.389393 0.771152 0.915687 0.959422 0.969874 0.967114 0.961832 0.958626 0.961352
0.968344 0.972698 0.974012 0.977056 0.980002 0.981401 0.968150 0.912427 0.863366 0.887024
0.649969 0.578406 0.800002 0.898264 0.938236 0.946997 0.941451 0.936648 0.932593 0.934492
0.943860 0.948858 0.951155 0.954550 0.959331 0.959994 0.939822 0.888978 0.866386 0.883144
0.989482 0.678947 0.279451 0.166172 0.220041 0.249349 0.280628 0.280466 0.264133 0.253810
0.295720 0.311909 0.313365 0.356054 0.441908 0.404534 0.512119 0.657039 0.821939 0.899770
0.995350 0.525665 0.130172 0.074060 0.092854 0.100822 0.116289 0.102375 0.102291 0.113203
0.130669 0.118748 0.119280 0.125551 0.171432 0.185434 0.311599 0.511990 0.802323 0.884387
0.994839 0.559193 0.185290 0.122665 0.128481 0.154293 0.189856 0.147102 0.151351 0.157097
0.164541 0.135588 0.169352 0.188380 0.251507 0.253621 0.351607 0.512701 0.854630 0.919338
0.995026 0.587628 0.305599 0.267368 0.198484 0.252528 0.366975 0.263234 0.255293 0.232309
0.220592 0.190278 0.289449 0.336662 0.416669 0.431211 0.595283 0.680472 0.862021 0.942978
0.994338 0.529546 0.374716 0.500855 0.287846 0.345070 0.657623 0.562313 0.482663 0.362405
0.288850 0.279497 0.367572 0.373516 0.457513 0.537326 0.819354 0.787771 0.827548 0.949685
0.993419 0.467300 0.446056 0.720781 0.340227 0.404805 0.916002 0.868307 0.550371 0.383458
0.350822 0.315204 0.320512 0.370050 0.427846 0.509530 0.772990 0.747008 0.824887 0.951790
0.992809 0.469143 0.738320 0.779580 0.302444 0.417168 0.979984 0.974559 0.526836 0.364740
0.380021 0.344964 0.390574 0.504607 0.421238 0.465067 0.735559 0.731364 0.836873 0.956550
0.992663 0.514253 0.870238 0.723754 0.342627 0.380970 0.959665 0.967645 0.483127 0.373944
0.400346 0.357327 0.412441 0.443033 0.420075 0.462950 0.722599 0.661977 0.848098 0.960636
0.993080 0.542677 0.851839 0.714271 0.450418 0.348202 0.821922 0.793968 0.433649 0.359481
0.364461 0.344034 0.406271 0.351915 0.468290 0.516648 0.721764 0.564999 0.847215 0.959891
0.993402 0.543511 0.556882 0.568545 0.464834 0.306864 0.550730 0.462797 0.347332 0.284387
0.288825 0.300785 0.367708 0.332931 0.474233 0.510263 0.684094 0.511027 0.848883 0.953048
0.993091 0.482965 0.297805 0.234388 0.220028 0.205229 0.434379 0.442076 0.322578 0.247997
0.264550 0.284001 0.360850 0.285989 0.459910 0.510882 0.663756 0.531513 0.847840 0.941094
0.993729 0.438701 0.176882 0.161483 0.169053 0.183921 0.398888 0.492057 0.354575 0.227462
0.222856 0.327253 0.396072 0.335852 0.483684 0.598190 0.669460 0.615386 0.835463 0.917657
0.993488 0.465210 0.179929 0.163949 0.195892 0.203275 0.335365 0.445870 0.401397 0.266409
0.206802 0.286566 0.363100 0.369127 0.477121 0.557854 0.539338 0.629290 0.833845 0.903587
0.992940 0.545604 0.205059 0.201014 0.265847 0.260669 0.339077 0.377211 0.343037 0.278072
0.256006 0.285141 0.305040 0.312418 0.357067 0.369442 0.453180 0.616831 0.866919 0.932651
0.991767 0.546294 0.192549 0.244563 0.347682 0.321039 0.375705 0.379924 0.402342 0.381980
0.309473 0.307086 0.311056 0.307305 0.342327 0.370824 0.490129 0.651883 0.898054 0.969428
0.991455 0.496697 0.162576 0.246319 0.410668 0.378390 0.479498 0.483961 0.530078 0.443288
0.345174 0.334925 0.344474 0.325677 0.353756 0.374653 0.493090 0.747652 0.915616 0.980181
0.990733 0.481181 0.137138 0.223058 0.377034 0.443734 0.520767 0.620302 0.540554 0.498598
0.409111 0.427287 0.427068 0.374727 0.363497 0.360433 0.501954 0.714036 0.919303 0.979831
0.990065 0.516191 0.128547 0.153528 0.216175 0.327734 0.430250 0.512257 0.463450 0.456814
0.417252 0.457808 0.527210 0.446345 0.384242 0.390706 0.477938 0.708583 0.894984 0.978040
0.989547 0.544097 0.134787 0.137027 0.182762 0.290586 0.358565 0.379301 0.350634 0.321047
0.300606 0.349474 0.389418 0.355120 0.282003 0.344798 0.474753 0.651616 0.841544 0.940814
0.970863 0.701828 0.383743 0.364054 0.357148 0.435717 0.529316 0.546374 0.519638 0.496236
0.470040 0.507903 0.522996 0.485667 0.423650 0.467141 0.601097 0.739433 0.838238 0.900768
0.468716 0.241757 0.129153 0.149838 0.170304 0.162231 0.135500 0.111749 0.097816 0.125408
0.184937 0.213521 0.239546 0.251559 0.262113 0.240664 0.272875 0.373349 0.341118 0.179947
0.727055 0.343464 0.123961 0.105192 0.098150 0.126429 0.191182 0.286509 0.347958 0.318574
0.234959 0.178342 0.148716 0.189543 0.250161 0.283603 0.291301 0.557938 0.483024 0.316129
0.801795 0.555044 0.372580 0.395505 0.391577 0.362286 0.285346 0.284346 0.295121 0.222214
0.115044 0.062519 0.067996 0.088609 0.146103 0.199119 0.264033 0.612212 0.518422 0.209879
0.820216 0.458597 0.248353 0.233888 0.256020 0.248057 0.173557 0.176050 0.206220 0.256497
0.292801 0.321073 0.458091 0.586140 0.633715 0.398804 0.200721 0.526283 0.405528 0.112101
0.612773 0.213368 0.074066 0.070093 0.073883 0.169770 0.156119 0.140819 0.125228 0.212218
0.418978 0.341559 0.278439 0.392999 0.516032 0.206461 0.071668 0.227184 0.147604 0.055721
0.473273 0.165784 0.065563 0.061836 0.042573 0.162707 0.226694 0.238262 0.212169 0.161251
0.211717 0.193631 0.188127 0.190842 0.180191 0.084665 0.040467 0.173880 0.090778 0.042094
0.392503 0.103914 0.044139 0.061516 0.032531 0.154400 0.425101 0.308321 0.417502 0.330115
0.274385 0.216089 0.130310 0.124924 0.104476 0.038367 0.025090 0.114319 0.078900 0.040431
0.406740 0.115290 0.079693 0.048395 0.030439 0.385836 0.928121 0.991005 0.977528 0.784031
0.447831 0.117147 0.104203 0.135436 0.130093 0.036937 0.020422 0.092503 0.070949 0.037142
0.622494 0.523623 0.464680 0.309358 0.236499 0.566072 0.935324 0.998862 0.996824 0.889251
0.237697 0.074096 0.061788 0.081776 0.097507 0.046182 0.025672 0.083296 0.067725 0.037003
0.575462 0.422975 0.816580 0.824812 0.633328 0.473923 0.482373 0.794090 0.737933 0.286571
0.080394 0.044742 0.030466 0.026053 0.030760 0.022086 0.016607 0.042328 0.044814 0.039997
0.558332 0.312073 0.156824 0.151219 0.104374 0.104481 0.292794 0.330619 0.319789 0.181473
0.093104 0.047364 0.020196 0.014873 0.016541 0.014562 0.015115 0.049092 0.046572 0.045028
0.490282 0.194427 0.038125 0.029700 0.025650 0.057952 0.384147 0.633030 0.534507 0.314888
0.288913 0.251721 0.201827 0.179121 0.177229 0.172638 0.175885 0.120688 0.052954 0.045931
0.798160 0.380090 0.079737 0.036259 0.028177 0.049026 0.123548 0.259547 0.335307 0.336458
0.494013 0.799371 0.904680 0.915174 0.915538 0.843083 0.265726 0.172441 0.109595 0.088412
0.850055 0.616099 0.159238 0.056302 0.033725 0.047928 0.072467 0.100165 0.111584 0.125086
0.138230 0.225963 0.282898 0.307123 0.310449 0.254252 0.138857 0.311879 0.442789 0.234049
0.898833 0.842104 0.630721 0.195664 0.082278 0.111808 0.103244 0.105474 0.096872 0.096401
0.085204 0.095138 0.084485 0.073023 0.104059 0.124277 0.158262 0.346420 0.435173 0.351938
0.929783 0.921309 0.903610 0.792068 0.542875 0.353854 0.258253 0.280288 0.242785 0.185806
0.192595 0.163485 0.129902 0.095281 0.107754 0.130667 0.178476 0.258815 0.356871 0.476690
0.887234 0.885748 0.934126 0.943699 0.905949 0.700153 0.579839 0.666186 0.752377 0.780084
0.702443 0.516048 0.326237 0.246835 0.193370 0.151640 0.151036 0.266556 0.280230 0.433307
0.667391 0.226406 0.114017 0.101870 0.125715 0.186670 0.436442 0.909107 0.953580 0.910655
0.736450 0.550661 0.409323 0.229176 0.124752 0.073007 0.071393 0.141179 0.160968 0.260423
0.454162 0.207726 0.196414 0.158322 0.121011 0.128349 0.181415 0.283082 0.317468 0.268050
0.255413 0.281691 0.345248 0.341630 0.297870 0.284937 0.338614 0.387621 0.308058 0.333565
0.965337 0.974853 0.976087 0.969808 0.962331 0.968298 0.972963 0.972962 0.973768 0.976244
0.977916 0.977862 0.977913 0.975696 0.970053 0.972508 0.980444 0.981786 0.971909 0.912097
0.795724 0.612548 0.457809 0.417250 0.444201 0.473413 0.518810 0.546296 0.520025 0.514894
0.491974 0.461215 0.452868 0.496111 0.582748 0.583657 0.610183 0.692365 0.765766 0.681062
0.915124 0.858254 0.732158 0.703545 0.748936 0.738189 0.752646 0.795118 0.793060 0.729670
0.617626 0.522500 0.481126 0.514650 0.601784 0.692062 0.734099 0.812447 0.898365 0.774241
0.938042 0.904896 0.779348 0.751759 0.811933 0.735511 0.632570 0.616320 0.608013 0.596059
0.589401 0.616235 0.669660 0.721975 0.745791 0.759202 0.717130 0.794919 0.884632 0.695400
0.911661 0.768075 0.548233 0.515960 0.635437 0.578439 0.472523 0.452861 0.446441 0.555934
0.699222 0.757784 0.778631 0.854278 0.865940 0.808832 0.507889 0.616825 0.753907 0.540318
0.760756 0.442472 0.206493 0.200922 0.252114 0.356840 0.428974 0.474936 0.354320 0.387051
0.570106 0.637759 0.600114 0.682956 0.773496 0.685346 0.432974 0.430158 0.553914 0.414448
0.623839 0.266380 0.136796 0.167710 0.159498 0.276941 0.500491 0.697415 0.589622 0.409576
0.450077 0.550134 0.475660 0.442836 0.565282 0.432503 0.281808 0.323038 0.487404 0.394561
0.674323 0.299276 0.227473 0.335314 0.276534 0.355217 0.847962 0.979443 0.946954 0.742615
0.537038 0.462860 0.273493 0.226918 0.325865 0.239506 0.147049 0.166764 0.332908 0.330494
0.751942 0.492676 0.576923 0.678491 0.582078 0.556600 0.929405 0.997821 0.992536 0.897212
0.529464 0.281706 0.204969 0.186922 0.262097 0.192517 0.101986 0.121045 0.281649 0.305298
0.815542 0.688924 0.877179 0.938250 0.908389 0.688388 0.778180 0.971694 0.956404 0.787663
0.394452 0.196853 0.144479 0.136846 0.201115 0.232782 0.119703 0.098469 0.274728 0.339092
0.802867 0.595672 0.811217 0.915459 0.873982 0.630447 0.681777 0.767039 0.757351 0.618020
0.369243 0.238893 0.157016 0.125937 0.143764 0.242731 0.205508 0.135354 0.295795 0.374776
0.601151 0.231456 0.289230 0.374365 0.377179 0.391207 0.687488 0.774124 0.779463 0.736190
0.653739 0.563127 0.446860 0.374728 0.378377 0.548731 0.411091 0.176857 0.324911 0.358959
0.734697 0.241597 0.103246 0.109970 0.094283 0.159254 0.495675 0.731389 0.776491 0.752859
0.817495 0.873247 0.897907 0.901832 0.907188 0.926210 0.755039 0.377986 0.473169 0.414285
0.921868 0.665134 0.208955 0.089163 0.063169 0.101222 0.203314 0.368669 0.424737 0.442282
0.566087 0.776368 0.862561 0.878363 0.877282 0.882457 0.532539 0.446492 0.704349 0.653873
0.956418 0.893110 0.551371 0.232334 0.162307 0.159243 0.166894 0.166577 0.139588 0.138802
0.169036 0.248275 0.285929 0.331905 0.410492 0.443296 0.304374 0.476222 0.792518 0.782463
0.956977 0.949406 0.885254 0.756894 0.483144 0.335110 0.282460 0.266440 0.227463 0.213313
0.210693 0.205611 0.169446 0.159163 0.202699 0.232860 0.278766 0.420301 0.710306 0.811055
0.932022 0.925027 0.928252 0.935973 0.872746 0.659132 0.545240 0.626544 0.669731 0.697315
0.632426 0.479075 0.304973 0.229128 0.236796 0.247003 0.279307 0.380621 0.689409 0.812681
0.826310 0.632359 0.638873 0.692879 0.688852 0.577783 0.659270 0.856446 0.912023 0.896220
0.818290 0.674179 0.522709 0.360477 0.273627 0.243533 0.228493 0.303302 0.603933 0.705795
0.694568 0.375305 0.364181 0.348834 0.340095 0.352199 0.470296 0.674012 0.759216 0.696130
0.605377 0.553259 0.556698 0.475812 0.398162 0.381274 0.388425 0.460711 0.699915 0.710649
0.903575 0.848256 0.867862 0.856591 0.843335 0.839224 0.857558 0.874723 0.885176 0.893734
0.894754 0.900544 0.917344 0.905013 0.880467 0.874720 0.877885 0.894089 0.938028 0.864764
0.959825 0.958815 0.962867 0.962767 0.966891 0.971772 0.976187 0.978069 0.978364 0.979134
0.979688 0.980460 0.982552 0.979672 0.973697 0.969712 0.969347 0.970812 0.979322 0.953179
0.926190 0.855427 0.934614 0.974079 0.974595 0.977603 0.979583 0.980817 0.981170 0.981015
0.980466 0.982180 0.984378 0.982296 0.970746 0.958986 0.969013 0.961099 0.809345 0.584119
0.895290 0.603555 0.801594 0.976588 0.976751 0.979074 0.979509 0.979485 0.980191 0.981639
0.982283 0.985055 0.987792 0.984810 0.967778 0.942498 0.961945 0.954804 0.623857 0.279464
0.876397 0.582733 0.760813 0.975378 0.973911 0.975454 0.975400 0.975715 0.978888 0.982656
0.983575 0.985735 0.988421 0.986286 0.970061 0.920906 0.936106 0.964387 0.624497 0.268836
0.881073 0.604037 0.789163 0.965981 0.962484 0.969684 0.966622 0.952647 0.960376 0.979763
0.980535 0.980552 0.983026 0.983237 0.965348 0.856910 0.788039 0.961447 0.658188 0.283565
0.892915 0.675324 0.793689 0.941182 0.918697 0.968213 0.957123 0.888414 0.767777 0.943963
0.974875 0.974322 0.978402 0.982287 0.964141 0.799191 0.668760 0.925843 0.692250 0.297499
0.903855 0.812223 0.902824 0.890368 0.749527 0.971951 0.939395 0.689527 0.321205 0.597890
0.954007 0.972278 0.978798 0.983213 0.964661 0.769630 0.585849 0.922841 0.697681 0.305179
0.914521 0.909785 0.956262 0.816947 0.472472 0.969376 0.933022 0.453888 0.057008 0.313057
0.835904 0.970744 0.979964 0.983929 0.964822 0.733354 0.541810 0.933224 0.701860 0.306832
0.922650 0.948056 0.970394 0.784964 0.318271 0.942616 0.947869 0.632998 0.105580 0.425477
0.828851 0.970336 0.981167 0.984666 0.964168 0.696198 0.473166 0.931277 0.712195 0.299876
0.914581 0.948655 0.971550 0.791680 0.339154 0.906978 0.963493 0.901684 0.785807 0.832575
0.903261 0.972373 0.983267 0.985738 0.962768 0.646488 0.394785 0.907124 0.716359 0.286918
0.903770 0.918924 0.969279 0.831775 0.558778 0.963389 0.979241 0.975148 0.967330 0.951478
0.954006 0.979867 0.987080 0.987268 0.963564 0.623131 0.325303 0.884937 0.714109 0.270105
0.885092 0.842720 0.961110 0.891762 0.780057 0.985027 0.987049 0.987140 0.983319 0.974122
0.978093 0.987665 0.991432 0.990277 0.969179 0.667223 0.380152 0.917551 0.696111 0.257613
0.864047 0.651726 0.867369 0.927573 0.920765 0.986075 0.988444 0.989626 0.987649 0.982777
0.985211 0.990660 0.991999 0.989528 0.968549 0.752617 0.598538 0.961395 0.691413 0.272541
0.880402 0.459332 0.684005 0.931974 0.954842 0.984556 0.987081 0.988582 0.987408 0.985029
0.986192 0.989699 0.989468 0.985475 0.968772 0.883311 0.842058 0.972177 0.697700 0.317954
0.908412 0.530093 0.637557 0.918772 0.945200 0.982497 0.984730 0.985928 0.984934 0.983353
0.983278 0.986920 0.987031 0.983380 0.974696 0.955703 0.968928 0.969761 0.705350 0.360601
0.931078 0.788721 0.819705 0.939019 0.910614 0.978751 0.981969 0.982694 0.981186 0.979653
0.976654 0.980662 0.981779 0.979232 0.975764 0.974292 0.982166 0.970279 0.717735 0.367245
0.938570 0.882969 0.954442 0.951161 0.916646 0.970329 0.979708 0.980824 0.978178 0.975246
0.969761 0.971873 0.974923 0.975873 0.976096 0.977613 0.983872 0.969726 0.696142 0.316637
0.943665 0.917834 0.967203 0.963417 0.957867 0.973726 0.977077 0.977691 0.973549 0.968468
0.966083 0.968630 0.964727 0.965669 0.974855 0.980854 0.986475 0.969036 0.665002 0.289232
0.957379 0.954666 0.977166 0.979236 0.981374 0.981472 0.981127 0.980682 0.977576 0.977505
0.978534 0.974867 0.964440 0.960855 0.980240 0.987691 0.990389 0.972721 0.667667 0.303612
0.963838 0.963350 0.979534 0.983913 0.987453 0.986365 0.983862 0.982425 0.982566 0.985572
0.985964 0.980886 0.972112 0.969931 0.984660 0.990823 0.991519 0.973747 0.689868 0.352455
0.960335 0.960482 0.969438 0.975230 0.980179 0.978793 0.973703 0.970256 0.971571 0.975676
0.977738 0.972722 0.964919 0.967909 0.977512 0.982497 0.983026 0.964763 0.813758 0.617226
0.967907 0.953375 0.933492 0.949980 0.954780 0.956684 0.959285 0.959462 0.958377 0.959756
0.962067 0.960286 0.960578 0.965929 0.974347 0.970487 0.962562 0.973613 0.985902 0.950067
0.972308 0.948765 0.909095 0.954056 0.960369 0.962548 0.966063 0.965973 0.963025 0.964846
0.969194 0.967710 0.968156 0.974404 0.982960 0.977993 0.965456 0.979690 0.992470 0.950731
0.968648 0.941507 0.895427 0.955893 0.964261 0.965798 0.969311 0.967901 0.963578 0.965752
0.971002 0.970192 0.969293 0.975354 0.984784 0.981736 0.958139 0.973747 0.992592 0.950912
0.967163 0.937342 0.910302 0.959445 0.962912 0.963413 0.968601 0.966281 0.952648 0.956718
0.966547 0.969774 0.969033 0.972258 0.984182 0.985651 0.950027 0.955245 0.991351 0.949990
0.965496 0.934591 0.924390 0.962253 0.956825 0.954868 0.967743 0.964212 0.922569 0.917805
0.958347 0.967344 0.967708 0.968337 0.983041 0.987486 0.949443 0.926786 0.990688 0.949742
0.962800 0.928576 0.944253 0.971523 0.942759 0.935532 0.971688 0.961193 0.847758 0.822038
0.940793 0.964125 0.964523 0.968667 0.984085 0.988978 0.951316 0.915384 0.990506 0.950299
0.959815 0.925656 0.963016 0.981960 0.926056 0.887892 0.975903 0.966373 0.704396 0.700561
0.908045 0.959439 0.960755 0.970133 0.984782 0.989883 0.950194 0.910363 0.990310 0.950916
0.957181 0.922209 0.971765 0.987519 0.912133 0.813385 0.973415 0.968492 0.722837 0.731172
0.906935 0.956311 0.960078 0.972659 0.986172 0.990958 0.947826 0.902032 0.990599 0.952780
0.956710 0.918715 0.971719 0.987262 0.911509 0.766232 0.965909 0.962807 0.889226 0.883400
0.933496 0.955992 0.959813 0.973626 0.987728 0.991944 0.944319 0.886570 0.990819 0.953501
0.955190 0.909204 0.967895 0.983851 0.928042 0.840508 0.960350 0.961476 0.954775 0.952709
0.951511 0.957686 0.962267 0.974327 0.988817 0.992129 0.939921 0.877209 0.991151 0.953552
0.950452 0.877561 0.957224 0.976932 0.935227 0.917215 0.960209 0.964205 0.965707 0.965237
0.956886 0.959199 0.963636 0.974064 0.988800 0.991440 0.935266 0.898916 0.991585 0.953444
0.953450 0.847698 0.928899 0.964491 0.941842 0.945558 0.963271 0.965382 0.967485 0.965567
0.958965 0.958380 0.961285 0.969927 0.985456 0.987638 0.940888 0.941880 0.992025 0.953246
0.957309 0.858364 0.892976 0.949480 0.946798 0.953015 0.965117 0.966718 0.965832 0.963005
0.959089 0.959293 0.961788 0.967894 0.981173 0.982769 0.949761 0.969639 0.991943 0.951675
0.960561 0.892776 0.869295 0.941340 0.947266 0.952050 0.962623 0.963782 0.960801 0.959046
0.959268 0.960018 0.962990 0.966920 0.975156 0.974154 0.958756 0.978566 0.991614 0.951783
0.963087 0.925140 0.879799 0.950151 0.943494 0.941504 0.956886 0.959403 0.958292 0.957355
0.957615 0.957492 0.962139 0.965244 0.968217 0.966156 0.964680 0.980218 0.991971 0.955385
0.964916 0.939176 0.899303 0.950867 0.945370 0.934476 0.951971 0.956803 0.958057 0.956475
0.955264 0.955955 0.960873 0.963020 0.965331 0.964340 0.967711 0.981855 0.993117 0.958668
0.964177 0.943655 0.915665 0.947920 0.948602 0.944157 0.951466 0.955686 0.955657 0.954380
0.951827 0.954667 0.960385 0.957141 0.961033 0.962776 0.969018 0.984226 0.994048 0.957905
0.961955 0.943929 0.921492 0.940210 0.946443 0.951246 0.954657 0.955995 0.956016 0.953291
0.951755 0.958700 0.963349 0.951834 0.951781 0.958865 0.969677 0.986322 0.994061 0.954919
0.960870 0.940574 0.923441 0.937100 0.944722 0.955503 0.960245 0.957924 0.954743 0.950315
0.951660 0.959637 0.963062 0.949968 0.945776 0.955181 0.968488 0.984955 0.992289 0.946765
0.956133 0.941367 0.928676 0.938085 0.942775 0.953003 0.958730 0.955784 0.950660 0.947399
0.948909 0.956760 0.959203 0.950081 0.945651 0.950653 0.959993 0.975254 0.983758 0.944935
0.090244 0.008363 0.024431 0.142913 0.346916 0.384034 0.370402 0.329670 0.370515 0.336898
0.311611 0.260711 0.132721 0.026607 0.029853 0.085330 0.012274 0.005297 0.016174 0.074856
0.365309 0.035103 0.127691 0.570114 0.784805 0.792129 0.765147 0.740675 0.811216 0.802266
0.723929 0.531345 0.417155 0.316063 0.266186 0.472666 0.179643 0.036786 0.101626 0.171963
0.201683 0.010215 0.028521 0.196206 0.608771 0.758937 0.754845 0.741695 0.820453 0.830385
0.769446 0.624932 0.496253 0.346570 0.287173 0.559702 0.246464 0.040260 0.026834 0.100632
0.244591 0.013786 0.038341 0.239675 0.653545 0.834292 0.842942 0.754427 0.712179 0.621756
0.601887 0.710082 0.540580 0.240545 0.179742 0.501975 0.261841 0.234588 0.033275 0.101023
0.205827 0.022761 0.068905 0.215272 0.298726 0.652316 0.710750 0.472021 0.211605 0.424283
0.600297 0.715632 0.505121 0.192912 0.073085 0.170024 0.170219 0.144897 0.019954 0.083769
0.206641 0.040650 0.215076 0.203509 0.113884 0.544733 0.521688 0.163854 0.038944 0.090633
0.373621 0.665377 0.538464 0.283060 0.086925 0.189434 0.155054 0.131873 0.017048 0.083875
0.225185 0.068923 0.275234 0.099020 0.071224 0.469010 0.053910 0.019341 0.003946 0.038806
0.178145 0.563068 0.518857 0.265754 0.072987 0.115959 0.151710 0.202539 0.015855 0.094795
0.186540 0.053750 0.129486 0.059787 0.085852 0.633201 0.191261 0.075656 0.013415 0.123416
0.368111 0.613290 0.485343 0.182197 0.050393 0.117001 0.147155 0.215467 0.016984 0.107180
0.182546 0.050188 0.095943 0.080055 0.123987 0.648765 0.769310 0.551811 0.453205 0.494249
0.465049 0.596231 0.465029 0.194108 0.050934 0.120848 0.144997 0.241409 0.015794 0.113004
0.185191 0.064280 0.402295 0.402852 0.277335 0.781423 0.855389 0.773998 0.702788 0.538268
0.449601 0.533627 0.361769 0.123268 0.055548 0.091183 0.113980 0.283182 0.016148 0.114053
0.284280 0.046938 0.345350 0.478269 0.558581 0.837876 0.894680 0.743223 0.704410 0.675270
0.673413 0.495233 0.304490 0.093932 0.104231 0.121931 0.122806 0.269182 0.016761 0.112972
0.262293 0.030848 0.109486 0.286857 0.768286 0.895063 0.938466 0.815139 0.792320 0.852475
0.706306 0.455195 0.270536 0.040221 0.046701 0.114533 0.103038 0.110702 0.015026 0.120215
0.284146 0.028772 0.041202 0.198216 0.839991 0.928096 0.948503 0.837321 0.795668 0.873121
0.747436 0.530338 0.636677 0.571193 0.557436 0.434666 0.098014 0.030687 0.017301 0.125966
0.245092 0.030536 0.036183 0.182850 0.714425 0.933893 0.951296 0.880938 0.828701 0.889248
0.814273 0.682721 0.834734 0.725046 0.742334 0.547243 0.225443 0.031466 0.023948 0.143851
0.259867 0.047731 0.035853 0.219733 0.637868 0.871738 0.932466 0.870628 0.779689 0.787795
0.728981 0.686664 0.875182 0.738206 0.711565 0.598990 0.235718 0.039109 0.031510 0.122336
0.342676 0.142061 0.220313 0.292222 0.543218 0.869432 0.880808 0.805581 0.656018 0.510982
0.483942 0.693644 0.852293 0.722141 0.706706 0.573321 0.210559 0.031769 0.048112 0.134539
0.346338 0.205080 0.535797 0.645795 0.737076 0.862096 0.796719 0.610810 0.338952 0.361838
0.427965 0.433029 0.680063 0.635635 0.660368 0.451629 0.112342 0.014008 0.042995 0.102650
0.545710 0.225527 0.404734 0.532377 0.622168 0.764531 0.744946 0.756012 0.699740 0.611647
0.754478 0.751337 0.747456 0.644935 0.523769 0.265597 0.058849 0.012208 0.052298 0.110249
0.405756 0.063646 0.140241 0.327142 0.302344 0.206363 0.370144 0.533830 0.463218 0.397419
0.305895 0.144045 0.266299 0.402970 0.310388 0.155659 0.013146 0.002919 0.030429 0.130588
0.357169 0.230405 0.472322 0.665510 0.636903 0.456551 0.442594 0.536275 0.540059 0.676139
0.674424 0.521378 0.600158 0.737829 0.639606 0.444894 0.071144 0.014372 0.058596 0.163129
0.246364 0.110847 0.075186 0.053342 0.079934 0.131167 0.141987 0.196306 0.276821 0.344392
0.411681 0.423985 0.343122 0.238119 0.251836 0.234822 0.123447 0.079954 0.127127 0.245837
0.317291 0.203446 0.137344 0.103250 0.182840 0.312404 0.334353 0.480110 0.588071 0.668582
0.692933 0.711607 0.577269 0.373975 0.420610 0.453807 0.292004 0.175891 0.272007 0.347080
0.280291 0.131677 0.082013 0.075776 0.160859 0.267374 0.278872 0.406899 0.462788 0.569737
0.601124 0.664898 0.612861 0.445151 0.437819 0.559008 0.572903 0.270582 0.228982 0.289509
0.313860 0.148149 0.107595 0.117405 0.275058 0.362252 0.394323 0.575457 0.611492 0.511927
0.455595 0.536170 0.506763 0.358797 0.258868 0.461196 0.674769 0.340369 0.264539 0.291293
0.301242 0.149294 0.148692 0.198261 0.393258 0.393468 0.416998 0.587729 0.635631 0.458767
0.364711 0.393701 0.451313 0.396142 0.287015 0.474386 0.613743 0.334334 0.220363 0.254174
0.297747 0.141805 0.129971 0.187775 0.367351 0.320466 0.283050 0.412169 0.528792 0.351902
0.273135 0.371040 0.579985 0.445911 0.244237 0.479221 0.626322 0.328048 0.235660 0.267000
0.310386 0.149031 0.118259 0.215588 0.460674 0.288493 0.131705 0.201383 0.362638 0.232570
0.222549 0.396171 0.600663 0.452753 0.181041 0.381847 0.657596 0.348560 0.272457 0.292119
0.333537 0.170258 0.127376 0.257035 0.572384 0.324433 0.154396 0.191180 0.272563 0.189233
0.248464 0.423114 0.627497 0.394501 0.207929 0.384056 0.704361 0.334987 0.274516 0.297284
0.337951 0.188779 0.146850 0.266479 0.599404 0.352110 0.239314 0.226057 0.182719 0.221602
0.362691 0.534614 0.657094 0.368894 0.235559 0.446562 0.756380 0.343359 0.271739 0.295063
0.370625 0.165904 0.135114 0.253874 0.477942 0.413727 0.460553 0.414441 0.274129 0.364332
0.497084 0.637599 0.596753 0.325235 0.262114 0.550396 0.815108 0.370846 0.254108 0.304033
0.415575 0.146765 0.084680 0.170917 0.342230 0.502340 0.681241 0.596150 0.305084 0.304019
0.584757 0.668438 0.464048 0.246337 0.240378 0.590759 0.794974 0.318862 0.201913 0.300352
0.338376 0.103814 0.037094 0.101788 0.280847 0.582807 0.824490 0.823427 0.592055 0.585944
0.662415 0.655983 0.379339 0.208008 0.192741 0.473677 0.587650 0.225054 0.185276 0.290552
0.369103 0.121232 0.036616 0.059039 0.247564 0.636849 0.875341 0.911376 0.847200 0.806104
0.812911 0.772184 0.484383 0.327971 0.328992 0.574859 0.525339 0.209095 0.186502 0.256504
0.332013 0.101259 0.035461 0.061928 0.295127 0.685734 0.894370 0.937789 0.904472 0.875082
0.821510 0.797760 0.712348 0.771225 0.666910 0.673944 0.495926 0.165422 0.154739 0.245197
0.306849 0.089892 0.018765 0.066153 0.354418 0.671596 0.835360 0.854407 0.796493 0.751499
0.680858 0.714947 0.795714 0.854790 0.817840 0.750176 0.501363 0.167665 0.191055 0.246005
0.287277 0.085690 0.020421 0.037265 0.155300 0.423837 0.629543 0.552214 0.366208 0.514857
0.541962 0.589686 0.721209 0.823911 0.779196 0.783222 0.448580 0.118564 0.196666 0.247146
0.314472 0.117602 0.036254 0.050075 0.099321 0.245209 0.291391 0.165597 0.122280 0.345158
0.459680 0.513098 0.708517 0.854834 0.878094 0.908352 0.589809 0.149486 0.168975 0.242133
0.323032 0.124980 0.088507 0.108519 0.189165 0.402077 0.498392 0.293745 0.246640 0.492526
0.510197 0.521513 0.675308 0.838796 0.911788 0.934085 0.685377 0.131886 0.197842 0.282602
0.356563 0.169828 0.167003 0.168859 0.194981 0.319758 0.421918 0.269799 0.185353 0.267637
0.167702 0.198900 0.395737 0.626729 0.832816 0.867258 0.366355 0.057708 0.124473 0.288840
0.474061 0.320169 0.213902 0.188733 0.152345 0.185310 0.213822 0.203517 0.193062 0.209968
0.157553 0.148994 0.244909 0.332832 0.452896 0.516752 0.249371 0.090510 0.171748 0.334488
0.947603 0.956672 0.964295 0.943265 0.927731 0.924977 0.923330 0.933863 0.931683 0.918735
0.912787 0.904844 0.906516 0.910792 0.922885 0.914932 0.916224 0.925033 0.964983 0.965004
0.821840 0.773592 0.840080 0.859399 0.838362 0.817393 0.777508 0.755165 0.751739 0.753169
0.743217 0.763260 0.771512 0.783803 0.752848 0.781023 0.798308 0.810027 0.844177 0.758287
0.312981 0.114653 0.156807 0.161994 0.168381 0.156134 0.122163 0.130836 0.174162 0.251161
0.344701 0.410976 0.501858 0.575352 0.518158 0.363452 0.358590 0.251560 0.227641 0.247317
0.164093 0.052334 0.069287 0.054349 0.058778 0.069479 0.068677 0.088615 0.120798 0.170810
0.170296 0.107355 0.116091 0.159588 0.150317 0.108260 0.131103 0.140181 0.117678 0.131304
0.170588 0.064090 0.086233 0.062662 0.076388 0.131292 0.264737 0.511055 0.469997 0.317052
0.196043 0.096832 0.074609 0.078173 0.082357 0.074594 0.107369 0.121649 0.130432 0.150742
0.182261 0.095594 0.152778 0.187211 0.224139 0.378347 0.648952 0.825967 0.789407 0.637954
0.340851 0.183675 0.078798 0.073215 0.082238 0.073508 0.091156 0.112393 0.109866 0.128818
0.248053 0.198968 0.387464 0.397488 0.415298 0.551288 0.881073 0.993370 0.977007 0.783668
0.380213 0.185031 0.100196 0.100448 0.096112 0.092621 0.102195 0.106818 0.104108 0.125430
0.358368 0.386998 0.596792 0.517269 0.478031 0.573028 0.895378 0.989482 0.959079 0.706633
0.246147 0.108221 0.068176 0.072907 0.077454 0.068882 0.078385 0.077940 0.093982 0.138749
0.255854 0.190232 0.271552 0.192560 0.249683 0.294524 0.490428 0.325307 0.319732 0.312336
0.176540 0.107602 0.092811 0.095034 0.096244 0.089721 0.099491 0.112585 0.130887 0.156761
0.155842 0.082761 0.118561 0.089993 0.097996 0.148897 0.178854 0.167045 0.214357 0.275687
0.264988 0.213394 0.215548 0.237227 0.247645 0.217116 0.205060 0.182258 0.157459 0.166692
0.248591 0.080214 0.097208 0.063659 0.049637 0.111694 0.134665 0.175395 0.271883 0.377466
0.407447 0.379377 0.417126 0.455081 0.494707 0.479360 0.332858 0.254395 0.180217 0.181542
0.825523 0.400175 0.134083 0.059593 0.043106 0.059453 0.080573 0.123049 0.139367 0.189914
0.261595 0.297889 0.380318 0.441321 0.486823 0.448230 0.294036 0.247842 0.240352 0.252724
0.782421 0.523430 0.383790 0.116403 0.046767 0.052732 0.059868 0.064813 0.064348 0.077692
0.115692 0.144601 0.170371 0.228152 0.262701 0.247317 0.195384 0.260115 0.352368 0.322506
0.555129 0.505385 0.655678 0.333419 0.145105 0.105182 0.082372 0.069066 0.058818 0.056903
0.067464 0.081329 0.081602 0.104317 0.140119 0.114655 0.121032 0.193135 0.323897 0.328688
0.500880 0.604292 0.825163 0.808290 0.515062 0.304085 0.218947 0.277618 0.369076 0.435889
0.365520 0.199370 0.111770 0.091421 0.094422 0.098461 0.121390 0.159687 0.365338 0.469493
0.418385 0.425999 0.574015 0.672798 0.702358 0.526236 0.630494 0.824659 0.889758 0.910501
0.845686 0.739953 0.543418 0.420948 0.387972 0.380036 0.315027 0.339508 0.547544 0.571315
0.302821 0.189731 0.267181 0.309378 0.397898 0.519167 0.688307 0.938379 0.926449 0.859027
0.780214 0.779788 0.760120 0.568567 0.377951 0.329935 0.402353 0.405350 0.514162 0.407304
0.447574 0.452238 0.563562 0.607075 0.656669 0.728947 0.838279 0.902440 0.921938 0.901382
0.895117 0.885783 0.926337 0.916921 0.792356 0.727883 0.735902 0.702801 0.681312 0.438632
0.775817 0.804493 0.874330 0.862324 0.909375 0.965991 0.977380 0.979964 0.981919 0.984064
0.987731 0.991375 0.992374 0.990244 0.974049 0.954420 0.942266 0.933406 0.919517 0.661200
0.663470 0.564333 0.688209 0.771884 0.847592 0.868836 0.890451 0.895286 0.888983 0.896610
0.902965 0.911962 0.919664 0.914608 0.897984 0.866048 0.830918 0.830433 0.782003 0.488364
0.590885 0.353874 0.737958 0.920284 0.944487 0.949365 0.947281 0.947746 0.948809 0.941101
0.950397 0.944745 0.910396 0.796666 0.743066 0.835568 0.632818 0.382023 0.272601 0.411861
0.434601 0.115753 0.457457 0.902554 0.937556 0.939935 0.933113 0.940416 0.943329 0.936365
0.953823 0.943580 0.876367 0.679796 0.651297 0.841032 0.617467 0.205706 0.165949 0.257206
0.413086 0.112275 0.382930 0.874382 0.929332 0.930902 0.922429 0.943384 0.948284 0.941100
0.957550 0.948627 0.888186 0.683326 0.638346 0.835321 0.724555 0.320133 0.131664 0.209536
0.450742 0.151457 0.378095 0.789640 0.906172 0.911469 0.880407 0.904182 0.939473 0.934568
0.934198 0.928565 0.873599 0.656409 0.501706 0.671657 0.547081 0.505737 0.140636 0.209829
0.518065 0.222618 0.393932 0.626043 0.778129 0.890247 0.801634 0.719140 0.711347 0.886479
0.915434 0.926139 0.881212 0.651011 0.426525 0.473088 0.482157 0.468690 0.140831 0.206160
0.586991 0.391805 0.528303 0.396881 0.592391 0.864578 0.628723 0.418974 0.329838 0.482445
0.868998 0.938132 0.902940 0.691711 0.416997 0.443763 0.493757 0.528891 0.141458 0.210077
0.666830 0.595949 0.633602 0.215867 0.435021 0.886355 0.448200 0.079895 0.063687 0.193944
0.661119 0.944456 0.911739 0.693601 0.385470 0.389255 0.487772 0.594501 0.144639 0.217032
0.726723 0.673551 0.521777 0.166991 0.358909 0.886066 0.577256 0.138406 0.057559 0.229017
0.724872 0.950660 0.907244 0.650871 0.306626 0.312710 0.428787 0.596818 0.148678 0.215729
0.709379 0.679422 0.522605 0.205286 0.372975 0.856674 0.832951 0.687566 0.628060 0.633667
0.852289 0.953793 0.899651 0.617351 0.238576 0.220649 0.378787 0.572668 0.145716 0.213573
0.663384 0.644990 0.677032 0.438136 0.656305 0.948490 0.923945 0.889240 0.833124 0.844958
0.932655 0.952890 0.889257 0.597254 0.216376 0.184092 0.334526 0.520765 0.137116 0.211745
0.633792 0.613528 0.774180 0.727503 0.907128 0.974595 0.959090 0.931093 0.883227 0.920759
0.960882 0.948251 0.864674 0.553051 0.222174 0.206415 0.374626 0.495693 0.131348 0.207321
0.564693 0.394660 0.635001 0.848526 0.964830 0.982656 0.973762 0.959276 0.940128 0.955630
0.970615 0.950219 0.872100 0.590825 0.278029 0.330641 0.433814 0.452034 0.126332 0.212665
0.507580 0.135306 0.343938 0.790832 0.973141 0.984809 0.979148 0.974032 0.963323 0.968872
0.975835 0.958688 0.915171 0.766543 0.571163 0.684252 0.531498 0.353506 0.143236 0.230943
0.537870 0.143689 0.327544 0.703759 0.951438 0.981794 0.976369 0.973013 0.961646 0.962712
0.972167 0.965345 0.954471 0.908960 0.875201 0.896346 0.768224 0.345786 0.163249 0.274073
0.603095 0.283890 0.435357 0.678869 0.913633 0.973603 0.968061 0.963527 0.946006 0.935680
0.955112 0.959928 0.956886 0.937296 0.937324 0.916421 0.754039 0.364514 0.183476 0.262891
0.643568 0.534994 0.817736 0.772576 0.864977 0.957354 0.954762 0.940374 0.912173 0.893934
0.918732 0.936369 0.941526 0.939461 0.943392 0.900518 0.709311 0.347492 0.183608 0.218758
0.675813 0.617907 0.892116 0.884238 0.930148 0.946220 0.939904 0.920094 0.877308 0.866239
0.895505 0.901250 0.912248 0.934751 0.941781 0.883564 0.616141 0.267227 0.171016 0.199992
0.775586 0.769330 0.920931 0.933721 0.931690 0.932925 0.929899 0.915931 0.908049 0.910234
0.901045 0.889293 0.898389 0.942988 0.951486 0.872759 0.498001 0.204459 0.174235 0.225005
0.846486 0.793357 0.936506 0.956091 0.942729 0.923818 0.925559 0.936318 0.950803 0.948851
0.921557 0.898410 0.922486 0.958778 0.961766 0.886349 0.487150 0.195670 0.190656 0.292746
0.864534 0.815795 0.915606 0.943258 0.931589 0.907186 0.901544 0.916827 0.936478 0.934596
0.909564 0.897409 0.919078 0.947810 0.948429 0.898089 0.688772 0.377029 0.371043 0.396410
0.883200 0.839609 0.822334 0.792221 0.747451 0.748582 0.773181 0.784994 0.785011 0.790777
0.800193 0.799366 0.789675 0.776458 0.801744 0.852200 0.863261 0.868693 0.902114 0.920065
0.831267 0.756064 0.798351 0.769297 0.707284 0.713797 0.764609 0.799742 0.787922 0.738999
0.653022 0.573821 0.547970 0.545178 0.621754 0.760444 0.817301 0.828811 0.876643 0.889330
0.903580 0.901403 0.920539 0.907408 0.874820 0.848390 0.847974 0.858078 0.838236 0.777580
0.700959 0.678827 0.716472 0.710369 0.729557 0.830101 0.889961 0.911932 0.929957 0.914991
0.939069 0.953999 0.958384 0.951663 0.931083 0.895720 0.855749 0.833666 0.811197 0.803195
0.804317 0.829464 0.870461 0.878572 0.886070 0.909624 0.923591 0.935991 0.945401 0.918794
0.929986 0.933433 0.936554 0.930202 0.911570 0.886200 0.852885 0.825901 0.794972 0.828128
0.871036 0.892558 0.929162 0.942629 0.944163 0.953911 0.946907 0.949152 0.943307 0.911161
0.883591 0.846646 0.823124 0.808376 0.823383 0.851432 0.779540 0.667968 0.691347 0.833433
0.890746 0.911145 0.941255 0.960960 0.963046 0.967799 0.962336 0.959114 0.947290 0.911672
0.854890 0.773494 0.678219 0.596917 0.654677 0.842720 0.860155 0.800881 0.806547 0.890264
0.920811 0.921268 0.932421 0.948864 0.954279 0.959020 0.949948 0.950245 0.938257 0.900501
0.862415 0.805043 0.673176 0.552288 0.620436 0.886579 0.966380 0.981163 0.967080 0.944768
0.918295 0.908673 0.895846 0.896427 0.892129 0.899678 0.891737 0.915620 0.911511 0.875679
0.879529 0.885818 0.893594 0.873163 0.860074 0.912473 0.932646 0.947390 0.924174 0.887540
0.845388 0.829506 0.795041 0.760464 0.722740 0.724664 0.745585 0.850659 0.880114 0.855125
0.930772 0.956527 0.972726 0.974391 0.958513 0.934814 0.892513 0.847783 0.827015 0.809413
0.762798 0.685051 0.576318 0.480537 0.419772 0.477721 0.619817 0.827743 0.877123 0.850968
0.907908 0.934630 0.963090 0.970488 0.963417 0.954431 0.922554 0.885166 0.865488 0.835498
0.785293 0.662615 0.500879 0.369552 0.316245 0.413123 0.629428 0.829353 0.855174 0.835595
0.845493 0.830270 0.914960 0.935773 0.947654 0.951691 0.936655 0.930723 0.931342 0.924236
0.914536 0.895414 0.868537 0.832469 0.825328 0.853075 0.842756 0.871446 0.835197 0.808529
0.790570 0.706712 0.820708 0.843719 0.861374 0.888682 0.900547 0.916117 0.933989 0.946292
0.955972 0.963974 0.968685 0.967374 0.960601 0.946533 0.908442 0.892174 0.856154 0.822090
0.842107 0.777902 0.821223 0.782285 0.780691 0.826257 0.828558 0.835956 0.842964 0.860984
0.886662 0.905877 0.919277 0.923282 0.918766 0.907629 0.890974 0.894825 0.892453 0.874632
0.907919 0.894738 0.894278 0.831456 0.805469 0.824460 0.803576 0.780879 0.751442 0.756021
0.790066 0.816188 0.836198 0.859013 0.872969 0.873250 0.876586 0.872125 0.876678 0.881280
0.911195 0.916395 0.943536 0.934434 0.913766 0.881124 0.816759 0.761597 0.713995 0.729628
0.756882 0.764364 0.764190 0.795862 0.813502 0.811306 0.810666 0.790472 0.806008 0.852510
0.838851 0.763866 0.819198 0.814573 0.806679 0.792371 0.809232 0.859408 0.872536 0.862209
0.827847 0.777225 0.728537 0.696177 0.663863 0.612096 0.582340 0.560468 0.608128 0.731264
0.700904 0.538249 0.599462 0.572651 0.571558 0.570656 0.610907 0.685881 0.712956 0.693787
0.654259 0.621617 0.594342 0.578066 0.561927 0.513921 0.464085 0.430314 0.499350 0.671923
0.777282 0.665121 0.715748 0.687926 0.662118 0.636682 0.633040 0.642335 0.652738 0.657817
0.660570 0.664585 0.687624 0.695752 0.706914 0.695705 0.664094 0.631964 0.675374 0.751888
0.946259 0.948890 0.953550 0.952092 0.955301 0.955519 0.953829 0.952934 0.952313 0.954040
0.954471 0.950223 0.948079 0.948981 0.952764 0.956518 0.954687 0.945954 0.945596 0.924525

