-12.287800 -12.535773 -14.164577 -15.057064 -15.488649 -15.090726 -15.161219 -14.844748 -15.191309 -15.428158
-15.864115 -15.606409 -14.918884 -14.240879 -14.458369 -15.207394 -15.131946 -15.351559 -15.342892 -15.154272
-15.379616 -15.614258 -15.833049 -16.219158 -16.272022 -15.984446 -15.647899 -15.252995 -14.425302 -14.520281
-14.497005 -14.874847 -15.055249 -15.294203 -15.512972 -15.083801 -15.167841 -14.903582 -13.625764 -12.873123
-13.189466 -16.748278 -18.363750 -17.820286 -17.378899 -16.400885 -15.933559 -15.752538 -15.337805 -15.663209
-16.053825 -15.746130 -15.952295 -17.206150 -16.180473 -18.357355 -15.410160 -15.125130 -15.766771 -15.924288
-15.825794 -16.036713 -15.142057 -15.395529 -15.116223 -15.154562 -15.767040 -15.499758 -14.382013 -14.990830
-15.771473 -16.102779 -14.793116 -16.197502 -14.099874 -15.147251 -14.625678 -14.921187 -14.564108 -13.923093
-14.332974 -15.195069 -16.336918 -16.367184 -16.702946 -16.617029 -15.411104 -15.505390 -14.861839 -14.859171
-15.224947 -15.888618 -15.076378 -18.591805 -19.974491 -17.943474 -20.104132 -17.285688 -14.283226 -14.186106
-14.957057 -15.035990 -15.016405 -15.936501 -15.662230 -15.516191 -15.549587 -15.267357 -14.224275 -15.772087
-15.812894 -19.050238 -17.083847 -19.400627 -15.565792 -15.400951 -15.141516 -15.107783 -14.862623 -14.103033
-14.219269 -16.304716 -15.829473 -17.404331 -17.048941 -16.208780 -15.375303 -14.886396 -14.737247 -15.589002
-16.595442 -15.584270 -15.540869 -21.981634 -24.363333 -16.247419 -16.179043 -27.750137 -14.965191 -14.548444
-14.867670 -15.364219 -16.084517 -18.417643 -19.143511 -18.007240 -18.289814 -16.371845 -15.273144 -16.324736
-16.678928 -17.377739 -17.655058 -16.914120 -17.932341 -17.841595 -14.587523 -16.200716 -15.012798 -14.577782
-14.148743 -16.678835 -16.246058 -16.397060 -15.590932 -14.947441 -14.967199 -15.159185 -14.238139 -15.079331
-15.310787 -14.170992 -15.040369 -17.684820 -20.720486 -24.047863 -26.026327 -20.261078 -18.594763 -16.155331
-16.643414 -14.974078 -16.668821 -17.548237 -16.993099 -16.492550 -16.261040 -17.040653 -17.596766 -16.328756
-16.217136 -16.565714 -18.231718 -16.980089 -17.358570 -17.165165 -14.765371 -15.846735 -15.023418 -15.732743
-14.686079 -17.112753 -15.322742 -16.509068 -16.240948 -15.194788 -15.253848 -14.362658 -13.787137 -15.635040
-15.661230 -15.578827 -14.009372 -15.099762 -13.979164 -16.507896 -17.397215 -16.766552 -16.849461 -16.165564
-15.520882 -14.598724 -16.561777 -16.929176 -15.197315 -16.875795 -17.132027 -15.502803 -17.776615 -18.355692
-15.783302 -17.737652 -16.701206 -16.832981 -16.044771 -14.713348 -15.719152 -16.103729 -14.363932 -15.575968
-14.896295 -15.968830 -15.533552 -19.160915 -18.493021 -19.455856 -18.821859 -18.395359 -16.323874 -16.112448
-16.911043 -17.506630 -15.699052 -15.508923 -15.894293 -17.263451 -17.750935 -16.486374 -16.309778 -14.366727
-14.481174 -14.282425 -15.688103 -17.834929 -16.693556 -14.453815 -15.037275 -14.889057 -12.616896 -17.439280
-16.378916 -17.399418 -16.245310 -18.688725 -16.014017 -15.389423 -15.609089 -16.425888 -14.008543 -15.110526
-14.632139 -15.660210 -15.698221 -15.860369 -16.757229 -18.189138 -16.563406 -15.804069 -15.073481 -15.175326
-16.917683 -16.872509 -15.585756 -15.582235 -15.924738 -15.307526 -16.212193 -16.432081 -15.221059 -13.780025
-15.924845 -16.634819 -17.013660 -15.669548 -17.220242 -17.108082 -17.802864 -16.373549 -14.610760 -14.363259
-15.093219 -18.234756 -18.222565 -17.278395 -15.563545 -15.808944 -15.593056 -15.651463 -14.140014 -14.750305
-14.514543 -16.494972 -16.065859 -15.896544 -16.804558 -17.331211 -16.184231 -15.948118 -15.883729 -16.051678
-16.464928 -16.838993 -16.167747 -15.264690 -16.702684 -17.078583 -17.997187 -17.615246 -16.758011 -15.386677
-15.524080 -16.477947 -19.932901 -16.782084 -21.754734 -19.887589 -15.057077 -28.520176 -14.448242 -14.734364
-15.904705 -17.721388 -16.207573 -16.556576 -18.038706 -16.487587 -15.576222 -15.227286 -14.356713 -14.666995
-14.629611 -17.149200 -15.623589 -15.371323 -15.569809 -17.004959 -15.520132 -15.685160 -15.039129 -15.954765
-15.368971 -16.264521 -16.373564 -15.414104 -15.341228 -15.777067 -16.204115 -16.116104 -16.355713 -15.682263
-15.186510 -15.875267 -16.717922 -17.957701 -20.218010 -24.170139 -21.119699 -20.199783 -18.307035 -15.636538
-16.804852 -17.487917 -16.893108 -15.595371 -20.118366 -17.461626 -15.376060 -15.486745 -14.863806 -14.620920
-14.575807 -16.620899 -15.053455 -18.549612 -14.925060 -15.106464 -15.571951 -15.653975 -15.165097 -16.693033
-16.030670 -15.926783 -15.441730 -14.725401 -13.972766 -13.205591 -13.978111 -15.068542 -15.552416 -15.058725
-15.627960 -16.134926 -15.468678 -16.026548 -15.564144 -17.348959 -17.442108 -17.943932 -17.381620 -15.471601
-16.298395 -15.642078 -16.193886 -16.116741 -18.765795 -17.288006 -14.840033 -15.320413 -14.894661 -14.606441
-14.809439 -16.457441 -14.973972 -18.858898 -15.371756 -18.189098 -17.207062 -19.089146 -17.685677 -15.798884
-17.489681 -15.228724 -14.469018 -14.148400 -14.554410 -13.511825 -12.891621 -12.911961 -13.310610 -15.106230
-16.065771 -17.231318 -17.136972 -18.044964 -16.612850 -17.168522 -15.813305 -14.900396 -15.157228 -15.901380
-15.118467 -16.992512 -16.123425 -16.146910 -18.847679 -17.529608 -14.737556 -15.388252 -14.752831 -14.781749
-14.628367 -16.000673 -15.359142 -16.357347 -15.359952 -14.308352 -17.296429 -18.130556 -19.906931 -16.382030
-16.780598 -16.842415 -16.679813 -18.774235 -26.356300 -21.582413 -31.235979 -17.681921 -15.228992 -15.262505
-16.502670 -16.507647 -16.077423 -15.842286 -15.607107 -16.268923 -14.703199 -15.088247 -14.460762 -17.889519
-15.002411 -16.605667 -18.357647 -15.911626 -17.981655 -15.863173 -14.318033 -15.414001 -14.575481 -14.701077
-14.938965 -15.801758 -15.579977 -15.958155 -16.969200 -17.403288 -20.143061 -23.184694 -25.538530 -17.569035
-16.768391 -14.173431 -11.985023 -11.838684 -20.949799 -4.688365 -12.290944 -11.708251 -12.459756 -13.786485
-16.162128 -16.336245 -15.748258 -15.446000 -15.604813 -15.792816 -15.503799 -16.084240 -14.863534 -13.006816
-14.628917 -16.443024 -15.745168 -18.130396 -16.479359 -15.493075 -14.494278 -15.422218 -14.390779 -14.601981
-14.562819 -15.741280 -14.216666 -16.148476 -18.006672 -16.566439 -19.656898 -16.439468 -8.904312 -32.710327
-16.844723 -15.012719 -13.469378 -16.018433 -21.275852 -17.046415 -19.568241 -17.614103 -13.520494 -14.024977
-15.817510 -15.956474 -15.464957 -15.557629 -15.799608 -16.553200 -16.153753 -16.323820 -17.610455 -14.213092
-15.053024 -17.788799 -16.661598 -17.354530 -15.452570 -15.519279 -15.154411 -15.283095 -14.439388 -14.421965
-15.109768 -16.033215 -14.544513 -16.860136 -16.694176 -15.012654 -19.693325 -21.573410 -17.052536 -28.699354
-18.595446 -16.708687 -14.808790 -15.585623 -16.426828 -12.335373 -15.917515 -12.837688 -13.675940 -14.728708
-16.289669 -15.840452 -15.701735 -16.084259 -16.869757 -17.322710 -17.048077 -14.623737 -18.168409 -16.590471
-17.526192 -17.462849 -18.447639 -16.315750 -15.529491 -15.703428 -15.382815 -15.251425 -14.471389 -14.345897
-14.861450 -16.623644 -15.261273 -17.737339 -18.761818 -20.464108 -22.873598 -18.373379 -13.807474 -29.827780
-17.297859 -17.135040 -16.507996 -16.446949 -15.335428 -14.338581 -12.392776 -13.096113 -14.085264 -16.155775
-16.892139 -15.943970 -15.953856 -16.432438 -16.855341 -16.613796 -15.623043 -14.310217 -18.422470 -17.422638
-17.211206 -16.495266 -16.848591 -16.657549 -18.533829 -16.592979 -15.578033 -15.205246 -14.988564 -14.580493
-15.496374 -16.621290 -15.926804 -18.419737 -17.887283 -27.188362 -26.701057 -22.470839 -19.541084 -30.816233
-17.194365 -17.419441 -16.816814 -18.471483 -18.591646 -17.754148 -17.120626 -16.925323 -17.104908 -17.384708
-16.939848 -15.659051 -15.816246 -16.286562 -16.408758 -16.276701 -15.824832 -14.465157 -18.360023 -18.673929
-17.078278 -15.958428 -16.330784 -15.927075 -18.332056 -16.913500 -16.296474 -15.346530 -14.910181 -14.386309
-15.800634 -16.786388 -15.541924 -19.511684 -17.781086 -20.625118 -23.244900 -23.916838 -19.833105 -20.159554
-19.983311 -17.152605 -16.647522 -15.764986 -16.145077 -15.920977 -15.328606 -15.536938 -15.907629 -15.803240
-15.476696 -14.919584 -14.930443 -15.671380 -16.087557 -16.165049 -15.810757 -15.070527 -15.976671 -18.922840
-17.013641 -16.166996 -19.586344 -16.661366 -17.831059 -16.448246 -14.529060 -14.413664 -14.559469 -14.224919
-15.426553 -17.052736 -15.183313 -16.577976 -16.933189 -18.321224 -16.051853 -19.650414 -19.208443 -16.882545
-20.699768 -16.181393 -15.918947 -15.456765 -15.443834 -15.803432 -16.881243 -18.155706 -18.035145 -20.548923
-19.637035 -18.361977 -15.467924 -14.998057 -15.431837 -16.147726 -15.751948 -14.886955 -15.569460 -17.522114
-18.450270 -16.781668 -17.432713 -17.831533 -16.128862 -15.811630 -14.113118 -14.402861 -15.042648 -14.568531
-15.207251 -17.172226 -15.702551 -16.257355 -17.225437 -17.442005 -14.739077 -17.830265 -17.190781 -16.934414
-18.320728 -16.420666 -16.086590 -17.783043 -17.472988 -18.071182 -17.600143 -15.447073 -14.132946 -13.282958
-19.242805 -16.738491 -16.050980 -15.442054 -16.052244 -16.650755 -16.258282 -17.952316 -21.704029 -19.858379
-17.699268 -16.596619 -15.766333 -19.366154 -14.973928 -15.586386 -14.252083 -14.088934 -14.696371 -15.261966
-14.005133 -15.352339 -15.320524 -16.225719 -17.437847 -16.554741 -14.441584 -15.318672 -17.101879 -16.627222
-16.210472 -15.794276 -15.462741 -15.268126 -14.577213 -15.435694 -15.623205 -15.034214 -17.040039 -17.308285
-16.118811 -18.445108 -15.846123 -14.941683 -15.687565 -16.343378 -16.196342 -15.897386 -18.709448 -16.120060
-16.036600 -18.422396 -17.753824 -17.418053 -15.881784 -15.661861 -14.394952 -14.685369 -15.527601 -15.620695
-10.562366 -13.426888 -15.116471 -15.355444 -14.814308 -15.403206 -15.654268 -15.803230 -17.055687 -17.011744
-16.527712 -15.180848 -14.562366 -14.156594 -14.757758 -15.413337 -22.033066 -21.171978 -17.866562 -18.688269
-16.229986 -24.141602 -15.099408 -14.942165 -15.802532 -16.173138 -17.055315 -15.981970 -18.302031 -17.128134
-16.351791 -20.902977 -17.340855 -17.816391 -17.320856 -16.561247 -14.330948 -14.821812 -15.429886 -15.617594
-10.991935 -15.061446 -17.501312 -17.303820 -17.289047 -16.393921 -16.477245 -16.944309 -16.823915 -17.398029
-16.070042 -15.054731 -15.468904 -14.571057 -14.485887 -16.253805 -18.290798 -21.539873 -19.925125 -18.820169
-16.690483 -16.640923 -15.412959 -13.952447 -15.693154 -16.425703 -15.464963 -15.096392 -16.795357 -18.861948
-14.933211 -20.871584 -17.047806 -16.484615 -18.727652 -16.277142 -14.710090 -14.793474 -15.188828 -15.079220
-13.051414 -12.826234 -14.866472 -14.785242 -14.196886 -13.920883 -15.897930 -16.606619 -17.315025 -16.360554
-16.443068 -16.703636 -17.053762 -16.001350 -15.154572 -15.917400 -17.052565 -16.751028 -16.545063 -16.579119
-16.033960 -13.954190 -15.832338 -17.521320 -16.392847 -16.878214 -16.512394 -17.389378 -18.998432 -21.587978
-14.580208 -15.828907 -22.272652 -16.184319 -17.224203 -15.568350 -14.366568 -14.945870 -15.158588 -14.079797
-14.325594 -15.091555 -15.557529 -14.987142 -14.397579 -13.685588 -14.782589 -15.851895 -16.006815 -16.061256
-17.112497 -16.361443 -15.739431 -15.501249 -15.883299 -15.909161 -16.361834 -16.171217 -16.051764 -16.148617
-16.365206 -15.597992 -16.209621 -17.420668 -17.988539 -18.487404 -18.154129 -18.792124 -19.193535 -20.032270
-19.971180 -17.010170 -16.708229 -20.398840 -16.083279 -14.864359 -13.905333 -14.127890 -13.241385 -11.157334
-14.593119 -15.425554 -15.738066 -14.570907 -13.758843 -12.312500 -12.682917 -13.179972 -14.826448 -16.179846
-17.976557 -17.411453 -16.001270 -15.778746 -16.162680 -16.056557 -15.930438 -15.713537 -15.975368 -16.856533
-16.468203 -15.714608 -15.625910 -15.988044 -16.707026 -16.640644 -16.537403 -16.490705 -15.873284 -15.011681
-15.435725 -16.907856 -16.975510 -16.408747 -16.087534 -14.433490 -14.416909 -13.532666 -13.522991 -11.339401
-13.250452 -15.078987 -15.183208 -13.542402 -11.287873 -10.438056 -12.211681 -13.608215 -13.851656 -15.274261
-16.051535 -17.125460 -15.885441 -16.494358 -16.260662 -16.171116 -15.053331 -15.792267 -15.997255 -16.299099
-16.473162 -15.704723 -15.384546 -15.615723 -15.959429 -15.967265 -16.077755 -15.884068 -15.035948 -14.528237
-14.863058 -16.479734 -15.325185 -15.761303 -14.887991 -15.769667 -13.683251 -12.252356 -12.689726 -13.090246
-14.229101 -14.908334 -15.055151 -15.105034 -14.049193 -13.451053 -13.754830 -14.775546 -13.200287 -13.616093
-15.029115 -15.675117 -16.037041 -15.474363 -16.324476 -16.021126 -16.171665 -17.005665 -16.235298 -15.507498
-16.079977 -15.198687 -15.248148 -15.997247 -16.279613 -15.930104 -15.308578 -15.157413 -15.127247 -14.785416
-14.503131 -13.303010 -11.780684 -13.728929 -12.574171 -13.223362 -12.288529 -12.662325 -11.113592 -12.966176
-13.880346 -14.873326 -14.876839 -15.581284 -16.461063 -15.764292 -14.858881 -14.186898 -12.042340 -10.370011
-13.466324 -15.171457 -16.179882 -14.818960 -15.289841 -15.426203 -15.360460 -14.697655 -12.185205 -17.016975
-15.717873 -15.435637 -16.024147 -16.019375 -15.111803 -15.420273 -15.298439 -15.167021 -15.988052 -16.489866
-15.059921 -13.975914 -12.712626 -13.823093 -11.962692 -12.651561 -14.906930 -14.223648 -13.577750 -11.625534
-13.476274 -15.422823 -15.796263 -15.186094 -17.400066 -16.115236 -15.712818 -14.092351 -12.853505 -11.374608
-14.056571 -15.234836 -15.111919 -15.604759 -14.862899 -15.806120 -15.174099 -14.335333 -13.374862 -16.569756
-16.628330 -15.647903 -15.328794 -15.073215 -15.555317 -16.463171 -15.663570 -15.393977 -15.430033 -15.247616
-14.433506 -14.362015 -13.955013 -14.537359 -14.281931 -14.853532 -15.479996 -15.538904 -15.258974 -12.268559
-15.102920 -16.618225 -16.463644 -15.553350 -16.350550 -16.415951 -15.835276 -14.675586 -13.862611 -13.135008
-12.937084 -15.009308 -15.159868 -15.173807 -15.996337 -15.288052 -14.792837 -15.408182 -15.695381 -15.509580
-15.398819 -14.822241 -14.623299 -14.381920 -14.942787 -14.726412 -16.260241 -15.021962 -14.562522 -13.606503
-13.689605 -15.285736 -16.377125 -15.848574 -16.098898 -16.636457 -16.677366 -16.179876 -14.917558 -12.898643
-14.605970 -15.570457 -15.506184 -15.288965 -16.096300 -16.709812 -16.288710 -16.105186 -15.394106 -15.885116
-13.890635 -15.238941 -15.968543 -13.405237 -12.270646 -9.300314 -12.111450 -12.852026 -14.199984 -14.416495
-15.096130 -14.216839 -13.563486 -12.217364 -14.223892 -14.433867 -14.622421 -13.848181 -14.351102 -15.304682
-15.292475 -16.279516 -15.955215 -16.400604 -17.172386 -16.434906 -16.120754 -15.570700 -15.042997 -13.365187
-14.673066 -16.044491 -15.916054 -15.917301 -15.711273 -16.075829 -16.045246 -16.355841 -16.501827 -16.743279
-16.900019 -16.177912 -16.367002 -15.049885 -14.711607 -12.187495 -13.669895 -13.213515 -13.993076 -14.557281
-14.567119 -13.400763 -14.082931 -12.817965 -13.566494 -13.249658 -13.392712 -14.168583 -15.467609 -16.744219
-17.337765 -17.302288 -16.606472 -17.303295 -17.394526 -17.147379 -15.917711 -15.598925 -15.267651 -14.226796
-14.506198 -16.542204 -16.761621 -15.857782 -15.254062 -15.940045 -15.867521 -15.751095 -16.039803 -15.716570
-16.664167 -16.647213 -16.502295 -15.876520 -16.019901 -15.892619 -15.305025 -15.244307 -15.018011 -14.876074
-14.254146 -14.130306 -16.264217 -15.619026 -14.568041 -13.627726 -13.052034 -15.717024 -17.402309 -16.848354
-17.320084 -18.486464 -19.762615 -19.854610 -17.823334 -14.892320 -17.306135 -17.234560 -14.598610 -14.672148
-15.195230 -16.508089 -15.255661 -15.376393 -15.417011 -17.632107 -15.656563 -15.400076 -15.592680 -15.953728
-16.194664 -16.299070 -16.830837 -17.095631 -17.313412 -16.682581 -16.245045 -16.661552 -16.925644 -17.022028
-16.942223 -16.614128 -16.768950 -17.003790 -15.756506 -15.818216 -16.050335 -16.081648 -16.273615 -16.391243
-16.464878 -15.799441 -15.182550 -15.746601 -17.099051 -19.765198 -14.706272 -15.372415 -14.824895 -13.484169
-14.959372 -15.873631 -15.479418 -18.134369 -15.786406 -20.670750 -16.504143 -14.766285 -15.795457 -16.951975
-16.778967 -16.725388 -16.319328 -16.690220 -16.913448 -17.876043 -18.910694 -18.743479 -18.595098 -18.371374
-18.464863 -18.034082 -16.627634 -16.450094 -14.977806 -15.711047 -13.975382 -15.276850 -17.348665 -16.117714
-15.410196 -14.807616 -15.658222 -16.717081 -18.079586 -28.140425 -19.913940 -16.109959 -17.474232 -12.620440
-14.802717 -15.821905 -14.935755 -20.004200 -18.663891 -13.995220 -21.191319 -15.203659 -15.781991 -15.634205
-15.656803 -14.730259 -14.412024 -15.736565 -15.571867 -15.447276 -16.196894 -15.882505 -15.393635 -16.648016
-16.284676 -15.491912 -15.326923 -15.207022 -15.222235 -15.993601 -15.092075 -16.462036 -17.109282 -15.463160
-14.901102 -15.262814 -17.938145 -18.423996 -16.297499 -14.736761 -18.627466 -13.294672 -13.565683 -13.941981
-16.352188 -18.503115 -15.252684 -17.731993 -26.244495 -16.130764 -17.333473 -19.053385 -15.601568 -14.889145
-13.736166 -14.480689 -13.578666 -13.077925 -13.929398 -14.766418 -15.633179 -16.164213 -15.603210 -15.226996
-15.710909 -15.450184 -14.911629 -14.069860 -13.981331 -14.741032 -15.776306 -15.996298 -16.606947 -15.698660
-14.990379 -15.877943 -15.619858 -16.456860 -19.808144 -17.638580 -13.995996 -13.100179 -14.259663 -15.963215
-15.572387 -18.397585 -16.540749 -14.354373 -19.530613 -16.296846 -16.690058 -17.036131 -18.472250 -17.794798
-14.180363 -12.687858 -11.881611 -10.604317 -10.701488 -10.911697 -11.911621 -12.112143 -12.215924 -12.670111
-14.474194 -15.294773 -15.437832 -15.515750 -15.343504 -15.559065 -15.736793 -16.108036 -15.184877 -15.665594
-14.959101 -15.467439 -15.331089 -15.388894 -15.229763 -13.402798 -14.135182 -14.068032 -14.311388 -16.013044

