-15.303689 -12.228053 -12.395483 -13.408594 -15.139656 -15.781914 -15.834543 -14.954176 -15.591459 -16.498854
-15.649666 -14.766096 -15.056108 -15.625491 -15.062758 -14.697432 -14.964278 -14.434631 -13.887333 -12.532827
-13.523087 -12.367268 -12.877573 -13.297705 -13.928331 -14.443465 -15.756801 -14.778270 -14.814045 -15.372111
-16.225836 -14.570402 -15.754863 -16.825020 -15.556961 -14.568470 -14.798525 -14.509441 -13.409767 -14.613808
-14.064663 -13.474878 -13.302286 -13.281530 -13.494516 -13.447642 -13.324974 -12.138673 -13.002149 -13.692157
-12.713846 -14.048420 -15.001138 -13.743142 -14.086088 -13.289915 -13.613935 -13.534082 -13.479679 -13.573478
-13.937058 -14.218435 -14.868855 -14.745932 -13.484470 -13.711765 -16.101086 -15.426017 -14.435535 -14.344990
-15.023306 -16.444965 -15.157963 -16.617504 -16.507061 -16.226532 -14.979280 -15.029902 -14.453352 -13.650247
-13.904256 -15.307454 -14.024085 -12.306613 -12.777825 -12.780530 -11.942566 -12.614313 -11.741035 -12.841840
-13.253080 -13.619797 -14.184734 -15.028193 -15.748529 -15.851925 -15.031771 -14.484976 -14.264124 -13.795914
-13.888702 -15.265707 -14.388865 -14.239329 -13.811584 -11.328617 -10.290714 -10.664392 -13.004910 -12.691291
-13.056994 -13.296813 -14.827714 -16.226330 -16.208097 -13.708708 -14.342865 -14.587278 -13.893660 -13.474344
-15.328038 -14.989594 -14.019792 -13.686384 -13.466684 -14.250576 -12.755167 -11.037373 -12.452350 -14.052057
-13.877719 -12.897717 -15.109868 -16.518616 -17.598265 -15.159058 -14.155813 -13.041614 -13.095441 -12.951906
-14.736015 -14.193453 -14.241760 -13.472050 -13.630987 -16.412260 -12.843781 -11.734346 -13.591954 -13.536531
-13.668051 -14.263380 -14.716331 -15.325882 -16.867451 -18.364239 -18.265905 -17.284309 -15.085850 -13.704626
-14.888297 -16.092997 -14.937759 -16.110609 -16.201435 -15.903613 -14.009546 -11.775831 -12.751173 -12.800474
-12.845057 -14.213653 -13.940292 -14.675893 -15.340434 -16.114267 -15.348001 -15.240904 -14.366592 -14.526251
-14.756020 -15.871414 -14.674816 -13.404868 -14.518608 -14.403282 -17.334389 -17.989288 -15.364229 -14.461749
-14.444543 -15.494600 -14.902444 -15.893859 -15.715689 -16.058258 -15.627240 -14.295536 -14.228992 -14.432747
-15.226841 -14.640292 -13.666679 -14.129799 -14.881385 -13.205479 -13.784345 -14.995890 -15.132957 -14.598890
-15.139876 -14.848091 -14.937379 -16.375984 -15.591283 -15.389835 -15.442321 -14.091366 -14.399605 -14.885324
-13.772890 -13.229492 -13.993458 -14.582948 -14.319297 -12.677740 -12.790472 -14.615891 -15.885235 -15.581181
-15.109111 -14.475824 -15.523012 -14.603393 -15.117626 -14.960032 -15.729221 -14.567446 -16.374836 -15.414772
-14.114964 -14.566595 -13.523149 -14.823901 -15.587845 -15.614264 -16.472771 -14.864402 -14.188287 -15.460991
-13.892315 -13.841583 -15.078885 -15.560690 -14.444942 -14.131424 -14.028722 -15.239220 -15.571621 -15.134600
-13.930409 -13.888073 -13.423243 -14.622454 -14.113577 -14.443525 -12.882171 -14.557369 -15.555662 -14.829687
-15.883537 -15.508995 -15.824446 -13.961244 -15.092083 -14.896669 -12.769896 -14.127939 -14.535166 -14.851618
-14.638806 -14.545334 -14.151127 -15.239857 -13.693262 -13.592479 -16.198347 -16.591026 -13.479735 -13.720383
-15.281361 -14.955839 -16.274010 -18.232883 -17.042053 -16.518950 -15.583090 -13.495845 -13.716551 -13.733290
-14.312435 -14.797016 -14.616486 -14.692089 -14.023430 -13.545692 -13.861620 -14.452915 -15.096964 -15.575307
-14.295444 -14.108463 -14.423851 -15.586369 -15.185369 -14.233356 -14.735733 -13.467398 -13.894798 -13.534229
-14.838353 -15.775114 -14.557683 -13.866590 -14.787044 -13.848956 -13.663027 -14.601872 -14.949596 -14.482344
-14.198439 -14.005127 -13.529881 -13.725432 -14.527790 -12.536506 -15.358835 -13.291899 -13.749378 -14.138287
-14.042145 -14.913063 -15.727542 -14.906521 -14.266863 -14.377214 -14.589040 -15.127434 -15.956863 -15.567165
-14.782881 -13.860437 -13.266823 -12.893419 -12.509397 -14.115439 -14.506790 -13.720989 -14.400906 -14.583674
-15.067245 -15.560989 -14.944351 -13.930842 -13.676383 -15.152576 -14.923595 -14.853783 -15.542829 -14.528435
-14.694933 -15.645064 -13.689712 -13.524224 -13.099745 -14.902687 -13.108513 -14.356384 -13.727516 -14.763428
-14.012866 -15.529782 -15.423454 -15.569425 -15.028389 -15.278361 -15.372417 -15.430433 -15.557209 -16.038313
-15.812964 -15.801186 -15.617216 -15.887634 -15.527164 -15.076752 -15.162319 -15.707163 -14.527819 -16.670454

