0.150920 -0.273817 -0.223490 -0.246218 -0.267999 -0.272692 -0.274867 -0.275950 -0.277957 -0.278452
-0.278366 -0.278373 -0.277547 -0.274170 -0.270580 -0.266097 -0.254049 -0.234293 -0.207590 -0.048145
-0.171833 -0.270039 -0.269659 -0.261537 -0.270644 -0.271812 -0.269881 -0.265285 -0.261606 -0.256936
-0.253761 -0.245062 -0.218996 -0.186888 -0.209653 -0.223696 -0.224949 -0.241994 -0.264828 -0.258247
-0.225619 -0.265202 -0.277555 -0.270297 -0.270236 -0.268966 -0.259580 -0.250438 -0.253446 -0.262317
-0.269333 -0.275242 -0.276338 -0.275427 -0.276924 -0.274821 -0.248839 -0.255355 -0.278036 -0.276331
-0.228100 -0.266884 -0.275562 -0.264516 -0.258956 -0.204428 -0.024412 0.155815 0.101250 -0.107789
-0.222031 -0.251856 -0.266281 -0.272184 -0.277332 -0.275569 -0.234416 -0.256299 -0.276814 -0.274550
-0.225245 -0.275482 -0.232977 -0.173973 -0.149026 0.129963 0.716981 1.002803 0.825699 0.316718
-0.060278 -0.173060 -0.220069 -0.242938 -0.265941 -0.267997 -0.183025 -0.233536 -0.278423 -0.268517
-0.222594 -0.277421 -0.206443 -0.186846 -0.135215 0.285057 1.247113 1.550684 1.142304 0.483600
-0.020482 -0.146983 -0.171518 -0.190661 -0.258158 -0.269711 -0.222982 -0.256126 -0.277902 -0.269169
-0.196517 -0.278317 -0.227824 -0.271975 -0.245565 0.038533 0.924335 1.269434 0.537738 0.040358
-0.148932 -0.184090 -0.205645 -0.230224 -0.277359 -0.278464 -0.253518 -0.262739 -0.278068 -0.267295
-0.213074 -0.275955 -0.276527 -0.265971 -0.278177 -0.222957 -0.211438 -0.243601 -0.273215 -0.267006
-0.249803 -0.240620 -0.243691 -0.261669 -0.276869 -0.274562 -0.264276 -0.259924 -0.278439 -0.267153
-0.181094 -0.278439 -0.271341 -0.277208 -0.276269 -0.226999 -0.260774 -0.276492 -0.277114 -0.277203
-0.267383 -0.253647 -0.234342 -0.246431 -0.277347 -0.278433 -0.247053 -0.238258 -0.276191 -0.266524
-0.084132 -0.269165 -0.259724 -0.275484 -0.274592 -0.251729 -0.269166 -0.278064 -0.278377 -0.276697
-0.269269 -0.263475 -0.249875 -0.250280 -0.271232 -0.276076 -0.237704 -0.231713 -0.275091 -0.267130
0.396068 -0.164701 -0.240615 -0.274574 -0.269804 -0.245704 -0.222357 -0.200047 -0.239289 -0.258841
-0.255591 -0.250935 -0.237583 -0.239168 -0.260854 -0.273623 -0.257181 -0.256978 -0.278233 -0.268593
0.763650 -0.084157 -0.138858 -0.246499 -0.246240 -0.240515 -0.201136 -0.174052 -0.213135 -0.227466
-0.219118 -0.200226 -0.182767 -0.184709 -0.217007 -0.255783 -0.252011 -0.259639 -0.278406 -0.267780
-0.048159 -0.269595 -0.189831 -0.219499 -0.225229 -0.239382 -0.222451 -0.186468 -0.175805 -0.167337
-0.159439 -0.142247 -0.128820 -0.143136 -0.191412 -0.250708 -0.242797 -0.254489 -0.274143 -0.258622
-0.104787 -0.253259 -0.076052 -0.058470 -0.125652 -0.188330 -0.166464 -0.069596 0.021845 0.048107
-0.009484 -0.082297 -0.123005 -0.151184 -0.175163 -0.215734 -0.194242 -0.218394 -0.239875 -0.219638
-0.146132 -0.278262 -0.214218 -0.081940 0.026903 0.051178 0.293237 0.751257 1.009598 0.922290
0.649876 0.333225 0.097005 -0.017651 -0.037366 -0.060607 -0.062971 -0.123470 -0.160485 -0.160557
-0.153945 -0.276728 -0.266704 -0.235661 -0.097941 -0.013009 0.330324 0.753280 0.749707 0.544467
0.375164 0.325396 0.146643 -0.060789 -0.158800 -0.172929 -0.135915 -0.181772 -0.235569 -0.251793
-0.115315 -0.273887 -0.205286 -0.172538 -0.046549 0.114333 0.370802 0.855262 0.692585 0.460764
0.421397 0.615785 0.733463 0.429806 0.076660 -0.040156 -0.057475 -0.169019 -0.256492 -0.271543
0.159226 -0.185247 -0.024184 0.012343 0.247044 0.599411 0.897101 1.015029 1.039869 1.081446
1.267960 1.455729 1.638283 1.447097 0.919330 0.638329 0.424000 0.133458 -0.150323 -0.244555
0.181214 -0.178933 0.033345 0.210946 0.507324 0.848741 0.896768 0.794964 0.716833 0.743858
0.857603 1.027785 1.127969 1.100314 0.790473 0.604151 0.459739 0.197629 -0.099280 -0.232422
0.020527 -0.052791 0.150308 0.293192 0.371544 0.420307 0.476458 0.490867 0.500949 0.512754
0.490317 0.459620 0.439292 0.454709 0.483319 0.591604 0.647873 0.516158 0.140996 -0.047505
-0.252229 -0.277324 -0.278342 -0.276728 -0.273916 -0.272759 -0.273040 -0.274568 -0.273908 -0.270280
-0.266828 -0.263942 -0.263624 -0.266171 -0.269851 -0.270232 -0.271714 -0.276320 -0.277517 -0.270252
-0.158540 -0.264087 -0.262549 -0.255064 -0.253264 -0.245645 -0.234525 -0.223466 -0.213993 -0.204418
-0.199191 -0.206650 -0.213949 -0.219583 -0.211951 -0.217453 -0.226719 -0.240191 -0.253540 -0.151640
0.608399 0.360789 0.463514 0.548359 0.503702 0.535987 0.576235 0.622965 0.628450 0.591916
0.508482 0.398398 0.285481 0.216507 0.259823 0.361085 0.422027 0.467058 0.477354 0.504122
1.442400 1.352397 1.578354 1.641756 1.540390 1.538920 1.509227 1.473289 1.484263 1.484304
1.428205 1.321043 1.182278 1.073344 1.090662 1.183057 1.288452 1.397249 1.485030 1.220241
1.759344 1.808843 2.109497 2.112644 2.051102 1.882325 1.454899 1.136518 1.206041 1.611253
1.973174 2.080312 2.027302 1.892147 1.861966 1.919109 2.011673 2.160198 2.264772 1.710580
1.704601 1.708367 1.801992 1.684660 1.709402 1.360139 0.526366 0.097333 0.184536 0.925790
2.014766 2.554475 2.673070 2.543785 2.468667 2.515626 2.598690 2.727864 2.739530 1.980110
1.505090 1.313277 1.126116 0.963455 1.144828 0.711237 -0.179599 -0.266110 -0.277736 0.290946
1.878797 2.813607 3.022171 2.870625 2.775951 2.869094 3.018322 3.151544 3.052288 2.122825
1.269077 0.999819 0.852809 0.899598 1.242454 0.768866 -0.226891 -0.247783 -0.277917 0.466928
2.106296 2.984386 3.153905 2.966228 2.866678 2.971741 3.211228 3.411981 3.217992 2.160881
1.394831 1.370995 1.630881 1.770849 2.053243 1.749865 0.721342 0.242215 0.475736 1.386306
2.329897 2.913767 3.080925 2.939382 2.846827 2.929935 3.176632 3.395305 3.190092 2.135196
1.655315 2.085114 2.718932 2.928904 3.033381 2.781018 2.189493 1.769550 1.669474 1.803512
2.175826 2.595918 2.806723 2.767617 2.721176 2.788919 3.053807 3.282863 3.096967 2.095827
1.474618 2.093732 3.187768 3.591030 3.673651 3.461538 2.981527 2.548935 2.221940 1.994130
2.097684 2.418721 2.594782 2.574594 2.511799 2.622817 3.013719 3.296300 3.032347 2.001525
0.534728 1.205641 2.969601 3.896508 4.089203 3.902040 3.445891 3.005934 2.769790 2.670779
2.690199 2.808632 2.832078 2.755809 2.698902 2.893295 3.264784 3.370943 2.873900 1.789473
0.133891 0.386611 2.039385 3.647306 4.158983 4.020629 3.565579 3.229877 3.239152 3.330845
3.373202 3.411403 3.393100 3.303496 3.281554 3.436423 3.599998 3.410898 2.727844 1.610026
0.434822 0.298984 0.990000 2.409041 3.302423 3.504461 3.256329 3.095494 3.235581 3.425482
3.535608 3.611205 3.625097 3.610898 3.657213 3.747927 3.751165 3.461622 2.730773 1.544334
0.743096 0.287654 0.289115 0.728710 1.643378 2.312752 2.368773 2.136158 2.007701 2.054338
2.282961 2.690181 3.103418 3.373350 3.497278 3.543209 3.563040 3.326213 2.574060 1.390571
1.117124 0.741006 0.627927 0.502415 0.669375 1.072805 0.889056 0.369062 0.053536 0.016325
0.257647 0.840466 1.607624 2.159133 2.334090 2.442447 2.670557 2.616658 2.014966 1.181170
1.438840 1.395150 1.493825 1.160165 0.876061 0.671090 0.261611 -0.135433 -0.194118 -0.113155
0.046470 0.215317 0.469348 0.870848 1.147409 1.361532 1.651582 1.829011 1.663192 1.283612
1.156418 1.063492 1.195279 1.006168 0.709263 0.395599 0.038253 -0.150222 -0.178523 -0.114062
-0.067289 -0.071304 -0.078125 0.067960 0.416126 0.650052 0.799470 0.967046 1.102376 1.155063
0.357639 0.110988 0.107533 0.077942 -0.061322 -0.206973 -0.260110 -0.273251 -0.276259 -0.277750
-0.278244 -0.273991 -0.272232 -0.278464 -0.243536 -0.148532 -0.059006 0.018617 0.205880 0.636884
0.639879 0.577658 0.585487 0.402908 0.114695 -0.055021 -0.123690 -0.136990 -0.137816 -0.161728
-0.195956 -0.222337 -0.227376 -0.188555 -0.061278 0.157106 0.350594 0.481180 0.813276 1.043324
1.466891 1.447901 0.703406 0.425001 0.304239 0.257160 0.240022 0.235592 0.226597 0.225903
0.214917 0.169379 0.189398 0.329292 0.604170 0.651098 0.569173 1.047747 2.120233 3.294816
1.423621 1.515332 0.298900 0.002490 -0.077835 -0.097434 -0.097188 -0.100689 -0.125754 -0.145657
-0.163665 -0.192512 -0.184250 -0.088662 0.219369 0.350184 0.171507 0.662960 2.061947 3.387070
1.555491 1.661935 0.317354 0.016317 -0.066134 -0.082075 -0.047207 -0.036196 -0.121737 -0.179344
-0.198414 -0.214484 -0.211848 -0.142311 0.231415 0.679858 0.281355 0.592638 2.024610 3.369560
1.560092 1.582250 0.433783 0.200566 0.075186 0.040833 0.190880 0.405201 0.136865 -0.100564
-0.159487 -0.176489 -0.187371 -0.138156 0.323981 1.254086 0.626722 0.604886 1.995907 3.363714
1.438698 1.356570 0.581686 0.657750 0.328357 0.201463 0.614038 1.463938 1.038749 0.199422
-0.044857 -0.114665 -0.160718 -0.129441 0.416356 1.644047 1.090888 0.663273 1.986117 3.372297
1.170758 0.850402 0.599650 1.288201 0.641612 0.280808 0.963004 2.318628 2.265102 0.824508
0.145078 -0.053413 -0.156050 -0.134960 0.460195 1.839634 1.315002 0.718104 1.991279 3.382350
0.831778 0.315919 0.432042 1.717409 1.008033 0.277583 1.024323 2.579680 2.707032 1.467585
0.313545 -0.021864 -0.166857 -0.147423 0.489769 1.960662 1.385209 0.738052 1.988628 3.391014
0.617462 0.047587 0.261380 1.831393 1.424297 0.289373 0.830281 2.203871 2.264559 1.350058
0.326481 -0.025815 -0.175881 -0.150161 0.539769 2.093655 1.528630 0.775232 1.991719 3.402617
0.662966 0.031703 0.257842 1.772096 1.489627 0.157665 0.296322 1.049852 1.135263 0.761130
0.171723 -0.085918 -0.191269 -0.151384 0.603206 2.223782 1.753144 0.834052 2.009820 3.416065
0.965787 0.164208 0.336758 1.544842 0.911245 -0.042983 -0.100132 0.057583 0.202446 0.201987
-0.045492 -0.185759 -0.228593 -0.177619 0.593818 2.264621 1.805885 0.847477 2.016972 3.425565
1.452265 0.523997 0.419222 1.098144 0.319903 -0.159107 -0.210773 -0.195123 -0.129757 -0.096712
-0.192201 -0.250194 -0.257910 -0.207131 0.507386 2.115695 1.449405 0.762020 1.994324 3.430813
1.882705 1.248149 0.578697 0.665500 0.057341 -0.187496 -0.221498 -0.221845 -0.187534 -0.171699
-0.224472 -0.255073 -0.250028 -0.187274 0.436202 1.706996 0.810182 0.611677 1.952718 3.430170
1.944299 1.821968 0.807872 0.489629 0.006411 -0.174729 -0.203174 -0.197196 -0.172625 -0.163412
-0.203005 -0.224974 -0.206470 -0.135193 0.272306 0.923052 0.263001 0.500603 1.939070 3.423695
1.633305 1.773465 0.795281 0.535970 0.071315 -0.130243 -0.160985 -0.142287 -0.117515 -0.105263
-0.147484 -0.174995 -0.149629 -0.087500 0.106401 0.223740 0.027674 0.491023 1.961343 3.416503
1.156701 1.219305 0.475270 0.540912 0.175798 -0.068425 -0.124965 -0.100306 -0.071293 -0.027876
-0.052652 -0.093887 -0.081984 -0.049628 0.012425 -0.039641 -0.054354 0.482827 1.986136 3.424812
0.822390 0.628315 0.251834 0.395408 0.191709 -0.038245 -0.103886 -0.081833 -0.031843 0.042585
0.042070 0.010824 0.023762 0.002396 -0.016605 -0.103475 -0.076198 0.487921 2.014316 3.442949
0.568223 0.296255 0.067497 0.097585 0.048523 -0.041408 -0.073031 -0.041140 0.009383 0.053778
0.059382 0.087852 0.148516 0.045701 -0.063208 -0.158456 -0.113365 0.473760 2.018939 3.452032
0.307065 0.075745 -0.083236 -0.120130 -0.122413 -0.112569 -0.093963 -0.069564 -0.059556 -0.060593
-0.039185 0.050219 0.170129 0.016205 -0.144114 -0.218453 -0.166040 0.426035 2.004005 3.461109
0.211795 -0.009325 -0.128090 -0.183301 -0.182160 -0.145727 -0.103172 -0.083032 -0.105289 -0.128017
-0.099610 -0.005422 0.097568 -0.037889 -0.174573 -0.221344 -0.157520 0.416633 1.887820 3.394271
1.048471 0.805993 0.667743 0.566871 0.570457 0.648366 0.733101 0.752469 0.695241 0.641927
0.683888 0.812142 0.893573 0.754830 0.579438 0.506793 0.644275 1.261633 2.255636 3.201979
2.412537 2.581936 2.543211 2.500434 2.479182 2.466513 2.468824 2.467147 2.440970 2.405639
2.382167 2.371891 2.379169 2.392307 2.385604 2.366509 2.398288 2.490245 2.488274 2.279556
1.119332 0.926197 0.975651 0.997851 1.003222 0.975577 0.946587 0.921284 0.912516 0.927622
0.949019 0.981002 1.027593 1.051873 1.005374 0.945453 0.948990 0.975234 0.876209 1.043003
0.433820 0.133290 0.141402 0.123119 0.124027 0.138936 0.176630 0.201743 0.205448 0.209028
0.206358 0.202064 0.225556 0.265237 0.246454 0.188244 0.180731 0.182175 0.110745 0.441443
0.285630 -0.003966 -0.013341 -0.034057 -0.038447 0.028008 0.192131 0.314512 0.269591 0.130144
0.004965 -0.068157 -0.094329 -0.084355 -0.079311 -0.078858 -0.053452 -0.042054 -0.091936 0.222760
0.301989 0.037603 0.063219 0.067578 0.054656 0.220516 0.621730 0.904885 0.775022 0.366318
0.031571 -0.117477 -0.169868 -0.172705 -0.170517 -0.164465 -0.140913 -0.122279 -0.154275 0.145735
0.388367 0.173954 0.293329 0.308325 0.249929 0.572331 1.292616 1.696896 1.465330 0.759630
0.141816 -0.104727 -0.172246 -0.174213 -0.179558 -0.190666 -0.183385 -0.169566 -0.184428 0.109205
0.481142 0.300318 0.410801 0.336468 0.245547 0.643887 1.531621 2.083229 1.804348 0.894936
0.154099 -0.109607 -0.171366 -0.170550 -0.182535 -0.206221 -0.209568 -0.199212 -0.202437 0.095041
0.466698 0.210261 0.174989 0.058254 0.017798 0.253581 0.711543 1.061245 1.028649 0.536243
0.089735 -0.111101 -0.172394 -0.178836 -0.194955 -0.215475 -0.216673 -0.202613 -0.200764 0.102944
0.365216 0.002371 -0.120874 -0.184301 -0.172887 -0.086850 -0.029525 0.010887 0.162627 0.188891
0.049220 -0.092758 -0.159310 -0.173762 -0.191988 -0.211166 -0.209676 -0.191511 -0.189316 0.113925
0.433535 -0.011767 -0.187075 -0.244873 -0.236242 -0.188744 -0.162428 -0.122018 -0.010830 0.074612
0.022965 -0.081437 -0.143720 -0.158456 -0.171832 -0.192215 -0.195916 -0.176170 -0.175247 0.129206
0.804270 0.222917 -0.142653 -0.248854 -0.254032 -0.228977 -0.199459 -0.154187 -0.099744 -0.061424
-0.078726 -0.130992 -0.164497 -0.168965 -0.173513 -0.192297 -0.199412 -0.174157 -0.161645 0.164366
1.336544 0.774167 0.078081 -0.201115 -0.247740 -0.240122 -0.215810 -0.182357 -0.170034 -0.174839
-0.184951 -0.199952 -0.208427 -0.206019 -0.209004 -0.223328 -0.219401 -0.183125 -0.150893 0.210616
1.166021 0.877106 0.397120 -0.029936 -0.179634 -0.208385 -0.195265 -0.170623 -0.170711 -0.185687
-0.201428 -0.216310 -0.226804 -0.229621 -0.235855 -0.241631 -0.229023 -0.192192 -0.146375 0.255185
0.823865 0.748867 0.747405 0.384162 0.081371 -0.055195 -0.063155 -0.006301 0.038567 0.035307
-0.023721 -0.104759 -0.170023 -0.202184 -0.215822 -0.218344 -0.207004 -0.178616 -0.123221 0.320997
0.641940 0.560862 0.781667 0.767636 0.510707 0.322965 0.352148 0.556470 0.747851 0.776693
0.628445 0.385996 0.160586 0.033148 -0.016518 -0.048260 -0.073595 -0.071237 -0.013122 0.438412
0.479043 0.250563 0.341967 0.491189 0.598460 0.662654 0.887980 1.227667 1.427642 1.386928
1.201394 0.945904 0.646529 0.410719 0.282542 0.202173 0.128173 0.088619 0.081006 0.432710
0.515637 0.259666 0.273841 0.356349 0.507200 0.714442 1.005512 1.294461 1.317299 1.177173
1.101071 1.116099 1.020092 0.740818 0.486431 0.343814 0.274988 0.203011 0.104535 0.351812
0.827798 0.632924 0.648407 0.701373 0.854373 1.055449 1.235466 1.351576 1.390954 1.404897
1.466488 1.562135 1.581986 1.378647 1.032362 0.768058 0.632913 0.495082 0.285456 0.437756
1.046921 0.899610 0.971674 1.052610 1.272379 1.520465 1.633949 1.642405 1.657154 1.727207
1.843628 1.944034 1.944751 1.783280 1.454605 1.119435 0.909451 0.718283 0.462090 0.571883
0.857163 0.589949 0.679047 0.776215 0.909803 1.008048 1.049275 1.049210 1.043904 1.055856
1.079105 1.104155 1.111744 1.062707 0.927137 0.760485 0.637098 0.504865 0.361627 0.633127
-0.256527 -0.076402 -0.133071 -0.271932 -0.100195 0.305346 0.587600 0.649448 0.530673 0.648886
0.980158 1.198851 1.194592 0.922445 0.271819 0.032167 0.284280 0.119901 -0.278136 -0.141594
-0.253464 -0.042291 -0.087437 -0.165494 -0.278433 -0.116059 0.259363 0.401465 0.370045 0.651549
1.151443 1.376899 1.564568 1.197518 0.289124 -0.022795 0.443872 0.584953 -0.265948 -0.099235
-0.269120 -0.046039 -0.067231 -0.181709 -0.277969 -0.098059 0.470079 0.531903 0.345441 0.565659
0.871352 0.974168 1.501625 1.443826 0.205019 -0.196602 0.521363 1.312283 -0.216538 -0.063674
-0.272939 -0.049967 -0.074060 -0.207381 -0.278394 -0.101014 0.806531 0.398859 0.162442 0.386501
0.359142 0.487069 1.274127 1.355887 -0.124621 -0.273507 0.153349 1.332784 -0.162530 -0.054896
-0.275176 -0.072881 -0.140505 -0.253400 -0.240110 -0.114818 1.208740 -0.204667 -0.278173 -0.226178
-0.158689 0.207834 1.246118 1.405061 -0.244071 -0.213827 -0.100650 0.728946 -0.161499 -0.062337
-0.277976 -0.128459 -0.252699 -0.261816 -0.120380 -0.152660 1.440295 -0.243640 -0.087543 -0.191207
-0.275569 -0.049688 1.340344 1.944216 -0.261755 -0.167187 -0.207565 0.811028 -0.192517 -0.069021
-0.277737 -0.196436 -0.271733 -0.182356 -0.065472 -0.162430 1.964347 -0.186065 -0.029239 -0.102217
-0.232864 -0.156707 1.472010 2.289742 -0.278329 -0.132136 -0.268805 0.943962 -0.228920 -0.071977
-0.276047 -0.225547 -0.268379 -0.116564 -0.037591 -0.234524 1.701068 -0.223313 -0.051635 -0.138792
-0.252662 -0.071893 1.683612 2.722522 -0.272689 -0.125610 -0.278252 1.027021 -0.265489 -0.082130
-0.276291 -0.213396 -0.278456 -0.128089 -0.037966 -0.242869 1.490620 -0.159936 -0.233513 -0.255501
-0.269881 0.256038 1.976714 2.692452 -0.203209 -0.136706 -0.278430 1.148867 -0.278458 -0.084861
-0.277025 -0.160172 -0.206920 -0.168565 -0.109694 -0.134225 1.993219 1.216013 -0.034990 -0.258467
-0.132887 0.703490 2.100742 1.988401 -0.094906 -0.161180 -0.278173 1.326747 -0.273697 -0.077688
-0.278250 -0.118034 -0.137157 -0.190854 -0.267974 0.038238 2.274208 2.584802 0.725030 -0.091238
0.054435 1.070936 1.845872 1.017142 -0.176020 -0.157063 -0.276590 1.173714 -0.278428 -0.066315
-0.269520 -0.073603 -0.092999 -0.174056 -0.276704 0.133175 2.489249 4.002876 2.385708 0.698892
0.945724 2.007121 2.132185 0.860381 -0.124720 -0.207594 -0.277440 0.780225 -0.253647 -0.056146
-0.261448 -0.058843 -0.065978 -0.154734 -0.276179 0.170321 2.695452 4.886674 4.096115 2.552062
2.231799 2.730475 2.692134 1.108023 0.248028 -0.259219 0.029441 0.880024 -0.221586 -0.049962
-0.275558 -0.058189 -0.050949 -0.150561 -0.276905 0.203795 2.738211 4.840814 4.952665 3.714652
3.009350 2.850555 2.992530 2.372431 2.369260 1.627457 1.671269 1.290247 -0.237050 -0.050721
-0.278284 -0.063442 -0.056475 -0.156991 -0.274969 0.186134 2.343607 3.905668 3.831823 2.529566
1.939075 1.906374 2.440219 2.928402 3.420810 3.284072 2.940480 1.556998 -0.265196 -0.053321
-0.276304 -0.085945 -0.088943 -0.208451 -0.273568 0.194732 1.483788 2.220400 1.347237 0.236751
0.339289 0.818947 1.573150 2.507912 3.356549 3.596358 3.788486 1.684477 -0.276347 -0.051825
-0.272749 -0.115346 -0.120921 -0.233380 -0.243745 0.353585 1.297989 1.322360 0.485499 0.013226
0.202444 0.788958 1.256866 2.137915 3.309175 4.252576 4.984016 2.214300 -0.277459 -0.048911
-0.255595 -0.160372 -0.148258 -0.251829 -0.235158 0.306486 1.085367 1.122698 0.512429 0.263303
0.437270 0.764074 0.970705 1.559230 2.882463 4.442208 5.290736 2.239966 -0.255947 -0.049893
-0.236454 -0.198760 -0.174472 -0.270958 -0.199888 0.292059 0.944423 1.057280 0.718160 0.537775
0.481184 0.509048 0.603028 0.985884 1.816419 3.414381 4.238808 1.164796 -0.217974 -0.061909
-0.250534 -0.121740 -0.095224 -0.186870 -0.251741 -0.278305 -0.275336 -0.278463 -0.277553 -0.274393
-0.274859 -0.276527 -0.275775 -0.277982 -0.245519 -0.033704 0.171493 -0.276868 -0.112521 -0.065575
-0.015397 -0.084587 -0.045460 -0.140144 -0.177219 -0.188738 -0.195806 -0.190980 -0.182048 -0.178416
-0.172825 -0.175085 -0.192640 -0.211334 -0.188152 -0.131277 -0.144236 -0.204368 0.055788 0.994073
0.004056 -0.039130 -0.152158 -0.243043 -0.259192 -0.258913 -0.256197 -0.249909 -0.247880 -0.256497
-0.261911 -0.265824 -0.271207 -0.276148 -0.271017 -0.233910 -0.218710 -0.273181 -0.171002 0.695342
0.080653 0.051905 -0.095069 -0.221023 -0.244096 -0.249432 -0.254794 -0.243470 -0.233670 -0.256839
-0.267128 -0.269062 -0.272422 -0.278217 -0.277319 -0.225840 -0.157196 -0.269642 -0.182595 0.701296
0.156962 0.017304 -0.096508 -0.214166 -0.208468 -0.219851 -0.226719 -0.206934 -0.156718 -0.197901
-0.247728 -0.247561 -0.251043 -0.273626 -0.274953 -0.125915 -0.066982 -0.256541 -0.194672 0.641783
0.185468 0.082507 -0.114644 -0.178675 -0.111497 -0.182339 -0.199679 0.095610 0.058992 -0.057143
-0.185490 -0.218290 -0.235851 -0.272577 -0.275509 -0.130295 0.173271 -0.238470 -0.198794 0.620000
0.170868 -0.030320 -0.185031 -0.109983 0.017749 -0.146679 -0.193857 0.291309 0.843255 0.123007
-0.105218 -0.192986 -0.235094 -0.276329 -0.278367 -0.143697 0.235824 -0.224464 -0.201875 0.610966
0.116933 -0.168093 -0.258896 -0.128378 0.108684 -0.116607 -0.201516 0.221247 0.805571 0.487222
-0.036614 -0.171180 -0.238039 -0.278286 -0.277928 -0.158444 0.234690 -0.218694 -0.209359 0.600822
0.058196 -0.232590 -0.278192 -0.177174 0.293909 -0.026608 -0.135967 0.282002 0.636836 0.296338
-0.063238 -0.165912 -0.239570 -0.278463 -0.276359 -0.154606 0.275337 -0.207774 -0.207500 0.607213
0.098177 -0.205308 -0.267186 -0.110363 0.617892 -0.046879 -0.188930 0.026075 0.069630 -0.002217
-0.127114 -0.189451 -0.250734 -0.278176 -0.275167 -0.146724 0.399439 -0.190537 -0.198214 0.617865
0.249116 -0.151658 -0.220549 -0.053914 0.213455 -0.135256 -0.255208 -0.250814 -0.222200 -0.178693
-0.201952 -0.233907 -0.268209 -0.276106 -0.272553 -0.146838 0.492779 -0.196570 -0.198068 0.620932
0.358598 -0.134566 -0.181746 -0.070182 -0.105009 -0.198530 -0.251499 -0.260609 -0.258309 -0.249765
-0.250134 -0.269648 -0.278290 -0.270573 -0.272067 -0.132577 0.363217 -0.227408 -0.210924 0.617052
0.410215 0.057765 -0.095173 -0.116320 -0.174165 -0.229119 -0.245072 -0.256660 -0.258011 -0.243901
-0.244518 -0.259337 -0.272077 -0.278435 -0.275513 -0.068195 0.026283 -0.265796 -0.227250 0.610792
0.327353 0.193116 0.057601 -0.121952 -0.175891 -0.225826 -0.232497 -0.233892 -0.238432 -0.224215
-0.220259 -0.231197 -0.244736 -0.264554 -0.257975 -0.098379 -0.195925 -0.277789 -0.229183 0.618199
0.308338 0.185529 0.099874 -0.078196 -0.138660 -0.181105 -0.191085 -0.178400 -0.180258 -0.171583
-0.186301 -0.223036 -0.234159 -0.256011 -0.247212 -0.219540 -0.238615 -0.278160 -0.218784 0.651115
0.132924 0.055733 -0.108764 -0.104478 -0.124778 -0.146093 -0.166291 -0.152617 -0.158522 -0.140130
-0.140495 -0.177024 -0.169582 -0.193871 -0.193715 -0.191407 -0.243301 -0.278464 -0.223143 0.669394
0.059060 -0.152444 -0.145035 -0.107793 -0.115387 -0.168969 -0.199962 -0.209054 -0.218788 -0.201332
-0.189636 -0.194682 -0.155174 -0.146865 -0.141636 -0.162840 -0.248732 -0.278185 -0.231388 0.643096
0.041777 -0.177871 -0.177801 -0.187418 -0.175845 -0.170174 -0.185285 -0.187808 -0.196194 -0.178825
-0.180884 -0.195481 -0.155212 -0.130988 -0.132183 -0.178215 -0.259561 -0.277318 -0.233356 0.643945
-0.069421 -0.220364 -0.220693 -0.236221 -0.234509 -0.232928 -0.236717 -0.237164 -0.239392 -0.245338
-0.241162 -0.231825 -0.178283 -0.167032 -0.189421 -0.229269 -0.274331 -0.274440 -0.223398 0.668175
-0.074209 -0.247196 -0.247828 -0.261163 -0.266024 -0.269499 -0.271196 -0.268988 -0.271617 -0.272253
-0.273186 -0.270688 -0.248510 -0.243266 -0.257645 -0.266951 -0.278228 -0.277748 -0.197956 0.620038
0.226986 -0.057240 -0.083011 -0.116184 -0.123611 -0.127504 -0.115069 -0.104319 -0.121886 -0.130870
-0.132275 -0.128972 -0.111483 -0.096699 -0.108353 -0.126489 -0.158252 -0.111815 0.273973 1.026797
-0.192664 -0.277230 0.819503 1.296241 1.238581 1.086777 1.083166 1.205280 1.016060 1.257261
1.004083 0.357796 -0.128254 -0.093144 0.452536 -0.181014 -0.275329 -0.273150 -0.278463 -0.242917
-0.099463 -0.189823 0.693801 2.013102 1.819873 1.401622 1.532343 2.101354 1.804271 1.758570
0.776153 -0.132943 -0.261792 -0.276425 0.271813 -0.274811 -0.234566 -0.227418 -0.187098 -0.278033
-0.108936 -0.202141 0.205220 1.520577 1.927371 1.403490 1.628084 2.387811 2.122505 1.941368
1.001539 -0.105997 -0.242259 -0.255501 0.136551 -0.262015 -0.232650 -0.215558 -0.159667 -0.278148
-0.106840 -0.202302 -0.184749 0.940256 2.054583 1.275101 0.746071 1.192909 1.266671 1.312315
1.356732 0.001676 -0.234407 -0.223637 -0.229299 -0.276617 -0.227411 -0.181897 -0.132945 -0.272714
-0.095029 -0.190531 -0.273377 -0.167087 1.045965 0.043534 -0.276698 -0.268527 0.292807 1.192860
1.681702 0.105175 -0.221185 -0.181509 -0.258973 -0.278440 -0.248605 -0.170882 -0.119897 -0.266819
-0.094237 -0.165082 -0.196278 -0.275794 0.552474 -0.269711 -0.110424 -0.164308 -0.269666 0.439046
2.047249 0.398376 -0.219405 -0.142895 -0.214404 -0.277905 -0.267308 -0.186457 -0.122612 -0.266439
-0.105861 -0.129558 -0.126084 -0.222759 0.598655 -0.225534 -0.099485 -0.135070 -0.264295 -0.076553
2.118393 0.551251 -0.215790 -0.130668 -0.205843 -0.278430 -0.278384 -0.207051 -0.125123 -0.266509
-0.119969 -0.089371 -0.089699 -0.173346 1.009488 -0.278229 -0.167929 -0.250556 -0.263970 0.257382
2.584196 0.557038 -0.211118 -0.140854 -0.216929 -0.276055 -0.258288 -0.236230 -0.135275 -0.267895
-0.133414 -0.116862 -0.125857 -0.229786 1.586733 0.687606 -0.263042 -0.271785 0.155047 1.438352
2.689688 0.351619 -0.210573 -0.164050 -0.241197 -0.268576 -0.213751 -0.260067 -0.150011 -0.270535
-0.140321 -0.199895 -0.226413 -0.143397 3.665463 2.682323 0.087254 -0.165405 0.288473 1.661129
1.822304 -0.056460 -0.199831 -0.174655 -0.251625 -0.267085 -0.216062 -0.265944 -0.159296 -0.273598
-0.132044 -0.244714 -0.267543 1.402686 4.618863 3.765415 0.818965 0.083241 0.809042 2.029281
0.895718 -0.255523 -0.172041 -0.159697 -0.237148 -0.276694 -0.271236 -0.255219 -0.162232 -0.276837
-0.116628 -0.232205 -0.044702 3.670395 5.378613 4.615790 1.974140 1.152219 2.548337 2.619855
0.960300 -0.146397 -0.244806 -0.212586 -0.268860 -0.275473 -0.273175 -0.235759 -0.158920 -0.277715
-0.118763 -0.212045 -0.076384 4.551762 6.103891 5.252985 2.916614 1.964094 3.311402 3.064415
1.399435 0.911976 -0.073671 -0.222806 -0.067949 -0.239527 -0.261552 -0.216895 -0.158710 -0.276948
-0.120038 -0.205386 -0.231817 3.183377 6.147168 5.487215 3.568511 2.366579 3.255104 3.255509
2.041589 2.517227 0.943951 0.688464 0.525072 -0.252964 -0.229088 -0.201219 -0.157790 -0.274291
-0.114879 -0.241843 -0.251917 1.623577 4.702350 4.758933 3.062295 1.558894 1.606282 2.156517
2.176810 3.374083 1.844324 1.628047 0.874384 -0.275994 -0.198685 -0.184864 -0.146706 -0.264967
-0.119046 -0.265809 0.055548 1.400270 4.183529 3.483491 1.762806 0.327067 0.035674 0.543166
1.494138 2.788790 2.034227 2.054308 0.732021 -0.277480 -0.202801 -0.186898 -0.138043 -0.255563
-0.118756 -0.135809 0.765766 2.098616 3.667051 2.711882 1.113429 0.177157 0.076212 0.497385
0.799176 1.710384 1.881050 1.892478 0.210911 -0.248863 -0.196985 -0.182123 -0.130161 -0.251383
-0.127145 -0.232122 0.570524 1.046906 1.829489 1.572002 1.165751 0.809168 0.685284 1.145531
1.065534 1.379671 1.912960 1.547572 -0.092968 -0.202509 -0.180032 -0.174151 -0.138216 -0.261144
-0.189772 -0.247082 0.491124 0.411372 0.282491 0.440038 0.750567 0.843029 0.757577 0.379368
0.228330 0.637747 1.697828 1.407478 -0.093032 -0.207622 -0.172253 -0.172835 -0.149450 -0.256729
-0.242966 0.570238 2.138174 1.869863 1.112171 1.168763 1.662009 1.954085 2.180308 1.677485
1.168915 1.829853 3.003573 2.521655 0.905939 -0.165648 -0.257497 -0.242161 -0.231520 -0.097943
1.077977 1.279768 1.564404 1.614358 1.639652 1.685065 1.693660 1.652560 1.660821 1.773229
1.921970 2.007071 1.996828 1.926284 1.821614 1.720937 1.626671 1.397975 1.227582 1.436631
0.796836 1.050100 1.393237 1.429365 1.441234 1.572249 1.719938 1.767255 1.782347 1.820039
1.830557 1.760483 1.631513 1.544909 1.555924 1.618607 1.638209 1.430791 1.327040 1.608698
0.910638 1.308701 1.720670 1.746360 1.695130 1.752756 1.898698 1.986949 1.938528 1.745914
1.499372 1.309251 1.143262 1.008987 1.080874 1.433115 1.743647 1.670815 1.587194 1.747475
1.463869 1.940181 2.257426 2.242669 2.155042 2.035752 1.994334 2.016348 1.968765 1.739754
1.452473 1.323465 1.316711 1.281351 1.334577 1.636533 1.930257 1.943765 1.850040 1.869242
1.725063 2.225401 2.461768 2.446059 2.337162 2.060385 1.782921 1.665355 1.725168 1.709371
1.610100 1.595761 1.703233 1.802856 1.893850 2.029882 2.131521 2.056104 1.934010 1.893666
1.665402 2.104265 2.266222 2.267731 2.158826 1.589062 0.774568 0.397553 0.667579 1.201205
1.556364 1.782899 1.989671 2.124510 2.236876 2.326419 2.327904 2.200347 2.030261 1.927594
1.425361 1.672664 1.627702 1.567383 1.576909 0.924290 -0.120996 -0.278100 -0.235173 0.487718
1.491827 1.981363 2.190238 2.289605 2.390108 2.455760 2.444062 2.287541 2.079336 1.939883
1.164664 1.079594 0.691027 0.517271 0.776696 0.799500 0.164990 -0.223543 -0.096513 0.802241
1.842562 2.198383 2.316690 2.375247 2.442275 2.470483 2.457411 2.292856 2.057889 1.900730
1.248071 1.161874 0.605891 0.373144 0.731476 1.179051 1.270788 1.108901 1.276468 1.674733
1.991851 2.108380 2.167793 2.191221 2.203998 2.215064 2.248770 2.149148 1.943599 1.827391
1.590326 1.897155 1.894519 1.804298 1.834209 1.708965 1.438022 1.254826 1.267333 1.397271
1.522579 1.540217 1.531215 1.505818 1.479259 1.543684 1.764864 1.886580 1.808837 1.772055
1.603583 2.103001 2.349377 2.406063 2.383863 2.104296 1.658428 1.238359 1.116424 1.115978
0.940394 0.650365 0.439572 0.346042 0.338468 0.556568 1.134820 1.563933 1.610114 1.660679
1.014132 1.650661 2.191070 2.421041 2.481066 2.376745 2.177269 1.937443 1.748479 1.568681
1.184636 0.594973 0.194959 0.069022 0.096056 0.431632 1.198328 1.441020 1.286344 1.399895
0.501750 0.899986 1.661520 2.109489 2.277253 2.286719 2.268643 2.243577 2.233496 2.200080
2.120152 1.972997 1.814941 1.701033 1.641175 1.683487 1.769634 1.470274 1.024505 1.154871
0.213672 0.238825 0.763151 1.319791 1.696599 1.888599 2.002240 2.076137 2.166598 2.226665
2.269729 2.301196 2.303407 2.265816 2.179322 2.067713 1.952379 1.607925 1.120018 1.137397
0.263501 0.113182 0.201313 0.392833 0.824004 1.279502 1.511067 1.515908 1.514979 1.558898
1.680631 1.857858 1.997678 2.073780 2.074665 2.044153 1.980746 1.763061 1.286246 1.193384
0.765882 0.802012 0.799119 0.707069 0.869382 1.148198 1.072904 0.700565 0.487647 0.555833
0.872634 1.284513 1.597525 1.803544 1.915385 1.962326 1.949493 1.771141 1.353935 1.296492
1.191158 1.489686 1.659091 1.647077 1.617679 1.523815 1.213625 0.674868 0.451209 0.606715
0.931980 1.163842 1.273385 1.369667 1.422398 1.429256 1.411622 1.278781 1.017268 1.178363
0.631350 0.541426 0.571064 0.575717 0.586757 0.587052 0.569554 0.552498 0.530043 0.504031
0.478802 0.433630 0.381613 0.384015 0.386915 0.358136 0.326058 0.255573 0.225914 0.703188
-0.056441 -0.221681 -0.230250 -0.229928 -0.232621 -0.243633 -0.251141 -0.253189 -0.254573 -0.258672
-0.261099 -0.261843 -0.261503 -0.254592 -0.249417 -0.255661 -0.263870 -0.268165 -0.251395 0.133908
1.661917 1.698624 1.679636 1.650213 1.617130 1.597534 1.586196 1.585485 1.590247 1.587610
1.587690 1.601596 1.615557 1.630706 1.623703 1.597417 1.578760 1.576369 1.584805 1.750532
-0.271168 -0.224264 -0.270227 -0.265935 -0.254983 -0.251575 -0.251174 -0.262343 -0.262788 -0.250041
-0.232694 -0.213317 -0.203416 -0.214869 -0.241460 -0.233217 -0.230223 -0.248998 -0.278368 -0.179336
-0.248940 -0.276115 -0.256150 -0.235754 -0.243081 -0.252741 -0.264397 -0.270032 -0.273194 -0.275751
-0.277958 -0.278331 -0.278438 -0.278351 -0.278161 -0.278006 -0.278066 -0.269309 -0.250835 -0.077906
-0.272080 -0.031862 -0.211398 -0.250650 -0.255779 -0.242155 -0.203901 -0.172717 -0.184897 -0.218406
-0.246362 -0.262002 -0.270200 -0.275679 -0.272715 -0.232974 -0.162686 -0.183504 -0.202283 0.579816
-0.045764 0.660766 0.236837 0.099170 0.088283 0.282658 0.677596 1.030519 0.778288 0.292898
-0.027064 -0.140981 -0.163105 -0.174793 -0.159716 -0.044951 0.179260 0.175568 0.099594 1.252026
0.573717 1.881908 1.659243 1.418432 1.203939 1.503677 1.787597 1.726092 1.588195 1.079851
0.416087 0.131195 0.049585 0.037235 0.068035 0.227657 0.614710 0.739347 0.751592 1.921576
0.842235 2.441178 2.282449 1.946033 1.998463 1.787545 0.844013 0.466644 0.523697 0.706340
0.930793 0.839704 0.826878 0.773157 0.789358 0.904865 1.312979 1.557097 1.576117 2.468262
0.725806 2.048498 0.991926 0.577032 0.722681 0.526387 -0.250037 -0.206939 -0.261103 -0.174893
0.754985 1.441582 1.711988 1.682392 1.664522 1.691162 2.030845 2.160271 2.018251 2.779127
0.287501 0.955656 -0.140526 -0.166910 0.181233 -0.024955 -0.188822 -0.070667 -0.142926 -0.265233
0.884253 1.913072 2.195387 2.042828 1.961319 2.048215 2.504904 2.669712 2.360780 2.895156
0.163188 0.663104 -0.191337 -0.177111 0.267229 0.230510 -0.277520 -0.251704 -0.275809 0.174364
1.440289 2.207784 2.378609 2.063253 1.850200 1.947176 2.589164 2.987023 2.480313 2.886176
0.873891 1.805147 0.828229 0.587864 0.983038 0.754224 -0.027227 -0.107585 0.052743 0.632592
1.214160 1.515077 1.674129 1.525531 1.302664 1.486839 2.080614 2.525192 2.172142 2.846618
1.498924 3.220174 2.201818 1.769505 1.838989 1.394437 0.687881 0.505660 0.400411 0.174108
0.259487 0.549200 0.834136 0.787095 0.642057 0.831520 1.808751 2.462303 2.262347 2.981853
0.328418 2.765694 2.932757 2.615966 2.482806 2.107397 1.667885 1.363609 0.958454 0.573891
0.433812 0.479074 0.520388 0.491234 0.375226 0.775755 1.908978 2.455066 2.122464 2.745341
-0.248531 1.028614 2.869196 3.673495 3.620650 3.102154 2.612460 2.200068 1.954959 1.700384
1.567192 1.581399 1.600955 1.448968 1.243303 1.588044 2.364484 2.412492 1.800084 2.401421
-0.247056 0.413494 1.059181 3.370845 4.015561 3.600207 3.051504 3.052630 3.470630 3.682237
3.531632 3.237930 2.867059 2.503790 2.369970 2.656476 3.051545 2.634228 1.876400 2.292385
-0.249191 -0.025687 -0.183348 0.292522 2.111536 2.870100 2.955436 3.261261 3.655975 3.882570
4.001327 3.911152 3.593895 3.353534 3.421525 3.612116 3.699796 3.277321 2.233288 2.161332
-0.090887 0.113118 -0.214970 -0.241282 0.031774 1.019026 1.127814 0.311561 -0.094749 -0.150729
0.173900 1.245155 2.722234 3.484193 3.727376 3.676170 3.669286 3.197281 1.792851 1.725181
0.497180 1.402009 0.715236 0.207176 0.264777 0.372921 0.082827 -0.272966 -0.275117 -0.276555
-0.200262 -0.025427 0.251219 0.807404 1.030131 1.384785 1.994087 2.066041 1.309123 1.936031
0.701055 1.805618 1.344955 0.630940 0.247409 0.010123 -0.229595 -0.277814 -0.269334 -0.278456
-0.266224 -0.251458 -0.262977 -0.232162 -0.044262 0.169636 0.447083 0.723838 0.690513 2.030784
-0.230289 -0.100045 -0.254748 -0.274519 -0.278458 -0.253193 -0.208983 -0.175334 -0.157495 -0.156240
-0.154857 -0.137809 -0.128912 -0.147142 -0.197683 -0.237470 -0.262270 -0.270970 -0.278459 0.959516
-0.088976 0.053668 -0.163684 -0.253924 -0.278322 -0.271393 -0.256791 -0.252210 -0.252201 -0.243859
-0.227534 -0.206498 -0.197071 -0.212206 -0.245545 -0.276374 -0.272187 -0.265861 -0.207788 0.868801
-0.191379 -0.269866 -0.266922 -0.276715 -0.274631 -0.278421 -0.269348 -0.264113 -0.269336 -0.269707
-0.272091 -0.277588 -0.278253 -0.277346 -0.278415 -0.260972 -0.203848 -0.224804 -0.258064 -0.187772
-0.208127 -0.167205 0.229874 0.058110 -0.136242 -0.067678 0.139900 0.232814 0.095766 -0.130063
-0.253863 -0.277836 -0.277059 -0.271707 -0.278205 -0.203981 0.262336 0.369902 0.079686 0.043119
-0.259727 1.867707 2.546835 2.175939 1.578701 1.119149 0.895706 0.728566 0.463420 0.092410
-0.152018 -0.174154 -0.114196 -0.178820 -0.133015 0.412284 1.754691 1.900616 1.290408 0.531362
-0.003367 2.335092 2.471287 2.155433 1.919322 1.450576 1.000212 0.729284 0.647150 0.580903
0.501100 0.686682 1.359198 1.638685 1.529159 2.109735 2.689677 2.611930 1.858942 0.593358
-0.182770 1.041227 0.884448 0.684673 0.874081 0.815554 0.039328 -0.257761 -0.145801 0.431976
0.907598 1.257706 2.210046 3.010637 3.079864 3.378927 3.418002 3.069583 2.177302 0.646594
-0.271556 0.336834 -0.005742 -0.182820 -0.043755 0.079412 -0.249762 -0.076035 -0.190165 -0.011767
1.005952 1.600657 2.318208 2.850799 2.956681 3.115827 3.032041 2.890681 2.187997 0.604519
-0.278148 0.072439 -0.275284 -0.247890 -0.273661 0.017609 -0.276940 -0.087425 -0.195389 -0.060852
1.038643 1.540469 1.751237 1.778247 1.573710 1.633465 1.774914 2.041157 1.631734 0.336535
-0.277314 0.157195 -0.278459 -0.233116 -0.278230 0.282334 -0.025857 -0.236855 -0.273012 -0.067282
0.552618 0.653165 0.726838 0.596802 0.291646 0.235871 0.533282 1.215085 1.171413 0.151588
-0.076684 2.346328 1.576317 1.056792 1.197614 1.419043 0.449557 -0.143029 -0.167621 -0.099787
-0.042194 -0.124595 -0.159144 -0.202224 -0.249988 -0.233422 0.035755 0.960721 1.053059 0.106543
0.175743 2.894808 3.471107 3.867059 3.601653 2.639830 1.035244 0.137310 -0.097067 -0.186290
-0.243229 -0.278352 -0.270198 -0.257105 -0.241960 -0.255604 -0.198648 0.675167 0.708505 0.015732
-0.275880 1.065729 1.829725 2.536520 2.977983 2.872507 2.292718 1.365108 0.863999 0.530192
-0.021698 -0.270455 -0.255077 -0.212679 -0.199785 -0.243859 -0.092141 0.775791 0.295593 -0.139993
-0.125541 -0.210263 0.373095 0.919348 1.397220 1.826173 2.277684 2.469820 2.470808 2.434948
2.241184 1.609157 1.099378 0.843135 0.620498 0.575851 1.477525 1.039254 -0.026655 -0.244926
-0.088237 -0.258403 -0.105448 0.213479 0.525427 0.901999 1.200059 1.351032 1.425725 1.541322
1.907606 2.373294 2.693572 2.700973 2.327147 1.829254 1.592258 0.976804 -0.034223 -0.246611
-0.131686 -0.261105 -0.277200 -0.227826 0.136614 0.559927 0.703103 0.641686 0.576071 0.546956
0.676764 0.923978 1.124990 1.333094 1.345706 1.268488 1.311893 1.009224 0.137821 -0.255011
-0.191887 -0.270268 -0.274925 -0.278427 -0.169781 0.259813 0.203128 -0.122014 -0.232466 -0.245977
-0.167278 0.062366 0.293267 0.557995 0.670918 0.697378 0.721992 0.476493 -0.126375 -0.278062
-0.233002 -0.166351 -0.201273 -0.246175 -0.210439 -0.114746 -0.187833 -0.278222 -0.250695 -0.252228
-0.277268 -0.250241 -0.179912 -0.090831 -0.102883 -0.145111 -0.155093 -0.207606 -0.278292 -0.245914
-0.208904 -0.270645 -0.278338 -0.277722 -0.278043 -0.278258 -0.277515 -0.251167 -0.229436 -0.243942
-0.259919 -0.265627 -0.261492 -0.269979 -0.269483 -0.263890 -0.263482 -0.253215 -0.201494 -0.200089
-0.089538 -0.150139 -0.120094 -0.110126 -0.103170 -0.097248 -0.091717 -0.084681 -0.077447 -0.070517
-0.069315 -0.069386 -0.067613 -0.082872 -0.100409 -0.104927 -0.102650 -0.092167 -0.080361 -0.154188
-0.153466 -0.255721 -0.238249 -0.233739 -0.229806 -0.213440 -0.194421 -0.182010 -0.177070 -0.172561
-0.169724 -0.159906 -0.151872 -0.174226 -0.209739 -0.239523 -0.243468 -0.224645 -0.196799 -0.234006
-0.093222 0.580451 0.441460 0.389858 0.406903 0.417774 0.413888 0.403276 0.406531 0.389723
0.360841 0.342922 0.330255 0.343560 0.398522 0.540488 0.654362 0.658937 0.547290 0.100837
2.327168 1.027981 0.373652 0.227164 0.152040 0.182430 0.219208 0.208915 0.173883 0.184242
0.206444 0.198819 0.195210 0.173839 0.184112 0.203610 0.293125 0.503580 0.634431 0.925539
2.568136 0.718879 0.066610 -0.012344 -0.097591 -0.066103 -0.027722 -0.034737 -0.057450 -0.044110
-0.048695 -0.071113 -0.076126 -0.100051 -0.111916 -0.082839 0.028373 0.280807 0.429558 0.902388
2.505440 0.663283 0.067130 -0.037306 -0.130616 -0.075958 -0.021784 -0.039412 -0.057502 -0.065086
-0.107456 -0.126118 -0.117235 -0.133502 -0.157954 -0.135366 0.038251 0.369768 0.534539 1.044999
2.527741 0.738866 0.164652 0.017467 -0.098385 0.032756 0.150607 0.097469 0.044577 -0.011289
-0.091646 -0.096755 -0.070113 -0.084222 -0.121348 -0.094652 0.215926 0.613325 0.689658 1.149945
2.562649 0.810222 0.360399 0.145034 -0.013777 0.269620 0.591864 0.492159 0.211203 0.063599
-0.008468 -0.013633 0.029335 0.015768 -0.065558 -0.027984 0.445546 0.833369 0.748838 1.179924
2.573742 0.927037 0.688057 0.304115 0.059851 0.517733 1.264420 1.079003 0.271748 0.043289
0.050150 0.074059 0.132503 0.132882 -0.041826 -0.025417 0.441908 0.828590 0.781626 1.210918
2.574554 1.068503 1.058653 0.397790 0.032425 0.584230 1.735312 1.646041 0.320988 -0.008400
0.055319 0.109900 0.186808 0.237774 -0.035184 -0.079000 0.321963 0.765395 0.802593 1.260111
2.564775 1.137839 1.204557 0.343055 -0.027923 0.431564 1.469889 1.520449 0.351544 0.011685
0.049270 0.089210 0.168630 0.223244 -0.048665 -0.117693 0.208055 0.665640 0.801085 1.275537
2.558041 1.127834 1.017382 0.287680 -0.010944 0.281760 0.811702 0.737544 0.215982 0.000303
-0.006672 0.014168 0.073885 0.108334 -0.085069 -0.143473 0.117371 0.547866 0.755741 1.232095
2.564701 1.064366 0.606766 0.140989 0.020883 0.208000 0.403036 0.281888 0.034113 -0.081245
-0.089418 -0.062208 -0.053287 -0.036874 -0.146507 -0.180392 0.031959 0.452293 0.671460 1.135113
2.553510 0.917298 0.300108 -0.012817 -0.051720 0.116652 0.259353 0.189608 -0.021287 -0.122398
-0.130783 -0.111767 -0.146886 -0.148212 -0.189663 -0.196853 0.013472 0.426289 0.556166 0.995959
2.543331 0.723291 0.115270 -0.065161 -0.081620 0.045835 0.197475 0.184787 0.004554 -0.100763
-0.128462 -0.115377 -0.156456 -0.163811 -0.164175 -0.141171 0.085441 0.453225 0.434576 0.834374
2.473617 0.600506 0.032934 -0.074222 -0.090076 0.011673 0.128623 0.125755 0.011154 -0.075634
-0.111178 -0.097053 -0.128296 -0.124113 -0.088579 -0.039401 0.119747 0.383858 0.383680 0.800970
2.411243 0.580647 -0.007130 -0.114761 -0.110761 0.000841 0.071191 0.083485 0.017624 -0.036512
-0.071942 -0.062929 -0.095119 -0.094826 -0.065837 -0.033630 0.074893 0.301147 0.479638 1.006076
2.403747 0.645712 -0.011324 -0.148517 -0.120540 0.004163 0.064513 0.095634 0.044634 -0.019587
-0.065253 -0.056659 -0.070482 -0.069510 -0.053048 -0.034018 0.075894 0.319264 0.674454 1.328183
2.448516 0.740711 0.013450 -0.130012 -0.069559 0.035256 0.105206 0.118611 0.047703 -0.040790
-0.089240 -0.080585 -0.071927 -0.067153 -0.070483 -0.058709 0.056265 0.354372 0.798934 1.503204
2.528150 0.843653 0.034399 -0.120784 -0.070695 0.010402 0.076856 0.105499 0.026202 -0.042465
-0.087459 -0.086855 -0.078674 -0.096872 -0.119649 -0.120395 -0.023143 0.240835 0.718762 1.442566
2.580806 0.841222 0.008221 -0.164543 -0.167137 -0.127910 -0.080425 -0.071405 -0.082548 -0.109584
-0.148817 -0.153252 -0.131394 -0.145234 -0.170801 -0.180699 -0.119383 0.078659 0.435695 1.192755
2.484415 0.808817 0.020689 -0.158617 -0.180505 -0.149066 -0.109544 -0.102491 -0.098642 -0.125581
-0.161207 -0.158626 -0.131125 -0.133392 -0.152987 -0.162324 -0.105450 0.038840 0.282525 0.946561
1.726214 0.896933 0.353988 0.149981 0.094689 0.123376 0.184517 0.211001 0.210828 0.171868
0.122714 0.126099 0.176750 0.184022 0.148307 0.134254 0.221869 0.386276 0.565947 1.025076
-0.272472 -0.276894 -0.171905 0.460787 1.090152 1.431384 1.529785 1.472775 1.439510 1.608706
1.761788 1.789448 1.762256 1.586981 1.244977 1.197079 1.316054 0.903765 0.089096 -0.206260
-0.272773 -0.264387 -0.234555 0.183196 0.864739 1.387023 1.621083 1.546772 1.511069 1.723247
1.896728 1.959422 2.019457 1.841817 1.462119 1.410332 1.702695 1.390138 0.057234 -0.211271
-0.273839 -0.265782 -0.244346 0.195448 0.803370 1.415713 1.712716 1.516490 1.433382 1.607872
1.687440 1.797823 1.974305 1.789692 1.238506 1.186617 1.768019 1.546848 -0.144711 -0.266277
-0.276340 -0.271410 -0.220132 0.245956 0.677625 1.388000 1.657659 1.087207 0.965743 1.175891
1.323232 1.589910 1.812131 1.590846 0.809010 0.748529 1.462678 1.208265 -0.226810 -0.277714
-0.278406 -0.278424 -0.131952 0.149770 0.320195 1.287201 1.392199 0.244049 0.116225 0.529877
0.962628 1.518348 1.819377 1.564677 0.580351 0.504608 1.083504 0.858014 -0.221949 -0.278050
-0.277871 -0.265064 -0.024208 -0.136305 -0.062036 1.133764 0.744432 -0.263485 -0.268196 0.070370
0.721712 1.467222 1.967934 1.690302 0.416303 0.389575 1.147407 1.057378 -0.187307 -0.278067
-0.276709 -0.241973 -0.097821 -0.272117 -0.199604 1.042668 0.438522 -0.251965 -0.266826 -0.072821
0.671313 1.467555 2.128893 1.813281 0.263249 0.305684 1.157361 1.309275 -0.121074 -0.278266
-0.277190 -0.243496 -0.218276 -0.278429 -0.248640 0.962353 0.717778 -0.278296 -0.275236 0.064882
0.852605 1.634168 2.275986 2.075974 0.335128 0.285908 1.124905 1.571541 -0.027237 -0.277783
-0.277795 -0.256432 -0.224412 -0.268660 -0.229413 1.043987 1.367241 0.288717 0.096191 0.514412
1.208152 1.866050 2.349336 2.153576 0.566089 0.330828 1.107849 1.772105 0.076302 -0.276660
-0.277344 -0.271361 -0.185218 -0.074843 0.107191 1.418985 2.022264 1.267690 0.687430 0.814343
1.387742 1.970461 2.213368 1.925840 0.769776 0.416553 1.153289 1.877182 0.120468 -0.275300
-0.277176 -0.277070 -0.207312 0.238372 0.928021 1.814850 2.354290 1.764889 0.942832 0.932521
1.408848 1.911545 1.879468 1.568804 0.792513 0.413195 1.081655 1.784882 0.056436 -0.273392
-0.278375 -0.277070 -0.236715 0.272904 1.149696 2.039142 2.621216 2.368629 1.510595 1.281459
1.696620 2.093321 1.856975 1.454835 0.940795 0.513124 1.080741 1.484177 -0.047973 -0.267915
-0.276023 -0.271956 -0.251133 0.236162 1.124589 2.122722 2.829066 2.915811 2.304594 1.931577
2.104108 2.386677 2.249219 1.798776 1.519338 1.163740 1.528257 1.390598 -0.092573 -0.266357
-0.276067 -0.267685 -0.265857 0.200098 1.072095 2.044354 2.772382 3.018919 2.763897 2.329116
2.296360 2.473581 2.550655 2.415089 2.406727 2.208669 2.080510 1.471914 -0.080254 -0.275835
-0.278011 -0.268882 -0.270660 0.182817 0.988801 1.821362 2.438556 2.630759 2.363041 1.902454
1.946452 2.201361 2.463635 2.610300 2.732601 2.623590 2.332124 1.444953 -0.056607 -0.275740
-0.278392 -0.276640 -0.260066 0.283680 1.006909 1.573835 1.916905 1.891748 1.421032 1.136388
1.448296 1.892807 2.239329 2.501004 2.742469 2.769449 2.607687 1.354367 -0.050327 -0.266313
-0.276334 -0.278447 -0.253756 0.309321 1.101719 1.608729 1.804269 1.503568 1.182504 1.064173
1.419810 1.873068 2.126971 2.338348 2.678201 2.889297 2.862093 1.522789 -0.047198 -0.266391
-0.274794 -0.278404 -0.260131 0.235759 1.035318 1.672477 1.849553 1.657945 1.485414 1.441512
1.604295 1.887183 2.016255 2.197335 2.569833 2.865746 2.909850 1.488303 -0.047723 -0.275462
-0.274669 -0.276983 -0.256142 0.213790 0.926332 1.551782 1.763615 1.660594 1.560418 1.488117
1.534065 1.705848 1.856489 1.993908 2.226403 2.491133 2.477501 1.172979 -0.054053 -0.262828
-0.273869 -0.269675 -0.249076 -0.024140 0.262350 0.518111 0.551890 0.457957 0.430193 0.386909
0.426415 0.514290 0.577629 0.661836 0.779558 0.907086 0.862880 0.198108 -0.177913 -0.248139
0.136897 0.029910 -0.088295 -0.130832 -0.151992 -0.155310 -0.144556 -0.127738 -0.125109 -0.133354
-0.150430 -0.170875 -0.184100 -0.177266 -0.134728 -0.081647 -0.039628 0.051304 0.186586 0.144142
0.339746 0.115954 -0.050047 -0.100919 -0.137635 -0.157696 -0.155498 -0.137405 -0.146264 -0.185213
-0.224641 -0.246018 -0.249863 -0.242081 -0.211673 -0.153722 -0.079827 0.042163 0.183638 0.125190
0.569360 0.363079 0.138355 0.058145 -0.007996 -0.071086 -0.117334 -0.127605 -0.144151 -0.173104
-0.191343 -0.188019 -0.158593 -0.124019 -0.090261 -0.057523 0.005003 0.121099 0.215362 0.130478
0.449204 0.275056 0.089434 0.022181 -0.028389 -0.073290 -0.133418 -0.162068 -0.161389 -0.135400
-0.084054 -0.022430 0.043512 0.101433 0.122442 0.080516 0.061887 0.084103 0.122302 0.082610
0.175418 -0.002662 -0.096301 -0.126392 -0.131613 -0.124013 -0.139406 -0.148569 -0.145513 -0.097679
-0.015459 0.055665 0.098807 0.115991 0.117213 0.107347 0.113787 0.079018 0.055611 0.038232
0.029257 -0.150953 -0.210249 -0.223427 -0.200278 -0.135187 -0.059164 0.002139 -0.019051 -0.015809
0.024927 0.035637 0.032830 0.012481 -0.006142 0.023058 0.096467 0.074399 0.039554 0.025938
0.027411 -0.169411 -0.221658 -0.232587 -0.187751 0.052926 0.765354 1.481264 1.159580 0.507527
0.165387 0.003660 -0.063373 -0.102357 -0.126334 -0.087519 -0.000001 0.005955 -0.012785 -0.003744
0.144042 -0.036607 -0.057933 -0.061711 0.013842 0.458047 1.766654 3.046985 2.574638 1.126431
0.192246 -0.078278 -0.157352 -0.193683 -0.214887 -0.185067 -0.110404 -0.075694 -0.066023 -0.031143
0.280331 0.268846 0.584922 0.773455 0.647481 0.562074 0.928813 1.469749 1.176568 0.395072
-0.051947 -0.188595 -0.232864 -0.252030 -0.260414 -0.239931 -0.182546 -0.134831 -0.096690 -0.041243
0.297625 0.323400 0.573224 0.813798 0.693441 0.407478 0.297241 0.287090 0.168513 -0.004243
-0.143209 -0.215620 -0.250522 -0.262412 -0.263100 -0.238588 -0.181781 -0.135891 -0.087951 -0.032693
0.127226 0.016467 0.058453 0.152769 0.183790 0.191749 0.220887 0.265989 0.188568 0.076182
-0.007362 -0.079889 -0.132306 -0.149266 -0.135272 -0.087889 -0.070812 -0.091165 -0.072809 -0.030438
0.153957 -0.078200 -0.124925 -0.088907 -0.049525 -0.000718 0.070423 0.170275 0.220936 0.247488
0.351473 0.571945 0.752981 0.817852 0.829441 0.683317 0.275307 0.040298 -0.003311 0.008257
0.392531 0.049805 -0.144988 -0.175220 -0.173686 -0.157707 -0.128404 -0.076277 -0.014741 0.070819
0.225581 0.491175 0.747601 0.878529 0.858214 0.607040 0.240414 0.104428 0.158677 0.144968
0.799205 0.511503 0.058677 -0.122728 -0.171449 -0.180957 -0.188004 -0.187526 -0.186765 -0.172689
-0.142885 -0.093095 -0.042297 0.005669 0.038385 0.021344 -0.005258 0.087499 0.296312 0.314809
1.121851 1.141459 0.699845 0.295780 0.036674 -0.096954 -0.162819 -0.190376 -0.211625 -0.216286
-0.210192 -0.199158 -0.187478 -0.169232 -0.147074 -0.131150 -0.107969 -0.015421 0.215767 0.322813
0.941541 1.085273 1.052512 0.941709 0.589350 0.170337 -0.019655 -0.029401 -0.021447 -0.033792
-0.082414 -0.145209 -0.182147 -0.194838 -0.197684 -0.198099 -0.187403 -0.127347 0.074600 0.222609
0.364975 0.182974 0.113410 0.121311 0.066190 -0.001804 0.059477 0.368827 0.599477 0.478893
0.190342 -0.022118 -0.124433 -0.176779 -0.210095 -0.227624 -0.226555 -0.184364 -0.028719 0.092096
0.170907 -0.038152 -0.102164 -0.116555 -0.126186 -0.122103 -0.051885 0.083199 0.182717 0.132573
0.024412 -0.039241 -0.053838 -0.076941 -0.113737 -0.135059 -0.125738 -0.057600 0.117168 0.158446
0.828607 0.838436 0.780687 0.742146 0.687464 0.697039 0.758028 0.828830 0.870516 0.882656
0.870161 0.898323 0.956311 0.933213 0.867155 0.862769 0.916298 1.032308 1.133965 0.713951
1.027609 1.474404 1.497440 1.509260 1.526630 1.572219 1.619508 1.641984 1.650204 1.657197
1.657443 1.654882 1.654320 1.613850 1.582173 1.612502 1.660310 1.712567 1.658419 0.954149
-0.196419 0.279300 1.512518 1.966790 2.147117 2.173110 2.196587 2.241061 2.188407 2.273135
2.289610 2.035955 1.382381 0.871083 0.954682 0.814463 0.397382 -0.183497 -0.223943 -0.177025
-0.273023 0.003291 1.842540 2.466009 2.625616 2.597832 2.686878 2.832509 2.807310 2.932325
2.900837 2.488443 1.534844 0.834719 0.953077 0.839243 0.381414 -0.268371 -0.275594 -0.234801
-0.275669 -0.051467 1.635034 2.278137 2.517289 2.419847 2.493937 2.789398 2.916454 3.020813
2.936914 2.490334 1.502209 0.704929 0.596479 0.555525 0.484585 -0.268916 -0.276683 -0.234708
-0.272217 -0.043591 1.105511 1.674973 2.204406 1.900698 1.571083 1.770755 2.366489 2.647869
2.699627 2.345267 1.453846 0.563790 0.115305 0.060001 0.465321 -0.264041 -0.277140 -0.240775
-0.253872 0.022348 0.463453 0.635001 1.856653 1.199191 0.313514 0.211551 1.147712 2.110691
2.475348 2.273957 1.467697 0.491153 -0.120834 -0.141958 0.324446 -0.254459 -0.276728 -0.245055
-0.166068 0.259401 0.005046 -0.045157 1.730530 0.586206 -0.230583 -0.235660 0.034838 1.306455
2.402617 2.387662 1.508552 0.427038 -0.195065 -0.197853 0.333949 -0.246973 -0.276520 -0.247557
0.077037 0.551651 -0.185866 -0.229753 1.704389 0.422706 -0.275807 -0.267957 -0.182125 0.512787
2.420323 2.529151 1.531847 0.386102 -0.226702 -0.215740 0.441222 -0.240560 -0.276766 -0.248753
0.331713 0.654762 -0.232634 -0.258212 1.524952 0.769568 -0.208049 -0.222720 -0.101566 0.567091
2.544249 2.586995 1.493654 0.349061 -0.248159 -0.232988 0.449036 -0.235430 -0.276869 -0.249229
0.344150 0.737782 -0.206828 -0.238770 1.631563 1.828522 0.646588 0.325703 0.532849 1.320308
2.768028 2.625214 1.472721 0.321410 -0.261247 -0.245852 0.351374 -0.232076 -0.276770 -0.248914
0.145945 0.895056 -0.025864 -0.005269 2.619328 2.871999 2.141026 1.589246 1.512371 2.213777
3.005739 2.644750 1.472432 0.317539 -0.265715 -0.253002 0.276890 -0.236281 -0.277036 -0.248052
-0.092545 0.799702 0.456547 0.950248 3.556511 3.625005 3.045565 2.470331 2.371294 2.965692
3.210426 2.662602 1.490152 0.350168 -0.257574 -0.246192 0.346509 -0.245157 -0.277257 -0.245277
-0.243407 0.230562 0.870894 2.099452 3.941486 4.017128 3.572374 3.118625 3.075495 3.432418
3.408694 2.742689 1.567135 0.457962 -0.186584 -0.180310 0.482258 -0.255615 -0.277618 -0.242829
-0.273554 -0.102538 0.816127 2.521706 3.993159 4.116414 3.850719 3.490404 3.446764 3.616012
3.508869 2.988911 1.981685 1.006406 0.372213 0.265034 0.572041 -0.262186 -0.278110 -0.244680
-0.268983 -0.125563 0.635853 2.092736 3.782536 3.958325 3.769997 3.416615 3.296953 3.399863
3.432061 3.255952 2.567795 1.995666 1.555083 1.199729 0.555538 -0.267789 -0.278456 -0.251169
-0.221210 0.162384 0.736738 1.485313 3.266198 3.568870 3.424832 3.002833 2.773922 2.855432
3.058630 3.139557 2.771402 2.576582 2.232869 1.629753 0.510689 -0.271847 -0.278200 -0.258380
-0.097004 0.974787 1.153560 1.444815 2.864507 3.137220 2.921735 2.415179 2.096252 2.165704
2.461410 2.660096 2.642664 2.749601 2.393901 1.631839 0.458253 -0.275551 -0.277397 -0.263002
0.125482 1.693227 1.903762 2.157575 2.791301 2.841223 2.597349 2.105950 1.911454 2.000421
2.085183 2.153450 2.412004 2.794116 2.442326 1.546828 0.391000 -0.277300 -0.277485 -0.263013
0.477408 2.051701 2.510170 2.707466 2.805408 2.736297 2.601439 2.389762 2.353202 2.339242
2.146546 2.029461 2.375877 2.919877 2.567748 1.504152 0.360463 -0.277162 -0.278245 -0.258561
0.752289 2.101590 2.663342 2.770787 2.557930 2.392670 2.396193 2.500930 2.625643 2.439330
2.088758 1.998249 2.424084 2.931166 2.575363 1.429704 0.315504 -0.271870 -0.277876 -0.256250
0.516069 1.222433 1.628753 1.640192 1.372700 1.202767 1.236285 1.407936 1.540325 1.401043
1.148480 1.136157 1.467175 1.706530 1.427638 0.707019 0.100593 -0.233383 -0.253133 -0.219230
-0.171423 -0.129459 0.505581 1.001476 1.263528 1.325798 1.298406 1.275203 1.331789 1.403271
1.412150 1.402884 1.352281 1.259336 1.196472 1.208361 1.138198 0.824996 0.485530 0.197527
-0.244974 -0.199539 0.540674 1.178119 1.573715 1.687739 1.641852 1.589153 1.661267 1.746842
1.772033 1.800853 1.754884 1.621785 1.538875 1.573808 1.507774 1.014053 0.494549 0.178223
-0.247621 -0.202284 0.535507 1.151484 1.581462 1.723337 1.627346 1.544478 1.620257 1.699159
1.762754 1.833430 1.780055 1.602134 1.501848 1.584435 1.531800 0.886912 0.349427 0.078787
-0.247330 -0.201236 0.488285 0.988651 1.392191 1.559578 1.319271 1.111811 1.240089 1.399502
1.587029 1.702638 1.620416 1.389090 1.268118 1.406246 1.266071 0.568882 0.197702 0.004312
-0.244196 -0.188091 0.407091 0.679027 1.092942 1.336531 0.792656 0.383027 0.627765 1.049617
1.380008 1.570995 1.477348 1.188766 1.050376 1.253968 1.033313 0.380395 0.145976 -0.023710
-0.236587 -0.166528 0.255068 0.285655 0.806073 1.147032 0.295466 -0.139722 0.175879 0.866229
1.283729 1.498137 1.427774 1.032005 0.879676 1.185743 1.030867 0.402302 0.153229 -0.039353
-0.227883 -0.155906 0.061810 0.036228 0.654897 1.086750 0.089513 -0.259622 0.014863 0.856391
1.301751 1.518880 1.467950 0.949891 0.788209 1.193017 1.160702 0.536349 0.192381 -0.055501
-0.224725 -0.160628 -0.033813 -0.018436 0.638673 1.142938 0.212498 -0.210690 0.141604 0.992465
1.419531 1.619760 1.578865 1.024379 0.821186 1.231062 1.281804 0.705618 0.257082 -0.059405
-0.226276 -0.172381 0.014235 0.101163 0.748932 1.286150 0.696107 0.217900 0.567678 1.224918
1.594816 1.756717 1.680868 1.197269 0.963071 1.303109 1.380056 0.866353 0.327403 -0.040973
-0.230327 -0.190548 0.181568 0.458839 1.049151 1.494072 1.217290 0.813261 0.949276 1.393637
1.738198 1.838411 1.715020 1.365720 1.145471 1.385854 1.458992 0.966817 0.372667 -0.003302
-0.235244 -0.197854 0.357215 0.906736 1.425150 1.723930 1.545725 1.121219 1.108778 1.465224
1.794916 1.849156 1.712628 1.509194 1.319962 1.443393 1.487443 0.967449 0.390352 0.060015
-0.242710 -0.201327 0.446130 1.127917 1.657246 1.919127 1.789004 1.350866 1.245277 1.531765
1.841530 1.853645 1.696141 1.577167 1.419645 1.429354 1.437863 0.898413 0.408523 0.144403
-0.242932 -0.189934 0.511085 1.213477 1.761781 2.056403 2.009048 1.646871 1.483357 1.649951
1.875602 1.900770 1.770774 1.698716 1.567207 1.504205 1.451331 0.915615 0.432978 0.175515
-0.238053 -0.183897 0.554808 1.277036 1.813114 2.076311 2.091291 1.854587 1.671012 1.695958
1.855613 1.931176 1.904294 1.897374 1.815363 1.697603 1.524902 0.976182 0.426208 0.084436
-0.234321 -0.183869 0.567181 1.322224 1.767289 1.945331 1.957039 1.754748 1.563056 1.571209
1.757902 1.910588 1.971070 1.999721 1.943704 1.826401 1.547151 0.980133 0.354365 -0.056577
-0.231067 -0.182919 0.547887 1.312030 1.646662 1.727951 1.671963 1.453952 1.310314 1.416595
1.681123 1.885967 1.978549 2.035464 2.031911 1.949514 1.608634 0.965816 0.299578 -0.131032
-0.225275 -0.186012 0.513606 1.301432 1.634570 1.692917 1.566257 1.344820 1.298231 1.463529
1.719839 1.889413 1.947641 2.026784 2.114085 2.104919 1.741435 1.043895 0.338912 -0.119571
-0.222044 -0.185594 0.511961 1.345961 1.762428 1.871535 1.758785 1.598073 1.591187 1.695289
1.872818 1.987184 2.007180 2.103284 2.231202 2.233433 1.863652 1.170975 0.506143 -0.005795
-0.200001 -0.154172 0.515158 1.319314 1.755724 1.899258 1.811475 1.697505 1.680449 1.735205
1.849182 1.938629 1.948022 2.009766 2.117797 2.114360 1.756307 1.138569 0.646556 0.183585
-0.094139 -0.045981 0.379319 0.811631 1.049424 1.134029 1.076041 1.014689 0.999197 1.023118
1.095822 1.149742 1.162005 1.194123 1.250333 1.221623 0.992216 0.680797 0.468638 0.250594
-0.083373 0.149948 0.279018 0.190660 0.088147 0.145256 0.237648 0.242310 0.237812 0.322294
0.421820 0.427188 0.356902 0.306184 0.344441 0.430822 0.502759 0.356449 0.361052 0.659588
-0.011679 0.430611 0.840011 0.722559 0.507720 0.636892 0.926917 1.058539 0.972170 0.744433
0.459107 0.228591 0.081683 0.025706 0.161111 0.527668 0.959179 0.866661 0.934328 1.263856
0.660453 1.952815 2.508588 2.349087 1.922785 1.663316 1.620979 1.582795 1.363383 0.902690
0.469526 0.333141 0.304327 0.176484 0.284860 1.058295 1.943641 1.985828 1.933221 1.736479
1.651811 2.747056 3.004238 2.847087 2.524008 2.075466 1.702402 1.515348 1.429227 1.257404
1.049110 1.175270 1.537749 1.652951 1.663958 2.175129 2.596907 2.628540 2.415515 1.851613
1.530085 2.208689 2.281814 2.196773 2.034128 1.600064 0.950661 0.528937 0.733230 1.198250
1.538271 1.828921 2.393777 2.798389 2.947228 3.109414 3.164328 2.977449 2.587621 1.876414
1.070116 1.391673 1.208042 1.086396 1.115668 0.614357 -0.211193 -0.266558 -0.260104 0.503186
1.530097 2.116568 2.644837 2.971499 3.102362 3.208070 3.204053 3.034868 2.654363 1.885553
0.697867 0.700632 0.240654 0.037758 0.268915 0.276497 -0.276818 -0.117745 -0.212649 0.193983
1.711707 2.235449 2.443645 2.538975 2.545388 2.615064 2.688423 2.654711 2.385236 1.715721
0.539573 0.447047 -0.110394 -0.232416 -0.034635 0.608630 0.331993 -0.275770 -0.238941 0.736067
1.878101 1.898917 1.899981 1.875581 1.767426 1.770054 1.958141 2.142571 2.043945 1.506815
1.208398 1.867288 1.159744 0.812957 1.220892 1.626601 1.586538 1.072421 0.843614 1.031357
1.080408 0.990439 0.900957 0.817063 0.723843 0.805907 1.212402 1.685099 1.775547 1.375307
1.756420 2.908992 3.493129 3.662698 3.351689 2.531913 1.576050 0.845269 0.509859 0.434899
0.344524 0.142824 -0.009659 -0.089400 -0.118764 -0.025307 0.502042 1.272106 1.522174 1.254030
0.994333 2.056385 2.713951 3.152588 3.226907 2.910649 2.359698 1.479234 1.129258 0.895942
0.353751 -0.107221 -0.261800 -0.278446 -0.278422 -0.247605 0.306290 1.107594 1.142703 0.963156
-0.125734 0.680521 1.631186 2.196828 2.467973 2.589080 2.687323 2.678701 2.559676 2.403466
2.038206 1.177862 0.492125 0.253625 0.203022 0.552043 1.596564 1.361537 0.737413 0.590852
-0.265759 -0.118990 0.617552 1.166645 1.435847 1.652096 1.900665 2.122802 2.320270 2.497477
2.771924 3.078003 3.194895 3.106109 2.840064 2.455968 2.063551 1.442731 0.650431 0.524305
-0.260965 -0.255797 -0.102158 0.225263 0.598914 0.973300 1.197371 1.276563 1.336508 1.417088
1.610668 1.881286 2.087207 2.208923 2.168844 2.001550 1.866845 1.577967 1.004761 0.658182
-0.159720 -0.175544 -0.215426 -0.198364 0.049672 0.473123 0.564168 0.318717 0.158245 0.151839
0.365850 0.725612 1.041167 1.303531 1.435433 1.484473 1.489507 1.323733 0.860108 0.555802
0.238676 0.572716 0.474386 0.309245 0.315523 0.490899 0.179756 -0.194545 -0.271497 -0.264956
-0.157813 0.118457 0.379144 0.607156 0.717667 0.740532 0.748574 0.611785 0.410101 0.444005
0.281299 0.501426 0.468912 0.441360 0.371949 0.278499 0.174108 -0.174264 -0.230125 -0.154731
-0.008460 0.016291 -0.013139 0.013415 -0.004337 -0.059653 -0.090251 -0.130871 -0.144027 0.123917
-0.250296 -0.278041 -0.275218 -0.272205 -0.268108 -0.266244 -0.269199 -0.274691 -0.273317 -0.265536
-0.256751 -0.249632 -0.242572 -0.251293 -0.259712 -0.257047 -0.249597 -0.238868 -0.260104 -0.188766
-0.271648 -0.249067 -0.235767 -0.235266 -0.225122 -0.202075 -0.188039 -0.185218 -0.183752 -0.177850
-0.172352 -0.170059 -0.172731 -0.191254 -0.215635 -0.222921 -0.210973 -0.197979 -0.224269 -0.254359
2.196575 2.751920 2.749114 2.711579 2.704145 2.725023 2.728696 2.726602 2.742699 2.750044
2.729496 2.693758 2.676541 2.681881 2.730278 2.805738 2.801756 2.709832 2.644019 2.091960

