0 -5 5 12 38 5 -13 -36 -16 -1 5 7 -17 -10 4 10 1 1 4 10
0 -21 -56 -11 16 38 11 -3 1 -1 -8 -1 13 0 2 -11 -10 -13 -5 26
15 -1 -11 0 4 -1 -8 3 8 11 11 -9 -13 -4 1 -1 7 7 -13 -24
-6 13 18 0 -14 -8 24 52 2 -18 -53 10 3 -3 0 5 5 -8 -6 -3
8 1 -5 -4 1 6 10 -3 -9 -2 0 10 -3 -23 -63 -5 1 49 3 -3
22 5 17 -30 -30 -16 17 21 7 0 -2 -8 6 14 8 -4 -13 5 -10 7
-14 12 23 13 10 -30 5 -16 0 0 48 27 6 13 -20 2 9 11 -6 -11
-4 1 -9 -2 30 -42 16 -46 61 -16 15 -17 4 4 -10 5 -6 -2 1 9
7 -5 -31 36 -9 39 -61 12 -15 27 -3 -11 -20 8 16 27 -12 -13 -12 7
8 -7 1 3 11 3 1 -2 0 -5 9 -4 2 0 -7 0 4 3 -18 8
1 5 -6 -1 3 -6 6 -33 41 -19 45 -55 13 -10 14 -6 11 26 -3 -12
-25 8 9 -2 -7 -2 -10 7 -8 3 0 12 4 -5 40 -54 10 -44 53 -14
9 -15 8 9 -5 4 34 -39 2 -14 21 -9 9 -16 0 -11 17 0 2 -3
4 3 0 -3 7 -65 45 -13 46 -24 -1 5 -6 -37 42 -5 9 -20 13 8
1 1 -8 -17 -7 6 4 6 6 5 -3 1 -5 3 1 -8 -5 42 16 -45
74 4 -111 51 29 -37 -2 -4 -5 -1 6 8 1 -4 -6 5 7 0 5 14
12 0 -2 1 1 -9 -8 6 -6 -6 9 8 7 -36 -4 12 -71 21 93 -40
-6 18 9 0 -6 8 2 -8 3 5 -2 4 -5 3 4 5 11 -2 5 1
2 4 -2 4 4 16 -1 -2 1 -20 -7 14 -17 1 35 -4 -15 -11 -1 -1
12 -7 -8 13 0 -10 5 0 3 7 0 2 10 -1 -6 5 8 9 11 8
4 11 0 1 4 10 0 -4 18 2 -3 12 1 -4 4 1 4 -2 2 21
-4 -3 4 23 -7 -25 39 -12 -43 37 8 -18 -38 -20 2 -28 -4 4 2 13
8 -6 -1 -10 6 12 -1 6 3 -9 -31 -20 1 -22 -11 2 3 10 4 -44
-30 -3 -29 -15 0 -1 2 7 0 2 0 -2 4 1 1 -3 0 4 -3 2
8 -1 0 -2 -5 7 1 3 0 1 4 4 -2 3 0 2 5 3 2 -3
4 2 5 3 -37 -28 -4 -33 -26 -1 0 5 5 10 7 3 9 4 1 -6
-6 -6 5 4 -3 6 4 0 6 1 -3 10 5 3 9 0 2 0 -1 0
-6 -7 -2 -6 -1 6 3 7 8 -1 -5 -6 4 -6 1 3 2 -6 11 7
3 7 8 3 2 -2 1 2 -1 -4 9 4 2 -2 -5 -2 -27 38 -23 37
-80 56 -8 39 -34 0 -7 12 -6 -6 -2 -7 11 9 40 -32 22 -47 71 -54
-3 -41 32 15 -21 6 -17 3 6 -2 21 -10 -2 17 -5 -5 14 9 12 -10
0 -5 -1 4 -3 4 -3 -10 14 -3 -7 15 -17 -11 1 10 11 -22 7 -39
46 -13 39 -72 36 -5 39 -28 -21 24 0 14 1 -13 5 -21 16 2 -2 -8
1 -7 -1 -5 12 6 29 -37 6 -47 87 -42 8 -33 30 -6 -4 15 -12 6
-6 13 -4 -3 7 -11 -1 10 -1 4 -8 19 -8 1 21 -25 -8 -12 25 14
3 -9 -5 10 -10 24 -14 -10 -16 10 6 -1 -6 13 -1 -8 -12 -1 11 0
-7 -9 -13 -5 2 5 10 6 4 11 6 -3 -16 -22 -6 11 5 11 7 15
16 7 -9 -21 -14 -12 0 3 5 -1 1 -3 -4 -7 -2 1 -4 7 7 12
-2 -5 -10 -7 0 5 -6 -6 8 3 -2 -6 -3 1 -13 -15 -8 10 28 23
-4 -14 -13 -12 9 22 10 14 -14 -13 -23 2 -2 -5 6 2 7 2 1 -2
-6 -4 -7 -3 2 -9 -11 11 7 12 -1 -16 -28 -13 -10 22 20 21 -6 -14
-32 -14 17 69 43 -6 -33 -1 11 12 3 -14 -17 -11 7 9 3 2 -17 -9
-1 27 -3 -2 -12 20 0 15 16 -11 -27 -13 13 36 18 10 5 -1 -4 -9
0 -6 -3 1 9 12 -36 -30 25 -1 19 -41 30 -1 5 -1 -5 -10 10 1
-2 5 -12 -17 34 39 -38 -6 -24 33 -24 0 35 -23 20 -44 27 -19 9 -6
21 -24 0 2 21 -11 4 0 1 -7 6 6 -11 -4 -1 8 -2 2 4 -8
7 -4 24 -18 -7 4 7 13 -1 -8 -44 55 -27 22 -55 45 11 -18 27 -19
34 -44 5 -8 12 -5 -8 -1 -1 -4 4 10 0 9 -18 3 7 40 -48 22
-12 53 -44 -6 -10 22 7 11 -27 3 -13 10 -5 11 -15 5 -11 15 6 -2
2 -1 31 -32 35 -40 29 -39 45 -28 7 10 -17 -5 -27 25 1 14 -15 -2
0 2 0 -7 -1 7 -3 4 3 -3 7 4 -14 17 0 -3 14 1 0 5
3 -3 4 0 -7 -1 -5 10 -6 -7 17 -14 0 10 -8 2 -2 6 2 2
15 0 3 10 -4 9 -5 -4 9 -6 -1 4 -2 -2 0 2 -4 -4 -3 2
3 2 -1 3 0 0 8 0 1 6 0 1 0 1 -3 -10 5 -3 1 6
2 9 -2 2 19 1 0 15 2 -2 3 6 -5 -6 -4 1 -3 0 -6 -7
2 -2 3 2 1 -4 -2 -6 -3 0 2 -4 2 0 3 3 0 -5 3 -1
-4 6 2 1 6 5 1 3 5 12 6 0 15 3 -5 -5 -1 -7 0 3
3 2 5 -1 0 -2 3 4 2 -2 -2 -2 -11 -9 -1 7 -6 -3 4 3
0 9 -1 -6 3 -4 -16 8 9 0 7 -8 -6 7 -4 4 3 2 1 -1
-7 -1 6 9 6 -1 5 9 -4 0 11 -1 8 7 -1 -1 -4 3 -6 1
11 -10 2 9 -6 0 -2 0 4 -2 -1 1 3 2 -4 17 -7 -13 20 -2
-6 2 0 -1 -2 -2 1 2 4 3 0 5 8 29 0 -37 57 3 -74 34
10 -45 11 3 -9 18 -2 -7 10 -5 -6 15 3 -5 15 0 -10 5 -7 -6
0 1 2 8 5 3 3 -1 -1 -1 0 -2 9 3 2 9 3 0 19 5
-8 24 0 -6 6 -3 -10 -55 9 54 -96 1 91 -55 0 51 0 -12 -4 2
-13 -1 0 -4 1 -3 -4 3 -4 -6 -3 5 5 5 -3 4 -1 -4 13 2
-1 2 3 -2 -6 -3 0 -5 4 0 -1 0 -4 1 1 -5 -2 0 -1 0
-3 0 -2 -2 2 7 4 -3 -1 -1 2 1 1 -2 -7 -6 2 -3 -4 6
0 -3 11 10 -3 2 -1 -2 -1 -4 -3 2 7 -4 0 2 2 -4 -1 -4
2 10 2 -2 2 -2 7 10 3 -1 -5 0 -1 4 -1 9 9 0 8 11
-2 1 -4 -3 6 0 0 8 -1 1 3 -3 -1 5 -8 -5 -9 -8 -14 -6
-15 -9 11 10 -1 12 11 1 0 -2 -6 2 1 5 -6 -7 -3 4 3 5
1 3 0 -3 -5 -1 2 5 7 40 64 52 12 -1 17 -42 -93 -47 5 4
-3 -5 -4 1 2 4 7 7 8 -1 0 -1 -1 -1 1 6 1 -3 1 -6
-12 -1 1 5 1 -29 -66 -46 -11 -1 -14 27 79 35 4 4 5 0 -3 -3
0 -1 -2 6 7 0 6 10 -2 -2 3 -4 3 3 0 0 -2 -2 -1 4
4 -24 -24 -15 6 10 0 11 10 0 6 6 1 0 0 -2 -7 -4 -5 7
7 -1 5 7 -4 -1 4 -5 2 6 -1 7 12 0 7 9 -1 -1 6 6
-7 8 5 -2 2 2 7 6 -3 11 10 -3 -3 0 -3 22 26 23 -9 -13
-11 -10 -12 -11 1 -8 -8 6 -16 -11 4 -10 4 -2 5 -2 0 9 -6 -2
4 -7 -4 3 6 -4 11 18 1 12 15 -3 1 -2 0 31 2 1 21 10
-2 0 10 -5 -1 7 -2 -3 1 1 -1 -2 3 -1 -1 4 0 2 1 -7
8 -2 -12 10 0 -9 7 -2 4 -3 0 3 -6 1 6 -8 1 -7 2 9
-9 27 6 1 24 1 0 -4 0 0 -6 1 3 -4 0 3 -2 0 4 -5
0 -5 1 -1 2 -4 -2 5 -6 -1 7 -3 -1 5 -6 1 9 -7 2 8
-4 0 -1 5 2 -6 5 0 6 -6 -1 1 -1 1 1 -5 -1 -3 3 -1
3 -1 1 3 -2 -1 -1 -2 2 4 0 0 2 0 -4 -5 -4 7 5 2
6 4 1 -5 -4 -6 0 5 4 0 1 0 -1 -3 -5 1 2 1 -1 -2
-2 -2 -5 -4 1 2 1 -1 -1 0 2 0 2 -1 -5 -7 -3 -2 -2 3
5 5 1 2 1 -1 -3 -2 -1 -3 -3 -2 -1 1 2 0 -1 1 5 3
1 3 3 -1 -2 -2 -2 -5 -4 11 1 7 -2 -20 -11 -1 -18 -8 1 -2
-1 -3 -2 -2 -3 1 2 -2 -2 1 0 -7 -3 2 3 4 1 -1 -1 -4
-7 -7 -1 -4 -3 1 -1 -2 -1 -9 -9 -4 -9 -7 -4 -3 1 -1 -2 -1
0 1 3 -20 -11 -17 12 38 28 4 24 12 -2 3 31 0 18 -2 5 -24
-33 8 6 -1 4 3 -10 4 -1 -13 4 -2 -32 9 -30 9 -12 26 26 -3
2 5 9 -40 22 -11 33 -26 6 14 -14 18 -40 25 -13 9 1 4 -4 2
-8 2 1 3 11 -13 -5 9 -3 2 19 -22 1 -22 12 10 2 -18 2 -33
42 -36 9 28 4 -7 -2 -19 37 -24 13 -31 26 -6 -1 7 4 -7 6 10
0 -10 -10 -2 11 2 35 -41 33 -8 -24 3 -8 6 -26 42 -38 4 -31 35
-5 -5 6 0 -5 14 -4 16 -12 -7 -23 25 -24 69 -67 31 -66 64 1 7
-8 15 -52 41 18 20 -37 7 2 1 0 -2 -8 5 7 -10 -1 1 0 -14
-11 -9 -15 -21 -18 2 -3 12 5 -13 -8 12 -2 0 10 7 -2 11 22 3
4 14 6 10 3 1 9 -11 -7 -4 -14 -7 -6 9 10 -3 12 13 -3 2
0 5 4 -3 2 4 -2 4 3 -1 -11 0 3 -15 7 14 -14 3 9 10
2 0 5 4 0 4 -4 -2 5 7 1 -3 12 -2 -13 -9 -5 5 -1 -7
4 -3 -11 12 4 -3 2 -1 -3 4 2 -1 1 6 1 8 2 -3 10 11
0 6 5 0 7 2 -3 13 0 -9 6 -1 -10 1 -3 0 4 10 6 7
5 10 5 4 -5 13 8 0 2 5 2 -4 -2 4 -2 1 2 -2 -1 -2
25 2 -9 -20 -49 51 -2 36 -37 -7 8 4 11 -8 -6 4 -5 -4 -29 2
18 11 48 -56 17 -60 29 -13 29 -3 1 -8 5 -2 -17 3 -20 23 2 13
18 -14 8 -18 5 6 3 -5 1 -7 -7 5 -6 4 4 -20 15 -22 13 11
-3 14 -11 -17 9 4 0 64 -71 31 -60 28 15 -11 12 -11 13 -7 -12 8
-11 -3 -1 6 -1 -5 -2 9 -3 3 10 3 -17 3 -46 50 -28 55 -28 31
-13 -13 -23 3 5 16 5 -22 -9 7 -7 13 -12 10 -4 -1 7 33 -37 -6
-34 29 1 -6 -4 23 -17 15 4 19 -13 -15 -14 1 19 5 5 -4 6 -8
-2 2 -5 -3 -3 1 2 -1 8 10 -4 -10 -5 -66 13 57 -127 15 106 -55
21 64 -1 3 6 -5 -9 3 -2 -2 3 2 5 1 5 9 14 -1 -6 -2
-3 -1 4 4 2 -1 7 5 -5 45 10 -51 102 6 -113 36 10 -48 -5 2
8 -10 -5 4 -1 3 6 0 -6 2 -9 5 22 -8 3 8 2 3 1 5
12 7 -2 -8 -1 -7 2 8 -31 5 31 -46 -5 26 6 -4 1 0 -4 5
2 -7 6 3 4 6 1 -1 13 -4 -4 8 8 7 9 9 6 8 8 2
6 9 -2 -10 15 3 -7 14 7 3 4 1 7 4 0 13 1 -1 3 20
5 -31 29 8 -51 14 17 -21 4 -55 25 10 34 -60 -12 18 35 -2 1 -6
-10 18 -2 1 -5 6 2 43 -24 -27 -22 44 17 -19 -21 3 3 10 -12 34
-22 8 -33 13 -13 2 6 22 -30 14 3 9 -7 -6 5 -1 -9 5 -1 -6
0 8 -8 -11 21 13 -25 10 3 13 -15 27 -48 23 12 38 -49 -17 22 -7
-7 -2 -2 27 -23 30 -15 23 -30 -1 -6 2 -5 5 2 0 -4 4 -26 35
-10 -26 -32 55 14 -17 15 -18 10 -2 16 -21 18 -2 12 -16 11 -2 -8 -9
20 -7 3 -3 9 20 -47 33 -13 50 -50 19 -41 41 21 -26 6 -21 14 -5
5 -20 20 -5 -1 -1 -4 -2 -4 3 3 7 16 14 3 -16 -13 17 -1 2
-20 -5 4 11 -3 -15 -17 5 8 10 -19 -20 -6 12 10 -16 4 1 18 -5
0 8 3 -4 -7 2 2 -5 11 -4 -6 -7 7 11 -1 -5 -1 0 -5 7
-1 -2 10 3 -4 -9 -3 -16 -17 13 28 19 -9 -14 -6 25 21 -23 -27 -6
34 2 -13 -21 6 -5 -5 -6 0 12 4 3 -3 -6 -10 -3 -6 -11 -2 11
12 13 -29 -29 11 26 8 -23 -10 1 42 -9 -36 -9 22 66 25 6 -32 -10
1 10 8 -4 -19 -13 7 10 5 -3 9 -9 16 -20 6 -6 10 5 14 30
-6 -3 -33 -20 -5 23 30 -4 -2 9 -1 -5 -3 2 1 -3 13 5 1 23
10 2 5 10 8 1 2 -1 -11 5 4 -6 4 3 -8 -3 -2 -20 -18 -5
-9 -19 -8 3 2 3 -11 -2 -4 -13 -6 -3 10 2 -2 12 -4 -2 5 -3
-4 0 -1 4 -3 -2 -2 4 3 3 8 -4 -1 15 -6 -4 9 -7 -4 7
6 -6 -1 5 1 -9 4 -1 10 5 -2 13 -8 -9 4 -12 -7 -6 -4 4
-10 -2 6 -1 2 7 2 1 4 4 1 1 10 0 -1 5 6 0 4 11
-2 -1 2 0 -5 5 -1 -9 6 5 -8 2 2 17 -9 -11 19 0 -12 14
-1 -9 7 4 -6 7 9 6 3 4 -4 -1 -3 -1 -1 4 2 -1 1 1
-3 25 16 7 -35 -33 -3 7 13 5 -1 5 -4 0 -1 -4 -5 3 2 -35
-20 -1 37 33 0 -8 -15 -6 -5 8 2 11 -12 2 -4 4 4 15 5 -4
-23 -6 4 7 -1 2 1 6 -3 -2 1 -1 -3 1 6 9 -4 -14 -12 7
7 3 -5 -7 39 26 -5 -47 -16 -11 2 20 2 6 -4 1 -8 1 -3 6
0 -3 -5 1 4 -2 -5 0 2 6 14 -49 -26 -11 32 41 3 -16 -14 20
6 -33 -32 -37 13 6 36 9 -8 -6 4 13 9 -5 -1 -5 3 -4 15 34
-3 17 -33 10 -35 5 -9 2 17 17 30 -23 4 -19 2 3 2 8 -6 -7
-5 2 -2 -1 -4 1 -1 -5 15 20 -4 8 15 8 -3 7 -7 -22 2 5
-1 9 4 -7 -2 5 -7 -10 2 -4 -6 2 0 0 7 13 12 1 6 11
9 1 -5 10 1 -8 -1 -2 -5 -6 4 -2 -2 13 2 -1 3 -2 1 7
-4 1 8 -6 -2 5 -8 9 0 -1 1 6 -1 -1 -6 -3 0 -2 -3 2
17 14 -1 8 9 -3 0 1 -4 -2 1 1 -5 2 1 8 -4 2 -1 -2
-1 2 -1 5 7 -2 6 7 1 -1 -2 -1 0 0 8 -2 -1 10 2 1
9 3 1 -6 10 -3 -10 1 -6 -10 8 6 -2 5 11 -2 0 1 -4 5
1 2 2 -6 -5 4 -1 1 3 3 -2 0 4 2 -3 -1 6 -2 7 6
-1 4 3 0 -11 -6 -3 -2 4 2 0 1 3 2 -1 -3 -1 -2 2 2
1 0 0 1 -11 -11 -10 3 6 -1 4 6 0 7 4 8 2 -4 -1 1
-5 -3 -11 -10 -10 -4 1 -1 4 19 13 12 15 10 18 23 22 1 11 14
1 -4 -2 3 1 2 -1 5 2 8 9 13 -7 -7 0 -2 -7 0 -5 -20
-15 -9 -15 -15 -3 -15 -10 -1 -12 -12 3 -5 -3 2 1 2 4 10 9 1
4 3 -11 -15 -11 -8 -5 4 2 7 5 4 17 9 9 1 -4 1 -8 -10
-8 -14 -4 -2 1 1 1 5 4 -4 -10 -8 2 7 3 -1 -6 -1 0 -1
4 -7 -19 0 -8 -20 -9 20 15 14 4 1 -1 -1 -6 -4 -1 5 6 0
5 1 0 3 1 0 1 3 -6 -8 -3 10 5 -2 -2 0 -4 -2 -1 -10
9 9 6 -4 -17 -12 -3 -8 0 1 1 5 4 8 9 7 12 1 -2 5
-5 -1 0 1 3 4 3 1 0 0 -3 -4 4 36 51 31 -5 -2 2 -34
-51 -39 4 16 1 -2 -4 -2 -8 -6 -4 5 15 4 -5 12 -2 -3 -2 -6
3 10 5 2 5 1 -4 1 0 -3 5 8 -4 10 13 -5 9 5 5 19
0 2 11 3 -6 3 0 -56 -80 -56 2 -2 4 51 69 57 1 1 0 0
3 0 0 0 -1 -3 2 -3 2 16 9 -5 6 -3 0 1 0 0 2 -1
-1 -2 -1 1 1 1 1 1 1 0 -2 -2 3 1 1 1 -1 -1 -1 -4
-2 6 -3 6 -5 -29 -16 2 -17 -6 2 2 2 0 1 0 0 -1 -1 -2
0 -1 -1 2 -2 1 0 -2 0 2 1 1 3 1 -1 -1 -1 4 2 2
-1 -2 -2 -1 0 3 1 0 -1 0 2 -2 0 1 -1 0 1 -1 -1 -2
-2 0 -1 -3 2 0 0 1 0 -1 1 0 1 1 -2 -1 0 -5 -3 2
-3 -4 -1 0 -1 0 1 -2 1 -1 -4 -3 -6 -4 -2 -6 0 1 0 3
-4 4 5 3 -29 -32 0 24 17 5 6 1 2 -7 -13 5 -4 4 2 0
-5 -1 28 21 -1 -31 -21 -2 -2 -2 0 10 -3 3 -9 0 -7 -12 -5 9
26 23 -2 -11 -11 3 -6 -3 17 12 7 -3 -10 -12 3 0 -2 -18 -15 1
9 13 6 -4 -8 -3 -3 32 44 3 -32 -36 -3 -1 -4 2 -2 4 -1 1
-9 -1 -4 3 15 10 2 -3 -10 -12 1 2 15 -2 -45 -46 2 33 30 4
14 7 -18 -45 3 8 31 -4 -5 -2 4 13 9 -4 -8 -4 3 -7 8 3
-2 -18 25 10 1 -16 -3 -17 -5 11 52 20 -10 -8 14 11 12 8 -1 -7
-9 -6 -10 -1 0 5 1 -1 2 1 -3 -5 -6 -1 -4 -4 5 9 10 -1
-12 -6 1 0 2 3 -3 -3 -4 -5 -5 2 1 2 0 2 -3 0 -1 3
-2 -5 -1 -8 -13 -3 10 13 6 7 5 8 -2 -5 -5 -2 -2 -2 6 5
5 -6 -9 -6 4 3 5 -6 -16 -1 1 0 6 7 32 17 1 5 1 0
0 3 0 3 1 2 -3 2 2 0 2 -1 -2 -1 3 19 5 2 -1 5
-6 -23 -7 1 6 3 -1 11 7 7 15 14 -3 -2 -4 3 6 3 1 3
0 5 2 2 6 1 2 -2 -1 5 -2 4 2 9 13 14 1 21 15 5
3 6 -3 -7 -4 -2 -6 -2 -2 -1 -1 -1 0 3 9 11 -1 6 -5 2
3 0 1 -4 -8 -3 4 -2 -3 3 3 4 -7 -3 11 0 -7 -4 2 7
5 -2 4 2 11 13 8 -4 -2 -5 -19 -18 -12 -2 -5 -5 3 2 2 1
4 5 8 22 17 1 3 3 -12 -13 -11 -14 -23 -10 -16 -30 -21 -5 -13 -9
0 2 -1 3 4 4 1 -3 -1 1 -4 1 -5 -8 -6 1 7 4 4 21
10 7 26 26 6 19 18 -1 7 5 0 -7 0 -4 -7 -8 -4 -7 -7 1
0 -1 9 12 9 11 18 10 -5 0 7 -6 -8 -10 -7 -4 -4 -8 -3 1
3 10 7 -4 -9 -10 16 15 13 -4 -11 -9 0 -2 -4 -2 24 -28 -2 24
-18 3 -3 -4 2 -1 -2 3 1 2 -2 -1 1 3 -22 28 2 -17 20 0
-7 0 5 -19 13 4 -12 11 0 -5 8 0 -11 11 -1 -11 3 -1 3 1
-4 0 -2 -3 0 2 0 4 1 0 2 -1 -2 1 -2 2 1 -2 2 -5
1 1 -3 -2 -2 4 -4 -3 32 -5 -1 32 0 2 0 -2 -1 -4 -1 2
-1 3 4 -6 3 0 -3 1 -4 -1 3 -1 -2 0 5 -3 3 -2 -2 -2
0 -1 -1 1 4 2 4 4 1 8 0 -8 4 11 -9 4 -8 13 1 -1
0 -1 6 -7 -6 4 -1 1 -3 -1 3 -4 -1 2 -1 2 -13 45 -1 37
-28 -29 -14 -18 15 -9 3 6 1 10 -5 5 -8 -2 15 -57 3 -57 32 22
27 16 -15 22 0 7 -28 18 -16 2 -15 3 11 -26 9 -17 20 2 -1 3
-8 0 10 -2 -8 7 -10 4 1 -11 20 4 -12 10 -26 14 -11 4 9 16
-43 25 -61 45 14 3 9 -9 0 15 -10 28 -34 16 -23 7 -7 -6 3 3
-3 10 -5 3 -3 -5 -21 30 -16 72 -33 -34 -6 -5 15 8 18 -26 24 -44
20 3 -6 0 -12 4 5 0 16 -8 4 -8 7 -39 33 -23 37 -22 22 7
20 -30 15 -26 10 18 33 -34 5 -11 6 3 -1 3 -6 -5 -10 12 -2 5
-9 -19 -5 12 24 2 -3 -13 0 4 -5 1 1 -4 -1 4 -1 -2 6 16
-1 -15 -25 5 8 7 -2 2 -1 -7 -13 -5 10 4 6 -4 14 12 -2 -18
-18 -5 5 7 7 1 -3 -4 2 1 -2 3 1 1 -5 3 10 5 -6 -12
-3 3 10 13 40 11 -15 -48 -16 8 17 -6 -4 -6 0 3 1 -7 1 4
5 3 0 2 -1 -5 -2 2 1 -1 -19 -44 -9 24 44 9 -16 -21 3 -23
-5 5 6 -14 -30 -1 34 24 5 -2 -8 -1 8 10 2 -3 -6 9 35 27
11 -29 -13 -19 2 -14 14 10 -5 -9 12 15 1 -18 1 4 -1 1 -3 -3
0 0 -3 1 2 5 1 -5 -13 -4 2 4 9 -36 -78 -43 18 9 20 30
42 42 6 7 2 -7 -7 -3 4 1 3 6 11 0 2 3 3 -2 -4 3
-1 0 -3 4 0 -3 -4 -8 1 13 68 36 -16 -7 -15 -27 -41 -34 1 -6
-8 7 4 0 3 -4 -2 5 4 -2 6 -2 -4 -1 -3 1 4 4 1 0
-1 0 -2 0 2 -9 -22 -17 -19 -27 -26 25 42 30 4 2 -7 4 4 -7
-3 1 -4 8 6 -3 5 4 -4 1 5 1 0 1 -3 2 2 1 5 12
10 -3 8 6 -5 0 2 -1 -7 -1 9 10 -2 10 2 -7 -2 5 -1 6
22 12 25 38 39 -36 -55 -44
