0.009970 -0.156548 0.164444 0.050781 0.023116 0.048950 -0.130686 -0.128740 -0.099273 -0.199919
-0.027050 0.074440 -0.102821 0.049865 -0.108199 -0.122446 0.025719 -0.148881 -0.089718 -0.170509
-0.030411 0.045574 -0.002907 0.076214 -0.037935 -0.102248 -0.086056 -0.101390 0.136636 0.003558
-0.006040 -0.053928 -0.110602 0.098300 0.055330 -0.060479 -0.032214 0.053642 0.020055 -0.017838
-0.022272 -0.013675 -0.071065 -0.149224 -0.031098 0.029138 0.133089 -0.106311 0.078732 -0.059392
0.014948 -0.084511 -0.041712 -0.088001 0.027765 0.050123 -0.078560 -0.099559 0.002716 -0.065400
0.036991 -0.115408 -0.026220 -0.115580 -0.036991 0.096469 0.155861 0.128168 -0.028666 -0.060880
-0.039280 -0.026678 -0.090519 -0.058591 -0.054471 -0.011057 0.129541 -0.158951 -0.001756 -0.103793
-0.154145 -0.066316 0.046976 -0.060823 -0.024232 0.113349 -0.102191 0.110259 -0.059964 -0.122217
-0.000318 -0.072381 0.096412 0.272357 -0.001320 0.054128 0.097442 -0.045832 -0.022544 0.085598
0.014154 -0.200377 -0.112490 0.073983 0.034817 0.022558 -0.129198 0.013446 -0.014512 0.080734
-0.011379 -0.036276 -0.116896 -0.154488 -0.010850 -0.142015 -0.170280 0.042084 0.007703 0.054300
-0.116152 -0.110373 -0.060937 0.004184 -0.098472 -0.073926 -0.125994 0.226697 -0.012028 0.084352
-0.033931 0.096220 -0.008573 0.030286 0.012303 -0.079647 -0.054892 -0.004106 -0.006957 0.055528
-0.021427 -0.106817 -0.030964 0.090032 -0.047262 -0.081681 0.021639 -0.075069 -0.038361 0.045058
-0.051035 -0.001849 0.029438 -0.034398 -0.006862 -0.078545 0.061335 0.023949 0.042176 -0.079308
0.159887 0.058198 -0.088845 0.054595 -0.114786 -0.077231 0.042133 0.022148 0.059428 -0.134708
0.021522 -0.075238 0.042006 -0.021893 0.000515 -0.015016 0.007243 0.074772 -0.079731 0.069770
-0.097831 0.049975 -0.043956 -0.049212 0.055104 -0.080071 -0.012547 -0.013628 0.042790 -0.089353
0.000829 -0.083250 -0.079053 -0.019011 0.083462 -0.079308 -0.015408 -0.028675 0.037068 -0.031558
-0.039336 0.043257 -0.107835 -0.046796 -0.029523 -0.066422 0.101222 -0.106054 -0.026641 0.051840
0.015461 -0.074518 0.019286 -0.019498 0.060021 -0.038107 -0.022974 -0.092914 -0.021724 0.032024
-0.025411 0.000665 -0.028951 -0.012017 -0.049085 -0.051162 -0.130639 0.006146 0.008446 -0.087912
-0.012822 -0.144373 -0.102833 -0.253140 -0.037365 0.001031 -0.001468 -0.018926 0.016457 -0.027594
0.005648 -0.042388 -0.082359 0.067524 0.103172 0.060021 -0.031685 0.031960 0.087743 0.037280
-0.067142 0.142932 0.035881 0.011180 0.046584 -0.121568 -0.082054 -0.090791 -0.078101 -0.239503
0.027608 0.025860 0.155369 -0.047018 0.122498 -0.074897 -0.253484 -0.091540 -0.024092 0.020170
-0.197228 -0.048600 0.012327 0.030562 0.013773 -0.135646 0.049141 0.074356 0.171097 -0.075063
0.023322 0.041963 0.017590 -0.090126 0.098448 -0.238837 -0.063288 -0.115757 0.324885 -0.176423
-0.207880 -0.071318 -0.157699 -0.075604 0.077685 -0.042213 -0.047268 0.089710 -0.017611 -0.172595
-0.150958 0.172595 -0.088628 0.076603 -0.046935 0.036699 -0.148628 0.044522 -0.021231 -0.125826
-0.039071 -0.008213 0.185744 0.080015 0.058336 -0.076561 -0.042733 -0.113510 0.102109 -0.148878
-0.202554 -0.186909 0.030375 -0.268130 -0.126076 0.008233 -0.099862 -0.076478 -0.020825 0.121333
-0.033995 0.121499 -0.220196 0.027878 0.072234 0.109100 -0.232346 -0.055756 -0.111430 0.036887
-0.087047 -0.010714 -0.038343 0.170764 0.039820 -0.145549 -0.211042 -0.163108 0.038447 0.104273
-0.252984 0.159447 -0.063621 -0.225189 -0.054799 0.091457 -0.055632 0.054716 0.012868 -0.092289
-0.023384 0.012275 -0.073399 -0.021678 0.029293 0.059917 0.086048 -0.172096 0.052927 -0.031477
-0.156368 0.010501 -0.148129 -0.060209 -0.123829 -0.124745 -0.109183 0.027837 -0.110015 -0.006028
-0.100778 -0.004889 -0.063080 0.142969 0.050923 -0.028328 0.064230 -0.092737 -0.031219 0.361939
-0.085674 0.044296 -0.084241 -0.128255 0.097394 -0.091355 -0.031808 -0.113311 -0.110035 0.105634
-0.061876 -0.087312 0.029965 0.007607 -0.016876 0.091406 -0.040739 0.106964 -0.086032 -0.033241
-0.015008 -0.081989 0.051230 -0.078253 -0.376064 0.041327 -0.018629 -0.000802 -0.023159 -0.044577
0.072265 0.053687 -0.105736 0.047545 0.188032 -0.132349 0.018258 -0.075387 -0.112389 -0.012149
0.002530 0.008125 0.034520 0.008688 0.069757 -0.069348 -0.038052 0.099236 0.007523 -0.012686
-0.023056 0.035262 -0.024169 -0.103996 -0.018783 -0.037693 -0.079072 0.091764 0.034879 -0.058856
-0.046317 -0.010786 -0.077281 0.030528 -0.006033 -0.067403 0.091662 -0.045268 0.098264 -0.044833
-0.038001 -0.039126 -0.060698 -0.043118 0.028916 0.012987 -0.008336 -0.001000 0.010069 0.059777
0.028660 -0.040636 -0.011682 0.080044 -0.005668 0.008726 0.014458 -0.028046 -0.022045 0.068017
0.109319 0.277391 -0.020996 0.020919 -0.028686 0.085213 -0.006157 -0.012443 -0.098264 -0.129586
0.067864 -0.006068 0.014343 -0.024566 -0.020011 -0.020267 -0.015597 0.118429 0.032499 0.068580
0.100618 -0.030759 -0.030298 0.024195 0.009871 -0.032448 0.002792 -0.001670 -0.056246 0.040508
0.067915 -0.002767 -0.223473 -0.114923 -0.138625 -0.015249 -0.132849 0.041403 -0.008726 -0.189614
-0.101429 0.053030 -0.276454 -0.094160 -0.175672 -0.213116 -0.068815 0.035926 -0.109546 -0.156152
-0.040059 -0.155655 -0.019009 0.055420 -0.140318 -0.217697 -0.111338 0.069512 0.024847 -0.303541
0.287807 -0.092068 -0.264304 0.006542 -0.078226 -0.067221 0.054225 -0.226859 -0.016295 -0.063835
0.011409 -0.042549 -0.166111 -0.072400 -0.118409 0.069163 0.014714 -0.104168 0.039785 0.156252
-0.274462 -0.172286 -0.077827 0.047727 -0.081064 -0.165215 0.012704 -0.158941 -0.093960 0.180153
-0.083952 -0.084749 -0.197879 0.166808 0.008944 -0.054175 -0.096500 -0.197780 0.168700 -0.016693
0.170095 -0.240204 -0.117712 -0.037246 0.087188 0.114724 0.088583 0.017951 -0.139521 -0.033611
-0.085147 0.063088 -0.070010 0.182941 -0.033760 -0.073595 0.073744 -0.086989 -0.069562 -0.178161
0.033511 0.036598 -0.034606 0.081562 0.142708 0.282030 -0.049744 -0.000278 -0.192801 -0.106359
0.122990 0.144800 -0.010886 -0.196983 -0.173680 0.086442 0.110342 -0.160136 -0.313898 0.054126
-0.081562 -0.047304 0.013233 0.016606 0.051486 0.014702 0.052632 0.209332 -0.187124 0.068715
0.156750 -0.170194 -0.056416 0.042026 -0.012168 -0.159538 0.111637 -0.048897 0.058756 -0.122293
-0.055057 -0.206022 -0.005137 -0.048545 -0.058655 0.623347 -0.047771 -0.099641 -0.085159 -0.074093
-0.143268 0.094996 -0.041601 -0.349198 -0.056287 -0.025252 -0.061160 -0.018318 -0.060841 -0.010150
0.086844 -0.095360 0.008709 -0.088210 0.304569 -0.356667 -0.109751 -0.143632 0.111845 -0.205839
-0.008243 -0.112119 -0.034770 0.025434 0.002397 0.005066 -0.094449 0.095178 0.098821 -0.059839
-0.024842 0.097910 -0.068173 -0.037479 0.046906 -0.076689 0.008892 0.108111 0.046724 -0.047361
-0.010190 -0.011504 -0.179244 0.031104 0.014083 0.177332 0.065623 0.006233 0.161939 0.019867
-0.024614 -0.215312 -0.026481 -0.030261 0.006620 -0.018296 0.001705 -0.091808 -0.331347 0.012614
-0.034428 0.001755 0.058063 0.128331 -0.136255 -0.083975 -0.076097 -0.006654 -0.105743 0.010503
-0.021677 -0.073319 0.041737 -0.009996 0.035817 -0.051278 0.114487 -0.463776 0.049912 -0.056742
0.008596 -0.042306 -0.038481 -0.081061 0.017829 0.002162 -0.028394 -0.100734 -0.036705 -0.051961
-0.095907 -0.175692 0.006324 -0.086252 -0.101462 0.093994 -0.068492 -0.012865 -0.036455 -0.018341
0.016747 -0.090214 -0.119314 -0.015893 -0.080696 -0.123230 -0.085615 0.054329 -0.140444 0.016907
-0.019127 0.084840 0.060340 -0.057653 -0.083702 0.097728 -0.072135 -0.094723 0.031772 0.034089
-0.095095 -0.067453 -0.230325 0.016007 0.076439 0.188902 -0.020792 -0.155940 -0.186323 0.317522
-0.066889 0.047346 0.267557 0.050892 0.127654 0.076761 -0.117096 0.093806 0.115001 0.102510
-0.152395 -0.089212 -0.138936 -0.041161 -0.014687 0.131280 0.229680 0.156666 -0.144255 -0.176330
0.082282 0.243058 -0.240479 -0.145706 0.019200 0.007968 -0.072853 0.131119 0.013650 0.094048
-0.085264 -0.053189 -0.144336 -0.175363 -0.079945 -0.077205 -0.085667 -0.034351 0.282385 -0.089051
-0.112342 -0.022646 0.007344 0.037555 0.180359 -0.005359 -0.015685 -0.128701 -0.069105 -0.080831
-0.246604 -0.100656 -0.107426 -0.103477 0.073941 0.044284 -0.032578 -0.291411 -0.070878 0.076681
-0.008039 -0.072813 0.262560 0.106459 -0.027682 -0.086392 -0.090260 0.330417 -0.020439 0.008517
-0.180843 -0.110246 -0.069105 -0.027965 -0.045009 -0.190997 -0.116452 -0.018576 -0.030584 -0.067373
-0.069911 -0.085344 -0.019210 -0.071402 0.065721 -0.233065 0.015665 -0.040476 -0.058024 0.067494
-0.123705 0.148687 -0.140548 0.082846 0.010859 -0.045734 -0.178747 -0.019392 0.015554 -0.099125
-0.059394 -0.067574 0.040295 -0.006865 0.186645 0.046097 0.046339 -0.077567 -0.098158 -0.013942
0.110730 -0.107345 -0.036507 -0.110569 -0.159809 0.052061 0.042246 -0.028487 -0.119773 -0.055576
0.008185 -0.006294 -0.013116 0.058031 -0.018440 0.096252 0.003304 -0.102817 0.027003 0.007521
0.123997 0.093226 0.069420 -0.145234 -0.174806 0.022065 -0.083464 -0.003864 0.009555 0.068792
-0.225387 -0.063940 -0.063654 -0.157109 0.025405 0.124568 -0.044101 -0.104644 -0.094482 -0.067536
0.039877 -0.054920 -0.073759 0.102532 0.111038 0.063312 0.033254 -0.023406 -0.035367 -0.053150
0.018668 0.029130 -0.115206 0.002910 -0.019096 0.099106 -0.009869 -0.015899 -0.009505 -0.016741
-0.065310 0.010469 0.097223 -0.160877 0.042217 0.219450 0.040933 -0.119088 0.022536 -0.021451
-0.164530 -0.045443 -0.061999 0.050609 0.029401 -0.075186 0.067822 -0.095910 -0.070905 0.358976
-0.065652 -0.073359 -0.002407 0.006876 -0.143408 -0.150144 0.098421 0.143636 -0.037079 0.002705
-0.028759 -0.094654 -0.069820 0.016085 -0.093797 -0.058288 0.009562 0.065024 -0.035053 -0.076785
0.076214 0.107384 0.011775 -0.019781 -0.021751 0.116005 -0.091628 0.057346 -0.049039 0.282476
-0.005852 -0.101504 -0.049125 0.080495 -0.095567 -0.031256 0.171952 -0.011932 -0.002467 0.030600
-0.017812 0.007564 -0.091913 -0.028188 0.038763 -0.022964 -0.030971 0.032084 -0.102989 -0.119887
-0.032598 0.051466 -0.043245 -0.061999 -0.099157 -0.008360 -0.043123 -0.065504 0.040141 0.158992
-0.015655 -0.071828 0.149031 -0.077202 -0.012919 -0.089196 0.057902 0.068486 0.006218 -0.028476
-0.109578 -0.070976 0.049611 -0.041714 -0.085919 -0.023642 0.212864 -0.181013 0.150211 -0.045089
-0.053249 0.081135 -0.082773 -0.020398 -0.206048 0.185076 -0.039584 -0.038339 0.099223 0.074712
-0.135661 -0.151128 0.024429 0.002028 -0.002703 0.182717 -0.010601 -0.047154 -0.011534 0.165022
0.005452 -0.032097 -0.120457 -0.100599 0.215879 -0.143133 0.053642 -0.015475 -0.004411 -0.088147
0.111544 -0.145361 0.127862 -0.059114 -0.055149 -0.084608 -0.044565 -0.026952 0.083428 -0.027100
-0.155847 -0.094832 -0.165939 -0.003623 -0.063243 0.061408 -0.063735 -0.133105 0.044467 -0.033784
-0.042304 0.013951 0.042828 -0.080217 0.016384 0.000839 -0.075630 -0.114952 0.099223 -0.040666
-0.202771 0.016089 0.022446 -0.118818 -0.146278 -0.168823 0.040862 -0.039289 0.121440 -0.112789
0.066028 0.032113 -0.118622 0.049480 -0.044696 0.119670 -0.044729 0.053478 -0.101320 -0.005427
-0.029082 0.060065 -0.122161 -0.025510 0.120260 -0.169872 0.072549 -0.235802 -0.076154 -0.060458
-0.013697 0.180358 -0.102303 0.023102 -0.107481 0.032949 -0.070518 -0.166726 -0.031048 0.161352
-0.042239 -0.009757 0.022381 0.084897 0.043882 0.138128 -0.015621 0.014130 -0.048964 0.066458
0.121774 -0.094279 0.000359 -0.044273 0.005147 0.072192 0.043263 0.005375 0.071475 0.006214
0.026046 -0.014448 0.017755 -0.024726 0.051244 -0.054241 0.026160 0.028636 0.025981 0.053525
-0.020654 0.045250 0.070302 0.027365 0.086786 -0.024058 -0.021192 0.031193 -0.076036 -0.053036
-0.006483 0.018618 0.028473 -0.016395 0.011524 0.014823 0.051081 -0.036454 0.029515 0.000638
-0.040852 -0.000212 0.001528 -0.002912 0.039419 0.032529 0.001584 0.063363 0.049876 0.063135
0.071410 0.029075 -0.026616 0.019807 -0.020165 -0.044761 -0.026209 -0.002800 -0.049257 0.050886
0.074016 0.023277 -0.033245 -0.015523 0.019025 0.089588 0.085613 -0.028408 0.035249 -0.000480
0.043133 -0.012127 0.026029 0.021257 0.013055 -0.030150 -0.002280 0.020491 0.047074 -0.036324
0.056196 0.013267 -0.015580 -0.049909 0.009285 0.103727 0.041927 -0.095126 0.018683 -0.005884
0.001754 0.005819 -0.004243 0.147120 -0.094475 -0.086265 0.067175 0.115063 0.064145 0.095191
-0.086004 0.026697 -0.004781 -0.018423 -0.040396 0.021713 0.031730 0.049648 0.015531 0.061376
0.044827 -0.017722 0.008100 -0.017380 -0.008372 0.040722 0.102489 -0.028522 -0.012282 0.008877
-0.004204 0.034671 -0.000583 -0.046333 0.008740 -0.067464 0.122398 -0.011782 -0.049056 0.048622
-0.024287 -0.032310 0.018107 -0.133674 0.002798 -0.040478 -0.063994 -0.067560 0.005593 0.051754
0.059513 0.018709 0.059368 -0.012902 -0.022155 0.172418 0.052092 -0.071415 0.107653 -0.003229
0.045562 -0.066163 -0.122880 -0.042309 0.017745 0.040550 0.024480 -0.007084 0.027781 -0.036840
-0.015782 -0.016288 -0.035876 -0.035924 -0.028672 0.037587 0.007282 -0.026118 0.013348 0.015758
0.013637 -0.100617 0.017215 0.011463 -0.009415 0.005385 -0.041129 -0.011384 -0.045899 -0.061344
-0.344064 0.012421 -0.036647 -0.005090 0.032021 -0.009126 -0.047875 -0.005430 -0.379724 -0.057007
0.003470 0.032455 0.025178 0.070499 -0.091510 -0.041370 -0.002333 -0.045273 -0.048526 0.033780
0.002860 0.013938 0.057199 0.055417 0.036406 0.037490 0.111508 -0.054742 0.084763 -0.051176
-0.067656 0.018131 0.053971 0.008228 -0.032937 -0.003019 0.000886 -0.036430 0.017203 -0.054115
-0.049224 -0.055657 0.302044 0.117483 -0.043562 0.191500 -0.009300 -0.019155 0.021588 -0.047008
-0.000366 -0.014734 -0.013481 0.047803 -0.008306 -0.031491 0.095895 -0.000708 0.246724 0.040454
-0.047104 0.022986 -0.052236 0.060380 -0.043731 0.103412 -0.038117 -0.046164 -0.106557 -0.029403
-0.266552 -0.142501 -0.032345 -0.058169 -0.097731 -0.220908 0.126119 -0.037971 -0.042583 -0.089381
-0.001597 -0.083496 -0.029860 0.007992 -0.169060 0.210570 -0.004242 0.172400 0.004905 -0.109738
-0.048309 0.054392 -0.034253 -0.010626 -0.190372 -0.178921 0.122302 0.012415 -0.082383 -0.063577
-0.077254 0.053438 -0.046718 -0.051092 0.143932 -0.152202 -0.113317 -0.126040 -0.154906 -0.181466
0.149021 -0.146954 -0.000437 -0.082542 0.063338 -0.159995 -0.153156 -0.017286 -0.106875 -0.156655
-0.266711 -0.131845 0.026659 -0.092482 -0.082860 0.189577 -0.048547 0.083019 -0.048865 -0.141864
0.035307 0.005298 -0.199119 -0.072682 0.067990 0.198483 0.065962 -0.120632 -0.098764 0.119678
-0.223293 -0.206594 -0.169856 0.126278 0.145125 -0.184328 0.072841 -0.008136 -0.005512 -0.042543
0.062384 0.001512 -0.178126 0.072244 0.025049 0.144091 -0.153315 0.040496 -0.042742 -0.084292
-0.016272 -0.003951 0.018598 0.104569 -0.113714 -0.095902 -0.122223 0.037474 -0.091528 -0.013479
-0.066121 0.062026 -0.152918 -0.040237 0.011073 0.140672 0.295021 -0.197529 0.058527 0.094629
-0.059799 0.275936 -0.027653 -0.060237 -0.177012 -0.129777 0.090574 -0.053875 0.085246 -0.090494
-0.112760 -0.043696 -0.141785 -0.066121 -0.130891 -0.044730 -0.093535 -0.058079 0.009643 -0.123175
-0.211817 0.054524 -0.098060 -0.033933 -0.089242 -0.084487 0.140534 -0.086379 0.008241 0.169712
0.019540 -0.081901 -0.055170 0.150783 0.029616 0.011790 0.022068 -0.048014 -0.177930 -0.022253
-0.144043 0.204614 -0.155585 -0.138318 0.236193 -0.071606 -0.177560 0.062695 0.044713 -0.269988
-0.166018 0.026708 0.009759 -0.156323 0.185039 -0.059325 -0.042867 0.276451 -0.211817 -0.003321
-0.144043 -0.337762 -0.240256 -0.037165 0.020718 0.009649 -0.097598 -0.046168 -0.230838 -0.109694
-0.049215 -0.020845 0.485682 -0.165741 -0.270911 0.087764 0.063896 -0.223451 0.162140 -0.040674
0.085133 -0.145058 -0.219942 -0.015789 -0.084163 -0.174052 0.080839 0.122806 0.119943 0.032756
0.063896 -0.053647 0.017521 -0.072114 -0.080885 -0.004793 0.118835 -0.045960 -0.008016 -0.118743
-0.023684 -0.075576 -0.190764 -0.091827 -0.198520 -0.078993 0.020695 -0.124283 0.191318 -0.074284
0.153184 0.128253 -0.006694 0.147459 -0.101846 -0.000599 0.174698 0.153553 0.011957 -0.038458
0.075992 0.042728 -0.040258 -0.006665 0.227698 0.050230 -0.011115 0.082040 -0.044298 -0.134532
0.034880 0.074607 -0.071283 0.086980 -0.092797 0.118651 0.078854 0.074376 0.140349 -0.172297
-0.029940 0.145612 -0.187071 -0.151799 -0.004803 -0.089229 -0.097971 -0.197829 -0.057086 -0.055286
0.016393 -0.210514 -0.013757 -0.031586 -0.057086 -0.002561 -0.144171 0.136114 0.131314 0.029314
0.127457 0.239314 -0.136714 -0.082843 -0.182571 -0.053657 0.019800 -0.110657 -0.053657 -0.062186
-0.149400 0.016939 0.190457 0.077571 -0.159857 -0.153429 -0.052286 0.231771 0.048214 0.214800
-0.114771 -0.240514 -0.022907 0.142543 -0.234171 -0.145714 -0.224229 -0.133971 -0.064029 0.047486
-0.030814 -0.093429 -0.070371 -0.044400 0.056914 -0.040393 0.383657 -0.103714 -0.104486 -0.035400
-0.002837 -0.220286 -0.063557 -0.200057 -0.023164 -0.173486 -0.121371 -0.227314 -0.216686 0.202800
0.115629 0.118200 -0.061500 -0.015439 0.074786 0.042600 -0.033171 -0.051214 0.083786 0.014914
-0.142886 -0.032443 0.009445 -0.034479 -0.024600 0.006343 0.049457 -0.112029 -0.102943 -0.003437
0.011057 0.037607 -0.108429 0.074529 -0.131657 0.017132 -0.015343 -0.093343 0.029186 0.000698
-0.078643 -0.212571 -0.122229 0.034950 -0.066943 0.158571 -0.025157 0.069771 -0.082200 0.071657
-0.145800 -0.033000 0.200914 -0.144429 0.217714 -0.019725 -0.084214 -0.145457 -0.085971 -0.032721
0.090943 0.116314 0.006691 -0.106371 0.022993 -0.027900 0.087171 0.036557 -0.067671 -0.215314
-0.003579 -0.087429 -0.047075 -0.050870 0.093599 -0.042545 -0.010268 0.079110 -0.200904 -0.085366
-0.056803 0.052066 -0.027643 0.025159 -0.012246 0.084998 0.037462 -0.014937 0.008457 -0.111214
0.025113 -0.049444 0.101096 -0.083526 0.061633 0.025596 0.190233 -0.049628 0.014868 -0.078880
0.068624 0.037715 0.027206 -0.041786 -0.081870 0.016454 0.068072 -0.043879 0.108455 0.086378
0.044454 -0.071705 -0.068026 -0.005059 -0.013879 -0.004375 -0.000045 0.000432 0.098612 -0.101648
-0.024653 -0.051606 0.013453 -0.020134 -0.043695 0.034795 -0.009544 -0.017213 -0.045258 0.148930
0.033277 -0.053491 0.063564 -0.036842 0.094473 0.052526 -0.004415 -0.114342 -0.043580 0.047374
0.013051 0.035002 -0.080904 -0.045465 -0.130808 -0.020605 -0.001732 -0.058413 -0.091989 0.014281
0.150126 0.022963 -0.022537 -0.048340 0.133476 -0.097048 -0.003674 -0.031529 -0.132372 0.131544
0.016558 -0.015224 0.063886 -0.023515 0.099624 -0.104867 -0.082882 -0.060069 0.047880 0.083296
-0.081870 -0.069452 -0.006548 -0.063104 0.046293 0.150494 0.043695 0.129428 0.124185 0.114066
-0.033967 -0.047558 0.048064 0.013062 -0.099624 0.006911 -0.136511 0.062184 -0.020927 -0.008802
0.080996 -0.038290 0.039647 -0.010625 0.107167 0.018490 -0.068440 -0.133292 0.041303 -0.021893
0.029946 0.093047 0.149229 -0.040684 -0.019069 -0.080482 0.013042 -0.132181 -0.050370 0.050703
-0.084025 -0.009811 -0.045582 0.073618 -0.039826 0.048433 -0.120225 0.047520 0.016204 -0.070519
-0.057179 -0.160964 -0.029669 0.058563 -0.103066 -0.052585 0.042289 -0.201039 0.109099 -0.059227
-0.032298 0.016246 0.264140 0.056653 -0.051893 -0.110206 0.083748 0.079873 -0.081478 0.004577
-0.036588 -0.144912 0.058397 -0.088840 -0.006922 -0.109320 -0.029724 0.202478 -0.084689 -0.088065
-0.032409 -0.092383 0.067031 -0.075002 -0.003940 0.050786 -0.062880 0.058452 -0.179341 -0.096091
0.107826 0.041071 -0.013700 -0.032575 -0.010946 0.037307 -0.038996 0.019276 0.056791 0.090279
-0.047603 0.024964 -0.107217 -0.048073 -0.039023 -0.030029 -0.079873 -0.026486 -0.048765 0.104339
0.008261 0.039521 0.083526 0.020342 0.031274 0.004075 0.121885 0.056902 0.000362 0.058729
-0.047188 0.032215 -0.090445 -0.057898 0.016703 0.169045 -0.087180 0.016370 -0.052391 -0.091552
-0.060278 -0.065592 0.096313 0.193290 -0.028506 0.016786 -0.004041 0.080814 0.020591 0.029226
-0.062880 -0.019041 -0.015817 -0.115354 0.015775 -0.050620 0.004729 -0.036339 0.032021 0.026431
0.155318 -0.068305 0.058507 -0.018418 -0.071626 -0.120336 -0.055933 -0.130963 0.023215 0.093981
-0.053703 0.056154 0.064945 0.016609 -0.060043 -0.123603 -0.044087 -0.001200 -0.043820 0.120406
0.002166 -0.054609 0.016476 0.009583 0.123709 -0.129783 -0.051865 -0.043154 -0.004855 0.102771
0.148004 0.040464 -0.096804 -0.073309 -0.060629 -0.036148 0.193822 0.002979 -0.073469 0.018074
0.217157 0.003636 0.008897 -0.020991 0.037134 -0.055675 0.063453 -0.076985 0.004432 -0.049441
0.180290 -0.015397 0.155462 -0.056207 -0.010123 -0.001875 0.029942 -0.053703 -0.014092 -0.078903
0.013799 -0.031247 -0.030075 0.080875 0.029249 -0.017342 0.018008 -0.088706 -0.013865 0.158126
-0.032872 -0.090198 0.047417 -0.044886 -0.050373 -0.047417 -0.044939 -0.019979 -0.154610 0.036282
0.003636 0.047656 -0.127758 -0.102825 -0.009017 -0.035829 -0.040464 -0.029862 0.044859 0.109964
-0.000730 -0.020205 0.074002 -0.013206 0.100054 0.178585 -0.035722 -0.072404 -0.124242 -0.077092
-0.003799 -0.181355 0.032765 -0.033804 0.107247 -0.062973 0.027011 0.069047 0.013919 0.007805
-0.022589 -0.042702 0.087907 0.027265 -0.121365 -0.110497 0.002128 0.105222 -0.102771 0.004675
-0.007612 -0.092809 0.058871 -0.027411 -0.066330 0.093075 -0.014039 -0.112415 -0.036761 0.012407
-0.058711 -0.032313 -0.023535 0.081088 0.081834 0.100427 -0.045191 -0.117117 -0.053685 0.036447
0.026789 0.031107 0.009273 -0.008767 0.004251 0.081638 -0.026771 -0.093465 -0.010572 0.071389
-0.032164 -0.012525 -0.009416 -0.025140 -0.094540 -0.038884 -0.013941 0.037450 -0.026502 0.038597
0.003118 -0.175604 0.022219 0.025731 -0.003738 -0.093680 -0.049743 -0.048417 0.070027 0.016844
0.057412 -0.034709 -0.057484 -0.039672 -0.119554 0.088017 -0.008126 -0.083000 0.002903 0.022811
0.005591 -0.000083 -0.020750 -0.044940 -0.005304 -0.091888 -0.065225 0.013179 -0.042933 -0.023294
0.001051 0.039529 -0.005797 0.002670 -0.051965 -0.063934 0.090598 0.003474 0.053685 0.004645
-0.029423 0.038490 -0.057125 0.056695 -0.046195 0.074542 -0.076549 -0.051033 0.029817 -0.025230
-0.016584 0.026520 -0.028975 -0.061533 -0.083788 -0.096905 -0.026896 0.011020 0.054330 -0.072571
0.028276 -0.087229 0.012409 -0.071317 0.042396 0.006805 0.030587 0.043328 -0.027523 0.009085
-0.008359 -0.016360 0.049743 -0.047521 0.043579 0.056516 0.000188 -0.020535 0.042503 0.081566
0.038669 0.088089 -0.027971 -0.038705 -0.024961 0.030480 0.033186 0.010518 0.040031 0.049778
0.004816 -0.001848 -0.079488 -0.029960 0.019532 0.029423 -0.106581 0.106008 0.041930 -0.050029
-0.049098 0.070994 -0.029244 -0.092103 -0.047991 0.004802 -0.039589 -0.086462 0.001087 0.069190
0.245339 0.035271 -0.039823 0.028222 -0.088855 -0.139629 -0.114970 -0.150554 0.049838 -0.071427
-0.182704 0.156484 -0.098583 -0.051997 -0.029471 -0.066537 0.028638 0.127143 -0.204865 0.145143
-0.014787 -0.092965 0.178854 -0.051502 -0.040500 -0.128080 -0.005628 0.039979 -0.051398 0.024308
-0.029185 0.006236 0.132970 -0.002692 -0.123710 -0.066173 -0.121629 0.002938 -0.028743 0.031188
-0.153467 0.006965 0.059722 0.019248 -0.022747 0.075901 -0.022591 -0.012167 0.020809 -0.046924
0.058942 0.200391 -0.052517 -0.021446 -0.005573 -0.047549 0.001779 0.027364 -0.057433 -0.039329
-0.006552 -0.008337 0.002440 -0.018806 -0.051476 -0.035167 0.090051 -0.056757 -0.054364 -0.116843
-0.020653 0.031994 -0.044453 0.170010 0.027442 -0.132658 -0.047107 0.113826 -0.071947 -0.034413
-0.056705 0.013188 0.080323 0.078658 -0.034283 -0.082768 -0.047419 -0.008701 -0.028873 0.045910
-0.117675 0.077982 0.047861 -0.020289 -0.001892 -0.142022 -0.035531 0.025530 0.096450 -0.058630
0.119444 0.071635 0.046612 -0.061855 -0.076629 0.006184 -0.000376 0.058578 0.093693 -0.031968
-0.091196 0.098271 -0.034647 -0.022552 -0.063884 0.005287 -0.050644 -0.094421 -0.155340 -0.035844
-0.205073 -0.045364 -0.025368 -0.022718 -0.092864 -0.001220 -0.079807 0.005738 0.005562 -0.009954
-0.021269 0.038498 -0.061832 -0.035893 -0.080685 0.005354 -0.065637 0.345695 -0.019791 0.013021
-0.048482 -0.045759 -0.030418 -0.052785 -0.007670 0.083555 0.031091 -0.008600 -0.073132 0.045876
0.154228 -0.049038 0.056679 -0.026993 -0.018078 0.049506 -0.081095 0.007787 -0.065579 0.073484
-0.011828 -0.031823 0.073132 -0.038528 0.021547 0.070907 0.008688 -0.078343 -0.054776 -0.038674
-0.058875 -0.016658 -0.086365 -0.026305 -0.055274 -0.027549 0.006627 0.055508 0.023011 -0.020654
-0.086131 -0.006250 -0.343352 -0.045642 0.044559 0.027900 -0.017712 0.019337 -0.006756 -0.009149
-0.013775 0.079573 -0.024109 0.045437 0.045349 0.022806 0.024504 0.086072 0.036186 -0.006258
-0.036566 -0.019674 -0.032028 0.032233 -0.033580 -0.004849 -0.028837 -0.046198 -0.049770 -0.044119
0.025339 0.015326 -0.026334 0.044500 0.072898 0.004187 -0.003649 0.047135 0.054132 -0.047720
0.052112 0.009295 -0.035102 -0.113007 0.082208 0.017800 -0.021416 -0.096495 0.098134 0.068272
-0.054717 -0.030535 -0.038703 -0.056796 -0.021430 0.123312 -0.037737 -0.038440 -0.025924 0.000411
-0.125654 0.009368 -0.077934 -0.722305 0.089059 -0.040255 -0.076938 -0.015370 -0.031648 -0.022177
0.002770 0.146195 -0.117846 0.005274 -0.037616 0.134490 0.016019 -0.149244 -0.123516 -0.022130
0.135465 -0.026627 -0.058070 0.106019 0.034324 -0.018442 0.016979 0.206795 -0.016506 0.016430
-0.140465 -0.053192 -0.053467 -0.105105 -0.026810 -0.012041 0.052247 -0.025164 0.085900 -0.083401
-0.026063 -0.083950 -0.102239 0.048468 -0.160217 -0.049291 -0.108092 0.129613 -0.056058 0.100898
0.049931 -0.113213 -0.031885 0.096387 -0.044109 -0.151073 -0.110043 -0.044535 -0.039201 -0.127418
-0.028029 0.040755 -0.014045 0.041457 0.039597 0.132417 0.082304 0.042310 0.023106 -0.038134
-0.038987 -0.094314 -0.004127 -0.090778 0.034933 0.005571 0.103154 -0.161681 -0.129369 0.128272
0.046608 -0.052369 -0.052857 -0.119188 0.087973 0.025956 -0.108153 -0.054290 -0.004043 -0.059685
-0.064928 0.188140 -0.088339 0.097789 -0.062734 -0.045389 -0.066818 0.120834 -0.000824 -0.126686
-0.048407 -0.024843 0.054381 0.023274 0.258250 -0.063892 0.009983 -0.135709 0.049626 -0.015790
0.001039 -0.141562 0.091997 0.024813 -0.040054 -0.133393 0.047949 0.044017 -0.021460 0.035086
0.030757 0.031214 0.018823 0.066391 0.055479 -0.015013 -0.032921 -0.071391 0.052949 -0.010509
-0.057186 0.237278 -0.133271 0.098276 -0.013184 -0.096387 0.106629 0.017162 0.006489 0.125953
-0.073775 -0.135055 0.015513 -0.127650 0.013961 -0.030505 0.013575 -0.041033 -0.045314 0.004486
0.030042 0.094947 -0.097492 -0.155263 0.020594 -0.079058 0.000240 -0.085152 -0.108830 0.002076
0.011820 -0.060508 0.014867 -0.081449 -0.106285 -0.049325 0.168606 -0.017036 0.149324 -0.354798
-0.182952 0.022329 -0.099266 -0.067720 -0.037485 -0.126956 -0.057886 -0.064249 -0.070150 -0.130581
-0.131121 -0.019273 -0.061434 -0.137831 -0.084843 -0.041457 -0.081449 -0.017065 0.119012 0.029136
-0.063786 0.037389 -0.050906 -0.060508 0.028789 0.001775 0.182181 -0.068993 -0.047898 -0.126030
-0.086925 -0.118086 -0.010663 0.017499 -0.094793 -0.010335 -0.067527 -0.056575 0.039876 -0.097569
-0.029830 -0.099421 0.104125 -0.103740 -0.022830 0.005071 -0.131275 -0.025202 -0.004847 0.085152
-0.061820 -0.118317 -0.048013 0.039761 -0.210719 0.092556 -0.017933 -0.101966 -0.052911 -0.107673
0.006479 -0.039645 0.034149 -0.043656 -0.114384 0.537750 -0.033687 -0.050597 -0.095873 -0.079521
0.036791 0.247587 0.096335 0.213959 -0.019919 -0.310217 -0.041843 -0.037967 0.198687 0.007588
-0.141379 -0.010094 0.014549 -0.093867 -0.062822 -0.093482 0.003644 0.035441 -0.097801 -0.036463
-0.123331 -0.023293 -0.155803 -0.029753 0.013035 -0.087157 0.007973 -0.144266 -0.102296 -0.105802
-0.077547 0.363399 0.253884 0.000618 -0.368142 0.011685 0.002644 0.104255 0.108690 -0.039470
0.224598 -0.009526 0.040114 -0.001435 -0.041609 0.002067 0.088633 0.017556 -0.066152 0.012871
-0.065482 -0.003774 0.023125 -0.318644 -0.138182 -0.091108 0.174378 0.154888 -0.079145 -0.121167
-0.050014 -0.048518 -0.103276 -0.083116 0.012897 -0.145091 -0.126942 0.231404 -0.044626 -0.163241
-0.080486 -0.005852 0.049550 0.058057 0.038284 -0.049215 0.020869 -0.253059 -0.060893 0.034649
0.028719 -0.112711 0.182937 -0.143751 -0.043027 -0.077392 -0.064966 -0.032638 0.193558 0.068008
-0.119724 -0.096779 -0.100234 0.065533 0.060016 -0.154888 -0.015133 -0.012645 -0.124777 -0.137564
-0.004853 -0.108999 -0.058109 -0.124055 -0.196858 -0.088272 -0.028719 -0.105596 -0.063832 -0.036634
-0.086828 -0.005855 -0.052025 0.691324 -0.159013 -0.033385 0.037717 0.061254 0.018446 0.038670
0.077083 -0.204489 -0.053417 0.163756 -0.136017 -0.076052 -0.051741 0.083786 -0.101110 -0.061873
0.069761 0.209027 -0.065121 0.369586 -0.001769 0.030885 0.053210 -0.036892 -0.079403 -0.068008
0.012007 0.198818 0.099409 -0.041738 -0.429809 -0.036608 -0.126014 0.054035 -0.085281 0.099151
-0.130861 0.050813 -0.189846 -0.059088 -0.040913 0.016191 0.150976 0.071902 -0.110575 -0.088165
-0.019576 -0.017287 -0.141628 0.245736 -0.092071 0.105260 -0.110639 -0.050645 -0.067741 0.012141
0.101483 -0.124468 -0.106477 0.047860 0.173257 -0.198740 -0.082147 0.025147 0.109614 0.206807
-0.070750 -0.178507 -0.011797 -0.047764 0.042610 0.040593 -0.090918 -0.103468 -0.015054 0.030589
0.006775 0.116145 -0.084067 0.023578 -0.105580 -0.139195 -0.111407 -0.083107 -0.000088 0.095592
-0.006547 0.040753 -0.058040 0.022313 0.220765 -0.064987 0.037680 0.064347 0.052662 -0.231265
0.038128 -0.037712 -0.157891 -0.155201 0.019544 -0.096233 -0.085796 -0.071262 0.012013 0.043602
0.009060 -0.053911 0.066972 0.065628 -0.088485 0.045715 -0.118642 -0.056696 0.042194 -0.059545
-0.065948 -0.046580 0.023274 -0.037296 0.210649 0.121203 0.094120 -0.017992 -0.042674 -0.011941
0.379552 -0.127286 -0.158915 -0.042866 0.063803 -0.025867 -0.174025 -0.009260 0.071646 -0.003832
-0.014990 0.038448 0.074912 -0.015743 -0.097961 0.015759 0.024906 -0.130935 -0.106797 0.046900
-0.034991 0.055671 -0.140859 -0.062458 -0.120883 -0.057240 -0.002529 -0.068765 0.040977 -0.018616
-0.010853 -0.029292 0.047508 0.011109 0.027019 0.047124 0.005510 0.017751 -0.282487 -0.002933
0.018296 -0.054967 -0.009131 0.041500 0.006784 0.111512 -0.100946 0.095706 -0.224246 0.034012
-0.042461 -0.058943 -0.071954 -0.032244 -0.011025 -0.197350 -0.108368 -0.097540 -0.068330 -0.088153
-0.089375 -0.137097 -0.127754 -0.091515 0.096230 -0.061563 -0.073002 0.081560 -0.052045 -0.017519
0.247998 0.001789 0.019975 -0.124348 -0.072653 0.228787 -0.023665 -0.051739 0.060515 -0.275766
0.150196 0.000210 0.015358 0.166787 0.034973 0.087716 0.157968 -0.118323 0.095881 -0.085315
0.305806 -0.120593 -0.029188 -0.107320 -0.039295 0.096405 0.050342 -0.018360 -0.058768 -0.021743
-0.008290 -0.053092 -0.063440 0.156134 -0.015533 -0.165128 0.058376 0.052219 0.039623 0.007253
0.060821 -0.146877 0.019648 -0.043945 -0.082127 0.132644 -0.304758 -0.080075 0.045452 -0.008328
0.015325 -0.286769 -0.014517 0.037505 0.054664 -0.004732 -0.054883 -0.021580 -0.137796 0.181283
-0.140590 0.166787 -0.069116 -0.143734 -0.022289 0.122514 0.101208 -0.266510 -0.090117 -0.125221
-0.095008 0.014878 -0.068592 -0.122951 -0.111948 -0.034842 -0.085795 -0.034689 0.116402 -0.211846
0.135875 -0.268955 -0.142249 -0.171503 0.101557 -0.145480 -0.077543 0.267907 -0.158055 -0.056105
0.122165 0.054490 -0.002803 0.051215 0.085620 -0.031109 -0.059511 0.042417 0.033205 0.080425
-0.027624 -0.034425 -0.079041 -0.071269 -0.020200 0.060234 0.089746 0.028651 0.040731 -0.128461
-0.042967 -0.004150 0.079188 0.046853 -0.070646 0.288303 -0.110423 0.142832 0.087327 0.066650
0.030887 0.116582 -0.039521 0.039411 0.088280 -0.030979 0.059831 0.047623 0.146205 0.036478
-0.097592 -0.103971 -0.047293 -0.073469 -0.032445 -0.049199 -0.048393 -0.079335 -0.050996 -0.014032
0.000780 0.000399 -0.149064 -0.052022 -0.045350 -0.062397 0.082194 -0.112403 0.074166 -0.031987
-0.040621 0.001873 0.018028 -0.025351 -0.036111 -0.134766 0.058365 -0.010989 -0.048466 -0.052389
0.229499 0.039814 0.016864 0.039411 -0.008872 -0.036460 0.015572 -0.101551 0.212488 0.001033
-0.002800 -0.020494 -0.009614 -0.013720 -0.111597 0.058401 -0.100965 -0.099205 0.028357 -0.006576
-0.068556 0.000639 0.003877 0.060967 0.038311 -0.061517 0.104558 0.096419 -0.092313 -0.029934
-0.106831 -0.056238 0.081461 -0.006805 0.109397 -0.061627 -0.021648 -0.041060 -0.055945 0.036569
0.131467 -0.129194 -0.441400 0.195771 0.003471 0.009651 -0.089453 -0.053855 0.120835 0.099132
0.135206 0.024856 -0.083587 -0.097812 -0.058328 -0.058401 -0.091433 -0.072589 -0.375410 -0.015773
0.050446 -0.363092 0.051069 -0.074495 -0.088060 0.010274 0.058585 -0.134986 -0.019397 -0.019333
-0.020648 -0.054117 0.043206 0.010621 0.045656 -0.079034 -0.065260 0.056077 0.038511 0.006687
-0.002468 -0.025395 0.058811 -0.068304 0.044108 0.010111 0.031779 0.023022 0.042948 -0.036834
-0.034152 -0.033842 0.065002 -0.041400 -0.036499 -0.045140 0.021435 0.006432 0.067994 0.037196
0.034281 0.002900 -0.061958 -0.017295 0.084967 0.024853 -0.005891 0.046920 0.005562 0.053756
-0.030773 -0.033610 -0.010814 -0.060926 -0.021164 0.011775 0.025820 0.018340 -0.015425 0.008467
0.036705 -0.011614 -0.024440 0.003734 0.031056 0.017618 -0.048932 0.010808 -0.027987 -0.047642
0.024892 0.005897 0.039672 0.007970 -0.003044 0.025008 0.082181 0.015051 -0.026646 0.057367
0.010995 -0.013813 0.019191 -0.030283 0.021422 -0.016431 -0.046069 -0.002557 -0.007190 0.036783
0.012478 -0.009060 0.067736 -0.076661 -0.002652 -0.012336 -0.012136 -0.008860 0.048777 0.024647
-0.030489 -0.056387 0.036989 0.062784 -0.006784 -0.039311 0.002204 0.011969 -0.014522 -0.087185
-0.021745 0.014548 -0.016238 0.004791 0.000638 0.010917 -0.015967 -0.007629 0.008344 0.014961
0.029715 -0.019720 -0.006297 -0.020326 0.013503 -0.028322 0.005710 0.004385 -0.028838 -0.043257
-0.012207 -0.014974 0.010840 -0.034642 0.045630 -0.026375 -0.158532 -0.152789 -0.168171 0.051989
-0.029840 0.113926 0.255538 0.113618 -0.049708 -0.051579 0.006380 0.038787 -0.036787 -0.064807
-0.157814 -0.009453 -0.111977 -0.011203 0.043812 -0.079010 -0.149611 -0.145611 -0.086393 -0.007928
-0.198729 0.076549 0.013613 -0.057937 0.212059 -0.026738 -0.131768 -0.088495 0.076036 0.088033
-0.067730 -0.042812 -0.188064 0.038044 -0.099569 -0.027661 0.103107 0.059783 -0.074139 0.111464
0.088033 0.014228 0.023111 -0.164889 -0.025315 -0.107055 -0.117412 0.060962 -0.058142 -0.097724
0.110849 0.038556 -0.046888 -0.086393 -0.375513 -0.087521 0.136280 0.098749 -0.065269 0.022495
-0.147047 -0.069012 -0.180989 -0.048016 0.068037 -0.107773 -0.112080 -0.136793 0.113823 -0.010812
-0.619771 -0.238516 0.125821 0.093366 0.017279 -0.044222 -0.269894 -0.085572 -0.055322 -0.071678
-0.006685 -0.076805 0.122744 -0.035531 0.086905 0.019111 -0.011209 -0.170529 -0.145919 0.289377
-0.120078 0.021329 0.249385 -0.044811 -0.038761 -0.111875 0.038300 -0.051374 0.130435 -0.167863
0.231132 0.128589 0.290607 0.087880 0.026764 -0.083829 -0.110439 -0.117207 -0.030635 -0.011203
-0.090135 -0.126128 -0.209188 0.042581 0.103928 -0.130435 -0.173401 -0.079779 0.053425 0.096186
-0.025251 -0.043119 0.135870 -0.036223 -0.159962 -0.132850 -0.050937 -0.062460 0.050463 -0.007774
0.039787 -0.037855 -0.035449 -0.161860 -0.036737 -0.016377 -0.000307 0.095503 0.062392 0.048361
0.086285 -0.046633 -0.011269 -0.030891 -0.152370 0.109059 0.130477 0.027078 -0.002391 0.113261
0.030010 -0.112244 0.237503 0.047684 -0.195072 -0.133934 -0.213373 -0.077880 0.017809 -0.104179
-0.181380 -0.169587 0.123496 0.146541 -0.099298 0.046836 -0.096723 0.140170 -0.031213 0.169858
-0.075169 -0.098688 -0.087505 -0.033822 -0.035924 -0.054902 -0.004444 0.028434 -0.005706 0.068458
0.082489 0.158335 0.006642 -0.005558 -0.004821 -0.067137 -0.037686 0.001306 -0.086895 0.047785
-0.040872 0.097739 0.034907 0.124513 0.179618 0.004927 -0.044905 -0.131969 -0.194937 -0.078558
-0.078896 0.093944 0.026604 0.038533 -0.004111 -0.180432 -0.111973 -0.233978 -0.095164 0.018030
-0.041583 -0.041007 -0.046701 -0.188023 0.044735 -0.096452 0.075643 -0.108042 0.008112 -0.010514
0.103433 -0.112651 -0.111296 0.008862 0.075101 0.019877 -0.050395 -0.213508 0.035280 -0.089131
-0.034161 -0.021148 -0.206324 0.007121 0.102281 -0.070627 -0.052835 0.094825 -0.187345 -0.059613
0.001647 -0.161453 -0.003124 0.149659 -0.072796 -0.032026 0.101196 0.140034 -0.076253 -0.005439
-0.078761 -0.033026 -0.012628 -0.084364 0.079386 -0.000935 0.045169 0.080905 -0.010807 -0.132571
0.233912 -0.104275 -0.077080 -0.169251 -0.125235 0.058321 0.141165 -0.045300 0.074879 -0.070268
-0.022335 -0.092171 -0.122510 -0.031571 0.052111 0.145566 0.037859 0.039143 -0.003152 -0.154894
0.221756 -0.064556 -0.014606 -0.005027 -0.242296 -0.042182 0.013572 -0.085569 -0.048575 -0.035579
-0.016833 -0.190420 0.111192 -0.054915 0.064714 0.027641 0.021772 -0.143994 0.075613 0.059788
0.015091 -0.065290 -0.037440 -0.006845 0.053919 -0.038278 -0.001026 0.001141 -0.001682 0.048968
-0.117585 -0.011829 -0.027222 0.116851 -0.010690 -0.005554 -0.010355 -0.147243 0.012019 -0.042522
-0.075718 -0.006111 -0.047789 -0.066128 -0.029160 -0.087403 -0.046950 0.107839 0.098302 -0.001934
0.011417 -0.107734 0.099035 0.069482 -0.060102 -0.016336 0.086931 -0.031335 0.031728 0.152064
0.008960 0.050304 0.005977 -0.095891 -0.097935 0.032016 0.009000 0.201005 0.036365 -0.096206
0.069901 -0.010395 0.045876 0.082844 -0.035553 0.018877 -0.058583 0.019545 0.044383 -0.005761
-0.004451 0.052164 -0.123978 -0.214839 0.056749 -0.007022 -0.157199 0.132990 0.149968 0.073255
-0.026632 0.041370 -0.043020 0.046269 -0.062408 0.005129 -0.070687 0.041579 0.024837 0.099297
0.132466 -0.106590 -0.056342 -0.114029 -0.160242 0.002067 -0.121230 0.060536 -0.219828 0.007053
-0.060219 0.308772 -0.053414 -0.116877 0.319850 0.165702 -0.154702 -0.095354 -0.164752 -0.010455
-0.208433 -0.068884 0.011514 -0.074898 -0.075848 -0.001564 -0.132387 0.082772 0.291363 0.089181
-0.055907 -0.112446 -0.068053 0.010841 -0.172665 0.057370 -0.004857 -0.158422 0.136660 -0.223784
-0.089340 0.049299 -0.085858 -0.061208 -0.134207 0.003393 -0.004951 -0.140063 -0.192132 -0.051396
0.038775 0.374768 -0.017399 -0.130330 -0.056460 -0.110230 0.112130 0.066471 0.137373 -0.034185
-0.025599 -0.048072 0.010050 -0.020871 -0.020119 -0.099231 -0.065165 0.092188 0.077984 -0.155731
-0.097095 0.009733 0.056737 0.005302 -0.012730 0.055432 -0.032385 -0.001560 -0.132387 -0.038913
-0.013037 0.087915 0.218245 0.133891 0.004051 0.080437 -0.036796 -0.015233 0.066510 -0.113396
0.101447 0.065481 -0.040179 0.000125 0.059230 0.065125 -0.115532 -0.012661 -0.035570 0.012127
0.080635 0.024353 -0.032147 -0.059309 0.163170 0.029991 -0.018537 0.004948 0.067381 -0.048745
-0.083800 0.018566 -0.003662 -0.101922 -0.004229 0.008116 -0.092980 -0.027953 0.039467 0.070902
-0.007414 0.040436 -0.109756 -0.056896 -0.067935 0.078419 -0.090448 0.056223 0.038507 0.014190
0.013788 0.039488 0.000493 -0.056061 -0.012255 -0.014094 -0.071548 0.041205 0.000073 0.020778
-0.138891 -0.017379 0.031009 0.352344 0.068850 0.011869 -0.010713 0.070322 -0.058829 0.016074
0.066608 0.005654 -0.172107 -0.019061 -0.012079 0.051121 0.100560 -0.012587 0.017142 -0.104904
-0.046811 -0.043623 0.027960 0.039733 -0.094673 -0.002521 0.002496 -0.037105 -0.014847 -0.064015
0.054414 -0.137840 -0.024019 -0.079817 -0.082129 0.025227 -0.014436 -0.012719 -0.099508 0.145058
-0.017081 -0.018623 0.011133 -0.060791 -0.056972 0.007778 0.024124 0.001664 0.068079 -0.029099
-0.049929 -0.065276 0.070322 -0.011352 0.011659 -0.071828 -0.626202 -0.001314 -0.103363 0.002961
0.051786 -0.009513 -0.102522 -0.038437 0.018991 0.033496 -0.084652 -0.037666 -0.088997 -0.027960
-0.018938 0.071373 0.000743 -0.075472 -0.099228 -0.016845 0.047266 -0.033023 -0.066853 -0.005216
-0.008011 0.059004 0.159494 -0.012386 -0.080027 -0.038752 0.031937 -0.022389 -0.015522 0.067273
-0.361874 -0.123334 0.057077 -0.032007 -0.146319 0.008392 0.080868 -0.023476 0.105044 -0.051086
0.008659 -0.094323 0.060406 0.013315 -0.032743 -0.025876 0.346177 -0.015224 0.011344 -0.426625
-0.030939 -0.048107 0.059810 -0.002037 -0.053714 0.069060 -0.050360 0.024133 -0.076844 0.059622
-0.107051 0.080986 0.011176 -0.111426 0.013998 0.035699 -0.019316 -0.020758 -0.001286 0.027763
-0.017605 -0.023854 -0.085501 -0.130136 0.119524 0.014568 -0.098021 0.076052 -0.071165 0.024947
0.067535 -0.050640 -0.081731 0.041517 0.089597 -0.091179 -0.022050 -0.104258 -0.104351 0.052548
-0.115335 0.022644 0.016011 -0.040982 0.046451 0.014429 -0.038119 0.002769 0.026437 -0.126599
0.060414 -0.045892 -0.008267 0.012823 0.023621 0.061019 -0.098766 -0.045962 -0.024831 -0.014068
-0.002775 0.101558 -0.036583 0.016744 0.113380 0.105468 0.063299 0.056271 -0.082801 -0.017803
-0.045240 0.035652 -0.005172 -0.124923 0.014778 -0.082103 -0.062881 -0.008244 -0.061019 -0.021329
-0.155642 0.061950 -0.059390 -0.019758 0.003241 0.005609 -0.146985 -0.079822 -0.023621 0.069490
-0.042774 0.099138 -0.048871 0.008558 -0.098300 -0.059483 0.002876 -0.042704 -0.078752 0.058785
0.063486 -0.024575 0.013125 0.130136 0.059529 0.001790 0.003447 -0.014173 0.030998 -0.036025
0.028578 -0.015406 -0.034535 0.036164 -0.094437 -0.036048 0.110867 -0.007802 -0.002380 0.146706
0.054456 -0.085408 -0.012206 -0.004483 0.056178 -0.045613 -0.061391 0.012706 -0.050919 0.111146
0.011845 -0.085920 0.005920 -0.013172 -0.103895 -0.116995 -0.103253 0.076862 -0.090411 -0.018750
-0.122838 0.003991 0.155008 0.018862 -0.095355 0.089576 0.098501 -0.268150 0.088099 -0.004904
0.003427 -0.021880 0.008629 -0.080201 0.038816 -0.043247 -0.170291 -0.079238 -0.002777 0.173758
-0.208176 -0.030597 0.021431 -0.044820 -0.106656 0.167080 0.064501 0.019777 0.053553 -0.021206
-0.216780 0.228082 -0.026279 -0.046939 -0.026520 0.136387 0.076220 0.087072 0.080586 -0.104281
0.085723 -0.023839 -0.038624 -0.021029 -0.135488 0.098052 0.001146 -0.059300 0.025203 0.017674
-0.068193 0.005109 -0.159760 0.050631 -0.138185 -0.140625 0.291780 0.141138 0.006750 0.044949
-0.078339 -0.018092 -0.105886 0.020452 -0.062414 0.057984 -0.070698 0.093043 0.048769 0.033647
0.095548 -0.010443 -0.227696 -0.012602 0.079687 0.033936 -0.095869 -0.083733 -0.004471 0.033808
0.142166 0.155907 0.002583 -0.064694 0.080137 -0.019585 0.023213 -0.079687 -0.051241 0.072817
-0.031319 0.148972 -0.062735 -0.031560 -0.066588 -0.079752 -0.157705 -0.024304 -0.008476 -0.129002
0.069734 -0.077761 0.000066 -0.123994 -0.060648 -0.050471 -0.209203 -0.048609 -0.058112 -0.030196
0.043761 0.028125 -0.023662 -0.005189 0.018509 0.118728 0.137928 -0.015764 0.066652 -0.066074
-0.177097 0.079944 0.003377 -0.066061 0.039426 -0.059084 -0.153053 0.046330 -0.017914 -0.163518
-0.066170 -0.105160 0.143605 -0.094550 -0.100872 -0.050582 0.213663 0.113954 -0.112936 -0.038045
-0.004433 0.101381 -0.017160 0.116788 0.012872 0.148038 -0.056432 0.022111 0.125364 0.016470
0.145858 0.058866 -0.023438 -0.165262 -0.060284 -0.096803 -0.203634 -0.174564 -0.049964 -0.038300
0.064971 -0.046584 -0.075654 -0.240117 -0.040589 0.028961 -0.018005 -0.024546 -0.131468 -0.051236
-0.099492 -0.090698 -0.205669 0.100800 -0.131759 -0.135683 0.023201 -0.017242 -0.124274 -0.045531
-0.187500 0.101308 -0.124710 -0.113445 -0.129433 0.012564 -0.056323 0.024019 0.019622 0.050363
0.058212 0.102762 -0.044004 -0.007799 0.477327 0.000681 0.035774 -0.035265 0.032722 0.185756
-0.089172 -0.098983 0.087500 -0.023147 -0.019132 0.076308 -0.078198 -0.016706 0.185611 0.044913
-0.074201 -0.038845 0.073619 -0.046475 0.005655 -0.146367 -0.095930 0.158140 -0.140553 -0.058794
-0.042006 0.030669 -0.113227 -0.177762 -0.140553 -0.205814 -0.040262 0.031177 0.038518 -0.087210
-0.059739 -0.092515 0.210030 -0.005514 -0.070095 -0.087573 -0.016297 -0.116425 -0.167152 -0.031704
-0.022456 0.038990 -0.012464 0.085029 -0.150727 0.084085 -0.228489 -0.121221 -0.233576 -0.002049
0.049715 -0.118990 0.017675 0.030766 -0.047107 0.028382 -0.039487 -0.042339 0.033171 -0.034210
0.073106 -0.028566 0.058313 -0.042584 0.070538 -0.070620 0.040730 0.043847 -0.045803 -0.073554
0.004735 0.128933 0.097311 0.003563 -0.006179 0.099349 -0.060595 -0.072739 -0.040730 -0.054157
-0.025306 0.007213 -0.127629 0.031276 0.009851 0.041463 -0.016494 0.032213 -0.077181 0.096985
-0.091688 0.117197 -0.134557 0.043969 0.130482 0.096985 0.014497 -0.001899 -0.013712 -0.006943
-0.017451 -0.017930 0.007692 -0.032600 0.038509 0.036594 -0.023452 -0.063000 -0.001703 -0.089406
0.100653 -0.078485 -0.010870 -0.087531 -0.086798 0.089569 0.121924 0.068093 0.030746 0.052608
-0.028423 0.003413 -0.072087 -0.095111 0.074980 -0.011206 -0.046863 0.114752 0.034128 0.140995
0.087939 0.010748 -0.007967 -0.031744 -0.035025 -0.028423 -0.005185 0.012327 0.029279 0.002371
-0.088591 -0.085331 0.072698 -0.058028 0.011013 -0.024633 -0.064222 -0.052853 0.089161 0.086961
-0.013172 -0.037184 0.025224 -0.029055 0.007712 -0.090302 -0.130482 0.006189 0.021598 -0.034169
-0.020558 -0.068419 0.090547 -0.013101 -0.059862 -0.107662 0.076162 0.103098 0.031215 -0.101223
-0.064548 -0.129748 0.009235 -0.037918 0.000840 -0.037999 0.018113 -0.035942 0.072724 -0.206029
-0.109925 0.088095 -0.023477 -0.049053 -0.019586 -0.027368 -0.192337 -0.089516 -0.284178 -0.083962
-0.039365 0.029726 -0.178128 0.065845 -0.053994 -0.105404 0.197246 0.144285 0.068526 -0.032648
-0.082476 0.073886 0.056739 -0.186783 -0.026690 -0.191304 0.130205 -0.007435 -0.053509 -0.075243
-0.076922 0.008937 -0.136922 0.078924 -0.133047 -0.080087 -0.126847 -0.139635 -0.131626 0.245943
0.003296 0.006931 -0.015210 -0.115544 0.151777 -0.024300 -0.113865 -0.059128 -0.070463 0.093068
-0.043176 -0.055253 -0.032551 -0.012845 -0.089387 0.121163 -0.206158 -0.014128 -0.060356 -0.087256
-0.055447 0.039010 -0.054478 -0.078537 0.026351 -0.154877 -0.124522 -0.007597 -0.055447 0.022976
0.004059 -0.011545 -0.113090 -0.093585 0.032713 -0.081895 -0.097848 -0.068397 -0.005627 -0.081120
-0.042691 0.082605 -0.093973 -0.092552 0.168182 -0.061421 -0.050119 -0.057869 -0.014362 0.090356
0.071432 -0.012756 -0.026835 0.022427 -0.044855 -0.078214 -0.121357 0.044532 0.000199 0.088418
-0.021992 0.165857 0.085318 -0.087514 0.041884 -0.029290 0.035716 -0.096750 -0.100302 0.009914
-0.057837 0.063779 0.083187 -0.032616 -0.013337 -0.063617 -0.078666 -0.092939 0.059387 0.010955
-0.000284 0.101723 -0.266353 -0.006321 -0.056642 0.103725 -0.007598 -0.196459 -0.134979 -0.042758
0.013955 -0.024100 -0.060740 0.123832 0.009133 0.042671 -0.084253 -0.074630 0.029826 0.074369
-0.121742 -0.069492 0.003764 0.013160 -0.090392 -0.055124 -0.085298 -0.169028 -0.090828 -0.066880
0.095356 -0.083904 0.029674 -0.063005 -0.005579 -0.008431 -0.004969 0.047504 -0.003097 0.043781
0.054079 0.048723 0.045501 0.135762 -0.037402 -0.044630 0.038774 0.046720 -0.064006 0.075849
-0.018135 -0.035944 0.048679 0.067228 -0.062351 0.034289 0.003587 0.052685 -0.076938 -0.007881
0.022968 0.019420 -0.089957 -0.041190 0.038904 0.039928 -0.007130 -0.009155 -0.083600 -0.201684
-0.058737 -0.038425 0.082642 0.118955 -0.060000 0.021673 0.012246 0.029630 0.015174 0.069100
0.047373 0.043716 -0.038469 0.012801 0.085037 -0.014151 0.106590 -0.013422 -0.034768 -0.001876
0.113121 -0.038752 -0.017123 0.039187 -0.155269 0.094659 -0.073411 0.022707 0.038687 0.030065
0.016535 0.066052 -0.043650 0.078244 -0.053121 0.034986 -0.029434 -0.034659 -0.036771 0.022076
0.025123 0.122874 -0.090740 -0.094746 -0.160146 -0.000746 0.063527 -0.039601 0.026016 0.001419
-0.071234 0.067315 -0.008463 0.093440 -0.035465 0.036314 0.100494 0.024470 0.082816 -0.107722
-0.136372 -0.045806 0.167199 -0.010728 -0.020321 0.066213 -0.083077 0.015222 0.045220 -0.004008
0.164164 -0.132724 -0.174611 0.168940 -0.291117 -0.155607 -0.110637 -0.017871 -0.101981 -0.118795
-0.205155 -0.134614 0.143569 -0.101981 -0.129540 0.223263 -0.037111 -0.062979 -0.348226 0.021354
-0.174710 -0.186251 0.210130 -0.193116 -0.023990 -0.182172 -0.066760 -0.049000 0.050468 -0.265249
-0.034325 0.252514 -0.161279 -0.022946 0.045916 -0.019675 -0.034624 0.082679 -0.084271 -0.075515
0.083475 0.130237 -0.020807 -0.262861 -0.121481 -0.019401 -0.016814 -0.211125 0.139291 0.039200
-0.079993 0.051886 -0.325343 -0.041140 0.031639 -0.103970 0.018792 -0.006678 -0.057209 -0.295694
-0.040096 -0.127053 0.131530 -0.041638 -0.066462 -0.055816 -0.181973 0.018817 -0.070093 0.428219
0.527712 -0.044573 -0.088997 0.146554 -0.050095 -0.062880 -0.125163 -0.113721 0.000562 0.189037
0.170332 0.029425 -0.002624 0.044697 0.021565 0.071983 0.093474 -0.160582 -0.091733 0.028928
0.045866 0.076262 0.037982 -0.088997 -0.010055 -0.191226 0.022137 -0.034076 0.158891 -0.111034
-0.300072 -0.218885 -0.074122 0.018904 -0.109940 -0.209931 0.073227 -0.119292 0.094071 0.130137
0.067904 -0.104667 0.097653 -0.089096 -0.009670 -0.091683 -0.098747 0.126456 -0.402948 -0.107552
-0.100886 -0.123670 -0.011850 -0.140620 0.168935 -0.014986 -0.050507 0.010461 0.049044 -0.083810
0.010402 -0.029689 -0.033721 -0.096056 0.038052 0.004865 -0.009259 -0.069175 -0.113380 -0.068398
-0.067861 -0.081540 -0.024402 -0.030555 -0.004267 0.090322 -0.057347 0.117263 0.231778 0.032377
0.046326 -0.003336 -0.087275 -0.070131 -0.034110 0.228791 -0.135483 -0.123296 -0.119413 0.078793
-0.108959 -0.154718 0.102986 -0.002328 -0.087096 0.047849 -0.007542 0.055913 0.179568 -0.025672
-0.068458 -0.105734 -0.081899 -0.039725 -0.007564 0.053046 -0.022909 -0.079031 -0.029107 -0.090800
0.003534 -0.041965 0.024373 -0.081899 -0.012589 -0.074432 0.083990 0.013105 -0.021371 -0.030645
-0.023521 -0.072938 -0.000745 0.028629 0.006033 -0.102030 0.202626 -0.185542 -0.077956 -0.030062
-0.026075 -0.062783 -0.013418 0.026911 0.018205 -0.085065 -0.058691 0.021684 -0.147549 0.084408
-0.025134 -0.164514 -0.055615 -0.063201 -0.045937 -0.108123 0.002963 -0.014867 -0.150895 -0.110513
0.141576 -0.046714 -0.087395 0.053106 0.009319 0.015636 0.041905 0.144443 0.088828 -0.092711
-0.031003 -0.006138 -0.078076 -0.084468 0.136677 0.212423 -0.002722 -0.058721 -0.001086 0.180046
-0.040949 0.073954 -0.030152 -0.022117 -0.081660 -0.028987 -0.100895 -0.249221 0.046863 -0.191754
-0.033617 -0.150419 -0.003022 0.041428 -0.067629 0.062323 0.103026 0.084240 0.053227 -0.010752
0.046965 0.017220 0.032348 0.094523 0.035693 0.034705 -0.059752 0.037638 0.009475 0.029332
-0.030305 0.077583 -0.019544 -0.017797 -0.023103 0.041164 -0.025048 0.021900 -0.090502 -0.060477
0.040011 0.132556 -0.090172 -0.043142 0.038396 0.017418 -0.086415 -0.125174 0.061994 0.014938
0.010612 0.051777 0.053425 -0.087008 0.009269 0.022840 -0.040077 -0.033057 0.035298 0.002771
0.000441 0.019890 -0.001105 -0.030272 -0.035528 -0.062224 -0.081142 -0.007020 0.075671 0.008165
-0.032134 0.095248 -0.020417 0.089184 -0.028311 -0.009657 0.070464 -0.011387 -0.058928 0.010827
-0.018308 0.016339 0.028195 -0.028986 -0.000065 -0.020104 0.061071 -0.098016 -0.036089 0.096039
-0.014180 0.055105 0.008079 -0.056753 -0.007877 0.065948 0.053457 0.028146 0.022082 -0.086349
0.047921 0.043537 0.020648 -0.021390 0.035726 -0.064070 -0.019824 -0.029646 0.004956 0.020714
0.026729 0.062158 0.055666 -0.018110 0.042087 -0.019593 -0.010868 0.007605 0.025872 0.046108
0.094918 -0.050491 0.052436 -0.005080 -0.052864 0.042548 -0.014221 0.041955 0.017764 -0.018423
-0.032579 0.004200 0.012054 -0.024817 0.073364 -0.010102 -0.003650 0.035232 0.039418 0.089425
-0.056822 0.007458 -0.037677 0.015872 -0.028117 0.034294 0.141590 0.040692 -0.019341 -0.128549
0.003184 -0.218464 -0.051527 0.004719 -0.074276 -0.000616 -0.025420 0.013397 -0.015872 -0.041036
-0.065206 -0.088543 -0.064912 0.266903 -0.068049 0.026720 0.172869 0.048537 -0.029048 -0.099966
-0.000987 -0.122175 -0.023778 -0.059176 -0.025617 -0.137668 0.017588 -0.061921 0.119528 -0.054567
-0.115900 0.002081 -0.028754 -0.111585 0.076090 -0.052018 -0.015358 0.019304 -0.013213 -0.183067
0.034368 0.028289 -0.059372 -0.095063 -0.115213 -0.048635 -0.070844 -0.017809 0.037432 -0.031671
-0.099231 0.092171 0.007421 -0.000932 -0.001261 0.033534 -0.089572 -0.055744 0.003959 0.005292
0.015971 -0.000759 0.137864 0.082954 -0.064078 0.000191 0.185812 0.102270 -0.119332 0.006809
-0.030568 -0.000431 0.067314 0.034000 -0.033044 0.033412 -0.106879 -0.014806 0.106879 -0.046821
-0.111879 -0.070697 0.068834 -0.099329 0.010896 -0.077365 -0.050179 0.029490 0.046649 0.120312
0.116684 0.172967 -0.050743 -0.027283 0.040251 0.012343 0.026793 -0.050498 0.035863 -0.019966
0.031868 -0.113939 -0.089817 0.012116 0.040423 0.026891 -0.081728 0.031475 -0.135314 -0.042972
-0.098495 0.075158 -0.028019 -0.044418 -0.019549 0.008954 0.010427 0.042536 0.020816 -0.065083
0.008625 -0.600168 -0.103968 0.020214 0.008390 0.009138 -0.026048 -0.030773 0.023922 0.059701
-0.037906 -0.006197 0.028382 -0.028194 -0.018972 -0.004007 0.024298 0.008949 0.073440 -0.056200
-0.023056 0.011688 0.089814 0.014859 -0.014229 -0.023846 -0.104871 -0.070956 -0.009759 -0.008888
-0.034066 -0.078898 0.027159 0.061658 -0.013636 0.040955 0.019094 -0.049198 0.001876 0.005585
-0.073252 0.023188 -0.044230 -0.011500 0.023319 0.016271 -0.017428 0.035158 0.001106 0.004124
-0.044870 -0.002335 -0.017767 0.063691 0.013843 -0.044004 -0.016873 0.021381 0.020308 0.108636
0.088008 -0.010145 -0.016431 0.005599 -0.008418 0.016892 0.026575 -0.076414 0.031921 0.057856
-0.007119 0.007608 0.143191 0.107958 -0.010634 0.037134 0.050403 -0.002221 -0.047429 0.032598
0.024806 0.061470 -0.011142 -0.017842 -0.005025 0.041294 0.041821 0.040240 -0.025841 -0.013467
0.004378 0.018162 0.019518 0.114809 0.037529 -0.000232 0.037755 0.020835 0.038809 0.023470
-0.007999 -0.114734 0.133856 -0.143116 0.041519 0.020045 0.006700 -0.019950 0.006432 0.067417
0.031111 -0.002067 -0.027197 -0.040240 0.022661 -0.037868 0.001262 0.050591 -0.035798 -0.025126
0.024204 0.014436 0.021418 0.064820 0.296492 -0.100022 0.105848 -0.103106 -0.084698 -0.161269
0.000742 0.109765 0.144427 0.124550 -0.200044 0.065164 -0.190056 -0.052728 0.086363 -0.012962
-0.015924 -0.007387 -0.031015 -0.005321 0.322538 -0.063009 -0.176054 -0.002200 -0.080830 0.069178
0.305305 -0.018702 0.164304 -0.080390 -0.091454 0.075837 0.097427 0.050427 -0.114367 -0.265942
0.235979 0.096301 -0.015618 0.038971 -0.077501 -0.321755 0.104575 0.001602 0.100022 -0.272209
0.214829 0.011260 -0.045482 -0.139825 -0.185748 0.050868 -0.063254 -0.097476 0.133950 0.150302
-0.180461 -0.012411 -0.173411 -0.020085 0.013158 -0.218159 0.227363 -0.287288 -0.088517 -0.089888
-0.117304 -0.101540 -0.009204 -0.123571 -0.116129 -0.192406 0.144036 0.213850 -0.302759 0.091112
-0.082544 -0.083327 0.094294 0.123571 -0.036694 0.039632 -0.046927 -0.270054 -0.061834 -0.026609
-0.177719 -0.112604 0.226384 0.014712 0.093021 -0.175173 -0.088468 -0.077501 0.090083 0.064038
-0.149029 0.004357 0.083915 0.099141 -0.001292 0.073095 0.037551 0.031627 0.156961 -0.034100
-0.080586 0.073193 -0.153142 0.021089 -0.029546 0.157450 -0.280825 -0.128173 0.072507 0.046094
-0.029326 0.111429 0.042447 -0.109667 -0.227559 -0.010269 0.031554 0.122494 -0.272405 -0.082887
-0.038579 0.204842 -0.071601 0.012598 0.072475 -0.084773 0.040364 0.152603 -0.035937 -0.116857
0.074990 -0.030909 -0.010433 0.055586 -0.064550 -0.094174 0.044518 0.085101 0.084828 -0.001800
0.023448 -0.083188 0.042578 -0.001027 0.215021 -0.044737 -0.067283 0.035144 -0.119152 -0.154352
0.211960 -0.002595 0.109697 -0.110243 -0.073077 0.022942 0.060560 -0.033122 -0.019472 -0.011048
-0.006501 -0.026222 -0.199170 0.004171 -0.161238 0.028722 -0.008035 0.178291 -0.063621 -0.037331
-0.022628 0.031127 0.273723 0.074388 -0.026796 0.037577 -0.127242 -0.074607 0.027670 -0.057445
-0.059358 -0.003483 0.020360 -0.146044 0.037139 -0.117622 -0.016233 0.002026 -0.300177 0.044300
0.048918 -0.012797 -0.025894 0.043808 -0.008076 0.004779 0.143529 -0.013890 -0.089966 0.067993
-0.113796 0.102045 0.127460 0.020455 -0.023694 -0.132926 -0.017190 -0.031619 -0.077504 0.014293
-0.029706 -0.106089 -0.075973 -0.062309 -0.031728 -0.065971 -0.047743 0.077449 -0.131614 0.005452
-0.034735 0.015400 -0.082314 -0.047634 -0.028285 -0.031319 0.117622 -0.018351 0.055586 -0.109533
0.104012 -0.018829 0.018638 0.008062 0.037850 0.031237 -0.070070 0.045994 0.000269 0.087615
-0.022382 0.072038 0.034571 0.081603 0.162987 -0.021685 -0.101717 0.166595 -0.052689 -0.130412
0.002680 0.103771 -0.026967 -0.114266 0.017450 0.019220 -0.030787 -0.065144 -0.059462 0.111968
0.175497 -0.045955 -0.122028 -0.035615 -0.049122 -0.024235 -0.087687 -0.080421 -0.102963 -0.034373
0.033690 -0.062753 -0.102280 0.045675 0.185185 -0.205803 0.040055 -0.144571 -0.004231 -0.076819
0.096257 -0.132027 0.100293 -0.038906 -0.170032 -0.168418 -0.053935 -0.091102 0.170281 0.084457
-0.087935 -0.067317 0.076198 0.044961 0.068001 -0.072286 0.058841 -0.022543 -0.072534 -0.084892
-0.039248 -0.108428 -0.119296 -0.091040 -0.094642 -0.107931 -0.045675 0.398191 -0.040707 -0.038068
-0.056636 -0.033286 -0.037230 0.282932 0.028489 -0.047290 -0.057661 0.016441 0.012964 0.113521
0.104330 0.084582 0.058716 0.156991 0.036764 0.040272 0.038223 -0.011147 -0.037944 -0.129543
-0.111409 -0.128176 -0.028287 0.021549 0.008780 0.160469 -0.041142 0.038596 0.159351 -0.058220
0.062536 0.143081 0.003901 -0.091661 -0.031175 0.103833 -0.157861 -0.072348 -0.044620 0.000799
-0.096319 -0.006687 -0.017373 0.059369 0.054183 0.021627 0.029250 -0.040117 0.063467 -0.095201
0.091226 0.014307 -0.080918 0.069739 0.089612 -0.081476 -0.182328 -0.119482 -0.032696 -0.067690
0.112713 -0.015246 -0.103957 0.024545 -0.102963 -0.062753 -0.108428 -0.040086 -0.021981 0.016313
-0.034825 -0.036387 -0.010024 -0.102806 0.125104 -0.031620 -0.049099 -0.000415 0.086387 0.053363
-0.054449 -0.155930 -0.058368 0.084162 -0.000308 -0.074840 -0.027304 0.039751 -0.027224 -0.005955
0.023159 -0.029793 -0.031700 0.270124 0.060381 -0.212709 0.042346 -0.059268 0.084798 -0.037182
-0.092690 -0.026112 -0.095867 0.004648 0.043935 -0.037950 0.040677 -0.068696 -0.039300 -0.107308
0.066578 0.051191 -0.086281 -0.014618 -0.059586 -0.027807 0.026893 -0.010348 -0.046001 -0.134850
0.028072 -0.017465 -0.003737 0.023768 -0.093431 0.024616 0.053283 -0.048437 0.278810 0.002301
-0.012758 -0.035619 0.028919 -0.024152 -0.047192 0.008461 0.124257 0.020988 0.131566 -0.028019
0.105454 0.059480 -0.050503 -0.020458 0.039459 -0.046927 -0.000362 0.044438 -0.032680 0.014923
0.043114 0.006333 -0.049893 0.006008 0.110274 -0.129554 0.061811 -0.067001 -0.007971 0.093378
0.121503 -0.026284 -0.063664 0.031991 0.095709 -0.067425 -0.005604 -0.057468 -0.014566 -0.088982
-0.352114 0.038983 -0.070974 0.214722 0.030349 -0.026417 -0.004317 -0.162922 -0.054554 0.053124
0.017532 0.112711 -0.083209 -0.079236 0.078919 -0.098463 -0.220760 -0.011778 -0.084109 0.058898
-0.039883 0.011169 -0.000835 -0.008024 -0.055614 0.018909 -0.078815 -0.250198 -0.026863 -0.056191
0.046629 -0.290025 -0.083794 -0.440064 0.077632 0.059937 -0.028564 0.042414 -0.133183 0.317233
0.161968 0.027849 -0.125592 -0.098088 0.037732 -0.073689 0.173404 0.030412 0.106960 0.021146
0.090990 -0.110903 0.112678 0.115241 0.132887 -0.020394 0.513803 -0.043819 -0.106664 0.055600
-0.098186 0.143829 -0.043351 -0.109819 -0.067331 -0.075168 -0.008774 0.047516 0.051656 -0.088673
-0.027060 -0.199330 -0.086505 0.015600 -0.106270 0.055353 -0.093701 0.035415 0.060726 0.008016
-0.074428 -0.260845 -0.063042 -0.092025 0.053381 -0.029969 -0.005813 0.046703 -0.075464 -0.074576
-0.069302 0.024670 -0.096905 -0.064373 -0.170249 0.016722 -0.101834 -0.003928 0.017831 0.069549
-0.061021 -0.055846 -0.008004 -0.073098 -0.116917 -0.158814 0.016746 0.045101 0.028317 0.025483
-0.082266 -0.126282 -0.023364 0.108833 -0.059346 -0.261633 -0.013777 -0.047960 0.013777 -0.172615
-0.066986 0.042439 -0.189571 -0.284701 -0.059198 -0.001577 0.096067 0.169953 0.052938 -0.060085
-0.129634 -0.378747 -0.254141 -0.051311 0.051361 -0.227524 -0.065458 -0.007381 -0.275829 -0.120071
-0.032482 -0.149744 -0.164334 -0.149350 -0.074527 -0.080048 0.040196 -0.077928 -0.023598 -0.021811
-0.000159 -0.022513 -0.108242 -0.060036 0.028418 -0.129066 0.012909 0.007781 -0.013078 0.089483
0.025669 0.022836 -0.159176 -0.039815 0.022477 0.070073 0.037066 -0.074598 0.003328 0.096165
-0.015837 -0.019506 0.034656 0.033091 0.022836 0.064660 -0.054764 -0.011513 0.020362 0.031717
0.075401 -0.065886 -0.130673 -0.060558 -0.076670 0.032436 -0.007321 0.044192 0.009166 -0.001088
0.050789 0.011968 0.037701 0.044573 -0.035184 0.004855 0.022159 0.055821 -0.039434 0.058443
-0.034212 0.082548 -0.022159 -0.003780 0.052819 -0.057386 0.017095 0.025141 -0.019368 0.017782
0.043473 0.082506 -0.053030 -0.033789 0.017888 0.051635 0.029179 -0.036686 0.059331 0.013543
0.010102 0.004343 -0.007379 -0.028735 -0.040893 0.024189 -0.016218 -0.041337 -0.051043 0.072948
-0.024676 -0.059543 0.024316 0.042987 0.010403 0.005846 -0.007564 0.022265 -0.039625 0.018766
0.070157 0.057048 0.009277 0.050958 -0.040217 0.107498 0.032753 0.001134 -0.030533 0.005439
-0.003151 -0.577159 0.041929 0.040090 0.002545 -0.030067 0.022773 -0.389396 -0.001668 -0.057513
-0.005061 0.080856 0.072229 0.026917 -0.034656 -0.009869 -0.025500 -0.048209 0.002503 0.082337
0.017486 -0.033451 0.027594 -0.031611 0.022434 0.086439 -0.048336 -0.033895 0.102593 0.021588
0.005175 -0.043177 0.017378 0.028054 -0.067471 0.001890 0.024682 -0.047533 -0.027409 0.034713
-0.022601 0.006134 -0.047616 -0.002376 -0.022060 -0.222099 0.037877 0.027783 -0.034859 0.029552
-0.024349 -0.038751 -0.089822 0.071841 0.009448 0.035983 0.002501 -0.082913 0.018096 -0.111549
-0.018709 0.030842 -0.013642 -0.105555 -0.061227 0.038293 -0.002190 -0.015255 -0.028574 -0.060852
0.104556 -0.130363 -0.071425 0.005874 -0.028824 -0.063475 -0.012227 0.019885 0.028179 -0.018730
0.023246 0.030197 0.053985 -0.040582 -0.046326 -0.003957 -0.072382 -0.024058 0.044328 -0.046118
0.024849 -0.041311 -0.034193 -0.070800 0.007216 -0.021852 -0.097814 -0.058646 -0.056274 -0.091404
-0.105555 -0.069135 -0.011935 -0.099728 -0.062101 -0.010609 -0.034110 -0.002639 -0.112298 -0.111716
-0.080290 0.018876 -0.002509 -0.022227 -0.020499 -0.038938 -0.053027 -0.015036 0.014662 0.015775
-0.053527 0.012133 -0.076295 -0.137938 -0.041227 0.004693 0.030509 0.015640 -0.000992 0.013923
-0.056482 -0.001540 0.044744 -0.094983 0.023642 0.048615 0.011144 0.300516 -0.069885 -0.091570
0.124785 -0.002519 0.016285 0.023101 -0.002635 -0.020437 -0.057106 0.032487 0.008751 -0.045244
-0.040603 -0.042060 0.031904 -0.047866 0.002369 0.035775 -0.057814 0.079208 -0.066846 -0.015255
0.036352 -0.022422 -0.005185 -0.054233 -0.064700 0.080400 0.180298 0.023435 0.087019 -0.004756
-0.103387 0.030734 0.021357 -0.002548 -0.016419 0.071729 0.028964 -0.042304 -0.062494 -0.010275
-0.123961 -0.039738 -0.035198 -0.015328 -0.019202 -0.016521 0.011429 0.014084 0.066804 0.047332
-0.044433 -0.212828 -0.100462 -0.007042 0.050847 0.074090 -0.086404 0.092817 0.005827 -0.001682
-0.054028 -0.029041 0.056952 0.052848 -0.033864 0.096768 -0.159467 -0.133813 0.024923 -0.002684
-0.003300 -0.066188 -0.039764 -0.135044 0.024025 -0.027655 0.026501 0.135660 -0.099179 -0.091894
0.090713 -0.066804 0.009980 -0.067932 0.025539 0.038071 -0.008164 -0.059723 0.029887 -0.043330
0.014610 -0.065931 0.032632 -0.007792 -0.039687 0.043356 0.017920 0.040252 -0.011807 0.093741
-0.014097 -0.055311 0.134121 0.079426 -0.035685 0.041714 0.036326 0.164803 -0.004903 -0.045870
-0.002660 -0.030400 -0.078656 -0.050488 -0.001385 -0.044895 -0.027450 -0.183171 -0.106209 -0.116881
0.051976 0.126732 0.072858 0.136275 -0.020498 -0.018317 -0.129195 -0.093997 -0.155978 -0.108877
-0.084249 -0.089277 -0.110416 0.065213 -0.098974 -0.100154 -0.055157 -0.209339 0.007792 -0.065880
-0.041996 0.101899 0.054900 0.053412 0.044331 0.012532 -0.018663 -0.107543 -0.088044 -0.034517
-0.016396 0.023029 -0.063985 0.024819 -0.110558 0.106848 0.011611 0.081398 0.031684 -0.077998
0.028824 -0.025308 -0.011727 0.071713 -0.090053 -0.063213 0.022256 0.038819 0.036526 0.026236
-0.047113 0.018018 -0.223588 0.002049 -0.082223 -0.003609 0.197623 -0.045052 -0.086859 -0.011695
-0.029726 -0.096802 0.029829 -0.031761 -0.053733 0.103294 0.051853 0.023930 0.017671 0.025424
0.053579 0.036449 -0.022835 -0.064501 -0.019783 -0.093454 -0.125704 -0.018366 0.008996 -0.007502
-0.022513 -0.005062 -0.038845 0.035084 -0.032946 0.036063 -0.209575 0.058679 0.022552 -0.084335
-0.099636 0.069446 0.078977 0.005770 0.080059 -0.131989 0.006243 0.063110 0.037273 -0.082223
-0.146929 -0.145075 -0.070631 -0.059091 -0.067282 0.049483 0.029571 -0.079492 -0.024613 0.085314
-0.050024 0.074186 0.054918 0.085056 0.181343 -0.007831 0.041961 0.147754 0.016524 -0.077019
-0.026532 0.034259 -0.031555 0.095257 -0.054403 -0.018083 -0.051080 -0.069189 -0.003062 0.073722
0.022552 -0.029623 0.094072 0.013730 -0.038793 -0.118491 -0.108085 -0.034929 -0.000643 -0.114576
-0.136729 -0.119007 -0.132298 -0.050075 -0.018083 0.017838 -0.002167 0.023029 -0.045387 -0.021496
-0.134668 -0.032405 -0.114061 -0.067643 -0.083562 0.096751 -0.006052 -0.092837 -0.050001 0.016910
-0.005441 0.060920 0.021023 0.036488 0.110674 -0.133500 0.004925 0.011154 0.067047 -0.068677
-0.173718 0.074458 0.024914 -0.104251 0.046196 0.059932 0.013785 -0.056819 -0.056029 0.018454
0.066651 -0.071493 -0.065120 -0.036735 0.119962 0.191703 0.024815 -0.080238 0.046789 -0.069517
-0.108500 -0.025346 -0.017392 -0.093529 0.029620 -0.051434 0.030114 0.105436 -0.068479 0.040613
0.049581 -0.134389 0.039922 -0.143283 -0.005018 0.002602 -0.046320 -0.000061 -0.023728 0.011605
-0.004672 -0.177572 0.021974 -0.072531 0.030164 -0.048247 0.001256 -0.073717 0.113045 0.016021
-0.037772 0.028434 0.051878 -0.131030 -0.083005 0.031152 0.023395 -0.040070 -0.023246 0.047530
-0.020467 -0.005216 0.077472 0.075792 -0.087452 -0.044739 0.023790 -0.086810 -0.062205 -0.045529
-0.020368 -0.006781 -0.015144 -0.019701 0.038168 -0.118085 0.018713 -0.140714 0.056177 0.134686
0.105140 -0.081276 -0.105832 0.009332 -0.079695 -0.048272 0.048741 -0.077916 0.086810 -0.030460
-0.012920 0.083055 -0.035475 0.059388 -0.008412 0.047110 -0.010351 -0.075298 -0.062699 -0.005605
-0.019701 -0.092837 -0.055090 -0.040366 0.042614 -0.061612 -0.036241 0.147137 0.104646 -0.209489
-0.018343 0.021381 -0.021110 -0.021517 -0.001643 0.009461 -0.067450 -0.060908 -0.076891 0.063268
-0.067905 0.066870 -0.072957 0.065173 -0.033477 0.149309 -0.017815 0.086372 0.068651 0.044925
0.096558 -0.124963 -0.001898 -0.038404 -0.077056 -0.145417 0.028611 0.045505 -0.105254 -0.119166
-0.057927 -0.018488 -0.070638 0.160075 0.037596 -0.154030 -0.094985 0.140448 -0.040039 0.049646
-0.014937 -0.137716 0.005455 -0.038011 -0.056560 0.003033 -0.025320 -0.027887 -0.023705 0.039915
0.029791 0.044718 -0.076062 -0.042979 0.011521 -0.059542 -0.021945 -0.027535 0.019823 -0.014140
-0.059293 -0.130925 -0.010595 0.026831 -0.075483 0.024678 0.020661 -0.057057 -0.019047 -0.021365
-0.025216 -0.007003 0.054117 -0.050018 -0.036499 0.053413 0.044884 0.040847 0.046871 -0.097800
-0.033063 -0.013892 -0.061281 -0.008493 0.046582 -0.051012 -0.058879 -0.080162 -0.046167 -0.013405
-0.015983 0.056105 -0.025361 0.054035 0.015175 -0.007117 -0.057471 -0.048569 -0.113203 0.125625
0.084716 0.093826 -0.003714 0.030206 0.063351 -0.025630 -0.016459 0.045878 0.089519 -0.134900
-0.020910 -0.043228 0.121236 -0.035961 0.040495 0.086372 0.009958 -0.028777 -0.082687 -0.024243
0.028984 -0.108980 0.024347 -0.056188 0.027100 0.015745 0.062440 -0.013736 0.033332 -0.117013
-0.059790 0.061736 0.002373 0.095073 0.006210 -0.147333 -0.034042 0.054867 0.041587 -0.097404
-0.011416 0.073789 -0.241180 -0.082745 -0.045390 -0.022695 -0.086731 0.008472 -0.060142 0.017389
-0.030377 0.064037 0.002969 0.032233 0.004635 0.147333 0.057075 0.066674 0.028553 -0.037140
0.070477 -0.021622 -0.073360 -0.244737 -0.016761 0.023216 -0.122675 -0.028813 -0.016837 0.169537
0.266696 -0.126969 -0.092252 -0.210388 -0.023814 0.035760 -0.068269 -0.056492 -0.075875 -0.116542
0.009630 0.028384 -0.095380 -0.131017 0.015603 -0.002620 0.019536 0.083113 -0.159969 -0.149419
-0.099858 0.017159 0.010765 -0.038428 -0.031022 -0.090105 -0.076243 0.003979 0.020180 -0.024167
-0.047997 0.004221 -0.079678 -0.129913 0.012858 0.052045 0.159355 -0.080843 0.021407 -0.094889
-0.142181 -0.020410 -0.040483 -0.038060 0.103109 0.009408 -0.063178 -0.110531 -0.155062 -0.000086
0.035944 0.034441 -0.047353 0.013786 -0.053210 -0.120897 0.047077 0.028031 -0.051830 -0.126356
-0.037109 -0.004807 -0.114947 -0.043488 -0.017221 -0.174444 0.138378 0.028307 0.120835 -0.101330
-0.182909 0.007974 0.038183 -0.005264 -0.144266 0.055051 -0.022419 -0.123166 -0.136783 -0.061828
-0.122123 -0.058056 -0.083051 0.021269 0.236395 -0.125558 -0.083787 -0.115744 -0.072931 0.035146
-0.044586 -0.146192 -0.107307 0.199929 -0.102078 -0.044725 0.015367 -0.114483 0.041415 -0.071204
-0.190806 0.055378 -0.203378 -0.018093 0.312409 0.044447 0.110367 0.140851 0.002196 0.006874
-0.162213 0.062415 -0.048313 -0.099964 0.022947 0.019859 -0.103580 -0.148750 0.306179 -0.066921
-0.143299 -0.128947 -0.093345 -0.129726 -0.076545 -0.163325 -0.004697 -0.021626 -0.159876 -0.187579
-0.029539 -0.118822 -0.132729 0.061469 0.145524 -0.239647 -0.068034 -0.114261 -0.184798 -0.056936
-0.153089 0.220845 0.054321 -0.078659 0.095347 0.183129 0.090285 -0.013393 -0.309072 -0.041805
0.074431 -0.110200 0.397632 -0.136401 -0.203044 -0.144411 0.104303 -0.040553 0.003341 -0.096015
-0.015896 0.113315 0.085223 -0.010340 -0.464164 -0.156316 -0.032042 -0.091898 -0.059634 0.025408
-0.110033 -0.188692 -0.123495 -0.015200 0.011369 0.108475 -0.067867 0.283928 -0.041304 -0.114261
-0.110089 -0.067199 -0.032264 -0.150864 -0.218064 0.336441 0.241650 -0.110311 -0.176676 -0.311519
-0.127278 0.150419 0.010090 -0.095236 0.035574 -0.148973 -0.221512 0.200930 -0.027759 0.365368
0.021334 0.047757 -0.271689 0.102468 0.001588 -0.140406 0.098518 0.027383 0.089395 0.063917
-0.127723 -0.038968 -0.042834 -0.244765 -0.231859 0.057909 0.184909 -0.028482 -0.016204 0.029719
-0.057946 0.011910 -0.065961 -0.014669 -0.103886 0.287855 -0.065094 0.005517 -0.292574 0.020038
-0.055864 -0.160305 -0.090562 -0.057529 -0.032443 -0.093962 -0.119500 -0.052151 0.058362 -0.061589
-0.057738 -0.029563 -0.072103 -0.236641 -0.065892 -0.023196 0.217626 0.071617 -0.038029 -0.043615
-0.144483 0.000517 0.135045 -0.059091 -0.189868 -0.062873 -0.022484 -0.065371 -0.072519 -0.117349
0.198473 0.010036 -0.077862 -0.049375 -0.102706 -0.036780 0.006428 -0.047155 -0.127134 -0.163081
0.131367 0.231367 0.022502 -0.068459 0.087786 0.104649 0.002531 -0.035149 0.011780 -0.068286
-0.033813 -0.151700 0.065996 0.057460 -0.076266 -0.025243 -0.004433 -0.016516 0.002022 0.084594
-0.101110 0.239694 0.053435 -0.088064 0.078487 -0.062769 0.036364 -0.043581 -0.188202 0.071200
0.105690 -0.040874 -0.113810 -0.043893 -0.074531 -0.101249 -0.059195 0.253573 -0.075781 0.105066
-0.085565 -0.112283 -0.022450 -0.029424 0.062561 0.006992 -0.025052 0.014426 -0.090146 -0.046044
0.017401 -0.093130 -0.125399 -0.067973 -0.091186 0.105621 0.201110 -0.058883 -0.104094 -0.020559
-0.063983 0.219430 -0.040944 0.059993 -0.228313 -0.219430 0.007738 0.050000 -0.002016 0.071478
0.080499 0.193615 -0.058744 0.117904 -0.087508 -0.175711 0.000663 -0.057944 0.094757 -0.061089
0.061592 -0.091319 0.131821 -0.050900 0.013899 0.006525 -0.048846 -0.027022 0.044527 -0.020387
-0.002268 0.062179 -0.101633 0.005870 -0.079495 0.044821 0.052829 0.059579 -0.044108 -0.070019
-0.040209 0.044485 0.009208 -0.179116 0.054129 -0.051278 -0.018165 0.016362 -0.196222 0.025408
-0.042326 0.006331 -0.068510 -0.037316 -0.068720 -0.045534 -0.013061 0.045785 -0.025974 -0.114631
0.008066 0.099369 0.039580 -0.085323 -0.014759 0.046288 0.006011 0.004303 0.027630 -0.010576
-0.040523 0.064946 0.089474 0.059034 -0.021928 0.010430 0.037504 -0.032788 0.060376 -0.088384
-0.024758 -0.011247 -0.000847 0.014591 0.085533 -0.128970 -0.055261 0.063772 0.024381 0.126706
-0.046875 0.020377 -0.008207 -0.083898 0.020408 -0.038343 -0.030377 -0.103897 0.075093 0.100543
-0.013040 -0.092744 -0.002462 0.069894 0.093667 0.037463 -0.012778 0.038762 0.020450 -0.067797
0.002111 0.078321 0.035115 0.129809 -0.009083 -0.030398 0.009098 -0.134840 -0.017578 -0.108090
-0.103394 0.068300 -0.021677 0.066456 -0.077650 -0.001420 0.077608 0.016991 -0.085659 -0.206285
0.102472 -0.152785 0.035953 0.026876 0.057902 0.024213 -0.096853 0.025995 -0.098195 -0.012798
0.077189 -0.043940 -0.056477 -0.022641 -0.069397 -0.021076 -0.077785 -0.065445 0.052723 -0.037055
-0.178726 -0.031908 -0.232940 0.022531 -0.115153 -0.095672 -0.008042 -0.060141 -0.011959 -0.059310
0.053035 -0.057992 -0.042255 0.172070 0.015001 -0.091304 -0.154461 -0.004979 -0.083609 -0.176091
-0.049153 -0.240011 0.066589 0.016977 0.002602 -0.200633 -0.101149 -0.080974 0.091720 -0.089294
-0.084579 -0.073556 -0.045028 0.050852 -0.091304 0.022289 0.092968 0.236129 -0.045652 0.012739
-0.109745 -0.133524 0.128117 0.066277 -0.164999 -0.036501 -0.050158 -0.015347 -0.073071 -0.088878
0.194671 -0.088739 0.076745 0.033485 0.004019 -0.092760 -0.031579 -0.073834 -0.053659 0.006850
0.104476 -0.119312 0.053001 -0.084787 0.150163 -0.141012 0.097266 -0.018805 0.118064 -0.115222
-0.087283 0.113419 -0.044265 -0.178310 -0.096642 0.033416 0.021162 0.078063 -0.072586 -0.044751
0.123611 0.177894 -0.060557 -0.177478 -0.075081 0.187322 0.025062 -0.110854 0.169852 -0.052689
-0.015113 -0.006231 -0.072308 -0.021734 -0.075775 0.189264 -0.036951 -0.185243 0.055185 0.125344
0.141012 -0.357729 0.031475 0.063504 -0.044612 0.040002 -0.134634 -0.197583 -0.091373 -0.066138
-0.105932 -0.236406 0.076399 0.002264 0.074111 -0.097544 0.190234 -0.025582 -0.181499 0.043122
-0.110161 0.022323 0.017272 0.118474 0.016321 -0.030928 0.045332 0.041778 0.039346 -0.026360
0.027467 0.088045 -0.000970 -0.027093 0.088294 0.052409 0.005974 -0.004513 0.059642 -0.001175
-0.010382 0.009704 -0.017085 0.046205 0.048793 0.014381 0.010616 -0.009002 0.016524 0.183947
0.122402 0.052378 0.089853 0.072394 -0.059268 -0.024225 0.036571 0.048637 -0.005273 0.058115
0.028231 0.027810 0.040780 0.028870 0.089417 0.015238 -0.004061 0.089791 0.062012 0.008831
0.010678 0.042775 0.034825 0.042962 0.011271 -0.052472 0.001892 0.152395 0.031162 -0.041778
-0.073890 0.033983 0.034576 0.040406 0.041279 0.099206 -0.042775 0.018613 -0.010281 0.021060
-0.001578 0.021637 -0.022339 0.059206 0.000951 -0.047764 -0.042058 0.002371 0.021123 0.081498
-0.031957 0.027187 0.006543 0.004996 0.036228 0.050164 0.039751 0.036852 -0.074701 -0.009026
0.070149 -0.028933 0.001117 0.010631 0.015121 0.021777 -0.040094 0.041341 -0.042807 -0.030944
0.035480 -0.038972 0.036602 0.035636 0.020826 -0.016524 -0.092534 0.029587 0.015830 -0.055963
0.055371 0.035948 0.018301 0.033859 0.041559 0.025316 0.093969 0.001940 0.025799 -0.022931
-0.016197 0.029961 0.058582 0.029369 -0.037382 -0.065535 0.005401 0.035760 -0.001358 0.021715
-0.001907 -0.018043 0.067671 0.021132 0.003406 -0.037135 -0.036085 -0.018268 -0.073311 -0.045474
-0.027941 0.065932 -0.036805 -0.053993 0.028886 -0.152141 -0.062152 -0.077210 -0.068631 0.036265
-0.069411 0.057353 0.025842 0.005043 -0.127544 -0.002222 0.065092 0.055763 0.107147 -0.091189
-0.055073 -0.065632 -0.019378 0.006633 0.039385 -0.045084 -0.085009 -0.003303 -0.065992 -0.050694
-0.073131 -0.037015 0.128984 -0.064792 0.021627 -0.026247 -0.072711 0.031676 0.028511 0.004964
-0.016903 0.033866 -0.037525 -0.012726 0.002208 0.004379 -0.045714 0.036475 -0.008939 -0.013333
-0.238290 -0.007544 -0.060202 -0.045624 0.009509 -0.028061 0.022392 -0.002898 0.380832 -0.011481
-0.023412 -0.023427 0.013288 -0.065212 -0.081470 -0.034256 0.030641 0.035726 -0.015568 -0.049704
-0.042805 -0.037495 -0.045024 0.051683 -0.031736 -0.039625 -0.034556 0.028571 -0.096168 -0.081110
-0.092808 0.011721 0.096588 0.028031 0.043375 0.029216 -0.019003 -0.030926 0.017158 -0.012411
-0.051863 0.066472 0.178538 -0.152621 0.027597 0.086209 -0.085609 -0.008256 0.046404 -0.010881
0.067851 -0.011639 -0.057413 -0.084469 0.008691 0.066952 -0.017758 0.021927 -0.585526 0.019828
0.054953 0.237930 -0.039625 0.064252 -0.021942 -0.008286 -0.048654 0.121605 0.025940 -0.204834
-0.099807 -0.088260 0.276644 0.041758 0.203410 0.017231 0.098462 -0.079679 -0.101705 -0.040809
-0.225238 0.045593 0.279491 -0.042983 0.012594 -0.163867 -0.095615 0.006520 -0.099174 0.142514
-0.173990 0.110958 -0.018012 -0.015244 -0.014512 -0.028985 0.174939 -0.040848 -0.066353 -0.076160
-0.011428 -0.065721 0.002724 -0.004340 0.021294 0.227769 -0.088893 0.009357 0.010706 0.108981
0.266995 0.081459 -0.112619 0.083199 0.024813 0.045593 -0.134763 0.125985 -0.189491 -0.100993
-0.129385 0.287242 -0.020978 -0.109614 0.090158 0.068093 -0.133023 0.146784 0.082250 -0.061885
-0.069280 -0.166398 0.022105 0.196450 0.009604 0.221600 0.179684 0.061173 -0.069636 -0.049666
0.029657 0.159913 -0.104078 -0.008645 0.009673 0.115229 -0.004733 0.080984 -0.139192 -0.066670
0.122821 -0.070031 -0.017686 -0.096248 -0.013198 0.059038 -0.110009 -0.106529 0.033295 -0.093243
-0.028748 0.138006 -0.029875 -0.042232 -0.125905 0.000501 -0.050734 0.156433 0.144491 -0.228876
0.010855 -0.130176 0.025209 0.027898 -0.047056 -0.169403 -0.062557 0.115861 -0.143937 -0.199298
-0.140457 -0.289298 -0.040888 -0.219702 -0.105185 0.081696 0.161336 -0.002180 0.124956 0.024537
-0.038950 -0.098542 -0.108586 -0.064099 0.067026 0.233621 -0.141591 -0.240663 -0.092268 0.000188
0.018826 0.039331 -0.053107 -0.103153 -0.015881 -0.152561 -0.038140 0.029232 -0.222634 -0.041053
-0.053150 -0.027957 -0.014074 0.011799 -0.082191 0.090142 -0.004252 0.077471 -0.085422 0.118545
0.228757 0.086145 -0.051917 -0.242704 0.088867 0.024534 -0.118545 -0.194401 -0.162936 -0.279101
-0.139976 -0.000025 0.087931 -0.157239 -0.077811 0.067564 -0.176202 0.067947 0.082744 -0.042881
-0.079640 -0.214130 -0.037269 0.063610 -0.045369 -0.057317 -0.147544 0.136829 -0.086188 -0.098646
0.042626 -0.017008 -0.026766 0.175012 -0.216681 -0.085167 -0.007319 -0.246275 0.004839 -0.053022
-0.109701 -0.080320 0.063950 -0.034569 0.043668 0.069733 -0.088782 -0.183686 -0.103153 -0.051534
0.104854 0.028807 0.157069 -0.066076 0.276209 -0.123563 -0.156728 -0.223995 -0.122117 -0.095330
-0.103749 0.146694 0.029466 -0.023322 0.028765 0.039225 0.022706 -0.046899 -0.030529 -0.129431
0.171185 0.005033 -0.005161 0.119566 0.219233 0.069648 0.197803 -0.009365 -0.134448 0.006644
0.114549 -0.062037 -0.063992 0.032762 -0.085933 -0.088867 0.181985 -0.026915 0.004510 -0.068967
-0.196612 0.094309 -0.129005 0.091758 0.043370 0.050556 -0.116590 0.004940 0.138445 0.068457
-0.172291 0.067479 0.067522 -0.059740 -0.044004 -0.036404 0.126660 -0.013993 -0.108077 0.058461
-0.064036 -0.202775 -0.004163 0.018239 0.083845 -0.136769 -0.148513 0.027800 0.194896 0.101759
-0.081616 0.067976 -0.029807 -0.061769 0.142641 -0.167542 -0.036106 0.038206 0.107185 0.164272
0.042815 -0.065337 0.129336 0.179584 -0.162190 -0.194004 -0.100273 -0.326462 0.089049 -0.227156
0.071358 0.089272 0.075520 0.058461 -0.069648 0.000768 0.147101 -0.065411 0.033003 -0.112686
0.142270 -0.026592 -0.019029 0.020404 -0.091502 -0.040994 -0.108821 -0.134539 0.275620 -0.047906
0.058238 -0.041625 -0.227156 -0.090907 0.011335 -0.146581 -0.148216 -0.016241 -0.034099 0.047386
-0.012952 0.026722 -0.017375 0.010063 0.133424 -0.129856 -0.126957 -0.042889 0.179584 0.174381
-0.040548 0.004718 -0.006146 0.095144 -0.125843 0.006434 0.055748 -0.015461 -0.068533 -0.012097
0.057569 -0.075149 0.176462 -0.094846 0.028134 0.000739 -0.284688 0.043595 -0.025031 -0.185976
-0.036552 0.087785 -0.213925 -0.061323 0.066786 -0.082582 -0.007526 0.089941 -0.114396 -0.070317
-0.045045 -0.058313 0.003638 0.205005 -0.284985 0.044524 -0.164420 -0.068013 -0.052664 -0.117889
-0.066712 -0.135134 -0.067604 0.202478 0.020088 -0.004567 0.242171 0.224926 -0.022336 0.013212
-0.129336 -0.099009 
