-0.461747 0.920563 0.356346 1.217431 0.396132 -0.196968 -0.658130 0.009832 1.716981 -0.519731
1.601414 -0.620827 -1.913251 1.544479 -1.023011 2.116665 -0.876939 -1.082268 0.686233 -1.219461
-0.348012 -0.907938 0.606984 0.607910 -0.279189 -2.284988 -1.320434 -0.435125 1.555084 -1.469863
-0.152285 -1.154455 1.996353 -0.219919 0.988683 -1.589392 -1.303472 -1.926810 -3.604038 1.927459
0.589413 0.790600 0.544500 -0.070807 1.068258 0.040598 -1.409001 -0.120091 1.738785 1.202337
-1.162637 1.019184 0.074488 0.209514 1.345191 1.907054 -0.252627 -0.675669 -2.072280 1.258752
0.473543 -1.969493 -0.441061 1.359526 0.952397 0.036180 0.474134 0.009761 -1.018740 1.658781
-1.210114 -3.464158 -0.530894 0.731244 -3.487692 -2.239576 0.290921 -1.165810 0.756012 -0.880856
0.160153 0.637677 0.726466 -1.040858 1.215590 1.165206 1.397948 -0.366320 0.271060 0.835410
-0.307978 1.543557 0.050205 0.199096 1.711585 -0.169036 0.666474 0.296292 -0.388406 -1.033011
-1.753476 0.069216 0.950596 -1.598861 -0.183335 0.459594 0.577945 0.246326 -1.636855 -1.148755
-1.251156 0.096409 -0.218276 -1.546500 -1.287379 0.375415 -0.855821 1.513500 -0.611885 0.123603
0.427539 1.552176 0.064336 -0.271860 0.688632 1.920595 0.384986 0.751495 -2.111508 -0.094743
0.029729 -1.251569 -1.749196 0.828593 -1.053317 -1.351567 0.248829 -0.742955 -2.053335 -1.235436
-1.654943 0.237751 0.879414 1.117162 -0.541495 -1.245316 -0.468337 -0.016608 -0.692502 0.708329
-0.948794 1.283960 0.469649 0.162697 -1.969321 -1.727396 2.797934 -0.369566 -2.392726 -2.754759
-0.887526 -0.552877 -0.049276 0.554139 -0.022930 0.725819 1.621520 -0.227342 -0.803249 1.096116
-0.340015 0.193335 -0.015320 -1.099793 -0.083296 -0.391071 -2.128893 -2.773312 -1.982810 0.897620
-0.672074 -1.101732 0.155644 1.034639 0.494073 0.363463 0.585307 -1.920978 -0.257694 -1.120693
-1.470627 -1.130541 -0.271952 -0.869699 0.043551 -0.288420 -0.087574 -0.918053 -0.443881 -0.829489
0.323666 1.234989 0.462096 -1.215146 -0.483564 -0.411634 -1.874490 0.370293 -1.075119 -0.143561
-0.816100 -1.981403 -1.931279 -0.657102 0.386690 1.021921 0.395616 -2.201021 -0.187201 0.680465
1.253810 -0.273948 0.394176 0.267089 0.157820 0.305848 0.437121 -2.761187 -2.512959 0.113742
0.118465 0.679408 0.502141 1.849810 -0.417214 0.713514 -0.011547 0.458563 0.166229 -0.093779
-2.749125 -0.371868 -1.001157 -0.366310 1.020107 -0.141543 0.222407 0.349308 0.696200 1.598818
0.463944 1.341097 -0.134338 -1.899795 0.335882 0.381966 
