-2.484569 0.568545 0.022592 -0.346289 1.277571 0.683217 1.831631 -0.933708 -0.314096 0.704229
1.039092 0.410511 0.209769 1.294547 -0.250581 1.288845 -0.062022 -0.219720 -1.859322 -1.471946
0.686624 0.233244 0.076330 -0.105819 0.991873 1.495960 1.263444 0.217653 0.053199 0.951366
0.080810 -2.445471 0.606346 1.476389 0.216961 0.635512 -1.931243 0.409190 0.799306 0.602430
-1.894669 0.463428 0.379615 1.144476 0.774886 -0.424150 -0.212309 0.424366 -0.277498 -0.308103
-0.630962 0.153408 -1.561091 -0.231711 0.826723 0.517313 0.475855 0.506845 0.804006 0.097664
0.593156 -2.182504 0.508575 0.628453 -1.787167 -0.023645 1.334005 -1.551110 -0.632958 0.726656
1.989003 1.381259 -0.832089 0.419826 -0.003980 -1.911795 -0.506954 2.062114 0.403234 -0.691309
-0.553818 1.176555 0.158592 -1.872152 -0.207829 1.194502 -2.470438 1.208177 -0.077304 0.109542
-0.818783 -1.652580 0.730345 0.737819 0.066096 0.513870 -0.647651 0.179629 0.092043 0.203212
-0.023022 -1.610788 -1.908557 0.315763 -0.206601 0.954948 -0.138409 1.322176 -1.659367 0.667918
0.234023 1.710696 -0.680182 -1.123121 1.706728 -0.814901 0.550618 0.002880 0.390251 -2.873780
-1.704793 -0.178181 -0.879122 -0.317096 2.220739 -0.568175 -1.400029 -0.647624 
