0.531817 -0.383576 -0.244433 -0.117295 -0.163005 -0.102009 0.275900 -0.446511 -0.031039 -0.062823
0.587891 0.348082 0.077774 0.230265 -0.043697 -0.171207 0.273216 0.383874 -0.264268 0.064613
-0.230116 0.026826 -0.137354 0.234739 -0.154504 0.192981 1.003382 -0.375224 -0.106483 0.085977
1.428120 -0.623386 -0.067111 0.248609 -0.067372 0.263075 -0.302596 0.307815 0.242792 0.026155
0.190893 0.125870 -0.028578 -0.110286 0.036967 0.459337 0.501393 -0.157934 -0.302596 -0.250696
0.031151 0.144214 -0.553889 0.101636 0.147420 -0.449792 0.057082 -0.088512 0.031878 0.232055
-0.045002 0.354346 0.462021 0.339134 -0.188805 -0.462618 -0.068640 -0.307219 -0.011912 0.028671
0.040565 -0.296779 -0.003840 0.008603 -0.308710 0.662757 -0.020506 -0.111702 0.016666 0.393717
-0.402069 0.104171 -0.541361 -0.066142 -0.258302 0.079340 -0.304534 0.318255 0.211623 0.029156
0.588488 0.154653 -0.557468 -0.355837 -0.180155 -0.390436 -0.211474 0.060251 -0.184182 -0.581926
-0.362101 0.250100 0.078147 0.140635 0.064240 -0.096267 -0.139814 -0.018241 0.148539 -0.190893
-0.029137 -0.436072 -0.106706 -0.121471 -0.040155 -0.275602 -0.070019 -0.152118 -0.062861 0.878705
-0.399384 -0.121918 0.198350 0.350766 -0.263820 0.267996 -0.433984 0.104991 -0.066944 0.398516
-0.084708 -0.263309 -0.144546 -0.003226 0.078820 -0.185352 0.289498 0.340860 -0.239963 -0.193168
-0.326040 -0.204740 -0.617163 -0.024857 0.027534 0.051286 -0.018741 -0.106988 -0.120489 0.304724
-0.081662 -0.067350 0.382072 -0.499008 -0.164746 -0.359132 0.136425 -0.123128 -0.074049 -0.035959
-0.013171 -0.017675 -0.063188 -0.307972 0.143429 -0.409276 0.510783 -0.051616 0.194589 -0.274881
0.229406 -0.138456 0.056489 -0.083642 0.192559 -0.431202 -0.319138 -0.056032 -0.115616 -0.295994
-0.304927 0.040806 0.010652 0.229203 -0.289904 0.190326 0.064964 0.059432 0.056844 0.059331
0.143632 -0.282392 -0.092524 -0.027458 0.227579 0.230827 0.112267 -0.042430 0.473023 0.083286
-0.071715 -0.065624 -0.094655 0.324416 0.306551 -0.384305 -0.287874 -0.108003 -0.017358 0.202608
-0.096229 -0.512813 -0.046059 0.454751 -0.003616 -0.142820 0.101964 -0.042963 0.039106 0.231233
-0.082880 0.023892 0.129726 0.233669 0.299446 0.004260 -0.007036 0.225549 0.090696 0.056083
-0.043623 0.054712 0.044663 -0.054154 -0.329898 0.070497 -0.111861 0.155712 -0.289904 -0.327868
0.654923 0.057453 -0.282189 -0.454751 0.290513 -0.568439 0.053596 0.348575 -0.193574 0.053545
0.090341 0.163122 -0.026569 -0.115515 0.231842 -0.065218 0.475425 -0.408123 -0.158740 -0.255162
-0.023525 -0.277369 0.128714 -0.112681 0.095572 0.557911 -0.384782 0.394526 -0.290739 -0.127241
-0.147636 0.035096 0.132000 -0.119083 -0.042149 -0.015296 -0.312947 -0.337874 0.085262 -0.248817
-0.406536 0.098801 -0.043679 0.273290 0.319519 0.681186 -0.398378 0.289380 0.472253 0.318385
0.263546 -0.043651 0.436902 -0.332888 -0.177548 0.292779 -0.144237 -0.232954 -0.149109 -0.414921
0.202588 -0.051610 -0.227175 -0.339233 -0.231934 -0.202815 0.165538 -0.130300 0.316573 -0.159759
0.321558 0.192957 -0.253349 -0.355096 0.162139 0.255841 0.001671 0.456164 0.324731 -0.223436
0.073648 0.018596 -0.168144 0.103447 0.167917 -0.109735 0.313400 0.013611 -0.121236 0.347391
-0.240659 -0.014843 -0.494461 -0.239299 -0.118856 -0.210066 -0.181514 0.044954 0.116364 0.196470
0.115684 -0.124635 -0.282355 0.056029 0.106733 -0.394526 -0.074611 0.322691 -0.234540 0.051723
0.401324 -0.244058 0.077897 0.057615 -0.306149 -0.200775 -0.518028 -0.133133 -0.160779 -0.032518
-0.024445 -0.131093 0.290059 0.129960 -0.581478 -0.007698 -0.490382 -0.055293 0.278502 0.435995
0.080446 -0.145256 -0.331982 -0.027632 -0.007028 -0.049174 0.162365 -0.098348 0.153414 0.033340
0.072968 0.254255 0.009234 -0.223890 -0.180922 -0.347738 -0.097140 -0.193639 0.103605 -0.321236
0.142023 0.084156 0.081591 -0.713002 -0.158053 -0.297512 -0.045418 0.218218 -0.264597 -0.090354
-0.195883 -0.313114 -0.213516 -0.071973 -0.118299 -0.289817 -0.333204 -0.340044 -0.344746 0.015829
0.712147 -0.285970 0.222493 -0.071386 -0.304778 -0.082446 -0.223347 0.012203 -0.132940 -0.046219
-0.060218 -0.434940 0.094949 0.043788 -0.140741 0.089018 0.033716 0.338120 -0.266307 -0.297298
-0.018822 -0.182846 0.460801 0.030189 0.124391 0.297512 -0.353722 -0.238309 -0.027812 -0.025420
0.357570 0.110391 -0.137428 -0.262246 0.374454 -0.238309 0.054421 -0.345387 -0.396682 -0.145977
-0.033101 0.076141 0.166923 -0.297084 -0.015375 -0.601435 0.035933 0.207531 -0.479182 -0.250277
0.207959 -0.335128 0.206463 -0.186693 -0.289817 0.280199 -0.097194 -0.575360 -0.077370 0.017112
0.369752 0.060005 -0.358638 0.092171 -0.100079 0.414422 0.325938 0.142344 -0.030430 -0.411002
-0.139565 0.038471 -0.068928 0.086026 -0.255407 0.150038 0.170770 -0.109216 -0.245789 -0.280199
0.219287 -0.125994 -0.139565 -0.007200 -0.122467 -0.358852 0.072294 -0.415918 -0.083996 -0.326793
0.203471 0.029815 -0.116269 -0.030403 -0.288321 -0.066790 0.399888 0.348593 0.485166 -0.059310
-0.162434 -0.080149 0.005185 -0.377904 -0.565126 0.183439 0.212841 -0.186033 -0.173927 0.178467
-0.165063 0.242784 -0.207112 -0.317370 -0.187439 -0.381363 -0.151334 -0.164846 0.096043 -0.013154
-0.218570 -0.240406 -0.162576 0.220840 0.111447 -0.274348 0.093125 0.074262 -0.345259 -0.085018
-0.090314 0.283212 -0.157928 -0.234352 -0.118689 -0.019147 0.146686 0.173818 -0.141498 0.267213
-0.428709 -0.118149 0.274996 0.466543 0.014904 0.441897 -0.035401 -0.078207 -0.460489 0.183007
-0.190141 -0.470866 -0.354123 -0.499404 -0.254242 -0.006729 0.278239 -0.011999 0.101502 0.038320
-0.186466 0.325153 0.069181 -0.118473 -0.087179 -0.319748 0.099665 -0.023822 -0.583286 -0.050994
-0.274996 0.197167 -0.587178 -0.184952 0.404495 0.264403 0.674952 -0.135985 0.232190 0.310452
-0.193492 0.076856 -0.278672 -0.045644 -0.233704 0.016863 -0.185817 -0.261376 0.366662 0.029645
0.219435 -0.333801 -0.209382 -0.419845 -0.013667 -0.089828 -0.354555 0.131121 -0.040698 -0.553884
-0.031186 -0.041076 0.076856 0.027808 0.019092 0.334882 0.251215 0.424601 0.234785 -0.279104
0.062317 0.226569 -0.324937 -0.310019 -0.243216 -0.111555 -0.050184 -0.334665 0.496809 -0.303317
-0.255971 0.075992 0.031915 0.071397 0.205491 0.085396 -0.119770 -0.021349 0.021160 0.014080
-0.249158 -0.888397 0.032663 0.051328 -0.039124 0.063780 -0.202661 -0.351206 0.073444 -0.324921
-0.016566 -0.395162 0.017698 0.035949 0.312993 -0.253575 0.087470 -0.000082 -0.098404 -0.199569
-0.231929 0.105086 -0.280965 0.170633 0.214921 -0.062179 -0.256005 -0.063615 0.022572 -0.218455
-0.222541 0.401789 0.007372 -0.099011 0.225413 -0.124358 0.277873 -0.114749 0.038268 -0.020418
0.504942 0.343917 -0.524379 -0.124910 -0.224419 -0.364459 -0.356949 -0.379921 0.049285 0.034209
-0.114418 -0.379700 -0.064388 -0.275664 0.027831 -0.232812 0.540283 -0.011265 0.158595 -0.108841
-0.070462 0.006212 -0.129770 -0.449279 -0.184880 -0.082500 -0.114308 -0.242089 0.311668 -0.374399
-0.394941 0.338174 -0.132752 -0.215473 -0.019327 -0.053454 0.095588 -0.024104 -0.022958 -0.274338
0.515544 0.193274 0.102104 0.115081 0.303937 -0.156828 0.177922 0.356066 0.155503 -0.039179
-0.490363 -0.149760 0.275664 -0.142360 0.248495 0.060357 -0.054061 0.429841 -0.196256 0.001891
-0.424098 -0.380805 -0.170302 0.335744 -0.140151 -0.185322 -0.284278 0.564139 0.167983 0.257109
0.253134 0.166326 0.275001 0.056243 -0.084047 -0.403998 -0.003700 0.235684 0.249378 0.108178
-0.114749 -0.212270 0.291788 -0.349660 0.076205 0.247391 0.070793 -0.759842 -0.026069 -0.153777
-0.343650 -0.290034 0.207288 -0.214254 -0.298477 0.379324 -0.190928 0.711786 0.134040 -0.228185
0.042798 0.113248 -0.698699 -0.100847 0.223753 0.132985 0.031558 0.126969 0.163698 -0.037415
-0.198316 0.259426 -0.340906 0.151561 -0.236207 -0.343439 -0.548405 -0.356526 -0.122008 -0.066176
-0.031848 -0.035621 0.280746 -0.025304 0.036835 0.641283 0.182485 -0.102694 -0.234096 0.096572
0.412676 0.141745 -0.004278 -0.163382 -0.535739 -0.170347 0.190928 -0.325919 -0.039975 -0.088973
0.058577 -0.058735 -0.168553 0.378268 -0.440328 0.244228 -0.314309 -0.203594 -0.243806 0.327819
-0.367292 -0.064962 0.065912 0.255838 -0.350405 0.165387 -0.170242 0.227130 0.120847 -0.335207
0.137734 0.047336 -0.183435 -0.228819 0.360537 0.045753 -0.163276 0.133724 -0.234518 0.092931
-0.184701 -0.154199 0.294467 -0.099105 -0.046149 -0.025053 0.123275 0.238106 0.017876 -0.305232
-0.134674 -0.042719 0.205071 0.218686 0.339217 -0.342384 0.094039 0.166548 -0.225441 0.190190
-0.158632 0.004842 -0.093089 -0.164543 -0.046809 -0.106652 0.004766 0.233040 -0.049685 -0.201905
0.029368 -0.145228 0.306710 0.090873 -0.176574 -0.297211 -0.085860 -0.141217 -0.244017 -0.099000
0.062112 0.425974 0.276524 0.042719 0.215731 -0.116942 -0.103924 0.185713 -0.223235 0.215541
0.120791 0.035746 -0.284548 0.035065 0.139433 -0.341599 0.160383 -0.095757 -0.121797 -0.128425
-0.111913 -0.466828 -0.134935 0.234479 0.031071 -0.294727 0.030656 -0.266319 -0.185122 -0.245961
-0.138604 -0.314375 -0.253536 0.223353 0.217672 0.086347 -0.507546 -0.213647 0.494289 -0.003207
-0.393443 0.370006 -0.014914 -0.264899 -0.168432 0.260638 0.213292 -0.286441 -0.362668 -0.429425
-0.223827 -0.513701 0.182873 0.155531 0.260875 -0.182991 -0.203468 -0.382553 0.148547 -0.241581
0.201574 0.162751 0.077114 0.125584 0.526010 -0.357697 -0.172812 0.054240 -0.117476 -0.202758
-0.463988 0.184885 0.193999 0.213411 -0.670415 0.127478 -0.104042 -0.140380 -0.366692 -0.293543
0.483399 -0.274131 -0.275315 -0.167959 0.226312 0.311771 0.163343 -0.061431 -0.242883 -0.128899
0.282890 -0.137066 -0.577144 0.046221 -0.386577 -0.073327 -0.051015 0.066284 -0.413091 -0.126531
-0.371190 -0.098242 0.168196 0.473457 -0.024990 0.387051 0.154939 0.072084 -0.303959 0.318163
0.265136 0.032580 -0.428478 -0.059300 0.237202 0.301592 0.081257 -0.127597 0.512280 -0.213766
-0.409303 0.012724 -0.374741 0.476297 -0.484583 0.085163 -0.030775 -0.166420 0.070427 0.025138
0.167840 -0.107356 0.284074 -0.299935 -0.246267 -0.692091 -0.141121 0.038038 -0.226788 0.014087
-0.027827 0.117568 0.005395 -0.487763 -0.240900 0.310467 -0.190514 -0.246068 0.032870 0.258193
0.015913 -0.009777 0.032920 -0.032498 -0.052573 -0.164575 -0.078611 -0.278268 0.332927 0.022994
-0.223807 0.160898 -0.463117 -0.041840 -0.208104 -0.213272 0.259981 0.006177 -0.187731 -0.325772
-0.031280 -0.494521 -0.086810 0.140426 0.040175 0.017417 -0.013590 0.356779 -0.150662 -0.005162
-0.144898 -0.042684 -0.112798 -0.159706 0.167259 -0.038659 -0.126115 -0.181073 0.063554 -0.033293
-0.050635 0.201346 0.518770 -0.078114 -0.073890 -0.271708 -0.017702 -0.033790 -0.021541 0.107034
-0.094760 0.639618 -0.139829 0.426942 -0.016187 0.108326 0.124028 -0.210489 0.438073 0.082337
0.089890 -0.112301 -0.032224 -0.062809 -0.146389 0.238714 0.020932 0.148575 0.104947 0.103058
-0.039852 0.385401 -0.024348 -0.107729 0.078114 -0.373276 0.323784 -0.118462 0.482198 0.038262
-0.162389 -0.091580 0.168153 -0.070660 -0.175408 -0.243683 -0.031206 0.074437 0.148774 -0.083878
-0.224800 0.264752 0.039256 0.013044 0.359164 0.163184 0.200750 0.079654 -0.109816 0.039628
0.281448 0.014174 -0.128798 -0.066784 -0.028622 0.435290 0.029367 -0.630077 0.488558 -0.038436
-0.287013 -0.267733 0.503869 -0.325518 -0.069173 -0.273682 -0.245917 -0.422080 0.079465 -0.302814
-0.091159 -0.443416 0.176026 0.066847 0.378312 -0.218562 -0.204611 0.169735 0.260278 -0.125420
-0.331810 -0.541345 -0.227316 -0.099160 -0.069686 -0.037749 0.193396 -0.306644 -0.009813 -0.522744
0.037818 0.130481 -0.396640 -0.067258 -0.014370 0.094852 -0.207347 0.018533 -0.236069 -0.776867
0.473506 -0.506605 0.175069 0.425636 -0.476241 -0.520282 -0.080491 -0.397187 -0.261098 0.284487
-0.127130 -0.195174 0.215280 0.342478 0.170282 -0.391716 -0.018567 -0.566785 -0.088970 -0.005099
-0.555022 0.127335 -0.142517 -0.577179 -0.573897 -0.167820 -0.121385 0.307738 0.033372 0.078507
-0.306370 -0.189567 -0.202970 0.056658 -0.276007 -0.085278 0.384057 0.153595 0.171923 0.410317
0.032312 0.023012 0.042126 0.059735 0.154553 0.178761 -0.061889 0.070027 -0.533412 0.067805
-0.108187 -0.129250 -0.151681 0.363267 -0.391169 -0.469129 0.424268 0.006967 0.083021 0.142654
-0.064830 -0.262740 0.126241 -0.222392 -0.101075 -0.095741 0.108324 0.154279 -0.148945 0.253166
-0.646660 0.013096 -0.607269 0.255080 0.129387 0.296796 0.586480 0.001388 0.290231 -0.159613
-0.161802 -0.090407 0.177120 -0.009531 -0.410591 0.213091 0.116257 -0.260962 0.687144 0.511529
0.697101 -0.111458 0.006714 0.119051 -0.359228 0.087138 0.043925 0.059822 -0.423054 0.643478
-0.189817 0.199545 -0.279742 0.444645 -0.033248 -0.544773 -0.320790 -0.291606 -0.140108 0.146396
-0.218170 -0.146159 0.386751 0.138329 -0.063529 -0.156717 -0.290657 0.005235 -0.284488 0.342382
-0.319604 0.220306 0.114127 -0.131804 0.286623 0.098052 -0.112763 -0.353771 0.081918 -0.064360
-0.390785 -0.147582 0.344754 -0.655816 0.000558 -0.225763 0.242135 -0.126228 -0.154107 0.137024
-0.273336 0.011730 0.261947 0.296588 0.055492 0.007322 -0.062343 -0.160988 -0.026174 -0.056470
-0.258862 0.082511 0.043895 0.162649 0.123025 -0.033514 0.173801 0.038556 0.405733 0.054424
-0.396242 0.188630 0.068037 0.171428 -0.333365 -0.109975 -0.224577 0.398140 -0.096451 0.329569
-0.329806 -0.124567 -0.235017 0.074978 0.092832 0.577517 0.185427 -0.034256 0.107899 -0.054424
-0.476677 -0.469321 -0.465525 0.058220 0.050420 0.275471 0.136312 -0.407394 -0.298249 0.030252
0.362550 0.459593 -0.485456 -0.111399 0.451526 0.048433 -0.187088 -0.405496 -0.000103 0.346890
0.493997 -0.338348 -0.595549 -0.332891 0.073376 -0.055670 0.017736 0.125042 0.153277 -0.008431
0.046001 -0.083638 -0.318417 -0.009721 -0.021265 0.198714 0.503963 0.113771 -0.270004 -0.148379
-0.014548 0.557844 0.522171 0.074078 0.053176 -0.353613 0.093030 0.165436 0.455283 -0.158636
-0.001283 0.477579 0.085951 -0.528859 -0.052618 0.008570 -0.207910 -0.096541 -0.327973 0.022686
0.472674 -0.075806 0.030852 0.022198 -0.181043 0.006898 -0.174020 0.100722 -0.460634 0.346925
-0.348708 -0.516374 -0.076531 0.073298 -0.003282 -0.147711 -0.156629 0.244140 -0.151947 -0.068003
0.047017 -0.234107 -0.025278 0.425406 0.110142 -0.224297 0.725510 0.484268 0.331540 -0.127979
-0.182938 0.739333 0.361640 0.060812 0.151278 0.035060 0.074747 0.382375 -0.086508 -0.072406
-0.175803 -0.328865 -0.244363 -0.007838 0.145815 0.186505 0.017558 0.260639 -0.104512 -0.029040
0.139127 -0.063042 -0.443912 0.059307 -0.185502 0.078426 -0.054514 -0.009016 -0.179928 0.423177
-0.021111 -0.099050 0.045651 0.030657 -0.000975 -0.322845 0.056799 0.079987 -0.301218 -0.015900
-0.251944 0.312366 -0.192191 -0.214598 0.065884 -0.108024 0.084557 -0.058248 0.287172 0.028372
0.049943 0.112650 0.029180 -0.087957 0.083108 -0.282266 -0.435439 0.097489 -0.472228 -0.138681
0.170675 0.584153 -0.346033 0.393523 -0.121178 -0.018659 -0.061091 0.054374 0.627853 -0.360748
-0.341351 0.037067 -0.097377 0.453499 -0.076308 0.329088 0.094866 0.006669 -0.024501 -0.141613
-0.058482 -0.111604 0.162666 0.120038 0.264135 -0.267797 0.403787 -0.090878 0.252367 -0.409802
-0.028032 0.060182 0.035959 0.111996 -0.181103 0.321670 0.444584 -0.030565 0.114742 0.041451
0.004957 -0.232099 -0.315655 0.303102 -0.714996 0.561745 -0.505780 0.165281 -0.524871 -0.077214
-0.593128 -0.099443 0.395419 -0.078521 -0.592082 0.240729 0.251582 0.638109 0.074926 0.236807
-0.555469 -0.121738 -0.014915 -0.236545 0.111146 0.510487 0.410064 -0.452953 0.028718 0.730688
-0.219415 -0.109773 -0.145405 -0.107942 0.784038 0.495842 -0.139260 -0.144621 -0.140698 0.478059
0.171950 -0.167896 -0.052173 -0.395680 0.047041 0.532717 -0.279042 0.466291 0.065119 -0.282442
0.038967 -0.231968 -0.302840 -0.492704 0.202678 -0.071853 0.024354 -0.084929 -0.382604 0.599404
-0.095586 0.027509 -0.295779 -0.166065 -0.335530 0.037822 0.488258 0.001058 -0.165542 -0.051127
0.422878 -0.394896 -0.022572 -0.479367 -0.159397 0.142398 0.100555 0.024648 -0.050702 -0.299964
-0.165019 -0.349130 0.064857 -0.203986 -0.009186 -0.005659 0.261782 -0.231053 0.145274 -0.010771
-0.063974 -0.049395 -0.265574 0.401695 0.089244 0.179795 0.420786 0.114807 0.349391 0.267797
0.368744 0.342330 0.056717 -0.108073 -0.175581 -0.250387 -0.267355 -0.137609 0.189653 -0.129746
-0.033471 0.025440 -0.270873 0.240454 -0.464768 -0.234246 0.030729 0.481736 -0.306672 -0.015960
0.177444 -0.154785 -0.020266 0.032204 -0.205897 -0.181582 -0.420485 0.023875 -0.432900 -0.245834
0.186238 0.243972 0.045370 -0.138023 -0.147128 0.068132 -0.032281 -0.257009 0.216243 -0.012713
-0.254112 0.524778 -0.052173 -0.004827 0.494152 -0.226590 -0.064563 -0.549196 -0.002286 0.153129
0.035644 0.132022 0.035230 -0.487530 0.163890 0.310604 0.047646 -0.116088 -0.088670 -0.458146
0.183238 0.151474 -0.396274 0.192550 -0.326331 -0.172891 -0.140093 -0.261561 0.244386 -0.069995
-0.035696 0.061924 0.143507 -0.089808 -0.124262 0.152508 -0.067460 -0.038205 0.254526 -0.020228
-0.330056 -0.084790 -0.193791 0.242524 0.011381 0.380754 0.378891 -0.114433 -0.005794 -0.072426
0.036032 -0.378684 0.345575 -0.097051 0.000517 0.260320 0.063062 0.149611 -0.040455 -0.016348
0.002077 0.048525 -0.154164 -0.091308 0.175374 -0.227418 -0.288876 0.197309 0.267769 0.151888
0.614586 -0.127987 -0.241489 0.012597 -0.268597 -0.063890 0.287014 -0.405792 -0.123641 -0.002412
0.328400 0.391307 0.199482 0.098292 -0.323227 0.183755 0.211898 0.109053 -0.555404 -0.122193
0.494566 0.548368 -0.202295 -0.553973 0.014418 -0.144382 -0.176807 0.196004 0.229720 -0.011484
0.141962 0.104293 -0.028876 -0.146882 -0.065738 0.100019 -0.586237 -0.284085 0.556877 0.017181
0.134702 0.114457 0.120022 0.017624 0.029098 -0.235689 0.305056 0.398783 0.051380 0.051018
-0.221170 0.136880 -0.140510 0.286021 -0.041540 -0.137122 0.237625 -0.040189 0.082475 -0.013410
-0.038455 -0.059567 0.197133 0.180679 -0.056946 0.513643 -0.354582 -0.089452 -0.329416 -0.152851
0.226332 0.088887 -0.009452 0.352323 0.231656 0.216814 -0.230204 -0.083483 -0.136074 0.025448
-0.076506 0.144059 -0.110343 0.256822 0.032284 0.200521 -0.009720 0.520742 0.042347 0.139703
-0.043960 -0.062552 0.159465 0.088403 -0.084693 0.083483 0.175355 0.083483 0.182614 0.371359
-0.061503 -0.056462 0.131395 -0.016475 -0.062229 -0.099293 -0.042185 0.030893 0.003645 -0.118570
0.254402 -0.075417 -0.056865 -0.102116 0.079450 0.300862 -0.058801 -0.032688 -0.059164 -0.007869
0.033010 -0.114618 0.205361 -0.282472 -0.166805 -0.136396 0.227623 -0.278761 0.304734 0.280697
0.004842 0.184712 0.109375 -0.221815 0.012502 -0.003526 0.110827 -0.012230 -0.020064 0.249562
0.083725 0.174387 0.078039 -0.041621 0.241496 -0.113892 -0.011797 -0.000768 0.121313 0.044363
0.001978 -0.388095 -0.352907 -0.729728 -0.615622 -0.070376 -0.474528 -0.165692 -0.127941 -0.579068
0.101123 0.204980 0.134433 0.550370 0.041551 -0.273306 -0.167656 -0.520307 0.229919 -0.166546
-0.235727 0.574285 0.804204 -0.030469 -0.012096 -0.215058 0.110518 -0.412009 -0.287655 -0.234873
-0.818552 0.132554 -0.213350 0.279456 0.317206 -0.182603 -0.073152 -0.184482 0.410643 -0.261691
-0.183798 -0.598541 0.151087 -0.210958 -0.077508 -0.338046 0.025836 -0.021074 1.121922 -0.352223
-0.598882 0.240168 -0.568135 -0.554128 -0.058291 -0.546271 0.566086 0.176112 0.306445 0.199514
0.183628 -0.643978 0.313790 0.572235 -0.484777 -0.086262 0.201051 -0.246488 -0.268182 -0.315327
-0.280822 -0.155528 0.233848 0.038519 -0.337875 -0.401419 -0.173635 -0.028356 -0.442756 0.570527
-0.088483 0.220524 0.097707 0.179186 0.485460 -0.045224 0.039096 -0.061836 0.731777 -0.335313
-0.013409 0.215570 -0.486143 -0.316523 -0.197464 -0.332238 -0.418500 0.216254 -0.211129 0.104113
-0.101123 0.071487 0.156297 -0.055814 -0.869114 0.172354 -0.419183 0.166290 0.135714 1.050179
0.389120 0.243755 -0.293975 -0.184311 0.105992 -0.731094 0.344708 -0.027309 -0.446514 -0.594441
-0.176795 -0.275698 0.142803 0.355298 0.339071 0.037473 -0.218816 -0.307299 -0.050259 0.024671
-0.272011 0.141250 0.461511 -0.035138 0.220441 -0.328127 0.034854 0.032450 -0.303303 -0.254180
-0.041016 -0.049473 0.179185 -0.095187 0.074427 -0.312219 -0.091778 0.206980 -0.342637 -0.164063
0.173941 0.181632 -0.282675 0.536331 -0.106462 -0.353300 0.029522 -0.143610 -0.296835 -0.048511
-0.217994 -0.098421 0.015799 0.231455 -0.066080 -0.050784 0.239321 -0.245964 -0.241943 -0.079191
-0.096847 -0.149991 -0.384242 0.408716 0.203659 -0.049385 -0.152526 -0.157071 0.208903 -0.247887
0.112406 0.378998 -0.276731 -0.172105 -0.097984 0.067697 0.036077 -0.199114 0.089461 0.122283
0.049254 -0.110133 0.305051 -0.189674 -0.265893 -0.001849 0.148767 0.086795 0.135132 -0.095274
0.002170 -0.022212 -0.233377 -0.121059 -0.073029 -0.175426 -0.215896 0.018377 0.086752 -0.055810
0.207330 -0.265019 0.320610 -0.391235 0.174378 -0.156459 -0.104627 -0.236524 -0.182681 -0.298409
0.207330 0.040863 -0.404871 -0.103053 0.001472 -0.368859 0.047987 0.265369 -0.085135 -0.122545
-0.040338 -0.270438 0.081682 0.156372 -0.031183 0.034613 0.187926 0.053362 -0.219742 -0.134957
-0.086839 -0.119661 0.205757 -0.013199 0.015821 0.316589 0.118787 0.182506 -0.301730 -0.140551
0.097721 -0.202785 -0.428296 -0.108997 0.036536 0.217819 -0.324132 -0.130068 -0.284111 0.329418
-0.061306 -0.085092 -0.255795 0.370761 0.089387 0.049271 0.112889 0.242203 -0.304499 0.369250
0.052952 0.131201 0.043277 0.001127 0.108548 -0.180944 -0.333005 -0.178112 0.227855 -0.305443
0.023220 -0.378878 0.195952 -0.100524 0.061731 -0.053330 -0.080656 0.079051 0.011698 -0.213886
-0.027892 -0.150928 0.215585 0.267876 -0.445894 0.117326 -0.167730 0.522161 -0.151400 -0.047242
0.480630 -0.238427 0.093776 -0.011297 0.018359 0.035420 -0.049837 0.365664 0.051772 -0.047619
0.029143 -0.164615 0.152533 0.104961 0.021285 0.065884 -0.212187 -0.053094 -0.077022 -0.109303
0.318280 0.013262 0.155270 0.545947 -0.086272 0.080561 0.053141 -0.136581 0.085233 -0.195952
0.400588 0.178112 -0.364153 -0.040705 -0.246544 0.305632 -0.189817 -0.147530 0.135071 -0.092313
-0.131767 -0.183870 -0.300535 -0.468548 0.359245 0.134788 -0.104111 -0.199539 -0.185192 0.144321
0.304311 0.030629 0.003784 -0.139696 -0.139318 -0.123461 -0.286565 -0.069093 0.000337 0.066780
-0.398700 -0.051678 -0.061919 0.543682 -0.099769 0.142244 -0.466282 0.152627 0.031550 0.247677
-0.116382 0.062910 0.159235 -0.133372 -0.066686 -0.053707 -0.027892 0.130068 -0.069990 -0.167352
0.168579 0.447782 0.353771 -0.052103 0.384613 -0.464003 0.182656 -0.415851 0.109136 0.168032
0.274183 -0.112817 0.201658 -0.605671 0.157984 -0.428586 -0.104858 0.218272 0.179970 -0.189919
0.134605 -0.164749 0.073669 -0.357752 -0.061333 0.137888 -0.322931 0.113116 0.026215 -0.094860
-0.273189 -0.196286 -0.052429 -0.158780 0.124059 -0.293086 -0.002221 0.059294 -0.002510 -0.089338
-0.561101 0.224042 -0.263439 0.035442 -0.080832 0.432963 0.072476 0.300448 0.156094 -0.142961
0.064218 0.345415 0.231205 -0.086603 -0.145349 -0.141867 0.044719 0.250108 0.034671 0.162162
-0.116399 -0.235384 -0.192804 0.113911 0.049594 -0.006697 -0.095556 0.276372 -0.159874 -0.028751
0.290897 0.491461 0.191411 0.206732 -0.280153 0.070337 -0.048624 0.003411 0.097496 0.432963
0.469972 -0.116001 -0.228221 0.149826 -0.228619 -0.060836 -0.270204 0.138286 0.147239 0.090383
0.624772 -0.301641 0.044719 0.017211 -0.038725 0.088194 0.273586 -0.159774 0.260454 0.063621
-0.123164 -0.187233 -0.183751 -0.121671 0.115006 -0.379837 0.206533 -0.054071 -0.157088 -0.117493
-0.260056 0.013281 0.004825 -0.014525 0.187332 -0.257072 0.054120 -0.242149 -0.054717 0.317758
0.172310 0.140673 0.186835 -0.487083 0.113812 -0.106649 -0.016440 -0.033527 -0.249710 -0.320345
-0.192107 0.037730 -0.049537 -0.127170 0.213956 -0.053489 -0.516023 0.043520 -0.449939 -0.350814
0.092497 -0.075721 -0.244958 -0.114320 -0.257399 -0.089080 0.423016 -0.260459 0.060475 -0.301659
0.056242 -0.107590 0.437701 0.084848 -0.269433 0.030492 0.247405 0.091477 0.059608 -0.103459
0.399765 -0.337556 -0.262295 0.016840 0.300639 0.040206 -0.275756 -0.025776 -0.029116 -0.379980
-0.030390 -0.006667 0.080412 -0.244346 0.054662 0.580474 0.210488 0.012168 0.237207 -0.047166
-0.294520 -0.180404 -0.018764 0.010402 0.209061 -0.178670 0.000907 -0.331845 -0.562118 -0.074395
-0.047854 0.206409 -0.246589 -0.060781 0.002408 0.138184 0.295744 -0.425872 0.085052 -0.205695
0.052571 -0.276776 -0.083471 -0.305126 -0.249241 -0.058333 -0.022155 -0.481757 -0.430359 -0.052571
0.116870 0.068633 -0.227009 -0.053489 0.158070 -0.098462 -0.027152 -0.156846 0.044056 0.006801
-0.226601 -0.084032 0.117482 0.229661 -0.075772 -0.164393 -0.458913 -0.058129 -0.118502 -0.012805
-0.210896 0.194579 0.010574 -0.088774 -0.265354 0.462993 0.333273 0.187033 0.018943 0.260459
-0.132065 0.187237 -0.061086 0.024055 0.140224 0.157152 0.026948 0.435254 -0.239451 0.600055
-0.015501 -0.484613 0.196823 -0.285138 -0.187339 0.327970 -0.150932 -0.204165 0.083828 0.061596
-0.189864 -0.849625 0.342475 -0.261618 -0.013136 -0.356233 -0.279398 -0.260137 -0.214629 0.175471
-0.051514 0.024619 -0.273260 -0.248072 0.350095 0.203199 -0.288500 -0.259502 -0.368721 0.031432
0.201717 -0.263100 0.322578 -0.087153 -0.155892 0.271143 -0.017079 -0.473284 -0.101335 -0.001531
-0.464394 -0.039767 -0.141922 0.178222 -0.107791 -0.132185 -0.112606 -0.277917 0.014750 -0.042598
-0.132397 0.432221 0.282150 -0.227329 0.145943 0.003059 0.081597 -0.141922 -0.158432 0.206797
0.086836 -0.060536 -0.162242 0.243627 0.338030 -0.566840 0.051858 0.153669 -0.212089 -0.023561
0.099007 -0.235795 -0.146155 0.130280 0.020756 0.109960 -0.029686 0.117898 0.354116 0.132291
-0.444921 0.002580 -0.134408 0.388406 0.088159 -0.007885 -0.202670 0.570227 0.139382 -0.254210
0.020492 0.127846 0.188594 0.280668 -0.346708 -0.094403 0.289135 -0.330410 0.054557 0.079586
0.072707 -0.083237 0.493180 -0.030691 0.428623 -0.277705 0.179704 -0.050191 -0.223730 -0.047863
0.078475 0.132185 0.111759 -0.148695 -0.388829 -0.098795 -0.145414 0.380786 -0.147425 -0.270297
-0.105886 0.215052 -0.427353 -0.532974 0.304375 0.022331 -0.061118 0.195791 0.339088 -0.082973
-0.192404 0.058155 0.084243 -0.480481 0.150706 -0.076411 0.037650 -0.033020 -0.031049 -0.664509
-0.278913 -0.122074 0.028644 0.210711 0.052114 0.007140 -0.263521 -0.715993 -0.676716 -0.173956
-0.074837 0.081206 -0.484847 -0.121013 -0.015981 -0.021479 0.126320 0.134083 -0.290325 0.073311
-0.013028 0.118624 -0.076628 -0.252773 -0.143039 0.193992 0.036125 -0.090959 -0.237647 -0.037319
-0.244679 -0.024067 -0.212569 -0.331193 -0.469986 -0.181917 0.095006 0.254366 0.037518 -0.211507
0.535800 0.995171 0.538454 0.244547 -0.379492 -0.437079 0.070989 -0.112123 -0.062198 -0.137201
0.075368 -0.231809 0.114113 -0.019837 0.166923 0.112056 0.583303 0.134680 0.179131 -0.160156
0.183642 0.409745 -0.004062 -0.357466 0.341277 -0.082798 0.157502 0.156972 -0.205005 -0.154849
-0.071586 0.382942 -0.481663 -0.532085 -0.294571 -0.918742 0.119620 0.252243 0.015773 -0.061336
0.293509 0.044418 -0.328539 -0.735100 0.452471 0.067340 0.001563 0.060307 -0.073643 0.318720
-0.236320 -0.145826 -0.082997 0.403376 -0.446367 -0.036921 0.392230 0.421422 -0.189215 0.141314
-0.005361 0.064952 -0.049095 -0.227562 0.313678 -0.192134 0.365427 0.221724 0.404172 0.070923
0.476355 0.072117 -0.337297 -0.305186 0.103962 -0.205801 -0.129638 -0.180458 0.080609 -0.187623
-0.387188 -0.168383 -0.077225 -0.318189 -0.375777 0.182183 -0.197700 0.370420 -0.014825 -0.192724
-0.082705 0.047876 -0.320665 -0.282283 0.130886 0.271520 -0.128144 -0.127230 -0.156779 -0.233543
-0.529230 0.070774 -0.354783 -0.052700 -0.032391 0.067525 -0.005236 -0.244307 -0.226842 0.320462
0.132917 0.102505 -0.051100 -0.373263 -0.184905 -0.064428 -0.138298 -0.119006 0.277612 0.001706
-0.101084 0.054984 0.126113 0.187342 0.103876 0.107836 -0.103724 -0.240245 0.273347 -0.090168
0.203690 -0.306043 0.163887 0.102607 -0.168050 -0.229685 -0.074632 -0.440686 0.091234 0.004106
-0.120529 0.297717 -0.440686 0.213438 0.503235 0.153529 0.018544 0.363109 -0.547101 0.220140
-0.206838 0.049628 -0.097784 0.102454 -0.185819 -0.125707 -0.319041 0.297717 -0.522325 -0.446779
-0.307668 -0.045211 0.257913 0.017630 0.025817 0.325133 -0.096565 -0.044576 0.150889 0.032721
-0.153936 0.122763 0.417129 0.147132 -0.285126 -0.114132 0.216282 -0.267661 0.551162 -0.052090
-0.158810 0.227248 -0.450840 -0.283298 -0.135455 0.270301 -0.181758 0.087985 0.128754 0.085396
0.241261 0.251008 0.644174 0.180235 -0.109664 -0.154951 0.061026 0.205011 0.042850 0.156982
-0.183078 0.207244 -0.056660 0.119107 -0.124997 0.064935 0.322493 -0.142360 -0.407178 -0.218109
-0.400882 -0.137994 -0.230903 0.114132 0.045596 -0.002205 -0.114159 0.057546 -0.162166 -0.071648
0.439632 -0.242834 -0.076573 -0.331798 -0.367880 -0.054073 -0.031184 0.169424 -0.177304 0.005236
-0.024535 0.486913 0.097362 0.120069 -0.229977 -0.443364 -0.045830 0.101769 -0.081394 0.076365
0.061901 0.029291 0.014075 -0.389655 -0.071803 0.085179 -0.131993 0.208410 0.153353 -0.078283
-0.040334 -0.374102 -0.049692 -0.070559 -0.244079 -0.020737 0.133030 -0.281613 -0.422212 -0.173053
-0.056924 -0.106279 0.118618 0.149931 0.213180 0.080305 0.101146 -0.301106 -0.043445 0.137178
0.230807 0.651153 -0.341544 -0.391521 -0.100006 0.302558 -0.047048 0.008671 -0.294263 0.312512
0.146717 0.334908 -0.033543 -0.000657 -0.038494 0.126601 -0.244493 -0.199908 0.121417 0.012760
-0.240138 -0.685577 0.146302 -0.150657 -0.041786 -0.722074 0.198767 0.146820 0.207892 -0.032921
-0.125046 0.198353 -0.281613 0.040153 -0.084090 -0.242420 0.014464 -0.035927 0.229562 -0.253410
0.311060 -0.037353 -0.196797 -0.110945 0.263572 -0.286175 -0.218779 -0.100058 0.066930 0.022759
-0.281613 0.453733 0.114989 0.254655 0.307120 -0.281198 -0.169631 -0.454563 -0.000119 -0.210795
-0.270830 0.345899 -0.105190 0.040049 -0.499355 -0.035850 0.170357 -0.163307 -0.164240 -0.149931
0.075639 0.243871 -0.283266 0.575729 0.578488 0.143932 -0.155658 -0.044893 -0.550897 0.337528
0.059550 0.116514 0.237971 0.200608 -0.010397 -0.181870 -0.153934 0.128297 -0.124619 -0.051532
0.086911 -0.197849 0.320973 0.345115 -0.110996 -0.052710 0.738515 0.020003 0.180260 -0.535722
-0.305339 0.034718 -0.172558 -0.632750 -0.515949 0.029301 0.235212 0.082198 0.163246 -0.312236
0.211875 0.023352 0.096108 -0.014615 0.066448 0.051330 0.033281 0.137379 -0.124389 -0.372936
-0.064953 -0.230498 0.378684 -0.227279 -0.341207 -0.245558 -0.199229 -0.060240 -0.483759 -0.088751
-0.059550 0.048485 0.425129 -0.148186 0.032448 -0.207506 -0.233602 -0.328101 -0.140023 -0.276138
0.042909 -0.357761 -0.069494 0.102201 -0.231763 0.262573 0.093636 -0.170603 -0.353623 -0.152094
0.474562 0.037736 -0.164395 -0.004634 0.068230 -0.022935 -0.245329 -0.141978 0.226130 0.078864
-0.390410 0.330630 0.307408 0.037449 -0.321893 -0.075070 0.393169 -0.265332 0.157038 0.047163
0.145312 -0.124963 0.015980 0.104788 0.311547 0.394779 0.037966 0.037909 -0.129562 0.280047
-0.005331 0.260274 0.192561 0.127378 0.179800 0.203252 0.050210 0.174972 -0.012208 0.033310
-0.008220 -0.229119 -0.524226 -0.115824 0.321663 0.060412 0.084152 0.156233 0.121745 -0.342126
-0.045559 -0.315588 0.115182 -0.188834 -0.031229 0.299149 0.291578 0.093660 -0.961257 -0.260214
-0.072949 -0.168934 0.064621 0.065378 0.500096 -0.034582 0.039286 -0.109720 -0.307152 0.071813
0.114533 0.061268 -0.154117 0.099770 0.232095 0.146654 0.491876 -0.447750 -0.725052 -0.184724
-0.046560 0.396702 -0.155307 -0.226903 -0.221496 -0.183210 0.051967 -0.453807 0.095661 0.032310
0.189050 0.343275 -0.204516 0.264540 0.006222 0.162553 0.126754 0.011363 0.014371 0.151846
0.030526 0.271462 -0.050750 0.136380 -0.155198 0.169474 -0.364473 0.005164 -0.051832 0.335704
0.126862 -0.188077 0.122212 -0.162012 -0.028471 0.160173 0.024199 0.228201 0.026673 -0.045667
0.288766 0.158335 -0.034446 -0.300879 -0.428932 -0.050183 -0.021333 0.022333 -0.167960 -0.263026
0.415953 0.066622 -0.023564 0.068514 -0.079438 -0.357984 -0.112911 0.149034 0.004634 -0.235988
0.000416 -0.136380 0.025375 -0.132270 -0.132378 0.184291 0.086251 -0.176180 -0.144599 0.010612
-0.151413 -0.407950 -0.030445 -0.016277 -0.279898 0.877763 0.179316 0.489713 -0.225822 -0.010815
0.043423 -0.276870 0.343924 -0.149142 -0.253076 -0.163310 0.042774 -0.188077 -0.058132 -0.250480
0.053562 -0.015141 0.248317 0.313858 -0.288766 -0.062188 -0.385887 -0.232311 -0.057270 -0.351201
0.511844 -0.004690 0.067618 -0.042671 0.912222 -0.398739 -0.041160 0.172322 -0.386854 -0.346694
-0.194452 0.172425 0.114028 -0.469635 -0.067054 -0.173347 0.229490 0.209000 0.064595 0.087134
-0.113106 0.181953 -0.072535 0.330916 -0.307557 -0.224982 0.221704 -0.004095 -0.347308 0.033758
-0.056553 -0.311041 0.106037 0.235842 0.228260 0.055580 -0.007953 -0.026176 0.298132 0.086673
0.018736 -0.301001 -0.108700 -0.006634 -0.105115 -0.277847 -0.195271 0.539301 -0.057014 -0.239940
-0.201213 -0.165151 0.139026 0.245062 -0.226826 0.054248 -0.341161 0.192198 -0.047460 -0.080219
0.104602 -0.377634 0.263913 -0.270470 -0.307967 0.209000 -0.001663 -0.050355 -0.045283 0.160233
-0.242194 -0.445456 0.327228 0.214327 0.010905 -0.328252 -0.039136 0.019286 -0.333375 -0.045283
0.075557 -0.020170 0.069513 0.030915 -0.142304 -0.270265 0.063315 0.206131 -0.170478 0.105115
0.666750 0.131649 -0.065466 0.126424 0.057168 0.451603 -0.158082 -0.171605 -0.278461 0.038598
-0.287682 0.323950 -0.215557 -0.085649 -0.172015 0.116487 -0.158799 0.099582 -0.128883 0.176318
-0.064237 0.153164 -0.174884 0.247316 0.178674 -0.508976 -0.128576 0.277642 -0.168019 -0.276003
-0.025254 0.088620 0.194861 -0.274568 0.034398 -0.041851 -0.221670 -0.467633 -0.193531 -0.417428
-0.174198 -0.096816 0.351231 -0.084417 0.130674 -0.164481 -0.296370 -0.088466 -0.228148 0.152335
0.158003 -0.108608 -0.057948 -0.233816 -0.070752 0.141201 -0.115592 0.130674 0.073030 0.128548
0.180271 -0.153651 0.105572 0.046358 -0.535652 0.197985 -0.343740 -0.063971 -0.065590 -0.091907
-0.331999 -0.235638 -0.382204 -0.902875 0.353255 -0.116807 -0.000467 0.073030 -0.415809 0.099650
0.328760 -0.099144 0.182093 -0.220658 -0.154056 -0.135128 -0.082899 -0.086087 -0.200313 -0.015638
-0.220455 -0.078900 0.188268 -0.316411 0.185332 -0.102586 0.179563 0.331392 0.038919 -0.020585
-0.326331 0.005014 0.045017 0.103952 0.156687 -0.163469 0.046485 -0.111645 0.105066 0.038615
-0.137861 -0.280580 -0.193835 -0.044005 -0.247582 0.105774 -0.255680 0.112556 -0.025773 0.309933
-0.084366 0.028088 -0.276733 0.140290 -0.207904 0.071714 -0.011710 -0.158206 -0.349409 0.064983
-0.066957 0.026216 0.130775 -0.004482 0.188673 -0.162558 0.313172 -0.406496 0.171769 -0.064072
0.269243 0.084619 -0.378965 0.378357 -0.167417 -0.076016 -0.104661 -0.217621 0.143833 -0.218431
-0.076522 0.043904 -0.332404 -0.000099 0.162659 -0.132395 0.062402 -0.093881 -0.252441 0.119135
-0.007376 -0.157295 0.166404 0.102991 -0.339705 0.279136 -0.238181 -0.407603 -0.239690 -0.069137
0.133101 -0.245941 0.194964 -0.057120 -0.232362 0.491882 0.207573 0.047313 0.105026 0.273531
-0.125018 0.259521 0.069353 0.338627 0.177397 -0.331945 -0.050843 0.451790 -0.220937 0.292500
0.226757 -0.122001 -0.200137 -0.307588 0.096727 -0.244432 -0.317288 -0.012711 -0.372037 -0.118121
-0.002590 -0.339058 -0.285818 0.033868 -0.093494 -0.073502 -0.121246 -0.155626 -0.103733 -0.013485
0.179229 -0.519904 -0.289698 -0.049603 0.046774 -0.317719 -0.102709 -0.250468 -0.241846 0.110038
0.317934 -0.296811 0.145172 -0.120061 -0.067521 -0.375486 -0.346387 0.044268 -0.261030 0.157351
0.021784 -0.196904 0.244432 -0.115857 -0.140322 -0.014550 -0.172008 -0.458688 0.012994 0.264694
-0.132562 -0.353284 -0.012185 0.077220 -0.437133 -0.321383 0.100122 0.057174 -0.028264 0.019238
-0.057174 0.137628 0.477225 -0.236457 0.052136 -0.121893 0.140969 0.047044 -0.180738 0.121569
-0.001868 0.197012 0.035916 -0.117905 0.330221 -0.340567 0.006584 0.389497 -0.386048 -0.137628
-0.391221 0.108637 0.401352 0.073179 -0.074742 0.025421 0.060192 -0.158644 0.027402 -0.107828
0.047502 -0.331730 0.459119 -0.326772 0.759163 -0.037047 -0.124479 0.121785 -0.002945 -0.347249
0.389928 -0.378504 0.033538 -0.422311 0.131087 0.060157 -0.305272 0.035782 -0.198796 0.473224
-0.412170 -0.114187 0.072462 0.097074 0.136263 -0.515477 0.142495 -0.221613 -0.106211 0.003529
-0.341398 0.150840 0.148516 0.080385 -0.265766 0.070931 -0.441535 -0.317103 -0.052630 0.039638
-0.020268 -0.005163 -0.205979 -0.160875 -0.058731 -0.009454 0.424212 0.086723 -0.358087 -0.188550
0.164255 0.234500 0.112391 0.044523 -0.375199 0.105683 -0.001786 0.376044 0.272315 0.096599
0.137003 -0.172283 0.167107 -0.062322 -0.432662 0.033274 -0.113658 -0.183797 -0.298089 -0.374566
-0.196473 0.388720 -0.371608 -0.183903 0.234711 -0.341820 0.022130 0.216014 0.201015 0.336116
0.279921 0.084346 -0.003370 -0.355341 0.121158 0.184959 0.417663 -0.241682 -0.376467 -0.052630
-0.090525 0.046240 0.255626 0.041275 -0.053819 -0.190663 -0.242105 -0.249077 -0.473647 0.048564
0.238936 0.333581 -0.167213 0.363580 0.086142 0.331257 0.279287 -0.175452 0.001783 -0.420832
-0.092585 -0.256048 -0.445760 0.174924 -0.442380 -0.186755 -0.166262 -0.194994 -0.069346 -0.001948
-0.008972 -0.122954 0.077691 0.212000 -0.027121 -0.262809 -0.230697 -0.225415 -0.230697 0.057780
0.270836 0.012735 0.282456 0.154749 0.213690 0.009071 0.381115 -0.368228 -0.140911 0.143446
0.287884 0.699715 0.308698 -0.032887 -0.361083 -0.198900 0.358745 0.203928 -0.213282 -0.105179
-0.004666 0.024614 0.047503 0.004268 0.068522 -0.493449 -0.289054 -0.204162 -0.108746 -0.148502
0.180658 0.134354 -0.301916 -0.203811 0.421653 -0.059752 0.071328 -0.308698 -0.389614 0.312674
-0.711409 -0.032215 -0.282739 -0.691764 0.179255 0.153881 -0.683813 -0.190715 0.276659 0.213165
0.401307 0.012687 -0.170836 0.729182 -0.088809 -0.047036 -0.467958 -0.340971 0.185687 -0.160196
-0.191065 0.377921 0.209540 0.190481 -0.096877 -0.316649 0.840968 -0.073433 -0.783438 -0.039786
0.065364 -0.010750 -0.180542 -0.101555 0.414638 -0.563140 -0.060219 0.124064 -0.092259 -0.380260
-0.236902 0.061564 -0.199835 0.036687 -0.324834 -0.199718 0.125701 0.278296 -0.254910 -0.335124
0.194807 -0.280868 -0.420250 -0.025608 0.334189 -0.371139 0.057355 0.130612 0.013476 0.037359
0.029247 0.135991 -0.276425 0.061623 -0.178788 0.188493 0.076590 0.100093 -0.208722 -0.008397
0.345181 0.229068 -0.042417 0.046772 0.329979 -0.082086 -0.161131 0.018534 -0.111845 0.067352
-0.165925 -0.228600 0.284142 -0.292795 -0.168848 -0.535544 0.248362 -0.148619 -0.035313 0.389380
-0.459773 -0.213399 0.555189 0.343543 -0.351027 0.267304 0.207436 0.187557 0.086025 -0.103750
-0.069340 0.075884 0.274067 -0.236450 0.591471 -0.007649 0.301630 0.090489 -0.282734 -0.012297
-0.019610 0.096469 -0.153415 -0.021127 0.004388 -0.163383 -0.149168 -0.125072 -0.260546 -0.107997
-0.204727 -0.000534 0.181845 0.133133 -0.130446 -0.217901 -0.138247 -0.035797 -0.232983 -0.114845
-0.006398 0.020466 -0.131486 0.147434 0.092136 0.248931 -0.149861 0.073891 -0.060326 -0.099936
0.088019 0.094043 0.087585 -0.066437 -0.137640 0.075581 0.238530 -0.131833 -0.145614 -0.219462
0.102970 0.067650 -0.259332 -0.193459 -0.356755 -0.028754 -0.172657 -0.314978 0.370623 -0.173437
-0.017476 -0.013196 -0.097250 0.224662 0.123425 0.106004 -0.125592 0.250838 -0.044139 0.190859
-0.150815 0.313764 0.236450 0.251705 0.042211 -0.358835 -0.029383 0.424015 0.127153 -0.184618
0.223102 0.213221 -0.102017 -0.002660 0.240784 0.293309 -0.233330 0.016252 0.187218 -0.121692
-0.356408 0.098983 0.115625 0.063880 -0.335433 0.341847 -0.339767 0.032872 -0.063100 -0.545014
0.176557 0.047238 0.060369 -0.079091 -0.063663 -0.010466 0.201953 -0.142407 0.112244 0.050228
-0.015190 0.353115 -0.048235 -0.354155 0.201953 0.000046 -0.128539 -0.069947 -0.260199 -0.029080
-0.099416 0.100023 -0.270947 -0.031008 -0.094736 -0.600832 -0.109293 -0.034216 0.190957 -0.262303
-0.155517 -0.166359 -0.039491 0.435074 0.172304 -0.145957 -0.029669 0.071055 -0.102473 -0.299842
0.629995 0.042377 -0.115472 0.126605 -0.010958 -0.229195 0.458390 0.006015 -0.033196 0.193755
-0.189441 -0.022208 -0.151203 0.476110 -0.182097 0.040744 -0.161696 0.189791 -0.225931 -0.024977
0.246682 -0.326422 0.232109 0.162395 -0.017429 -0.030631 -0.162628 -0.086793 -0.242485 -0.346940
-0.187926 0.057036 0.301474 0.172887 0.426680 -0.055725 -0.114831 -0.600617 0.277459 0.068782
-0.031243 -0.435074 -0.065634 -0.416188 -0.411525 0.202032 0.160996 0.030864 0.541394 -0.127305
0.027513 -0.085278 -0.192123 -0.352303 -0.163677 -0.199351 0.134416 -0.037160 -0.227446 0.189558
0.071638 -0.094721 0.513415 0.293314 -0.131035 -0.417354 0.014893 -0.077059 -0.214972 -0.223483
-0.133250 0.066567 0.049954 -0.390541 -0.180931 -0.089008 -0.249480 0.191307 0.489167 0.527405
-0.222550 0.203314 0.459089 0.162745 0.214972 -0.115122 0.734450 -0.303806 0.094196 -0.294479
-0.341577 0.309402 1.071597 0.118037 0.255309 -0.246216 -0.172887 0.540462 -0.055871 0.418986
0.062370 0.032992 -0.096236 -0.016481 -0.495695 -0.277692 -0.124740 0.089475 -0.256708 0.280490
0.064585 -0.356033 0.176967 0.175335 0.201433 -0.141497 -0.416212 -0.012752 -0.396687 0.012435
-0.153114 -0.366534 0.457982 -0.417695 -0.333167 0.633216 0.064384 -0.350221 0.140014 -0.138779
-0.171650 0.185368 0.079152 0.325506 -0.018614 0.441422 -0.053479 -0.151384 0.043747 0.040904
-0.078163 -0.166337 -0.337369 -0.107451 -0.385070 0.698960 0.091633 0.004592 -0.205758 -0.036548
-0.588728 -0.150766 0.409292 0.040688 0.087494 -0.622341 0.021997 -0.417201 0.147429 0.115052
-0.432525 0.349727 0.097565 0.077237 0.181907 -0.328719 -0.070872 -0.142362 0.018120 -0.228126
-0.340088 -0.120427 0.060430 0.185491 0.131240 -0.282747 0.454769 0.095403 0.327730 0.226890
0.069575 0.211443 -0.045817 -0.099975 0.163989 0.071305 -0.094846 -0.166954 0.022460 0.025643
-0.379880 -0.729113 -0.142486 0.171033 -0.056043 -0.326000 -0.332920 -0.173257 0.655954 -0.093178
-0.002686 0.006167 -0.288679 0.180425 -0.262233 -0.291398 -0.066547 -0.171527 -0.111221 0.033057
-0.236900 -0.193647 0.314136 -0.162876 0.150519 0.252224 -0.026832 0.236529 0.278051 0.151754
0.404349 0.502470 -0.359366 0.405337 -0.082550 -0.451556 -0.367028 -0.231586 -0.089965 0.098863
0.407315 -0.398911 -0.221576 0.039978 -0.078843 0.130128 0.186851 -0.285961 -0.681659 -0.190558
0.186851 -0.016544 0.167431 -0.295771 0.206936 -0.279638 0.258334 -0.078286 0.002227 -0.161950
-0.120377 -0.085732 -0.357821 0.347479 -0.224413 0.345824 0.064945 0.157193 0.130822 0.171878
-0.095246 0.106105 -0.158020 -0.234755 -0.125134 -0.022131 0.632494 0.071306 0.159571 -0.299080
-0.016702 -0.053001 -0.372919 -0.198456 0.270330 0.243028 -0.085784 0.006806 0.556380 0.453791
-0.018408 -0.127409 0.091368 -0.088576 -0.402703 0.011693 -0.164018 -0.174257 0.092092 0.093954
-0.075701 -0.019675 -0.285636 0.416975 -0.019843 -0.181599 0.127512 0.393396 -0.555553 -0.431867
-0.158020 -0.023463 0.275294 0.321832 0.118722 -0.346031 -0.068772 -0.063032 0.333621 0.112827
-0.166397 -0.220484 0.138164 -0.018938 0.280258 0.068100 -0.371471 -0.080613 -0.707368 -0.071668
0.110449 0.260816 0.018007 -0.336310 -0.418836 -0.017671 0.500535 0.233928 -0.328243 0.229998
0.032162 -0.288325 -0.120170 -0.215313 0.035549 -0.126995 -0.138164 0.395878 -0.006370 0.227309
-0.301355 0.105485 -0.390707 0.237237 0.174463 0.145714 0.191217 0.094316 -0.035627 0.133717
-0.165259 0.032266 -0.014698 -0.047184 -0.278397 0.112103 -0.348513 0.242201 -0.222138 -0.241581
-0.339206 -0.078596 -0.330312 0.060757 0.254197 0.493503 0.073115 -0.266194 0.028698 0.375401
-0.179001 -0.381050 -0.308674 0.050432 0.043242 -0.146583 -0.420469 0.027895 -0.183524 0.523863
-0.189879 -0.386435 0.195372 -0.161338 -0.133874 -0.176739 -0.020531 -0.105225 -0.021931 -0.048762
-0.255039 -0.057298 -0.204203 -0.050593 -0.428008 -0.059236 -0.079269 0.158430 -0.007519 -0.530325
-0.231344 0.198926 -0.024677 0.077276 0.052047 -0.122888 -0.108995 -0.221220 -0.338831 0.030318
-0.314490 -0.147013 0.035219 0.377604 0.043189 -0.018215 -0.078784 0.286918 -0.278518 0.613040
0.227467 -0.267101 0.130427 -0.318367 -0.092355 -0.203018 -0.155199 0.150244 -0.109102 0.000604
0.339692 0.066991 0.455795 -0.231775 -0.103502 -0.241683 -0.028595 -0.114918 -0.171893 -0.254823
-0.371357 0.384496 -0.077492 0.140120 -0.697910 0.573837 0.160153 0.265593 -0.174693 0.457518
-0.200218 -0.269255 0.493276 -0.102209 -0.203665 -0.006260 -0.416807 -0.115564 0.131073 0.041385
0.150460 0.153475 0.128058 0.031126 -0.032284 0.023641 -0.140013 -0.022012 0.172323 -0.024273
-0.069899 0.154122 0.155737 -0.256546 0.421331 -0.239314 0.257408 -0.310182 -0.039796 0.518693
-0.013523 -0.504907 -0.211527 0.163707 0.123857 0.069629 -0.126011 -0.519124 -0.144429 -0.100755
-0.223805 -0.203126 -0.103986 0.416807 0.063813 -0.189125 0.212496 0.062198 -0.084954 0.454725
0.399058 -0.090990 -0.069919 -0.195058 -0.220879 -0.288842 -0.032920 0.253743 0.129554 0.257991
-0.304939 -0.161747 -0.032920 -0.299350 0.006225 -0.225462 0.444665 0.086071 -0.311869 0.046501
0.201318 -0.409342 -0.144868 0.052369 0.124077 0.142968 -0.046361 -0.331990 -0.188016 0.086463
0.255531 0.264250 0.324389 -0.146098 -0.204224 0.098479 -0.107645 0.093002 -0.026213 -0.300915
0.089257 -1.010500 0.082215 -0.134473 -0.198635 0.281465 -0.297114 0.236529 -0.274981 -0.231163
0.012030 -0.003448 -0.211601 0.071931 -0.094790 -0.015342 0.191593 -0.168007 -0.021043 -0.138832
0.290407 -0.407777 -0.043706 0.178626 0.202994 -0.204336 -0.330872 0.141179 -0.110440 -0.415825
0.005439 0.139279 0.832098 -0.157164 -0.170578 -0.024955 0.282135 -0.167672 -0.100994 0.205118
0.016753 -0.231834 -0.240106 -0.260003 -0.077408 0.668451 0.113234 -0.058853 -0.236529 -0.122288
0.021155 -0.180303 -0.051140 0.211154 -0.331319 0.177508 0.072266 0.127654 -0.192487 0.136932
-0.158282 -0.108707 0.175496 -0.033842 0.103397 -0.409789 0.070981 -0.126089 -0.187010 0.886647
0.322824 -0.189022 0.096132 -0.030935 -0.084730 -0.206012 -0.305609 0.262238 -0.225351 -0.366195
0.385868 0.244800 -0.163759 -0.091884 -0.104683 0.142185 -0.274264 0.244107 -0.185692 -0.197090
0.107984 0.237814 0.087741 -0.050193 0.084298 0.367585 -0.166577 -0.207301 -0.122647 -0.178806
0.235439 -0.165746 -0.134995 -0.255030 -0.029875 0.162302 -0.085485 -0.478478 -0.007127 -0.287087
-0.009291 -0.117185 0.012763 -0.416976 0.545203 -0.131670 -0.186879 -0.012214 0.035055 -0.037281
0.106559 -0.032265 -0.489163 -0.448795 0.566574 -0.227128 -0.129415 -0.055506 0.065063 0.249093
-0.099614 0.044078 -0.016518 -0.104007 0.415314 0.159690 -0.046839 0.163846 0.142831 0.300622
-0.105431 -0.109171 0.227841 -0.107034 -0.103472 0.106619 -0.116948 -0.032769 -0.146868 0.180824
0.227841 0.273789 0.017794 -0.347876 -0.219530 0.234371 0.049154 0.004964 -0.108696 0.046007
-0.448083 -0.024280 -0.435973 0.223448 -0.106856 -0.066251 0.045622 0.102107 -0.039299 -0.174175
-0.088631 -0.397979 0.006975 -0.100385 -0.065895 -0.306796 -0.157909 0.185455 -0.051825 0.092252
-0.097180 -0.151379 0.075096 -1.265175 -0.165033 0.025556 -0.034461 -0.185217 -0.083704 2.006044
0.063342 -0.046601 0.005922 0.106559 0.068150 -0.022455 -0.234846 0.181536 0.144137 -0.205638
-0.049480 -0.099910 0.019664 -0.681979 0.069041 -0.073078 0.160403 0.049421 0.127159 0.121935
-0.037607 -0.108340 0.104125 0.317244 0.401785 0.484935 0.145988 -0.183649 0.097643 0.099230
-0.095157 0.060352 -0.530636 0.015472 -0.062468 -0.032160 0.022229 0.235486 -0.192218 -0.079606
-0.164184 -0.240564 0.283937 0.052921 0.145883 0.038322 -0.104572 0.077332 0.163444 -0.193276
-0.164607 -0.177090 0.007782 -0.225330 -0.451506 0.172330 0.142815 -0.385706 0.007504 0.237390
0.372376 -0.805264 0.133505 0.133294 -0.016529 -0.107693 0.269973 -0.282879 -0.004470 0.592840
0.254104 -0.294516 0.364759 -0.308903 0.091296 -0.124302 -0.147046 -0.123138 -0.230408 0.498900
-0.247757 -0.133400 0.182591 -0.262144 0.079394 0.073999 -0.084314 0.225542 0.403055 -0.138160
-0.130966 -0.355027 -0.316731 -0.152442 -0.572952 -0.042633 0.186505 0.058078 -0.343179 0.231466
0.431829 -0.156144 -0.104625 0.102245 0.032292 -0.078125 -0.044696 0.196661 0.500169 -0.138054
0.459546 0.415115 0.220041 -0.098595 0.123667 -0.098489 0.048081 -0.231254 -0.014810 -0.260029
0.000858 0.019293 0.160799 0.023181 -0.022837 -0.064901 -0.123984 -0.028907 -0.457007 0.163761
0.239082 -0.103356 -0.008119 -0.295362 0.049060 0.082621 -0.013726 -0.478165 0.341486 -0.005680
-0.170002 0.039724 -0.224695 -0.030282 -0.218559 -0.061199 0.485359 0.047076 0.366241 0.085742
0.194651 0.196555 -0.161397 -0.309892 -0.422260 -0.117353 -0.150371 0.320448 0.331709 -0.041024
-0.216877 -0.490291 -0.415457 0.319510 0.050876 0.064101 0.541900 -0.054307 -0.004787 0.027374
0.108967 -0.436335 0.164212 -0.204561 -0.227668 -0.253356 -0.449003 -0.182158 -0.076183 -0.129610
0.075244 -0.126913 0.024705 -0.240102 -0.063691 0.089437 -0.049997 -0.144507 0.299101 -0.036185
-0.179695 -0.097237 0.086153 0.548469 -0.254998 -0.244442 -0.224267 -0.063515 0.231891 0.402320
-0.531578 -0.043458 0.486537 -0.135592 -0.225792 -0.357513 0.031523 0.209488 0.067268 -0.113424
0.830914 0.102281 0.070435 -0.044132 0.100580 0.009669 -0.105037 -0.087384 -0.254764 0.072429
0.101753 -0.069028 -0.021641 -0.036596 -0.201277 -0.306373 -0.106386 0.070142 0.081989 0.297459
0.105682 0.045891 0.429063 -0.039235 -0.044953 0.061345 -0.417099 0.478796 0.003013 -0.094715
-0.216643 -0.122807 -0.235410 0.073778 0.282914 0.079408 -0.224032 0.075186 -0.026553 0.070142
-0.082106 0.087208 -0.103395 0.219106 0.061110 0.008416 0.600547 -0.103806 -0.353760 -0.492167
0.079702 -0.043722 0.204796 0.203506 0.513750 -0.051698 0.350945 0.227668 -0.075889 0.331474
0.144272 -0.143099 0.121165 0.056067 -0.116649 -0.594917 0.538147 -0.169725 0.287841 0.089613
0.298780 -0.057559 -0.056680 -0.188759 -0.147984 0.185009 -0.504294 0.348928 -0.157475 -0.424853
-0.259411 0.286126 0.197781 0.356192 0.039076 0.201647 -0.327369 0.478516 -0.250272 0.228244
-0.380564 -0.071297 0.534289 0.228127 0.138610 -0.083131 -0.181728 -0.020285 0.463050 0.236446
-0.158060 -0.449459 -0.182900 0.090161 -0.270425 -0.002658 -0.667392 -0.054366 -0.067606 -0.017605
-0.456254 0.301123 0.117754 0.088814 0.269956 0.221449 -0.203873 0.267847 -0.072762 -0.436101
0.030142 0.373065 -0.197312 0.065732 -0.361348 0.155483 0.008370 0.340258 0.309091 -0.482266
-0.159349 -0.599903 -0.170715 -0.392749 -0.113478 0.217231 -0.628492 -0.147984 -0.104690 0.403997
0.309559 0.205279 -0.185595 0.274877 0.315183 0.065029 0.377048 0.817368 -0.248163 0.387359
-0.105686 -0.191922 -0.079499 -0.359708 -0.223206 -0.194265 -0.104163 -0.214419 -0.308388 0.040833
0.048449 -0.470783 0.294562 -0.009315 0.464456 -0.261989 -0.002039 0.224612 0.084713 0.021530
0.023185 -0.166145 -0.375174 -0.253318 0.026978 -0.201647 0.106682 -0.179619 0.032836 -0.011504
0.003087 -0.028018 0.076453 0.551630 -0.252850 0.009234 -0.071824 -0.029277 -0.125019 -0.111720
-0.314246 0.276518 0.207506 0.065029 0.325494 0.213364 -0.555379 0.073523 -0.127189 0.289612
0.035906 0.068160 0.464497 -0.205285 -0.139650 -0.230959 0.302074 -0.447309 0.003877 -0.132238
-0.150822 -0.208615 0.161564 0.406918 -0.189924 -0.235901 0.068697 0.127189 -0.192824 0.325062
0.488560 -0.510044 -0.135783 0.100441 -0.329789 -0.017913 -0.262327 -0.369750 -0.374047 0.136964
-0.028413 -0.055645 -0.067569 -0.232249 -0.242991 -0.111290 -0.444302 -0.067999 -0.131486 -0.059083
-0.234182 0.058384 -0.121818 0.125040 -0.096520 0.276937 0.007110 -0.091310 0.489849 0.049361
-0.546139 -0.379418 -0.151252 0.391020 0.394672 0.007358 -0.116984 0.051026 0.444302 0.098292
0.153507 -0.258889 0.225159 -0.284456 -0.028333 -0.201955 -0.405629 0.084488 0.117306 0.391235
0.103448 -0.643249 -0.178967 -0.125040 -0.199270 -0.142121 -0.020827 0.014690 -0.112150 0.104308
-0.009050 0.166613 0.163390 -0.116017 0.174992 0.056880 0.004022 -0.088409 0.137287 0.040203
0.368676 -0.051294 -0.368676 0.460200 0.032066 -0.031018 -0.322914 -0.131593 -0.350629 -0.134386
0.537974 -0.086744 -0.141369 0.110753 -0.292405 0.439360 -0.089537 0.182082 -0.254163 -0.353851
-0.109733 -0.173918 0.014005 -0.022774 -0.262112 -0.107262 -0.570631 -0.065367 0.370180 -0.042486
-0.200451 -0.194543 -0.208293 -0.198840 0.080030 -0.228596 -0.090846 0.392508 -0.001929 0.144502
-0.026254 0.163209 -0.106360 -0.168362 -0.054076 -0.143382 0.119858 -0.020849 0.349718 0.008499
-0.186957 0.750963 0.482570 0.046291 -0.399005 -0.028620 -0.231203 0.072531 -0.258984 -0.069899
-0.116050 -0.321041 0.210592 0.547092 0.310288 0.051360 -0.206000 -0.793530 0.028508 -0.071075
-0.185052 0.007589 -0.586970 0.273994 0.102496 -0.046039 0.251815 -0.668070 -0.031841 -0.296397
-0.328658 -0.155480 -0.154696 -0.096727 0.000746 -0.344117 -0.300878 0.027598 0.163433 -0.227283
-0.041278 0.596827 -0.177771 0.186061 0.240389 -0.378170 0.000155 -0.513935 -0.128820 -0.250246
0.096559 0.095103 0.184492 -0.286540 -0.286092 -0.071635 -0.056261 0.204655 -0.060097 0.080148
0.126243 -0.013925 -0.248678 0.115826 -0.096111 0.120418 -0.015024 0.545748 -0.255847 0.135877
-0.143830 -0.012196 -0.255623 0.279819 0.052200 0.115378 -0.146630 0.239717 0.556949 -0.136213
0.595931 -0.097063 -0.090454 -0.087485 -0.147415 -0.064970 -0.009031 -0.148087 0.233892 0.114650
-0.352182 -0.201071 -0.150887 -0.319249 -0.571736 0.013610 -0.003292 -0.356887 0.064298 -0.126355
-0.160521 -0.189197 0.095271 0.164217 -0.224482 0.196366 0.056961 0.482570 -0.289900 0.085917
0.092302 -0.180012 0.300878 0.231876 -0.042477 0.269787 0.341533 0.445222 0.287232 -0.022559
-0.303940 0.239319 0.081268 -0.016539 -0.406400 0.186861 0.290181 0.343253 0.017691 -0.256027
0.083233 0.105593 -0.166958 -0.160201 -0.015341 0.277649 0.265118 -0.375932 -0.297797 -0.494609
0.193126 0.015986 0.165730 0.165238 -0.158113 -0.025907 0.005997 -0.251113 -0.280844 -0.124205
-0.705672 -0.091280 -0.036825 -0.014220 -0.251113 -0.114315 -0.029715 0.296815 0.160201 0.425565
-0.275929 0.015180 -0.048681 -0.027274 0.317454 0.876684 0.263398 -0.205903 0.042200 -0.193372
-0.354802 -0.013760 0.096256 -0.069719 0.110261 0.011318 0.147916 -0.105347 0.320403 0.297306
-0.460456 0.221014 -0.095396 0.391903 -0.510089 0.259713 0.014405 -0.175435 0.183298 0.507140
0.581835 0.941060 0.083663 -0.143370 0.461930 0.138948 -0.383058 0.153936 0.296077 0.091710
0.090113 -0.355539 -0.149267 -0.185632 0.566601 -0.546453 -0.010527 -0.005175 -0.237476 -0.304432
-0.160938 0.162535 0.122854 0.026291 -0.267330 0.341288 -0.089253 -0.047575 0.248902 0.386006
-0.432199 0.443011 -0.062625 -0.174329 0.040910 -0.101539 -0.004304 0.128996 0.476427 -0.088270
0.357259 0.006507 -0.095642 -0.095580 -0.100801 0.028732 -0.187598 0.118800 -0.385515 0.565127
0.252833 0.341779 0.237826 0.089010 -0.485221 -0.064988 0.004903 0.434984 -0.465286 -0.118315
-0.557785 0.084824 0.110939 0.168651 0.046025 0.132369 0.454521 0.079541 -0.043783 -0.200747
-0.323348 0.141938 -0.135459 0.047396 0.013120 -0.340691 0.203139 -0.112235 -0.094293 0.044979
0.159880 -0.157986 -0.374182 0.134064 0.247594 -0.016060 0.083977 -0.182705 -0.325341 -0.563366
0.336704 -0.166658 -0.220881 0.251581 0.278693 -0.120209 -0.243806 -0.619185 -0.074807 0.061450
-0.098928 0.258359 -0.029554 -0.367404 -0.084924 -0.294840 -0.016907 0.215100 -0.205332 -0.364613
0.306004 0.109643 0.017630 0.020147 -0.022826 0.311387 -0.091851 0.455717 -0.463691 0.198155
-0.161474 0.251781 -0.033242 0.136855 0.268725 0.127286 -0.051233 -0.160278 -0.202441 -0.073760
-0.095738 -0.200946 0.095639 0.073909 -0.163069 0.133765 0.010865 0.104659 -0.171342 -0.161175
0.044331 0.096536 -0.125093 -0.231447 0.297432 0.001855 0.183702 0.050835 -0.121505 0.199949
-0.147719 0.170047 0.015662 -0.223871 -0.269523 0.046449 -0.400895 0.026887 -0.075405 -0.095240
0.170246 -0.034787 0.081136 0.198055 0.248192 -0.241813 0.275105 -0.003859 -0.209119 -0.580511
-0.204734 -0.116919 0.311985 0.005725 0.008111 -0.329328 -0.183303 -0.077448 -0.133167 0.368800
-0.188788 -0.422848 -0.137856 -0.436204 0.120313 0.008588 -0.265299 0.120652 0.208708 -0.089131
-0.009486 -0.235871 -0.098185 -0.081491 -0.378028 0.875124 -0.142949 -0.387309 -0.196937 -0.094847
-0.150532 -0.222063 -0.298801 -0.181431 -0.186185 -0.126311 -0.175998 -0.323474 -0.137177 -0.074983
-0.389799 -0.351317 0.519279 0.308534 0.077360 0.238814 -0.351317 -0.018958 -0.014332 -0.046574
-0.137177 0.103675 -0.258055 -0.074361 0.062703 0.426244 -0.054780 -0.615258 -0.311251 -0.185619
-0.087207 -0.152569 -0.030559 0.025706 -0.348148 -0.103505 -0.211990 -0.073229 -0.243568 0.242436
0.174640 -0.267789 0.017755 -0.321437 0.276391 -0.282729 -0.300612 -0.102260 0.140685 -0.084830
0.003463 -0.402476 0.122803 0.288841 -0.148155 0.002778 0.057836 -0.672754 -0.110692 0.053677
0.222290 -0.109108 -0.091338 -0.278654 0.126538 -0.151324 -0.152569 0.332076 -0.366031 -0.074191
-0.249227 -0.195465 -0.010314 -0.070739 -0.723007 0.411756 -0.160832 -0.312835 -0.311930 0.013532
-0.231005 0.135819 0.315099 -0.068249 0.368747 -0.378934 -0.511130 -0.395005 0.598960 0.666869
0.003707 0.012874 -0.070512 0.024150 -0.198521 -0.027588 -0.395232 0.069267 0.115616 -0.310798
0.041962 0.128688 0.253302 0.214820 0.037293 -0.007654 -0.185053 -0.369200 -0.004689 0.131464
-0.415197 0.096476 -0.064221 -0.072474 -0.030977 -0.332437 0.015648 -0.126349 -0.301750 -0.086596
-0.161569 -0.129139 -0.605825 0.253163 -0.020617 0.255721 -0.132161 0.280595 -0.196789 0.063581
-0.232241 -0.236309 0.119375 -0.138322 0.046611 -0.184119 -0.456578 0.206785 -0.306632 -0.314536
-0.272459 0.370562 -0.137624 0.012452 -0.189466 -0.285942 -0.021417 0.014580 0.570955 -0.383581
-0.258743 -0.387301 0.058351 0.419614 -0.027606 0.217595 0.462622 -0.272459 -0.170868 -0.312909
-0.013760 -0.316396 0.040683 -0.448906 -0.288034 0.049982 0.266182 0.133440 -0.431470 -0.368238
0.048413 0.197835 0.149132 0.177958 -0.202484 -0.323603 0.159477 -0.160290 -0.390788 0.203414
-0.091130 0.578394 -0.446814 0.484939 -0.089270 -0.202252 -0.051522 -0.122165 -0.216898 -0.129371
0.115423 0.259440 -0.254558 0.027446 -0.214340 0.070033 0.684866 0.010803 0.021983 -0.214689
-0.111122 0.256186 0.095721 0.147388 -0.348245 -0.133091 0.194464 0.334762 0.388230 0.208877
-0.290127 0.186211 -0.061664 0.062884 -0.277108 0.228521 -0.076484 -0.057566 0.095779 0.172495
-0.352662 0.313374 -0.325695 0.315466 -0.441234 0.025979 0.509582 -0.054893 -0.160872 0.149945
0.022230 0.043502 0.599316 -0.411478 -0.249444 0.259905 0.462222 -0.779999 -0.334756 0.338811
-0.303333 0.092938 -0.017184 -0.135828 0.008735 -0.259493 0.093825 -0.355282 0.034971 -0.059805
-0.394308 -0.119167 0.100097 -0.368713 0.192592 -0.210838 -0.189298 0.238080 0.138109 0.025135
0.163957 0.244922 -0.128860 -0.716140 -0.316764 -0.029839 -0.689278 0.371754 -0.519999 -0.143811
-0.358577 0.622378 -0.379356 -0.016994 -0.598050 -0.000682 -0.011015 -0.065570 -0.054959 -0.119547
-0.553450 -0.250497 0.140390 -0.049637 -0.159902 0.099527 -0.233645 0.326647 -0.174347 0.059710
0.125502 -0.007491 0.127402 0.434600 0.195000 0.131014 0.178148 0.156101 -0.036618 0.142164
-0.027590 0.068928 0.129240 -0.368713 -0.005840 -0.345906 -0.399122 -0.488830 0.307894 -0.003427
-0.049637 -0.238713 -0.393801 -0.137475 0.186764 0.166364 -0.256325 0.023821 -0.116189 0.362378
-0.303333 -0.073046 -0.590955 0.041401 -0.123158 0.388733 0.015941 -0.046374 0.460448 -0.302826
-0.213626 0.196647 0.028335 0.634034 -0.051823 0.060534 -0.055180 -0.177388 0.245175 -0.156988
0.124552 -0.144191 -0.140136 0.121954 -0.030362 -0.079254 0.061579 -0.356549 0.142924 0.302573
-0.806354 0.484015 -0.359083 0.348440 0.054135 0.082359 -0.433586 -0.067027 -0.234912 -0.268109
-0.093699 0.215399 0.190058 -0.130887 0.036075 0.617531 -0.077344 0.128211 -0.222205 0.040149
0.285750 -0.206217 -0.361516 -0.309784 0.294305 0.072863 -0.142366 0.014066 0.505511 0.083352
-0.116092 0.308562 -0.168843 0.662338 0.314875 -0.064716 -0.180045 -0.326892 -0.147356 0.105502
0.145930 -0.289213 0.101072 0.121592 -0.471702 -0.354999 -0.176481 -0.303674 0.140940 0.122304
0.109168 -0.211411 -0.047277 -0.091245 -0.185137 -0.502253 0.203875 0.083963 -0.052802 0.301229
-0.066804 -0.250312 -0.154179 -0.012061 -0.003399 0.270679 0.274141 -0.168130 0.157030 -0.223020
-0.285547 -0.019565 -0.114259 -0.279029 -0.014104 -0.487181 -0.259681 0.179638 0.082232 0.325874
0.039410 -0.001784 -0.152346 0.196135 0.529952 0.099391 0.240535 -0.080705 0.360498 -0.218335
-0.611828 -0.069910 -0.107946 -0.164363 -0.060745 0.217724 -0.092568 0.069503 -0.074085 -0.165483
0.519361 -0.056468 -0.206930 0.274956 -0.078770 0.334020 -0.191553 -0.110492 0.015657 0.081570
0.088393 0.092518 -0.319967 -0.178721 -0.323837 -0.016128 -0.028336 -0.026350 0.054431 0.026070
0.045953 -0.520990 -0.211411 0.070368 -0.055449 -0.245831 -0.069452 -0.064513 -0.123526 -0.151837
0.383716 0.074238 -0.122712 0.372922 0.144606 -0.147458 -0.004201 0.166094 -0.268438 0.047303
-0.249293 -0.390641 0.052235 -0.059277 0.092297 0.011910 0.266398 -0.181330 -0.182636 -0.061563
-0.261175 -0.109227 -0.122845 0.086887 0.400344 -0.289531 -0.466010 0.040529 0.151668 0.098127
0.240654 0.143460 0.064967 -0.076300 0.020964 -0.115103 -0.184781 -0.241214 0.303709 0.448101
-0.350347 -0.090152 -0.366951 0.239161 0.382434 -0.271435 -0.218081 -0.098780 -0.256324 0.166219
-0.171163 0.244012 -0.290837 0.177785 0.092577 -0.081057 0.116036 -0.079565 0.122006 0.043910
-0.046825 0.173681 -0.035865 -0.210432 0.235430 0.254459 0.101765 -0.333371 -0.413402 0.098127
-0.648086 0.208194 -0.108761 -0.394374 0.022072 0.023762 -0.185248 0.189258 0.206888 -0.235430
-0.102045 0.192710 0.349974 -0.016732 0.101672 0.079612 -0.157917 0.116409 0.197560 -0.273860
0.170790 0.140195 0.116596 0.182169 -0.130401 0.186367 0.215096 0.356690 0.370308 -0.074528
-0.156425 -0.176946 -0.132266 0.117435 0.038337 0.037008 -0.058624 -0.101112 0.004200 0.132453
-0.017116 0.223678 0.045449 0.051908 -0.188326 0.123312 -0.273860 0.199985 -0.292702 0.154839
0.068325 -0.052422 -0.080405 0.274980 -0.019693 0.047804 0.279457 -0.258750 0.395120 0.236363
-0.013758 0.317141 0.109320 0.051162 0.116689 -0.092017 -0.184595 0.065480 0.239721 -0.133852
-0.256507 -0.462411 0.593781 0.248156 -0.121025 0.234446 -0.091984 0.085502 -0.311099 -0.262739
-0.209768 0.157544 0.055745 0.141091 0.396851 -0.516006 0.274455 -0.118968 -0.023790 0.049170
0.027779 -0.471136 -0.333783 -0.299134 0.094539 0.310102 -0.454933 -0.537444 -0.127443 0.067679
-0.410810 -0.432747 0.049980 0.006894 -0.260994 0.213756 0.131120 -0.101768 -0.099587 -0.138100
0.482104 0.541432 -0.191196 -0.432248 0.156297 0.049980 -0.021126 0.363198 -0.031347 0.175866
0.106442 -0.098963 0.138474 -0.006201 -0.255510 0.047207 0.152558 -0.229336 -0.059235 0.247907
-0.265481 0.289661 -0.066059 -0.179730 0.197054 0.171379 -0.001553 -0.169260 0.376909 -0.532458
0.349737 -0.324311 -0.055901 0.213631 -0.488087 -0.236939 -0.108187 -0.601259 -0.088369 0.026720
-0.139720 0.101643 0.022638 -0.166767 -0.166642 -0.401089 -0.434492 0.021516 0.002892 -0.015409
-0.009987 -0.283928 0.032874 0.117535 -0.248780 -0.261244 0.206901 0.188953 0.051694 -0.220487
0.221982 0.444463 -0.178234 -0.210640 0.471136 0.223603 0.149193 -0.312096 0.006341 -0.024772
0.072540 0.067430 -0.017153 -0.326554 -0.004943 0.423274 0.447704 0.062008 0.270716 0.217371
-0.347245 -0.220985 -0.262490 0.035584 0.537942 -0.014988 0.035927 0.246411 0.249900 0.179407
-0.375474 0.303003 -0.598509 -0.173576 0.114850 0.129427 0.297589 -0.273015 0.499383 0.339655
0.196588 0.321954 0.212727 0.143588 0.260937 0.169307 0.040999 0.062058 -0.236572 -0.187321
-0.145671 -0.125470 -0.028973 0.292174 0.235947 0.019445 -0.276347 -0.045763 -0.613920 0.552278
-0.178366 0.031732 0.236572 0.120993 -0.220120 -0.297380 -0.030977 0.199920 0.633495 -0.152022
-0.056332 -0.055915 -0.280304 0.246568 -0.056488 0.004653 -0.426912 -0.131197 0.056384 -0.162747
0.219495 0.299255 0.219912 -0.550195 0.595177 0.094754 0.329659 -0.027567 0.073564 0.069503
-0.008538 0.272390 -0.076948 0.007705 -0.079447 0.266351 0.263019 -0.280929 0.038344 0.530620
0.047845 -0.305919 0.229075 -0.032331 -0.172014 0.089912 -0.214497 -0.081842 -0.144629 0.193047
0.317997 -0.233656 -0.040140 -0.188362 -0.100376 -0.188362 -0.198774 -0.225534 0.045164 0.101418
0.060861 -0.055342 -0.004555 -0.183364 -0.145879 -0.403171 0.061069 -0.049459 0.010738 0.214914
-0.031003 -0.064766 -0.029884 -0.390051 0.056019 0.051412 0.184926 -0.138382 0.578517 0.061694
-0.120368 -0.258854 -0.126824 -0.126720 -0.132030 -0.022374 0.296131 -0.092359 0.033658 0.144421
0.199711 0.026539 0.153584 0.185446 -0.295090 -0.174513 -0.010663 -0.080747 0.088523 -0.092765
-0.158823 -0.019382 0.104233 -0.241770 -0.253866 0.253866 -0.080511 0.176418 -0.065980 -0.435468
0.032185 0.106118 -0.109417 -0.139736 0.164165 -0.191185 -0.182702 -0.108160 0.089073 0.162751
-0.446779 0.455262 -0.042926 -0.106039 -0.003272 -0.131018 -0.213021 0.032911 -0.061228 -0.210037
-0.023937 -0.177989 0.133767 0.245383 -0.168092 0.137380 -0.069279 0.029043 0.030319 -0.040413
-0.100070 0.202182 0.000493 -0.173276 -0.147041 -0.012479 -0.109103 0.128740 0.052666 0.089544
-0.210351 -0.449921 0.043123 -0.016829 0.015739 0.272875 -0.410019 -0.032872 -0.175790 -0.029809
0.156231 -0.129290 0.046854 0.053020 0.414103 0.267062 -0.027452 -0.102112 -0.275545 -0.003002
-0.196526 -0.126776 0.007629 -0.023505 0.029377 0.098263 0.212393 0.059225 -0.069043 0.086795
-0.112088 0.514959 0.193542 -0.328015 0.087031 0.154268 0.005233 0.035464 -0.147041 -0.072382
-0.104783 -0.278059 0.211608 -0.191028 -0.311206 0.000720 -0.116486 -0.007349 -0.476313 -0.005749
0.028866 0.335556 -0.183959 0.336184 -0.130311 -0.089466 -0.190871 -0.010192 -0.127169 -0.111930
-0.014001 -0.093472 0.077369 0.175318 0.503020 0.104547 0.053452 0.123241 -0.102426 0.014011
0.016397 0.033285 -0.074817 0.040491 -0.003348 0.122832 0.086810 0.113931 0.120528 -0.020341
0.203254 0.527350 -0.382842 -0.384518 -0.074872 -0.387659 -0.089428 -0.082830 -0.248806 -0.138958
-0.197180 0.158854 0.158750 -0.011198 -0.029582 -0.050211 -0.061887 0.051887 -0.380120 0.306190
0.054348 0.013862 0.258439 0.164823 0.102831 -0.004087 0.004899 0.000628 -0.285456 0.003014
-0.490071 0.325039 0.377397 -0.136655 -0.310797 0.193934 -0.554158 0.158331 -0.106077 -0.079480
0.421168 0.145974 -0.204406 0.152990 0.005877 -0.119691 0.148802 -0.275822 0.243989 -0.055657
0.411534 0.576358 -0.000617 0.141367 -0.186918 -0.046363 0.143671 -0.110057 0.021768 -0.196657
0.100685 -0.139587 -0.122204 -0.309541 -0.272262 -0.065919 0.059845 0.222836 0.212993 -0.112570
0.310797 0.202626 0.052149 -0.201160 -0.171734 -0.023496 -0.339490 -0.077595 0.083563 0.410278
-0.231842 -0.257811 -0.014320 -0.050683 0.028090 -0.062411 0.502637 0.246502 0.328180 -0.154142
-0.551226 0.311635 -0.192887 0.237287 -0.361271 -0.183882 -0.328599 0.162938 0.707043 0.149430
-0.140110 -0.116549 0.097229 -0.190688 0.088590 -0.481694 -0.161577 0.080422 0.237706 0.211108
-0.127754 0.093250 0.028535 -0.295509 0.127754 0.000477 0.330484 0.318337 -0.060735 -0.237706
-0.107334 -0.316033 0.052349 -0.109047 -0.265566 -0.242065 -0.433836 0.166038 -0.180373 0.149234
-0.562624 -0.218328 -0.067214 0.629838 0.109928 0.270736 0.466738 -0.435481 0.044858 0.073559
0.105521 0.030934 0.014747 -0.220443 0.112102 -0.151937 0.076556 0.467678 -0.054083 0.192242
-0.453342 -0.261101 -0.392474 -0.306929 0.050029 0.294943 0.108635 0.126673 -0.374378 0.201290
-0.578605 0.202582 -0.245120 0.011229 0.147001 -0.316564 0.304343 0.547113 -0.038865 -0.122090
-0.675431 -0.599756 -0.318914 0.434306 -0.570615 -0.187894 0.152994 0.150409 0.097002 -0.123970
-0.217388 0.186601 0.154287 -0.258986 -0.607747 -0.216918 -0.519381 0.205637 0.164040 -0.133371
-0.013814 -0.496820 -0.346881 0.080962 0.057490 0.086544 -0.295883 0.223264 -0.446762 0.115921
0.424671 0.386833 0.005699 -0.111220 0.611507 -0.249350 0.053054 -0.648639 0.162395 -0.204227
0.167800 -0.118095 0.333485 0.190244 -0.200115 -0.024162 -0.084253 -0.394354 0.201525 -0.104640
0.228081 0.014762 -0.241595 -0.041392 0.188246 0.030346 -0.255225 -0.208575 0.385188 0.073266
0.303403 -0.143124 0.238304 -0.374848 -0.367327 0.124793 0.259221 0.120034 -0.094006 0.424201
-0.197882 0.086544 -0.172500 -0.243240 -0.051791 0.194122 -0.015335 -0.219738 -0.530662 -0.173911
-0.077081 0.481610 -0.336768 0.063219 0.282751 0.046996 -0.303306 0.410862 -0.268411 -0.257416
-0.081682 -0.141495 0.395804 -0.009926 0.488780 0.595140 -0.179259 0.555942 -0.090884 0.022034
-0.114726 -0.201368 -0.169938 -0.041110 -0.038810 0.396760 -0.422813 -0.270562 -0.323622 0.104090
0.018210 -0.285620 -0.278449 -0.368557 -0.332227 -0.050342 -0.447192 -0.051567 -0.288488 -0.236622
-0.358996 0.121239 0.126079 -0.336051 -0.050820 -0.010195 0.422335 0.048729 -0.037585 -0.126318
-0.057004 0.474917 0.061008 0.089152 -0.206148 -0.569327 0.128469 -0.013952 -1.339424 -0.125003
-0.137432 -0.164201 0.092318 0.193958 -0.080667 -0.545426 0.012085 -0.348958 -0.323144 0.194795
-0.082340 -0.447431 -0.065728 -0.250246 0.296853 -0.156672 0.364733 -0.532041 -0.157748 -0.235786
0.552118 0.433329 -0.279166 0.090884 -0.115025 -0.273669 -0.238056 0.408711 -0.108213 -0.198022
0.440738 -0.197066 -0.034627 -0.065848 -0.108512 -0.369991 -0.204833 -0.148785 -0.238056 0.081264
0.065011 -0.300916 -0.018479 -0.122733 0.273191 -0.025156 -0.360669 -0.561201 0.219294 0.175554
-0.254787 -0.037615 -0.138388 0.337485 -0.550684 -0.027143 0.345851 -0.168026 -0.485434 -0.036987
-0.170894 0.501926 0.359474 0.055242 0.082758 -0.313345 0.621910 0.423291 0.238688 0.156281
0.266415 0.001560 -0.035265 -0.074990 -0.000673 -0.101796 0.254588 0.310624 -0.128554 -0.399429
-0.024467 -0.191377 0.850823 -0.134371 -0.080371 0.057927 0.198357 -0.298021 0.116532 0.190989
0.282897 -0.376937 -0.358904 -0.140479 0.374416 -0.031993 -0.596817 -0.100730 -0.260792 0.115951
0.119829 -0.115660 0.140188 0.301705 -0.032938 0.209022 0.152791 0.274753 0.211154 -0.075523
-0.199908 0.232095 -0.195837 0.188565 0.043869 -0.068543 0.231514 -0.066264 -0.087787 -0.090647
-0.052158 -0.130008 -0.197969 0.266803 0.186433 0.005808 -0.219686 -0.187887 -0.097967 -0.180616
-0.069076 -0.230738 -0.177804 0.526626 0.003384 0.181391 0.017148 -0.342423 -0.397878 -0.179549
-0.327687 -0.507236 -0.285999 -0.189729 -0.390316 -0.118181 0.142903 0.062338 -0.199133 -0.061175
0.260017 0.002792 0.099227 -0.099954 0.069852 0.051577 0.073487 0.065731 0.035483 -0.165298
0.184300 0.055697 -0.052789 -0.229381 -0.385662 -0.228799 0.059236 -0.123028 -0.315665 -0.045348
-0.102863 -0.235392 0.021280 0.093459 0.006708 -0.315471 -0.098936 -0.079498 -0.294530 0.196903
-0.330595 0.031121 0.527789 -0.011604 -0.164910 0.090696 0.019971 -0.091083 0.164425 -0.209409
0.042682 0.071839 -0.556874 0.042367 -0.121671 -0.069561 0.043686 0.103481 0.231476 -0.251000
-0.503736 -0.043958 0.089325 0.081841 -0.706359 -0.262281 -0.200345 -0.006474 -0.041219 -0.282240
-0.290267 -0.162380 0.108145 -0.004091 -0.197199 -0.060364 -0.065462 -0.045964 0.029694 0.273562
-0.374873 0.160319 0.178217 -0.108416 -0.020677 -0.207504 -0.199043 0.065408 -0.386371 0.286145
0.018630 -0.064269 -0.340380 -0.097569 -0.249699 0.092254 -0.232126 -0.416092 -0.320855 -0.277467
0.354915 -0.091983 0.616545 0.085041 0.194704 -0.165092 -0.049761 -0.137866 -0.286795 -0.152943
0.123765 0.058682 0.219761 -0.102504 -0.149797 0.195138 -0.262064 0.042466 -0.136781 -0.350359
-0.122571 0.150014 -0.033978 -0.094369 0.234947 -0.100281 -0.146326 0.152618 0.444728 -0.356650
-0.658198 0.016094 -0.589211 0.075658 -0.045991 -0.100986 0.031836 -0.032270 0.163899 -0.327580
0.346671 0.076200 0.077719 0.304585 0.307405 -0.266837 0.143832 -0.554066 0.405679 0.045368
-0.153594 -0.321072 0.151858 0.170515 0.019430 0.177783 0.034873 0.209348 -0.274430 -0.014481
-0.159343 -0.067252 -0.073597 -0.350142 -0.125717 0.057055 -0.231693 -0.401123 0.164549 -0.141988
-0.052798 0.016243 -0.599190 -0.174746 0.275732 -0.028012 -0.044961 -0.033924 -0.314564 -0.070614
-0.184400 0.170190 0.301330 0.383551 -0.173115 -0.274482 0.007079 -0.334545 -0.244554 -0.170245
0.411416 0.149131 0.363858 0.135191 -0.134166 -0.288627 0.029749 0.145646 0.042766 -0.064265
-0.167375 -0.409161 -0.218110 -0.114077 0.025880 0.010198 0.037385 0.072259 -0.163275 -0.061446
-0.002375 0.096192 -0.415106 0.013542 -0.759285 0.514936 -0.003651 -0.174037 0.214010 -0.052888
-0.428840 0.001143 -0.036924 -0.084046 -0.460409 -0.498947 0.692868 -0.074309 -0.200071 0.376363
0.187669 -0.213395 -0.236969 0.161738 0.181212 -0.072054 0.382922 -0.033952 -0.203966 -0.088402
-0.193101 -0.043151 -0.162148 0.242914 -0.192896 0.535845 -0.292931 0.352994 0.013119 0.074104
-0.191666 -0.173729 -0.107620 -0.138061 0.060113 0.000898 -0.223440 -0.046943 -0.089376 0.466968
0.180289 -0.368573 0.296621 -0.166862 0.081740 0.190846 -0.147901 -0.122789 -0.345409 -0.217495
-0.541175 0.058320 0.271612 0.020768 -0.154050 0.074155 0.126479 -0.168810 -0.382512 0.383742
0.208885 0.152718 0.227335 0.176497 0.196688 -0.019243 -0.245374 -0.104033 -0.202941 0.101163
0.171270 -0.077640 0.133551 -0.170142 0.180494 0.064265 0.567004 -0.065751 -0.104750 0.053298
-0.175062 0.076154 -0.012684 -0.067083 0.037898 0.099062 0.117562 -0.247424 -0.531335 0.398912
-0.335775 0.008283 0.028871 0.608792 -0.007038 -0.363756 -0.079967 0.412144 -0.185957 -0.497386
-0.287657 -0.414395 -0.075677 0.143125 0.795031 0.026392 0.203259 0.148119 -0.181034 0.284281
-0.014321 -0.094807 -0.140312 -0.104021 0.122729 0.064389 0.088759 0.173157 0.432400 0.029065
-0.664495 0.188489 -0.279780 0.495699 -0.233924 -0.196366 0.619483 -0.076591 -0.410175 -0.129692
-0.242926 -0.204103 -0.566593 0.252632 -0.269230 -0.333654 0.290611 -0.128426 -0.239269 -0.112461
-0.429024 0.096917 0.292580 -0.217607 0.132083 0.179205 0.203540 0.198195 -0.399766 0.196507
0.024880 -0.317618 -0.400329 0.164858 -0.294268 0.354472 -0.627360 -0.688126 -0.372477 0.108100
0.157965 -0.573626 -0.184832 0.010690 -0.400891 0.054226 0.587974 0.009337 -0.020642 0.331122
0.431275 0.023315 0.016563 0.507514 -0.137358 -0.352503 0.931756 -0.276826 -0.399203 0.106623
0.496824 0.001614 -0.127019 -0.558716 0.420303 0.216903 0.348846 -0.587411 0.371352 0.020836
0.048670 -0.134545 -0.218732 0.125753 -0.386825 -0.025460 0.424804 -0.193553 -0.193272 -0.531146
0.268245 -0.235612 -0.059290 0.075607 0.070261 -0.096706 -0.189615 -0.306928 -0.055632 -0.279217
0.239409 0.060239 -0.205650 0.088899 0.800095 0.330278 0.357004 -0.006018 -0.272887 -0.066780
-0.361031 0.154360 -0.334205 0.323922 0.192810 0.264905 -0.097691 0.046610 -0.020888 -0.146871
-0.394563 -0.207900 0.076006 0.144859 -0.567813 -0.088078 0.126864 0.033029 -0.048203 -0.319898
-0.232714 0.185880 -0.075392 0.151566 0.040267 -0.144859 0.240538 -0.353430 -0.943374 -0.326381
-0.177497 -0.308273 0.108253 0.122504 -0.180627 -0.067679 0.092828 0.191134 -0.090481 0.490018
0.127423 -0.056306 0.162296 0.354995 -0.170232 0.194040 -0.227125 0.013126 -0.235173 0.317215
-0.284577 0.094393 0.245233 -0.124069 0.147318 -0.579884 -0.020804 0.093499 -0.190351 -0.038171
0.127870 -0.124852 0.175709 -0.297096 -0.136253 0.415129 0.255739 0.234279 0.133682 0.194822
-0.148101 0.057452 -0.056502 0.111774 0.615205 0.104677 0.340464 0.051165 0.295307 -0.213936
-0.106409 -0.033840 -0.312744 -0.222542 -0.205217 -0.422506 -0.295307 0.362595 0.226566 -0.228578
-0.222542 0.322804 -0.065779 -0.064494 -0.081260 0.040658 -0.330628 0.069524 0.008628 0.038674
0.045241 -0.198511 -0.037053 -0.377126 0.090761 -0.020804 -0.037724 -0.919231 -0.228243 -0.119822
-0.167438 0.195381 -0.416247 -0.003140 -0.131670 -0.028838 -0.208906 0.060917 0.107191 -0.323251
0.054127 0.097299 0.855296 -0.179509 -0.188451 0.021363 -0.017283 0.315874 -0.064354 0.039738
0.111678 0.066801 -0.214351 -0.282082 -0.310662 -0.070178 0.313011 0.240778 -0.191839 0.205934
-0.212589 -0.164825 -0.181954 -0.201823 -0.049746 0.242148 0.026843 -0.263877 -0.123423 -0.460023
0.092885 -0.088432 -0.196146 0.123032 0.212785 -0.044754 0.129589 -0.243714 -0.270533 0.119606
-0.261136 -0.174319 -0.093766 -0.159344 0.093228 -0.124108 0.597443 0.017740 -0.340417 -0.245280
0.245868 -0.007335 -0.012375 0.081874 0.254677 0.129589 -0.047789 0.175788 -0.255068 -0.019135
0.198495 -0.238820 -0.219441 0.149948 0.057013 0.008313 -0.779103 -0.180192 0.042430 -0.099345
-0.129687 0.130960 -0.213960 -0.048327 0.305181 -0.166489 0.310467 -0.001490 -0.031027 0.083832
0.203585 0.001584 0.568862 -0.286193 -0.598226 -0.613886 -0.212589 0.045146 0.012161 0.121074
0.020762 0.038857 -0.346485 0.089704 0.009476 -0.207891 -0.226292 -0.147012 -0.095332 -0.001672
0.290500 -0.239212 -0.077078 -0.190469 -0.165021 0.019159 0.007537 -0.021692 0.235101 -0.179898
-0.038955 0.237254 -0.375261 0.106882 -0.225313 -0.075268 -0.083245 -0.039542 0.123032 0.112755
-0.209066 -0.250761 0.051434 -0.201431 -0.195559 -0.096409 0.183030 -0.205934 0.359797 -0.268771
0.103456 0.325148 -0.651471 -0.409910 -0.321625 -0.049232 -0.297949 -0.246341 -0.242213 -0.198633
-0.365842 -0.240607 -0.137736 -0.279141 -0.268590 -0.282811 0.055995 0.094729 -0.074717 -0.095302
0.098170 0.000915 -0.417450 0.127529 -0.138538 0.066746 -0.351163 0.280517 0.068352 -0.087963
-0.257122 -0.078731 -0.090142 0.024241 0.391990 0.085096 0.028012 -0.335336 -0.246341 -0.183495
-0.416762 -0.115258 0.644525 -0.426166 0.509656 -0.415157 -0.036613 -0.428689 -0.165260 -0.299096
-0.429377 -0.401853 0.043637 0.380751 0.280059 -0.180972 -0.140029 -0.091346 -0.243130 -0.064051
0.095532 0.157920 0.682141 -0.100463 0.342447 0.012422 -0.321345 -0.022478 -0.116634 -0.270425
0.442681 -0.192669 0.113136 -0.193128 0.234644 -0.154135 0.053299 0.216524 -0.114569 -0.105223
0.045902 -0.655534 -0.200124 -0.388550 -0.059922 -0.039623 0.191752 0.000135 -0.018421 -0.045472
-0.104363 -0.237855 -0.212510 0.339465 -0.198289 0.052210 0.053242 0.093468 0.120189 -0.152186
-0.062388 -0.115430 -0.304830 0.165260 0.146452 0.563787 0.463094 0.034721 -0.411257 0.073168
0.370430 -0.041630 -0.395660 -0.521125 0.321345 -0.096965 -0.083089 0.160443 -0.221455 -0.109810
-0.351392 -0.119730 -0.271801 0.118469 0.220423 -0.247259 -0.107344 0.271343 -0.201156 0.134066
0.130625 -0.031137 -0.269508 -0.341529 -0.131921 0.294219 -0.183562 -0.522044 -0.309841 -0.030404
0.152859 0.021670 0.372113 -0.363434 -0.393160 0.167939 -0.021237 -0.474309 0.791528 0.373632
0.421584 -0.128992 -0.412254 0.093517 0.093245 -0.216108 0.041659 -0.106698 -0.038893 -0.273606
-0.113044 -0.479517 0.187467 0.053864 -0.217952 -0.328718 -0.158175 0.124544 -0.008977 -0.577590
0.185514 -0.170218 0.451310 -0.220664 0.188552 -0.267097 -0.379708 -0.309624 0.221098 0.153402
-0.135176 -0.055492 0.183887 0.302681 0.014863 -0.267531 0.224353 -0.126280 -0.245834 0.093842
-0.017589 0.512497 0.261456 0.220230 -0.153944 -0.372113 0.023094 0.096825 0.167831 -0.133006
0.431348 0.063737 0.157307 -0.228692 -0.183995 0.192458 -0.348897 -0.052128 -0.077352 0.067534
-0.259069 0.148086 -0.026946 -0.084729 -0.029807 -0.106969 -0.047409 0.026241 -0.368859 -0.023406
-0.245617 0.396198 -0.091455 -0.155138 0.285106 -0.209056 -0.406830 -0.231296 0.172604 0.242796
-0.127690 0.062272 0.119011 -0.179547 -0.295304 -0.193217 -0.091455 -0.042148 -0.389472 -0.131162
-0.027909 0.376236 -0.139190 0.224136 0.070734 0.171845 -0.373849 -0.000562 0.058800 -0.325030
-0.017765 -0.110386 0.162298 -0.254730 0.040005 0.214915 0.150581 -0.016395 -0.240626 0.001257
-0.273823 -0.013412 
