-0.492808 2.140004 -1.107705 0.695712 1.141351 -0.747279 0.361838 0.285237 1.495699 0.682327
-1.080864 -0.295937 1.552429 -0.102467 -0.591983 -0.463744 -0.806285 1.085308 0.461912 0.167992
-1.389341 0.244638 -1.235976 -1.520612 -0.909216 -2.796582 1.107017 0.268840 1.475089 -0.483793
-0.791914 -1.622734 -1.168240 -0.914521 -0.800400 1.113983 -0.837733 0.816587 -0.594128 -0.415255
-2.116189 -0.060037 0.254033 -1.762030 0.260235 1.349335 -1.056338 -1.301093 0.320286 -0.615070
-1.533505 -1.245133 0.433687 0.269803 -0.321149 0.758165 0.256708 -0.519334 -1.270948 -1.193278
-0.733172 -0.524564 -1.025553 2.496080 0.500419 0.706531 -0.686921 -1.391791 0.692488 -0.083666
1.179728 -0.466343 -0.997715 -0.146066 -0.101027 -0.555833 -0.734959 -1.390972 -0.511457 -1.640959
-0.615579 0.629651 0.022315 -0.225964 0.613473 -2.095215 -0.163733 -0.374506 -1.435095 0.790681
-1.040855 0.125887 -1.260679 0.629009 0.272077 -1.597906 -1.010644 -0.169726 -0.114163 -0.987670
-1.032776 -0.271679 0.059721 -1.792802 -0.149506 1.144535 0.352643 -0.316023 3.987600 -0.632065
-2.141687 -0.397418 0.078794 -0.929243 -1.276893 0.014781 -0.237685 -1.911425 -0.235740 -1.353397
1.014852 -0.041084 -0.381941 0.945877 -0.591915 -0.059758 -2.012602 -0.499192 -0.218444 -0.880351
1.111124 -0.207423 0.328191 0.361882 -1.258334 0.395431 -0.418505 -0.386748 -0.070000 1.159845
-0.160035 -1.397178 1.272806 0.905391 0.693160 0.976804 0.387070 0.186919 -1.425995 0.836730
-0.812257 -1.959643 0.208535 -0.568041 0.298594 -0.031089 0.058138 -1.008249 -1.309568 1.506857
-1.894697 0.859261 -0.052994 0.211950 -1.782520 -0.558310 -0.790441 -1.575315 -0.853961 -0.093920
-0.278488 -0.290813 0.920095 -1.093506 -0.301530 -0.252284 -1.170750 1.569180 -1.049116 0.510300
-0.635874 -1.814629 1.066887 -0.006665 -0.109446 -1.745641 -0.097284 -0.741534 0.668857 -1.648163
-0.620548 1.950237 0.060766 1.488704 0.153655 -1.839982 -1.030909 -0.181240 -0.362717 -0.175271
0.225920 -0.025583 0.158783 0.568982 -1.118455 -2.087003 -1.063945 1.206418 -0.810938 -0.236841
-1.079524 -0.477241 -0.743765 -0.843198 0.654565 -1.865521 0.494360 1.281750 0.897253 -1.017415
-0.646115 0.950403 -0.935810 -1.408076 0.011530 -0.892094 -1.869339 1.338500 -0.453363 -1.162055
0.355188 0.978498 -0.333663 -0.695968 -2.125537 -0.345035 0.878170 -1.203615 0.305520 -1.434376
-1.299090 0.358913 -0.055478 -1.981913 -0.082683 -1.438121 0.340389 0.368200 -1.718685 -1.063642
0.286636 -0.265192 -0.083027 -2.337425 -1.232257 -0.483393 
