-4 15 3 6 3 17 -13 3 4 4 -17 10 -21 -29 14 10 19 -1 16 -12
5 3 32 12 -13 26 -9 -13 -13 9 -1 0 -14 -7 -6 -10 -10 -19 0 4
-5 1 -22 4 -2 7 11 1 -7 -3 17 -13 16 8 20 -3 -14 -17 -27 11
-7 19 -13 -5 -7 -15 26 39 20 -25 -32 9 4 -1 1 4 21 -6 -10 -18
13 -14 -18 11 -14 -6 9 -8 6 0 -8 12 -11 9 -45 -52 -6 -26 -31 -26
-24 14 -6 2 5 -12 -8 -23 0 -12 -5 11 33 -3 4 6 13 -11 2 -12
15 -42 4 -2 8 -9 13 7 11 6 60 -3 5 1 10 -7 5 4 11 50
15 -2 7 -3 -17 6 18 -12 51 -15 -9 -28 5 4 -5 -6 -26 -31 -29 -6
2 0 -4 -8 -2 21 -40 -42 -8 -25 -31 -3 13 13 23 18 -20 -13 -5 7
14 -7 -2 1 -20 -19 11 -11 -3 1 -3 -22 -13 -62 7 10 0 4 0 -3
5 17 7 28 -6 1 3 -9 -13 -20 0 -62 1 10 16 7 -5 4 13 12
33 -4 16 5 3 0 -11 0 14 12 -14 14 -1 -16 -17 -14 8 -15 21 25
-10 2 2 9 6 5 -12 29 -16 2 0 8 -4 -1 1 6 42 -1 0 -18
-6 -9 -8 15 -13 12 24 19 20 5 -3 -2 -2 2 -31 4 -9 -40 2 -14
2 -9 1 -8 4 15 15 -3 -4 12 1 -1 -40 17 -6 -10 6 -1 1 6
19 77 -16 -11 -1 -41 3 28 1 -5 -9 -45 2 -3 5 -20 9 -7 -10 -27
26 1 6 21 9 -1 0 6 2 -36 6 -14 -8 -7 -3 4 -15 -35 5 -4
-23 0 -7 -19 -14 -8 -24 16 12 -12 1 17 -24 -2 -17 -18 -23 7 -37 22
-9 11 16 0 32 15 -1 13 -14 -9 -15 -22 -16 -37 16 -5 -8 10 3 0
19 19 -40 35 9 9 1 -9 -19 23 -16 -97 50 12 12 28 7 0 7 0
2 -6 8 -12 -6 11 -4 0 -5 15 2 -1 29 -19 -12 4 -6 -8 37 -16
4 2 7 -9 -2 9 -8 -11 -10 11 -5 6 14 4 15 -33 -29 -9 -4 5
15 -14 -2 -3 -25 -59 -11 2 -4 5 -13 5 0 -8 -39 10 -12 7 16 -10
0 9 0 -19 12 -5 19 12 29 21 -18 36 -7 -11 4 -7 4 3 -10 -36
-5 30 -1 4 1 13 -6 -21 21 -21 4 -1 -13 0 -18 19 25 -19 14 -1
-10 -11 -1 -26 20 24 3 -9 -86 21 12 21 26 4 3 13 40 25 24 -13
-14 -24 -9 3 -19 13 -16 -34 18 -2 -1 -4 -14 11 4 -66 7 -3 0 5
7 -5 1 -1 -51 14 5 12 18 6 18 -20 19 -54 -9 -5 3 -5 0 13
-13 -21 53 -21 5 -33 15 -12 -19 19 7 45 -18 8 8 3 3 -6 6 -9
22 -20 -2 4 5 13 9 -6 15 -48 -17 14 -17 -15 13 14 -10 -18 -18 -7
7 -5 -5 -4 1 9 -21 0 11 1 3 -17 8 16 -6 4 -3 -2 0 -8
12 -6 15 -6 14 -17 0 -9 -3 -16 4 15 8 -6 -40 -22 -21 0 2 -4
23 7 20 -38 -9 -7 -12 -4 26 -13 -7 10 34 -24 3 -11 6 28 31 17
-10 -41 -9 -14 -8 6 11 -11 17 -4 -13 47 8 -9 -12 -14 12 -21 2 -18
7 -9 16 0 7 0 -9 0 -12 -10 2 19 1 6 -8 -6 -9 27 32 16
3 5 -17 -12 7 5 12 -31 -3 17 6 -12 9 -8 9 20 8 -3 -3 -3
9 8 -9 16 20 -14 -6 1 -10 3 -6 -3 -23 13 18 -11 0 3 -2 7
-1 -10 -34 15 11 -28 -8 -8 -13 15 -10 -9 16 6 6 0 -9 16 -1 -27
-44 18 7 -18 6 -1 -8 10 -2 -17 -21 -3 2 9 -11 16 0 -15 -11 2
3 1 -2 -6 -29 28 -20 3 35 12 12 -11 7 11 -7 -17 -11 2 2 9
2 -16 -9 2 -7 9 49 -13 -13 8 -3 -9 -8 11 28 -35 3 -4 6 0
2 14 -5 -38 17 -1 2 6 -1 5 6 -3 -12 18 -1 9 -2 -3 16 5
-7 1 -25 11 20 5 7 11 5 12 -1 -28 -5 9 -3 -28 -40 7 3 -5
-8 10 18 -6 -1 14 -4 2 -6 0 -1 -13 10 1 -2 -3 18 -10 -30 -3
5 -2 5 4 18 -37 12 -2 -10 -12 -4 -33 6 -1 -38 -8 2 -16 1 4
-11 0 10 4 -29 7 -13 -13 -2 9 -33 -21 13 23 6 -2 22 -1 9 36
-1 -12 7 -9 3 1 0 -19 -46 11 19 27 12 -11 17 2 -3 5 -1 16
-6 -4 3 -13 -8 -9 -10 -14 35 15 2 3 3 1 -5 15 6 21 -17 -3
-7 -18 4 -30 -2 6 -18 -8 16 -2 -16 -8 -19 -15 6 9 19 -7 -11 -13
-16 12 26 18 8 -2 19 2 4 0 -6 -20 1 -40 16 -2 5 5 0 -15
-22 -9 -9 -13 -1 12 -6 -8 2 -20 7 2 50 26 -22 13 -6 9 35 14
-16 17 8 -8 10 18 7 5 -2 4 -4 5 5 -11 8 -10 12 -6 -5 -9
-1 10 13 3 3 -18 -15 10 2 -9 12 3 6 8 7 -17 9 -26 3 2
-13 -3 -36 -24 -15 37 -18 0 -10 -13 -17 17 28 -10 -9 -19 4 -6 -21 -1
12 -13 4 -19 3 -2 -19 -28 -12 -14 46 4 12 -14 12 -4 -9 -4 -18 -2
-3 -31 7 1 15 -6 2 -30 -1 -5 -38 -10 6 4 2 15 -6 -14 -2 -7
-2 22 2 -14 -7 14 -16 -17 -22 -35 -12 10 -16 -4 6 -14 -18 40 8 1
15 16 17 -6 4 19 -28 -9 13 9 -8 -21 4 4 6 51 -92 15 11 -61
0 -8 -30 10 -13 -27 13 -33 -8 50 10 -13 -4 -10 -38 2 -32 -50 27 0
3 -7 26 -37 -12 25 -37 10 16 6 -11 10 65 -27 1 25 -15 -1 18 2
6 16 -9 3 11 1 9 -22 -19 13 -9 -16 3 7 -7 27 -3 -27 -16 41
1 11 -19 -16 17 -15 42 -12 -23 31 -19 -35 11 -9 3 -6 -4 26 3 20
-12 -9 -7 -22 17 6 -53 0 6 -13 -29 17 11 8 27 -39 -7 18 12 -3
5 -3 -6 16 4 7 26 -12 1 -2 -30 -15 20 -104 30 -7 -48 -4 -17 -15
1 -23 -27 -3 -9 -41 17 6 12 -15 8 -17 -2 7 -8 3 16 9 7 17
-60 -40 -6 -25 -5 2 -32 6 -1 -98 -9 21 -64 -24 9 7 -14 -4 9 -24
2 -39 -14 14 -3 7 9 -19 30 -3 -1 6 12 -13 -1 -3 -25 -13 -2 -23
-17 8 0 -16 7 -22 -6 1 -33 -28 21 -4 7 -5 31 -1 -11 9 -17 -18
1 21 0 -22 -28 21 -16 20 16 17 -1 39 -41 -14 41 -32 11 8 1 18
8 -55 15 -14 15 8 -15 -34 -12 -22 -22 23 12 -14 14 -1 9 3 22 -14
-20 24 -6 -5 28 9 -8 10 10 -1 16 -13 -23 -7 22 -4 -18 65 -2 -18
1 21 2 16 -11 -16 8 -3 2 25 -20 -9 -39 -4 12 -23 -13 9 35 -6
6 14 -2 5 -3 -2 -4 8 10 9 20 -9 -4 -20 24 -12 -3 -5 -3 -6
-9 -17 15 6 -8 13 2 7 -10 -7 -23 37 -2 5 15 10 -2 1 7 7
-4 13 10 0 -19 12 19 -2 -3 -64 -50 -5 22 -3 -21 11 -12 12 -15 -16
-3 1 11 0 14 24 -14 -46 -5 -12 11 -6 3 -36 -5 -7 66 25 4 1
-16 -5 0 2 8 2 7 1 13 10 -14 0 -11 -1 28 8 -3 0 -8 -22
3 -7 -13 -14 -14 -2 3 1 -8 5 25 -9 7 6 -5 4 0 -7 -4 -9
-5 -26 -8 4 -5 -11 -7 9 -5 -3 61 10 4 -5 6 5 8 -7 -10 -6
16 2 12 12 -7 -29 -4 11 -13 -12 13 31 15 11 5 3 1 35 21 12
-4 6 -10 14 7 -6 -8 2 10 -9 1 0 0 10 -4 27 5 -2 -3 -3
-22 2 -9 -20 -6 6 -10 10 -28 -18 -8 -1 2 8 -22 -8 21 -2 4 22
6 2 -3 28 -12 3 -15 9 5 2 -4 45 -18 -17 -4 -14 12 -2 5 8
15 12 4 4 15 -9 31 0 -10 -9 -4 -9 1 -9 4 14 6 -17 21 12
10 7 -1 -2 7 -11 -9 32 3 4 10 3 4 -3 2 -3 -34 -23 6 6
5 7 14 10 -9 42 -10 -6 -2 -8 3 13 4 -5 -85 -59 10 -18 -3 -8
24 11 -3 -6 12 -22 7 -6 2 16 -10 2 -29 -7 10 -5 -12 -17 -12 -4
-36 9 -9 13 5 -2 -7 9 1 10 -17 -33 4 -10 2 -2 -5 -22 -1 -50
-17 -4 3 -10 0 -8 -4 -21 16 -17 -13 -12 -3 -26 0 -6 1 -29 0 3
16 -12 -15 -4 -5 10 -38 -10 -7 12 -16 16 -14 -5 -17 16 16 1 2 -2
5 -5 -12 -19 58 -4 17 -5 5 0 -25 0 -8 17 11 -5 -6 11 -8 -12
3 -17 24 -11 -10 11 2 30 1 -27 21 -19 -28 -2 -2 -22 20 -6 6 4
31 -7 5 3 3 4 -1 20 -19 20 7 0 3 10 14 17 -8 1 0 -7
9 -8 -13 -7 -2 6 -3 7 1 1 1 -5 12 3 0 1 14 -30 12 -8
-23 -11 15 -10 19 -6 -38 14 7 2 -13 -2 -8 0 -25 -10 -6 4 -7 3
-16 2 0 1 -11 10 0 1 2 -8 10 -10 -20 7 -14 9 22 -10 -13 -21
-25 14 23 -12 0 7 -11 -9 2 -18 -46 -16 -5 -25 2 3 -2 4 15 -55
2 3 -7 15 2 6 -8 18 -30 -22 9 -11 -12 8 12 5 25 -17 -18 -20
-16 -5 2 11 6 5 8 33 -8 -13 9 -4 -8 -12 18 -31 17 10 -7 8
14 5 -1 6 -18 3 -2 2 -5 -2 14 -4 1 -45 15 -4 -4 7 -11 -9
-23 -21 32 23 3 20 2 11 10 6 -10 -28 -2 4 12 -10 -7 -11 1 -11
-16 -5 -6 12 7 -20 1 6 -63 48 38 -31 -25 6 -1 8 -1 -40 -7 24
4 1 -13 11 1 -7 37 -29 -24 5 -10 -4 4 13 6 8 -2 27 -21 -4
21 -3 0 0 2 6 -7 10 -1 -7 -11 1 5 -8 17 9 0 1 -8 -15
7 17 -3 -23 -1 9 -30 9 14 -7 -6 -3 19 4 -17 -5 13 6 -9 -6
21 -9 -9 -1 -14 -1 -9 -9 0 3 31 3 -6 -24 -1 23 9 -7 42 -49
-39 10 11 -17 7 -1 -3 17 -10 -21 4 -12 -12 -16 10 -2 -9 -19 -7 -1
-11 -4 8 6 -10 14 -15 -16 16 5 4 -4 -7 4 14 -14 -2 0 6 6
26 2 -21 46 -24 -31 11 -2 -16 -4 12 6 -19 -2 19 -18 14 -2 5 2
3 6 12 -14 -21 -28 2 20 5 -13 15 -23 -6 -14 -10 -9 15 -3 -11 51
-5 -40 12 9 3 14 -4 -2 -16 -1 -11 5 1 -3 -10 -1 -4 7 -11 -16
-20 -14 12 1 -3 8 -47 26 38 -8 12 3 -1 6 14 22 -20 -6 8 7
-3 17 1 -8 43 -53 -9 16 -8 -15 2 -1 -1 -20 -17 -9 10 26 -1 6
-1 -9 35 -33 -17 -10 15 -9 10 5 -7 25 -23 -17 12 3 -10 0 1 6
1 -1 7 -7 23 4 5 11 5 17 8 -22 -11 -10 16 13 1 0 -11 7
-1 -5 16 16 -4 7 0 -14 40 -13 -3 5 18 25 -7 7 23 64 3 3
-9 -11 13 -10 -6 27 -41 39 12 -32 5 -6 -17 5 -7 -31 36 22 -5 9
2 5 6 -1 -30 3 12 7 7 -2 6 2 -4 -41 -5 16 -9 25 5 4
-18 -3 -2 -5 -18 -10 -4 6 23 9 21 67 3 -15 37 -10 13 -11 -4 15
26 -11 24 1 -7 -15 23 6 20 -5 -29 0 -4 3 -5 -24 10 -18 50 -5
1 -48 14 12 25 -19 -23 -79 40 11 41 2 -1 -8 -4 9 0 4 7 9
-14 -31 -19 0 -23 19 23 3 -14 -1 6 -16 2 8 43 -1 8 -11 14 -2
3 20 -2 1 13 -10 -9 10 0 25 37 16 -70 10 -14 -2 14 -1 -23 -8
16 -119 20 0 -33 15 -4 -11 -11 10 -13 -9 0 -21 -3 -15 -9 6 -13 -42
20 15 -18 -6 4 -27 -9 8 12 15 -28 -10 -36 14 -2 -17 3 37 -14 -15
5 -17 2 -3 23 -12 6 19 14 25 -5 4 12 -7 -26 40 1 2 16 2
-9 2 -5 -3 -40 34 -12 0 12 4 17 9 -12 6 2 -19 -13 -14 2 -19
23 -10 -14 6 -17 14 0 -15 -20 3 -8 -11 32 -8 16 8 -9 3 1 -2
-2 15 -17 19 19 -11 -9 11 -5 -19 2 -8 -11 11 9 14 -21 9 13 -25
-2 23 -11 3 -34 3 -21 -27 5 10 -15 -17 -5 -8 4 -15 -11 -3 -8 13
-5 -4 9 13 12 -47 4 -6 -7 -7 5 -1 4 10 18 10 -17 5 0 15
-12 -8 3 26 -9 -10 16 3 -1 -8 2 -3 7 6 -7 -22 -12 -12 -4 -14
-20 -29 -9 4 17 -1 -4 15 8 -26 10 -3 13 -18 -9 12 22 -10 1 32
-4 9 11 6 2 -9 12 7 12 0 -9 3 -2 3 -6 -15 3 -3 -4 -5
-4 0 -1 -17 -3 -12 -12 4 -6 -1 -12 3 -25 -15 -26 34 -4 -12 6 -3
-15 -16 -18 -3 6 14 -2 11 4 -1 -22 6 -17 -24 8 -12 23 -2 1 2
5 4 -28 -12 0 -1 7 19 0 3 -8 -36 -6 -8 -15 6 -3 -19 -5 3
12 -1 3 18 3 0 -11 0 -6 23 -2 -18 -4 -7 9 5 -11 19 77 6
-10 3 10 -8 -12 -5 11 -16 -7 -12 10 5 5 6 10 7 5 -23 -16 -5
-2 0 -15 2 21 9 -7 -17 -9 1 -4 11 7 -6 -46 -2 -9 13 -12 -6
-1 0 23 6 9 -16 5 7 0 -17 -11 4 32 8 5 8 8 10 -12 13
-2 9 -11 -1 20 -9 5 -5 0 -1 -72 -5 8 -25 -3 -14 -18 2 -9 23
-6 -9 4 12 6 -17 -10 12 22 -3 2 20 16 4 -9 -16 -5 -16 2 4
-7 -5 1 1 -5 -14 20 -15 1 -26 13 6 -3 -2 -1 -23 20 -10 2 -14
2 -2 -16 5 6 34 9 9 -14 11 -11 -7 -3 -14 87 -17 -43 -2 7 19
11 14 27 -25 -2 6 -24 -5 -5 -15 8 -2 -13 6 10 -2 0 -1 1 19
21 -14 -9 -11 11 14 -4 1 2 -9 -3 -14 10 -8 -4 27 13 -21 -14 42
0 -4 -30 -4 10 -7 5 -7 0 9 22 -11 19 8 8 14 43 -30 -27 8
2 5 -14 -17 -13 -72 76 13 -1 -27 -2 5 -7 -19 -17 26 -7 6 -18 -3
-16 -12 41 34 -79 -10 3 31 -8 -2 -18 0 3 -26 0 43 3 -18 -15 12
-14 2 -5 6 -2 -19 -11 -6 -5 8 16 16 17 -16 22 -9 -6 -12 7 0
9 6 12 1 11 10 17 8 64 -76 3 26 -20 -9 6 1 -8 22 -32 -4
23 -9 5 11 3 9 12 -35 4 46 -28 12 3 1 21 -7 -35 12 -6 -43
7 -16 -21 -17 -38 50 -26 -6 -12 -9 -13 3 -8 -32 30 -11 -7 25 5 -6
-14 15 -12 8 11 -14 -2 -1 3 -4 -8 -11 82 -22 -18 29 1 -11 -9 40
47 -83 34 19 -31 15 9 5 2 17 -19 14 -2 -9 -29 -27 -53 -12 -38 33
-3 -10 -23 -1 -9 -10 19 41 -65 1 24 -33 -16 -10 3 4 6 -34 18 23
-28 7 -3 -14 0 15 -1 -9 -6 -42 -17 0 -4 0 -42 21 -11 -67 53 -4
-5 -10 29 54 -79 -23 -55 44 4 14 2 -1 8 -15 13 13 2 7 14 1
-1 -20 12 5 -34 12 -4 12 17 24 -24 -15 1 -15 12 -9 1 -4 1 -24
1 -7 -5 -2 -2 -6 -6 11 3 5 -3 13 -16 7 -3 -8 -5 28 -7 -10
-5 12 1 14 1 -10 12 12 12 -23 3 -6 29 5 -2 -21 -9 -12 -5 -6
-21 -3 8 -10 -4 21 -2 18 13 -1 8 8 -14 25 -4 0 -3 13 11 -1
-13 -2 -14 -18 8 8 -1 -20 -24 -11 -21 6 40 -13 32 -10 4 20 -2 3
-18 6 -9 -20 1 11 5 -5 -15 -2 11 -14 16 2 -4 8 20 -19 -30 28
-6 -24 17 -3 3 1 12 0 3 -4 5 21 -30 -6 10 -18 -3 30 -21 12
16 -7 1 -4 7 26 -1 2 7 3 8 -1 -10 4 -57 13 11 4 14 0
6 5 7 -5 5 -3 5 -1 16 17 -22 39 -7 -70 14 -19 -23 7 -11 -10
-16 28 5 7 -33 0 13 20 13 3 -19 9 0 19 -5 3 -29 7 45 13
-41 15 -20 -7 1 14 6 18 10 -22 -12 5 4 10 -5 -41 40 24 -35 16
26 -28 -10 0 -7 25 51 3 -10 -35 -7 8 -1 -4 18 -20 5 0 -5 16
6 10 0 -10 -18 -9 -9 3 11 -3 -7 16 0 32 -17 2 -43 0 1 8
5 -14 -13 7 -4 32 2 -7 1 -3 2 -49 14 4 -9 -4 5 25 9 -9
-27 99 -13 -14 7 8 -16 8 -8 -7 -14 5 -11 0 19 -6 8 10 23 -57
-5 -14 -3 16 7 20 -2 -9 -23 6 21 14 -6 -3 2 -11 47 -127 0 2
-38 -7 6 -14 10 -33 14 15 -26 14 21 -7 19 -4 78 -7 -3 -38 15 -6
6 -25 14 -71 35 -5 5 5 -2 -4 7 5 -13 33 4 -3 -16 -6 -3 -12
1 -12 5 -5 -20 7 -13 6 -17 -10 -5 -11 -18 -7 3 -21 15 6 5 -24
8 -21 -13 21 -6 27 17 -16 5 12 -11 -6 -10 -7 -8 -18 -1 -17 -40 -6
3 15 10 4 21 -2 -46 7 2 -7 -2 13 12 5 -5 20 -27 -7 -10 -21
-9 7 13 21 -53 5 -7 -2 -11 25 8 4 5 34 -90 13 11 -69 6 7
23 -18 -49 10 -1 28 21 -8 -3 17 -17 -18 42 -5 14 -8 -16 0 -2 -13
-5 4 -7 1 1 4 1 4 -9 -36 18 -6 -19 -23 14 -9 -13 9 3 -42
7 -22 -11 3 -14 -9 -5 49 -19 2 -15 -14 9 1 16 16 -48 13 7 -12
2 -5 6 -2 17 -20 25 -5 31 24 -10 2 -3 -2 53 17 -15 -55 -41 0
6 15 -19 -49 25 -11 -19 -1 -1 23 10 -23 -42 26 -5 -25 18 6 0 -5
-20 -10 72 6 -1 -5 6 1 -2 14 -9 6 3 -6 -15 -3 -27 3 19 -26
2 -1 5 -19 -4 -4 -4 3 11 -11 2 -3 8 9 46 17 -11 -7 -10 -20
-34 -19 -4 -1 -11 -3 5 -3 7 -12 6 -21 -18 -20 12 5 -2 11 18 14
0 8 1 3 0 7 7 2 -6 3 -11 9 2 12 -5 -15 -12 0 8 14
1 9 25 -3 -5 -5 -6 -4 -26 4 -7 33 -6 0 2 -13 -6 9 -7 6
-22 -1 -7 -5 -8 -15 0 -1 -9 15 -10 -3 4 -3 13 12 3 5 -20 -7
-9 -6 1 -15 -46 -22 16 39 1 21 32 23 -10 -11 -17 4 13 -8 14 10
-4 -11 14 8 5 6 -14 5 -7 7 -13 -21 -10 -11 31 -1 2 8 0 -9
-7 -10 -1 13 1 2 3 3 -9 -39 -22 -6 37 7 5 16 10 -3 13 -8
3 -7 -4 5 -4 -7 -16 -14 -20 -4 -1 5 5 0 9 -5 0 -10 -1 13
-1 -4 5 7 -3 -6 -1 3 2 2 -7 19 -2 -4 -1 9 2 -22 -3 2
-10 -6 1 6 3 13 20 7 -3 0 2 17 37 13 0 -48 2 -1 -11 -1
-3 -17 -11 -2 16 3 1 -1 -3 -10 -20 -1 5 15 -6 -1 11 8 -4 11
6 -8 10 5 6 6 -13 0 -14 -7 6 22 0 6 2 4 -13 -41 -22 3
19 12 15 24 20 5 -11 -1 2 -1 11 -4 -2 -10 14 8 10 9 17 18
-2 8 9 8 -1 10 3 -21 7 -7 12 -4 5 4 -14 0 9 -21 2 5
8 1 15 -4 -9 61 -8 -9 -58 -17 7 7 0 -2 22 -32 1 -31 1 3
14 19 -3 -8 -19 -10 -6 2 4 -12 -15 -16 8 -8 -2 -10 -10 4 5 4
4 -13 -1 -1 -35 -16 5 14 4 -23 -4 -15 -1 -38 -7 -1 34 -13 1 -16
26 8 -25 -10 2 3 12 7 19 14 -7 -3 -7 5 6 9 -25 -35 -4 5
9 1 5 3 -1 9 -6 8 -3 -15 5 13 27 -2 13 -25 0 -19 -12 -7
0 14 8 4 22 -18 5 12 -15 7 4 4 1 28 -8 -5 -11 33 -8 19
20 -1 1 22 -19 -30 -7 -10 1 6 -14 -1 -14 6 4 1 0 4 4 -6
-25 22 -7 -16 -9 9 -4 -4 -18 11 -43 -9 4 0 -3 10 -1 -20 19 0
11 -33 12 8 -8 -3 4 -9 -5 -2 8 -12 -13 -25 -1 16 -73 -10 16 63
27 -2 14 -9 -12 -15 24 4 1 -21 7 11 -1 -9 -5 -28 -8 6 1 -16
-28 -2 12 15 -9 7 40 15 2 4 1 -4 -7 -12 9 12 2 -13 -15 -19
1 -57 -2 -7 18 30 2 -23 1 4 -25 -32 -2 12 -5 18 6 6 21 -20
-17 0 9 -18 2 5 4 6 -19 2 -1 -2 1 11 -17 11 -9 10 -4 9
31 -24 0 9 -2 -17 -13 4 0 9 1 1 -10 -6 16 0 -29 -20 12 10
-21 1 4 20 -11 -4 19 22 -3 -3 -3 -7 -20 -23 -20 -18 29 29 -7 11
10 13 24 -23 -11 11 -29 3 7 18 11 -3 0 -7 -28 -21 12 0 7 -12
5 24 -25 10 18 -11 12 2 -9 28 -7 10 20 -37 -5 7 -8 14 -13 33
10 -35 16 -4 50 -12 24 49 -18 3 -69 -45 14 0 -5 8 19 -7 2 -2
13 6 17 3 -9 -8 -3 -13 -16 13 -22 -3 -14 -19 -7 -23 -2 25 10 9
-11 -1 18 65 -7 -21 -18 1 1 27 1 -6 33 -13 0 -7 22 -6 -20 -20
14 -13 -37 9 1 3 15 -2 6 20 24 -4 9 -119 -41 29 38 20 14 29
-18 -3 -22 -30 12 26 0 20 104 -22 10 -48 -55 0 -12 9 13 14 -11 12
30 11 11 1 19 17 8 33 -6 18 -10 0 -3 -14 14 23 -23 -3 21 15
3 -6 -14 -14 26 20 -8 -18 18 4 -6 15 -1 -14 29 -7 13 -1 -4 -9
-7 -7 -2 -21 -2 27 -13 -8 -14 -4 -6 -42 28 8 20 4 -3 4 11 9
53 10 2 -24 -12 -8 -29 -10 15 8 -4 12 9 7 25 5 2 1 15 -17
3 -48 -76 8 7 11 6 29 -23 -15 -25 -30 4 6 -2 -9 31 -6 -30 -11
-21 -3 -11 9 -11 8 12 -22 15 -68 -10 -5 4 4 7 56 -35 -32 21 -7
-9 -4 -13 -3 -17 -9 29 -4
