6 -13 8 -24 25 -10 -39 10 2 8 -6 6 -17 1 29 -9 -31 -20 -2 11
-8 -17 -36 34 -43 21 20 6 6 16 18 -40 18 4 0 23 -55 24 -24 -17
19 -7 12 -8 9 61 22 -1 7 33 -16 19 19 -25 -44 -6 10 59 -13 14
2 35 22 -11 37 -16 -32 -37 -46 3 -41 28 -27 27 -16 20 46 -40 -61 25
-13 -59 -2 22 -28 -28 29 1 -12 -21 50 -24 7 -3 -26 -10 13 34 -20 38
-3 -25 -24 6 20 14 1 4 0 -13 -47 -5 -19 39 -1 9 4 14 15 -3
-14 27 -11 24 -1 3 -8 32 -14 10 28 -1 -3 -14 29 0 -7 6 -5 -7
14 -7 -2 -11 26 3 10 -24 26 15 11 32 -36 -6 17 16 -4 -32 -22 -14
-29 -39 -1 -8 -2 23 -5 -1 0 -6 26 -5 12 -10 -5 -15 -2 -16 11 11
-11 -53 -34 -42 44 24 -21 1 2 7 10 -26 -8 3 -6 8 -5 -18 19 -9
10 25 -26 17 14 -20 27 -1 3 -12 4 14 18 -14 36 -16 0 3 9 4
-14 -7 7 -11 -3 -9 -30 24 2 21 -8 -22 7 59 -11 2 0 8 4 26
-9 -21 4 -8 30 -11 -28 8 -24 -17 14 -45 -11 8 66 -29 3 -19 -11 -36
-11 17 -4 17 -27 13 18 9 -8 -10 7 -12 7 -10 -3 22 3 9 22 -8
-13 -3 0 -7 -3 7 2 3 7 -4 -6 24 -10 -3 -25 -22 28 16 -32 -19
-1 -12 -23 0 -12 5 -35 28 35 15 -24 -17 -13 -7 20 -8 3 19 -17 -38
-40 -12 -33 -1 -10 14 54 -4 15 -26 -15 26 33 -11 -46 -34 17 24 19 -10
15 58 -35 20 21 29 -5 -19 -31 22 -9 -6 40 27 76 -4 6 4 -33 -46
-18 -21 5 15 -32 -4 29 -6 -26 -18 29 -2 0 15 -14 -19 -8 -14 -32 -9
-11 -38 25 15 9 5 -5 -23 -7 -21 12 10 4 17 -20 -11 -32 -26 -46 1
-17 -10 -11 26 -3 -16 19 -10 -16 -14 18 26 -10 1 -7 -17 8 -11 -11 -45
12 26 14 -3 31 7 5 3 -9 23 9 -32 67 -5 16 -13 -44 -2 -40 7
-22 28 -19 -57 -39 -20 -9 -27 12 9 -19 -25 -17 -16 29 18 15 -29 11 -5
-1 -21 10 9 -15 4 -54 -5 -41 -7 14 -4 -6 -27 -20 -36 -9 34 -4 13
-16 40 -47 11 -5 4 8 -1 14 11 10 -10 11 6 -41 30 0 -33 -1 -14
-8 -25 -1 -5 -5 -14 9 28 -4 3 1 -14 6 -7 -4 10 -12 -5 -22 2
12 8 -2 -65 16 -6 6 8 27 6 -4 -1 8 15 -8 11 -1 60 6 9
-13 -8 1 -15 0 -14 3 5 -3 -8 -5 -8 9 -11 6 -8 -10 7 -2 -9
5 2 -14 15 3 -6 -16 -3 14 0 -10 -9 -5 -1 14 -16 -1 -18 -3 6
-20 -21 -16 3 -22 19 -3 -13 -18 -13 -16 11 31 -12 -16 9 -24 -19 -34 -3
-36 -14 24 8 -1 9 7 31 -96 8 10 16 28 -35 -22 -4 10 -4 -32 21
13 38 1 42 -4 -11 -19 22 -17 15 -3 12 11 30 -30 -4 -1 14 -15 15
-12 12 -43 6 -15 50 -32 -35 -1 30 -9 -2 5 7 36 -85 -24 -33 13 0
-16 -68 23 0 16 3 11 -28 12 -31 -40 -13 -3 15 9 12 -5 19 35 -14
-12 2 3 21 1 -34 -12 -12 14 -11 -7 20 -18 -21 22 -13 -3 -5 0 11
2 -1 -10 8 -1 -32 22 -32 47 6 -4 -2 -15 -2 -9 48 16 35 5 -5
15 24 -17 -12 12 -8 -5 17 17 -11 -20 -16 55 -15 -35 9 -31 3 -5 48
-83 10 13 14 1 -15 -25 -77 0 -26 -8 -13 -33 -21 -2 13 1 30 0 -11
-54 -1 -9 -14 -91 2 -9 13 -11 11 0 0 51 -15 -5 6 -42 3 37 -22
0 -33 -28 -14 34 24 -30 -1 1 -1 -40 12 -5 6 9 6 59 -21 13 -23
-44 3 -51 -57 7 2 -8 -19 -31 -56 16 -15 -18 -78 31 -3 14 -29 -5 -7
13 -82 35 -49 -41 -19 -1 6 8 46 -7 48 0 -34 66 -5 -7 27 -67 -2
-8 -3 32 -27 -23 -30 -2 -24 -29 33 -70 -5 -11 -25 -22 -25 -11 -18 -23 -6
-14 -22 30 13 -25 9 2 15 -8 -27 34 -25 -8 -1 -11 -15 8 9 -9 -10
-30 18 -15 -31 -1 -3 -7 4 1 -6 -12 17 -5 -7 16 -18 -35 -18 -6 1
10 -11 -46 52 22 33 14 32 8 -27 34 0 11 2 30 -25 -69 21 -9 20
8 -11 3 1 21 -46 12 -50 22 1 -42 -7 -32 -4 46 -81 -1 10 26 20
0 -28 -19 18 11 -4 -54 13 106 17 -4 7 -29 5 8 -44 -24 28 25 -4
-12 -27 14 -31 9 23 -16 2 -30 -18 -21 -22 7 48 2 -5 -16 -18 9 -21
-5 29 -11 -6 -11 13 -63 -13 -1 11 33 22 -15 -3 1 20 -7 -9 -14 8
12 -40 -12 21 8 26 6 -35 -25 -18 -5 8 -48 -18 -2 11 -27 19 1 -6
-44 24 -62 15 6 -19 11 -17 -6 -31 8 -11 -9 -38 26 -9 -30 -10 -19 2
-15 7 0 -6 -6 4 -47 40 -5 -7 -16 -8 3 -16 -29 -11 -24 -13 18 14
-9 2 3 -9 -5 -38 -9 -30 35 6 -32 3 -5 12 -31 43 34 -52 -7 -17
-9 -20 -8 -21 8 -16 15 -24 -19 -13 1 -5 -16 -13 24 -20 10 1 11 -11
29 22 39 -4 0 -54 0 -11 25 -34 -21 -5 -2 10 -10 -34 14 6 12 4
-11 -53 -22 -1 -3 -5 36 26 -3 10 -16 6 5 -32 -56 -4 2 70 -33 -13
-40 -43 11 13 4 2 13 0 -7 -10 30 -12 -3 -9 0 -17 -12 -10 15 26
0 -21 0 -9 -14 -19 -8 4 -4 -1 9 -4 12 2 4 -1 -2 4 4 8
-8 12 -1 -23 28 1 -13 1 -7 -29 -3 -35 9 -13 31 18 13 35 -10 12
20 64 1 -1 -14 27 -28 36 27 11 12 -9 -11 -22 -17 30 -15 -13 9 11
-3 35 8 12 -2 -8 4 -1 -7 -11 -5 -7 0 23 -4 12 13 -13 10 -13
-29 -2 4 -38 13 21 6 17 -23 -11 -1 -35 -29 0 1 2 21 41 -14 -1
-16 -15 -1 16 -16 -20 9 0 -4 5 10 23 -2 12 2 -3 -7 31 -25 15
15 24 8 -35 10 21 -27 -10 22 -56 4 13 39 46 -6 16 29 42 21 -16
1 -18 -32 -21 18 14 41 18 -1 -14 -9 8 -13 1 10 -10 33 4 14 25
-22 27 21 2 -44 6 -2 -28 -13 -19 -18 29 24 46 -5 -1 3 22 -34 -7
-10 6 -38 -24 11 -14 20 -10 -22 -60 -60 9 -12 29 -32 3 -26 -14 12 12
-46 -12 27 -29 32 14 10 3 33 2 -18 -18 -1 -23 41 -13 -44 1 -26 -24
3 -1 -3 -3 -18 -41 12 16 13 -6 -24 57 9 -42 -12 -16 -20 18 11 70
-30 -20 22 22 -18 -9 -44 13 10 17 -16 6 -23 6 7 26 -12 27 9 34
2 -14 8 -52 8 -25 -16 23 9 -40 2 -24 12 -4 -18 -25 -14 8 24 -19
17 -18 6 -14 14 4 -2 -12 14 25 -28 -9 -13 -7 6 20 -29 -8 -27 12
32 5 -5 -1 15 -6 11 -5 10 -15 -1 -18 -34 -5 -10 -23 -12 -3 6 10
46 -54 -19 33 -8 -34 -38 16 26 -9 51 -13 -32 35 -43 -34 -12 6 106 40
16 25 -14 -2 2 -4 17 -17 28 18 20 -2 -59 -15 -35 -25 40 53 86 18
-44 16 -69 -39 41 13 -10 -8 -1 -24 -42 -75 -24 2 3 -29 18 -5 -10 -20
-5 19 -99 12 -27 32 -16 -59 -9 -37 -32 13 -8 -8 2 4 -11 71 39 1
-2 34 2 -21 0 10 -8 -35 34 8 11 29 5 -19 -4 -8 15 8 -6 -37
30 -24 46 -9 43 11 1 -16 -4 18 -12 -35 -11 30 34 -5 -12 -35 11 -5
-29 34 -3 6 -27 6 -18 -10 16 -3 12 -22 20 0 -22 24 -27 1 -12 -3
-14 -32 -11 -22 -4 5 -35 -5 -29 22 32 -10 -20 8 0 18 6 -10 -15 13
23 9 -20 38 -8 -5 6 0 -16 -9 -16 -28 2 42 10 -60 -17 -1 -30 4
-25 -27 -17 14 -16 -5 -4 11 5 -3 -28 -48 10 5 55 9 3 -9 29 -18
-1 -1 12 -47 -46 17 -39 20 -14 23 22 -28 -10 3 -1 -36 -33 -29 -7 -14
-15 -16 -39 1 18 32 24 -8 4 7 20 -20 -9 27 16 34 32 -31 24 12
-28 -30 -40 18 -9 -15 -1 33 -2 -10 -25 1 -3 -19 -20 1 -10 7 -10 82
-2 -5 5 14 7 -5 22 12 -12 44 6 -4 16 -107 -57 -10 12 -1 10 -7
-2 -13 -32 -3 14 1 -8 -7 38 -4 -5 15 -10 -26 3 1 15 21 -9 -20
-15 -4 -4 21 -4 6 -3 0 0 4 35 -9 -8 -8 2 -12 -10 -1 15 3
-7 -6 9 -1 6 -7 10 -5 -7 5 -37 9 -10 -14 0 -18 7 0 3 7
-12 17 -12 -4 -7 1 33 -24 3 30 47 -28 21 3 -50 -43 7 8 -27 -17
-62 -19 -22 -5 -18 -31 23 -5 8 19 -74 -43 6 -6 14 12 -10 26 -29 -8
0 -4 -43 42 15 1 -8 -21 21 -16 2 -11 44 -19 -4 1 2 -28 -7 -30
-27 -36 1 -5 -36 -3 13 -28 7 -43 -15 -14 -24 -29 -5 -13 -22 -32 -12 8
-19 5 8 7 -7 18 -17 -23 -21 27 -28 35 -6 -10 -20 -5 -2 -47 12 26
-50 -12 28 -10 4 -7 -15 20 -43 -7 -16 -24 -20 9 -19 3 -65 -27 69 -13
56 -12 -5 -14 14 8 -2 -4 16 1 92 17 -16 -54 -17 14 8 28 -2 40
6 -10 7 9 -8 9 -25 -4 23 -2 -27 8 -68 -28 -38 32 25 -7 27 -47
-48 -65 -31 1 2 11 -2 -61 -27 -6 -11 28 -5 -3 19 17 -4 19 8 2
12 8 -38 8 -32 -44 8 2 11 -18 -31 -8 -10 43 -2 -9 1 18 -1 6
7 -15 -4 -1 4 -29 1 -26 23 -18 -17 2 -28 16 39 14 -42 -22 -12 -14
18 50 15 2 4 -12 2 -24 15 -20 -28 -2 3 -7 0 -5 5 20 15 2
-13 -4 -13 -10 9 9 -4 -28 -22 10 -8 4 -5 -1 -34 -10 2 7 21 5
2 3 6 -7 -18 -7 2 0 -3 -31 -10 -1 8 -13 -12 -22 7 -2 13 11
-4 15 1 8 -2 27 -17 -22 -3 -7 40 2 0 -6 -7 -16 12 6 -8 16
-24 -35 -19 20 -1 -30 -41 -15 8 20 54 14 -33 -33 -7 -16 -20 34 -4 11
-5 9 -9 12 4 44 -16 -32 32 -19 -1 -21 10 50 20 10 21 31 39 30
-45 -24 2 -7 -13 11 7 21 -25 15 23 -10 -23 -24 -10 -11 -18 -3 6 -4
-1 22 9 -38 -8 -51 -26 14 -31 -14 -2 -59 33 -11 -16 15 6 -28 21 18
-37 4 -43 -16 -8 13 -6 -36 -4 0 -4 -1 -1 -6 13 2 -1 15 -3 6
-14 0 4 6 -22 2 3 -3 -4 3 14 2 -1 0 -8 4 -8 9 0 21
-13 -12 2 13 18 -5 -21 -14 9 -8 22 19 -8 7 7 8 11 -2 -2 5
5 -1 17 -19 -29 -6 20 -1 -6 -8 9 -14 13 22 -7 -3 -37 -5 -20 17
-5 6 7 0 25 -10 -6 5 6 -20 3 12 4 0 -9 -22 20 31 19 -21
12 -8 -9 20 35 -5 -27 51 28 -6 -21 -29 17 0 -14 27 -6 -5 -49 10
-55 -2 -11 59 -20 51 24 6 -7 -10 -48 -45 -16 27 -24 -3 -13 15 16 -27
16 -28 3 14 23 -10 6 7 15 4 -2 2 15 -2 14 -6 8 -11 2 13
-41 18 7 -30 -8 0 6 -21 -1 -20 6 5 14 -20 5 -17 11 -12 7 22
-6 -7 5 8 -19 11 -20 3 -25 -3 -13 12 65 -22 9 11 8 -63 -16 -2
-11 5 8 5 6 -20 -14 -18 11 -5 13 48 -1 17 19 35 -21 10 -28 8
-21 -17 -37 -29 8 -2 35 6 -15 -3 30 32 89 -35 1 27 -68 0 -1 -19
22 21 -72 -3 -47 -38 27 3 -33 -82 21 -11 -25 24 13 28 -10 22 -44 30
-54 -17 2 -4 -1 5 1 -4 -35 18 14 -22 -12 -69 -6 25 72 -18 30 -33
8 11 0 -29 19 -82 -23 -3 -17 -54 8 10 33 3 12 -25 15 -7 19 -8
-36 -21 -8 -6 -10 30 -7 -8 -13 22 10 10 11 -6 -6 -1 10 -1 26 31
-34 -20 -16 -9 -39 -15 -8 42 -16 13 14 -25 17 -46 -22 18 10 36 17 25
-20 -2 -16 33 -18 46 -23 56 -4 45 -8 -9 -23 -19 58 -12 -7 -24 -21 13
-18 -16 -8 26 8 35 -45 6 -18 5 11 -2 24 13 47 -6 -10 -49 -33 -7
-19 9 -17 8 17 47 -10 -17 -4 0 0 5 -39 -11 -19 -10 38 -2 -10 14
-33 43 2 -4 17 36 -22 9 -33 -6 3 13 15 14 -26 -17 -86 7 -9 2
17 3 17 7 2 24 -32 15 13 -13 -6 9 -4 6 30 1 79 -19 -68 0
-11 27 67 17 14 26 -61 -18 -2 13 -64 4 -52 -25 -14 -25 -8 -29 39 -12
-9 -23 -6 -18 37 -3 10 16 -19 -22 -3 0 27 -29 -3 1 -30 -32 -18 -11
8 -33 5 18 6 5 19 57 19 1 -20 26 0 -8 -10 -13 14 -30 -18 -19
-3 -13 6 25 17 18 55 22 -55 -19 -1 5 -24 24 21 -12 -12 -5 -7 -16
46 -10 28 17 -41 -9 -25 -18 1 8 21 6 -53 7 45 24 16 -14 -37 1
15 -85 27 -39 -21 10 16 12 -35 3 -26 19 -36 -11 -42 -9 -38 16 71 -17
-47 -5 -14 -5 37 -11 -36 -8 -13 3 -39 -29 -14 -28 -22 21 28 -11 23 -16
-2 -42 3 -31 0 -7 -22 -87 6 -21 -8 -20 -4 5 -4 -10 -10 -18 76 12
14 -11 -11 -11 -9 -1 -8 -4 1 17 8 22 12 19 -21 3 -12 36 23 28
-14 -51 -25 -41 1 17 -30 12 10 -1 22 -14 -16 12 -23 -14 -33 7 -4 -4
-14 -9 -23 18 16 -23 -9 16 11 -2 -15 -13 -7 34 9 37 19 -22 42 -6
-4 -36 -8 -7 -7 -21 10 -9 36 -5 -28 -35 2 0 2 -20 -20 30 -3 -17
3 -15 9 3 -11 -10 26 -2 13 34 -7 0 -23 35 -5 -8 -22 9 -13 11
32 21 -25 21 10 -35 16 -16 -7 21 -14 -4 -66 7 7 -4 19 18 -9 6
0 -23 34 10 -6 54 -39 -3 22 42 3 0 10 27 -11 -22 6 -2 0 26
19 7 -35 -4 27 0 -31 -30 -16 -24 -11 -25 63 29 -6 -13 18 5 8 -39
-13 -25 29 -13 -16 -24 -26 3 -18 12 5 -34 21 2 74 8 -24 19 -16 -7
-13 -6 10 -12 1 22 -19 25 9 -10 -2 31 -12 0 -12 22 28 12 1 -12
23 6 18 18 -7 13 4 -18 -9 -10 -32 -4 9 -2 2 9 11 26 -3 27
11 -3 -48 -48 22 39 101 10 5 17 -28 -26 2 0 -39 0 7 -17 53 -49
2 7 7 8 -14 29 -35 2 48 18 19 19 -32 23 6 -28 2 -20 -37 12
-21 -3 -22 -31 16 -22 -46 -40 -19 -11 -9 64 20 -13 7 11 -2 -13 26 35
13 8 11 13 -25 -8 9 7 41 59 30 -34 41 -21 14 6 -15 -5 36 7
-6 1 -10 -2 -3 17 -18 -3 -10 -8 20 -79 16 12 0 15 -8 -15 15 13
29 -5 -7 -17 32 2 17 -36 -37 15 -3 -29 -34 -16 -4 -23 -4 -17 18 24
-46 -18 9 2 -7 -28 -10 -3 -16 -6 -15 -20 -22 37 1 0 -14 25 -5 -9
-12 -11 -13 8 16 -55 20 30 -34 -14 8 36 -5 56 45 -4 -3 -22 -11 -33
13 -19 -16 -23 -12 21 8 6 34 12 32 -20 2 36 -3 -31 -27 14 24 -50
17 13 0 39 20 37 -10 -25 45 47 32 39 38 -20 -28 50 53 85 -16 -29
15 -4 -26 -4 -26 -23 34 -24 5 -44 83 -11 -4 -5 7 30 -34 9 48 -14
11 -17 -20 19 -19 18 -10 5 -3 9 -35 -6 -32 22 35 27 8 9 27 -28
0 18 25 -12 3 -11 8 -4 -6 0 2 -9 -28 10 -31 15 -18 -29 23 44
-18 5 16 -11 -7 7 -20 36 6 12 -13 -4 73 75 21 -58 33 6 -2 1
-16 2 -26 -52 -24 18 -39 19 28 -19 24 -19 3 0 -9 -19 -8 -38 -46 6
5 32 -11 -5 12 28 10 -35 -2 40 36 7 -53 21 -23 50 -28 -66 -28 -13
-23 51 0 15 3 -34 -29 -3 7 26 0 13 6 3 0 -12 -42 15 22 -22
-35 5 -8 -22 14 -26 -7 18 -12 15 -26 6 -24 14 -24 -8 16 2 -12 13
-7 41 -12 4 -32 11 -2 -8 -22 0 -11 2 -2 22 15 0 -1 10 24 -11
-21 8 -25 1 12 31 -5 -9 16 23 -24 -3 16 -2 -27 6 1 9 -31 11
-16 0 6 -15 14 -47 -37 12 -33 -1 -10 -18 -40 14 33 -18 12 37 19 4
-13 -21 7 32 -19 -27 3 -10 -23 -17 15 -32 18 31 -14 30 -10 12 -4 25
-25 -28 31 -1 -18 4 -20 27 -24 -34 43 10 -39 -12 -26 5 -8 44 12 3
4 -20 -14 6 -6 -7 13 -15 -4 -26 21 -24 -14 12 -5 37 8 -10 -25 2
47 0 -19 28 -8 27 1 -22 -14 -6 15 11 -9 -10 11 -29 18 -34 1 -41
-28 -34 1 4 -25 12 19 9 -15 -12 -30 -31 -25 -28 -6 -11 -24 -13 -19 38
-22 1 -27 -12 21 -25 -17 24 -53 -41 -36 -13 -1 2 10 -1 18 -55 -26 52
-36 17 -21 28 -30 -4 -45 0 -52 0 10 39 13 -13 -36 15 -21 1 -35 -5
36 13 -18 14 15 -55 -13 -35 22 -35 -27 -11 42 3 -3 -19 -36 -40 33 17
20 21 2 -9 21 -15 -4 13 -38 -26 13 -40 0 6 20 -32 -11 0 19 16
-16 -32 -24 -23 -8 7 -46 -30 4 19 -9 -19 12 -2 -27 20 -61 -20 21 -27
24 -2 -17 13 9 2 4 -26 7 -31 -3 8 -11 22 25 11 17 19 -22 -5
46 9 15 17 7 -26 -15 25 -13 -4 0 -9 18 10 -17 -22 -12 -1 5 -10
7 44 15 36 9 -37 -9 11 -12 45 -28 6 15 -8 24 -5 35 -21 17 1
-1 -6 -23 -1 11 -13 -28 -15 16 2 -20 -26 3 -125 -3 -10 -10 18 3 -37
-28 14 25 -22 -8 11 18 -25 -2 1 24 -31 -15 6 28 1 -14 -5 19 89
-17 15 -11 -26 25 34 0 -51 -18 -31 11 -11 -28 -20 -14 -5 19 6 68 8
-38 -32 -22 -11 -16 8 -5 3 -14 30 -42 23 21 -3 -15 -8 -13 -5 -23 -1
-12 -23 -7 -11 -36 -18 -43 0 13 45 -19 2 0 28 -20 2 2 18 5 5
-18 -5 -13 -12 -6 26 19 35 21 -33 -11 2 -2 33 9 6 -41 -6 16 -13
-1 -3 -2 -13 -4 -21 -19 -17 30 -15 -25 -8 34 7 -15 -5 -10 -26 21 -3
-27 19 14 0 -7 -7 -25 7 5 -22 47 -14 -36 9 3 13 -11 0 -10 13
-3 -26 1 6 2 3 3 -11 4 9 -21 -11 -2 -44 4 -7 26 -33 6 -3
24 14 14 37 -13 -21 2 -4 -2 9 3 27 -4 4 17 11 -4 -9 5 18
-5 -4 -48 17 -16 36 9 16 -10 -17 -5 12 31 5 -4 10 6 23 0 -8
-24 -26 6 -4 -5 -16 -12 7 28 -12 -28 -13 -13 9 5 -18 6 9 6 7
15 -11 6 -6 -6 -14 5 9 -15 3 17 -6 5 -2 -10 9 -2 -7 15 12
0 16 8 1 13 23 0 30 1 22 -2 10 0 -15 2 14 8 -5 6 52
-3 -38 14 -8 -2 -8 21 7 35 22 25 6 1 10 9 8 7 4 -14 14
-1 -8 -8 -11 8 8 -5 -9 -4 -5 5 -11 -2 2 -5 8 -10 -11 -3 -4
-2 -14 -7 -12 1 -9 -8 4 -25 5 6 -9 -22 -2 5 15 -5 -12 -6 -18
2 8 -1 6 -7 2 11 -2 14 12 -7 -20 -17 15 -19 16 -13 6 12 -8
-3 10 -3 -3 5 -9 -10 14 -17 2 3 9 18 15 -4 28 6 23 22 -11
15 2 17 -1 28 11 10 -2 9 6 10 27 6 -8 9 -3 7 16 21 30
23 -16 6 4 1 -4 2 7 1 -14 7 19 -1 3 -25 1 -2 7 -15 1
6 9 -12 4 3 -11 4 -10 -13 -3 -7 -36 3 2 4 7 6 -20 -15 31
-2 -6 -6 12 2 2 -9 9 -6 29 9 13 -8 -18 -21 13 11 8 0 6
2 1 1 10 18 -8 12 0 -10 9 -3 -9 -15 -17 -24 -23 -5 1 12 -17
6 13 -17 6 -14 2 0 -21 -21 -7 -9 -34 -5 -10 -19 -8 1 9 17 13
-29 -22 -23 -16 -3 -5 1 37 -26 -9 -20 2 42 -4 41 7 17 -13 0 21
-24 -12 -8 -9 -5 5 -10 14 -29 -24 -14 -5 -15 41 -10 17 4 -1 -7 9
18 -38 -15 15 -3 -1 -8 11 -31 2 -6 5 -14 4 17 8 -57 -27 22 -4
13 69 -25 6 -28 -9 6 50 47 18 -28 -48 44 -23 1 10 12 29 -31 -2
14 -19 12 -3 8 -33 -25 -16 -5 -19 -45 24 -25 -56 32 -41 6 24 47 7
-26 -16 28 -39 -33 81 46 -8 -26 -9 37 -50 1 -14 -93 22 -40 -12 27 19
41 2 -1 -3 20 -2 -29 12 -32 -51 12 -3 4 10 13 8 23 3 -12 9
2 9 11 5 25 -5 -1 -9 6 -9 1 -2 4 11 4 -14 7 4 2 -13
-17 -1 17 -27 -22 -13 17 -3 -26 -38 -17 -5 -27 16 1 8 -37 -17 23 -2
-11 -7 -4 18 6 4 -6 0 -15 -20 5 11 12 -9 16 -3 3 -31 21 -20
16 -21 9 -5 1 -26 18 6 7 -3 -42 6 2 3 -16 -2 37 -11 23 -22
-6 -1 -22 9 -22 29 -24 6 19 20 10 13 5 -1 10 49 -9 -43 -10 -2
3 -13 39 9 30 7 -5 -9 -7 6 -5 -14 15 -21 -16 -47 37 -14 -6 -13
-9 37 13 -2 -26 -14 8 1 29 -12 20 20 -16 4 -36 3 -6 5 -30 4
-11 -28 -20 -18 8 17 25 4 16 6 -32 -37 -32 43 6 -41 21 3 -11 -26
-46 3 -45 -30 -18 28 -54 -13 -8 23 35 37 -5 17 -14 -11 -9 -3 -3 2
56 32 -11 4 -11 14 -13 -19 14 9 -2 -21 -9 34 -3 -28 -26 15 -4 1
-14 35 4 25 -15 42 10 -39 0 -21 -1 -7 -3 10 1 18 10 70 28 -6
21 10 -33 26 1 42 -10 6 -25 18 -1 -8 -16 -13 -11 1 -15 -26 -26 -15
25 2 -4 -19 -15 -3 14 -6 22 36 -15 -5 -16 -3 -2 -21 -16 -4 -49 6
-10 -30 12 0 -14 -9 30 -15 -6 0 -8 8 -5 -18 14 4 2 -3 -31 12
-3 -19 -7 -5 -38 45 -4 10 -6 8 -11 -8 -2 -7 -17 -4 -9 -3 -3 -11
-6 -10 31 -8 2 -5 4 11 -10 -5 -9 -10 12 -23 18 19 29 12 -6 -23
-23 -25 -13 -9 -4 -1 -8 -15 0 3 -2 -29 -15 -27 9 -36 -20 0 0 -27
-1 9 13 -9 -17 3 -5 -32 20 7 -6 29 -34 -10 -28 3 -41 13 -1 -17
8 -14 -2 -9 56 -6 11 42 19 -61 -9 -6 -23 -33 0 -4 12 -1 48 -2
23 24 -3 18 -22 -17 -17 -6 -11 16 0 10 4 -35 -37 3 -31 -56 -29 -30
19 -44 -20 -29 20 -1 -55 33 -14 -49 39 64 10 -21 -32 19 40 -11 16 3
-1 -39 38 -40 -11 30 52 11 10 4 -13 23 -13 42 56 7 12 7 15 6
17 49 -86 -50 -8 -34 -63 -40 -16 -48 13 -8 -26 19 -9 12 -14 -64 51 2
-32 -42 -18 31 22 6 2 -10 -4 -16 4 -41 -5 39 -59 14 39 10 -7 -6
4 -46 -44 -21 9 20 13 -13 -14 -14 -14 20 9 22 -9 27 18 -1 -15 -28
48 59 9 40 16 -28 30 15 -12 3 13 14 7 -3 -30 -13 5 -3 10 -9
53 -22 -16 -9 -14 -30 1 -12 -3 2 -8 19 30 -8 48 -11 13 -31 -9 12
-11 24 -13 -2 -9 22 -10 -30 -25 24 23 -2 -17 51 -30 11 4 6 2 -5
-14 11 -9 -1 1 -13 -16 -7 -10 -1 -3 12 -10 18 -5 7 -7 8 -6 0
-11 -9 -1 16 6 5 -9 -7 26 9 55 -7 4 -8 -8 5 -7 -16 -5 9
-2 -3 6 -18 1 27 7 18 -11 -2 16 -11 20 46 -30 -1 -33 32 -23 29
-13 -1 17 -22 -1 -36 -13 -16 -6 -20 -15 -20 24 11 -1 21 -20 -13 -7 0
30 -16 -13 -4 9 -1 -3 -4 -17 -37 -3 12 -7 -14 3 -12 -8 -4 -27 19
28 12 -7 10 26 4 -6 2 -17 -19 2 16 -5 6 -4 1 29 18 13 6
1 37 -8 -34 -9 13 -30 11 11 -17 -16 -3 68 -9 -22 4 10 -9 -23 29
30 28 37 -42 22 -24 -19 31 -15 27 12 5 -11 8 9 44 -49 -24 34 -4
39 35 -16 -3 -32 -6 -2 12 -55 12 46 -13 -30 3 -12 7 -9 6 6 23
-3 -27 -20 -12 -4 41 -49 -69 -1 -15 -13 -6 11 -29 -9 -6 10 29 20 -17
6 5 17 -11 -10 11 -14 -23 -9 31 -31 -5 -26 -11 -19 -6 -11 -7 -43 -6
23 50 22 6 -13 -75 20 -48 35 25 -35 -16 0 -14 1 -28 0 -6 -8 0
-18 -18 -13 -22 -1 13 -16 0 -2 -3 -81 -26 -14 -16 6 8 2 -44 -21 53
-4 7 -15 18 -14 -24 10 1 -7 -20 22 8 -46 28 14 5 11 -21 -17 -16
-22 -53 -6 -33 -4 -1 12 -7 6 -9 -17 10 -4 -11 26 18 14 -3 20 -6
-1 -35 -10 5 -16 -12 -6 -5 9 -10 -19 -3 -1 1 -3 1 -5 8 -36 -14
29 -23 -28 -1 45 -3 4 1 -10 4 1 0 -27 -30 -13 -31 11 0 19 18
-20 -16 8 -31 2 -26 45 -1 -9 13 -28 -4 -3 -19 -21 9 30 -7 3 9
-12 -10 -4 3 37 10 -3 14 -24 -3 -17 -15 -10 9 -30 11 -16 11 -15 10
29 2 -6 -10 -3 5 18 10 -11 14 -3 13 -10 -5 11 -5 -22 23 10 -1
-4 0 5 11 8 11 -8 0 8 21 8 -5 4 37 -20 3 7 -20 -24 10
-2 -49 -1 2 1 5 36 -14 -21 18 0 8 7 0 4 -2 -8 13 5 -4
-13 -6 -7 51 -12 27 17 -7 -23 22 -9 -18 23 12 3 -10 -12 -6 -10 0
12 -7 7 -18 -12 -10 -28 -13 4 3 -6 14 1 2 -3 -16 11 -23 0 18
-12 25 23 -20 -10 13 2 1 20 23 31 3 5 8 -12 1 5 27 -18 7
7 12 0 8 14 -10 8 -19 -1 16 -4 -26 -2 -2 30 -9 -30 -10 -20 12
4 -29 23 15 3 -33 -11 9 14 4 40 -41 -34 13 18 41 -2 30 3 20
9 45 -4 -24 -8 6 -18 5 1 -22 -8 -15 -8 36 -25 -21 26 -8 -18 -2
-4 -12 -30 -9 -16 19 -45 -71 15 -3 50 11 -4 1 -1 -39 7 10 -7 -51
29 -15 -2 -7 -3 -6 91 -2 10 -22 -19 -5 4 2 27 8 8 -13 -2 -3
2 -1 12 0 2 4 -4 -20 -4 8 38 -6 7 3 -2 18 10 0 -1 -8
-12 -12 0 -6 -22 -3 9 -2 30 -14 -21 -12 8 2 -9 -8 -1 9 1 -10
-4 -28 6 -20 -9 1 -5 4 -16 -5 -6 5 5 -6 -17 -1 -14 31 26 21
-12 -2 -20 -14 1 -17 4 7 -26 -4 -26 -12 -13 -7 12 -14 0 14 -74 -22
-38 0 -18 3 10 -7 -4 28 -22 -18 -27 6 -13 -13 -1 6 3 -11 -19 -4
33 22 -12 0 0 49 -12 2 -77 -64 -26 34 3 -8 6 -19 -14 8 11 15
5 -11 22 -28 14 45 14 12 -23 -8 25 13 0 1 -26 -39 -7 25 20 -49
-62 -39 -16 5 -18 -9 -8 -24 1 -2 11 -22 -30 24 -41 -19 29 25 -28 1
8 -31 -29 16 7 6 -2 -30 -3 -5 -8 16 5 -1 12 16 3 -8 -12 22
26 13 -1 -24 11 8 -22 -7 -4 4 5 0 4 -3 10 -9 6 -5 3 43
17 10 15 7 -1 16 5 55 21 -3 18 0 26 5 -9 -5 -24 -1 -1 -12
-19 -6 -10 -1 -15 5 -16 -2 2 -39 1 -15 -16 -1 -6 -2 8 -4 5 -3
-4 18 0 10 3 15 -11 11 -11 -10 -3 -27 21 -9 -15 -12 -17 -14 10 -6
-18 11 3 -6 1 -12 -4 -19 -3 55 4 -10 -23 -3 18 4 9 -18 4 12
-22 -26 -7 5 -35 -3 -5 11 -9 -1 18 -5 -46 6 -26 -19 36 25 -30 -14
-18 4 -3 10 -1 33 -12 14 15 -15 -33 -31 -5 -50 39 -34 11 1 35 -24
-5 29 -42 -10 33 -31 25 10 0 -26 25 15 -20 -8 -15 10 -1 11 -39 -10
-16 30 -33 27 19 -17 -10 -37 -9 -13 23 -11 7 -29 0 -5 -6 6 -11 3
-6 -8 -21 15 -13 27 2 0 50 6 -14 12 -7 -18 2 18 -2 -35 -3 12
17 30 11 -17 -15 7 4 2 -12 9 16 -14 38 -4 -9 -7 3 14 -18 34
20 15 -15 -11 -15 -9 0 -7 -17 -29 11 -69 -5 7 -4 -17 -2 43 -12 14
-9 -13 13 13 20 5 2 30 5 -23 13 4 -19 -29 -22 -1 33 -4 -1 -8
10 16 -9 16 1 -41 -23 -18 -10 5 -2 -26 45 6 -2 -8 -11 3 -26 26
16 2 3 -22 -8 10 -5 -4 18 -1 -1 -6 -16 -29 -29 14 -13 12 4 0
15 8 33 2 -1 -9 -2 31 0 -18 -37 13 46 -45 -48 12 -10 40 -9 4
37 8 3 7 19 30 28 -10 -28 10 14 -12 -10 3 34 62 -5 12 1 -10
-2 -2 3 2 24 3 15 -8 6 -4 7 -28 -3 -35 -36 -26 15 -11 -38 0
-1 -29 2 -5 -15 -30 15 -6 11 -1 -14 11 -10 38 25 -22 26 28 -17 -2
-20 -20 -17 -3 -46 63 8 -3 7 -38 29 -11 16 -5 -36 -2 -8 -8 13 12
11 19 33 17 30 1 -11 -8 -6 20 1 -10 17 -19 39 12 26 4 9 -28
-58 25 -31 -55 31 0 12 6 13 -10 0 16 -9 -14 1 -62 -29 -12 -7 -8
33 -5 25 -12 -12 -9 7 8 5 11 -17 6 -2 3 7 8 -50 -13 -20 0
-23 -8 -33 6 7 -6 11 -5 6 -9 24 -5 21 -10 -11 -6 10 16 9 -4
-1 -18 -21 25 6 -9 -17 5 -18 -15 -8 -7 2 16 22 -1 -1 18 -19 32
-13 -2 15 -38 13 12 13 10 -26 -7 -26 2 -49 17 -34 -42 22 -17 7 46
-18 -23 4 -41 -4 -7 18 5 11 -9 -2 3 5 -26 4 -7 -3 10 12 13
-20 -1 -26 -15 3 -21 -24 13 1 -16 3 -1 24 8 2 -40 -11 8 14 10
10 1 1 6 6 -16 23 16 0 -5 -1 -11 -10 24 -5 -15 -3 5 -10 43
-22 -28 -20 6 16 20 32 5 28 25 -12 -39 -36 -10 -7 -8 5 3 -18 -38
-23 -31 -12 29 -17 -16 -8 2 52 14 -41 -48 -6 -2 30 36 15 10 6 -23
-17 17 9 23 59 9 -16 14 -10 -47 30 12 -16 -30 -28 19 18 73 12 18
-15 -10 8 12 6 -17 17 -72 -50 -26 -13 -32 -12 -27 -29 -1 26 -14 12 -53
-5 -40 -6 8 -21 29 13 -117 -8 -5 63 11 15 7 -2 0 20 -32 13 -7
-6 15 31 4 -9 -9 11 23 -8 -24 -16 14 27 -48 -24 2 35 23 -28 -15
-4 15 7 -12 12 -1 6 -16 -9 -3 -19 0 -8 -12 -17 -30 0 16 20 -1
-14 2 -20 15 -32 2 -3 -6 22 -14 -5 -7 0 -2 0 13 -20 -8 3 -20
-29 5 -7 0 45 -19 -13 1 -25 -4 -7 -10 13 2 -22 -36 9 -8 -5 -127
-23 10 -4 31 8 -17 -35 31 -14 5 0 26 -12 7 5 -14 8 -6 3 76
-5 5 -9 0 30 9 1 21 3 -14 11 5 9 7 -10 10 9 3 -8 4
-16 23 7 -10 14 7 -4 37 -29 -15 6 -10 30 10 2 -4 -3 -30 -6 -4
-18 3 13 -5 3 -21 8 4 -9 -7 -10 1 -14 10 -15 5 -32 3 4 -21
28 23 -11 -22 17 -1 -5 15 25 -7 -4 -43 11 -28 28 0 21 12 -12 1
12 -13 15 -16 -45 6 -5 0 -5 17 -20 -2 13 0 -13 -11 -2 11 -6 -5
-2 -3 -16 -4 -6 -11 -6 -2 21 8 -21 2 -1 5 17 4 10 2 0 -1
37 14 -5 -2 -4 24 4 -2 3 -20 -3 -5 -3 -12 -1 -12 -4 0 -5 3
3 -8 26 4 -7 -1 2 -7 -7 -1 -7 6 4 -15 -10 2 -2 -7 -6 -6
-3 6 6 -3 -3 -19 11 19 -1 -16 -2 -11 -3 19 -18 -5 -2 7 -16 -8
-17 23 -4 19 -4 14 7 1 -2 1 5 -6 -1 -2 6 6 -4 -38 -1 -2
-6 -11 -14 8 2 17 -9 4 4 10 1 -1 -3 -8 9 4 1 2 -12 4
0 26 -2 -1 -16 -3 -7 -17 -9 -2 0 -19 -13 -5 6 0 -8 1 13 -5
-6 7 -2 -7 15 -6 -29 14 8 -9 -3 12 -4 4 -15 0 -13 -7 4 -15
25 -7 59 -38 6 -42 -30 -21 30 7 -52 18 -14 -54 7 -22 3 -22 7 9
13 -24 14 29 6 18 23 34 5 -6 -36 6 -6 -34 -43 22 -13 2 -53 -36
-17 42 -29 17 21 36 3 -16 -30 -15 6 -8 -6 -10 -30 15 -31 8 -6 -25
-26 28 20 -61 -28 -39 24 -23 -1 -9 4 -14 -30 -26 -21 -21 1 3 -6 -8
-34 -24 -14 5 -64 -21 17 -6 29 -35 -1 63 11 -27 -3 15 -20 16 6 -8
0 27 -26 3 -25 -46 -13 32 -16 -12 -60 10 71 -39 3 -13 -11 -1 -33 6
-9 3 15 15 13 2 3 11 -17 -41 -60 -28 -13 -21 -1 -32 7 19 -3 62
-17 34 -27 -10 -2 -14 -16 34 -5 16 28 -10 -22 -8 -13 -19 -60 15 -13 14
11 -16 -16 -4 -7 16 -28 -20 -19 8 16 24 20 -9 -20 -24 -14 -6 -38 -18
-11 -1 -8 0 -1 -19 -35 -21 7 -11 23 -9 -20 -17 8 -10 -9 -1 17 13
-17 16 -7 8 2 12 15 21 -6 -35 -8 15 -3 17 18 -19 2 -16 -10 2
-14 -47 -8 13 14 -12 2 15 1 -55 26 -15 24 -22 56 11 -3 53 19 11
3 4 -9 -9 36 -16 -6 -42 -29 -9 4 -11 22 -12 -30 -10 -14 12 -9 -40
-16 40 11 -1 -20 43 -26 -31 24 -91 2 -2 -13 -20 -38 -34 -10 -36 -14 58
48 33 17 -12 -13 12 4 33 20 8 14 -6 -1 -19 -41 -7 -3 13 -20 -41
-18 3 1 -4 6 -16 -19 36 -21 -27 -22 14 -8 13 9 -6 -14 -1 -5 -3
14 10 32 8 15 4 52 -5 12 10 -21 -12 -1 10 -40 -2 0 -13 11 7
24 30 11 -28 16 15 -12 -1 -5 25 -16 -27 -5 -14 -32 -13 -3 -18 38 22
-39 1 -14 1 -18 45 25 -25 -7 0 1 12 -23 -35 -5 11 36 -1 -21 -5
-18 -45 4 32 -15 -22 18 -15 6 -29 -4 5 2 -15 -10 14 -10 -5 0 9
4 -7 0 -11 8 -12 -21 -14 24 19 -11 -23 -77 -65 -31 76 19 -35 16 10
-25 -35 19 -41 9 45 -23 7 -3 6 33 7 -1 -18 -17 3 40 -14 38 33
1 -3 0 -21 -49 -32 -31 -10 -35 -30 -47 -10 -25 27 -16 2 -13 -34 26 28
-80 9 -62 -27 -42 41 -39 -3 -4 -8 5 -9 -24 -24 45 29 36 -6 -8 30
-7 10 -24 5 -1 -23 -17 14 2 -31 -20 6 -30 -5 -13 1 6 -8 -5 27
-1 21 17 6 -16 14 3 12 5 -6 -1 16 -31 -30 -19 -3 27 -6 9 27
14 7 3 -4 -12 15 -20 8 51 -26 -17 11 23 1 1 -38 -36 -9 15 -12
-6 10 4 17 -1 0 19 26 -15 9 -7 -27 11 -1 -14 -4 -14 -2 1 -17
0 10 5 -14 -30 16 20 14 12 15 -26 -16 -10 -19 -4 -4 27 -12 14 -48
-6 30 24 22 1 18 -3 14 41 -1 -44 23 28 21 -6 -4 -13 21 54 17
-13 -21 -20 21 -10 -19 -28 21 -48 -18 60 -7 -30 -14 25 16 30 -47 8 -41
31 30 50 -9 16 -118 50 7 -24 32 26 -48 -71 17 9 -12 -38 3 -70 -14
-22 -17 -12 13 -18 -8 5 9 -34 12 3 1 18 -31 13 -9 -23 -32 -22 -18
-32 -26 14 -42 -22 1 -42 11 -4 3 6 -1 32 24 -29 -3 -1 -9 3 -30
23 -2 -6 20 21 7 4 -16 -2 18 -10 14 0 8 25 6 -15 -10 -5 41
6 -4 3 -12 -6 14 4 1 15 -1 24 0 -10 24 -1 -65 3 17 -11 4
-12 1 5 -7 -20 -1 18 48 -10 -25 21 -7 7 17 8 -1 -12 -8 14 -29
4 5 17 -5 4 -21 4 -17 -4 -15 -6 -5 2 -13 9 8 1 -11 -11 -9
1 1 0 -30 14 -20 -23 -2 -6 -4 1 -24 22 11 -7 -2 29 5 -3 -15
-1 -6 -9 5 30 -4 0 27 -25 -14 -12 2 -3 5 11 -20 7 9 -92 9
-27 -8 -11 -17 -16 -10 19 19 -1 5 9 9 -21 -10 33 10 -37 -35 35 -8
7 -2 -15 -9 -53 -42 -6 -32 -2 -22 -34 -37 2 13 -1 -3 -9 4 -4 13
12 16 -7 -3 -2 -9 10 -16 18 -20 -29 14 18 -6 -6 -42 -68 3 -2 4
5 14 9 -1 -13 -14 -11 18 -33 -2 33 4 5 -1 6 15 5 28 -6 5
16 3 35 1 -36 37 14 -2 52 28 -10 -4 -8 21 -36 18 -14 17 9 9
13 41 39 -3 -33 58 -7 11 -104 -5 -10 20 21 -4 62 -26 14 6 14 -9
-32 20 -35 -33 19 -25 -21 -33 -5 11 -11 36 1 23 -23 -38 48 22 -4 -15
-26 -36 28 -43 11 -13 9 -13 10 -14 -6 -8 -14 0 -30 -16 -18 -12 23 -4
4 4 11 3 -17 -7 1 -15 -18 13 32 15 2 -10 -8 5 20 -8 -1 -12
-12 -20 -7 -1 19 -18 -1 -6 4 -15 8 -19 12 -28 4 -23 -7 21 6 4
-4 3 -19 39 15 -10 9 9 -12 3 15 -6 15 5 6 -43 6 31 1 6
-10 18 11 -14 18 -4 -18 19 8 8 0 -4 -4 8 -8 5 3 6 -1 2
5 -3 8 -9 -5 -10 -2 16 16 3 3 -3 15 -11 12 13 -18 10 -18 -25
1 4 22 -6 3 -21 -12 -2 4 -11 4 12 -2 -8 -13 13 6 16 -22 20
3 3 2 -3 -6 -17 0 14 10 -39 -5 7 -18 7 -24 23 22 21 7 4
25 19 54 36 37 0 -77 4 20 -18 -10 4 11 -29 78 -23 2 1 -7 -6
-11 10 -7 17 -25 -36 20 -27 -16 -29 -16 10 -28 -8 -19 -21 7 1 2 12
2 -18 -7 12 -3 35 7 19 -23 25 32 -23 15 -2 -19 -32 5 -6 3 13
-59 13 -28 -2 -35 13 -27 23 7 -20 0 25 -2 -8 0 12 25 -16 30 0
-4 -3 5 4 22 14 -16 -6 30 36 -5 -4 -27 -23 -2 -1 5 10 42 -12
15 35 28 42 -1 7 -31 -25 -15 53 -64 7 -29 -7 4 -32 4 6 -36 -24
-40 25 4 -14 -37 -30 -34 13 -35 8 -10 -9 -17 -11 -6 34 3 -43 16 -18
15 -42 62 -10 -29 -1 36 15 -1 1 -8 -18 3 -9 19 -1 -21 -30 -7 -11
36 -27 -6 -8 -7 16 2 2 6 -14 11 -6 17 26 7 8 5 3 0 0
-15 -19 -12 1 -10 -12 -27 -28 -13 12 -6 -8 15 2 14 -1 3 6 14 -4
25 -7 1 10 -20 15 25 -6 14 -2 -6 30 -25 13 2 12 15 24 8 5
-6 -46 -16 -1 -21 -14 -9 -7 7 20 -9 -13 -7 -23 -6 -4 -47 -18 -48 -7
-36 20 7 -15 7 -41 22 17 -13 2 7 46 13 4 3 -23 -6 -5 23 42
-13 3 -7 5 -2 22 -2 -1 -11 7 25 -71 -8 -20 -4 4 -3 23 2 8
-6 2 9 -1 -4 19 6 -13 10 6 -4 -6 -15 -8 8 -6 -4 7 5 19
0 -31 8 9 18 7 -1 7 -6 11 2 -10 -16 -3 -2 8 4 -28 -1 -7
-9 -10 3 -1 -1 2 -2 20 10 1 -8 -6 7 -13 -15 3 8 -10 -7 2
45 -8 1 -17 21 2 3 2 9 -51 0 -19 -24 11 -6 -23 12 26 -41 14
9 -7 -8 -24 -9 7 -40 -30 2 12 14 -25 -16 -14 -14 25 -62 -20 35 19
-15 -16 43 -14 23 1 44 -26 29 8 -3 -20 -6 -9 5 -45 -21 -4 33 -25
-40 -19 -23 20 70 -52 12 -32 8 2 -16 39 -5 -29 -4 28 14 -28 -12 -1
-21 -1 -10 26 -28 -24 -26 66 -4 -9 -36 28 -25 -61 28 -40 37 37 21 41
7 71 -17 13 1 21 8 -20 -19 -40 -54 -19 60 -40 -25 20 -17 14 19 -24
-30 4 22 -10 -4 28 32 5 33 -31 -17 -4 -50 -6 -19 -66 2 -69 -29 40
-22 -6 34 -15 36 6 -42 -39 35 11 6 -32 -13 21 -34 -2 -31 0 -38 16
10 -45 -49 -75 26 40 -37 7 -27 18 71 2 17 29 3 -76 -22 -36 -10 37
2 -24 -45 9 -43 -13 -5 -24 -23 -5 41 -8 -27 -27 -10 -12 -1 17 -19 28
16 -1 -40 18 11 -11 4 3 32 -32 -13 19 4 -4 24 -2 -21 8 -11 11
-9 -24 -34 13 27 2 8 28 4 30 7 -47 -39 8 17 -23 1 32 18 6
-4 38 9 9 -13 -25 -28 13 -4 -2 -26 11 -13 38 7 -18 6 -35 -2 22
-4 -15 -8 -4 -20 18 -12 -14 -7 5 0 -16 -18 19 17 -12 -26 -14 5 1
-2 -24 -7 -8 -5 -23 -4 -8 29 -12 -15 -40 22 9 -14 -1 -16 -49 -9 -12
-19 -20 -3 1 11 1 -1 -5 7 -9 31 -22 54 -21 -25 -28 20 20 -34 -28
35 -21 0 -10 -37 -26 22 2 11 -15 17 -10 -29 -8 23 36 -26 21 10 -45
15 -39 9 20 -1 44 -7 1 11 9 13 -3 21 2 5 25 -32 -3 44 -18
-7 -32 -25 12 27 -46 -26 -21 64 -26 5 -16 -16 -17 -9 13 -41 -42 18 -41
10 -3 -7 7 17 -10 -21 -18 17 4 -19 11 -2 -3 0 -14 0 3 8 10
13 -6 -14 -2 -13 9 5 -20 2 -8 -1 -15 -5 12 -5 -21 -20 6 -2 -14
-34 5 -51 13 -31 10 6 -4 27 -42 -2 -10 2 -28 -70 -29 20 -1 16 21
15 -17 46 -24 -29 11 21 6 61 -26 -23 17 0 -6 -9 16 34 1 4 31
-43 30 15 24 -5 26 -5 -1 -50 1 -9 -36 -30 -28 5 43 22 45 -46 -26
44 -15 -27 0 8 15 24 -24 -45 -25 8 -6 18 41 -25 -15 34 -10 -26 -22
-21 -4 -6 -32 12 -17 -14 11 22 -14 4 -22 -95 -21 -1 -6 14 12 -3 -16
-6 -67 -15 1 -17 -25 -58 47 4 -39 -25 -5 -9 13 -12 -55 -20 -2 -8 12
2 10 9 -10 9 -8 -44 7 -7 -25 0 5 -7 55 -43 -13 34 9 -4 -83
-30 -13 13 -25 -4 -47 7 -4 -33 4 0 -26 -6 -39 -42 -29 1 12 1 -1
-4 4 -4 -4 5 -24 -1 -8 -2 -4 9 -7 4 3 4 -28 -1 3 -11 -4
-5 10 19 -2 14 3 -14 0 -9 -12 9 31 11 -2 10 -9 -26 3 -28 -31
1 -7 -32 21 -18 19 -42 -9 6 -36 18 17 -7 6 -2 26 15 9 -4 4
0 -12 -9 -9 8 20 -30 2 -18 14 -15 -2 -9 8 -8 -19 2 1 40 1
11 7 -28 -10 -1 -5 9 -10 -8 -22 -7 3 -18 -16 -59 -34 4 15 -12 71
-24 -2 12 -6 -23 -18 66 -60 -18 -32 -11 7 7 -18 30 -14 15 5 2 -16
-21 -6 -21 6 5 -23 -18 -5 10 14 5 16 3 9 18 29 -10 2 -28 -9
44 -3 -7 -5 -26 11 -1 -31 13 -8 7 -3 -8 -8 17 -5 4 7 -1 -21
-9 -16 -5 1 -6 -19 15 28 -3 -7 -4 -11 9 3 -29 13 -9 -4 -8 21
-19 -17 -18 -18 -4 4 -6 -14 35 17 19 3 11 -11 11 -28 -7 3 -18 -41
-42 27 1 22 11 19 -3 24 -7 23 -22 15 -6 -9 20 8 -22 -4 -12 -8
11 -13 -22 30 -25 36 10 -9 -10 24 12 27 -36 3 -1 -54 15 -15 59 0
-10 48 -11 15 -3 15 -76 -15 -18 -26 38 6 43 6 -10 6 -23 -7 13 5
14 -9 7 6 26 21 -59 -14 -19 -5 4 -4 -7 -22 -14 -14 18 -12 -4 -13
18 -10 -12 -2 -6 -3 -5 -43 -6 -17 1 -14 -31 2 -4 52 14 -19 51 -10
42 15 -2 -26 -20 19 -12 4 -3 11 -64 9 -4 7 26 2 -17 7 -12 9
-15 3 -15 -6 0 -16 -11 -11 -18 -17 -3 9 6 9 -4 10 36 10 7 13
-26 5 24 11 -11 8 -6 -6 4 -10 -5 5 -9 1 -11 -5 -13 -17 10 -14
-5 1 -13 8 -16 -12 14 -3 9 -9 -21 0 26 2 -29 16 -11 -31 -10 -5
0 13 3 -8 3 -4 -9 2 10 22 7 4 29 0 22 2 4 -8 3 -11
-10 17 -9 2 -13 3 -18 -10 -1 9 -26 -2 -22 20 31 -14 10 37 14 79
-11 28 3 -48 17 -5 4 25 -9 -49 5 -11 31 1 0 -30 -17 -30 -8 -4
12 5 19 -29 14 5 11 20 -2 -1 7 0 -6 3 -16 0 -4 -1 0 -25
-10 -10 -11 -10 0 -6 -10 7 18 12 0 11 -10 -9 -10 -5 7 -13 -1 -11
28 3 -1 9 -4 24 1 3 -18 14 8 -17 10 -36 -18 -10 20 0 6 -64
35 23 14 -5 -12 -34 -32 24 -23 -4 -48 8 12 11 -17 -21 -3 21 33 9
-67 1 -34 -14 29 12 31 -24 0 20 60 -7 -13 -23 -20 -41 22 -11 -5 -6
20 -40 30 -6 11 -20 -14 2 40 14 -29 15 27 -58 -24 -17 -7 5 15 -18
-44 -29 -14 7 18 17 0 11 1 -6 7 -26 -6 -11 -28 -48 8 -53 -3 -81
-24 40 -12 -2 -16 6 44 23 -73 51 -5 -9 1 4 5 -17 -4 27 13 37
-19 14 -35 29 -2 -10 -30 -1 18 -28 -76 -6 17 24 -5 52 4 -35 -11 -31
22 -5 5 -22 -79 -32 -29 6 -29 30 14 -49 0 -36 22 -80 -3 -66 -11 -6
-29 -1 14 -8 42 6 5 -7 -38 -23 11 -2 -3 38 -39 62 -71 36 -13 -6
-22 -23 9 -16 -29 18 4 -24 -11 4 -6 23 -25 10 2 -15 19 0 -6 -27
-4 -10 -23 -8 26 -2 -14 11 -4 0 -23 -8 -11 1 4 -27 -19 -29 -27 -5
7 -7 21 -29 -8 -19 44 18 4 -7 -9 14 -3 -18 -12 16 20 -1 -48 -41
-15 -35 -1 -9 -2 -16 58 23 -11 22 12 33 -24 21 -13 12 5 -5 -23 -38
4 -28 55 19 -40 4 28 -5 -16 40 -3 34 3 1 -48 -11 -5 38 -35 -13
32 -10 -17 44 -31 -51 -12 -8 -6 27 65 11 -23 -14 -3 20 62 46 0 -9
3 -16 -23 -15 -12 4 -11 -13 -16 -8 -1 -18 -4 -9 -12 -31 -4 -26 28 15
1 -13 0 -10 -9 -43 3 7 -6 3 14 36 10 12 -8 -14 0 1 -15 -24
11 -21 2 -33 -8 -5 -24 1 -18 13 -17 -32 5 8 -5 -10 4 70 -20 -29
3 15 0 -80 23 -7 -19 16 4 -44 19 -2 -75 12 -9 14 -3 -3 -1 -4
-9 13 19 -2 11 -1 -13 -18 -38 -39 -4 -18 -9 7 12 16 10 20 8 -1
-2 8 5 -19 -29 -5 3 7 -10 5 -5 -35 47 7 -9 5 -17 -4 -21 29
8 8 -3 9 -7 61 8 -25 17 -17 -34 29 15 59 10 29 -1 20 -16 -11
5 -14 14 -1 -2 -21 -27 -9 -22 -22 -27 0 -23 13 -4 4 1 8 10 0
-9 -16 3 -24 -12 -9 -26 -4 -12 -12 21 -15 -14 11 9 3 -3 -72 16 18
6 3 3 66 -29 -8 1 12 -4 2 9 -52 -9 -2 0 1 1 6 6 2
1 -7 -4 93 -6 -5 -9 5 -3 12 1 9 -6 -2 11 10 -26 18 -12 5
11 -10 6 -3 1 5 19 -3 6 8 15 3 17 -31 14 -3 12 18 -5 6
0 1 -2 -8 -4 -16 -7 -6 -6 -9 4 4 0 -9 -4 9 9 18 -13 5
-1 6 6 -3 -4 1 -10 0 23 -12 2 -3 -7 -8 -8 -44 -3 -5 -41 -2
-17 -20 -21 101 13 -3 4 -12 5 19 13 4 15 11 -6 6 -7 91 -55 -2
9 15 23 -18 32 1 13 -16 11 -12 7 -1 2 -9 7 6 17 14 5 -33
23 -31 22 -5 -6 22 18 -1 -8 58 13 12 -6 -27 -4 -6 -10 3 -6 -21
2 -5 -3 -20 29 8 0 7 -23 -6 1 5 24 -3 -33 12 -14 -8 9 -7
-17 18 -12 1 -13 6 0 -10 3 -14 -1 34 13 17 7 -26 7 -6 -3 -3
7 -12 -19 -8 -14 -18 -3 8 -28 32 24 0 10 2 -20 47 7 9 -21 -13
-12 -21 -10 3 -26 6 30 -6 12 22 1 32 -4 -9 -13 14 12 -10 -5 12
-31 22 55 -15 11 11 1 3 -7 11 -31 31 -7 43 25 -2 -17 54 -46 2
-27 -3 -44 1 -9 27 -1 -2 16 -25 -11 5 57 -4 -27 2 -24 -17 -6 -25
16 0 -9 -50 -13 -21 -7 -23 6 31 14 -13 15 -2 -9 8 22 18 -2 -21
-2 6 -3 5 -3 8 -18 -4 -8 3 13 1 -1 6 13 -4 3 32 -2 12
3 -3 8 -6 24 1 5 -31 -4 -1 10 14 -15 23 4 -12 -59 0 11 -16
3 -15 12 -18 -9 -1 1 5 -5 -1 5 0 -13 -13 -4 -15 3 13 -5 3
-2 6 2 -7 4 3 -12 6 -14 3 -9 -1 -19 1 -3 -10 4 -2 14 5
-28 -2 22 -22 10 15 22 -1 -29 19 -22 6 18 3 -2 20 -20 -5 -3 8
11 -25 -17 -12 34 -14 -6 13 -11 -19 6 -1 35 -16 -13 -7 -2 22 -1 -1
-42 34 -41 8 -3 0 14 -15 39 30 2 -4 33 7 -25 -40 16 -13 21 0
0 -18 29 -16 -34 -22 -5 30 -6 -19 -57 -2 25 13 8 -1 35 28 -8 34
0 -3 32 10 -33 -43 -10 16 -1 -6 -17 42 -10 34 -16 -19 2 1 0 -6
-3 -17 21 -12 -22 -14 10 -27 -24 14 4 7 -8 9 -5 -13 -5 -22 14 -12
3 4 13 -4 -3 13 14 32 -8 9 5 -25 28 -14 -67 24 54 -61 13 42
20 -23 25 1 40 38 25 3 12 23 -32 -6 2 34 -9 20 -11 -29 1 31
1 -27 -7 -44 -11 -22 19 -35 -23 22 -18 -2 1 23 28 -2 -19 -15 -27 31
0 -36 68 -15 3 -27 17 -3 -41 26 -13 -3 -16 -1 -5 10 -36 30 -35 4
-23 -70 -21 21 -5 -24 24 -5 -4 6 44 30 -18 -38 -3 -37 28 16 -10 -6
-12 13 -5 -5 -24 44 14 1 -9 -36 -26 11 -22 9 32 24 -26 47 5 -29
-16 -4 -9 17 6 74 -60 -21 -3 10 29 -20 -29 -73 -15 -73 -54 1 -65 -7
-23 -47 3 -11 61 -8 -18 18 35 -14 -36 14 -22 -28 14 -7 14 -1 -24 14
5 -23 -6 57 22 4 57 34 -9 -8 13 -29 4 18 55 4 31 -40 -35 -21
-5 -10 -27 -11 -14 6 -10 -9 1 -3 -17 -10 -32 15 -4 -14 12 43 -26 28
-23 -30 4 2 -31 -25 9 -18 -44 -2 6 -19 18 -13 4 -11 -37 -35 -7 -20
-10 10 12 -2 -14 -44 -13 -20 -7 3 -33 -11 -1 -42 -2 -41 -7 9 -13 12
-31 -11 29 -2 -4 12 -11 -30 4 -18 22 -5 11 12 -34 -6 0 1 -9 -29
-8 18 28 -29 36 12 3 -7 -3 23 6 1 21 23 0 -7 6 8 10 -14
50 -21 -7 -7 -1 -3 -23 -7 2 15 -10 -11 -15 -1 22 3 -7 37 -15 -12
2 -11 -24 8 6 -16 -1 31 0 1 -7 6 -5 -12 -20 -11 7 23 21 -20
-11 -16 2 -11 -20 15 6 14 -2 -8 4 -9 4 10 -9 24 -2 -7 12 2
20 -6 -2 -26 3 3 24 -6 -8 13 -13 13 -14 -16 -12 4 7 -27 14 1
45 3 4 -17 7 19 42 -5 18 9 10 5 31 -53 -15 -3 15 -12 -22 16
0 -51 -7 -11 0 -2 -1 -19 1 13 -6 -23 -12 -40 12 -21 -51 -10 -6 -7
-19 -29 24 -2 23 -84 5 1 19 5 -29 -35 -22 -56 7 23 -13 -18 4 -23
-16 -16 -15 8 -10 -15 -17 -27 -11 20 -25 -25 -30 46 64 -12 4 6 16 -16
-28 -15 -1 8 -7 -30 -2 3 21 -11 -24 12 -17 -14 35 11 -19 9 -16 19
-24 18 -47 -24 5 -36 -32 -10 -1 -9 -13 -36 14 -26 24 55 -30 -19 -23 -55
21 -28 -22 -24 -24 -13 -22 -13 -12 -2 -50 -58 -12 -14 -19 -62 49 -24 0 31
-10 50 -21 5 13 -6 -24 -8 -44 -8 -23 -32 -36 50 3 -36 -18 -21 -9 -11
-6 -20 -21 8 -4 -10 5 3 6 2 -26 21 2 14 0 5 -1 4 -25 -22
-14 10 -7 1 -55 -21 1 16 19 -30 -14 -1 41 -37 19 54 12 -27 8 19
15 5 -2 11 8 14 -112 -91 9 16 6 -32 5 -20 -44 6 -8 -7 -28 -22
0 0 -9 -4 -10 -24 -7 31 15 -13 5 -24 14 21 2 -18 11 8 2 6
-45 -21 5 -2 -1 17 21 17 -1 7 4 -16 -5 19 20 4 5 -19 23 16
12 -7 -10 -12 -5 -1 -32 -1 0 19 -8 18 -13 -13 -6 -4 -26 -12 38 -10
24 -7 6 -1 18 12 -9 6 -11 -23 -15 -6 24 -6 27 -5 -17 -10 -19 -25
16 -34 -19 2 -5 13 -33 12 10 9 14 -19 26 20 -9 20 -8 13 -5 1
-4 38 -30 -11 -5 -21 36 -4 -45 28 25 24 -13 -10 -71 18 44 -10 16 -33
-34 46 -8 56 9 35 7 -11 -20 21 -17 -9 -3 -40 33 13 13 28 -15 -9
40 7 -35 14 -28 -45 41 -65 -25 -7 15 -22 3 8 53 -3 -3 -17 -34 -36
10 -16 50 -50 -21 -36 27 -13 -33 13 9 -9 28 15 -39 18 -30 -18 -17 -4
-13 50 35 7 52 -40 -1 3 -19 -11 37 -25 8 -17 -41 -35 19 18 8 -2
11 -32 -10 -23 4 16 -38 -22 -56 4 65 -4 71 8 18 -32 49 -7 5 -93
-34 7 -13 -27 5 6 13 49 -4 -17 21 -14 -29 -3 -7 -12 31 -7 23 -1
-15 1 -5 -35 19 -46 -15 31 -29 14 -7 -22 -33 19 -14 -31 -4 38 11 22
4 -10 1 15 -6 28 12 1 15 -26 -7 -1 10 17 7 -17 -4 6 11 23
-2 0 -2 7 67 -15 -13 2 -34 1 15 0 0 -11 36 24 0 -1 -11 4
20 -10 -10 14 -106 17 94 5 -28 -29 -46 -10 8 -41 32 4 -16 -9 58 3
-53 46 -28 20 -18 -36 -31 17 -9 -36 -3 8 -15 3 17 -12 -9 20 -10 12
-11 47 -10 19 -17 8 -18 5 19 16 17 -17 15 -25 -4 -40 -19 13 25 -27
1 10 14 -31 -11 5 -4 -30 27 9 -36 -4 -8 -6 -9 -1 -1 -3 -20 8
14 2 -32 0 2 -10 24 7 -4 3 2 -10 -17 19 -25 55 11 27 -11 22
-8 7 -12 1 19 -30 40 29 4 -24 -6 6 -2 28 -4 -42 28 13 1 -28
-12 13 -30 23 2 7 -24 26 -4 -2 2 1 -6 21 6 24 -1 -33 -48 -34
-20 -10 42 33 -22 9 -1 18 -10 6 10 -3 12 0 4 29 48 10 0 14
-17 0 16 25 18 2 -8 2 19 2 -47 17 29 12 10 -19 -64 -1 8 22
-7 -16 -30 5 28 -17 -9 -2 -9 31 18 7 32 0 -27 -14 55 -21 37 -5
-13 -13 -43 12 23 27 -20 -21 -30 -13 -4 -44 18 3 15 12 19 8 -44 1
-28 8 0 3 -21 25 3 -11 43 21 -2 -30 2 -42 3 10 1 -44 -25 -21
-30 37 -15 30 7 22 -37 -39 -5 -5 18 17 -46 -2 22 -1 -28 7 -13 -19
4 -4 11 8 -17 -7 -15 -4 7 7 -28 62 -8 -11 8 11 -37 16 -6 0
-6 -5 0 -13 -4 -8 -16 18 30 0 -35 38 -10 -11 -14 17 0 0 0 23
12 2 -38 35 -2 -6 18 8 -11 -28 -20 -16 -40 -2 -44 -8 -5 11 -49 -7
-43 -26 30 7 -16 41 4 -10 21 -27 14 46 22 -1 11 -42 -47 7 -21 -22
56 -13 48 0 -12 1 3 -29 -13 9 -4 -11 -11 -22 -69 31 -21 19 -9 32
-13 -27 8 18 -22 -22 -24 -40 -35 -14 7 -17 -7 -12 -33 9 -16 -29 10 5
40 43 33 -3 23 -22 -9 2 -16 -17 -7 -4 -7 21 21 -64 16 3 -43 -29
32 -14 -2 0 11 58 -17 11 -32 -44 -12 -43 26 20 21 14 -47 0 27 4
10 16 -28 -31 -15 1 16 60 -19 -15 21 14 21 15 -8 -20 -16 26 31 -50
23 -7 16 21 6 -1 -31 -39 -59 -31 -26 3 5 -6 12 15 4 -14 4 -7
5 -38 -11 28 -11 -11 7 -6 6 -21 -33 -43 -48 4 15 -31 6 44 -47 23
-3 14 -47 -19 -35 -14 -109 2 28 -30 13 -23 -16 -2 26 -42 -22 -23 15 -26
6 69 -15 24 -2 -67 9 7 -17 -29 -4 9 -45 -35 29 -22 -9 -24 -22 5
-29 30 -1 0 22 -15 11 13 -11 11 -32 -18 -29 -36 37 -9 7 -10 18 -18
47 -7 17 3 -22 -22 13 -27 -45 19 -5 8 -16 -2 -3 -14 6 -13 -11 -45
-12 16 -25 1 10 -64 13 39 -2 -17 18 24 -27 50 22 -25 -6 -11 7 11
-13 30 -29 -22 14 20 9 15 16 53 -4 28 -3 36 19 8 -1 -49 -6 -14
13 -26 -45 -34 -6 -45 72 -18 11 -16 28 -17 28 -75 15 6 -12 52 44 4
10 -5 -12 -16 1 -10 -60 -22 -35 13 29 51 10 -8 3 -3 3 -34 -28 -8
7 -37 4 21 -7 -9 13 23 -36 26 26 9 -8 -17 -25 -16 20 -6 42 13
-22 -21 19 -9 17 -30 37 42 18 9 21 -51 -10 -29 -28 -5 48 -59 45 -10
24 42 7 9 -30 -23 -33 -34 11 1 15 11 -54 12 -11 17 -47 26 -65 -26
-10 32 -41 -12 -10 25 60 -3 -116 4 -31 -24 -8 -38 5 24 42 45 6 -27
51 9 -54 46 34 31 -1 16 -19 -9 -9 34 -14 -1 2 3 14 8 -26 -7
21 1 12 -12 -25 -40 25 18 -38 34 5 13 -21 7 -32 -13 -14 3 12 7
-7 24 -11 -9 -10 -10 -3 -23 -4 4 -62 11 22 5 -62 6 5 5 -4 -28
-4 23 -9 17 7 2 -39 -26 -22 29 10 12 -18 1 -3 31 -4 1 4 -47
-37 -12 81 40 -49 -6 42 22 12 -23 4 8 -14 0 5 -16 13 -44 3 27
-3 1 -23 16 -6 9 -1 -13 2 1 1 4 16 14 -16 -5 -5 7 -37 -31
17 11 -30 28 -18 -2 -28 1 -16 -16 -8 -13 23 26 14 -12 8 7 18 19
-7 -15 53 2 -41 22 -4 11 11 16 -26 -3 -11 10 -4 -30 -24 -7 -23 -16
1 27 -7 -2 -3 11 -19 -14 -4 -21 -13 -26 4 3 14 30 -48 -4 1 9
-15 3 13 -17 -15 -20 -25 11 48 -28 16 18 -18 -12 6 -15 -19 -23 6 -8
35 -7 -8 6 18 14 22 -3 1 34 8 0 2 -12 -23 -25 11 -11 -8 11
8 -3 -24 -17 -6 22 4 -17 -9 -8 -19 -8 6 8 -25 -13 13 -5 -19 6
-14 -9 -37 -1 1 -16 47 -5 41 9 -18 -17 21 -7 39 -49 -12 -5 7 -2
-9 -18 5 7 1 11 -3 -12 -16 -11 -25 28 53 -51 60 8 -1 3 8 -2
13 -5 45 16 -29 -1 -76 37 26 12 -17 -18 0 5 -17 -7 42 5 -45 -10
23 -23 5 30 0 8 4 -6 -25 6 -92 37 -33 23 -3 36 1 7 -12 -4
15 19 -2 39 5 -8 27 26 -9 -11 -26 -8 -19 -29 -13 7 43 -31 -21 39
9 6 -5 -13 -6 -18 -18 -10 27 -5 -23 1 1 -34 0 -27 -6 -31 -8 -19
8 -22 -30 -50 -9 11 4 40 -20 10 11 -8 -8 -1 9 -17 45 -13 -15 12
-2 -7 7 -25 -19 -20 -14 15 -5 -8 8 5 41 -12 -14 -16 -16 15 -24 24
14 22 28 32 24 -19 -19 -5 0 9 21 2 -13 -39 -28 11 23 15 -29 -22
4 81 -6 -5 -19 -20 4 37 19 -45 -28 -3 42 48 -24 9 -88 -5 39 -16
11 31 -41 -36 -19 35 -11 19 0 -3 6 -9 -42 -13 -22 -32 23 -12 23 -21
9 6 -26 1 49 -8 6 2 9 -5 12 -20 -9 -27 -33 21 -14 -20 -50 -4
-15 -26 -14 26 -37 7 -7 -8
