19 0 2 -7 -29 -2 -14 4 -6 -4 -9 18 -15 3 12 28 4 -15 -29 -1
22 35 18 13 67 -32 -20 32 4 3 10 13 -1 -26 17 18 1 -3 -13 -7
2 3 -3 -1 26 -13 -15 -4 -88 18 61 48 -7 -22 -7 17 -9 15 -28 -10
4 33 -27 11 -20 8 11 -8 15 -14 -33 13 14 7 8 8 8 -2 6 3
-9 18 38 9 -36 -23 12 -7 9 13 3 3 0 -13 15 3 -19 15 1 -3
-19 -22 -16 -7 -54 23 14 -3 -10 -12 8 -8 -23 16 -15 26 16 -9 -12 -24
41 -28 -10 -24 -19 13 7 16 -10 -38 -7 22 10 -17 -20 -15 0 -5 26 -21
-30 3 -8 -10 9 -8 10 -16 26 9 0 3 22 18 34 7 -13 -16 -18 0
-20 -29 10 23 17 -3 20 2 -5 12 2 5 3 -3 -3 -18 -19 -9 -27 -11
15 22 -4 -14 -14 0 -21 -13 6 -12 -1 1 -7 -8 -25 -11 -12 11 20 28
15 -15 -23 -18 7 -15 -5 11 37 -5 -37 -29 14 -7 10 7 -11 41 43 1
-17 -7 -10 -30 -14 25 23 9 -13 46 31 4 5 -8 32 11 9 -10 -5 -1
-14 -2 -6 5 5 -7 9 -2 -3 -1 23 -7 -3 33 -6 -5 -31 -2 7 -3
5 28 53 12 26 61 5 -15 -7 10 20 22 9 -19 9 -7 12 6 3 -34
-39 1 -15 25 4 -7 11 0 -2 13 -13 20 -8 -115 13 -11 30 9 -23 7
-37 13 42 -6 -4 -1 10 -4 -13 -5 21 -8 6 34 -18 -8 4 -28 -8 3
-7 -11 17 30 15 -18 -4 5 -25 -47 -6 -17 7 -6 18 -7 -1 9 9 -3
7 -7 -5 10 7 4 -12 97 4 -7 -24 15 31 -15 -1 6 38 11 13 -3
7 14 -32 -1 -29 41 -6 -10 -20 12 0 0 3 60 58 -4 28 -29 -3 -3
-1 -23 -1 7 5 5 -1 15 -9 19 -1 22 -29 -17 -20 1 15 -30 8 -1
-59 18 9 1 1 14 17 -48 16 21 -59 -28 26 18 -4 0 -3 -15 2 18
-7 6 -6 -34 2 9 17 38 -38 4 -8 3 -2 -4 0 -20 18 -8 -9 5
13 -6 19 -1 42 -26 14 17 -24 4 10 -4 2 -2 -37 -14 17 9 8 -8
5 0 10 -10 -7 8 20 12 -1 4 -23 -6 10 -14 20 -2 -7 -10 -6 -4
35 1 12 19 5 10 18 13 -9 -4 14 8 4 5 3 1 41 9 -25 -72
64 -21 -7 6 -2 14 -11 2 -6 13 -2 8 -5 -6 -26 -5 -6 -7 -23 16
8 -2 9 13 5 -22 23 20 2 3 2 -1 -2 -19 3 15 2 9 -1 14
7 -28 -4 9 -11 20 -9 2 -1 23 12 -1 -10 20 -17 10 -6 9 12 22
-3 34 -53 27 7 -30 -17 7 -2 -14 19 26 0 -2 1 16 -2 -5 45 10
25 -6 9 2 11 -17 -17 -23 -51 -24 -6 -59 -29 -19 -1 21 -15 5 29 -77
-19 22 -11 -8 22 6 13 0 -51 -10 -36 -16 9 -22 16 -14 -27 14 15 -1
-11 20 -1 -1 31 -15 -43 -19 -22 39 1 4 7 32 44 -28 43 -11 23 1
4 1 -13 13 66 39 30 51 -5 -16 5 -38 -55 49 1 9 -10 10 -5 -5
31 35 1 -8 -16 11 -21 32 16 -47 49 43 8 2 17 15 -18 -35 -3 -15
-21 -28 -36 -9 5 8 -1 -23 -13 26 -1 16 -4 -2 10 4 -7 -3 -3 -27
4 26 -13 -12 4 32 -17 -8 0 -14 10 -23 -9 26 -3 60 17 -3 7 6
12 -16 -21 16 -8 -1 -1 13 10 0 -4 -11 -24 41 7 -9 4 1 2 -9
5 0 -6 -15 0 -2 7 11 7 8 -6 0 -12 -2 16 -2 -13 -41 -5 -34
-8 0 5 -30 3 18 3 -11 46 -21 -41 -1 -2 -9 5 -8 18 -4 -23 13
16 -19 15 -7 -2 -2 3 20 -7 3 4 15 -5 -23 -15 -27 16 -35 -3 -13
-11 -2 -42 -11 18 -44 73 -6 12 1 2 1 -1 18 -10 -3 2 -3 -1 -9
-21 46 -10 -14 13 6 -3 0 -16 3 5 -12 24 -18 11 -4 6 3 0 4
17 -20 26 4 10 -16 -14 16 -8 -5 3 -17 11 -15 -5 4 12 18 0 0
11 0 4 3 -13 -1 -12 13 10 22 -10 9 -16 -9 -24 -9 4 -5 0 8
3 5 0 -10 -4 20 35 -7 -10 -9 2 5 4 0 7 18 1 -12 -15 -26
5 10 3 -20 -7 -19 -13 7 -12 -10 -4 -1 -11 -2 5 -3 -9 17 10 -12
11 0 -5 4 -5 6 31 12 10 -25 -3 9 14 10 17 20 5 -4 -6 -7
-27 -19 2 3 10 -2 11 -16 6 -1 -44 1 -4 -23 8 -5 7 -7 5 -7
-8 6 9 -7 4 0 0 -10 -1 1 -10 4 -5 -2 11 -11 -27 3 0 -11
5 1 -20 1 6 -4 19 -18 -16 -18 4 1 -10 -2 14 21 0 -2 5 -6
-18 -1 8 -2 8 10 5 3 7 -3 10 -3 8 -18 -1 -4 -31 4 2 6
5 7 1 -2 8 5 5 -3 11 13 -3 -29 31 37 -3 18 5 9 17 14
-9 14 -16 7 -5 6 0 13 7 9 -10 -27 -2 7 11 7 3 26 4 -13
-42 -27 15 2 13 16 -22 -2 -23 -14 8 0 -9 -7 22 36 23 -2 -26 15
-3 -19 2 13 11 -12 -6 -43 -8 2 5 -5 10 -26 12 -16 -15 1 -2 -8
-14 -11 32 20 -2 6 8 0 -15 7 2 2 6 9 31 -6 -14 0 -6 0
20 13 -10 6 -1 1 1 -3 7 -11 11 21 -8 8 12 31 11 -7 -7 0
1 5 5 -1 9 -6 -18 26 -4 -5 20 14 0 -46 -14 2 9 28 15 10
13 4 7 21 -9 -29 -11 10 -17 -20 -9 -19 -21 -17 31 -8 -14 -1 -14 -3
-2 10 2 16 -7 -3 5 4 -16 2 -14 -17 6 14 2 14 4 11 7 19
-9 -9 -9 12 11 22 -3 -31 15 -9 5 -3 -1 -11 -10 35 8 -14 -15 -26
-4 -12 -6 17 -4 -11 3 -7 22 2 -11 9 5 12 34 -10 -6 34 12 4
10 5 -2 -10 -8 -19 -3 5 8 1 -6 -7 24 9 -4 -25 -12 -8 6 -9
-19 21 7 -10 -28 -8 7 1 -2 18 27 7 4 71 13 -1 5 0 5 -7
-12 8 -14 5 3 7 5 -26 -30 -34 4 -4 13 -11 -21 -5 13 -2 15 2
-9 25 -19 1 17 9 8 22 -7 31 -14 9 28 -6 9 -20 17 -19 16 32
-5 15 28 -1 -1 -14 -6 15 5 -4 -3 7 -8 -7 2 -4 36 -12 4 16
-9 5 -4 -6 20 -2 37 0 -6 29 -6 -11 3 -13 2 -73 0 4 -5 7
-30 -6 -22 7 -19 21 -3 -1 7 -9 19 3 -5 -16 3 -1 -6 12 -23 21
16 -1 13 6 6 -28 -11 16 -5 3 14 -18 -25 28 15 11 -14 28 6 4
-25 4 -8 25 -2 20 -6 -13 11 -4 2 20 27 -3 -4 27 10 -23 5 0
-18 10 -4 1 18 24 2 18 15 6 -7 -2 -4 6 32 -6 9 0 -2 -15
-5 32 -2 21 -6 -1 6 -14 15 -4 8 14 -14 -11 0 12 -39 -19 0 29
3 2 -16 -20 10 4 -12 -3 13 4 -2 15 -16 -2 -13 -2 4 -20 6 9
15 24 3 -2 11 -6 0 7 -10 -10 -6 5 2 22 -8 -2 16 -5 23 32
-6 -8 -42 0 8 2 -5 -22 -52 -17 -14 19 -3 6 -12 7 -4 8 14 5
12 3 25 -19 15 8 -2 -7 29 -20 12 -18 0 -29 15 -12 4 4 -1 3
-16 -1 -16 9 18 6 14 -16 5 -17 4 -14 49 1 -3 -11 5 -2 -15 15
25 -18 29 -26 56 -15 -9 -6 19 -34 49 -16 -5 -8 12 0 -10 -10 20 -8
13 8 4 14 24 1 -7 -14 6 18 0 9 -13 -3 -18 0 -11 35 11 -8
20 13 -1 -22 3 -37 -59 -20 -12 -25 -1 6 1 -16 -20 -13 24 1 4 -17
-8 22 -9 30 -19 9 -8 -1 9 -7 -5 -12 -9 -9 4 31 -4 -28 20 -6
6 -53 2 63 38 5 -19 2 58 14 3 32 48 17 8 17 16 6 9 -11
19 -22 -2 3 -8 -4 24 -21 -6 -2 -13 -10 -14 5 0 21 14 25 38 20
20 -1 -2 4 33 14 17 80 51 8 29 7 -3 -11 1 -4 5 6 8 4
1 19 0 -11 -5 9 20 -20 0 8 35 -1 -30 -13 22 42 -12 4 16 42
-6 4 7 5 27 -11 -8 -3 -7 17 25 15 -6 24 -11 7 3 10 -1 30
12 -11 -28 -14 6 0 5 -8 -3 19 11 -10 8 -2 -2 12 4 -6 8 52
32 -12 8 11 -16 -4 -9 21 3 -19 -11 -6 3 -11 22 10 -30 28 47 -26
22 27 7 -4 0 7 -50 -43 -18 -15 18 -10 8 -12 -11 64 -17 -7 0 28
26 8 8 24 3 -53 11 -19 2 -3 -18 18 -4 -1 29 1 7 19 19 -25
-5 20 -73 -16 7 8 9 19 -9 3 -10 -1 -10 -5 -6 2 1 -46 8 16
-60 -7 12 -4 -2 17 -12 18 29 -35 12 21 -28 -1 6 -2 8 -9 -33 11
4 -15 0 18 22 -13 4 -3 13 1 5 2 -9 17 -5 18 -25 -10 5 1
-2 0 11 9 -27 19 -30 2 -24 2 7 5 -7 0 8 -10 -6 10 -18 -19
-1 13 -20 -25 36 15 -29 1 0 39 -4 -32 -1 1 9 10 14 -2 -10 15
16 -17 47 -12 -11 -20 -7 -19 -5 12 -19 1 -5 6 36 11 29 14 11 -17
-38 4 11 -2 11 31 1 2 -4 -4 10 6 29 -29 20 27 16 -14 6 -11
24 4 20 -10 6 -20 -2 -1 -12 -4 4 -2 22 6 9 -2 -8 4 -3 -3
29 -21 4 -13 33 -1 7 -1 -4 27 -12 8 0 20 22 1 -22 -9 -11 -15
-2 -32 8 -21 -5 15 -5 -2 16 -9 3 31 0 -5 15 -2 3 11 13 14
-64 -12 -6 -65 22 -15 -19 -12 -14 20 -14 0 20 -17 4 16 1 -9 -54 27
17 5 -6 7 0 -7 -16 -22 7 2 17 2 -12 2 12 -28 18 15 1 26
2 14 -2 22 15 -14 8 3 -15 -4 11 23 20 -4 -4 16 5 -29 3 18
-28 -5 -9 -21 -25 -5 30 -12 4 11 9 -4 12 -12 -14 39 0 -4 -14 -32
3 60 -10 -13 15 36 7 -1 -11 -19 -40 6 17 -13 -5 -4 9 4 1 63
17 17 -33 -12 2 23 -8 6 -17 18 31 -44 -5 -6 2 -2 14 -44 0 -18
-31 -8 6 9 -1 24 -15 -20 11 9 -6 -20 -9 -11 23 37 -3 19 6 7
6 9 -18 -17 48 15 -4 6 3 24 37 -15 35 -49 -20 29 -49 -42 5 2
-1 40 -19 -6 1 -4 -40 6 -3 -17 25 8 -39 22 16 3 -3 -37 -4 -5
-84 12 -4 -16 -3 0 14 7 -2 69 -10 -20 16 -3 -20 -10 -10 -22 -2 15
-7 -12 13 1 2 39 -14 -47 3 -7 17 29 1 4 -14 -7 -63 1 9 2
40 -1 -15 -35 -18 31 21 3 -3 4 -39 33 3 -59 -15 -7 18 25 -4 16
-4 -16 9 -3 -6 -5 35 -6 -8 -46 -5 -4 -68 1 -2 17 4 4 9 24
-22 8 -9 -51 -19 -10 -4 -10 23 -3 42 31 3 5 5 16 15 -5 -34 56
17 0 5 19 4 -25 -25 -21 20 -33 -16 -8 -4 7 -19 -8 -36 28 24 4
0 5 6 0 -12 -45 -2 29 -6 52 14 2 21 -5 -38 7 -1 7 -11 -5
1 12 17 -27 48 -2 6 11 18 -9 -2 5 24 -28 3 -20 24 11 2 -26
22 -23 47 -6 -4 -1 11 6 -2 -4 1 -1 6 5 8 -6 10 16 -10 -8
42 42 5 13 6 -21 18 -5 7 -7 2 -4 -4 7 28 -16 -2 22 4 1
-17 -7 -5 -19 -3 5 11 -4 -10 -19 13 -8 18 -6 16 -5 0 -10 11 2
-2 1 -27 -11 12 48 4 11 13 6 -3 -16 -6 -5 24 -18 -5 9 0 5
-9 -26 7 -15 -8 2 -5 -3 -11 -15 23 13 49 -3 4 5 1 13 -7 3
-24 -33 -18 2 -29 -8 -6 -23 -18 -32 -27 76 -14 -14 3 8 11 -14 -1 13
-23 -6 2 16 5 -16 -10 15 -18 -53 -6 -24 15 -5 26 -8 6 15 7 -17
-18 5 -10 8 0 -9 -7 29 10 1 35 -2 4 -8 15 28 28 -6 5 3
4 16 -17 -1 -21 -2 -7 -11 -18 25 10 10 15 24 -97 17 33 -3 1 -2
-9 -9 9 41 16 -21 -8 11 -4 -14 -12 -25 36 8 -16 0 4 -31 -13 -4
-30 22 9 -19 13 -2 6 -15 13 -25 -10 -43 17 24 11 28 13 -1 -18 -26
3 16 -17 4 -19 2 8 -6 -16 21 20 -9 -4 16 5 1 -20 14 7 6
-6 -6 11 -4 21 0 7 -10 -13 -3 11 13 2 20 -21 2 3 9 19 -4
-5 -3 9 -23 16 9 22 4 -3 8 -24 -4 28 -11 -7 5 -5 -10 0 0
6 3 37 6 -7 -8 4 9 2 3 -21 4 21 28 5 16 9 -1 10 5
-8 5 -4 -5 -3 -1 -8 -11 13 -27 -5 9 -20 3 1 -8 2 -3 -6 6
15 22 -11 -15 7 5 4 6 8 -12 -14 5 -12 -1 -13 -1 9 2 1 20
2 3 3 8 31 13 -7 -8 -7 8 -12 16 15 -2 24 20 35 35 -15 -18
5 -4 5 4 -3 -8 6 -4 6 -12 5 -11 -19 -13 -11 -11 1 11 8 2
15 -35 12 -22 8 -7 -20 41 5 -2 -5 -3 43 4 0 1 -9 -8 24 17
-37 51 -26 4 -19 -1 -8 30 8 -15 -19 -28 5 -1 2 -18 -35 -1 -13 -11
-2 -8 -15 8 -5 30 26 4 3 -17 -3 -11 -6 -8 -23 61 -14 -17 3 7
2 -1 14 21 -51 14 -20 -23 8 2 -26 -18 -43 9 13 3 -22 6 -21 40
-7 22 -30 7 -24 14 -29 6 0 6 -21 -28 -15 10 4 -1 10 -19 -11 5
40 7 -12 -46 -3 -12 3 -17 45 -1 2 -14 11 5 -14 1 -8 -3 -10 -18
-23 0 -10 -8 18 4 56 -59 -1 -2 0 -18 4 8 -31 -22 -1 8 6 9
-12 -10 10 -3 44 4 -13 -18 -12 3 0 -7 -4 -7 3 -14 6 21 -9 16
24 20 -17 -11 20 37 -12 -5 -10 8 14 -12 -6 -20 -52 -15 -16 -5 -10 22
14 -13 14 -2 -3 8 -18 -5 -5 -19 -26 12 69 3 7 18 8 14 -5 -4
0 -28 11 -7 1 -5 1 4 -4 15 11 2 -11 19 7 10 8 -3 -5 -3
9 -6 -1 -15 0 28 -6 -14 -10 33 -4 8 -6 -20 12 17 16 2 -9 12
4 -5 -5 -31 23 -1 -1 9 1 11 -15 20 28 14 11 6 -11 9 19 -1
10 -7 -5 -14 -55 -28 -4 -3 -3 1 -6 8 -5 23 -1 1 20 7 -20 35
-5 -3 1 7 2 -1 -12 -8 26 -18 -5 0 -5 -5 -20 -16 48 -25 30 21
-22 16 6 -7 -2 2 7 -1 -4 4 21 -9 4 -4 13 5 -17 1 12 -12
-2 -1 0 -3 -24 -16 -2 -8 -1 -2 -7 -22 11 -14 -17 -2 6 23 8 -6
20 1 3 5 -2 -10 9 5 -1 5 8 -41 24 15 -4 12 -10 -18 3 14
-17 37 -8 -31 -2 -22 1 11 -18 -6 -12 7 0 5 -25 2 -2 -49 28 0
1 -8 7 5 -9 -9 30 0 -23 8 -4 -12 -6 19 -3 -13 30 -1 -2 11
-7 -14 -13 -15 9 -6 6 19 8 35 -7 -18 -1 11 12 2 9 7 18 -7
-1 19 -15 48 4 4 11 3 -2 6 16 14 3 15 -16 -10 2 15 11 8
-1 -21 -13 -19 28 15 -6 -5 -2 -16 -2 -1 -6 38 6 -16 -17 -10 17 19
-7 11 -5 -6 5 -19 3 -1 7 20 14 1 5 1 -15 2 14 -19 5 -28
-45 -25 -5 8 -7 21 9 19 3 51 13 -23 -11 19 -18 -2 11 24 26 -2
9 14 2 6 -8 6 -3 8 18 -1 -4 27 5 37 -2 -10 -54 -3 -19 2
0 -1 3 3 7 -6 6 5 -5 -14 6 12 -15 -3 -5 -10 -3 -14 -8 -6
-2 4 18 14 5 7 13 -4 -11 4 -27 -22 -74 -20 10 -10 4 14 -3 -13
11 34 2 -3 -20 -1 1 11 2 3 -3 3 -4 6 2 32 16 -18 16 -2
-11 20 17 17 17 -60 -9 -1 -31 -26 -23 29 13 -30 34 -2 -5 -20 19 -9
-10 -10 9 -6 -14 4 19 -4 -15 3 11 -5 9 0 -24 30 -5 20 -23 0
29 -22 -40 -2 -24 -9 -15 20 6 -2 6 -28 -4 -4 -1 -19 -29 5 40 20
4 14 -15 13 -7 -11 13 -7 30 -34 -9 35 1 0 2 41 24 -6 8 -9
1 7 -19 15 -23 -9 6 -9 3 9 0 7 9 -12 17 11 -35 13 29 -41
5 10 -8 23 -35 17 5 9 1 10 8 -3 -3 34 -1 -7 36 -16 -11 -24
0 -21 42 -5 2 23 19 -12 9 29 3 -12 12 7 -17 -3 -6 -9 -1 8
-12 10 14 -17 -6 7 1 -2 16 -27 10 -2 3 2 -8 3 2 29 27 -20
-11 -18 -6 3 -5 -4 14 11 -8 18 40 -2 7 12 6 17 11 1 8 19
6 -4 -20 -4 1 19 -38 -17 0 12 5 12 -14 -2 -35 2 20 19 16 -10
10 -2 -11 -26 9 -13 0 17 10 20 12 21 30 4 4 14 17 -10 -18 0
-3 10 -6 -7 -18 7 7 21 3 9 5 -9 4 2 -6 -15 11 22 -34 16
19 -6 7 10 -1 28 3 -17 28 -11 -6 3 -5 -9 23 4 2 -20 8 -9
15 -4 9 51 6 -7 -23 7 -3 -37 -15 11 9 -6 6 -25 -12 -3 -13 -4
-19 -25 7 6 28 -10 -4 -2 16 3 -1 10 18 48 -7 -16 -3 5 -3 1
-17 -13 22 37 -4 -12 -3 10 8 3 10 47 8 -20 -21 11 -1 -21 21 25
22 -8 3 -7 14 -10 -17 20 -7 1 20 3 4 -4 -7 20 -3 19 0 -25
-1 -3 -2 -7 -27 10 -8 -2 0 -14 -1 4 -5 -1 -8 10 10 -14 -16 -2
16 -9 -99 12 -2 -9 -27 6 34 0 -10 13 9 6 26 -4 8 -11 1 14
10 -2 -19 3 5 9 -6 -14 -9 12 3 -14 21 3 4 -8 4 -8 6 3
25 65 -15 9 15 13 -3 -14 18 21 -15 11 16 -7 -12 7 -58 15 -17 -14
-13 6 -3 -14 0 10 -6 -7 35 19 10 -2 13 -18 -5 -8 5 -41 -14 15
27 -10 -3 0 -12 11 -42 -3 1 11 14 24 -7 -11 14 -3 24 12 -9 -5
4 18 -13 -1 14 -15 13 29 -23 -24 -11 -9 -27 -19 15 -18 31 -12 -9 -24
3 -21 -34 18 -14 3 -19 9 -5 -15 1 -28 -14 -17 11 -30 -7 -8 3 -7
9 -26 19 29 -19 1 50 21 -6 -24 66 -3 -30 19 -14 10 -2 -3 -48 -37
9 12 -7 -6 0 6 -10 4 -29 5 8 34 -7 -14 10 9 -79 -16 23 19
13 8 -29 7 -44 -11 6 2 -85 -36 26 5 14 23 3 -11 6 10 15 9
22 6 -71 11 26 -5 4 20 6 -7 -10 -15 35 -4 5 30 -13 7 7 -13
-1 5 -10 -6 18 19 12 4 6 0 -26 9 -5 -46 10 -8 15 -3 -5 6
-2 0 35 -4 -8 -15 10 0 10 4 8 26 2 0 4 9 -14 20 -11 9
-60 -14 11 1 -3 -17 32 7 2 18 25 4 7 20 -15 -5 21 3 1 -10
9 -6 -11 4 12 17 -8 -8 5 25 6 -18 -15 -1 27 -9 -20 9 -12 12
-4 1 37 -1 10 -18 2 5 -8 -8 16 -44 -1 16 -26 -1 -2 -10 4 12
52 -3 12 13 -8 4 6 7 11 -28 -7 -30 13 -10 6 -8 11 -1 -33 4
9 -6 -13 5 -15 1 -7 -45 7 -8 -5 10 -6 6 2 -38 -5 25 24 6
9 0 1 18 63 4 -22 25 -35 0 -15 -13 -1 8 -12 -26 17 -1 -4 -1
4 11 8 20 -6 24 1 -3 -8 -3 4 -8 -16 10 7 -10 -7 -8 -7 33
38 -14 20 5 6 -23 -2 26 -2 -1 -3 -17 18 -20 12 -43 -23 -28 -38 -127
-124 -16 -13 -27 -31 -3 0 23 -25 -22 -8 -15 -11 -8 14 20 -26 -12 40 9
-14 -4 -27 -18 2 -8 7 -42 1 -1 -1 15 13 -10 35 7 9 -21 3 6
-2 3 1 42 15 2 8 17 1 -21 -12 29 -36 -7 14 69 -31 -65 20 -23
15 73 -10 -45 9 -5 5 4 2 8 -33 2 24 -15 18 2 -4 -22 -37 8
6 4 -7 -8 14 6 21 12 -1 -12 -2 -10 -3 2 15 13 -5 15 -40 1
8 8 3 12 14 -6 32 57 -7 -2 -30 -6 16 -35 -2 1 -12 17 -4 3
3 -1 16 -13 -9 -41 -10 -1 17 -13 4 12 29 8 18 29 9 -13 -11 35
12 5 -10 -8 -16 6 11 -4 -2 -10 19 7 -19 17 -1 11 -4 16 15 -16
18 5 0 -15 -8 6 -15 15 12 6 -21 3 3 -15 1 -9 -12 17 -16 -2
4 15 11 9 -12 31 5 -4 -23 -11 0 3 -2 -1 14 28 -4 48 18 1
-28 -12 -8 -20 -1 -8 8 -17 -9 1 8 -3 -54 -17 -11 41 -8 0 8 11
-2 6 -2 14 -35 21 -7 28 13 31 -18 9 -11 -2 -33 11 -52 -4 -8 3
-6 -11 1 -20 -4 48 1 3 11 12 -11 -14 -11 3 -5 -11 1 -8 17 -13
-13 8 9 -49 5 4 7 3 32 -18 31 3 25 -22 -5 26 -9 0 1 -9
0 -14 12 3 -36 -10 -6 20 -11 3 -7 -2 4 -10 12 -3 8 -8 9 -29
4 -6 -7 17 24 11 0 1 14 -28 -2 16 -18 24 16 -4 9 3 18 -13
-6 -13 13 6 -4 -8 26 10 5 1 -7 -14 -11 7 6 -3 -5 -16 -16 -10
9 -25 -1 -18 6 -15 8 -6 11 -9 10 -14 -21 5 -17 -29 13 1 15 -17
-4 -17 -13 1 25 0 11 -101 -1 23 -9 26 24 -6 2 2 1 -13 -17 35
16 10 -8 -2 3 -23 -33 4 24 22 -2 -4 2 8 2 22 -4 43 -20 -16
-31 -15 1 21 -46 -6 20 -19 -3 14 -9 6 -43 3 10 -12 -30 -8 -3 -1
9 -33 38 5 -2 -42 -18 -20 -20 -14 42 -32 -1 -26 -20 8 -5 -10 -9 -19
-29 -14 10 2 -10 19 4 0 38 8 -7 -8 2 8 -24 -14 -5 -29 -15 6
-11 -2 11 -13 10 3 36 -29 -8 -4 -6 -3 -21 3 -2 -6 11 21 13 -21
11 -10 -12 6 -23 -3 -1 6 -25 -5 -9 12 22 28 -19 4 9 -5 7 20
-14 1 14 -17 14 -24 4 0
