6 26 5 -1 24 -13 -10 12 18 -1 -1 -1 -8 -11 -26 3 4 10 6 -7
-8 14 37 24 -4 -30 -28 -9 16 -8 10 40 -15 -13 -16 8 16 0 4 -19
33 8 -5 -51 -69 20 32 -11 -6 11 -8 -12 -21 -17 -11 12 -2 -13 -16 -2
-12 -25 2 -6 7 1 -16 2 0 -5 -12 -20 21 -15 0 27 89 16 -34 -49
-43 2 17 -3 -32 -24 -19 -19 7 5 17 -10 3 -1 -3 40 -22 3 -6 23
-10 8 -50 -44 -48 -13 -18 -7 -6 8 3 -12 -32 -27 9 10 -6 1 -5 -24
-35 28 -41 -3 -4 -6 -15 9 -2 27 16 10 10 -22 -16 10 -12 -19 48 15
18 -26 -53 -11 -7 -8 -15 -1 -4 -36 3 -14 -20 6 -5 -12 10 -8 -4 -8
-26 -20 9 0 6 -9 -5 7 3 -11 -24 13 -3 -12 -6 9 41 11 0 9
8 -15 3 28 -25 21 -2 14 26 -16 -20 -8 21 62 27 7 9 -12 -3 -5
-13 12 -1 23 8 -20 6 0 -16 12 -20 15 28 -9 -9 -1 -7 -21 -17 -22
-52 29 -13 14 13 -11 -12 -11 -5 -7 -26 -2 15 1 4 9 7 0 -27 -9
6 -9 8 -4 -2 2 7 -6 3 -2 -20 12 25 -3 -2 34 16 -17 5 16
-5 11 3 0 2 -1 24 -13 1 1 7 9 -2 -12 -55 15 2 -56 16 -1
22 11 2 16 -6 -2 -1 -11 9 -8 -27 3 -20 10 -3 -7 5 7 0 -2
-15 -20 -16 -3 4 34 16 -11 -6 3 -24 -13 -1 24 -15 0 46 16 30 -33
-32 3 2 -35 5 -25 31 3 17 -18 -8 -9 -70 27 40 -54 -10 -13 -44 -12
-27 6 22 35 33 25 0 14 15 3 -28 -14 21 44 -32 -71 13 -9 -17 -2
-3 -7 59 11 40 1 10 2 -22 -2 -6 -9 5 -7 -3 -5 0 -7 7 17
26 11 -37 6 -11 -22 -22 15 -16 -11 7 22 -15 8 6 -6 -16 -24 -18 -13
-33 -3 5 -6 12 -5 -7 9 -25 0 -12 -2 6 10 -7 -127 67 12 -20 -20
3 48 -57 8 46 3 -7 21 -12 -15 7 0 12 -19 7 35 11 10 -22 -11
-6 -5 -9 -12 16 12 -4 -17 -40 4 -10 -21 -29 -24 -110 -33 51 -3 -55 19
3 2 -2 -11 13 43 6 -25 19 -14 -3 2 -12 15 -19 -16 -10 4 -10 -9
2 31 18 -27 6 13 -8 -14 -4 4 13 8 -8 -34 -2 4 1 -5 0 14
21 -20 -44 16 22 10 -14 11 -19 7 4 7 -4 -3 13 23 5 15 7 -4
17 -1 -10 15 1 1 -37 -9 19 -35 -3 -11 8 -11 34 8 -1 34 -6 -13
9 -12 -5 19 32 6 0 22 3 9 1 -3 7 -18 1 -25 0 21 -9 17
-1 -17 -23 -10 7 -25 -14 14 -13 -20 12 -36 -16 63 14 -16 -29 -78 9 -46
-44 -27 -30 -10 11 -44 0 22 -68 75 -5 -35 7 -1 0 -35 -6 -38 44 -22
-10 11 -6 -45 38 15 -76 88 -1 -18 25 6 -1 -25 -12 -5 -33 -9 4 5
3 -12 -3 9 -36 12 -1 -15 2 -3 6 15 27 -11 -20 -1 7 -7 4 -8
22 -15 28 -7 -22 -13 33 18 -13 11 -19 -3 22 11 25 14 -15 7 6 9
7 -54 31 -2 -52 14 -39 56 -27 -43 82 -1 36 -13 6 10 -20 -22 -12 28
-8 -8 6 11 -8 8 3 -1 13 2 -9 1 -4 25 -9 -9 4 48 -5 0
-45 -16 -15 17 -10 17 -30 4 -6 -10 -13 -33 -24 -4 -59 28 7 -27 -10 -6
2 5 -14 3 -6 12 -1 0 10 -7 -9 -14 -1 1 -13 5 11 -32 -16 -34
-6 5 31 -29 -24 -13 38 15 16 -4 42 62 69 -44 -93 -55 -8 13 14 -6
-18 2 7 17 41 -1 3 13 -18 6 29 1 10 23 10 -3 4 3 -15 6
-4 -9 -22 1 -6 24 -11 1 33 -1 9 -14 0 14 -12 -17 -53 -16 -6 -16
22 4 4 3 2 -11 7 -33 -42 -16 8 -17 -12 0 33 -32 8 -4 0 2
7 12 -6 12 -9 -42 -75 -54 -21 12 9 7 -9 -16 8 1 -8 -17 1 2
1 2 4 19 25 -4 -1 -6 -17 15 -32 12 -17 11 6 3 4 2 -1 27
-31 4 28 16 29 0 16 29 0 22 -9 22 9 1 12 0 41 -48 28 -24
-15 15 23 -1 13 55 25 -27 3 11 -8 20 -6 -2 13 -41 18 -24 9 14
3 8 -26 -46 -9 1 15 7 8 -16 4 17 -1 22 36 0 -17 -7 -9 -7
-13 -1 -15 -10 17 13 -1 11 23 10 -28 -21 -22 9 20 -1 -3 -17 -19 -38
-10 23 -15 23 3 -10 -8 10 -18 -28 -18 -11 -20 -25 20 -43 14 -43 -67 26
0 25 14 -37 -32 18 19 17 45 -13 -8 5 -18 3 5 -18 2 4 -21 -22
4 4 -25 -3 29 -1 -36 -12 -9 -13 -10 -10 0 -6 -75 -16 -2 27 -14 22
27 23 90 -4 0 -23 -36 -28 0 -8 -3 -10 -13 -45 25 26 -48 13 -2 -4
-7 -13 -9 -9 -29 -19 3 -17 -9 -12 -24 -40 18 55 14 2 0 -6 -2 -45
-33 -11 119 39 12 18 -5 31 -12 -15 -33 -3 49 -1 -15 15 -8 12 -18 -18
2 -6 2 0 6 -6 15 -25 17 -15 -34 0 -4 2 9 -27 1 15 -21 -9
-21 -30 -5 -16 -99 -58 -41 19 61 -13 0 20 -11 11 -19 4 8 -24 5 -13
9 -1 17 -25 -11 5 14 2 8 -4 -8 44 25 -4 50 3 -15 13 -1 -4
-14 -5 12 -27 -11 -8 1 23 14 8 0 25 -38 -35 -2 5 -12 -19 4 10
-19 -45 27 2 27 29 8 65 14 18 23 1 -2 -18 8 -15 -26 8 12 1
-3 -4 -2 2 -21 -12 -2 2 12 10 2 4 6 1 -5 16 -2 2 5 -11
-23 1 -53 -26 10 -12 12 8 14 -5 -17 -16 -13 -17 -6 -3 18 7 3 22
9 16 27 -2 10 4 -14 6 15 -5 -13 -6 -1 -9 -2 -1 3 9 4 -19
-2 -5 16 -3 15 -10 -6 -8 -4 -21 -28 -14 11 -6 17 23 0 12 -10 9
-5 -18 -23 3 19 -8 18 20 -2 2 -23 4 8 6 8 7 6 13 15 -1
23 15 5 -4 14 20 7 17 9 -4 -21 1 -19 -30 -7 18 21 11 -6 -3
-25 6 -20 -7 -14 2 -3 7 -19 5 2 -8 -5 -1 -6 3 -72 18 6 -15
-54 -8 -4 -31 8 -39 73 -2 -14 16 4 -24 -1 6 32 79 -18 -54 10 59
-24 -25 1 -34 75 6 -27 -10 18 -18 -13 10 -13 -15 1 14 13 28 5 21
13 -33 8 30 -12 -12 26 -2 -5 -6 -32 -13 27 15 -16 -26 -6 8 12 -11
-6 39 3 15 -57 7 -6 -8 -8 26 28 -3 0 38 -1 -11 1 9 -49 -6
-16 -73 0 7 -40 -27 17 35 -22 -28 19 -8 -28 6 27 -34 23 0 -19 23
-17 -31 8 38 0 -7 16 14 -8 0 6 4 14 -10 52 7 29 -22 -29 -10
3 -6 38 -4 -4 -49 -8 9 -7 -3 -9 -47 44 27 -28 -11 8 -8 -38 -29
-7 -10 -2 8 13 -28 -5 -11 -2 -8 1 19 7 0 16 5 -4 10 -1 -3
0 3 -2 -15 3 -7 6 6 18 -47 15 43 -50 12 -13 -27 0 18 -19 2
28 -46 -6 30 -75 -3 -47 -27 16 -71 -41 -5 -33 -23 10 51 -66 -2 46 -25
11 -5 -32 15 0 -27 -17 22 14 17 -26 4 4 -5 -10 -31 34 -26 14 12
-28 -4 -10 -41 10 15 -12 2 -6 -20 5 -26 18 -6 12 24 -7 -9 13 -12
-5 -4 1 22 -6 5 15 -17 19 -15 3 9 -48 -12 -9 -52 8 -9 -4 4
-8 42 -21 0 -22 19 -17 37 -8 -8 44 -51 4 31 -21 -8 18 16 33 -7
-4 -11 2 -5 -12 -8 11 17 13 15 2 14 -24 -6 -1 -10 -21 -4 -3 3
-17 -9 -8 12 -2 4 -34 -9 9 22 0 8 -26 25 -5 38 -39 31 37 -2
-1 -6 -19 15 -9 0 -35 46 -19 -27 -5 29 16 -84 -10 14 -20 -39 -8 -82
22 -5 8 -98 -10 24 -24 8 -13 4 74 37 -82 -40 -40 31 12 -27 -17 11
-32 -17 10 50 16 3 -4 -6 5 9 2 10 10 -35 -14 -7 -10 24 15 -10
3 3 26 -10 -7 -8 -25 -30 5 -17 -6 10 13 29 7 31 -15 7 41 -5
2 -13 -4 4 25 -8 -24 37 48 -6 21 -19 -15 -47 65 -49 0 -9 47 3
-1 12 11 -15 2 1 4 24 -73 -14 -3 -102 46 9 -25 -2 -13 -42 -5 -7
-24 16 -10 23 -10 10 -9 -33 12 65 -21 -29 -24 25 -21 -20 8 15 24 58
17 -6 3 18 4 -2 -5 -20 -17 -13 4 24 9 10 -17 -19 -24 12 14 -7
-3 3 11 -4 4 -17 6 12 -8 -16 -3 5 -4 -11 -12 30 15 39 -14 -35
29 8 -5 -4 -14 -18 -13 -2 -5 26 6 5 -30 7 1 -38 -39 -8 -3 -12
-1 65 -103 -14 -9 -2 10 -8 -20 3 33 -17 -6 -7 -9 -7 -19 -10 -11 -17
11 0 -8 9 -1 3 10 5 -16 49 10 19 -33 -34 -16 19 15 35 21 1
6 -10 0 -30 -24 -5 1 30 15 -23 8 17 -1 -1 -22 5 3 -9 7 0
-4 -12 11 -3 0 16 1 7 6 -6 2 -9 0 -11 -8 13 -7 12 7 -1
6 -2 -14 -25 -1 9 0 3 14 -24 -8 11 -9 13 0 -17 18 -2 15 19
5 -17 19 -10 -22 -11 -3 48 62 5 -16 15 -3 3 8 -8 -1 47 14 -92
-66 -3 -27 -33 2 0 -5 -1 -16 13 -28 -13 23 2 -1 -8 4 22 18 12
22 21 -17 26 5 -5 -5 -9 -12 -8 -11 12 -6 -5 0 -7 -9 -11 3 -1
-3 -6 -10 -34 -11 -2 -24 -16 8 12 16 31 -15 37 45 6 -28 -26 -9 -26
31 -10 -17 5 -9 -12 -3 -16 21 -1 0 27 6 0 23 6 53 21 -16 -10
-30 5 -1 -30 -15 67 44 -3 5 -24 2 -1 22 24 9 1 1 2 -18 -13
14 -3 -27 5 25 -8 6 2 -18 28 11 -9 -13 -20 3 -21 -12 16 -26 19
6 -10 17 -8 -24 13 -4 -15 10 7 8 45 -17 6 26 -6 3 11 3 30
41 -11 -74 -57 -3 -14 -42 -17 -3 -42 -8 -4 5 10 3 5 9 -15 -17 -15
-3 -10 -34 2 -20 -23 28 -38 -11 10 -29 -3 -4 -15 -7 -26 -11 8 15 0
-11 26 5 -8 57 23 -4 22 47 11 -5 17 14 64 43 -1 -26 -80 -10 -31
-51 9 0 2 -20 -9 7 3 -7 9 5 1 12 -4 6 -1 1 -8 -19 -2
-58 -52 -21 5 41 27 1 10 26 7 -51 -24 -78 -33 8 32 -2 -14 -21 -25
7 -10 41 6 -4 0 15 1 -32 -29 -12 33 9 -15 14 13 -10 12 12 0
-4 -31 2 7 26 36 2 -21 -4 9 60 8 -6 13 -34 -63 -78 0 0 49
-34 -9 -2 -30 -48 -6 19 23 38 11 -13 -29 -19 -4 7 -30 -26 12 -9 21
17 5 30 -26 -7 -7 -36 -10 24 50 -29 -45 -8 -10 53 -35 4 -8 39 4
0 -11 -15 -7 7 -1 -8 1 -17 -17 0 -71 -42 -9 13 1 11 19 -18 -49
-28 6 81 27 32 -18 -1 9 -26 0 1 0 -5 -12 12 21 -6 2 -11 41
29 5 35 0
