37 1 -9 3 -15 -41 7 19 -30 10 14 12 -14 -25 12 -10 -21 35 2 -5
-17 -5 21 -1 -2 12 18 -5 -33 -15 16 -2 20 -13 12 1 -22 -6 -18 -23
-6 36 3 -6 -14 -22 -8 -22 8 16 -4 20 -20 10 -13 -14 9 4 -13 5
-31 -25 32 22 4 -17 -2 -26 -8 6 7 27 -2 -15 6 9 -29 -34 23 -12
13 10 -30 21 -3 54 -24 -13 -26 4 -3 13 -22 26 24 -1 1 -25 -8 -20
7 18 1 36 15 7 6 -12 12 -13 5 -1 27 16 -60 7 -8 -1 -1 41
-4 14 29 14 -7 -18 -21 -9 -24 35 -70 -59 -13 -23 -8 -2 23 0 15 -9
12 49 9 2 -13 7 -10 -25 6 -26 26 -43 0 11 -6 -45 -11 26 16 -43
9 -8 19 14 -15 -2 0 28 -20 39 -19 9 -13 34 20 6 8 -25 -55 32
-21 13 -40 40 -2 -13 40 19 -4 -12 -32 16 -35 -15 8 -24 -2 -21 2 -32
-35 33 -1 -30 5 -38 -5 -17 -48 -12 24 -23 37 15 34 -7 5 -15 -11 34
12 0 -16 -34 8 -21 -6 -16 -15 -19 13 -42 -22 -42 9 -1 42 19 19 -45
-15 -33 50 -56 -9 7 4 37 2 32 -2 -12 13 19 3 1 -23 0 -26 -7
-15 4 -12 -8 -45 21 9 8 51 -11 25 11 -6 30 -24 12 -13 -7 -1 0
-2 -16 -11 13 -27 -14 9 5 9 12 9 6 -2 15 38 16 16 -28 2 -7
15 12 -17 1 6 -23 -1 -14 28 -12 11 -19 -8 8 -3 -5 30 24 -24 -26
-23 12 17 -39 21 7 5 15 -2 2 8 -10 3 19 3 3 2 16 -20 -3
14 -4 -7 -21 2 -12 -20 1 6 11 -21 1 -1 -8 6 -9 16 1 7 -20
-2 -23 -13 9 2 5 7 -6 0 -6 -10 -1 1 -1 20 11 -15 -18 -48 -32
5 0 -18 5 0 14 18 12 1 9 -25 -12 -5 -12 -10 21 -8 -5 -8 4
-2 17 -9 32 -5 23 6 23 24 2 -11 17 -7 6 8 8 -5 -17 11 8
26 -1 -29 9 -18 -34 4 -9 9 0 1 11 40 -4 3 -24 -8 17 -6 -12
-18 -11 -21 -10 -16 17 5 9 23 -17 19 -2 13 -3 3 -3 -4 -24 2 -8
2 26 -22 -6 16 11 -18 44 25 5 -11 -25 -1 -8 -7 12 -11 -2 45 18
-9 33 -14 14 11 28 -9 -5 5 -3 -48 -20 38 10 7 -3 -33 -1 -3 22
14 -2 -15 1 9 -3 -8 -2 -2 4 -17 -2 58 1 -1 9 0 42 -31 -27
12 -24 -1 48 -27 -14 13 -15 -22 -4 -26 -1 5 23 30 17 13 26 20 2
26 -25 9 -2 14 2 5 2 2 24 -11 -9 -9 1 40 -2 -15 17 -4 22
34 7 16 40 3 25 60 26 -7 0 -5 -4 -72 23 -11 28 -44 -33 25 3
0 -8 -16 -5 -4 49 11 -16 -43 -29 53 57 -14 23 30 -6 21 19 37 -11
33 -23 -14 0 -1 0 -25 12 3 -13 -3 -5 33 23 5 8 9 -4 -25 7
10 -4 -2 -37 7 -14 16 2 -11 1 -25 7 9 -24 -42 -9 -14 47 28 -9
-7 -19 -35 10 11 -2 -27 27 -41 34 30 -26 -13 -26 -9 25 1 -37 1 -3
-22 10 0 -22 -8 27 -18 21 3 -54 -34 10 19 -3 -15 15 -18 -26 -21 -10
-25 1 4 18 -34 9 -40 12 -13 -13 12 17 -17 -4 -39 -43 51 13 21 -10
-17 -3 -26 -28 -12 11 -31 19 -31 -7 -35 38 7 15 6 -7 1 32 -17 22
-55 5 20 -11 10 -6 12 22 -22 5 -7 45 -20 24 37 28 -12 11 9 8
-18 -8 -12 6 32 -16 -58 -33 11 -2 9 0 8 -2 13 5 -5 12 -22 27
6 13 -4 -9 24 0 -34 -11 38 3 -12 -8 -8 -3 -12 8 19 3 -9 11
28 -11 9 7 3 -6 4 -21 -7 -35 -5 -21 -14 1 14 15 -4 -14 1 -9
8 25 -2 -13 0 -36 20 33 -6 3 -35 -14 -1 14 -5 -11 -1 6 -4 5
-12 -2 -11 -25 -6 24 -22 6 43 -13 17 6 -18 -11 3 -5 -1 -1 6 -5
-5 2 -1 5 -16 -19 39 -15 7 4 28 7 25 -9 -33 5 -27 11 -5 3
-6 5 26 -2 0 -5 0 -18 8 -64 18 20 -2 8 3 5 2 -1 13 16
0 11 0 7 13 -5 -1 18 5 -4 -25 -8 4 -8 -39 2 -3 -6 29 -4
2 -4 -12 -24 -16 23 17 9 -20 10 11 0 -25 7 2 19 12 2 15 -2
12 -13 -7 10 0 13 -3 13 12 29 0 9 13 -4 -8 7 -25 -17 -25 18
-5 12 12 14 33 -4 -13 -11 -1 0 19 -3 -9 18 13 -30 -11 -9 -6 2
3 -11 8 9 -6 0 10 -18 -14 -9 -22 -16 5 -11 23 2 -42 1 2 -6
27 -8 16 -11 3 13 -4 -15 8 -5 -3 -6 14 16 -3 13 2 -6 -2 -8
20 -24 31 -5 15 4 5 -1 -10 6 4 13 -1 7 1 13 -10 -11 10 17
6 -4 18 -1 -3 13 5 3 53 36 20 11 37 -10 6 16 19 42 10 -12
-35 -32 2 -2 12 62 17 -47 -24 17 -15 -23 -12 21 18 8 8 -12 3 -5
-7 3 -21 -37 20 -6 21 28 3 1 13 -29 -26 13 -13 -17 5 9 -9 15
-20 19 21 7 -35 7 -23 15 16 -22 -44 -17 6 -9 -15 -6 7 18 -2 -5
-12 -6 -40 -5 1 -19 -32 -9 21 6 41 -4 4 -32 9 1 11 2 -7 7
-8 -17 -24 -4 -14 -1 17 -14 4 7 1 -15 -14 30 5 -28 10 -58 20 -17
-9 -4 11 -17 12 -20 -28 8 -13 -9 -30 -29 20 -23 -15 6 17 42 -20 -1
15 -18 -10 -23 -25 0 -4 -33 -25 -15 -3 -3 4 -1 -9 -23 -14 7 -23 30
-14 -2 -28 -13 14 4 -14 15 -6 3 6 -1 -20 -38 63 -45 -6 3 -31 -23
-28 -34 -10 37 5 3 -21 -48 2 13 15 -12 26 69 8 -44 -49 -68 -17 22
-22 11 5 61 -31 -10 -17 42 16 -4 21 -13 44 -5 14 -11 15 -44 74 -12
-45 -22 -16 -3 0 20 -4 5 -31 13 0 -8 3 -5 5 11 -2 -5 -28 15
3 43 -5 34 21 -60 7 0 -10 3 -5 57 20 -49 15 -15 -19 12 -39 -13
44 1 -13 -12 9 3 5 4 26 -1 10 -18 5 9 2 7 -38 -19 -21 5
-19 -19 43 -24 -3 50 -16 -14 16 30 -14 21 13 7 24 12 -14 -4 9 -2
11 -8 14 13 11 -11 34 -2 -6 6 -24 -33 24 18 -17 48 -17 -9 22 4
42 8 42 17 18 -43 17 14 -18 -5 -24 10 -23 7 0 0 -32 -8 7 -20
-24 -15 34 -4 -12 -6 48 -7 -28 -6 8 3 1 6 -29 -6 -14 3 -12 -8
-11 1 -6 -4 -10 -18 -3 -10 -19 -13 -5 -3 -5 9 28 10 4 -4 0 12
14 -21 32 26 -5 -2 -1 -36 -30 21 -70 -56 2 5 11 1 -40 24 29 7
20 19 -8 -18 0 26 -19 11 -23 -33 12 -13 -1 16 6 -27 -27 -4 13 -26
1 14 7 56 14 -12 -29 -1 -16 -15 12 14 -29 11 -28 31 -7 -17 24 -5
-27 27 -79 7 -48 -21 20 32 1 -11 -44 5 -22 14 -31 -23 -10 13 -32 -22
-8 41 17 -18 -7 -5 -2 1 1 -22 10 -36 36 30 11 13 -2 -9 2 46
4 -7 8 19 1 -4 19 0 -49 -5 -20 7 10 -1 -36 22 27 -21 -1 10
-20 -33 -15 -62 -19 -1 3 27 -8 19 17 21 48 -20 -24 12 -26 -15 -28 -3
-3 -12 0 34 5 1 21 22 -3 -9 -7 -26 -22 10 7 -29 -13 -3 6 10
22 -8 64 2 -31 11 -22 2 9 15 0 6 -28 27 -5 -34 20 14 32 -4
-7 -20 -27 -29 -9 14 -17 -19 -29 8 -57 -18 4 26 11 17 -13 -28 -23 -2
53 -19 -4 -42 20 -26 34 4 -17 -12 1 11 22 -33 24 6 15 -14 -15 27
8 2 65 -16 42 -100 -18 15 -15 -19 -5 7 -4 -2 -23 -12 -5 -21 6 36
-13 -4 29 -6 -16 58 15 14 1 -18 0 2 -19 -6 14 14 -4 8 -37 -5
-5 -27 -21 5 -6 31 -12 14 0 -9 13 13 -40 -21 -28 13 38 11 -11 -41
-2 10 3 -23 -17 -14 -22 14 24 -12 -20 21 13 27 -7 35 -19 -19 -2 -21
-2 -9 6 41 -50 27 0 -39 9 4 2 -20 2 3 -4 -1 -6 1 -9 9
-36 -13 -15 -9 -21 -35 31 15 32 -8 2 -17 20 21 4 -12 -16 -8 -14 -17
0 -1 -23 13 -20 19 -37 -36 24 -6 20 -11 -13 -17 15 1 -29 -14 42 4
-12 -4 -24 -14 -16 -17 13 -4 10 5 -50 1 -30 -19 -17 -11 2 -5 -1 18
9 -10 -7 -9 -56 10 2 -5 -40 -11 11 23 1 -9 24 -8 -3 10 12 7
26 19 -20 -29 -17 6 4 -17 -22 -4 30 -7 24 25 10 3 -15 -27 12 -25
5 16 -9 24 -2 12 -11 16 3 -20 11 -17 12 7 0 -1 -26 -3 -45 35
-6 -9 -4 -8 13 0 3 -49 11 22 -19 5 3 6 -11 9 -8 -8 -24 -31
16 1 11 8 9 -6 3 4 3 8 30 36 0 -17 21 -1 0 23 20 10
20 -8 -14 -3 1 -22 -30 12 -34 4 -2 5 -24 6 -1 11 -19 8 -6 0
9 75 -1 7 -4 -18 -17 -7 -12 11 19 5 12 32 -2 -4 19 -13 -2 -3
4 -9 -31 6 -3 -9 -5 5 23 -4 -14 -21 13 9 -7 -7 2 3 5 -9
-2 23 -10 6 6 0 -21 -14 -7 15 -8 -7 -11 -7 -18 -35 -15 11 -23 14
26 20 -3 -28 -8 14 23 -22 -8 -6 0 8 11 -21 34 12 12 -1 14 -4
-20 14 46 5 9 -2 11 18 -4 -42 5 11 -21 -8 -5 16 2 -23 -18 -3
-22 -4 -21 1 -1 -12 -8 -14 5 8 -4 8 10 -2 -9 -7 -3 -19 14 -14
-9 -17 16 -7 8 3 -7 -2 -7 9 -2 1 12 -11 6 5 -1 -10 -11 -18
-8 5 6 -22 -38 25 4 -11 -28 -29 -16 -3 21 2 17 -5 -12 -26 16 20
-4 0 -24 -5 -7 35 8 -1 -8 59 9 -94 9 23 -58 6 -30 14 13 -12
-33 -2 -4 -10 -14 42 -3 10 -2 -40 -30 -6 -7 -10 10 2 -4 8 -7 3
-2 6 1 33 2 -16 -17 -20 19 17 11 7 30 -31 -9 45 -1 -5 2 -19
-21 24 21 0 10 -1 -23 -49 -11 -1 3 -23 4 31 12 -11 -35 8 27 -8
8 10 -4 -9 -9 14 19 48 3 11 4 -31 -18 0 15 -5 -37 -7 -3 -15
6 9 60 7 30 10 4 25 -39 -21 -14 -7 10 35 15 0 5 -4 47 9
-8 1 8 -14 -11 22 -12 -8 -41 -9 -7 8 -13 0 -15 -6 14 -6 0 15
-11 9 17 13 -2 2 7 3 12 -7 13 13 -29 5 19 -13 -7 25 -7 -2
33 -15 -25 15 -12 19 -16 24 -12 10 -17 4 34 -4 31 16 -1 18 5 7
4 -31 -9 -16 16 16 -9 -37 6 9 6 -24 -4 -2 -10 24 -7 10 9 18
23 -28 -4 25 1 7 0 21 -2 1 3 12 18 -3 17 -10 33 29 -9 -5
-7 -8 38 -5 18 21 15 -19 6 18 19 32 -28 13 18 -6 16 3 41 9
-1 -16 -2 -11 16 -4 -8 2 9 -22 -21 17 11 17 -3 6 34 5 -2 -6
-7 2 -7 1 -9 8 0 6 -6 0 -49 7 22 -12 -17 -4 -1 3 9 -2
2 -29 -27 13 -3 -3 -9 4 -17 1 -5 -5 24 -1 3 -6 -5 -8 -3 -22
-1 -5 -11 13 6 -12 20 -10 -15 -8 -17 -14 -9 0 -15 5 -12 -20 0 9
-6 -13 55 -20 -5 -5 -14 -3 12 -10 46 13 -8 4 6 -6 -7 16 46 3
-4 3 -15 25 -1 -10 -6 13 -4 -10 -1 -17 -2 -3 8 0 -10 29 -10 8
-2 1 11 -1 6 -7 13 -6 9 -24 -6 -12 5 26 -3 -13 -20 0 23 -46
-23 -15 42 11 7 12 5 -3 -5 17 4 -5 0 -15 -1 42 8 -9 24 7
-7 4 23 -6 -28 13 -11 21 7 3 9 -19 16 25 8 -22 -3 22 21 61
12 -6 -3 -24 10 9 24 21 -23 -57 -20 -26 4 3 22 4 22 9 -12 -8
-8 14 11 4 7 4 -16 19 11 3 19 3 -52 -10 -16 6 28 -3 -2 -7
4 14 -8 -10 21 -5 -21 17 1 1 0 8 14 10 3 14 15 2 -3 29
0 17 -7 16 22 0 -6 -6 -14 16 15 2 -17 -6 -8 10 -1 7 2 19
-9 -8 -43 -5 15 -4 -22 39 -3 9 12 -18 -8 -18 1 -7 -45 9 -9 -11
6 20 25 0 0 -14 -10 15 -44 1 42 -12 -23 7 1 -10 -14 11 9 -2
-1 -14 -2 -31 -17 -24 11 -77 -1 -52 -25 14 -38 22 56 -1 -13 -21 -11 -32
-12 17 35 -6 -16 -2 30 15 0 -5 -28 -20 4 -51 -4 -2 5 9 -1 -65
-3 -3 -18 -2 -1 -35 -35 -30 -31 17 -4 -8 -1 28 -4 -12 4 -3 12 -73
1 1 5 -9 -21 -20 -12 6 -14 0 3 12 7 -47 -16 2 -2 -7 -6 -11
6 6 38 0 -8 -48 -56 -9 -31 -39 28 3 27 5 3 -8 -6 13 -44 11
-18 7 -22 -29 13 -27 23 7 -33 3 -16 -15 3 -1 -22 10 -11 -12 -11 18
-27 16 4 -4 -13 0 -26 -9 -75 -15 -13 -18 -29 -11 36 -26 22 8 -10 -28
-4 -16 -36 26 49 -1 -37 3 -18 -28 -56 13 -26 -8 -5 -17 3 71 -29 -68
-22 -44 -16 -18 -14 33 -46 -11 39 -7 -33 10 52 -45 -21 -65 -7 -19 3 -43
-29 -29 38 -9 -28 32 -22 -17 2 -31 24 -9 -10 -20 9 -20 -18 -22 -23 15
16 16 38 9 -27 -14 -6 -41 -1 -12 -18 -31 -3 -24 19 -2 27 -6 11 -12
-16 -30 7 1 27 17 0 13 -35 14 -20 5 -11 29 3 7 7 -36 -9 21
21 -19 -46 -22 16 -10 -11 -3 14 1 -4 23 10 -31 6 37 29 4 5 -5
-7 20 3 6 22 5 6 1 15 -13 33 -47 -2 5 32 14 -12 -14 19 1
-4 -26 -36 15 -22 -7 -9 12 5 -14 -10 23 15 -29 24 31 7 -11 -17 0
14 18 -14 -9 -5 6 7 8 1 -9 17 13 5 -2 4 3 3 44 -21 24
-12 -1 -2 -5 -6 14 1 8 -19 0 17 -3 -11 -3 0 7 2 15 13 -6
3 -23 -9 9 -9 -8 -32 -5 4 30 -19 -13 -14 28 3 14 25 21 -5 3
7 -4 -3 -5 -1 -2 14 -23 14 -3 -20 -31 11 25 22 -23 -13 21 22 17
22 4 -12 1 0 -23 -2 18 -13 -11 26 13 39 3 -3 35 -7 19 -13 -2
0 10 21 -15 2 13 -35 18 -3 -7 20 -10 7 27 9 -18 -13 21 10 -30
-1 18 8 0 1 -10 25 3 0 8 15 22 5 -7 -8 3 12 -12 -13 -26
-6 31 -11 -1 -1 4 -19 4 56 11 1 -14 9 -47 -14 12 11 5 11 -46
3 11 1 2 5 3 -16 2 36 27 -8 34 12 3 -8 -22 -20 -9 -11 17
3 -2 1 -18 10 -3 4 5 7 21 1 -5 -17 3 8 19 -15 -28 17 -3
-4 -18 -14 -5 -12 13 16 -8 -14 -24 7 5 21 2 8 -25 5 17 4 11
15 -4 -5 -1 26 -7 -12 -38 12 -25 18 -8 16 15 16 -5 -24 -27 -4 -22
-2 3 -9 15 -1 48 -5 14 5 22 33 26 -1 -13 22 -1 37 4 -12 -12
21 22 -7 4 -6 9 -8 8 8 5 4 -2 7 -59 -4 -1 -33 1 -1 -15
-14 -23 6 6 -12 4 -28 10 0 -2 -10 -6 -2 1 72 -4 5 -8 1 12
6 -5 23 -3 4 -5 -1 -11 -35 3 -21 8 11 1 -12 -3 6 18 22 5
-7 -35 -3 18 -1 3 -2 9 9 -4 13 25 -1 -4 -2 8 8 1 3 -5
-1 18 4 29 5 -3 6 11 31 -12 -6 -23 13 4 -15 -7 -16 3 -31 12
15 -15 2 15 3 11 4 -26 22 28 -1 -19 -6 -7 13 -18 -9 17 -11 3
12 19 15 -6 2 1 -8 -4 -20 -3 4 -34 -19 -23 18 14 -6 25 -11 25
-22 -4 -4 0 14 -11 17 -5 -17 -37 -17 1 2 -1 2 3 14 -12 -11 -13
-12 0 7 4 10 2 0 14 -23 1 -3 -2 0 -23 -12 -12 -1 13 -12 -30
-4 -13 15 -3 -3 -13 -3 -18 2 -4 23 28 -6 24 -22 12 -13 -27 -19 4
-14 5 -3 -2 1 -9 28 -14 -28 18 -6 -6 -1 13 -11 4 3 2 -12 -10
20 -11 5 -5 -16 15 -11 7 28 -8 -8 12 12 -3 -13 15 -2 -3 21 9
3 26 0 -14 -17 16 48 -8 6 12 -4 5 -3 -13 8 24 -18 -36 -19 -3
0 2 -6 1 -1 -10 -7 -9 9 6 14 -1 -5 3 1 -7 -33 17 -1 -4
-23 -17 3 0 0 13 6 3 19 -13 -16 -17 -1 11 -21 16 18 -27 44 12
11 7 -15 -25 10 5 -21 13 6 5 -22 8 -20 6 0 23 4 8 -8 50
-5 -7 27 19 -14 32 35 23 4 -25 -14 2 -15 -7 -22 15 25 -18 11 28
19 -24 15 1 -2 -2 -16 -3 0 -10 27 11 15 0 12 -13 21 30 36 14
46 10 14 2 16 -33 3 -4 -13 10 2 -15 -10 -7 -6 15 3 -1 21 30
-20 -26 -20 6 11 -6 -17 0 14 10 -6 -4 -14 2 23 24 -22 21 -6 -11
10 -3 20 15 4 16 -7 10 7 12 10 29 17 -36 25 6 24 -10 0 12
16 20 0 -7 -11 21 -13 -18 5 1 12 12 13 -12 14 6 41 22 -11 -21
-13 -28 -11 5 -3 6 8 -40 -19 -8 -4 2 -21 12 36 7 29 4 0 8
12 -34 -29 -8 35 6 32 -3 1 2 13 -3 -12 -10 -14 43 19 13 13 -19
-19 -8 -3 6 15 27 34 -12 -3 19 -34 3 17 -3 -20 16 7 11 -12 -3
1 -25 8 -22 15 -16 -25 -6 18 13 -15 8 -4 -21 -1 -16 -19 -16 37 5
-10 -13 19 -49 1 12 -21 -2 -14 -4 -6 -5 -6 10 15 -12 -9 -17 46 -10
-4 -13 8 -5 10 -9 11 -11 -11 -5 -11 6 10 14 13 9 -24 8 1 25
-27 -20 -34 9 7 -13 -37 -3 28 10 26 -16 -16 -23 -14 -25 14 4 -22 3
18 -40 -25 -2 24 25 7 44 35 -20 -2 -7 -14 -8 33 24 0 -40 -39 -37
-23 0 15 6 10 8 -34 -30 -10 9 22 5 1 -8 -38 -7 10 -10 -29 2
-3 33 4 22 1 27 18 -33 -27 -5 2 7 26 -10 8 -26 1 23 10 41
-19 -14 -3 -1 -10 0 18 -9 -18 14 17 -15 -30 -16 9 -9 -47 20 -5 -4
-47 -35 -25 10 -5 -13 -14 -8 26 -2 -30 22 -2 -10 -18 11 50 -31 -23 -12
11 -15 -26 8 26 4 -18 -1 17 -7 -16 -6 15 11 -8 -12 -23 -6 -6 8
-18 6 10 -62 14 -10 -6 -3 -4 7 -23 -16 5 6 10 -4 4 -65 0 14
33 -10 0 33 -6 -4 25 -17 12 4 8 -21 20 24 73 -56 -8 29 7 -7
35 29 -25 -10 5 8 -14 20 2 -8 -18 -36 -14 -10 9 -7 -7 -19 22 -10
8 8 -55 -19 9 6 19 -26 1 1 9 -4 -7 14 20 6 -14 -16 31 17
5 13 5 -43 -6 -9 14 -13 -4 12 6 -1 -14 -29 -38 -13 -29 0 11 -32
51 45 15 -10 -18 29 -43 10 -13 -15 8 3 12 -6 23 -11 39 -11 -3 8
-39 7 5 4 -1 2 28 6 -12 7 0 0 -10 18 2 -14 -13 -7 -18 -18
30 11 -22 -8 14 -3 13 -4 29 -16 4 -17 -9 30 -7 -9 4 -12 16 -16
-7 -22 37 14 -8 -4 -2 -2 -4 5 -2 -8 -24 -9 -22 29 -16 2 -2 23
6 -2 9 9 11 27 10 -18 2 -13 -4 17 -14 4 -7 -21 -15 2 13 10
-27 -13 -8 -4 3 2 6 -9 -34 -12 17 14 -25 7 3 -7 7 40 16 16
-10 -15 -38 -7 -5 -17 -25 13 42 -2 8 -11 -18 -17 10 -3 22 8 -30 -22
-17 -17 -4 -6 -9 2 1 7 -26 -9 3 10 -14 2 0 -6 -12 -40 14 2
-54 5 29 3 26 -6 -19 -1 -2 10 10 -5 7 -20 -8 -1 -5 10 29 22
-9 11 10 -10 17 6 -12 24 -21 1 -10 -6 -13 -9 20 -9 -22 -7 -9 -7
13 -9 26 -19 0 3 -18 10 -8 -10 -1 4 -11 4 6 43 -10 3 -10 -6
23 11 11 8 28 11 4 -1 5 -10 -16 -3 -4 -9 -21 -6 23 -4 9 8
1 -13 32 -10 -3 29 17 8 1 -41 16 9 13 13 11 -20 -4 6 30 -10
1 -14 -2 -4 -6 16 -29 1 -8 -24 2 4 6 -2 8 -6 7 -3 7 -13
-5 3 5 11 -7 -3 -13 17 2 -2 9 12 4 -8 1 1 9 -14 0 -16
9 8 10 4 62 6 -10 4 -3 -13 2 5 -4 -8 13 -14 6 -2 16 18
-7 -27 -7 -17 11 -5 21 9 -1 16 -6 -2 6 -40 -6 27 2 -28 -1 30
9 -3 5 -3 -32 6 -17 -9 3 17 36 -8 -18 20 11 2 -22 7 1 3
15 -11 3 10 -26 4 3 8 -6 17 -32 31 -10 30 -9 11 11 -1 3 13
-6 1 15 -18 -8 8 5 11 -18 17 10 21 4 -12 -2 11 -3 4 38 28
24 -2 10 5 -3 8 -26 2 -26 -18 3 33 7 6 31 4 -44 5 -7 -29
-22 25 18 32 2 -2 -19 4 -13 2 2 -19 25 21 18 40 5 0 0 -1
-4 -20 20 -3 -7 -11 -6 16 -21 -10 -13 5 -26 -2 2 23 20 -17 -38 -12
-17 11 -31 4 3 12 -4 11 -4 -21 14 31 9 -51 23 9 37 31 52 -15
16 -15 2 -9 -21 -27 -37 14 15 -1 15 -10 5 3 -26 -17 0 -3 -10 -4
-6 -5 7 -7 -12 -30 3 7 9 -14 -14 11 5 29 -2 30 14 11 -47 -23
-22 -10 -28 -60 17 43 33 11 6 -8 28 -57 -4 12 -6 -14 -3 -57 16 -37
33 -36 15 -47 4 2 -34 -26 -51 -4 -26 -20 -34 28 -23 10 9 30 -20 -46
55 61 -19 -53 -63 -33 -16 27 -84 -11 30 -21 -2 -27 -16 -75 -35 -17 14 60
-22 -30 11 -40 -39 29 15 -12 -59 63 -26 42 -1 -45 -33 -30 -23 -54 35 -5
-8 17 26 -57 -17 -4 76 -37 -48 -32 5 -13 26 -51 -24 -24 -35 -12 -37 -3
-20 -24 -9 -31 -25 23 61 15 14 24 23 4 22 -50 -61 -68 -9 29 -2 49
5 -4 32 4 -10 41 22 29 -20 -9 88 -32 25 -3 97 -32 -35 -59 -26 8
-31 -6 -32 -26 54 1 -3 15 58 -26 14 18 -38 51 -32 -14 17 39 11 16
-22 -18 -7 20 -61 -12 -13 -1 -14 -68 -31 5 -47 -60 26 8 21 -127 -16 -27
-36 -37 19 90 -68 8 -38 108 -5 -23 -50 92 -27 -57 -45 -4 7 10 -11 -19
-53 -5 5 28 -39 -16 -18 34 -43 -30 -33 82 -19 -31 68 -34 -39 -68 4 50
-43 43 19 1 -34 -20 -49 37 -42 -1 -21 22 38 -36 77 -64 11 -81 -39 -5
3 3 59 3 18 23 10 48 -7 -24 -22 52 14 36 26 -39 19 -8 -24 5
-33 -2 -7 -9 -10 -31 39 18 44 -5 16 0 -35 -30 -18 19 24 20 -18 -3
-31 13 -6 32 12 12 21 30 11 -19 2 -3 -45 3 25 23 -23 7 -18 -29
4 -25 -53 -52 -10 36 17 45 22 2 -10 22 -42 49 -3 9 8 5 -7 19
36 -16 13 -30 35 -39 -42 -1 -22 6 2 -27 3 -17 5 14 -27 62 -7 13
15 24 -44 -21 6 -7 -8 3 -8 33 -7 14 13 -69 40 -5 -6 14 -18 5
37 -3 8 13 13 -13 -54 -43 22 -8 -10 46 -8 3 5 -9 -35 39 24 -1
27 17 -52 8 10 3 -29 8 2 26 -12 4 10 4 -3 -7 -2 -1 -5 -11
-31 -10 -9 -11 -5 12 15 -34 17 4 -13 1 8 -7 -16 -2 -7 9 5 5
-7 -28 -2 9 -13 -11 -11 17 -13 1 -27 -21 4 2 -8 -14 -6 -16 4 -12
10 3 -24 5 18 -8 -25 7 -13 -3 -19 -17 1 -8 -27 -14 -16 13 -9 -1
-2 -6 12 18 -6 5 -8 3 8 -11 10 15 29 -22 -7 7 -11 9 28 1
-15 -3 -2 23 18 30 2 -4 4 -11 -2 -13 0 36 3 5 -11 28 18 2
-3 2 28 19 6 -13 5 -5 3 -16 -23 6 -3 15 34 0 8 7 -8 -12
-7 11 -30 -3 -8 6 7 -10 -5 0 -4 1 -15 30 8 10 39 -10 -2 -6
-6 25 4 5 0 -12 -7 -3 2 15 -7 23 -28 7 8 -16 -8 7 9 3
50 -7 -21 10 0 18 -21 4 -5 -5 7 -15 -13 5 -25 29 18 -10 24 -22
21 17 5 -35 -7 -9 -5 -8 1 46 -13 12 -34 25 -19 24 55 -29 -1 -10
1 1 2 28 12 -13 24 7 -4 19 -25 10 -8 45 13 2 13 0 -16 -25
19 -31 17 1 1 14 -4 37 13 -2 0 19 12 -11 -9 -25 -16 -14 -1 2
12 1 -19 14 -4 -8 6 -12 -9 2 9 6 -8 4 11 12 18 4 -4 2
-2 13 11 13 -6 -4 -19 -1 16 -6 -20 -1 5 12 7 -2 1 14 -25 13
1 -1 -14 3 -12 -2 -20 3 -3 -6 10 18 1 -7 -1 -4 -10 -18 -1 -1
24 -2 -2 1 0 2 1 14 8 -4 29 -8 0 -16 -2 -6 -8 -15 8 27
-4 5 7 14 6 -5 -15 -2 5 -21 -2 7 4 -9 12 3 10 -5 -5 48
11 -21 -7 26 15 -2 19 -4 -10 1 -3 5 3 16 -18 -7 2 -1 2 23
5 -13 3 3 6 -14 3 -1 -2 0 -20 3 1 -4 -12 -11 16 -18 10 -1
14 -5 6 -15 -8 -3 0 21 0 18 6 3 5 -8 3 2 -10 16 17 6
-21 -7 -7 -13 10 4 -11 7 -4 -2 8 -14 -9 12 11 5 10 -10 -5 -16
5 -5 16 38 -1 0 -8 -14 -14 -2 42 4 11 -3 4 11 27 -12 1 -23
-7 -12 -14 13 -4 7 -4 3 -23 2 -28 12 7 -2 8 -18 -2 5 -3 -12
-6 9 -3 7 -2 -3 -4 11 -8 -4 4 -15 21 10 -8 17 8 1 -3 -5
-15 4 -11 5 -1 -5 1 9 -9 -6 -8 10 -18 35 5 1 -13 17 -34 -20
12 10 -2 -14 -21 5 2 13 -39 -16 12 13 -2 -7 11 3 15 35 13 51
-37 -4 7 -2 27 -33 -1 -7 -2 -7 5 7 1 25 1 -9 23 -32 28 -3
3 -9 1 -22 -19 -11 -4 -9 -3 -3 -56 14 18 -37 -16 8 -89 3 -79 4
10 -18 16 46 3 11 3 23 5 -2 0 -22 -11 23 1 -6 -18 -9 10 3
-1 12 -71 5 -25 7 6 22 2 -8 -31 -11 1 -3 -24 27 35 26 -7 25
-7 -7 -12 11 -12 73 1 6 -9 10 39 14 21 17 28 19 -12 -7 -36 -2
14 44 49 7 8 18 -6 13 -2 8 18 11 -9 11 21 15 15 -4 8 -29
1 -8 -1 9 0 6 -14 33 35 -2 -8 24 1 -11 -2 15 -5 18 -33 -40
-9 -14 35 -20 35 15 -3 -16 -6 13 -41 -31 30 15 29 -16 24 30 4 19
26 -9 -46 2 5 26 -5 45 -51 12 -8 24 23 25 21 10 11 5 4 -2
19 17 -19 26 7 12 -21 0 7 35 20 -8 -5 5 8 -40 7 6 -27 -28
16 3 2 -9 -25 27 19 31 9 25 -19 11 -25 -34 -32 21 -23 18 25 15
15 33 0 -49 -15 20 -5 19 -32 52 0 24 -7 21 0 -21 8 7 -1 8
1 11 11 -8 17 -6 14 -10 -12 -17 0 -7 4 21 6 -5 -22 10 53 11
-14 18 13 -6 8 -7 0 -6 -15 -21 23 -20 21 4 -4 24 -28 1 10 -3
-4 0 -10 1 5 0 -6 -11 -18 25 7 11 33 17 12 2 -6 -7 1 5
14 -4 9 35 -5 -5 1 12 -8 -2 29 25 16 -8 2 -6 16 -18 -17 -12
10 -17 -18 3 -9 -19 10 -1 -32 -14 27 19 -11 25 -5 0 -24 -1 -19 -4
-4 -23 7 3 8 -7 -24 10 24 -1 11 -3 7 -7 -24 -19 5 -36 -25 18
10 3 21 -21 27 -5 18 -8 -51 -12 -21 -6 -19 14 0 25 -5 1 3 -30
6 -18 5 60 -32 -9 35 -6 5 14 20 -26 18 4 -8 39 -6 5 0 8
-22 32 13 16 12 -40 6 78 12 -1 -18 27 -24 -8 -13 -18 -10 0 33 -14
-26 -34 9 16 -22 -15 -12 -3 -21 -7 6 28 23 17 -28 -8 3 -12 -26 -10
-6 -31 13 -20 -11 -12 3 11 21 7 -27 -24 20 13 -13 7 -20 -11 21 2
76 -26 -12 2 0 -29 6 37 -23 4 -57 5 21 -11 25 0 3 4 10 -30
-35 -6 12 -12 8 -22 -9 -15 30 -5 -37 8 19 -12 3 35 42 16 2 17
29 -12 -27 21 -3 20 18 10 -13 22 -1 4 -33 32 -38 0 -6 21 32 -21
34 18 -13 -16 -11 -24 -26 -13 -47 13 35 1 -3 -4 52 -18 -18 -6 1 22
-3 -18 -49 6 -31 -12 35 12 8 2 20 10 5 -35 -43 0 -29 -18 25 25
-15 65 -4 2 -32 9 -19 -42 -25 -21 41 -13 4 6 3 3 -23 -1 12 -19
2 -57 1 -10 14 11 25 -55 -33 39 -4 -6 18 -1 -19 -25 -16 38 -23 25
-5 -53 7 15 0 3 -15 -15 27 20 30 20 -25 -2 -19 -4 1 -22 11 -9
-23 12 -7 6 27 35 2 5 18 -16 -10 32 -4 -8 24 12 -3 22 -3 -8
7 -20 11 29 16 -24 5 21 4 -2 11 -19 11 16 4 12 -11 -4 14 10
5 -26 -9 -33 -46 -7 32 29 5 1 -5 -29 -55 -16 -18 -11 6 9 -17 7
-14 4 25 1 4 3 -19 2 21 -46 5 -12 -6 -20 11 12 36 7 -12 9
-28 1 -30 14 5 9 0 -22 -12 14 3 23 27 4 -29 12 7 16 -29 7
-2 8 16 -9 -27 -39 -24 1 -15 -18 -4 40 13 -1 8 -26 9 -12 -17 9
-39 8 -2 25 9 7 2 1 3 3 -4 8 -3 14 6 22 -16 -2 12 15
-9 28 -2 -9 0 9 4 0 -5 13 16 0 3 -24 -5 9 4 -13 2 -1
5 -2 -12 8 8 8 -11 17 5 10 -1 -6 10 -11 -7 7 9 -10 -11 4
18 1 -17 -9 7 -3 19 15 11 -2 -12 31 -14 12 24 6 -1 9 -3 8
-5 7 -14 -7 4 24 12 7 -5 -13 18 -5 -25 -19 4 -2 -1 14 -4 4
-4 9 -6 -24 17 -10 -7 4 6 4 -2 12 28 14 4 2 5 26 -2 14
1 2 7 7 -8 -14 9 -4 2 -24 -2 1 0 27 23 17 6 -13 -10 9
-2 10 6 -7 -7 13 -3 -4 -23 20 -12 6 -19 4 13 19 14 -5 3 -1
16 3 23 10 -2 -6 3 12 -1 -6 4 0 -4 -4 4 8 -5 -1 -11 45
17 1 3 -13 -14 27 -13 3 6 8 -4 -24 5 -4 -38 8 11 3 -4 -17
14 14 -17 -17 -11 7 8 2 1 39 9 6 -60 8 -8 4 41 -4 6 14
14 2 -7 23 -7 -3 16 14 6 -7 4 21 2 2 -10 14 42 -17 -36 -7
38 -5 14 16 -19 4 -7 1 -4 -3 11 10 0 -2 -6 0 7 -12 5 7
7 15 0 6 0 27 -24 5 28 14 18 16 -11 1 -9 29 3 36 -7 -14
6 -26 11 -11 -27 10 -17 15 45 -4 -21 -26 -2 -7 5 -2 9 40 19 34
-38 -5 -3 -4 12 -16 -20 -35 3 -6 -36 -2 1 -30 36 18 13 13 47 5
27 -6 6 -2 -47 -17 5 -32 -12 -15 -1 15 10 -1 -5 21 14 -64 49 8
2 12 23 21 -24 -54 1 28 -47 2 -19 -7 -1 -13 10 6 -13 4 12 36
17 -18 23 36 8 -9 -12 11 -15 19 -8 14 -13 60 11 7 -3 -11 28 17
-14 -38 11 -13 -3 45 -27 18 12 -43 24 -25 7 24 -7 -25 38 30 -18 -1
3 14 -21 2 0 -11 -2 8 13 24 18 -10 -3 -38 20 1 -12 23 41 36
-42 -37 2 -7 -16 29 -8 -12 -42 8 -14 19 -15 8 56 1 13 -7 -21 -31
23 -15 32 27 14 -41 -19 0 11 5 -14 12 -16 12 0 63 3 39 -13 -50
-17 0 -10 1 -18 -27 3 -11 -22 4 7 20 -55 -41 17 -30 22 16 1 -79
-48 -24 -18 -55 -10 33 -39 8 13 8 7 -13 16 -3 78 -4 -21 -43 5 16
13 5 5 23 -4 -34 15 1 14 -40 -37 3 15 18 4 23 -10 22 -13 8
-5 -11 5 9 -2 13 9 26 46 -5 -3 -15 14 -20 8 -4 5 -19 -47 3
-14 -22 43 24 -5 -26 20 -13 9 -5 5 -5 -19 -8 20 -13 -17 13 -101 -23
9 -4 -16 60 -29 -5 -2 15 20 -10 -30 -21 -2 -5 32 -3 10 31 35 -6
-11 -21 -8 19 24 3 17 22 12 -9 -13 -19 3 16 1 -7 36 -25 -50 5
20 -1 -62 -9 -15 22 -23 13 -3 -15 23 6 -2 3 -11 8 2 37 14 19
-1 -8 30 3 -8 -11 14 14 -3 9 -34 -23 -14 -6 11 -18 14 -27 3 -33
-3 -20 2 2 8 -23 19 12 -14 0 -4 -18 37 -15 3 29 -24 -6 -17 -17
3 -2 -2 6 3 4 9 -3 -29 10 -8 19 -11 7 7 6 -8 -10 -5 18
9 -43 -14 -3 -43 -33 3 -9 13 9 -10 -30 2 -3 7 -4 -2 -27 9 -34
13 -13 -12 -20 -15 20 -13 4 -18 -7 5 -22 2 13 -16 18 -24 -7 -9 5
-2 0 -1 8 27 -12 -7 15 -1 -10 -27 -11 20 -15 5 -4 -18 -8 20 32
-9 10 17 2 -11 -10 -4 11 -21 -17 10 -11 -31 11 -40 13 -5 -3 7 -4
-4 -5 -11 14 24 -27 -8 7 25 29 -27 -28 -43 -11 10 3 -3 -18 -12 3
-18 15 12 -31 39 -18 8 14 -32 -30 4 -6 -4 -9 -11 16 14 -20 21 20
-6 -17 -4 -17 1 4 -12 1 -6 20 -7 1 -10 -3 -13 -15 -22 -2 11 -19
-12 -4 -19 2 1 -5 -6 -36 -3 -12 -13 -7 31 -1 -13 9 -13 8 -18 -18
-13 -5 -1 31 -1 24 3 10 17 3 7 -17 -7 -1 -6 0 -5 -4 -1 7
22 0 -24 0 -12 -21 -11 -6 -17 2 12 -15 -14 -33 -1 2 15 6 -6 -1
-13 35 -2 -7 -9 -24 -22 17 -6 -3 5 6 -21 26 3 -12 -10 -15 -12 3
1 2 12 -8 -1 -21 -14 13 7 -11 1 13 -1 1 -10 1 -4 18 7 9
-14 9 -2 5 22 0 5 -2 3 3 -1 -16 6 -16 8 4 3 -4 -6 14
11 -6 9 15 1 3 13 7 7 -14 -18 -9 2 6 13 1 10 11 -7 -19
-4 15 -4 -3 27 9 -4 8 -4 -14 2 9 0 -2 9 1 -10 21 4 0
-16 -5 -14 20 16 12 -18 8 -7 5 -4 6 -18 -7 9 -2 6 0 -3 13
-10 4 9 -3 -2 -5 -24 -6 17 9 25 6 -16 -8 -2 10 -2 -5 -8 16
15 -6 -18 13 -1 -7 1 4 -6 -13 -18 -16 3 -4 -2 20 18 -16 7 -10
30 13 7 3 -22 -8 -10 -1 -16 1 -19 -4 -12 -6 -4 4 6 9 18 11
9 1 -10 8 1 4 -16 19 -32 6 12 -1 -11 -5 8 -2 -26 7 -25 -28
5 3 8 -21 -34 -4 1 -1 47 22 52 -1 2 -19 -29 13 3 -8 -29 -7
13 -5 -14 1 -8 31 -15 -25 12 -29 -11 -11 -18 11 11 8 12 -8 2 3
-14 -9 15 -12 -2 1 -12 -7 -16 13 7 0 -10 -7 -12 -6 26 13 -22 5
-7 -33 -11 7 -2 -27 -4 2 10 9 -6 0 -4 8 -55 4 -7 -9 44 -2
-9 -34 -15 -9 -44 25 -4 34 -24 1 2 21 -6 -21 -13 -27 0 -13 8 -56
27 15 -4 -15 15 -2 -21 -10 11 9 15 30 7 -20 0 3 -82 -2 -5 4
11 -22 -8 7 -6 -4 -31 15 -2 -18 -48 -60 -18 26 10 0 -22 -11 -48 -16
9 -11 -23 -16 -2 21 24 24 -11 19 5 -40 -28 -17 26 -11 28 -17 30 0
-15 17 -2 1 7 -17 5 -16 -7 -7 -8 -3 -3 49 -20 -16 10 -22 -16 16
-5 -33 41 -38 7 -26 10 2 -4 2 8 -16 13 -3 -5 50 15 -24 -14 5
43 -57 -18 6 22 -5 -19 -3 -10 28 -14 -18 23 3 6 -37 -26 -1 -10 7
21 -3 -4 0 -2 5 17 29 -10 16 -21 -17 -15 -22 23 10 -6 4 5 -27
0 -5 -10 13 -3 17 -31 3 -18 25 -19 12 2 14 -4 -6 2 -24 -23 -2
1 -1 13 9 4 1 26 33 -8 -29 -14 -26 -13 -3 -20 4 4 -19 0 -9
-21 -19 -18 -66 6 -2 16 -2 18 7 4 22 -7 9 -5 -7 -10 7 41 -1
-7 -3 8 21 15 -11 22 12 -3 4 37 -16 -4 25 -6 -15 -15 -22 18 4
3 7 -17 22 -8 -43 -4 -7 -9 -10 -21 -10 12 22 66 12 6 12 -21 21
-2 -1 33 19 -37 -10 6 15 -43 -20 -17 11 20 -15 -3 0 20 3 1 12
9 -19 -32 17 3 18 -5 29 -6 0 0 -11 -14 -7 15 -16 7 -10 -35 29
-19 -6 6 19 -3 -2 -12 -22 15 -24 5 -33 2 1 -20 -8 6 -4 -29 36
-54 -1 -14 11 6 -25 -7 6 21 -3 14 9 -47 15 1 -8 3 16 4 35
-11 14 2 32 -8 1 -13 23 -2 -7 1 31 -4 49 -36 20 -7 5 -24 -15
34 37 43 -13 -12 8 -13 17 6 16 6 45 10 -16 13 13 37 -29 -8 -17
8 13 -18 23 -4 25 -22 17 62 -23 -1 20 -17 7 1 8 8 -15 0 -4
-13 6 43 13 57 28 -17 1 22 -12 0 5 -10 -20 -12 -15 -5 -11 0 15
32 -4 -31 49 5 4 21 28 19 -6 18 -4 -6 10 -15 24 -40 -26 -6 -1
-24 18 14 -34 0 -24 16 9 -4 -4 -42 -6 -19 11 -2 7 11 -15 -50 10
-3 6 3 -11 22 -13 18 19 -55 -1 9 -23 4 10 6 -3 22 3 -26 -8
4 -17 -17 17 -3 10 23 3 -22 -29 -5 -17 5 5 9 4 16 -8 27 18
-8 -31 -13 1 -1 58 -18 -21 -14 29 9 -2 7 0 5 20 3 -16 11 -11
-55 -3 40 2 -10 -10 4 28 20 -21 -11 -27 9 25 14 12 -13 -4 -17 8
21 22 6 -18 -29 24 8 4 -12 40 -22 -28 -16 -12 -13 8 21 -4 -8 5
-7 -6 -8 19 20 9 16 -4 4 -20 23 21 -17 17 -5 36 3 -10 -26 -28
22 -3 5 38 31 -26 15 -10 -82 -3 -23 -22 21 13 15 13 -3 16 15 -15
3 17 -22 -1 2 -42 -2 -21 -2 47 30 16 -3 -12 18 9 -5 23 22 -15
-21 -16 -2 7 -22 -10 6 20 -7 30 35 3 -25 -33 10 -17 9 7 -10 28
-12 -19 -3 3 21 -16 7 6 -4 0 -15 -3 21 6 -20 -16 13 11 14 -12
-18 19 29 2 -17 -4 28 2 -11 -6 5 -5 -8 22 6 -14 12 22 -19 16
8 -7 13 -4 -20 -23 -8 -13 -10 8 -29 14 -8 0 12 -8 9 -6 39 -4
14 2 12 7 -5 13 13 8 -2 -11 1 5 3 1 5 1 2 -6 22 -2
19 -38 4 10 -8 -29 -4 -12 0 12 19 -12 -12 -5 7 -5 -5 -16 -11 -20
42 -4 -14 -4 -4 -52 -5 -14 17 2 15 11 -38 -3 -13 23 -19 -12 -21 -12
-18 -24 -27 -18 -20 -29 9 -3 -4 -7 -28 37 30 17 -1 9 -22 11 0 8
-5 -16 -9 -17 2 28 10 -125 -33 30 -10 1 -15 -2 -5 -18 9 17 1 -54
-39 12 27 11 7 7 15 -9 -2 45 -18 -40 -23 9 -2 17 23 6 -17 -30
-2 -3 10 35 25 22 -11 -2 -26 19 -4 -31 -13 -3 -8 7 -30 -10 0 4
-37 -15 -7 11 14 11 4 8 -31 6 8 -19 12 -12 0 40 13 6 -36 1
17 -30 17 21 -81 -33 -10 13 -36 -21 23 -44 9 11 12 -15 17 12 -3 9
-32 -7 2 31 48 7 14 -3 -19 -11 -2 -17 -5 3 7 17 2 -7 -12 7
17 4 -3 3 1 7 0 2 -10 21 -4 0 6 -1 1 -3 6 11 10 -23
-20 -7 21 6 6 -4 -16 -1 14 -2 7 8 -8 0 -18 1 -27 8 14 1
15 -35 18 -2 2 10 7 3 -25 9 -5 -1 10 18 21 -6 -2 3 3 4
-16 -2 -1 18 2 14 12 -13 4 11 -1 -3 13 14 47 10 16 -12 17 9
0 0 -2 -2 3 10 3 2 0 1 23 -10 -9 -2 -15 10 -4 12 13 10
-9 -22 9 4 -10 4 1 12 -3 5 2 13 1 8 -9 -6 -6 4 -8 -11
-13 -15 -7 -7 -8 -30 -6 -6 20 17 15 9 -14 -12 -5 6 -2 -15 17 -11
-10 8 6 -40 2 3 -8 5 -10 14 -12 -13 -14 6 -24 -5 3 -2 3 8
12 0 -6 20 -8 36 13 -39 7 12 -8 0 0 8 3 4 12 -12 14 3
-4 9 16 -17 -8 10 -1 10 -29 -30 -11 17 1 15 -14 11 -2 30 -7 -5
48 -16 21 -5 -4 2 8 -2 14 8 -2 12 -1 24 12 -8 13 -3 13 2
10 -8 2 -11 -12 -3 39 -3 -22 13 -22 15 12 0 -3 8 -14 1 -5 19
-6 -7 -5 7 9 5 -10 3 -14 23 -5 28 -17 -24 3 36 -33 -25 -7 -46
-18 22 -20 -28 67 -16 5 -46 15 21 25 -25 -13 -12 27 12 -4 11 57 -7
27 -14 23 -25 3 3 4 -6 3 64 -52 48 25 17 3 19 1 -36 2 0
42 -7 -8 -2 15 -8 -7 -16 9 2 -9 -37 21 35 14 41 -18 -6 0 -5
-14 69 -57 11 11 27 -46 -39 -23 -27 -107 5 -5 -10 26 -45 14 12 -9 5
-4 5 66 10 25 3 3 -15 -1 -32 -6 -41 12 -19 8 11 25 -53 -48 -23
40 18 -43 17 -12 -12 55 36 -6 2 22 -42 -18 -6 10 65 -26 21 -11 -29
22 15 4 57 20 -6 -33 -2 19 -49 -47 16 16 -16 1 -3 26 13 -12 -18
-39 14 -44 -28 -50 -3 -33 21 4 -2 -24 34 -34 -5 -34 -51 -31 19 -29 -20
-21 -3 -15 67 -54 -46 -2 -9 -1 -22 0 1 -61 -23 2 -9 -8 -1 16 21
-12 -6 -32 2 -23 -33 -1 55 -34 6 -8 -27 11 72 -6 -23 49 -13 14 1
-4 9 36 35 -48 7 -7 -45 41 -37 -14 -34 -23 0 -21 -23 28 3 -14 1
-28 33 47 34 8 52 34 -19 12 -51 -10 -29 19 -3 -12 57 -5 -24 -19 -42
-40 -7 -9 19 -7 -19 -18 4 12 43 10 21 50 -3 -2 21 -51 1 5 -4
-18 -7 -16 -15 13 -3 48 -14 11 27 37 1 30 61 -8 31 -9 1 7 -5
-16 9 -13 -12 -10 37 -3 68 10 -26 -12 -17 -11 -1 -2 7 12 -11 -18 59
-8 20 -2 -7 38 9 -12 -3 -10 -12 2 -4 -14 -6 2 7 -4 17 8 -3
-2 -9 0 -19 19 -14 8 35 -3 21 17 40 7 -34 -18 -5 -13 38 11 -13
-6 -7 -2 20 12 19 14 25 5 -1 -23 -8 0 -32 14 2 -2 38 -19 -23
-4 -6 -2 14 -2 -19 -31 9 2 21 -20 -16 -18 -7 -55 0 -2 18 -20 -12
13 19 -19 0 0 -8 4 -6 -10 -14 10 11 -5 -1 -17 -5 42 -13 -19 -6
-21 51 -2 -6 -16 -40 20 46 11 -6 -37 18 5 0 -16 11 -11 -15 -6 18
6 -29 1 6 -4 18 -8 -22 -49 12 5 16 -12 -14 8 0 4 -34 16 23
72 26 -10 4 -27 18 -32 -31 -39 -7 -33 -12 -56 -5 -6 7 -80 25 7 -19
-23 -16 -16 21 -10 -20 16 23 -17 15 -6 9 3 -75 -16 -26 1 2 10 21
26 5 14 23 0 -11 -10 -29 -27 -9 -32 45 -16 -8 -30 -15 47 25 -7 39
-1 -10 -19 5 -3 -4 -5 11 5 -8 4 -17 -6 7 -10 -6 11 -9 -4 -7
-4 11 17 1 -2 -1 -7 -1 3 -23 8 -1 -1 -2 6 -9 -9 -3 -18 -8
-1 16 2 -11 -4 -5 -5 0 -12 3 -5 13 0 -10 -10 -7 -12 -2 0 -4
-7 10 5 0 6 -4 -14 1 8 -16 0 7 -2 -14 -15 -1 0 -3 -4 2
-22 -15 -38 -8 9 17 8 -11 -4 0 -6 0 -7 -5 6 -4 -3 -10 -4 -5
4 -2 4 2 -8 -15 -9 -9 4 14 -1 -5 1 -13 4 1 -7 7 -11 -1
2 -4 3 -2 -1 -5 -8 -22 -9 -1 -17 7 13 11 -22 3 -1 14 -1 15
19 -38 -3 -22 13 -1 4 -7 1 28 3 -18 14 19 -37 -23 20 -9 -33 12
10 2 -2 -21 -12 6 3 1 -11 -6 -16 19 -30 28 -8 -45 3 -2 -6 26
-28 4 -9 -3 4 15 -8 8 -64 -25 -9 7 -9 -21 -4 12 16 13 -13 -12
-9 -3 3 -49 11 -9 15 -4 46 5 -7 16 -7 33 -1 -7 28 7 -17 -46
4 27 -12 -46 -21 -2 5 5 28 -5 0 1 14 17 6 -23 10 -32 17 5
-7 9 11 22 6 -12 4 -4 -16 4 -7 -17 -16 7 -5 23 -8 -10 -5 0
-16 2 5 22 -24 1 9 -16 -2 3 -18 -2 -11 12 5 -10 8 -18 14 -2
5 -19 19 -2 -6 -21 2 3 4 16 -4 9 -17 2 -1 14 10 9 -6 4
-10 -22 -11 25 -19 -31 17 15 -41 -4 -11 -3 0 -6 -40 -17 -3 18 -4 -1
8 -6 -2 -17 -24 -12 -14 -10 -9 -37 7 4 -5 -11 -17 12 -3 -10 -33 10
-10 -6 16 -21 5 0 -3 4 -12 -12 10 -8 -16 9 -3 -5 -1 5 -31 -10
13 -1 -3 -7 -9 -17 11 17 -5 25 -5 10 5 7 -7 16 -1 48 11 27
-13 16 1 -18 -10 0 9 -15 -7 16 22 23 0 -11 -16 -15 -46 21 16 -10
-15 6 -14 -36 15 9 10 -11 -25 3 27 -14 0 -8 25 13 8 1 -2 -3
0 16 41 -23 46 -20 7 -31 28 11 16 19 7 -14 -24 1 0 -27 16 -20
19 -2 8 15 11 39 -38 2 -18 -1 -25 -10 -26 29 16 2 32 -3 -7 -30
1 -24 11 -12 80 -13 -25 -1 -4 -20 11 21 24 -20 11 -8 11 -34 -20 20
-4 34 -34 14 17 -6 -27 6 13 25 -20 -7 -7 -2 27 -30 3 -22 4 -40
1 -8 -17 3 21 -22 6 -6 -22 -20 14 8 16 -10 -34 -18 7 30 11 -21
54 1 7 4 23 12 0 16 -8 -23 -8 4 -13 23 37 15 -21 5 -9 -8
14 -4 -8 16 -8 4 -3 -5 -15 -7 -10 -18 3 4 28 -3 -2 0 -5 -31
-11 53 -16 -14 -1 -37 -11 24 0 9 23 -12 -22 -5 3 5 8 -22 -71 18
-5 -13 5 8 2 -23 -18 1 5 7 -2 -5 -21 -64 -39 -14 -1 9 10 15
8 -22 9 -12 -10 -16 9 8 18 -1 -6 2 -13 -17 21 -12 -12 6 -34 -19
0 42 2 -21 -7 -47 8 -27 -5 -3 -21 -29 11 -34 5 -7 -16 -17 -21 -7
-12 -34 -18 17 27 46 -23 -19 -78 27 7 6 21 -26 -27 -26 -15 -7 -7 -14
23 -7 30 -59 1 23 -31 0 31 -22 -41 6 38 36 -20 -7 -11 -5 8 -29
28 -18 74 -5 -9 -3 2 1 -36 14 1 14 -23 7 -4 -34 0 -19 -1 14
-43 -32 -9 -1 -24 -13 -13 -11 -11 70 -3 14 -29 -26 -20 -11 38 -44 -1 4
-24 28 -17 -11 -6 17 -27 -4 -17 -26 -8 -68 -30 24 24 -25 -4 1 -24 -12
94 25 20 0 -11 9 24 29 7 -26 -38 9 6 28 19 11 25 9 -8 -88
-65 -11 4 -18 -11 -15 -2 6 -4 -6 -17 24 19 3 -8 -9 9 -2 -6 -3
11 0 15 -24 -3 -16 -22 -4 -2 0 22 -1 -1 4 -6 5 -7 -16 -5 0
-9 -20 5 -12 -6 5 -2 -14 -2 -22 9 -3 15 13 3 -3 -4 9 -6 -10
36 -26 -4 -2 -15 6 13 0 2 28 -13 0 1 9 -13 6 16 -2 -3 -14
10 9 -26 -19 -6 4 3 8 14 2 -15 -4 11 14 8 -10 5 -8 -3 -6
8 -7 -2 0 9 -3 -5 2 -6 0 6 -6 -12 -28 5 3 -2 3 4 -7
4 -16 5 -12 1 -2 -17 -1 -1 -34 -4 6 -1 -9 -12 3 7 -7 14 -5
8 16 18 -20 15 -25 -22 10 -15 5 -2 -1 8 7 -15 -7 9 9 0 -7
-6 2 6 -9 2 -16 -5 -13 7 0 -13 2 -10 -4 -20 -19 19 2 -4 -20
2 1 3 0 -24 25 -7 2 12 -10 13 -2 -8 -13 -14 4 4 26 22 -4
-8 3 -24 10 0 -4 3 -2 -7 -10 -15 1 -4 -18 9 -8 30 0 -18 16
-23 4 17 -29 17 14 18 -9 4 -10 0 20 7 -1 4 3 -18 2 -4 3
-15 -20 -3 -7 -4 22 21 -8 -13 10 -1 -9 1 -3 4 13 18 -17 -5 -11
-9 -8 13 7 34 6 32 -3 2 -1 5 30 -3 -34 -9 -12 16 -13 20 -6
-23 -27 -2 18 8 -38 18 -3 -13 14 6 -14 2 3 -7 -8 21 2 -6 4
11 4 -6 7 13 -11 11 -12 2 -10 -13 12 -7 -76 13 2 4 12 26 31
12 5 -10 19 15 -13 3 -7 -15 10 -40 -5 -7 -2 -6 -7 13 22 -9 5
17 28 9 31 -21 2 -18 20 -59 45 65 8 9 -10 1 -17 1 -19 16 4
-4 9 -21 39 -1 -1 -38 -10 15 2 12 -13 7 -45 0 15 -26 -1 26 7
9 -6 29 22 -25 -2 -24 25 -4 15 3 -15 7 8 -28 -3 -52 -11 17 12
-10 -16 11 -17 -24 4 22 -8 -19 -26 0 -19 -9 -29 57 0 59 -10 -27 16
12 -32 18 11 24 -1 3 -10 36 69 -26 40 8 28 19 39 1 -4 -26 -17
-5 11 -8 -11 20 36 2 -28 -22 51 -4 15 -11 9 -12 -11 42 -11 47 17
-25 -34 35 -17 -39 -2 -1 -6 46 -21 85 25 -14 15 -7 4 -6 12 -17 -24
5 -21 56 -22 4 20 -2 31 8 21 -18 12 6 34 15 -7 -13 2 -4 3
1 -20 -18 -27 44 -4 29 23 15 35 -4 -8 -1 -11 9 19 17 -32 15 35
6 20 1 -2 17 -9 -16 -3 20 13 -6 12 -13 -10 -9 14 -30 0 -12 7
-13 -7 -6 -12 -6 5 -24 43 -25 14 9 -9 -23 -12 -3 20 -10 13 1 18
19 -14 6 39 -8 10 -3 -7 -24 -48 -21 15 -16 -10 7 -2 25 16 17 -1
35 -16 -13 11 -9 -9 -8 -21 1 3 -12 -3 -11 11 0 20 -6 -27 -1 -9
-2 -34 -7 1 -8 -18 -7 29 -20 13 12 -6 -20 -2 -2 -27 -42 2 6 -14
23 41 4 29 19 0 -25 21 -10 -22 19 8 -51 21 -4 21 0 -78 43 5
-1 7 -11 -9 -2 -11 -39 -6 -31 -63 0 17 -12 21 4 -11 6 24 -6 19
-7 -40 11 0 -1 20 -4 14 -12 25 -33 -33 35 8 -37 -1 -4 -10 19 26
35 42 -14 -7 33 24 14 30 -26 -59 -29 -6 -13 -10 32 -20 -11 0 -30 -37
-41 19 43 -21 1 -14 -2 2 49 -6 36 -16 -11 -12 29 17 8 17 -52 -32
8 23 -39 26 -12 -35 -41 -16 -13 -13 -18 -1 -30 2 8 -20 -44 -32 19 -11
-18 -5 -27 -12 7 -2 -24 39 0 -46 -27 -87 10 -44 61 5 -78 27 -33 53
50 4 -12 3 -4 -18 -17 -39 -55 -36 -11 6 10 -17 8 7 4 -2 -31 -9
23 13 -5 19 40 -10 10 -2 -22 19 26 -4 -4 -15 -2 -10 -5 3 -8 -8
-12 15 14 -3 20 9 -2 21 3 -4 2 -8 -10 4 -6 -24 14 11 0 -1
12 -8 1 -34 -23 28 -33 5 -15 2 -10 23 -5 11 -11 -2 7 -13 -30 11
3 -13 -3 9 -3 6 -17 13 5 16 -10 0 -3 -12 -3 4 -19 13 23 -4
5 -6 0 13 -10 -13 -8 9 -13 7 4 -13 1 -18 1 -2 3 -12 19 -1
10 3 0 -12 -5 -8 -8 -8 0 -7 8 -11 0 0 2 27 -3 -26 -5 -12
5 6 -7 -30 3 5 0 0 -5 -21 13 22 20 9 2 -1 4 -1 7 -8
0 -1 -8 16 -2 -5 -1 18 17 20 15 -6 4 3 2 -1 18 3 4 -2
5 -15 9 1 6 18 -16 4 5 26 -2 23 12 -3 -16 -1 -5 11 -2 43
-13 -7 17 -11 -11 3 -5 9 -4 -12 -7 -15 -1 -17 -17 -6 -10 -3 -2 -12
5 9 -21 0 -30 5 -11 0 4 5 -8 16 6 2 15 2 -4 -16 2 25
2 -11 -13 13 -15 17 -7 -10 13 -17 -2 -2 12 23 32 -26 24 8 -19 0
8 4 5 -3 12 -11 3 2 14 -2 -1 12 14 5 -20 11 -6 0 -8 10
19 -7 12 -10 -12 4 -1 -7 -7 -17 25 -12 13 -2 22 3 -2 13 3 7
8 -5 8 8 5 6 -5 -9 -2 3 -6 -11 1 22 7 1 5 -4 -5 8
-21 -18 -10 10 2 -4 -23 16 6 -5 -6 -1 3 20 -3 5 2 -23 0 -2
-15 -54 1 2 1 -10 -13 4 -6 -14 -1 7 -5 -26 -13 6 -8 16 7 9
2 -9 -11 4 3 1 17 -16 0 -6 0 -5 27 3 9 3 2 -42 5 0
-3 -12 7 -9 -2 -9 -1 8 -12 -1 -6 11 1 -10 6 1 28 9 -13 -44
22 13 -15 -23 -2 0 -6 -10 24 -7 -17 -15 -14 -2 3 -42 -3 -5 18 5
-3 8 10 -17 1 -3 4 -19 0 -16 -17 -61 -8 -11 -4 45 -10 4 -16 0
-7 -24 -22 -14 9 -9 -34 10 8 2 -11 -23 -24 -23 -10 -24 20 -11 -4 23
39 18 -46 7 9 24 -22 0 -29 -17 10 26 -23 15 17 26 -1 8 26 -15
-2 55 38 -15 -16 -7 8 21 -1 15 -11 32 7 -13 -10 15 4 -6 34 -15
14 1 -11 29 -19 30 -2 -10 7 20 -2 -3 -15 -22 5 32 -24 -2 -17 -7
20 4 -1 8 -16 1 -12 -16 -18 21 -33 -6 24 16 -17 -13 55 4 -20 16
-6 3 -6 15 -9 -19 -12 -13 -15 29 23 -28 -20 27 11 -16 -13 25 14 21
-9 -15 -4 13 2 0 7 -12 12 -11 1 -4 5 -8 39 -61 -30 -17 -20 -19
0 -1 0 23 -13 9 13 -10 14 -5 -23 8 4 10 -25 10 -17 -9 -9 -1
0 41 0 1 -12 15 14 0 9 -21 14 18 30 -10 38 41 8 -36 -3 -11
-5 27 -12 -9 23 -10 2 -5 2 3 -15 -4 -7 -10 -7 0 -32 -17 -8 -11
20 -17 10 -3 -7 -45 -22 18 -20 -2 -18 2 6 -14 -36 -17 -9 1 23 11
2 19 32 -4 -15 -17 -26 -22 -5 -24 6 -27 -13 -13 17 25 4 -5 -1 -28
-16 21 -12 -21 10 1 -9 -4 -17 -27 -18 18 -2 -4 43 -1 -14 9 -27 15
6 -10 -8 40 12 -3 -14 -13 -7 3 -39 -6 12 -10 -34 26 -32 -20 -34 1
10 -2 -25 -7 -1 -5 1 31 14 3 -15 -9 -13 14 3 3 -45 12 11 17
8 -33 4 56 -22 -11 -24 22 -6 7 1 20 -15 -8 -10 26 -3 25 7 -50
37 6 25 -10 24 -10 31 -36 4 -16 -30 -6 -18 8 -13 38 -9 -18 3 -26
12 -12 -24 -20 13 -2 -11 14 -5 -13 -10 16 14 -9 11 -3 2 10 -10 -17
1 -15 -52 -3 2 6 21 13 0 7 -3 2 10 -10 2 1 2 6 5 -3
5 1 -8 -16 0 17 1 1 12 0 14 3 -13 -24 -4 9 18 -16 -20 7
-3 -1 -2 5 5 -4 -4 7 4 -7 3 1 -7 29 8 3 3 -10 -9 2
-12 -2 3 -13 -16 -22 -2 3 -5 11 10 1 0 -2 -4 1 2 8 17 -11
4 -9 -1 -2 27 2 12 11 -14 22 10 1 -11 -12 6 -8 -4 -12 5 1
-10 3 1 4 11 -9 7 7 -40 -1 -24 -28 -13 -4 -15 11 11 -6 17 -29
2 -30 -10 29 -6 0 -2 48 -4 -4 -11 3 -8 7 9 -23 -2 -8 -26 24
-13 -18 18 23 -3 -10 1 -8 -6 -1 0 7 -8 -26 -27 0 10 -1 -4 -10
6 -15 -8 -18 30 -2 -3 -23 9 -8 -16 -12 -30 -18 -32 20 18 -23 0 5
-11 -9 5 30 17 35 -6 25 12 3 12 -5 6 -80 -19 7 -13 10 5 33
-7 13 -10 21 -4 47 -16 28 34 6 -13 -14 -15 -3 6 5 -7 13 -5 15
31 -11 31 -13 -30 5 16 -48 1 0 -4 43 23 18 -3 -4 2 1 -24 -36
-4 0 5 -23 0 -13 1 1 0 1 -1 2 -10 -1 -10 1 1 6 6 -5
6 -4 9 1 -1 -5 3 3 -3 -2 2 -9 -2 3 -4 5 6 4 7 8
-4 6 3 4 -10 1 1 6 -7 -22 5 6 -2 2 -6 1 10 4 -1 -2
4 -4 6 -2 3 1 1 -7 -2 -27 8 5 0 10 2 1 1 -2 3 3
5 -3 -12 7 11 2 8 16 -1 0 -2 0 -2 -1 -6 2 -8 -4 -1 0
-5 0 -16 11 -66 2 -3 2 -10 -9 8 12 0 14 -4 10 67 -15 4 11
3 15 5 2 9 -2 -4 0 -11 1 6 3 3 14 -23 -21 16 6 -2 -26
14 2 -7 -10 4 24 -4 1 -4 -26 -36 -32 6 5 1 22 -2 1 5 -13
-7 -14 8 0 2 -9 8 -8 -22 -4 16 -5 0 20 -1 -30 -6 11 -1 -13
8 11 5 14 2 2 -15 -14 0 8 -25 -13 12 4 -10 0 11 0 -14 2
-26 -8 12 -5 -4 13 -10 -15 -9 5 -21 21 6 -29 9 -9 -13 -5 8 18
-11 -28 11 -17 -1 11 23 1 -30 8 -22 2 2 8 -13 -10 3 -4 31 5
-16 3 -2 -13 14 13 18 11 60 -2 -11 13 -28 17 -8 -31 84 8 -18 -20
4 -9 -16 -34 -27 25 -1 41 -18 -2 39 -25 -65 51 -10 21 7 3 -41 1
-7 28 -67 13 69 -20 -48 6 21 -18 -46 -17 16 4 4 2 -10 -91 -46 29
1 33 21 -22 -29 -26 22 -33 3 23 -10 -8 1 25 -4 -11 61 -73 -48 -8
5 9 -39 7 -10 10 -48 18 -29 -52 2 7 -5 -87 12 48 -20 7 -28 30
50 11 -37 38 30 22 -19 14 -15 9 -53 -15 -2 -24 -14 42 1 13 23 8
-5 1 -52 42 4 10 -17 -27 33 44 68 32 10 -11 -36 6 -34 -58 55 -29
-27 21 7 -73 3 -18 4 9 56 -6 -8 30 -10 -16 -101 46 20 -48 -34 10
-70 -34 6 6 60 -2 -19 -1 -17 -41 -15 -1 13 -33 -18 39 84 15 -4 -21
-56 50 -35 -5 -35 -15 81 -16 17 -21 -25 -11 0 7 7 24 31 -14 -44 -56
32 1 17 8 -11 -59 -44 30 -3 24 -14 25 -53 -125 -49 0 9 -72 -10 73
19 -72 11 34 47 36 -10 2 40 18 -1 -16 -7 31 -45 27 -11 20 7 -13
2 10 17 -21 -9 32 21 -59 -29 42 -20 17 9 -42 -10 52 21 -26 23 -10
-16 -9 18 -35 5 -26 -1 -6 -22 -49 5 -21 12 -1 -35 -25 9 41 0 -53
56 4 11 6 25 2 -6 7 -14 -9 2 -5 -5 18 31 11 -20 -13 1 -14
47 -25 -1 21 -16 16 -5 1 -30 6 -1 -13 24 15 15 -11 -13 -4 -25 -5
-8 59 -9 6 -20 -23 0 0 4 26 9 -10 -10 -17 4 22 -13 -40 -76 33
-11 -9 4 17 15 -42 -5 -1 -3 2 -24 7 0 -55 -29 0 -23 -2 3 48
-18 -44 8 -10 -23 -19 29 8 15 10 13 8 0 -2 24 -6 -25 15 -44 -20
12 37 28 -8 0 -31 10 -9 -8 1 -26 -16 -2 -28 4 11 -16 -14 1 -21
-9 -16 -38 -4 51 -11 11 -18 69 14 8 -17 -19 -48 1 16 -26 10 11 -32
7 17 -32 25 -24 11 -15 18 11 3 -7 -9 43 13 -7 -69 -49 27 -20 -38
53 -9 -14 -25 18 -17 21 -35 -11 -21 -15 54 -15 0 -13 -57 -29 -22 17 63
29 10 -2 -1 -10 -20 -17 0 -18 17 30 -8 2 -6 27 2 13 -48 29 -3
55 18 -21 -7 42 -48 -5 -25 -28 -31 -49 -18 12 -28 49 21 -4 -6 11 1
-83 48 -36 1 -21 -22 9 1 -32 -77 -1 -23 7 -44 -9 -17 3 -4 6 6
0 -22 21 -20 -93 -28 19 -30 24 0 -33 -6 14 -48 -18 -33 23 0 -7 13
-18 5 4 17 -34 20 7 -5 -65 43 -50 -14 2 4 25 4 1 30 15 1
-9 7 0 9 -25 13 15 -2 25 9 -20 -9 -30 -12 -8 5 -12 -7 -12 -19
0 9 40 22 -11 15 46 -17 20 -24 16 2 -25 16 -40 17 -1 1 -9 17
12 38 -8 34 -14 8 21 52 -6 -16 -30 0 59 -26 -10 54 -5 -29 12 -5
-8 64 -73 -4 5 -15 2 -34 28 5 -32 3 -12 -9 -26 15 -2 12 -3 11
-12 15 28 4 5 -7 -8 24 -28 -18 -40 -33 2 -24 6 1 21 -10 -36 27
-36 9 13 -16 -13 28 37 7 13 -5 -17 25 -9 -12 25 -26 2 -11 -7 15
47 -1 -3 41 28 29 -11 23 -14 -18 7 -9 -32 13 19 22 9 43 34 8
18 -22 -11 -19 -36 13 -14 38 32 2 -39 -8 -18 -46 28 7 -5 -10 -1 -25
19 -4 7 47 56 13 32 11 17 -12 20 -14 -3 -24 -17 14 28 21 -1 10
-41 15 -12 -18 4 -14 37 36 -72 3 10 -7 -6 13 -9 -25 -30 -22 -5 32
-96 7 0 -2 27 -24 -14 -41 -3 10 -1 40 15 -8 7 -6 -5 15 10 19
-18 -32 -6 26 -4 -19 -15 11 10 -13 -4 -14 -34 9 30 -4 -13 9 -14 4
7 -5 15 -2 5 -1 35 -23 2 19 -33 -6 10 -6 -4 8 8 14 -4 7
-20 -9 -1 -7 2 -9 0 -14 15 -10 -2 15 -31 -20 -3 17 -13 -38 -1 -1
0 8 -31 18 -22 1 9 12 -10 -38 -16 -23 -29 8 28 -3 -14 -37 16 -2
-16 -8 1 13 -31 -1 -34 -1 18 13 12 -22 -18 19 -6 11 -31 -15 -27 -2
-2 -9 -2 -8 20 11 -3 19 2 15 1 -55 6 -16 20 14 19 -2 7 5
10 22 5 8 5 16 4 14 -12 17 -21 -46 -39 36 -55 -14 2 -14 0 34
8 35 30 5 29 -12 5 20 26 14 2 -8 -5 -13 -28 -11 7 4 -4 -6
-9 -11 -3 -18 15 2 -4 -7 -9 0 5 3 19 -1 -3 3 -21 -2 -3 15
10 -3 -20 56 -10 21 -32 42 -4 -14 22 17 0 -18 40 8 -19 -2 5 9
-14 -7 -17 -20 -22 25 -13 35 -1 -1 -26 -20 -46 -25 25 -20 1 -11 16 29
-8 -5 -28 9 -1 36 0 -56 -12 -1 13 -18 -3 2 28 7 2 -21 50 16
0 13 13 16 18 -3 5 1 -32 -1 -10 -7 -11 -9 -10 -11 52 13 -1 12
12 -8 -12 6 7 5 -15 3 9 2 0 -13 10 -8 15 -9 -11 9 -7 -10
-13 7 -6 0 -12 -5 -1 6 -27 -4 4 -3 -4 -13 -6 -14 -17 0 -1 18
23 -19 -19 -17 -20 -6 -68 60 -8 -33 5 5 1 -29 6 25 -6 16 -8 5
2 -10 -11 11 1 -42 -15 -17 -20 3 4 -4 1 -15 -17 -12 10 1 -11 21
-1 -3 38 13 13 17 36 3 -9 -6 -15 2 5 5 -13 -7 10 7 -15 18
-8 2 -14 10 1 -10 -9 7 -13 -8 -3 11 -23 24 -2 11 -5 28 -11 17
-24 3 -7 19 -3 -15 -12 -5 -2 15 2 -8 19 -6 -5 3 7 3 7 -14
-22 -6 -30 21 16 -10 -49 -13 -35 -13 -7 -9 -10 -13 -19 -22 -16 -36 8 -8
-6 -14 -8 1 4 -20 -12 1 -23 9 -22 -7 -9 -26 7 21 0 -14 -11 1
-1 35 -28 1 81 -10 -7 -40 8 29 21 2 0 17 46 9 2 13 32 15
-18 -9 -19 -14 -3 5 -3 -3 -20 -18 -3 15 18 1 14 -17 -19 0 5 25
-1 12 21 -19 -13 13 -3 42 30 -12 -19 63 37 -66 6 -26 9 26 17 -18
-9 7 -2 -13 -20 20 13 19 -2 -14 -17 -22 -6 -2 -11 -7 0 9 -28 5
4 25 -7 48 73 2 -13 -13 -20 35 23 -9 -1 -14 -1 -29 2 6 18 2
-7 -4 16 -29 25 8 13 10 -5 7 -11 4 -6 -6 -18 -19 19 29 -28 15
-18 -18 -69 49 -8 -24 -24 6 -14 -12 -18 9 -3 5 15 0 10 -3 22 -4
9 -42 18 -11 -35 -6 -17 -9 -14 -10 -4 2 9 -9 -5 -1 6 7 1 7
14 14 14 4 -4 -6 -5 0 -47 20 28 -12 26 -13 4 -1 11 1 -11 33
-37 2 -27 -2 -18 1 -6 -7 33 32 6 -40 -18 17 -4 29 23 -18 -7 7
3 -4 -14 -10 -9 -3 -8 2 7 13 16 -23 2 0 -5 6 17 -11 2 0
3 3 -9 1 12 -8 -21 -24 -28 17 -10 -8 -11 0 -11 4 -12 3 -34 -46
-29 23 -6 -32 75 19 21 -63 22 12 31 -2 -30 1 -45 8 22 -15 24 -5
-37 -17 -10 -4 -20 -23 87 15 -16 6 -3 -29 -8 -41 40 11 27 -11 14 9
-3 -20 41 -7 -15 29 7 -15 -6 -10 3 6 -2 -9 4 2 27 -28 23 21
12 -27 -6 -12 -16 1 3 -22 4 12 -12 17 -37 14 -28 12 -8 11 -9 -10
-21 -36 -8 -29 -31 7 12 -6 -45 -20 16 32 -39 -30 -15 -11 15 48 -1 -15
-5 -37 10 21 -64 -11 -28 -2 -61 -1 -9 8 -16 -24 -17 20 -2 11 25 10
43 32 -3 -3 -10 -20 1 6 -9 19 -7 -2 16 1 -19 38 -17 -5 -31 -20
-4 2 -39 7 -33 14 12 0 17 5 17 1 101 10 37 27 -26 -4 8 3
-10 1 4 -13 -19 4 -4 -1 -11 -49 10 -20 -17 12 16 -14 -55 16 -25 35
-10 -57 12 -1 -13 4 37 -5 -51 -1 9 12 35 52 65 10 -2 -19 -20 -12
20 -10 -18 -2 -20 59 -10 -17 15 -6 7 16 -4 -45 23 -16 11 54 6 -10
27 18 51 11 -35 -89 21 -4 -20 -4 17 -21 -29 -16 49 9 -9 5 -4 2
0 -9 13 6 -30 12 37 -10 -2 -1 -2 -6 9 42 3 -26 -11 -41 30 34
-16 47 54 13 -20 23 -22 -13 -11 18 42 20 15 -5 -3 7 41 0 18 -8
-12 7 15 11 -11 -10 7 -81 28 -20 29 0 -6 -17 4 -40 22 -45 28 -7
27 6 -4 -4 83 -1 -11 45 -1 -4 6 13 24 14 -1 4 -1 -31 17 25
12 32 4 36 -22 6 -50 -7 7 9 12 -43 41 5 -3 9 16 25 -2 0
3 18 36 0 -20 -32 9 -18 -37 -4 -33 -14 -3 24 -9 33 12 12 1 5
-26 36 11 5 -6 3 -10 -53 -27 23 -19 6 -19 12 25 11 24 8 30 6
7 8 7 7 3 15 4 16 19 54 -4 11 -1 -12 -32 -16 -4 -3 -24 -25
-15 -11 11 25 -7 16 53 10 35 0 24 -11 -4 -16 31 -2 -4 -15 -12 -20
-29 51 -12 21 -5 -21 11 -30 -4 19 46 24 5 3 24 -6 -12 -22 -19 8
-23 25 25 -16 -10 -4 -4 -3 -2 5 -2 -7 -26 -12 -23 8 14 3 -22 -8
50 17 -3 -21 -11 -36 5 32 11 -14 -3 7 -3 2 -41 5 -17 -19 6 -3
5 -20 1 -6 27 11 -43 -31 28 27 9 -18 5 23 7 21 -25 4 -7 -6
-1 -4 9 4 1 -12 7 7 1 0 8 -14 -24 24 42 3 -46 21 -36 -6
17 3 37 -9 43 4 -63 -12 -3 0 -34 45 -46 -11 12 3 7 -28 39 20
2 -11 0 4 31 9 23 -26 3 -34 9 -18 -34 11 -20 5 5 19 -29 14
-47 -40 1 11 44 -5 -18 1 -21 -33 0 -3 -14 -16 -1 -18 -20 -26 28 -22
1 -23 67 -10 -17 -12 -1 -10 18 0 40 31 -5 -23 -10 -41 -9 -13 -14 -32
-39 21 -4 4 28 14 -11 -4 9 27 -28 9 -21 -1 -4 7 -10 -13 7 16
-18 21 -22 15 9 -1 -5 22 -6 11 -11 42 -8 -5 -6 -5 -7 -3 1 -14
-16 33 13 24 0 4 10 11 1 12 -29 16 -15 3 -22 -12 -11 21 7 21
28 15 15 0 40 -44 -18 -3 -6 -14 -5 -23 -10 1 -14 -32 -18 7 -9 20
-9 -23 16 7 2 -25 -6 4 -26 -3 -4 23 8 -17 10 7 -13 30 17 -3
-29 -12 -7 -9 3 3 -19 12 16 -4 -21 20 -17 -8 1 15 -52 33 -7 34
-24 -87 -15 17 2 -34 0 -9 12 1 -39 -3 -29 -18 5 29 -30 12 27 23
11 -25 -12 20 20 45 2 41 -18 10 -43 2 4 39 21 -46 -27 -34 15 40
-22 14 -18 38 -28 -1 1 -49 25 4 -6 46 -23 6 -31 12 -12 -2 11 -11
26 -34 -16 0 7 0 7 -11 -3 22 1 27 -55 4 -14 -1 -15 -20 25 24
-3 47 -13 -4 -28 3 -8 21 11 -21 4 11 -12 -2 -34 16 -21 -8 3 -30
-11 -2 9 34 0 5 33 -23 -33 30 -56 -1 -2 15 24 -3 26 -15 -3 -17
10 -36 -5 37 -7 26 6 -32 0 -50 55 7 55 -15 6 0 20 -13 -20 -17
-5 -6 -27 -78 7 -7 -13 13 26 -8 7 6 -8 4 -5 -16 4 -8 -19 -13
-6 2 12 -7 -2 2 7 5 -7 -5 24 -6 -8 -22 -9 -19 5 3 1 -15
4 10 -8 4 9 5 13 3 -2 -24 -1 9 11 -3 -1 5 -16 9 4 -3
14 19 7 -1 1 -4 -4 9 -3 9 6 8 7 17 -16 -8 3 12 -1 -2
8 -16 -17 1 11 -9 11 18 -9 12 -5 -8 5 7 18 -7 6 -10 13 6
10 9 6 1 -23 1 3 9 -13 -16 11 3 1 -7 -2 8 0 -3 -9 13
2 -5 -10 -6 -13 -1 -9 -25 -5 -2 -15 -18 23 -13 10 -31 -8 -6 -24 -13
-10 -7 2 -1 -4 0 -2 -12 3 2 -2 18 -12 -19 26 0 -17 -10 10 -3
-13 -6 -8 15 -20 0 -2 5 -1 -3 21 -11 8 22 16 31 -17 -22 -22 11
-16 -18 -16 -15 -7 -3 -5 -2 -18 -4 26 7 -7 6 -11 9 -25 -2 3 28
4 2 -7 16 -20 -6 1 -8 36 -32 20 -35 -10 -18 7 2 18 27 13 -11
3 20 3 17 -25 2 -26 -19 77 26 17 11 -23 33 39 30 13 24 -27 3
-14 -12 -10 -4 16 5 8 1 -15 -3 -21 -15 -5 -27 -14 -21 31 -30 -15 2
7 -32 0 0 -36 2 10 -11 -3 11 13 5 -22 1 -12 -18 -14 -9 51 14
8 -18 0 -29 31 -28 -3 12 12 -2 11 -33 -11 17 6 17 -28 0 -18 -1
-6 -2 -8 -30 -24 -35 19 11 -11 37 1 -1 -23 2 -17 4 20 7 0 -19
-2 -14 16 -14 -40 -6 -10 17 -8 2 4 17 -16 -28 -18 12 -22 21 43 15
-15 -4 4 -9 -2 0 -24 16 -5 14 18 -22 -16 -27 12 7 30 0 15 5
12 -1 -11 -41 -16 0 -12 -10 -15 30 8 44 11 -18 21 -6 -10 -5 7 3
-11 25 -10 -38 -6 15 -9 49 -7 0 21 25 9 -39 16 63 -32 -33 -13 31
7 28 18 4 -3 8 -42 -7 5 6 -7 -5 68 -17 -11 18 -36 -17 15 3
28 -10 36 -4 42 17 -33 -12 30 24 -16 -15 26 11 -10 48 7 -53 -3 -15
3 -7 -11 -5 -17 4 8 2 26 30 -47 3 -27 36 -23 -7 40 64 -3 45
-8 24 -33 -2 -61 2 13 12 46 33 10 -48 -49 -17 -23 -6 -33 -3 27 -5
-10 -34 8 30 3 -18 7 -9 -6 -8 -20 -13 -15 9 -22 -3 37 -18 -48 15
-38 1 -21 -3 -2 7 -20 72 32 -19 -10 -3 12 -24 -57 -6 4 54 5 -37
45 -15 1 2 4 27 17 19 17 -17 4 -5 -25 33 51 5 -1 -15 8 17
29 -15 -16 22 -8 12 1 -5 -4 -10 -26 -10 6 9 34 -6 -16 -8 -15 3
-40 44 -34 -16 -30 -41 2 13 10 8 22 -1 -26 -10 0 2 -16 -6 -52 3
-28 -4 -6 11 -3 -20 7 17 -4 1 19 15 -19 -77 -51 -4 8 20 1 12
16 -26 9 -13 -8 2 -4 1 -8 -11 -14 3 -15 -24 -1 7 -21 14 -51 8
1 42 -6 -14 -17 -34 13 -23 -14 32 -16 -21 -16 -17 3 -2 -6 -23 -16 13
-5 -8 -5 -13 18 -9 25 -19 -30 22 -5 -14 -15 7 58 26 26 -59 -4 -18
28 -16 -11 6 -8 10 -10 24 -23 -11 6 38 9 36 2 8 -38 8 -18 -3
-76 11 -21 -14 -21 -19 -31 -43 22 8 10 -2 7 -4 -71 -21 19 6 20 -17
-11 -35 -70 -22 -4 19 -29 23 1 10 -27 -48 -11 -12 -19 28 35 -53 -15 10
15 24 28 -35 -37 -27 13 -22 -6 -10 18 -37 2 17 -26 17 -10 -11 4 -6
-77 -4 15 -4 -13 68 50 -39 -33 -80 -35 -25 -16 -28 3 11 11 8 -8 57
-32 -20 23 -33 -38 9 -9 -18 -5 -16 -26 2 12 -12 -3 8 28 -5 6 -17
-8 20 -11 -9 -1 -6 -22 -13 3 13 20 -1 -2 6 -8 -14 -1 -40 28 3
-4 -5 -1 -13 -1 -1 -9 -17 -2 8 -8 -6 -5 0 -5 -11 -22 -3 -15 24
11 -7 -4 -7 -30 7 0 -10 -4 15 3 -7 16 -5 -29 -1 -15 -2 -9 -3
-2 -15 -18 -3 5 3 0 6 -15 -25 -27 -1 11 17 10 15 -2 0 -13 -1
-12 0 16 -4 5 -13 -2 -3 14 -4 12 -1 -11 -13 -10 -11 -8 11 1 -7
-1 -17 8 -1 4 -1 -14 -1 6 -29 -9 -16 -18 2 -4 -36 -23 13 -26 8
2 11 -9 -8 10 4 1 -10 -2 21 -5 -32 16 6 -10 -12 9 -42 -27 13
16 24 9 22 -3 -1 2 4 9 9 -17 10 0 -2 -8 -7 -42 -18 48 -17
8 -44 4 11 20 -20 -12 18 2 7 -10 2 3 14 2 7 29 16 -18 -2
-14 -5 7 0 17 28 -16 -15 -21 10 -5 -4 7 -25 1 -4 23 4 -15 -15
1 -28 -1 12 -33 -30 -3 -38 -3 -12 -13 -11 -7 7 -1 -3 -61 -13 1 -11
4 16 2 -1 -7 -4 -23 1 -6 -28 11 -4 -9 -20 -10 -5 -23 0 -2 3
2 -3 -15 -2 -4 16 -22 -11 -5 -7 -3 -5 -4 -2 -2 0 9 1 -18 -15
-1 -14 0 8 -5 4 28 -5 9 10 -8 -30 -17 -13 10 -7 13 -14 13 13
9 0 -3 -15 -10 -23 -7 -33 -22 2 25 -23 6 -20 -29 -6 15 8 3 11
-2 -4 -4 -2 -3 2 4 -10 2 10 -23 -9 -44 -10 15 7 -6 -3 -6 -11
-8 -2 6 -17 -4 -9 -19 8 22 13 14 3 7 -9 5 5 -5 -1 4 1
14 -16 8 2 5 9 -9 -9 -6 -13 0 -23 -10 0 0 -15 10 -3 12 -1
-20 -2 -6 5 -2 3 0 8 -5 -1 -4 1 1 -13 21 -14 -12 7 -7 -6
12 23 20 7 -31 -8 7 -24 7 -13 -17 18 8 -4 -15 13 17 -3 1 24
-13 -13 -4 6 -13 11 -2 -14 0 -4 -4 23 -35 38 -24 -10 -21 -13 -27 -8
-11 7 0 -13 -14 -20 -11 22 39 -14 21 -19 -6 -3 19 14 -6 1 21 -8
24 15 -24 -22 4 -56 -2 -11 18 -25 -13 9 -14 -7 -38 8 -13 6 5 -58
-11 3 9 -23 3 -3 8 -10 -9 2 6 31 14 13 -4 -8 -9 -10 23 8
-15 16 4 4 -14 -10 -4 23 -16 -10 14 -4 -9 4 2 3 8 -4 15 -11
47 1 -1 8 19 -1 -14 29 92 -6 -7 8 -30 13 -1 37 -39 -2 19 29
5 18 8 6 -25 9 0 18 -31 25 0 17 -10 6 -13 -9 -20 11 -22 7
20 21 12 19 -19 -2 -28 41 -14 0 11 4 -9 -25 -6 19 -5 -16 22 -5
-18 -18 -6 19 27 -17 -9 -7 -27 -3 -19 -6 1 -19 -20 35 -5 -2 -27 21
5 -3 20 -6 -43 7 29 30 -11 -12 -2 -11 -3 40 29 -9 6 3 7 28
-3 13 -14 14 2 10 -1 6 -37 -4 -16 0 -38 -24 15 -14 -12 -28 -4 -6
20 1 5 38 11 10 19 -32 -7 -9 -44 11 22 4 -21 -1 41 7 6 -25
1 4 -24 16 -4 -9 2 5 7 -7 -13 2 28 -14 -27 -5 -9 -15 -20 -13
4 -12 1 10 -37 13 -21 -51 10 23 -20 -79 -9 8 -16 87 -30 -31 -9 14
-9 -43 -37 -42 -24 -30 -17 -18 26 -27 12 -14 39 14 -46 23 3 -6 4 34
-12 -17 -12 31 -8 -33 25 -29 -10 -12 -5 -31 -4 7 24 -37 -15 2 -19 -8
14 10 26 -56 10 6 -32 -11 20 22 4 16 16 -44 10 34 27 36 45 25
-18 1 -26 9 -27 0 -16 24 28 1 -13 -2 -6 24 34 17 59 -21 -23 11
2 -28 5 59 -18 -6 15 19 -14 11 10 -20 -37 -6 -2 -6 19 -26 28 27
-21 -7 -20 27 34 -12 -15 8 5 4 -10 -23 -9 16 -1 14 5 37 5 33
7 -14 -17 -17 -35 -19 -1 8 -13 50 -15 -9 5 2 -17 -15 24 -9 -7 -14
-8 -28 -6 -24 -7 7 -24 25 1 15 -15 41 -13 -13 12 19 -18 -14 -4 12
-25 -1 20 -17 -18 -7 -16 7 -7 11 22 -39 -19 -22 4 -1 20 -1 8 24
1 -1 -3 -46 -11 14 -9 3 -27 38 -3 37 -3 -21 37 -29 17 -29 10 -12
6 5 -30 -17 -31 2 -18 -33 51 -37 -4 35 -5 13 -16 -8 21 26 26 -11
-14 -54 -37 -18 -23 -9 29 -66 -74 23 5 -4 -29 -20 -13 -23 -8 8 -14 19
-28 0 -7 15 -37 27 -34 -22 -37 -8 17 -3 -23 -16 -49 2 -6 -5 -35 -19
-10 15 43 -27 13 -29 24 26 5 10 24 -36 -34 -8 -30 27 13 23 3 -29
30 -11 20 4 26 -4 -5 -20 -9 -25 21 -30 -3 16 32 -4 -34 19 -57 5
24 6 33 -9 -7 16 -30 -16 35 -48 91 -4 -14 -23 -40 -10 9 -16 9 -34
14 25 8 19 -35 32 -2 23 9 -23 37 -6 18 -4 -18 7 8 18 0 -11
62 -8 19 55 -30 23 4 13 3 -49 16 -45 -3 -41 72 -38 5 -9 48 35
14 53 -94 -6 29 56 -11 6 -17 -16 -17 -12 51 61 16 25 53 -21 10 6
34 8 -16 26 19 -63 -15 20 25 -5 -18 1 -1 -18 -31 23 -18 -25 11 -25
-10 -8 49 -8 32 21 -52 -1 -24 -38 -62 20 18 -25 -48 42 -8 32 3 5
13 -3 -16 32 9 14 1 -23 -30 -9 3 26 -8 -17 4 36 -1 16 10 -36
-40 -73 40 34 74 -19 -20 -52 -29 29 43 49 59 -30 -8 7 -7 3 -3 -28
3 -11 -71 13 -31 -96 -23 20 -18 -3 12 -19 13 -1 19 17 56 -17 -29 -5
-19 -43 -57 -1 20 4 47 -25 -6 -17 -23 -1 -21 -2 -1 -14 -1 -59 2 34
44 57 52 7 4 32 -25 -53 -21 34 -57 28 -2 -28 -35 8 -7 11 -17 14
7 6 4 0 -11 -4 26 -18 -18 -5 11 -36 -8 12 6 13 -15 -81 -99 -22
71 -10 37 -28 -24 3 -20 0 8 -5 -2 -3 -60 28 -3 -42 -26 -29 5 -41
-3 -55 -36 -31 -98 -41 19 -8 -9 20 -1 -20 -41 22 -10 15 22 -22 5 -5
28 -22 5 12 -25 -41 -66 -37 10 5 14 4 12 -9 7 -10 -24 0 6 -13
17 -9 -9 17 -5 -4 10 16 -7 -5 -46 -5 2 8 -16 0 -3 33 -21 9
-2 2 10 -7 -19 -4 -5 -8 0 12 7 0 24 6 -1 -2 17 59 -7 -13
-1 1 2 11 24 -9 6 -4 -19 -2 11 17 3 9 -8 11 9 3 -15 -9
-3 -22 -4 13 2 -4 4 -5 -1 2 -35 -23 -31 -9 -43 -33 -1 1 14 4
1 -23 22 13 -19 6 -13 -5 -4 -1 16 -39 -3 12 11 -2 18 3 -16 -13
-6 -17 -10 -9 -1 13 -12 -16 -3 -2 2 -7 3 -1 37 16 -8 -3 -9 10
-4 -8 8 12 14 17 -12 -18 11 20 6 0 8 -19 -14 -4 20 2 -12 -14
-17 10 -8 -7 4 -5 2 5 4 9 8 -17 -17 -2 -6 -17 -24 -8 -14 -9
5 -7 -11 2 -7 3 10 2 -12 -4 1 23 -7 13 16 2 3 -18 28 10
1 -12 -11 -13 9 -21 0 -16 -13 -3 6 29 10 -4 -2 -13 3 -1 5 8
-10 0 1 21 24 -2 8 16 -2 0 -13 -23 3 -6 3 -36 4 0 -4 -4
-6 1 21 -3 21 -2 2 -14 0 -3 10 -6 1 -2 4 6 -4 13 14 -15
16 -2 12 -14
