11 38 32 -6 -13 4 -19 0 -7 -9 -14 -29 23 20 15 16 -7 5 47 67
31 -31 -3 4 6 22 -6 16 37 28 -40 -25 -3 -5 2 27 14 21 6 -80
-41 20 3 -9 6 15 -32 -90 22 5 -31 -14 -14 -6 8 33 16 -48 -100 -59
7 15 21 9 52 -28 -53 -34 -4 6 -35 -3 -3 17 2 -14 -29 -67 -4 11
12 -3 -3 -13 10 12 -11 -11 -38 4 51 53 56 -54 -45 -45 36 36 10 32
13 19 -12 -3 -16 -23 13 22 12 31 15 -26 11 1 12 -9 -38 9 -22 17
22 -12 -6 -22 -46 -26 -20 -119 -60 24 15 34 0 -15 -14 -18 -17 -16 -28 -41
-24 -2 9 -2 32 31 8 -3 23 -6 7 6 -18 67 39 -61 49 37 -90 49
43 -58 4 -14 -44 -23 -9 1 1 4 -18 9 -9 -3 -3 18 25 26 17 20
-17 12 24 -6 -4 12 -10 1 24 11 11 4 4 0 -6 -2 -27 -21 -20 -33
57 -39 -64 43 -32 -52 21 -9 -37 -37 -14 -5 -8 -5 5 -18 -14 37 47 -43
51 66 8 54 39 13 12 8 -7 -6 -17 7 6 -20 -35 -4 32 -35 -32 49
-26 -7 49 15 106 -22 16 67 -25 -17 3 -23 -44 -20 15 -49 -16 18 -14 0
37 17 -1 12 -8 -5 3 -1 10 11 29 17 -13 -6 32 17 39 19 10 7
14 -11 -19 21 -18 -3 25 -10 30 21 11 14 -6 -13 -16 -20 5 6 -24 -5
12 -48 -33 -1 -32 -22 -8 -24 -13 -33 22 -12 8 -17 -3 14 -6 5 2 21
-4 1 0 -2 -11 9 -11 -2 23 0 7 1 -10 17 -2 -5 6 -2 -1 -9
5 1 -28 77 -9 -35 71 17 -20 71 1 -1 -9 23 -24 11 12 3 -23 16
15 -16 -24 29 5 -102 46 -28 -47 3 20 -14 -23 -4 -24 6 -7 -13 -47 43
-6 -52 82 -55 -32 58 -57 42 -26 -29 38 -32 -62 7 -24 -23 -6 -13 -10 -48
13 20 -12 -8 12 -5 -22 -34 20 -15 -44 0 8 -51 4 6 -20 10 41 -27
16 40 -32 2 -10 3 -1 -18 10 20 -2 -1 27 46 9 35 40 0 12 3
-7 0 12 -3 -14 4 -6 -11 11 0 -16 8 1 -1 -28 -24 -2 15 -28 16
2 20 75 55 19 16 17 29 -2 0 7 30 15 -14 -16 -14 3 -4 18 -8
9 14 4 -5 -5 0 5 14 -10 7 0 -6 -1 -2 24 0 6 -25 -1 13
-42 -17 30 9 -15 -17 9 8 10 -9 -1 2 2 3 12 -11 3 -5 -15 -4
-7 6 9 4 6 30 8 -8 -4 2 1 -15 8 5 -2 16 5 1 -10 17
-8 3 -22 19 19 -15 -9 16 9 4 15 -8 -18 -1 -7 10 -8 2 -8 -24
5 -2 5 6 -11 0 4 22 5 -14 27 31 -19 18 47 4 -19 -10 4 -7
-14 14 10 -4 2 52 -14 7 94 -21 29 64 -26 8 11 -14 -20 -18 -14 -37
-7 2 -21 36 -25 17 4 -22 20 32 -29 19 -4 3 4 -7 -6 -10 11 2
10 11 4 2 3 -4 9 0 3 -14 -5 36 -36 -6 43 -20 13 -10 -11 -15
9 -21 -38 31 -29 -17 -14 -12 21 -1 -15 13 4 -6 8 5 -2 -12 23 -14
-4 22 -17 5 17 -7 -12 14 1 -30 -5 -13 -4 16 1 11 14 12 -11 10
22 -10 -6 0 1 -1 -9 -24 9 -8 -5 -7 0 -60 28 -5 -50 35 -8 -25
-3 -1 -10 -32 21 -4 -4 6 9 13 6 -20 11 -21 -18 15 -5 -18 8 -5
5 -2 -10 -3 -3 0 1 -14 24 10 4 3 6 13 -4 -24 -11 -20 -17 -21
-10 24 49 -18 -13 -5 2 18 -7 8 23 3 -7 -21 -14 -17 7 5 5 30
46 2 -83 -76 3 3 45 63 7 -47 -66 -10 -32 -32 -15 -9 -15 9 41 -28
-25 -59 -27 -2 -9 6 -7 11 -1 -19 -25 -8 3 14 28 6 23 29 -1 -9
-21 6 9 4 -5 8 10 1 4 -8 -23 1 9 19 46 27 -1 -1 0 4
23 10 6 -11 -5 -20 -15 1 3 12 8 -9 13 -20 -18 24 11 9 14 7
6 -11 10 -34 -41 -22 2 12 -3 -37 -73 -62 -16 -39 -6 2 -2 8 -6 -8
15 -26 -27 -13 10 8 -1 42 21 8 -15 -27 -7 -15 11 52 3 -3 51 -18
-9 37 -10 -18 -7 3 26 5 10 -26 -20 20 8 -16 19 -10 -19 -17 4 2
-24 20 -15 -33 22 5 -7 11 2 -4 1 -11 -10 -12 -14 -1 2 9 -38 21
-31 -40 8 -42 -11 -10 -34 -19 8 5 -19 -35 -6 3 -12 3 12 -1 32 29
18 45 22 16 17 -7 -1 -6 0 -6 -26 -6 8 -11 -33 -9 -13 -20 6 -17
-36 -31 9 25 -5 27 59 -3 39 3 -24 3 -47 15 -7 -64 55 2 -34 7
-3 17 -31 7 62 -21 37 15 -1 38 15 -15 -8 33 8 5 23 7 7 1
1 -4 16 10 -3 14 7 -6 13 -6 -9 -19 -8 3 -14 -7 23 -6 -6 4
3 15 12 -16 12 -15 -8 -39 -5 -29 -71 -40 6 28 -12 13 -9 5 -3 -7
4 -25 -5 -9 -11 -30 -22 37 54 10 61 64 2 -26 4 9 8 81 87 4
-6 -14 -10 -11 8 -11 -35 -18 2 75 25 -10 -5 -26 9 9 -44 -23 -18 -47
-3 -19 19 10 -16 18 12 -1 8 28 18 22 6 6 13 -6 15 1 10 -13
-17 -19 -16 7 14 -4 -1 -1 1 10 3 -16 -13 37 1 -4 -9 -11 4 -21
-17 0 -13 -30 15 1 -8 26 -6 0 6 5 32 43 42 -5 21 19 65 53
-19 -25 -49 -19 -15 12 -15 -1 13 -5 26 34 7 -2 20 -5 -10 10 8 -6
9 -3 -13 -4 21 -19 21 -1 -8 -1 41 90 26 -33 -80 5 16 69 75 7
-17 -25 4 -29 22 2 21 2 0 -24 1 83 58 4 -28 -40 -25 -21 -12 24
5 6 24 -19 -50 -57 0 -16 -17 3 -16 -12 -6 35 -15 -6 -12 12 -17 7
29 27 14 8 -9 -25 6 28 -22 16 19 22 8 4 -16 -8 20 8 22 -25
-43 -11 42 33 8 -57 -39 1 58 51 7 32 -3 -4 16 -2 17 22 -19 16
10 6 -23 28 -63 -10 28 61 23 19 -16 10 49 34 52 -18 -3 -23 27 8
28 -15 -13 -7 -47 -105 -47 -12 11 11 -2 23 17 15 22 24 -22 -47 27 -10
-48 17 21 -1 -2 -16 13 -17 -13 13 -42 -26 14 -22 -22 9 14 -27 38 13
-7 13 6 -2 -51 5 -21 -88 5 -2 -63 -18 -14 16 -4 -21 -14 16 -9 -12
-5 -22 -6 -6 -5 9 -9 2 -2 2 -18 -10 0 -23 7 25 -1 -1 22 -43
21 15 -72 88 30 6 50 4 20 17 21 1 -18 9 -1 13 0 -34 11 -13
-15 23 3 -20 23 -3 -12 -16 12 -29 6 14 -28 -5 3 13 -21 -16 5 -19
-28 12 6 -13 -11 -31 0 -48 -39 26 12 2 6 -39 22 5 -33 -10 10 -9
-6 19 13 -13 2 8 -20 -1 -6 -17 2 -3 8 17 -18 -22 46 -32 -21 36
-5 -16 7 -7 -16 -1 -8 2 -2 -11 -6 -4 -16 -7 19 -7 -5 8 -6 -24
1 -11 -2 -32 5 8 -7 -9 6 -7 5 -1 -9 8 8 -1 -2 3 5 5
8 2 5 -1 3 -6 -1 -10 1 0 -12 -8 -1 -4 3 22 -16 15 18 -11
-4 16 -11 11 6 6 16 11 1 -9 -5 2 -1 -29 -9 6 -71 -31 -9 -24
-2 6 -17 -8 12 -11 -1 0 -4 -7 6 -33 -12 35 -7 -13 39 -10 -8 -8
-59 2 -13 -61 14 12 -9 9 8 13 3 4 41 -25 -24 14 17 13 3 -6
4 -40 8 -1 -26 -5 -1 2 -3 1 -40 0 16 -30 5 -3 -7 -13 -8 -6
-4 -4 -17 -1 -10 26 18 -10 -40 14 20 -22 37 29 -17 1 30 -22 -9 35
-35 -18 10 59 25 -7 23 108 11 -17 8 37 2 -23 3 -5 -7 22 2 22
48 19 12 -10 -30 -16 27 27 15 -1 41 36 -19 -17 -15 13 36 42 8 -9
9 9 20 -8 -21 63 14 1 -17 27 -6 7 74 42 69 35 -14 -24 22 26
-39 2 19 20 10 6 2 0 40 1 20 -22 -36 33 60 8 6 72 13 29
-10 -11 -21 36 -24 1 68 -24 3 3 -17 19 32 7 3 48 -87 -5 37 58
22 7 -8 -8 15 34 24 39 27 8 -37 0 -18 21 -25 6 8 22 -18 -6
10 5 -18 0 19 -9 13 8 -88 52 -4 -89 64 -17 -18 17 -41 8 -34 10
3 -45 4 -8 -46 12 21 -32 -3 5 -8 -29 -1 -11 4 -56 -9 26 -127 21
32 -60 -23 21 -1 -6 -4 -19 7 6 0 -1 -9 5 16 -9 -8 -25 13 16
-5 5 -10 1 -27 -12 15 -9 -5 23 15 26 -10 -29 19 31 -42 6 -3 3
1 13 19 -1 6 0 -5 -1 8 1 4 -16 7 0 -11 20 7 -9 19 6
11 -21 -19 1 -10 -9 -14 3 2 7 -2 12 6 13 -2 10 10 -2 -2 -17
-2 -24 -1 45 -5 -48 31 -12 -46 48 10 -20 28 -3 -4 -1 8 -19 -19 -1
-7 13 18 -13 13 -33 -57 76 -34 -69 73 1 -34 -10 -8 -8 30 21 -1 -17
-12 -22 -14 -13 3 -29 -15 4 19 -8 -12 -11 -9 -11 11 8 -10 -11 -3 34
4 6 58 18 4 -49 -38 13 0 8 4 19 -4 -4 6 8 -7 -8 -17 -21
-17 28 25 4 11 -12 21 8 -14 -2 -17 4 19 15 9 18 46 47 -36 -55
-29 11 22 15 -18 2 21 -24 21 62 30 -20 -46 -42 -102 -39 -25 -4 -33 14
-18 17 -42 -13 -23 9 -6 -5 -7 -5 5 -11 -11 -7 7 -5 -6 4 4 -12
20 11 10 57 32 10 -20 -50 -45 -75 -58 -37 64 65 25 22 -9 -2 -5 -20
-21 21 -8 6 0 -5 4 20 17 -8 -28 2 21 3 6 -10 -12 21 19 12
19 -1 -12 -3 -7 -14 -12 0 -15 8 2 -5 13 -15 5 3 2 -1 -15 1
7 -12 -5 12 9 -27 -6 10 5 -5 6 13 -1 4 -17 7 5 4 7 2
2 -6 28 29 0 -5 30 -3 2 -12 -18 -35 -6 -10 -28 15 3 -18 -2 3
17 20 -5 13 -11 -6 -15 -10 -13 31 71 5 -14 4 3 -20 -55 -23 20 -20
58 124 50 -12 -4 34 18 25 7 4 -9 -24 -13 -2 13 -1 -6 -9 1 21
-2 -18 -9 -20 -25 3 36 -19 -64 -62 -4 -15 -50 6 29 17 -39 -23 25 18
-7 -46 -5 -27 -16 -1 1 20 -3 1 1 -7 7 -7 14 19 22 -9 -8 -9
-3 -11 2 -14 -6 -4 -3 13 8 9 14 8 3 -16 6 6 -5 2 -9 -8
-2 -1 9 3 -10 -4 -2 -66 -34 -2 2 12 -13 21 8 0 -8 -7 -3 -22
-9 2 -4 -8 -1 -7 -18 -12 -4 -2 -7 -1 7 6 -1 -7 -8 -10 1 -1
-17 -1 1 -6 -28 11 9 31 14 10 3 1 16 -22 -31 0 17 44 4 11
3 -17 -57 -13 -19 -11 2 -10 -14 -11 -1 -21 -2 -5 1 -5 -3 -3 -7 -7
0 0 1 11 -9 3 -6 4 -34 -20 -1 15 43 16 -2 23 27 -2 -29 0
-28 -2 15 17 5 -3 3 8 8 -5 9 12 -9 -1 -10 4 2 13 -9 -6
11 4 6 4
