6 -31 -2 -13 -13 8 10 -14 2 -3 13 23 -7 -14 -27 2 -14 1 -15 4
-6 -15 -12 2 8 -6 -10 19 19 -5 -12 -20 -21 2 -25 -3 18 -57 -18 2
-2 -15 -6 27 21 -10 -9 -8 -16 -3 3 -5 -22 15 22 59 15 -7 -10 3
8 -15 -2 5 15 21 10 9 14 2 -4 5 -49 -29 14 8 27 10 0 13
-5 2 -24 -16 21 29 11 -1 6 8 -24 -35 -3 7 10 -1 5 9 -15 -11
-17 -8 9 -7 -23 14 2 -9 49 40 -28 -4 -37 -10 -9 -14 -7 -23 11 16
-16 -29 -9 23 -5 -12 -2 32 15 23 13 6 7 -15 9 18 7 11 -26 -71
-54 -6 -14 -10 1 -4 -9 -7 -2 -3 -13 13 -19 14 8 -7 6 22 24 -16
-3 -3 8 -11 -13 1 -20 -7 -3 -7 -1 -7 -19 12 28 10 33 1 -7 6
-2 26 -3 -51 -15 -32 -26 -6 -2 2 0 14 9 -7 0 16 11 18 1 -18
-10 22 13 20 4 -10 2 -15 -6 -8 -9 8 -7 12 5 -1 1 -7 0 9
12 41 7 -11 11 -23 -2 -6 -41 -7 -14 -22 6 -9 -3 -6 -21 -14 -25 -55
11 0 -16 -7 0 -29 -8 -21 -26 0 3 -4 -26 -12 7 -29 -27 -14 -29 -13
0 21 7 23 17 14 2 -8 -19 -9 21 -11 -1 11 14 0 -14 8 17 -4
16 -6 6 -2 -9 -6 -9 -7 23 -8 -31 -20 2 45 -12 -17 -11 -7 -10 9
12 30 6 8 7 -22 1 -19 -10 -6 -8 -3 -6 9 12 -18 -3 -9 -37 -72
-8 26 -28 1 -3 1 7 -10 8 -8 15 -32 2 8 22 5 -44 2 15 -5
1 -24 -2 9 14 -1 18 24 25 24 -7 -8 11 14 2 0 -15 13 -9 -14
6 -9 3 16 4 -10 10 -9 -10 8 15 2 5 14 9 -16 -26 27 -1 -17
-3 13 28 13 -5 -5 -14 -11 19 -5 -16 -11 34 -6 -22 -7 -1 5 20 -4
6 12 6 -30 -2 -1 9 14 6 -5 -3 -8 -9 -7 4 -3 1 -12 -7 7
-3 -1 -5 -9 5 20 -16 41 7 -13 1 3 -1 -3 -1 -12 -6 -16 8 6
1 -6 -7 -4 -21 -6 6 14 18 4 5 -9 -6 7 2 8 -5 7 9 -7
-33 4 43 10 0 2 19 17 -13 17 -3 9 -33 -27 -16 -44 -30 -10 -5 -19
24 2 -19 -4 -6 -6 -7 -12 -5 54 17 0 20 -12 1 8 -9 -4 -3 14
3 -3 5 5 6 -15 -21 -42 18 12 -13 10 -9 -26 -24 -12 -6 -43 -25 12
-8 -18 2 5 8 -22 -8 -4 -2 -4 6 -1 -2 -10 13 -9 -10 6 -2 -8
17 -15 -5 35 9 -10 19 -20 -19 -8 -6 7 15 19 1 -7 -21 -29 -22 -3
2 -7 9 8 41 -4 -19 23 6 -2 12 3 -28 -39 -18 -4 -27 14 36 -42
31 38 38 -11 14 4 17 -5 -16 2 -23 7 2 0 -2 3 -8 2 19 -2
2 0 6 41 3 -13 93 -7 -35 -27 17 0 3 -39 -5 36 -38 -4 26 -13
11 -75 39 46 8 -10 -5 29 20 29 4 -10 -8 8 -31 -25 0 -9 4 33
-26 -19 49 -33 12 -2 -46 -13 27 8 -26 -26 -4 -8 -64 -15 5 -9 -31 3
7 -44 -25 -10 -6 -9 -11 18 -10 17 6 -11 1 -34 2 -9 7 5 -32 8
-6 -8 -1 -3 11 -26 -12 0 -22 -4 -17 -9 0 20 -5 2 -1 -24 -17 -16
-2 7 19 -2 0 23 -1 8 -15 -13 0 7 -2 -14 -13 -22 2 10 -8 29
-1 -27 -28 60 -7 -127 -4 -9 -1 0 3 41 -28 -36 27 -22 -43 14 -5 -18
-8 -6 -39 -15 2 -34 -26 -1 14 20 -44 -2 2 2 7 -19 3 -10 -7 -2
-9 -25 -2 -8 -14 34 -5 2 41 28 -107 8 25 53 1 4 -3 -9 28 28
2 4 15 5 2 -11 -37 -39 65 -11 -34 77 0 0 12 0 -24 13 0 -13
47 -7 1 4 8 7 -10 -19 25 15 -25 -23 -18 -10 -37 14 -16 -44 51 -19
-20 -14 9 3 -27 -7 12 -36 -8 12 -22 15 6 3 1 -2 -25 -3 -14 21
0 -27 43 -10 -12 31 9 2 20 -18 -4 20 -14 -20 4 3 -4 2 8 19
0 45 -10 -43 -14 -11 0 -12 0 -4 -13 22 -30 0 1 -12 -9 18 -40 11
16 -44 -8 2 -13 -19 6 -23 -9 2 -30 2 -9 6 0 25 5 6 0 9
5 -1 -2 4 4 -1 5 21 9 -39 -28 0 47 13 -3 -4 -9 -4 -12 1
4 -6 -8 -4 1 -9 -17 -14 8 6 -2 35 -7 3 20 -8 -19 2 1 11
-6 -15 3 -18 -29 -6 -1 -1 -8 1 -9 1 23 -10 8 2 8 -13 50 4
-27 19 8 -12 -16 -12 -10 23 -23 -7 18 -20 -14 -8 -4 0 17 1 1 1
-7 5 4 -16 -1 7 -22 6 3 -6 -1 13 4 6 15 -5 13 10 7 -13
-10 2 -14 0 -9 -2 5 3 14 -12 -9 -8 -4 -10 -35 24 0 -1 12 -2
-6 9 9 -2 -20 -8 10 9 4 5 -12 -18 -2 7 1 21 23 0 -15 28
27 -30 -29 3 11 1 16 -29 -18 -21 -12 65 -24 -5 -9 1 -10 26 -22 3
15 8 14 -10 -1 -21 -41 8 -25 -8 22 -12 -18 -8 2 6 -10 10 12 1
-37 12 -11 19 4 -8 26 -12 14 -10 -24 -2 -4 -37 -22 -7 10 -11 -19 -7
-4 -6 -12 -7 -5 20 13 4 -16 4 1 42 31 15 0 -2 3 -30 -5 -19
-1 6 -1 17 -5 4 -2 -2 1 -4 -24 -9 11 29 14 -17 -2 3 -37 -30
-28 -23 -5 -8 3 11 -50 5 16 35 40 -2 -9 -8 -25 -26 -3 -1 -7 6
9 2 -2 8 -16 5 87 6 -15 -3 0 -30 2 -10 -21 32 -1 -5 24 -1
-2 5 2 2 3 -6 -10 -17 2 10 -4 -13 -26 -45 -11 -25 -15 -4 9 -4
11 5 -2 -4 -12 -5 1 -2 -20 6 19 14 7 -4 -9 -9 -18 -1 -12 6
15 9 9 -7 -2 -19 -14 10 11 -10 -5 -7 -4 -12 -1 -7 -10 -18 -2 3
-1 -26 -5 -20 -13 -15 -45 19 -1 -16 -11 -11 -18 33 -28 -54 2 -13 -39 -30
-4 3 -15 3 8 9 0 0 12 14 -10 -53 -9 11 26 -9 3 25 -7 -4
-36 7 9 4 -10 -12 10 -5 -11 -1 2 19 9 29 12 -26 -6 11 11 -17
-18 -13 -15 0 4 4 13 -3 -8 -10 12 -3 -22 12 -3 30 -24 -9 14 4
0 -10 5 -8 -9 -12 11 33 0 -6 10 -11 6 46 -27 20 -8 -15 -3 -16
0 -31 -29 4 -27 -5 -7 -10 -5 -6 -14 -9 -17 -2 11 -9 -6 -6 -7 2
1 0 4 21 8 5 15 -1 -13 -27 -11 -1 22 19 -15 25 -4 11 47 -23
-16 11 -9 15 26 -5 -26 8 -8 -2 11 7 -4 12 -5 -18 -16 6 -7 -30
1 -3 -24 -7 0 11 -23 5 18 -14 0 -9 -15 -7 62 29 -10 16 -23 13
8 11 4 30 31 0 7 -8 -10 -23 -7 17 30 -48 -10 -64 -28 -21 -39 -4
3 -12 0 20 39 8 12 -15 -24 -2 18 -8 -5 32 -42 1 -38 0 -17 38
-13 12 38 -9 -7 20 -2 17 14 -13 -11 0 8 -2 9 32 0 -15 -1 4
21 11 -6 -25 -3 -7 -31 -8 23 3 -29 -27 -25 -14 -3 -9 -9 21 12 -19
-3 -12 2 -5 11 4 1 0 -32 -3 -17 -7 -5 14 -27 -19 -6 -35 0 -5
8 -2 -8 1 -8 -13 -13 13 16 12 -2 -7 0 7 10 1 16 3 -16 -10
7 17 1 -22 4 -1 -15 -16 -4 6 -8 9 12 15 -9 -3 -3 4 16 -3
1 -6 -4 0 0 11 7 3 9 -8 -7 6 2 -17 -15 12 0 -6 16 17
-14 -5 -8 -9 -2 -16 10 -4 43 -21 -2 8 13 -1 35 74 -11 -32 -26 0
-41 -52 -12 31 67 12 23 40 21 -16 -20 18 18 -17 6 -16 -6 -9 -19 5
11 9 -22 -7 -4 24 3 -11 17 -39 -36 -28 9 12 4 -17 -14 5 35 21
1 -5 -28 -20 -11 -11 -5 18 0 -33 17 1 1 0 -2 -13 -20 10 40 -11
-5 4 -7 -30 -19 2 -18 -30 -8 4 -18 -14 4 4 -12 -125 1 -1 49 14
5 70 -1 -24 -65 13 -23 -35 -33 0 -4 -32 -5 2 -12 -23 -10 3 -10 -5
1 1 39 43 0 -37 -8 7 -6 1 2 -23 -2 -7 -9 -1 -18 -4 3 0
3 -16 -29 -12 -16 -1 15 3 -15 -18 -8 -20 43 -12 9 7 -12 -14 -13 10
9 26 8 7 -1 2 2 -7 3 13 -15 -1 7 6 8 -20 -29 -4 5 21
7 8 3 11 -8 -3 -4 9 35 11 -6 -12 6 12 -2 -18 13 -13 -7 13
-2 -4 -22 -19 9 17 18 -15 11 -7 -17 16 -1 12 20 1 -3 9 1 -7
13 9 -13 -18 -13 0 -11 -8 2 -27 -27 -3 -13 -29 -3 11 26 -16 4 -36
-12 -17 24 -13 -21 -13 0 23 -1 -21 -5 65 3 -3 4 5 -20 -10 -4 5
25 -11 -11 8 -14 -39 -47 4 2 -22 -50 -7 -6 -11 -22 -25 11 -37 12 -12
32 1 2 -12 -32 -15 23 -16 -32 -21 -20 2 9 9 3 -8 1 -6 0 4
-2 -5 5 7 0 13 8 -4 12 7 2 -2 3 0 7 -1 -11 -5 -2 5
3 -4 7 9 -5 -2 5 1 -1 -9 -1 9 5 2 -7 2 0 -10 2 3
-4 -1 6 7 3 -1 0 7 2 -1 18 4 -5 4 0 -2 -3 -1 -1 4
3 -4 10 -1 7 -7 1 -7 -15 0 1 -3 7 5 4 -1 8 11 -2 -5
1 -3 8 -2 2 2 -2 9 14 -8 2 8 3 8 0 -17 -4 8 15 8
-3 10 -8 -2 18 -8 4 12 0 0 -5 -15 3 22 26 -13 1 3 -5 -10
-3 7 21 7 7 4 -2 -2 -1 10 -16 -8 8 14 -1 -2 -8 -26 -1 -17
-26 -3 -37 -44 -23 2 -8 7 -10 -1 8 -19 28 -22 -4 -9 2 -13 -9 4
-14 1 3 8 2 -4 0 20 -18 15 47 -24 -10 3 -10 1 13 3 10 10
-9 -16 -15 -9 -24 -39 -6 1 -3 -10 -12 -11 -12 -6 -1 -23 1 9 -15 -10
-10 1 -15 6 -4 24 53 8 -10 15 -7 -22 6 -9 7 25 2 -6 -17 -3
-5 -12 -20 2 -3 -21 -11 -11 -18 -14 3 -5 -5 -5 10 2 -9 -15 -9 6
-4 6 -6 23 1 -9 2 9 2 3 6 1 -4 -19 10 12 2 15 0 -8
-3 -10 9 13 -11 9 13 -2 -1 8 -12 -5 -16 -1 -8 -19 -11 -11 -35 -5
-1 -13 -2 0 -21 -29 8 19 22 13 10 -4 -1 2 0 6 -10 13 10 -5
-5 0 -11 -1 -9 7 14 -4 -8 -6 7 6 6 -20 76 10 -10 21 25 4
2 9 35 -1 -30 -20 -25 -12 13 -14 -17 7 39 12 8 -48 -4 -28 -34 -15
-26 37 14 14 -11 -10 5 -19 -7 -4 11 12 9 25 -2 20 12 1 -21 -62
23 -13 -12 -3 1 -30 -21 -10 -47 -35 3 21 -11 -1 -4 -12 -22 -25 10 -10
-7 -3 19 -7 -7 10 -18 1 14 -17 18 1 10 17 28 55 -22 -3 -9 7
-5 21 26 -15 16 13 -19 -12 -8 -7 13 12 -10 -8 -3 -15 7 3 -20 18
18 -15 -7 -3
