-18 81 44 11 3 4 17 9 -1 -13 -57 -18 10 -2 1 -1 17 -1 -18 -7
8 -12 19 -20 18 -7 4 0 -2 -9 -19 1 -61 1 2 0 29 23 -9 70
18 -17 -2 -28 -4 1 5 -23 1 -15 -37 -5 -18 -5 -4 -4 -3 -1 -8 3
8 8 1 0 0 -1 -19 -96 -36 4 9 -1 10 31 -42 -6 -51 8 16 28
-23 -36 -12 -20 13 10 -29 -9 -23 4 43 -20 -2 -41 39 28 -7 -35 20 -3
3 -1 18 8 5 29 47 15 -12 -3 5 -2 -6 -9 1 2 0 9 1 5
2 7 -1 -4 6 6 10 -9 -28 10 -5 0 -83 -14 15 2 -12 -95 -4 -18
47 -7 24 -15 9 -1 -11 -22 2 10 7 -47 -4 -12 2 22 -10 -18 10 -20
-32 0 11 8 13 -65 -1 26 16 -11 6 -1 1 -1 1 29 -26 2 -9 -22
16 -7 9 -12 2 -9 -3 -3 -22 5 -5 13 -12 -30 -23 -14 28 -16 -125 -14
-13 -79 -8 4 -29 9 2 -20 -19 5 77 19 -94 -1 -33 9 6 -12 -89 -29
0 34 -18 41 -4 -4 -41 2 -8 7 43 0 10 -7 -24 8 7 2 4 4
4 9 -2 0 -7 4 -3 0 1 0 6 3 -7 -2 6 0 -27 9 10 -8
-19 -14 -13 1 -3 5 -9 49 -6 18 10 -8 6 1 8 -11 -10 15 -11 -4
12 19 3 2 -14 23 1 -3 -7 -4 -1 -32 52 5 -15 8 6 63 -2 -1
37 -4 5 8 -3 13 -1 4 -10 -8 -2 12 7 22 -12 -7 1 10 11 -15
-77 -2 5 11 -5 51 -15 -17 51 -17 10 -5 -6 1 4 6 -21 -9 -42 -7
-21 -17 -12 2 0 -5 -3 20 -10 -12 -3 12 -24 -3 -5 -60 -7 34 -31 6
-14 -17 -32 -11 -17 5 -12 19 1 77 -65 8 -12 29 29 -42 30 -1 -13 -8
35 19 -26 -56 -26 -5 8 68 -45 2 12 9 -3 -90 1 -10 -59 7 4 -19
31 -8 -26 -4 -10 -7 5 -29 -26 -11 -18 8 11 -8 0 -16 -12 -127 -75 11
-9 -13 -19 6 -10 -25 -42 44 4 14 -3 -8 -28 47 3 28 -4 -7 -10 10
-9 -1 -46 0 1 43 59 12 4 11 -1 -1 -9 11 11 -17 -24 0 48 -39
3 10 -12 -1 3 80 14 8 -41 -23 -28 -23 11 -18 -40 -2 27 -3 36 -12
22 2 1 -2 4 54 22 -49 -42 12 -8 19 0 0 -9 -2 -8 -22 7 -19
5 14 -7 2 5 -3 3 -3 -5 1 -2 -10 -25 -6 1 12 -3 19 -9 13
5 14 3 11 11 -88 -87 3 -40 8 2 -19 1 5 12 1 2 -29 6 11
10 -20 9 8 -7 -30 -53 4 -16 -8 -15 1 15 47 -90 -16 21 -9 30 10
2 9 -3 2 -10 29 5 -14 -19 5 21 -11 -7 -10 11 24 -9 -2 8 9
11 5 -19 -17 -24 4 -11 2 -7 -80 -11 -98 18 -27 -14 16 15 -26 -16 -9
8 18 6 -27 4 -7 0 -1 57 -4 5 -34 21 -36 -2 -43 -23 -19 1 -47
4 8 -16 4 -3 20 33 23 -7 7 58 34 18 26 30 -59 3 -5 14 -13
-28 -7 6 -99 -42 -7 -24 4 -9 -38 -44 10 -11 4 -1 17 -46 -14 20 14
-24 -9 -73 -26 -31 5 42 -9 52 -30 20 52 88 -33 5 -12 -13 -48 -4 -95
33 24 -5 13 1 14 -8 -7 -7 15 2 22 3 17 -17 0 19 -8 -3 12
2 -6 -23 -13 -9 7 -27 -14 14 -82 24 14 -50 0 -26 34 -1 -22 -3 -13
7 -12 3 11 9 -2 -14 4 -5 12 8 -11 11 -8 7 4 6 -5 1 -8
4 0 10 -5 5 -4 -7 -5 -8 79 54 -28 -50 -8 -7 -4 5 -50 29 -2
-2 10 -18 1 -11 -20 -11 0 18 9 5 -5 22 2 23 -13 -9 -6 -14 3
-21 -15 52 -83 -39 -5 -15 -59 -13 9 -7 4 6 -3 -10 2 -3 -26 5 -15
8 -17 -27 -10 -6 -14 -22 -46 41 -15 -9 78 -1 -65 -11 -5 66 35 26 4
19 -4 -9 2 -29 -21 -41 13 -16 -45 -27 63 -5 -25 -32 23 111 -13 9 -1
14 -81 -34 10 -102 -6 -10 -6 10 -23 9 -15 3 -47 -7 -4 -6 -3 6 16
11 4 -10 -6 -3 -68 -51 15 -7 -7 -34 -8 -2 -23 38 -4 -6 4 -6 -25
-10 -6 -7 3 -9 8 -13 27 6 -3 19 -15 16 -16 2 -6 3 -6 13 34
-21 0 6 7 2 -18 -14 -5 79 -6 9 -8 -7 -41 12 -12 -11 2 -12 -5
29 -5 17 7 -14 -16 5 0 -9 -33 -80 -9 29 -8 47 12 16 -33 -2 9
-14 2 23 11 17 -5 8 -8 1 -11 -9 19 2 -8 -4 4 13 -10 6 1
-1 2 -3 20 3 -4 2 10 -3 11 6 -10 -1 21 -74 73 7 -5 3 17
10 6 -6 12 4 -15 6 -3 -4 6 11 -5 -20 -10 14 -17 24 -8 10 -28
-38 -16 9 -38 6 -3 -7 17 27 2 -1 5 -37 24 -2 6 0 -8 4 -12
1 -10 7 1
