-56 13 -2 36 20 -13 19 0 -12 9 -2 -16 -13 53 -17 -9 2 -6 6 -41
8 2 12 14 -11 -29 -46 39 11 -44 11 -52 -7 -21 31 99 -40 -45 -11 -1
12 35 0 15 8 14 6 4 -12 7 8 -4 -4 27 -3 -38 3 -13 -28 4
-7 17 -4 -12 -16 -27 -3 -18 22 3 -13 0 -6 15 4 -4 12 16 -36 4
-2 0 55 -38 14 42 -11 -27 -17 -8 63 23 -4 -16 -25 7 -54 -36 43 7
9 -4 33 -4 -24 93 -9 17 6 7 3 -6 1 26 -7 10 -10 -6 -34 -1
24 -22 -16 17 70 -15 -46 -26 -20 -7 -42 36 6 58 -11 -22 11 -40 16 -8
4 -9 23 9 42 -15 7 -32 30 0 -6 77 -1 3 -60 11 -27 29 -4 7
-37 -38 18 -37 11 9 2 -8 -28 35 41 29 22 -5 16 -20 -11 -42 21 -14
-27 -4 -17 27 7 5 -24 -25 10 -15 -24 -32 40 -11 14 4 5 -23 -16 -3
15 7 13 2 9 0 -6 20 -28 22 23 -6 -8 38 -1 38 -35 4 -55 29
-7 31 -23 25 -17 -10 38 -9 -26 87 50 -10 5 8 -1 80 12 -82 7 -106
-15 -21 45 -4 -47 -33 -15 1 -16 -3 18 17 37 5 -31 -6 -6 -18 58 32
-41 -64 -19 17 28 10 6 -26 -1 -19 6 -57 -71 -4 -19 -21 -18 32 25 12
16 -32 34 -15 -29 0 25 -5 -39 26 38 -14 15 -30 69 25 -7 2 -2 8
-18 -9 7 -4 -47 -11 43 40 -58 60 20 13 -37 -56 17 92 -28 -17 38 21
-9 -35 11 -105 19 105 -19 1 8 5 50 -6 -4 -32 24 -47 -6 -8 -17 17
0 7 -27 68 -1 -42 26 -13 14 -4 -48 -6 2 -45 -54 18 127 25 29 -1
-4 -54 -35 16 -25 -12 -9 29 44 -56 -29 53 13 -54 -23 -45 -28 34 -69 -40
17 28 1 -52 21 29 8 26 94 -12 68 11 11 -27 -19 -21 -8 -29 5 -30
-23 -1 -11 8 -26 1 -28 31 29 -6 45 -5 -20 5 2 -6 14 -19 8 0
-16 -48 8 -12 13 37 12 83 31 16 6 -18 -20 -13 4 -15 -33 -7 25 -51
44 7 -36 -27 3 -11 -14 11 8 -36 45 -42 -36 -17 -3 7 1 -14 14 -3
11 21 9 -32 -35 -6 -13 -14 -24 -3 -9 -36 -7 -35 59 11 13 -21 -4 -27
-88 -33 -11 -5 -39 19 25 5 33 32 -40 -6 -20 -34 -40 -33 4 34 -7 -40
19 -6 10 -48 -5 -22 32 32 -38 19 8 -2
