24 19 13 -20 29 26 -63 -3 -14 2 -5 14 115 -45 -23 25 -18 -22 -1 2
-1 -30 46 19 34 -4 8 28 -8 -7 63 3 -29 -16 -16 26 -5 -12 -17 69
-62 -24 24 -76 -47 50 5 0 -43 -23 0 23 -11 -7 -4 -21 12 -26 -1 24
0 -22 20 0 -5 -1 53 16 0 34 10 -1 27 12 -3 -15 36 -43 5 5
-2 -1 -17 10 -24 6 25 14 -19 0 -32 2 -10 -23 -40 1 -21 4 21 14
16 14 -49 10 -44 1 -13 -29 -22 -23 17 44 -27 11 46 -36 -18 -42 -4 4
-5 -2 21 8 15 -27 -19 12 15 -40 20 -1 -2 -5 -7 17 -8 -2 1 48
0 -11 -8 -2 10 5 -10 -15 -10 -35 18 21 -18 -1 27 -7 37 -53 -15 -35
1 -9 -18 26 54 -1 68 49 2 19 5 16 93 -7 -25 -36 -39 9 -4 -18
-39 0 -17 -11 -12 4 13 -10 -1 60 24 -5 -4 4 -7 16 6 -31 -69 1
24 -19 -12 12 -16 10 31 -17 12 18 -1 13 7 -3 4 -1 44 -36 -14 40
-13 -22 2 12 4 -5 -68 16 17 3 -23 -11 11 -23 -11 -69 -15 13 -9 10
19 30 16 2 -40 -23 17 8 -27 16 -17 -6 1 -1 22 35 38 -36 4 -17
14 -5 20 1 50 13 -34 14 -15 -7 26 -3 -6 33 -5 -11 -13 1 0 -8
14 -5 9 -33 -28 -15 -17 -24 -20 16 -8 -11 -81 23 44 -1 -44 19 26 20
-15 68 11 -8 -24 12 -21 12 -1 1 -28 22 20 27 -7 -5 22 -24 -3 -57
24 -15 10 15 14 11 13 -33 28 8 13 -21 1 -5 -7 5 17 -7 23 1
22 -7 -16 -17 -37 -11 7 25 30 20 -28 7 13 12 -71 31 56 1 -39 -6
17 -5 13 -8 -5 28 -28 41 -4 32 -25 -30 61 -49 -55 -38 46 9 -22 -10
18 -63 -11 6 -13 3 -32 -2 9 7 -30 28 17 -4 -24 24 -1 -13 19 -9
40 17 -59 -50 16 -24 5 5 9 -20 -18 -15 -3 -13 3 -7 12 1 -16 19
-7 35 -12 -11 26 30 -26 -18 51 -10 -5 21 -4 6 -5 -9 6 -13 -29 3
14 6 -13 11 -5 69 0 8 -5 -4 -3 1 10 -10 8 -19 16 0 -8 -1
3 0 -7 19 -1 3 15 19 5 -8 0 -10 -13 -2 -6 -23 3 -3 -3 9
-11 -18 11 9 -35 -8 -10 -3 -1 -38 66 -31 -15 -48 -17 -8 3 -14 48 53
19 2 13 7 4 5 14 32 15 -19 7 -9 -1 0 -9 5 -1 -92 -6 9
20 11 3 5 -7 26 18 8 -8 -66 -30 11 -4 6 5 4 -38 11 29 -15
3 -10 1 -15 -38 7 13 36 17 9 17 1 15 35 17 2 10 -1 10 -1
5 16 41 23 -1 -28 -18 -1 -1 4 -13 -7 -22 14 0 15 -31 -17 1 -5
-27 -3 -2 -6 27 -3 -19 0 -21 40 10 5 36 20 -5 46 49 32 78 -74
-2 20 0 9 -28 8 36 -24 -17 24 -8 12 -7 13 2 5 -28 24 -15 -40
-3 -14 11 -18 -6 -8 19 -17 -3 47 20 -2 18 22 31 -39 14 -1 -44 -30
-8 19 -2 26 -12 2 15 -2 -13 -47 -2 3 26 -37 -16 -3 -5 -13 5 21
16 -41 -46 8 18 38 -25 9 44 -15 20 5 -3 -8 -2 -16 -37 8 -33 7
2 0 10 -2 -8 -13 9 -29 -36 123 15 7 6 11 2 3 -8 -8 -17 0
23 -5 -12 -52 31 18 39 26 -6 23 -3 -36 -10 13 -1 7 -21 -7 22 7
-23 -6 -18 31 45 18 20 4 14 7 -20 9 -15 -35 56 2 17 36 8 14
18 26 45 13 2 -25 -12 6 -20 19 5 -1 1 8 -7 -9 -22 -10 -14 3
-47 -37 -31 -44 -36 -15 25 38 -35 -33 -60 5 12 17 -3 2 -21 -1 1 31
-6 -17 -35 0 -7 4 12 17 -30 16 5 7 7 -6 4 -8 -42 73 8 -1
-10 21 -21 -28 18 -32 -21 8 -32 28 2 -3 -12 13 -8 -27 16 34 -21 16
30 13 -12 4 -17 -16 12 -16 -10 -14 -26 13 4 43 -4 -27 -1 8 1 -4
-24 2 -16 -25 -2 -5 -14 0 1 -40 -16 61 -11 -1 -31 4 10 17 -10 49
-36 -17 17 -10 -4 -7 -6 59 40 -24 27 24 15 6 5 5 -28 49 32 -18
13 -2 1 26 6 -14 16 -31 -38 3 8 -2 36 -18 -22 17 60 -7 -25 -25
-13 -16 19 -5 -21 12 -22 -8 0 6 23 30 6 -81 18 -33 10 8 0 11
-29 10 3 -55 25 -7 -2 -6 -16 5 25 -7 -3 -5 24 6 -1 15 -1 -14
22 -22 5 -6 6 4 -23 2 27 -19 -3 -15 -10 6 3 -36 -15 10 -35 -17
19 37 18 -3 4 13 -11 -18 -45 -22 -15 -9 6 1 22 -2 -11 28 11 7
21 5 21 -3 0 30 19 -22 5 27 -10 14 -16 -6 -20 35 -6 -25 3 2
2 -8 -5 24 12 -21 -12 -36 1 5 0 9 -67 -54 -6 20 39 1 5 -15
22 30 -21 -2 27 14 10 -5 -6 -24 9 -3 23 9 -15 -28 -18 23 66 127
2 0 -25 -9 2 35 -6 3 -30 2 -26 0 27 -5 -55 -33 -19 -3 24 23
-6 1 -10 27 22 -11 -5 -12 -35 -36 -12 -22 4 1 -34 -48 -32 32 36 18
6 -35 10 -7 19 14 -5 5 1 15 81 20 10 -2 -19 -11 -19 -6 5 45
-5 -30 -44 -38 -15 -26 -35 23 19 2 4 -29 -11 -25 44 -1 -32 10 -11 -7
-48 -41 -16 29 -1 -14 -24 6 -27 -48 -102 9 23 -3 -2 -14 7 21 52 -22
33 21 8 2 30 22 22 36 -27 0 0 3 9 9 -30 -15 2 0 2 18
10 -26 27 3 26 3 -24 19 16 -12 -2 48 -37 10 -91 -26 -25 3 31 -11
13 -1 -42 -15 26 -5 8 6 4 -14 26 10 -1 3 1 48 -28 -6 -12 31
17 34 13 6 24 -6 -8 -18 -29 -1 44 -27 -34 -1 45 15 26 -2 34 16
-24 -2 29 -1 5 -4 -14 2 30 -24 8 -20 49 -23 -23 17 -30 -62 86 11
23 -52 13 23 -2 3 -36 -68 -2 1 3 -18 10 0 9 58 -45 11 -20 36
-4 -26 19 8 95 -20 -3 -49 -52 9 -1 -29 -19 -33 -10 4 -15 -19 -8 24
33 9 39 -47 12 -8 31 33 33 -16 48 4 -18 8 3 8 -5 0 -8 58
73 33 12 59 12 18 21 15 25 14 -32 6 4 32 -6 -70 -10 -7 19 8
-34 -1 11 -11 8 12 13 -3 -12 23 3 13 -45 -26 -17 35 -2 12 15 -58
-6 32 -26 -39 -36 -79 -11 -18 -3 28 6 14 20 28 45 -24 2 -35 5 -40
-27 -17 16 -7 -6 22 -10 14 11 -3 8 -24 7 -18 -35 2 -4 13 6 15
-19 7 5 -45 -32 -32 15 1 -12 -25 -7 23 -15 22 17 6 -35 -32 35 28
14 -9 57 21 -10 -29 16 -9 -9 16 51 -12 -22 -9 46 30 -11 18 12 -1
17 47 -2 -31 5 -1 -4 -5 13 -15 16 -3 -5 28 0 0 -43 -56 -50 27
-37 -26 -12 48 -43 -3 48 -75 -3 21 -2 14 -39 85 -21 -30 56 -6 8 -19
10 29 -98 18 0 -36 13 36 -2 -5 -21 13 37 28 -46 -15 17 22 6 64
41 22 39 67 9 -18 8 -7 37 -8 11 23 -17 -6 3 6 -18 86 -51 -5
39 -34 -39 -29 -2 16 -14 -35 12 -21 -36 25 20 -3 2 -79 5 27 -22 15
1 2 15 14 22 -16 -36 28 -10 -33 6 -16 14 -12 29 -35 20 20 -4 -23
-12 9 53 -5 -18 -1 -3 42 -19 8 -9 12 -23 -16 -22 4 15 18 -11 9
-10 9 21 -9 11 30 4 19 -21 10 -39 18 0 -40 2 13 -9 -14 20 -56
1 21 16 -24 9 15 29 3 23 33 7 -29 18 -1 -31 -15 -9 -38 -7 10
52 11 19 18 18 17 35 19 -3 -23 -10 1 2 -3 -37 -11 -29 11 -22 40
-4 -22 6 19 4 -5 3 -24 -24 -11 -31 -4 5 -67 -21 35 -10 43 -21 27
-5 -18 -6 -20 -45 38 -7 0 -33 -7 1 52 -35 -10 -8 0 -13 -32 -24 23
-28 -16 0 -3 3 8 29 3 7 7 -12 13 -107 -28 1 6 3 26 101 36
3 -14 27 12 -20 -16 23 -20 10 -9 -17 -17 22 -3 -3 19 13 10 -17 93
17 4 2 3 -2 29 -9 -8 -26 0 8 -25 4 8 30 -27 -13 -19 4 14
3 -7 -30 -18 -20 1 30 22 -16 -33 -7 -32 -98 -50 -7 -3 -12 -3 4 -46
28 8 28 -16 -11 70 -23 -31 -5 20 59 5 -5 74 106 23 17 -30 -13 19
25 34 -1 -61 -15 -12 21 24 -21 32 7 -5 -60 6 40 65 -58 -74 6 19
-2 -88 -1 14 9 24 37 14 -38 -14 -4 10 5 10 20 13 -24 36 42 -37
-2 -30 -35 1 -52 -1 26 -54 46 0 -2 39 35 26 1 10 -25 -69 -30 -12
19 -6 5 -28 33 24 -17 -11 8 20 -18 -41 16 4 55 11 -3 13 18 40
14 -19 -38 -40 18 3 8 -29 52 69 -32 23 3 -23 -3 -1 -15 12 -11 -3
11 67 32 7 0 -15 0 14 -11 -16 -41 -99 12 37 -12 5 -7 10 10 17
13 -32 -38 0 -7 81 18 -12 9 10 19 -26 20 -47 13 8 11 7 9 -25
-36 29 -11 71 -21 0 -6 -21 9 6 9 -25 -6 11 1 1 31 -8 41 2
11 -73 -5 -5 1 19 8 -36 -17 -13 35 -32 -21 -47 -8 -9 -12 -6 -25 20
23 -19 20 1 -22 -8 -1 15 -12 6 -1 -8 4 -6 10 -17 13 30 36 -4
-21 -12 -7 5 -8 -6 -41 -12 9 -5 11 6 17 7 -14 30 17 -11 5 -7
-16 -17 -32 -29 -18 62 2 6 -18 -39 -68 -48 -9 50 51 -8 36 20 7 -24
-25 -15 37 37 -10 -2 -1 -13 -34 15 -13 76 -4 5 9 11 19 -30 14 11
-88 37 -19 7 -8 4 -13 -1 15 -51 57 -23 -3 8 -6 -31 -16 11 -94 41
-4 -41 22 22 6 -6 13 40 -39 1 -2 -4 -11 24 10 5 0 -8 10 50
27 2 14 -3 -1 -15 -11 13 5 30 -7 6 -3 -6 -3 37 -14 21 -6 -15
8 2 -16 -9 -24 11 -29 -2 2 -1 15 -7 30 81 29 14 -2 -16 41 9
-30 -4 55 -8 6 10 19 5 10 -37 1 -5 -15 9 21 -19 15 5 14 5
77 -9 18 -19 -2 5 -17 2 35 -45 -6 33 -44 9 2 6 10 35 7 10
12 -16 18 37 -38 29 74 -72 20 65 -54 -7 -9 2 -24 -38 21 2 3 2
11 15 8 -57 23 41 -23 -19 -4 -1 -6 -9 28 37 -39 5 33 23 -14 -3
-26 -25 35 33 26 15 7 7 4 -25 0 66 -13 12 -5 -10 20 -8 -8 -6
85 -18 15 -13 2 2 -14 11 15 -37 -19 17 32 31 -6 -7 -35 28 69 -69
5 -45 -43 -9 -4 1 -25 74 28 -14 17 22 -16 13 20 26 -82 37 -20 10
-6 -1 16 -16 -4 -72 5 15 49 6 -31 -21 -25 -1 -13 -14 -26 6 10 25
28 8 -14 14 -9 18 3 13 -29 -29 -25 19 48 -19 13 -2 -7 3 11 32
0 -17 19 -15 -19 -1 1 -18 -12 11 -3 31 0 -5 -5 2 6 12 -27 -37
9 18 22 18
