2 3 33 18 -6 -16 -29 33 30 -10 -103 -18 52 25 -24 -40 -18 20 -15 -8
-33 -8 13 3 -5 -7 56 7 -27 -3 24 -8 15 -41 57 22 -26 -97 16 -32
-14 -6 12 28 34 48 31 21 -44 -23 17 -12 -48 25 -27 -45 6 2 -1 6
40 9 -43 -25 15 16 33 56 -8 -35 -34 47 43 -12 35 -1 -77 3 -34 -60
-32 15 -30 -21 -31 -3 -9 -66 3 -7 42 19 -31 -20 29 -20 -1 -27 36 14
-8 -11 -24 -8 -12 -27 3 53 18 -34 10 -39 -27 -1 -22 -40 -36 -18 5 29
12 27 4 -56 25 28 -19 -41 10 -4 25 44 -34 -11 50 -2 7 42 14 -12
14 -20 15 10 -5 -19 -24 -4 -11 1 11 21 -6 -9 7 30 20 -16 -3 3
19 -6 -22 49 19 10 -10 -30 1 -29 6 -24 2 7 12 -10 23 5 33 8
30 20 -16 39 -36 1 56 20 -13 32 -30 3 -44 1 5 -1 -24 -8 -13 5
3 5 1 9 0 -8 -18 -8 -12 14 20 -3 -10 -6 0 0 8 -16 -13 23
11 -5 5 40 -3 -7 42 32 15 -49 -19 28 17 9 -8 -30 19 -47 -1 -52
-54 -20 44 -22 -36 39 31 -17 -15 -35 -4 15 -53 -22 50 -58 1 -28 7 -127
-37 42 58 -26 17 16 26 -14 29 -11 15 -36 -22 -1 -16 11 23 -6 -50 2
6 -20 126 25 1 11 -30 1 -52 25 -7 35 45 -12 1 -6 -33 -21 8 5
16 0 5 -21 44 -19 -47 9 40 -51 1 -10 -12 10 38 0 -9 -18 -2 -15
-29 16 19 15 22 9 61 53 5 -64 15 -40 1 9 -15 -29 -15 -84 35 -99
-16 21 17 -8 -79 -2 18 -14 -58 11 47 -2 -36 -47 4 -6 -16 6 20 -30
52 59 -41 24 -22 -18 11 -34 -37 20 -8 43 -19 41 11 -17 -33 -66 23 -5
39 21 -31 -27 16 -48 53 -7 -28 6 38 -19 -4 -46 -28 -11 -26 -2 21 12
-38 0 33 40 -55 18 -20 30 22 -77 -4 16 33 -22 -57 -33 -12 6 6 -29
18 -29 2 10 41 12 -36 45 -21 11 -1 -50 -51 -73 -53 -56 -51 -32 7 -12
37 -105 -22 94 4 -83 61 -34 -41 -36 61 -66 -12 34 -48 -10 -1 12 43 5
-26 52 33 -82 -82 -25 12 -4 -64 27 -50 49 -15 -42 55 26 20 -2 3 -50
0 -39 12 7 39 -8 -16 1 -9 77 -13 21 -28 -2 -22 -20 -24 30 31 -25
-11 26 12 -10 57 24 24 -54 26 4 10 -9
