34 -9 7 21 -29 13 -55 -9 55 -3 1 22 -12 -36 14 42 13 49 -59 -41
-3 22 -38 7 5 -6 -7 13 17 -18 58 -56 2 31 6 -10 -19 -13 -19 37
-8 18 -1 35 7 -11 -17 1 4 1 -5 -9 -27 -11 28 -19 -21 -53 -22 -20
-43 -25 -14 -36 9 -5 22 24 21 -6 -3 14 -3 8 29 -26 -40 -2 1 -3
-17 35 -29 -26 2 -4 38 -7 -2 2 -4 0 -16 -7 -11 -11 0 -2 12 25
24 -30 -9 -11 -17 39 -17 3 -12 12 1 -5 13 10 6 -22 -23 6 -11 0
25 29 -17 -1 -15 -17 9 0 -28 -56 -51 -25 0 60 -25 -34 -5 -2 8 -7
-6 28 -19 -13 -50 -14 43 -24 -20 -2 -12 4 -17 -22 -21 -3 -44 12 -3 -18
19 -31 -15 -17 -12 63 19 19 -1 -3 -20 64 -1 18 -50 2 -40 17 2 -29
-9 20 35 21 6 -10 24 -9 4 34 13 11 -78 -17 -49 45 7 31 3 -4
-19 -19 -23 46 3 -33 5 -79 14 -30 3 37 98 -98 26 9 -2 -30 8 -45
26 -20 10 10 12 -57 -51 -19 -98 9 6 -47 8 49 3 -32 1 10 6 -6
-9 8 0 36 1 -67 -23 -9 -51 8 22 15 -39 10 -23 -14 -13 41 43 39
-31 3 -1 12 -8 62 -21 -5 17 8 -10 -23 -29 -5 34 -30 -16 43 -12 -1
13 30 -16 16 21 -30 -42 -11 14 23 -30 14 29 -29 -23 4 22 9 4 -32
-26 -55 -25 20 -10 -7 10 21 -12 0 -44 -57 -54 29 -17 24 39 -13 -27 -71
-51 31 3 30 -18 11 22 48 11 -26 36 22 4 -9 7 -2 26 -14 -30 38
-30 -11 50 7 38 -19 4 -8 50 -17 -9 -22 7 14 11 -5 11 -38 -16 16
-21 -7 14 -10 13 -12 -9 2 -5 0 4 -9 28 -3 -1 4 -51 -3 2 5
-23 -41 -14 -16 -57 -30 30 24 -32 -4 -28 -4 2 -19 -21 23 41 -51 -8 -24
-3 -27 40 -2 33 -50 -44 -19 21 5 -58 3 55 6 29 -5 -18 13 -26 -1
-53 -39 8 -3 -37 39 35 80 17 72 22 42 33 25 -37 -10 -53 -16 -14 -57
12 -41 9 11 -32 -2 10 -29 29 -36 -32 13 8 -32 -28 -3 -7 -13 56 51
-1 11 -6 24 -55 21 24 -26 -9 38 -22 22 -58 43 6 23 -12 31 -8 -21
-22 12 -45 -12 36 -35 21 20 -14 -17 -35 -27 20 1 -66 -16 -33 -3 -17 -10
-15 51 10 0 30 -11 13 -42 -5 23 0 13 50 31 1 -26 40 -9 -46 3
-6 12 35 30 -25 -39 16 -34 -15 29 5 0 -18 53 46 7 -14 11 40 30
1 2 17 -56 -3 10 26 64 8 -39 8 -18 -22 -15 -11 -8 -23 -25 19 6
-35 19 -1 48 -54 20 -3 15 28 -33 -47 13 -8 -28 26 -42 -3 64 -2 -26
32 -6 -12 3 14 -27 -25 -19 20 -16 -22 12 -8 14 -25 7 -3 39 28 6
-48 -26 -25 30 36 7 -30 16 31 3 -20 5 -48 -73 -17 42 7 19 -6 -15
7 18 -1 18 53 -5 32 56 -25 -25 -56 21 -21 15 -13 28 18 -13 34 25
-15 11 7 24 2 71 10 -8 2 -18 -26 13 11 -22 -15 -16 -28 -5 -28 -12
-45 -2 -31 -8 -7 -18 22 -6 9 -7 -11 8 -26 4 19 2 -10 -40 5 -4
-14 9 -10 8 31 -3 -22 30 17 -1 -5 37 -23 -36 4 15 -16 14 -11 -21
-17 -23 12 -26 -6 -8 1 3 -28 -1 -12 -6 8 8 19 22 1 13 27 2
-29 27 -21 -37 -11 2 -21 -69 -3 -34 -9 -10 20 -10 56 -28 98 35 -26 -30
-23 -14 -37 26 17 17 1 25 1 16 14 6 -16 68 -114 -15 0 0 27 11
-32 4 -13 -5 41 -26 -13 2 -72 8 -27 64 -23 -43 -46 -26 42 7 -65 14
-2 -40 36 34 -41 -55 -32 -33 20 -49 24 -3 -30 42 62 -20 38 25 -57 16
-1 -69 93 10 -25 -5 11 18 -55 44 -9 16 -34 5 -40 -73 -94 -11 -19 -4
-12 -54 12 -61 -71 2 26 -36 -33 -40 -66 -7 11 3 23 11 18 46 6 -8
-13 0 1 62 27 6 -5 -16 1 10 7 -14 -11 31 14 71 -3 -18 40 -9
9 7 13 -14 48 35 2 -15 25 -10 -3 -23 -8 14 -35 12 2 -22 10 -30
15 -127 -62 26 -8 -1 -30 -15 24 -8 9 20 -11 -21 -1 8 34 -28 14 -61
-30 30 -20 -25 31 -23 23 22 -1 -82 51 -21 89 19 18 19 -57 34 4 20
8 30 -5 -11 -2 33 -14 -29 24 -19 -25 9 -8 -22 20 -28 -21 35 29 49
39 -23 -24 18 -40 3 -4 12 -10 13 -62 31 -25 -25 -29 -11 -51 20 49 4
-13 -1 13 9 -4 -14 8 5 -14 14 -27 -2 15 10 10 -27 27 -4 12 3
-23 1 21 -3 -7 -58 -6 2 2 4 31 16 -25 -8 14 28 -12 5 14 -2
-15 -13 5 -9 0 17 9 16 8 -3 -6 -26 -1 -34 -11 -18 16 -1 -4 2
-26 -12 0 -27 1 3 -40 72 -14 -18 9 13 -32 -16 -8 13 10 6 -33 63
-39 26 49 -72 7 34 -26 -11 -60 -50 23 -56 37 -13 -49 18 -12 -25 58 -50
-18 -15 -6 -10 14 -1 -49 -35 6 -82 8 24 9 11 -36 4 -16 5 -58 -19
7 -41 -44 27 6 -15 14 12 9 -9 1 11 69 7 -123 26 -77 9 -27 -26
23 -32 -35 40 63 15 39 -7 -12 -24 74 -4 -5 17 -20 -74 0 -52 31 -42
38 18 -31 27 25 -41 -3 -28 -63 6 -27 73 -29 -22 -11 20 -14 6 19 23
-55 -2 59 -1 45 8 -36 1 0 -26 -37 -29 -47 -14 7 -3 -27 1 16 -73
21 -12 -18 29 23 -10 -47 15 2 -42 10 12 66 2 -5 -12 12 -2 -44 -14
-11 10 -31 42 25 17 -35 -58 -32 2 -17 37 70 10 16 15 20 -3 -15 -31
-20 9 42 22 34 12 18 -4 -31 -43 38 -9 47 41 -47 44 1 -1 11 8
-2 26 17 11 13 -49 -4 -17 -18 1 4 -3 -36 -17 0 -31 -30 22 -23 112
-31 28 20 0 13 -2 -7 -62 85 -7 5 6 14 -37 -26 -25 -4 14 -20 -32
49 22 -4 17 1 87 -91 29 -17 -14 -10 46 -23 19 -17 -11 -22 12 -6 29
-6 5 -19 31 -37 3 39 35 -92 18 9 14 -61 -4 12 -42 -78 -33 11 -32
41 -48 -6 -6 26 22 -6 -8 -6 62 12 -39 -17 30 28 -9 39 -42 15 73
-47 -34 17 35 -17 -10 -4 -55 31 34 20 28 -25 -6 -69 -6 18 -75 4 -17
7 -56 57 -29 -10 -17 4 -2 -21 0 3 -29 -9 -16 -34 23 -4 14 -21 75
9 -30 -2 7 -12 -26 10 2 8 -15 -13 0 -18 58 -22 3 -3 -19 5 -1
-12 -17 -17 -6 -9 18 3 17 -8 -18 -9 -14 1 8 -14 35 9 -12 -27 -10
-22 7 15 -12 -12 -15 -17 6 11 -1 -1 -2 21 39 -12 -10 -18 -20 19 21
-2 5 5 12 18 35 37 -19 -9 35 -19 -74 -18 -12 45 -1 1 -22 30 -32
-84 42 15 -14 22 -33 -4 -6 -8 12 -19 1 28 -8 1 -8 -7 64 70 16
-27 10 -6 17 2 6 -14 23 6 -11 17 28 -2 2 25 21 -31 7 1 13
-1 -4 -5 53 0 0 2 11 -51 31 -22 -54 -11 -2 21 43 -4 -45 5 -5
10 14 41 -35 -119 22 -13 -34 -31 -21 -14 5 27 6 15 12 2 4 11 30
20 -104 104 -18 -14 15 8 45 24 11 -15 4 11 -41 -18 -6 -12 -25 11 2
5 4 -32 -9 -3 -14 -4 9 11 -24 -19 34 4 -13 -34 15 -13 -8 -7 -7
28 12 2 -28 0 -11 -3 1 -11 1 5 2 -27 7 4 -16 2 18 30 -6
13 39 9 9 -12 2 -8 52 20 8 7 -5 4 41 13 9 -14 -6 -9 3
30 -22 -21 -23 -18 15 41 -6 -23 31 -20 -32 -9 -7 -35 54 -6 22 42 -7
-10 -45 -11 -3 -16 -4 26 -6 -18 -46 52 -24 0 -29 -18 -18 -22 49 -4 10
-18 39 -17 -50 -19 -2 -21 -6 -31 -12 -5 -3 -4 -18 10 -3 9 2 -4 -28
-28 69 -3 -58 -15 -47 -34 -16 9 -34 -28 -76 -38 15 -63 33 -14 65 37 -22
-14 -31 -1 -49 2 -19 -26 2 -35 21 0 51 -39 -24 -12 13 21 -22 -9 -17
10 62 -9 65 47 60 -17 16 -34 19 -28 -10 -4 -19 19 9 20 39 9 15
24 -17 9 -66 36 38 -48 28 6 12 -4 12 1 -37 -8 -10 -5 76 1 -26
-15 -3 8 21 -26 -6 5 -5 5 42 19 -20 23 -36 17 -3 22 14 -11 7
7 20 -23 16 10 -4 54 -6 -13 -1 7 0 -11 -28 38 -9 53 -6 4 61
-14 14 -15 -53 -9 6 -25 0 -26 -45 39 -36 -27 25 -2 -3 -8 -12 -31 -19
-10 -30 0 -34 24 -11 22 -92 -8 27 -13 2 -6 57 50 -15 16 -54 -2 3
44 32 11 -35 -4 47 -10 5 -42 -35 -22 -9 -44 19 16 33 44 18 10 0
31 25 10 18 -45 26 -5 12 -9 -46 -36 64 -45 -4 -33 13 -13 -1 -58 19
-26 15 -16 -13 -17 0 -38 22 1 29 9 -32 27 -25 -5 2 25 -2 68 6
1 29 -22 -18 9 -29 7 20 16 -11 3 -10 -8 -14 -6 8 -4 -9 -7 -10
15 8 30 -1 37 10 -12 -19 6 -21 -9 -11 -1 -12 20 9 -5 -14 -6 24
12 28 8 -1 -14 45 16 14 -3 -29 -2 0 -31 12 -16 39 1 14 3 -3
6 -3 9 -9 -11 23 -15 26 4 15 -1 -15 2 -9 -14 12 -11 -9 -17 7
9 -22 -12 -6 11 31 -3 0 8 9 0 11 -7 14 -12 1 27 -30 -10 -9
-2 -10 -5 -10 -12 -15 -13 3 24 -11 3 -17 -23 -1 -16 57 -40 30 14 0
-5 13 -27 -3 4 -12 -43 -2 15 26 -46 -1 -7 -18 -5 -2 -24 4 6 -36
9 6 -18 3 9 6 5 -19 -24 2 0 2 22 -2 -35 24 17 -9 -20 -18
-24 -21 6 -1 15 20 -24 -39
