1 -3 9 -13 11 -9 -16 -33 -25 -5 -1 2 -7 44 20 5 5 20 6 -10
-8 -5 20 8 -3 -15 10 -12 -1 -14 12 -113 -25 43 111 49 0 -14 -19 -34
-100 -50 31 -42 19 25 -4 15 2 23 14 12 -5 19 0 10 9 10 -2 -3
6 -33 -18 -6 33 14 -14 -42 13 -20 -40 6 -15 -7 -2 -22 31 10 24 7
34 -1 -10 16 2 -26 0 3 -16 -12 0 7 3 -9 47 -24 25 25 5 0
2 -6 20 1 7 -21 -32 7 17 -36 -3 -3 59 17 -5 29 -8 16 2 2
-16 29 -31 15 8 -29 -17 -19 -15 7 49 -3 0 -37 -4 2 -38 7 -18 -53
-13 8 -16 0 16 -20 12 1 14 7 31 53 39 10 -1 1 -5 -40 -22 27
9 10 4 -15 -4 20 -113 7 -17 -8 -5 11 -19 -17 6 7 16 20 -12 23
11 64 30 -17 69 22 1 -44 -14 18 -11 20 -7 3 -7 -21 40 -14 -11 1
-10 3 8 14 -13 2 16 -15 -3 0 1 -13 34 18 4 -1 9 -19 4 0
-19 -19 -18 -17 -28 2 19 -17 9 -89 -9 5 -19 -7 10 -30 9 21 -24 13
-9 -50 -4 1 17 20 -4 17 -7 14 -7 8 5 -30 1 -8 -39 -19 -16 61
-12 -6 -20 -5 8 31 2 -29 69 -1 11 -9 15 23 -32 7 -4 17 4 -4
-9 -1 -13 26 4 1 -10 -10 -5 1 -12 5 -4 -10 -2 1 -3 9 71 9
-11 -15 -23 -26 -49 -37 -3 -41 -9 5 9 -21 6 31 -12 -2 -17 -4 7 8
6 1 -1 -1 2 1 5 -2 -6 7 -13 -10 -5 20 39 12 -4 5 6 -14
-19 0 -2 3 -9 -1 14 9 12 11 13 1 11 -10 7 -1 -8 2 3 12
-13 16 -20 -8 -6 -12 -1 -6 -1 -1 -15 -4 1 10 -1 1 -1 -3 -2 -6
-8 2 -13 -3 9 -10 5 3 7 6 13 1 -4 18 -1 -1 -10 15 -8 -8
-4 -1 7 0 7 22 11 -15 -10 -8 -4 -20 -19 -1 0 8 -21 -16 -29 -23
-17 -26 -15 3 4 6 -21 -30 -27 -16 -20 -25 -13 -8 -17 -1 -11 -8 7 -6
5 -4 -22 -15 6 -11 -4 7 1 -2 -15 -63 -17 -6 10 5 1 36 8 -3
15 -1 -21 -15 1 -10 -19 0 4 41 4 -14 -14 -10 -2 -14 4 -15 -3 -5
-22 -22 -8 0 25 8 -14 13 8 21 -1 -10 2 -16 -21 -4 2 -2 -2 -10
-4 -5 -13 -6 -19 -31 -19 -4 0 3 26 25 27 8 27 21 -11 5 -13 -3
-10 -21 -6 -34 2 4 -4 0 -6 -13 -5 -28 -24 -31 -36 -45 -36 8 10 3
-9 -34 -17 4 1 -4 3 0 3 5 30 -2 -11 17 -3 -7 -5 -25 17 27
11 -7 -3 -21 -20 -13 -15 -2 -6 7 -13 -4 7 4 8 6 -15 -31 4 -30
53 48 -14 13 -4 -4 -8 -11 5 7 -11 -3 1 -12 -13 -23 13 -25 -31 15
2 -9 10 14 -15 -30 9 -17 -14 25 -10 -12 11 -5 -2 0 -38 -6 -10 1
8 18 18 11 14 8 -15 13 -37 -44 15 -1 -11 12 -8 -4 10 -11 -11 -41
-5 11 -39 22 41 0 16 25 7 18 10 6 -1 16 -22 -14 -12 9 9 0
0 -9 -9 11 -9 -13 -5 -1 7 -4 4 12 2 -26 -10 2 -8 -18 7 70
0 -11 9 15 -9 -2 -4 -19 -14 -10 -8 -2 16 -3 -26 -9 -12 -31 -4 -19
-17 4 -2 6 39 -7 15 31 -2 -11 -13 25 10 -7 30 -13 -28 12 4 -29
5 19 1 -7 9 14 9 -17 -3 17 -7 -11 -6 -13 11 -5 10 2 -4 19
7 -12 1 -1 6 -7 -17 -1 -17 2 -2 11 17 -1 -23 1 7 11 5 21
-22 -6 5 -3 3 -1 -12 11 -20 -2 9 -27 -1 4 -10 36 8 -23 -14 21
11 -2 1 24 22 18 0 -37 -17 8 -1 -20 -16 -8 6 -4 19 -2 -13 2
21 -21 -14 -8 -18 -11 2 8 21 -6 -25 15 29 -32 -7 20 -6 3 2 20
1 -22 21 -15 -56 1 -10 -11 -4 -9 14 -3 -7 -4 5 -37 -25 12 -23 -22
-29 -56 -3 -21 -13 1 -6 -13 -2 8 1 -22 12 -26 -43 -12 -2 18 3 -28
28 -11 5 40 -15 -11 -10 -2 -6 -17 13 -5 -13 -4 -7 6 22 -1 -22 13
-12 -21 18 -13 2 -14 -44 -24 26 -5 -7 9 3 -9 -6 26 24 -22 -1 30
12 7 -7 22 37 -2 18 -4 -27 -21 -16 -4 -3 30 25 16 8 9 16 22
16 -16 -8 0 -15 -14 -7 22 -5 -1 55 -30 -62 17 -14 -37 4 -3 -7 14
-4 -31 -2 5 -1 -11 -6 -6 -29 -16 3 -21 -24 -8 -4 -10 -8 18 5 -4
3 -22 1 -7 4 5 3 -2 -19 -20 -10 3 -5 -7 24 5 -18 30 -2 1
14 -9 -14 2 10 24 19 -11 -4 7 0 -3 -5 -11 -14 -29 17 33 12 -17
-11 5 -38 -11 25 -21 2 17 -3 25 24 24 11 9 1 -5 -21 -9 -6 6
-2 3 5 -4 -9 14 -2 -15 -22 -12 5 -5 8 -3 -5 -15 -38 12 5 -32
-10 5 -3 12 0 -2 8 -18 -16 1 -16 -3 12 0 -13 -3 -30 -24 1 -10
18 25 -4 -2 10 -24 -22 3 7 -2 -8 9 18 1 3 26 0 -11 7 -19
7 -14 -10 -8 17 -6 9 -11 -1 31 8 17 20 -13 -14 22 -7 -15 45 3
-16 -13 -35 -55 -2 -16 -31 15 5 -13 -9 14 7 -2 -6 -14 -1 8 -3 -4
-8 -3 -3 -13 -9 -16 -24 15 -43 -28 67 -22 -1 46 -5 2 4 15 -25 -25
-1 -3 11 9 10 3 -7 28 25 -12 15 2 4 -17 7 -1 17 -3 4 34
1 -4 -2 -13 -2 -49 -11 -2 -20 -7 -13 -13 -9 -15 -38 0 -11 -9 -3 -2
4 -1 -2 -21 -2 0 -6 5 0 2 -7 -2 27 -7 5 7 -2 -8 2 -4
-4 22 -18 10 7 7 -7 2 -6 -5 9 -7 -7 5 -2 1 -10 1 -1 6
1 -5 -8 0 -6 9 8 -4 -10 1 5 9 -5 -7 -6 -2 0 15 -7 -1
-8 -6 -8 -3 -9 4 8 -7 1 12 -11 3 -15 -2 -3 5 5 -8 -1 -1
-5 -7 -2 -1 -34 -5 -3 -11 6 -1 1 -1 8 14 6 -2 -3 3 7 -9
3 11 7 6 -3 36 4 2 7 0 5 -20 -1 0 -6 2 1 0 -1 -3
2 7 5 -5 4 1 4 5 -1 -30 -1 -3 -20 -1 2 -4 -6 6 24 -4
-2 -5 9 -1 -6 0 5 8 0 -2 3 5 -12 -1 -11 -1 1 3 1 -12
-1 7 -7 1 15 -11 -3 -5 -18 -9 0 -3 0 6 7 1 2 0 -6 -4
-10 2 8 7 6 16 -2 7 1 -16 -8 -4 -14 -20 -5 -14 -7 7 10 -1
-15 -39 -7 -11 -9 -11 -4 -9 -3 5 -38 -3 3 -6 -1 2 -8 2 -5 -22
-14 -2 -6 4 -2 5 -1 -1 4 -8 4 -7 1 -4 3 -10 5 22 -6 -1
17 -1 14 26 8 9 27 7 9 10 6 0 18 -7 3 15 -3 6 -4 -4
7 32 -6 40 21 -21 12 -24 -8 4 -22 19 -7 -21 -3 4 -9 0 -4 -13
4 10 2 11 37 -1 14 11 3 5 -6 -14 -21 -8 12 0 6 22 -15 -11
15 23 9 22 18 10 16 13 -14 -72 -15 -3 26 7 9 7 -3 17 -12 -3
3 16 11 -10 -6 21 -8 18 -3 0 -16 -15 7 29 3 20 7 0 -8 6
-16 8 13 3 15 -19 15 -15 -3 0 23 23 27 11 -15 -12 -3 2 12 0
-4 3 7 30 -8 19 -9 5 -5 16 4 -20 -2 7 1 9 6 18 -26 -2
-26 45 -3 28 26 -10 10 19 20 6 39 -13 -5 -8 -10 13 8 -13 8 14
15 -20 -17 6 11 4 7 -15 -2 -2 -5 -5 9 18 20 7 11 -20 -3 1
-49 -24 -28 -6 6 6 33 20 7 15 -15 9 -11 0 -5 -20 4 28 3 -2
7 -35 4 -36 7 7 -1 15 20 -34 -43 -6 -21 -29 40 -6 7 44 0 23
-6 2 -47 -14 -13 -21 24 2 -14 -9 -27 -9 6 -5 34 -2 19 44 13 28
-17 -9 -32 -14 -30 -35 -56 -34 10 53 26 17 -19 -11 -6 5 7 5 22 8
7 19 -10 11 6 -12 34 2 7 -24 -7 1 7 32 -8 -16 -44 -15 -13 69
1 3 7 8 -15 -20 -2 -17 -27 -24 -35 -44 5 15 -11 -7 17 -10 5 -8
-10 -9 6 22 32 -2 -3 16 -1 0 -9 -11 -16 -13 -10 -15 3 -9 -16 -13
7 3 -5 -18 -16 -14 10 10 -1 7 -61 -7 18 8 0 1 4 15 -13 61
7 11 38 11 -10 -4 -7 -18 18 -13 -11 23 -7 -8 4 -14 4 29 6 0
-18 -8 0 -10 1 0 21 2 8 19 13 -9 5 -18 11 -3 -1 -7 2 -14
2 14 8 11 33 -6 -6 -7 -12 -4 -11 3 -3 -5 -18 -1 -5 -2 1 8
4 3 44 11 -3 -50 -4 4 -8 -1 -16 -15 -2 -5 10 -3 -2 9 -7 -8
6 3 -9 -18 -7 -12 -19 -3 -10 46 1 -3 -15 -1 3 3 0 13 -8 10
8 33 7 -7 -9 -19 2 21 12 -12 -26 -2 8 33 12 7 15 12 4 -30
7 -1 -1 -1 -4 9 6 -3 1 5 9 8 16 -13 -43 -26 6 -3 -8 -3
-9 1 9 -9 -18 0 2 4 7 0 6 8 -19 -5 8 -23 -6 -18 -4 -11
1 9 6 -6 -6 -9 7 -5 -7 4 -10 1 6 -21 -1 8 -18 4 -4 -16
-19 -4 -5 -9 0 0 6 -7 23 3 8 -10 17 -17 -16 -6 -3 -28 -14 16
16 4 -2 1 -10 -6 -35 -14 -1 -45 0 3 6 2 2 15 -17 -2 10 -10
4 -5 0 4 1 -6 11 -16 0 2 22 4 -2 38 10 -9 5 -13 -8 -16
-23 4 -15 0 2 -10 -6 6 4 3 5 11 7 -14 -15 -13 -7 8 19 -16
10 13 19 10 23 3 3 1 4 -22 -7 20 -8 -3 -7 -22 5 5 -30 -9
-7 -2 -6 -19 -15 4 -8 6 6 -2 -1 1 -11 -26 -13 -1 -13 9 24 15
4 -2 -1 6 -5 12 4 0 -55 -15 -2 -2 12 -13 0 13 17 3 -7 -5
4 -2 -6 -14 -39 -7 17 -9 -17 -2 -7 7 -20 -24 42 -10 -21 10 -11 -1
19 8 3 9 -9 14 8 7 26 8 -16 16 -2 -40 -15 -2 -9 14 -37 -19
21 9 -13 -12 -2 -3 -8 -2 -3 8 20 -8 -3 1 -5 -2 -31 38 9 -3
-8 -3 -9 2 10 -4 10 24 -6 -7 24 -5 0 2 -13 -10 13 -10 -6 -8
2 9 1 11 -48 -15 32 3 -13 2 3 2 -28 -13 12 4 -13 -1 -10 -21
-16 -9 44 21 -25 0 35 7 2 -3 22 -7 7 20 -35 -15 -6 -3 -8 10
-31 -7 17 -7 18 4 11 27 -30 -14 53 -58 -27 66 -1 5 -14 20 -50 16
46 15 13 -3 -9 0 34 24 15 -10 19 3 -15 1 30 -33 29 57 -18 -30
17 10 3 -20 5 -10 -13 -1 32 9 -6 -12 -10 5 34 -26 -11 24 16 -11
-9 11 -21 -32 18 16 -14 -17 -17 -2 14 -15 27 18 50 -6 0 -21 8 0
-5 33 -8 2 4 -21 14 -15 -17 13 -44 -21 -1 -15 16 5 -3 -1 -10 18
7 -23 1 23 -7 3 -11 -20 -22 -12 -4 -11 -6 8 -4 -10 -1 -6 -12 3
5 -5 -3 -3 -1 4 -41 4 18 3 40 -5 -20 4 -9 -14 8 -8 4 -15
5 15 3 -11 6 3 0 -20 6 4 -17 -4 -7 -3 -12 2 19 8 -2 6
-2 -25 5 -15 -3 17 2 1 17 1 10 -37 24 -1 -9 -2 -6 2 -10 16
39 8 -9 15 -12 -8 -10 -2 -5 8 4 0 8 6 4 -16 -6 -9 10 -5
1 -11 2 5 -4 -4 12 -25 -16 11 15 39 2 11 10 -6 2 -18 -9 9
-12 -6 -7 17 12 15 3 1 -10 -2 -2 2 0 -2 6 5 -7 -13 -18 0
-8 1 -16 -25 -18 2 41 -3 -7 -8 -11 -4 15 -7 -4 -20 -5 -10 -13 -13
1 -11 -12 -6 -14 0 5 8 23 11 -34 13 5 -16 8 -3 11 9 -10 -8
-7 -3 12 14 8 -18 -1 -4 55 -12 9 14 4 7 23 9 8 -10 0 -9
-14 -26 -2 -7 0 -4 28 14 -1 -7 10 -9 22 6 -22 -3 3 19 18 -4
14 2 17 3 -14 -23 -3 -16 -11 2 -6 2 12 -7 7 -17 -26 -22 -11 -13
-6 -1 -21 12 1 -11 6 9 -6 12 20 71 7 -11 -17 -19 -8 -21 -9 -8
45 -14 23 66 22 2 -17 -7 -1 6 -10 5 17 11 -6 -2 -13 -5 -1 4
-23 -15 -20 0 8 -1 9 27 19 2 -4 -8 16 24 17 -2 67 11 4 -28
-1 7 16 19 3 1 18 2 -18 8 4 -12 5 -2 29 1 -3 13 9 -23
-3 -10 -5 -36 -15 -6 3 -6 -16 -37 -21 4 -13 5 -3 12 5 7 20 6
-20 -20 -38 -11 -15 -17 -6 20 -6 -11 45 -3 0 -5 2 -3 -12 -21 13 -40
-7 25 32 15 8 8 9 -10 60 23 -14 -24 -10 8 48 30 -17 9 -3 -13
-28 8 12 16 8 -4 -9 -1 15 -6 2 12 -8 5 1 2 47 12 2 -6
-18 -25 -23 -13 -30 -12 11 8 10 16 13 -20 -4 -4 -14 5 -33 -16 17 19
5 -25 -24 -26 10 -7 -5 24 35 24 -21 -44 -10 -5 -23 -10 -2 14 -3 -3
-34 -17 7 -13 1 2 26 6 -10 42 -1 -2 -43 -13 4 -10 15 29 -24 16
-20 51 5 16 3 -1 0 -13 -13 -4 -7 -6 -3 -35 -24 4 -20 -17 21 26
19 -13 18 -32 6 4 -21 -7 16 -6 -1 5 22 2 21 8 3 -4 7 3
7 -9 16 48 -28 1 22 2 -20 -22 -13 -10 -26 -29 26 29 11 -14 -21 -26
-14 5 -14 -27 -20 -23 1 -15 -1 18 5 5 0 -18 5 -9 19 6 -27 20
-1 0 -43 -1 13 59 37 -30 23 11 -4 -21 -2 9 12 23 3 -4 11 2
-26 -5 4 10 -5 -16 -28 -18 -9 -4 -21 -4 -35 -19 14 20 12 3 12 7
0 25 18 26 5 7 -20 -4 4 0 -18 -4 -15 4 -23 -24 -13 4 -4 -14
-4 20 -42 1 -18 -3 11 25 17 16 22 18 -32 -12 -26 -40 4 -28 -2 41
70 20 5 22 11 48 0 -10 8 47 -7 -34 0 31 -39 -15 -3 -17 -30 3
12 0 -9 1 5 15 -12 -4 22 5 -22 8 -34 -4 -16 -26 -13 27 -2 4
30 10 -1 4 -4 23 -9 -11 1 19 -2 -29 3 29 16 1 12 -7 -35 -43
-16 1 -45 -64 -46 6 -38 30 6 10 -14 32 -6 -23 -6 -18 -11 15 11 17
-15 -35 3 -5 -22 -45 7 11 11 3 -11 -29 -16 -5 -3 0 9 1 17 14
-19 14 11 -18 1 -2 -6 18 -3 0 21 -1 -19 -1 18 16 -23 30 -1 -8
8 43 -17 6 21 -6 11 -1 26 -20 -36 3 -2 -8 -13 -46 -30 -23 -25 -16
0 -16 -5 0 8 -13 26 -6 -38 -8 13 5 -26 41 17 -5 -20 18 -13 17
-4 -14 52 4 5 5 29 8 -14 -5 24 50 25 -3 35 11 16 -6 -6 11
25 -23 -8 8 5 15 -20 3 34 -12 15 27 38 13 -25 17 10 -16 -43 7
19 -16 -38 -4 -27 8 -16 10 25 9 7 27 -21 0 1 -14 -8 2 10 -17
-17 40 23 -7 14 -2 1 -26 -11 22 -4 10 14 -8 12 13 -7 -3 23 -8
0 1 5 0 4 22 8 -28 -14 -1 13 5 1 11 26 -3 -11 10 -19 -16
87 -11 -29 29 -16 -9 -5 -25 -14 -48 -19 0 -7 -32 -15 -6 -13 -8 -10 5
11 -2 11 10 14 -7 -14 42 -5 -16 16 -7 -7 1 -19 2 22 -18 -15 25
0 -5 0 14 2 -20 1 3 0 20 9 2 -21 5 30 -5 4 10 -8 15
15 -16 4 79 -36 -40 -3 -34 -17 22 16 -5 -4 8 -11 7 9 -6 -13 -15
3 -16 -33 -2 -18 -18 5 -2 3 7 -16 -24 -21 8 10 -1 -9 4 17 -1
-4 11 -1 4 12 8 -19 -12 19 -29 -11 -6 -14 8 -6 -4 13 12 -1 -11
-7 -5 -17 16 -15 -15 35 -9 1 4 -14 -18 0 -5 -7 2 5 6 -8 14
20 -21 10 15 7 -24 -19 24 -15 -14 -22 5 -6 -74 23 25 -10 9 24 -3
-10 2 4 -15 -14 16 -6 -2 -4 -6 -4 0 -11 -6 -18 -1 5 -17 -5 30
-41 -24 55 -43 -14 30 -17 -7 -10 4 -20 -23 -8 -13 8 1 -10 1 9 5
5 -2 -24 -10 -13 4 21 -14 -16 11 -12 -22 -6 18 10 -3 23 19 13 4
-12 -25 4 15 -6 -36 31 11 4 20 -3 10 -6 -3 23 -14 -6 7 8 -17
9 12 0 24 -13 -21 10 7 -18 9 -17 -13 21 16 -15 22 2 -9 -5 -23
1 21 -14 11 -14 -18 4 2 18 9 -35 22 28 -16 -1 21 0 4 -3 2
4 3 0 42 -5 12 8 13 11 -4 8 -4 1 -10 3 2 2 10 -20 9
-2 -22 6 -2 4 -9 5 -3 -2 8 -9 12 0 2 4 -5 -3 -12 -2 2
-14 -1 -5 2 16 39 14 2 20 6 -4 -16 -1 -10 -15 1 3 31 0 6
-1 3 10 -17 6 -18 -27 4 4 5 4 -1 -9 -3 0 -3 9 -5 -12 4
-1 -11 -7 -10 -23 -3 -7 3 -2 15 20 1 -5 -3 -5 -1 4 -10 -20 -8
15 -14 17 15 -6 -22 -6 1 -11 -4 -6 8 -5 -10 -6 -5 -1 -5 -23 -3
-14 7 -12 -18 -12 -7 -2 -11 10 3 8 -13 1 -6 -1 -7 -2 15 5 10
-2 -5 7 3 -32 22 -6 -4 -2 5 1 2 -11 3 -12 -7 8 -11 -1 1
2 -12 -1 -17 -13 -34 -12 7 -10 -10 -4 1 13 -7 3 6 -2 6 0 7
2 1 1 11 -2 -3 -2 -4 5 -6 -8 -6 -22 -12 0 1 13 -9 -15 4
6 -5 -8 -6 7 4 26 1 -13 14 -1 -2 2 3 -6 1 24 -4 2 -3
-3 -2 -5 -6 -16 -38 -12 18 27 18 -13 -18 -10 -31 -36 -27 -1 -19 13 -2
15 -5 -10 16 -11 -16 6 -27 6 6 2 6 6 -2 1 -9 2 -3 4 -15
-2 7 -11 -20 -23 -7 -2 -1 4 2 -19 12 -1 22 -1 -13 -14 -15 -7 20
-16 19 26 12 9 3 -10 10 11 -31 4 -12 -14 -16 -20 -10 3 18 -5 7
3 -4 17 16 26 -5 38 39 -7 28 -15 -2 9 -4 -11 29 9 10 16 9
-2 -14 -10 -2 -37 -11 -9 -17 3 -6 -3 0 -16 1 -8 -7 -6 4 -11 -9
-1 -15 8 7 -1 10 9 -16 17 5 -14 -26 -12 14 -1 -12 -7 5 -18 -11
33 0 -6 -27 -8 -6 -4 -5 -5 -14 -7 15 16 3 -4 19 23 -23 19 -20
3 15 23 -3 -16 -9 -7 30 -20 3 46 -32 -4 -21 -1 -5 33 0 -2 -6
14 0 -1 41 7 -66 47 -7 -42 -1 -9 -2 -10 -7 -11 -1 -3 -13 -19 1
-1 8 9 -14 -45 1 -10 -6 14 -21 -25 10 16 -16 4 -18 1 2 -17 0
-7 -14 3 -7 5 -4 -25 -2 -4 -36 -37 16 8 20 3 -2 9 4 -20 -15
-2 -2 -34 -3 1 -11 -9 -7 -9 10 5 -24 7 5 0 -4 4 -25 -26 1
-9 -3 -12 29 -12 -41 69 -46 4 -7 -8 -7 26 -5 6 -45 23 9 -42 36
14 -3 -3 -5 3 -17 0 34 0 0 10 13 5 -29 -5 -4 -9 3 -5 -4
-4 -6 -6 4 4 8 -29 9 -3 3 8 25 14 -1 9 -8 -31 -8 11 28
73 35 -8 -28 -20 -2 1 -16 -6 7 -22 1 -1 -16 10 23 18 -1 -1 -14
14 28 6 8 7 -6 -4 -22 -15 5 8 -7 23 -1 -18 2 2 28 9 -12
28 11 16 11 3 16 -20 -23 -13 -48 7 3 15 -6 -20 -39 -17 -40 1 -15
2 -2 -5 3 -18 -23 -18 -7 12 -18 49 4 7 77 -12 -17 1 -15 -14 -7
-14 -6 37 -13 -2 17 -5 13 6 -8 0 8 -1 -2 16 -2 11 -7 -6 -28
3 1 15 2 -11 -13 3 8 -25 13 -21 -28 -21 -23 16 -4 1 23 -8 5
8 -5 -7 -14 1 0 -22 -5 9 -17 2 -8 8 4 1 -4 8 -4 -19 -3
-9 8 -5 2 13 -14 0 7 1 3 9 0 -21 -29 -45 -4 -16 -27 2 13
-5 -19 -18 -4 5 21 20 6 7 27 -6 -21 -15 -8 -31 5 3 4 19 -17
-42 -11 -3 1 -8 13 10 3 12 -1 -14 7 -8 -1 -2 6 -5 2 3 22
-13 -1 2 -14 3 -8 -15 -29 -38 3 -3 -3 -7 -4 -6 -3 1 0 4 12
-13 17 16 -27 5 10 -42 41 13 8 -3 -1 4 5 -27 57 -5 -11 -3 -1
8 -24 -26 -9 -36 -13 4 -3 -5 -17 -54 29 21 7 16 -6 1 9 -4 15
-2 -8 -51 37 14 11 15 17 14 -15 7 -60 4 -9 -26 -5 5 23 18 13
21 14 -1 19 4 34 16 -4 -28 6 -8 -27 -18 12 -7 16 24 4 45 -11
-15 1 4 -17 12 -10 -61 20 5 -9 3 -12 -21 22 5 25 19 -6 14 -8
32 -23 -29 0 61 -18 -17 16 1 -9 8 13 -10 65 24 19 -25 -20 -14 -14
-12 -25 -65 36 -8 5 21 12 -20 1 65 -65 -22 -17 -26 27 20 13 -13 64
127 -12 -25 -8 -4 -9 9 -25 12 4 -2 -14 -56 -23 -23 -6 22 19 -5 4
11 0 14 -17 -1 46 -52 -31 81 4 7 -5 -23 -12 18 -108 64 41 -39 -29
-18 -11 15 -18 2 -2 -2 1 -6 -11 35 11 -3 72 39 -30 7 13 24 5
2 -61 -8 -32 10 11 -35 -19 -8 0 4 15 -7 -16 -25 -1 -2 -16 15 19
-11 -52 -35 -2 9 26 -3 4 -3 -41 -21 7 17 13 -32 -18 -27 -24 45 -27
-31 -9 -11 -17 6 -15 -6 11 -49 -12 -7 3 -7 5 18 -19 -9 18 -2 14
-42 -4 -29 -10 32 -16 -54 1 -9 31 20 9 -19 0 -2 -16 -3 9 -4 24
11 0 6 1 -8 6 2 0 10 -7 14 38 -4 15 41 2 -41 -6 4 0
18 -35 -21 28 39 21 -45 12 6 5 -31 -9 -16 27 6 -6 -46 -14 9 -16
-4 -15 -18 5 28 -5 -70 -37 11 -19 -54 -6 -1 -29 -4 17 29 -20 -63 -7
-9 35 -19 10 22 -10 14 24 -26 -32 -35 2 -1 -21 -33 49 -26 -26 41 21
-5 -15 -39 8 22 -120 14 19 10 31 -20 -1 15 -51 -29 50 0 -18 -13 -10
9 22 6 24 -32 -25 3 0 0 -5 -6 30 4 36 26 -25 43 -16 -12 -10
-5 0 12 9 25 26 -14 -13 -17 -21 -32 -13 0 -8 12 5 -3 10 0 17
0 -27 -6 -9 8 -7 25 27 -16 7 37 4 11 3 -7 0 13 14 6 -27
-56 -41 -8 -5 -3 -3 41 -3 10 -2 -4 -4 3 -9 19 -62 27 -14 20 -1
-7 -6 5 14 -16 7 -5 -22 -13 -16 -2 -13 -19 42 -29 -26 -24 -22 20 3
21 5 -9 28 -5 9 7 -9 7 -5 -41 -12 -1 -10 -1 4 0 16 2 -8
-5 -8 -22 -9 -9 -2 11 7 58 1 -27 11 18 -6 -7 -5 -15 28 -6 22
10 -2 15 -1 12 1 1 27 2 19 13 -3 14 7 3 8 -14 15 -11 10
-11 4 25 7 -21 -18 -1 -15 -4 6 9 9 -2 -14 -20 -5 -6 -4 -2 -3
-10 -26 -1 -32 -22 -8 12 -8 3 -20 10 1 -10 -3 -4 22 -12 -2 15 -10
-17 -21 -22 -27 -20 -18 -25 -2 5 -56 -16 24 -14 33 22 -5 -1 1 10 -19
-48 -10 -17 -4 -17 -8 -13 -16 1 -9 -11 0 -11 -27 -22 -34 -12 -16 -11 11
30 11 -10 8 -13 -43 -39 -17 -9 20 9 -2 -13 1 1 29 -12 19 0 -7
-2 -15 7 -18 0 -29 -8 -1 -22 21 24 1 23 22 -9 -38 -58 -23 1 -29
-8 18 -17 37 -11 -10 5 12 -5 4 9 24 -8 -6 15 -6 -4 -4 7 2
18 5 8 -17 -7 -5 -26 -15 -16 18 -17 12 -8 0 2 -13 -7 8 -33 -6
-3 23 7 -10 6 3 -10 31 3 0 -20 0 -6 1 -5 -14 -21 -14 -9 17
-10 -3 -21 -3 0 21 2 -3 -17 -10 -2 -11 3 7 21 25 15 -17 8 -16
-1 -7 -11 35 -17 7 19 5 -3 -1 8 -9 68 -3 3 25 -6 8 2 11
0 7 9 -14 17 2 -8 -8 -2 -8 39 6 0 -13 -5 12 -2 -3 6 -15
11 7 10 7 -1 4 11 -14 14 -6 1 4 2 3 -4 0 -5 8 -13 -11
-6 -9 -7 7 -10 -8 22 -10 1 0 -6 -16 1 -8 9 28 19 -3 -8 -3
6 5 -3 6 -7 -2 -7 3 -7 -7 -19 -8 -12 12 -1 -9 18 -9 11 3
13 19 -80 -18 6 10 11 4 -8 -14 4 15 0 -5 -14 -4 -1 -5 1 4
0 4 6 2 0 16 20 26 -5 -26 -10 -19 -42 -6 7 -14 11 1 -8 -2
3 23 12 -20 -17 -1 3 10 8 8 1 17 -3 -4 2 -12 18 3 8 -3
0 -2 -8 -21 0 -38 1 -6 9 -8 7 -3 -18 11 -29 -12 7 16 5 9
21 -11 -9 -31 -19 4 5 -2 10 1 0 -14 15 -4 3 4 0 -9 -22 -15
14 -11 -8 -2 -19 -6 -1 -20 -3 3 -2 0 8 -20 -8 -13 0 -16 0 28
6 -14 8 -1 13 -34 -33 65 1 -47 11 1 -17 -20 7 0 -21 12 14 -25
1 -14 32 -22 -23 24 -32 -25 31 -7 -23 -27 -11 9 12 -28 -37 -27 6 7
-10 18 14 -13 -20 16 25 -20 -27 -9 -10 13 -29 -4 46 -75 -20 48 -12 5
30 -10 -22 23 -21 -2 14 33 6 -16 57 -4 -48 4 14 4 21 23 -6 12
16 -13 -24 -4 8 -9 10 12 -29 -13 -7 -22 -23 13 -5 -12 13 30 5 5
-26 4 2 23 -2 20 -12 -40 -6 5 21 9 -6 1 -21 -9 -10 -12 11 -14
-6 16 28 -1 -1 13 -11 20 13 20 34 7 -15 63 -8 -37 -2 -9 9 6
-10 -10 -4 -15 11 -5 -10 -11 12 -2 -6 -20 20 -7 -31 11 21 -19 9 9
26 -35 -26 30 4 -8 2 21 -12 -3 16 -7 -2 -1 5 2 9 -13 12 -26
-23 4 4 7 -11 19 14 -40 1 33 -5 -21 -2 0 -5 0 10 -20 -8 14
-14 -24 -27 -33 24 -9 -36 -12 -13 -11 -13 3 -3 -4 -9 42 16 -1 -23 -5
17 -17 -28 42 6 -1 25 2 -32 -33 -25 -16 -37 -1 4 16 28 20 15 -7
-20 27 -3 -31 6 -21 -36 -12 15 23 -51 -6 13 11 -3 13 12 -23 -14 10
20 -2 -33 -25 4 12 -12 -10 23 -55 -47 11 -17 -49 0 -26 8 -35 12 2
-48 3 12 1 6 -10 16 3 -4 40 -11 -22 -9 -31 -21 -15 -1 -2 -6 7
1 -22 0 27 -16 7 -8 -8 17 26 -12 -29 12 8 -12 -16 14 28 13 -1
-11 -27 -8 49 7 8 13 22 4 -3 3 -19 -12 2 -30 -1 18 -17 36 32
-13 25 -15 4 34 -2 3 -22 -22 2 -34 -26 -12 -24 -7 12 16 -40 17 16
-20 14 32 0 -21 7 14 -18 -24 5 -22 -18 10 15 6 -18 9 -8 2 -1
-30 -7 -9 12 -20 -19 16 -25 -6 -1 -32 -12 55 16 6 -7 -3 16 -25 -10
-8 -11 28 -1 -3 -34 -11 -17 -11 -11 14 -11 20 -8 -8 4 -24 1 20 -10
-3 -3 -17 12 -15 -15 -2 -9 -27 19 -14 -64 4 -20 -10 15 3 23 4 28
-22 -36 26 -24 -40 -4 -23 -24 1 7 10 4 4 -1 0 -7 -18 -8 28 27
10 24 11 21 50 3 25 30 4 -18 -52 1 8 4 -11 16 -23 -7 8 -2
-10 -2 -3 2 3 -22 -9 1 -5 2 8 -38 -13 -2 7 -23 -9 2 0 -3
-29 -8 -10 -3 3 17 60 19 11 -4 -2 -20 19 -18 -3 21 4 12 28 -9
12 -9 -13 -29 -28 -9 19 -11 -38 1 -4 -1 -1 -35 -12 -18 -7 -16 -60 -28
-20 -50 -23 -3 9 -22 -27 7 11 12 13 -9 -20 8 -19 27 -3 -2 -2 -14
-13 -13 9 -16 -30 -34 -53 22 -24 4 -7 19 6 13 15 -59 -17 6 -29 -22
2 11 -25 -56 52 87 -9 -39 12 4 -8 -21 17 -4 -23 -11 -16 -10 31 -5
0 -7 20 -29 -32 0 38 -16 -2 24 7 -3 19 0 25 2 -2 27 41 -5
-21 -11 15 8 -4 3 7 25 -10 -74 14 9 -20 -14 -3 2 -3 -2 5 34
-1 4 22 1 26 4 -20 37 -21 5 8 26 -17 26 27 -27 9 44 -32 -36
7 -4 19 16 -3 -17 40 -4 -10 -4 3 20 7 13 5 19 29 -19 -7 5
-13 -28 17 -41 -9 -6 18 20 -1 6 -3 4 2 -7 19 0 13 -3 30 5
-19 -3 13 10 -20 1 -25 -10 10 -46 8 31 -28 -34 -10 -12 -1 29 2 21
7 -16 2 -26 -8 6 1 3 36 -10 4 -8 -4 -16 -12 13 -1 -11 2 -15
-17 8 11 -11 10 16 -2 -33 -14 27 31 20 -9 2 4 -4 31 -1 -21 4
13 -3 -7 22 -5 -36 19 31 6 13 -52 -28 67 -12 -61 30 28 -38 -18 -32
0 -15 17 0 -20 24 15 -6 -2 -6 -27 34 12 11 5 15 14 -2 -12 4
-46 14 10 2 -14 14 -51 -41 44 50 -29 -45 -8 46 33 -9 -19 24 33 -53
-21 9 9 -33 -23 12 -25 -31 31 2 -1 -16 -24 10 6 -28 -14 62 -2 -5
-9 0 -27 3 11 -19 9 -3 26 -4 22 10 -2 -5 -6 16 -25 -34 13 -16
-4 -28 38 -2 -17 23 7 -6 2 -35 1 24 -15 15 -5 -47 -4 4 -12 1
-6 27 -1 -5 -4 -5 7 -36 -5 11 12 0 -12 5 -11 -11 49 -2 -7 -16
-11 3 -18 -6 11 -36 -16 -11 -36 -11 -2 -51 -24 -19 -17 -18 -19 22 -20 -14
-2 -7 -9 13 0 -1 30 9 -17 19 -18 18 4 9 -2 -13 -11 -4 -8 -14
20 -28 -14 6 -30 -9 13 -31 -1 1 -10 17 4 30 14 -7 14 -2 -8 1
-3 7 36 10 1 33 1 -4 -27 -10 20 -25 19 17 5 14 -8 -26 -9 2
12 9 9 27 16 12 35 -19 -10 -12 2 -8 7 1 22 2 32 10 -23 11
-2 -13 10 11 -28 -9 2 23 9 23 6 25 -6 -43 -14 22 -25 12 32 20
30 5 -29 -11 16 10 4 -10 17 14 -4 -30 -19 -20 -8 -26 -5 -23 -7 -1
8 8 -4 0 -6 -8 -4 -1 -15 5 -4 1 2 -7 17 -15 -6 -15 -24 8
18 45 38 5 0 17 7 14 10 14 -42 -4 3 -22 5 -15 -14 -17 7 5
3 3 13 5 2 22 3 -11 54 15 -11 18 15 9 -5 0 -2 -62 -12 0
-21 -5 12 -22 0 -1 -17 -5 -2 -15 -11 -13 36 11 -13 -19 -6 13 16 8
13 -6 -8 -1 33 -1 -8 17 10 -2 38 -7 -21 40 -30 0 68 -12 15 8
-7 -1 21 -8 -15 12 -20 -1 32 7 -4 31 -10 -6 43 -12 14 -8 -21 -2
1 -4 10 4 -15 -20 -12 6 -8 -5 -9 15 -14 -4 -9 -25 1 4 -54 -3
13 -17 -41 9 23 20 -23 27 20 -38 -23 5 -12 -25 -2 11 64 19 5 -10
8 -33 18 24 15 46 10 20 -27 -9 2 -8 -31 -6 -16 0 -15 -5 28 -1
3 24 23 -6 15 10 12 12 10 -2 -19 25 -20 -5 24 -8 10 -4 3 9
4 29 2 7 -7 -6 -9 -12 3 -2 1 10 -25 15 19 3 33 18 10 42
24 4 25 -19 -16 28 28 -14 16 30 0 -8 1 -19 5 -3 8 -10 -10 9
28 -4 5 12 -8 -18 5 -6 6 5 -15 -2 -6 -19 -4 -3 -13 1 16 17
4 11 8 -17 -17 9 -18 16 0 10 8 -7 1 22 -13 35 4 -19 20 -12
-3 -19 -15 -17 -42 -18 9 -6 12 -14 7 41 6 19 14 16 0 -10 -6 -19
-15 10 -24 2 6 -9 3 14 23 14 -30 15 -15 3 18 26 -6 -34 -27 -21
-44 -35 -9 -10 -35 -36 -25 -62 -31 17 -20 9 -27 18 4 -13 34 -2 19 -1
0 1 -7 18 1 -14 23 10 30 -10 3 -3 -14 -9 -49 -2 -19 5 3 -19
-6 -1 7 16 -15 1 -10 -1 12 -16 -21 1 3 3 -31 -5 9 -15 27 27
10 21 18 23 -2 -10 6 -9 -12 10 2 -17 14 8 -24 10 3 -6 -22 -1
-6 -32 -8 11 -3 1 0 -19 -11 -6 -16 -3 18 8 -5 -8 -10 1 38 -14
-4 9 8 -19 16 -14 -30 -12 -6 12 20 -9 -2 1 25 31 -7 23 -10 -6
2 21 16 -14 22 25 -5 9 -3 -6 3 -35 9 32 21 -7 7 34 6 5
17 -15 -27 -23 -14 -27 -18 -26 -15 28 -55 -24 36 -38 5 19 -11 -4 11 -24
3 16 4 29 3 -8 -14 -2 3 -26 -22 -2 -19 -12 -32 -19 -6 -8 -3 26
-1 -21 -13 -6 -14 -5 7 7 3 -7 13 -8 37 1 -5 16 -28 11 10 -15
-2 4 -28 -4 9 -7 -8 12 3 6 -20 -33 -1 -9 2 -3 9 21 13 2
-5 -11 18 -15 -12 17 -6 -15 25 34 3 -16 0 30 -18 -4 8 -3 -13 -10
15 -2 9 9 -1 5 -21 -24 -2 2 20 -11 -15 -2 2 -21 -4 -4 -13 3
-15 -6 13 -3 6 13 4 1 -6 -17 3 -4 -16 7 -20 3 17 -21 -19 8
5 -11 -10 5 -20 -5 -15 38 9 -2 -6 2 13 -9 -17 -5 11 12 -2 -12
-5 -11 8 0 14 -5 0 -9 13 11 13 29 -6 -8 17 0 -9 7 -15 -10
40 -35 -32 -37 -18 -12 -6 4 10 -3 9 1 -7 -15 -1 -4 -5 -10 5 -1
-9 4 -5 -12 3 22 -38 -16 40 -42 -52 26 -5 -35 -6 -10 -4 -11 -29 17
4 2 4 21 8 24 21 19 -16 -2 -11 -22 14 -5 -13 20 7 2 13 2
13 -21 -29 23 -26 -6 90 -19 -18 30 -18 -33 3 17 -32 -39 -8 -6 5 -4
4 -15 -12 -4 -21 11 8 -2 -18 -12 -1 -27 -10 48 -1 -8 12 16 -16 -9
-8 -11 17 1 -6 13 7 6 1 1 6 -8 10 15 -4 2 -22 -1 1 -9
30 6 -6 3 5 -22 16 -30 -27 56 -13 -31 -3 -1 14 11 -5 0 -6 -12
6 6 11 -13 -7 -8 -27 -1 -3 -22 -5 4 -9 -17 5 0 -19 -11 -11 14
8 -11 -11 0 -10 0 8 2 4 7 -7 -18 8 -10 -6 11 -19 6 12 -1
5 -7 -12 13 -17 -22 -3 -15 -7 10 -10 -1 37 -20 -10 11 -11 -9 -12 1
-1 -4 0 9 -6 -2 -6 -25 -25 -19 6 -20 -17 13 5 -2 -22 27 8 -78
8 4 -19 -16 -14 6 -6 -13 0 -6 -17 -12 12 -2 -2 -15 -8 10 10 14
2 33 -13 -26 48 -15 -23 24 -22 -44 -3 -14 16 -24 -36 16 -14 -19 7 13
-5 4 -7 -17 -9 4 3 -2 27 3 -16 13 0 -21 7 -11 -13 -20 -3 22
13 16 35 -28 -6 2 -13 7 -10 29 29 -48 3 32 -1 -11 -7 -2 -3 -6
23 -7 1 1 1 4 2 -17 -19 4 -11 2 16 -18 2 12 -24 16 32 -22
8 34 -1 -34 -12 12 -13 19 -2 -20 -10 25 24 -17 34 18 -36 21 -3 -23
1 -7 -15 6 -4 -10 1 13 15 -21 -38 -28 14 11 10 24 8 3 -23 -65
-11 -21 -18 -10 9 4 8 17 58 17 -5 -16 4 -17 -17 -6 -14 7 -14 -41
-31 -38 -4 -12 -19 34 46 26 6 -27 5 -14 -10 -19 20 49 32 -11 12 -9
-14 -13 -11 -5 -38 -10 21 -13 15 16 14 11 -8 -16 -3 -33 -14 -33 20 -8
-12 8 10 14 -4 -20 -3 -26 -15 -19 3 -4 -4 0 20 7 -14 -17 -13 13
6 22 -1 -3 -27 10 12 -26 6 -5 6 -8 -33 -5 -21 -17 -12 -11 -10 -3
-8 -14 3 -17 8 14 -23 8 -16 22 30 20 8 22 11 1 0 -5 -8 -5
1 -11 -14 -5 0 -29 -10 -23 -31 -19 -6 -5 -21 12 27 17 23 -8 31 7
-30 -4 -8 10 17 8 -7 12 -19 2 -11 20 2 -31 34 7 -10 -21 16 23
5 6 -4 -8 -1 -7 11 9 -5 -19 -5 -2 1 -24 6 4 2 22 -5 -5
21 -7 -1 22 2 12 13 0 6 0 -43 -19 7 -25 -25 12 -5 24 5 -3
-7 -2 -16 2 -8 -14 27 -20 -28 17 -37 21 23 10 -33 -32 -13 -32 27 -11
-23 41 3 -13 0 -3 -53 -22 -37 5 12 -5 1 -15 3 -5 -8 -10 -14 4
-15 13 1 -8 44 -48 12 5 4 -4 -14 -29 -18 33 7 25 31 -9 18 21
20 4 -5 -5 -19 -12 10 -9 8 4 -3 12 2 -43 -7 -13 1 -7 -8 3
-12 -21 12 -3 0 6 -22 -18 2 -29 5 20 -4 24 3 9 -13 -3 0 -9
4 9 -1 11 6 0 -12 13 -7 -5 7 26 37 -14 -22 -21 -13 -37 -39 -16
-24 19 3 -3 0 5 -9 -15 -8 -4 8 -3 17 -12 -33 13 -16 -6 24 -31
2 -9 -21 -26 -17 20 -13 24 28 -10 2 10 14 -6 0 -2 -1 7 12 -9
2 -5 -30 1 -5 -10 9 -14 3 3 17 37 7 3 0 11 6 5 0 -13
-36 9 -6 0 5 -1 -15 -2 7 -44 23 6 27 19 -1 -3 -2 21 23 12
2 -14 -18 3 -15 -17 5 -20 -14 -19 -7 21 13 15 4 -11 -44 25 7 26
4 -2 -10 -3 -3 -23 -18 -4 -8 2 -13 10 4 15 45 -8 32 -15 -17 -4
-2 18 10 4 13 15 12 10 -3 -12 -5 -12 -20 3 9 -4 8 17 26 19
41 26 -20 45 -26 -52 3 21 2 10 -10 -23 3 -16 11 6 -4 25 -9 -47
2 5 -2 14 22 29 10 26 -5 -15 -4 -29 -13 -24 -4 -13 -15 10 -5 -9
-14 -37 -24 -12 -28 -9 34 -3 14 16 -20 10 9 3 -10 -39 20 -31 4 8
-14 -3 -9 -9 -21 3 -19 37 45 -16 -8 -9 -23 12 -7 -12 -3 -3 -13 -17
-23 -4 -26 0 10 -10 -9 19 3 -17 17 34 -19 -4 -23 -20 -7 -8 -15 -2
25 8 -1 2 23 9 6 -6 -10 3 26 -18 -7 14 0 -3 -8 -5 -39 -34
-19 -14 40 -12 -10 -1 17 -25 -26 45 13 -25 -11 0 20 68 46 9 15 -32
15 -37 -39 -6 -29 16 -1 33 49 -21 8 -8 -24 24 -11 -35 22 36 -17 17
35 -2 -13 -3 33 -35 -12 15 18 22 21 -11 4 48 -15 -18 -55 -14 -8 7
10 37 -19 28 15 -21 -15 -2 18 21 48 -15 25 2 -6 -2 20 -14 30 64
21 15 17 12 6 -24 -46 10 25 -2 9 41 20 20 3 -19 -6 -10 -14 7
-19 8 26 2 -31 -21 -28 -3 22 13 15 -22 -14 -16 2 -21 -32 17 27 -15
-18 0 0 45 56 -8 1 -15 -4 -11 1 -24 23 -21 -30 6 -22 7 27 20
14 11 -17 -38 -22 -33 14 23 14 3 -33 36 23 -2 -4 -6 -8 7 54 -6
28 58 -41 -21 -1 8 -5 -14 15 18 3 -23 6 17 24 -26 -10 12 -67 4
-39 -7 -3 11 -1 25 -22 -71 -41 -21 -44 -14 22 9 -10 -30 -34 -45 -37 -19
-5 0 8 1 15 -8 -33 -4 -5 9 -12 20 15 -4 -38 -6 -39 -4 17 -15
9 34 31 20 -37 -48 -51 3 5 -13 -20 -5 -7 -25 -9 9 -2 -20 5 4
-27 -6 -2 8 16 -14 -31 -10 44 -23 53 63 1 9 -21 -5 3 15 -25 -3
54 -35 -1 9 -30 -13 10 -10 -6 -8 12 -17 -3 -23 25 11 13 5 -11 17
-5 -30 -12 -24 -7 -21 -13 4 0 -30 -17 12 -12 -3 -34 -64 -12 -38 43 44
26 -6 -11 -26 36 75 4 -14 41 -1 -13 -24 11 -12 -49 -29 47 46 -16 1
15 -46 -16 30 -9 42 31 3 50 51 49 -6 -6 6 -35 -40 23 29 14 34
-21 -8 -63 -9 15 -2 -9 -12 5 54 5 -27 30 43 22 14 11 18 52 -14
-15 8 7 3 -9 6 -32 -71 -14 -2 -56 -29 -34 -17 8 -10 16 -3 25 61
13 -12 -26 15 23 -68 7 -19 -3 -24 -29 4 17 10 -9 -8 4 -18 -20 -32
-12 -12 -39 -7 0 -8 36 8 -13 -11 -6 -18 35 20 -10 5 28 -5 -3 -11
-20 -22 25 5 -35 -11 12 10 22 -32 -5 7 4 -25 -7 -15 -14 -2 -30 -61
18 1 -33 4 31 23 9 39 17 -13 -16 -21 -31 -12 -3 11 8 26 18 23
10 -35 -12 24 45 -26 14 2 6 -23 -15 -6 26 -10 3 88 23 17 34 7
-8 4 7 -42 -32 -44 3 -22 -60 19 -21 -20 -25 5 38 19 15 8 -8 4
-18 -21 -29 14 15 -7 -36 27 1 -24 -37 16 21 24 -19 5 -26 -4 2 -11
-11 -23 20 28 9 16 16 3 22 -17 -39 -13 15 -12 41 -7 -35 71 59 -41
-41 -3 -9 14 12 4 40 -23 -16 8 -6 -36 2 -10 8 -4 60 40 -9 12
27 0 22 5 17 86 13 -32 -18 12 -4 -22 -6 25 -68 -34 27 -7 -7 3
-17 13 -34 -76 12 22 -23 -4 -8 37 51 -17 118 56 -46 -17 -8 -27 25 13
-27 14 13 -25 -68 -6 29 3 -15 10 -4 19 18 1 9 20 7 -16 76 2
-46 -15 5 23 7 -17 -35 59 33 -90 21 -2 -29 -26 -3 -24 -1 -11 -21 -13
-15 7 8 4 31 -36 17 54 25 10 4 -13 -5 22 -14 -8 -21 14 14 4
-1 -6 -17 -8 13 4 -13 2 7 34 6 0 13 -9 -23 -22 -5 14 7 2
1 -7 -25 -13 -9 21 30 -20 -30 17 -31 -38 43 -5 -28 -15 -2 -10 5 -7
-49 -10 -24 -3 -19 -15 6 5 27 35 -14 2 -33 -4 3 -13 -16 -28 -50 -40
18 12 -27 -2 49 -17 -10 -31 -42 -23 -12 33 14 16 7 2 -8 -6 -9 10
-19 17 31 17 34 24 -24 0 -30 0 9 -2 11 -18 -68 -35 23 6 -1 -31
6 0 0 2 -5 -18 -18 -9 -7 -34 -47 -22 0 -26 55 24 -24 -25 -49 7
-25 -39 3 -5 33 28 15 7 13 -7 -52 1 16 44 31 -11 -5 12 -6 22
24 -7 -19 -6 -41 -34 -17 -30 -44 32 2 -3 19 23 -12 7 -2 -96 1 12
-17 9 35 19 -5 39 -9 -32 -8 -10 -13 16 1 -15 -46 10 -1 10 20 -11
-7 11 -5 3 -2 -13 21 44 15 -5 21 -29 -2 7 -16 5 27 -2 6 -28
-2 10 0 14 -5 -25 0 -8 -17 -10 12 -1 8 -4 -6 -1 -9 -13 -13 15
-33 1 9 -30 -14 6 20 6 -2 2 5 -3 17 6 -1 -4 -7 17 -2 2
7 -12 6 1 32 -1 -33 4 -18 -2 6 -13 -6 6 -18 -2 -23 -15 7 12
-13 7 6 12 6 9 0 -2 15 3 1 19 5 4 11 -5 0 2 -2 -10
-7 9 7 -8 -16 20 -7 -12 9 26 8 3 4 6 3 -18 1 -7 -10 16
-4 10 12 3 -8 0 -1 -17 -2 11 14 14 -5 24 4 -10 10 -10 -13 -6
-3 -8 -21 -3 -13 15 -7 -11 41 -8 -1 27 6 -3 -6 -4 -8 3 -9 0
38 8 5 -18 11 7 -14 8 -16 -34 -14 -13 -3 12 -14 4 1 11 24 -4
10 25 10 14 -11 5 -3 -63 -19 11 -14 2 0 -1 -4 5 -3 -1 22 -4
-12 21 28 -7 3 0 -2 14 -9 -8 -15 3 3 -8 17 12 0 -7 -2 -1
4 -12 0 13 4 10 19 7 -1 -3 4 15 9 16 -2 -17 -8 17 -3 8
3 -20 -12 -14 -35 -20 -8 -38 -27 -12 -28 -8 -6 -17 -19 10 9 1 -11 -20
-22 -11 4 -3 -7 5 0 -8 10 -6 -2 14 0 -11 27 -5 2 43 6 -8
-3 12 -2 -31 -3 10 -3 -6 -2 -2 -4 -7 -2 -16 11 25 1 -15 -49 -24
-2 -21 -11 26 60 18 -2 36 -5 5 12 1 5 -62 1 12 -11 7 9 1
10 1 9 4 -15 -37 -24 -25 -13 -16 -7 8 5 -7 -25 -10 -5 -7 -13 12
12 0 -4 -19 -5 0 9 0 -5 16 -3 3 10 4 -16 -12 0 7 17 15
-18 -38 -16 -13 -18 -20 -9 42 1 6 -1 4 8 10 -1 4 -6 -2 -3 -8
-5 -16 -12 -22 -11 6 -11 5 -6 3 2 -12 -24 5 8 7 7 -6 9 -8
-4 -9 -9 -12 -5 -6 -2 8 6 1 0 16 20 -8 2 5 4 -11 -9 -2
-22 6 -19 4 -4 -1 -13 -26 -15 1 1 2 -11 -4 -8 -7 19 -6 0 -5
12 0 -21 1 -17 -34 -21 15 53 1 3 28 12 -4 16 9 0 -91 -10 4
-7 2 13 0 -2 4 24 -8 -6 1 -5 -8 6 -4 -4 -28 6 21 39 17
-9 5 -7 -28 -24 -27 13 -13 -2 -6 -3 5 -7 23 12 5 -14 10 -13 8
10 9 5 -4 8 4 11 -10 -7 -13 4 16 -12 -10 23 -12 -16 6 0 13
12 1 -6 19 -6 10 8 1 5 -49 -3 -9 3 0 -32 -25 -32 -22 -26 -19
6 0 -2 8 -2 -2 -5 -18 -2 -6 -21 -12 6 16 -2 15 38 22 -12 -1
-18 -5 10 -11 16 16 13 11 15 17 -10 6 0 -20 8 -6
