33 -34 48 -7 -23 -16 -19 -1 -48 13 -44 54 25 -43 67 42 -83 -35 -25 4
40 2 57 -3 -20 -12 42 -39 -33 48 -8 -59 2 -33 -45 8 -62 -11 -57 -77
-48 -42 1 -43 -63 -46 -22 4 37 10 -15 65 -29 -53 19 -44 -19 -1 -18 -17
13 -16 -32 -86 21 26 44 -5 -45 33 -6 -43 18 -49 -12 -4 1 31 -18 -14
45 -36 15 -67 -23 -3 67 9 -12 2 -36 -32 -42 36 31 -22 33 -65 5 12
15 54 12 23 32 10 20 -3 -11 18 -46 -9 10 8 45 5 -34 -89 -14 41
52 -7 52 -42 -19 -13 -30 -42 37 -6 6 -14 -56 -32 3 44 6 -7 29 -33
-37 -18 -68 -39 22 39 6 -4 -65 19 3 -20 -26 -17 -24 58 55 24 10 -5
7 -1 -9 -57 -12 -3 -30 4 -12 -2 -21 15 25 7 21 8 29 0 -1 34
-33 38 13 46 27 -66 -33 -37 16 -10 -48 24 88 -28 89 28 -8 10 18 51
45 -16 47 26 -65 -22 -37 24 19 47 10 -30 -44 -51 -36 2 16 3 -26 33
14 -45 -67 6 -14 -69 -44 68 15 -46 -25 -40 -44 -25 -2 14 2 20 -16 14
-53 0 -16 1 -35 -35 57 24 -8 25 -40 -64 -49 -22 -56 27 -58 -11 -24 15
13 -37 11 -7 -18 -9 -29 27 -68 30 4 -13 9 48 -52 14 56 23 15 16
35 -6 -9 -60 9 -14 -55 51 6 -18 -22 43 -41 -35 -4 81 -40 -10 -41 28
24 -14 -9 -59 -82 -7 9 24 -14 -23 34 17 -20 18 26 56 -20 -9 -66 18
-29 -47 -12 -16 -9 -54 -8 -48 2 -25 34 35 -64 -20 5 -15 -6 -23 40 1
54 -2 -47 -6 4 0 -2 -32 -7 -33 33 -11 -28 -7 27 21 -14 -7 -43 -12
-68 37 34 13 -25 34 36 -46 65 -23 -41 -10 6 18 -1 -46 -17 -29 -5 7
-23 -19 -10 9 47 37 3 -39 -22 24 45 -27 40 -27 -17 37 0 -15 -24 -26
19 -37 9 18 5 -30 -34 3 -3 -34 -46 34 -11 -9 37 -62 44 -47 -33 -15
-59 17 -20 17 60 54 -43 -13 -4 11 49 33 -44 36 50 -99 -54 27 -41 14
7 -45 -65 -59 -12 39 -22 0 -52 -21 -47 8 33 8 -33 40 37 57 -91 22
14 -6 -77 -20 3 -20 -35 -1 48 25 46 -35 36 30 -46 70 -22 -12 5 31
-39 -31 -29 -24 -63 50 76 -22 -27 -26 54 -49 -39 10 37 -19 15 3 -31 -40
26 -5 99 -28 -67 4 7 -15 -70 -17 -47 1 31 69 -18 -25 10 -13 17 2
19 -1 39 -30 -13 -10 -51 -15 -48 -10 21 -57 -22 -18 14 5 11 24 3 22
15 41 9 -24 -14 13 -7 61 -34 11 -17 -15 22 44 -4 -50 19 3 4 -13
13 32 -15 -3 -50 15 -34 11 49 -26 -15 5 -16 -65 -32 45 -28 -7 51 48
-48 -23 -38 -74 -12 14 -27 1 -66 0 3 66 -12 13 10 -4 11 -18 37 12
33 -3 -22 18 16 -45 7 25 15 -4 -21 32 -56 13 -41 30 13 32 13 32
1 -26 10 -67 5 -1 32 -54 2 38 -24 -15 1 6 9 -31 66 -13 -99 -46
9 27 11 -9 -16 -21 18 38 18 -3 -4 -40 -29 -27 12 49 40 -29 30 5
-36 19 -41 -2 -13 -19 -40 -19 -13 -70 -19 55 -25 -31 -27 -23 0 63 -1 12
38 -31 23 -23 14 24 -21 -14 -18 -37 -17 -9 -1 -5 -78 -13 -8 12 -5 25
45 24 -15 49 -19 -35 26 -8 -57 -15 38 -15 29 33 -8 52 16 -57 6 -30
-39 26 98 -29 -67 -47 23 -9 1 8 -14 85 -17 -84 45 53 19 -14 38 -21
23 7 22 0 43 -38 -28 109 -46 -102 -4 26 -7 9 -19 31 -70 -32 -9 -46
-81 -30 -52 -37 -38 -73 108 -21 40 19 35 34 -29 -3 -2 16 -38 -46 -59 59
32 -15 29 -49 7 1 -13 -24 53 -92 -3 1 -12 0 -53 1 6 28 -63 -37
-22 -59 -66 22 4 -81 1 -41 -21 33 -14 81 0 -5 -43 12 -20 35 -1 32
0 1 30 4 28 -3 20 -20 -64 -8 41 -17 61 -64 -36 -4 15 0 11 -29
-7 28 -13 -32 43 -7 -64 -21 10 2 -9 -12 -53 22 -75 -8 5 14 46 -36
32 -110 15 6 -11 22 -32 -26 48 60 -3 13 24 16 29 -7 -38 7 40 0
74 20 -9 36 26 -18 -8 33 77 -15 58 37 41 4 -23 23 7 -12 -17 -3
-6 -48 -9 -43 58 -13 -11 49 -5 -37 6 21 -9 0 18 -43 26 35 -50 15
-21 -45 -38 10 74 -16 -29 -41 4 3 2 -44 50 33 -19 -4 -19 50 -49 -61
75 -53 -32 -58 -45 30 11 -17 -71 30 44 -79 8 -24 23 -87 -43 -16 -18 44
64 -4 10 14 79 -20 -4 -37 -86 23 -12 27 35 -44 -67 36 65 -1 36 -38
42 -120 -54 17 -1 18 -20 -39 3 -59 14 11 -15 12 21 -40 2 -88 -39 61
19 34 -61 104 31 55 -6 66 3 -2 15 -31 -30 -86 -59 5 -59 -41 -15 -16
46 43 -55 12 -21 -125 -69 -17 42 -12 -44 52 -40 -5 -37 15 -32 -19 28 4
-24 28 7 10 19 -55 21 -12 15 -79 36 -42 -26 7 23 -31 -1 -7 14 26
25 -16 23 -34 -47 40 -40 5 -9 38 2 26 -37 20 -19 -22 -28 -78 -23 -11
-71 59 -44 -31 2 21 42 34 0 15 -36 -1 70 -32 57 -100 31 -43 9 -37
-98 -10 101 50 -32 -49 -82 48 67 -92 60 -32 -16 38 -45 8 -42 -22 -41 -49
33 -13 -5 -11 -11 -15 -10 -28 -46 -7 -47 51 -85 -26 17 15 -8 -58 47 55
-1 52 -46 57 -26 -27 -4 6 -8 -38 24 3 -46 5 -30 -26 -26 -1 20 35
-22 -45 -36 74 -13 -40 -36 8 -48 8 -58 7 26 -98 -40 7 40 23 27 74
-67 -18 -68 36 29 -42 -4 83 -49 -18 -14 -102 -82 -1 2 41 35 34 1 66
-116 33 21 8 -51 -35 11 -78 35 9 27 -15 -63 3 -59 -2 50 -7 40 -72
-12 -53 1 -11 19 24 -7 -90 -62 -14 2 46 -21 1 -33 -39 23 49 13 1
47 -63 24 24 5 15 -9 -28 33 20 -38 -49 5 37 17 -19 16 1 4 36
-33 -34 2 -14 -87 -5 10 -35 -33 42 10 40 -25 24 8 -14 45 54 1 -27
-69 -1 20 32 -13 127 -47 0 -30 29 -23 6 -12 62 -28 23 -28 -11 9 18
45 47 -43 3 -4 -11 36 -41 -3 -18 -46 29 22 3 -14 -22 -18 71 119 30
-25 -15 35 59 5 -25 0 32 -16 -19 12 -55 -39 41 -14 -48 -68 8 14 1
-9 35 23 -36 -6 -31 -11 -55 -50 -13 35 -9 -87 13 10 11 32 13 -81 6
-13 -18 40 31 29 -37 -52 -3 -44 1 -49 18 33 -52 10 3 -18 66 -43 -59
-53 6 28 -20 32 -10 10 -14 47 -47 10 -40 -66 -12 -15 16 29 46 -108 -42
24 -11 9 17 42 6 -33 -7 5 3 -7 -37 -25 55 -5 -38 -31 -37 -39 20
-11 -26 45 -4 -25 -60 13 -13 -49 -20 -2 -8 -22 -1 40 93 23 -54 3 -4
-3 -42 -9 36 -8 -37 -49 57 -11 -13 -43 -91 -51 -15 -69 16 21 32 5 -31
-23 -37 -14 42 6 27 5 -77 -23 -7 3 15 14 -43 -55 0 46 -9 41 -21
-52 8 -50 125 -97 8 53 1 57 -5 -15 33 12 -47 2 -10 44 13 24 -51
-67 4 -20 -24 43 -47 15 -12 -2 -8 3 8 6 0 6 85 -9 -21 -13 -43
78 23 22 -47 -2 -52 -68 23 9 45 -9 59 -48 -20 -58 9 15 -28 -13 28
-63 -29 -30 -12 -22 -3 61 22 24 18 -21 36 45 -23 -11 -35 1 -13 -25 -4
-21 -57 -18 -41 -1 16 23 7 10 -19 14 17 17 80 35 -47 8 -8 37 -30
54 22 -28 -25 38 19 -13 -68 46 7 -39 47 36 -6 6 9 24 9 -13 22
28 -25 44 17 44 -34 48 34 -17 -37 44 12 3 -25 -45 -21 23 -52 -36 -27
53 -21 -47 4 13 44 15 -34 -30 25 2 36 -4 10 11 4 12 -28 39 14
38 -17 7 -15 26 29 -17 -29 9 8 -28 -81 -15 -30 40 19 42 40 -36 30
-2 -10 63 -15 62 45 12 33 14 14 -24 -34 19 36 11 -31 95 31 13 -39
48 5 13 -11 76 -21 -71 -1 31 -4 -19 19 32 26 25 -34 -7 -38 52 -48
16 -23 -1 3 17 38 28 -23 -5 3 2 0 7 -48 16 -6 35 -11 -105 3
-28 -21 -3 -3 -31 -89 -11 -57 -58 -42 57 -10 -17 0 9 61 3 18 42 74
3 -63 -55 9 -55 -41 29 -38 -28 19 -62 8 -22 -17 -18 -47 39 -53 7 13
-2 33 -18 4 -17 -33 -22 -6 5 15 14 -50 33 -5 -27 -18 -25 2 -17 13
-20 -31 24 -1 -11 46 -21 30 -36 -7 11 -46 35 -10 -4 21 22 1 -31 -20
20 -14 12 33 4 9 30 1 -5 8 46 -21 0 -56 13 -14 -15 1 33 -18
-47 57 22 -34 -36 -74 -21 17 11 29 -8 41 -28 6 -6 -66 15 -19 -42 -26
-53 7 -30 -58 -5 31 13 -15 35 -4 -10 -15 0 7 22 25 35 -53 -6 -20
-8 93 21 66 -9 8 -37 -42 -21 19 -41 48 -59 -14 -21 -32 -94 -27 8 2
14 28 -49 -13 -15 57 49 -28 -28 21 1 32 19 67 -15 17 -64 11 -22 -28
-29 -6 -12 -19 23 0 -9 29 17 -12 -6 5 47 -23 21 50 5 -1 110 -29
24 11 -25 -36 -9 51 -2 -55 62 4 38 22 60 -84 22 -5 -22 -23 -24 -10
-67 51 -1 18 -10 19 -24 -48 -89 -44 25 4 -41 -6 -9 -47 -27 -58 13 2
38 41 -46 84 41 -37 -32 -61 -56 5 -66 -63 -25 26 -9 86 -82 -43 -36 -23
-32 51 11 66 -32 -53 -22 12 14 -13 26 1 -4 -33 -4 -33 9 -15 -8 -24
-20 -47 7 14 4 34 -47 1 -26 -57 -20 -43 -2 -64 -41 0 -43 -26 -26 6
-70 0 7 -1 -49 20 -18 -45 -30 3 -20 47 -24 -53 -24 54 6 -69 -18 8
-111 36 -8 -10 24 -37 -27 -87
