-2 8 -22 3 -16 -15 -6 10 -5 -2 18 26 -6 23 28 0 22 20 -5 -15
23 1 -20 13 -24 -21 13 11 -1 8 12 44 30 0 9 22 -25 -23 -3 14
-5 11 11 5 -8 9 1 14 0 -10 0 -9 -15 8 4 -6 5 2 12 9
-4 17 6 -1 -2 16 -1 -5 18 -4 -2 -4 7 8 -13 -14 10 13 3 3
20 -6 -8 16 37 -6 3 24 -12 -12 -12 1 -3 1 -29 18 2 -7 -10 3
15 -21 9 -21 -26 4 -18 -7 -15 -12 13 -5 -11 17 -9 -14 -5 -8 20 2
-15 16 6 -5 10 7 -7 15 7 -23 27 32 -6 10 13 -11 21 -10 -12 33
10 5 21 15 -23 -6 -2 -9 20 33 7 20 23 -18 -17 8 -21 4 6 -7
24 14 -31 -13 11 -13 6 -13 -30 -16 -2 10 0 -11 7 46 11 17 2 16
17 11 -12 27 13 -8 1 -37 -26 -5 3 -13 15 7 -11 3 -8 -30 7 -19
4 -6 6 73 -10 -14 27 20 -26 -15 5 0 -17 1 -6 -18 -8 5 14 -9
13 20 6 -9 9 5 -1 0 13 -6 6 3 26 -3 -16 12 -4 -17 -10 4
-28 -14 23 10 -1 36 13 -20 -1 5 -7 1 4 0 10 -11 -21 31 -6 -16
20 23 3 -7 13 -16 -26 18 -15 -10 0 12 -6 -10 26 15 6 0 3 -1
12 -14 8 3 -10 1 -10 -25 -12 8 -10 -21 4 1 -13 -18 -5 3 23 0
4 2 2 9 -14 -4 5 10 32 -13 -16 -6 -31 -27 -22 8 5 -2 5 -12
-17 -16 -15 -7 -6 1 -5 9 -4 14 6 11 5 7 14 3 9 27 25 -4
-3 6 -4 -17 -30 -1 -3 -6 9 1 7 15 11 10 11 0 -3 5 -15 -3
14 18 -4 -1 -17 -7 -4 -4 2 7 -14 10 -3 -13 6 2 -11 -6 11 33
10 2 -3 -9 -11 -16 -8 17 17 -8 -9 0 -4 4 -12 -8 0 30 5 -15
3 -5 -3 -3 -6 23 21 17 12 17 -8 -16 -10 -3 -8 40 -9 -2 5 -10
-15 -26 -16 12 15 -9 12 10 3 -1 17 8 10 25 1 8 -13 5 -4 -11
-3 14 -8 4 16 -28 -27 -10 -8 -13 -2 -9 -2 -7 -11 -3 -6 -6 -7 3
-12 14 -3 -16 -2 -2 1 6 3 14 9 -3 41 16 -2 7 -4 -19 -12 -16
-4 23 -3 -10 19 -3 -1 4 2 13 8 -12 -14 -13 -9 -2 -4 -5 2 -7
2 11 -1 13 -6 -18 -13 1 -12 -14 -2 5 -11 -12 3 0 -6 14 5 -18
-4 -4 0 25 10 13 -1 -1 -9 -9 -12 5 -9 -2 -1 -37 -4 3 -11 6
7 -14 4 -8 11 12 -1 -16 -7 -14 0 10 -8 2 7 3 1 -2 26 16
11 -2 5 -5 -13 -21 -15 5 12 7 13 -16 9 8 -37 -2 6 6 18 -3
-5 16 3 -14 -2 26 -16 1 25 1 16 27 15 15 -1 -21 -14 -2 -15 -10
1 9 30 -13 2 1 -30 -41 -17 -2 -7 -22 10 -14 -1 45 14 5 32 12
27 15 -10 -1 24 -25 2 27 -28 -12 3 -7 -6 28 -2 -16 39 25 0 -3
7 -4 3 6 9 -8 1 -4 12 3 2 -6 1 -11 11 -36 -18 -11 -19 -33
12 5 -11 -29 -4 7 12 1 -25 24 -13 -4 3 14 -6 -9 -6 2 -8 14
3 2 3 1 14 -16 -20 45 -10 -28 -5 11 10 -4 -9 3 -13 -22 5 35
-1 24 5 -14 -13 6 -13 0 20 -6 -2 -1 -9 -1 14 -15 -10 17 7 -10
-2 -4 -16 29 -15 -11 14 40 23 -3 -6 -11 19 -11 -10 28 -7 2 15 9
-3 5 21 -21 4 10 -20 -3 2 -9 -7 -9 -2 -17 -17 2 -3 -3 -6 11
6 9 -28 -18 5 -8 -7 9 -6 4 18 -9 3 21 -7 -8 -18 -27 -18 -23
0 20 0 -3 9 13 -14 -16 -10 -5 -5 -4 0 5 5 -22 2 13 2 -7
1 -7 -1 4 6 -4 -4 7 10 6 -15 -6 -15 -24 -1 3 -7 9 6 -7
-17 4 14 7 19 -4 21 13 9 -6 -25 23 -5 -21 25 11 7 10 -3 2
16 -8 -7 23 -6 -2 -5 -13 -4 -8 -15 -2 7 -8 5 -9 -16 -12 5 5
10 -10 -7 6 14 -4 -5 25 -6 7 -11 -28 4 -7 -4 -7 -6 -1 11 -10
-1 -9 -30 -49 -6 -21 -59 -9 -4 -7 6 -14 -21 -15 -24 -15 -17 -15 -5 1
8 -11 -1 -13 -16 7 -4 6 5 -1 -9 -12 11 -3 1 1 -2 -2 -4 5
-7 7 4 1 -5 -8 -1 -4 7 11 -27 -20 13 -3 13 -4 10 -2 11 3
-18 40 7 1 2 -3 -8 1 -21 -20 -22 -4 -2 -4 -16 5 22 -26 -38 10
-13 -5 4 -7 2 -5 -5 15 26 -26 9 0 -11 34 -8 -28 -19 -17 0 -11
14 5 -12 -12 0 -32 -21 2 -14 -3 -23 -38 -9 16 -9 30 6 -8 1 -10
-24 -16 2 -2 -15 -18 8 7 0 16 15 -19 -29 11 -6 3 -6 -24 14 6
2 -8 -23 6 10 0 11 10 6 10 11 -8 9 12 -12 1 -10 -15 -16 -2
-1 -10 4 -8 13 -4 -7 10 5 -12 17 12 5 0 -17 -9 -8 4 -3 12
-15 -10 -11 -5 18 -21 -15 5 6 9 -7 -20 -12 6 8 -1 13 6 -10 -5
11 -1 -3 24 31 11 6 -3 3 -9 -16 9 -6 20 23 20 31 15 10 13
4 5 -15 -6 13 -21 15 4 18 29 -12 0 7 -14 0 12 -2 -15 -6 -23
39 36 -23 -9 -15 34 9 -12 51 14 -14 12 -10 2 -16 -54 -23 4 -47 -5
11 -4 4 -1 1 8 -12 -8 -4 -10 3 21 -27 -32 14 -20 -35 15 -41 -34
-11 0 0 16 3 -23 -20 18 -6 -21 -13 -24 10 23 3 0 23 2 -3 8
3 16 -6 -19 -1 -6 -17 -13 26 39 -7 23 12 -9 -1 -16 -8 17 46 -1
-19 32 7 9 7 -9 -21 0 -12 -17 -9 -20 -11 -20 16 10 4 -8 -2 11
49 -9 1 26 0 4 -12 32 12 -7 13 33 -5 15 -4 2 -1 0 -3 13
-19 -15 -7 44 17 15 -18 44 15 12 -6 11 -23 -29 -18 17 12 37 11 40
-24 -12 4 14 -45 -32 -16 5 -3 30 10 0 -7 -31 -31 8 -14 -31 -18 -12
9 4 20 37 -30 11 23 5 4 -1 0 5 -16 7 4 13 9 23 -11 -34
-65 -15 -10 -20 -18 -45 14 22 -10 -37 -10 1 -9 -15 -31 0 8 -28 32 8
-8 -10 -10 -12 -68 -35 29 -60 -22 46 -18 -10 -7 21 -3 1 0 -13 -3 -4
11 -42 -29 -10 -40 14 13 22 38 36 1 -11 -12 -4 -10 8 10 4 7 40
24 28 17 15 20 -7 23 -1 25 -8 -2 28 13 -13 11 -1 -4 -11 -30 7
-12 -33 1 13 -28 0 -55 -53 14 -39 -42 -26 6 -27 -30 -2 6 3 20 -35
-38 -11 -1 -7 -40 -36 -8 -33 -19 23 -2 -19 1 -2 -8 -18 -13 26 6 1
2 -9 -2 7 -6 8 6 -16 -8 22 -2 36 73 -25 17 23 -44 18 -26 -16
-6 -54 -20 23 -38 -77 -4 -2 -84 20 31 -12 14 24 -9 -8 -25 50 -31 11
22 -6 -45 23 -22 -78 -15 -20 -21 -14 -11 -28 -27 -13 -58 -53 9 -19 19 19
19 20 2 17 -8 9 -6 -7 14 26 -41 -4 -1 7 -42 -15 27 -33 -38 13
2 25 10 -18 -28 -8 -15 -41 12 -6 3 4 -19 14 -12 19 -15 20 -13 -48
48 -11 18 17 -19 -19 3 -10 -64 -25 15 24 7 9 31 45 15 -20 10 13
-5 22 2 -24 -13 -12 -25 -15 -2 34 6 9 9 -49 -7 2 -32 19 12 15
47 4 -15 -7 -50 -35 18 11 -30 42 6 -36 8 18 20 2 5 -19 0 43
-13 12 3 -14 12 -9 26 28 3 -27 -8 16 6 -30 -19 2 -21 -41 9 -10
20 30 -18 -2 -27 -8 -10 -22 -22 7 -60 -6 -4 7 -21 -23 -1 -28 -19 22
38 34 -11 6 16 -46 9 14 -50 40 9 -18 15 7 -21 24 1 -35 -41 -23
-19 -25 -34 26 19 24 55 -14 4 20 13 23 76 6 31 44 36 -10 -29 -1
48 -51 -6 45 -9 -12 32 -2 -39 -10 -21 -20 -24 -2 -6 -29 15 -14 -22 7
0 31 -18 -21 0 25 -46 -67 37 -8 -23 10 -24 7 34 -8 -72 -15 7 -39
27 1 8 -5 32 40 15 10 25 -2 6 -37 6 19 -42 -30 2 48 6 1
-6 10 -11 -7 12 -27 6 40 -26 -56 -23 -9 -10 -36 -27 22 -16 -10 -8 4
-37 -19 -1 -25 3 3 -13 0 9 12 3 1 -22 10 30 14 -31 21 -36 -14
-4 -24 -25 30 -45 -25 26 2 5 6 0 -33 -13 45 81 20 -13 74 6 2
95 27 -59 -56 13 28 -20 7 8 -42 -31 -23 18 10 -14 44 21 2 29 -1
-31 -14 -14 30 -53 -29 37 10 -20 -23 -29 28 3 -22 -8 5 -50 -23 -6 46
-42 -44 -22 -28 -17 -30 -3 -17 -71 -25 -22 -48 -26 -19 27 -3 2 -16 38 -11
-69 15 15 -16 6 -22 -8 -5 -47 -56 -36 -33 -56 6 19 -23 -13 22 2 -13
-11 -32 13 11 11 25 -10 -97 13 27 -96 -27 -17 -21 52 -56 -41 41 -32 -18
21 -55 4 31 -45 -24 -9 -43 10 14 46 21 4 45 72 -21 19 35 -25 -15
20 -21 4 40 -5 -4 50 29 -7 5 9 13 14 -19 13 22 9 -28 18 -10
-29 0 -28 27 26 -15 -35 24 12 -44 28 50 -28 -66 22 26 61 -14 34 69
9 15 -24 -12 21 13 -13 -12 -9 -16 -5 -34 -5 -19 -43 -14 -32 -46 -23 -1
45 -40 8 -13 12 71 28 11 9 11 -6 -28 26 -19 -37 -50 -12 2 -36 -27
-60 -21 -17 -43 -22 10 -18 63 8 -2 -18 -11 9 -68 12 34 -44 7 -45 -38
-6 13 -28 -3 -11 -20 -52 9 -9 5 -34 -53 7 -35 -26 -22 8 26 -2 -20
-43 3 -6 -23 20 -7 31 26 -6 2 35 -30 -23 29 -7 -48 3 -13 -46 -42
-19 13 -6 17 17 -12 -23 -45 5 3 -27 -5 11 42 -32 -20 4 15 9 -16
2 -3 -18 16 -18 -20 19 0 49 -13 15 -9 33 19 -25 7 -30 -5 7 41
30 26 19 50 43 3 -4 32 22 8 28 -10 21 39 -20 -2 12 -24 -74 -20
21 8 -46 37 52 -2 33 -28 0 -21 12 11 15 21 16 9 45 -4 -5 -2
-9 -22 6 18 10 21 -5 10 -12 -34 -18 -28 -9 17 27 -17 -10 -57 -60 12
-36 -6 7 43 -1 -19 -35 26 1 -39 17 14 16 42 2 -23 5 28 -16 -67
-17 8 0 12 89 -29 -1 8 -4 19 -37 -4 40 -48 -7 -26 -17 48 -21 -10
17 -18 63 34 16 0 -1 3 -7 -18 10 37 30 15 37 -3 27 22 25 66
26 -58 45 11 -60 14 -71 -15 4 9 -2 40 49 -16 -13 -31 13 -51 -29 70
20 17 58 -28 -79 16 17 -17 -5 -33 -8 14 -23 16 41 -14 16 30 -10 1
-7 12 -10 25 -9 -10 -40 24 17 -19 23 -2 5 -4 16 3 12 -2 8 11
-33 -4 10 32 -51 -1 -26 -6 2 -46 -2 -8 -2 -9 2 22 -22 -12 14 13
22 6 -8 1 4 27 39 -42 -58 -32 23 21 -1 7 38 -1 19 27 -1 -42
11 -15 -42 -22 -3 10 18 3 -41 39 6 -52 3 -1 -12 15 -19 -10 -23 43
16 0 0 -11 -11 -13 -41 17 -10 17 27 -21 20 21 -10 -24 -4 -57 1 -12
-4 20 -5 9 55 20 -29 37 -9 6 -21 -1 2 26 24 4 12 16 9 4
-26 14 -30 -19 5 -2 -2 15 -25 -18 -12 -76 -36 26 -49 -16 17 14 -35 26
-37 -15 25 -28 -5 -3 -40 -39 -6 -14 -19 -57 -57 14 10 -35 -27 -16 -13 -4
-21 -48 -9 -17 19 -7 9 11 2 9 5 14 7 -16 -31 -29 -85 -3 9 -25
4 -25 27 5 -1 33 -20 -16 -21 18 13 10 16 -9 0 4 -7 -42 -18 -23
43 6 -18 -43 -12 0 -16 -8 0 -35 -18 0 29 31 -35 25 12 5 -39 -32
-7 -38 -22 25 16 -20 -22 10 -9 -14 37 11 0 -18 -22 -16 0 -13 58 38
-17 44 14 34 -27 26 42 -42 -11 12 -47 8 37 -14 11 7 7 -9 14 0
-18 2 19 -26 12 -14 -18 -14 10 -37 -15 -2 32 3 26 25 3 23 12 -13
10 -34 18 11 2 46 -14 8 27 -12 -18 15 3 3 1 8 11 -20 9 -20
0 11 -8 -2 -28 39 31 2 -6 -31 37 -76 -51 -5 -45 10 11 13 -25 21
-12 -20 -22 9 -1 -23 -76 -30 -29 -79 -3 -38 -55 -21 23 22 -39 36 -54 -15
40 -38 -7 -20 -6 -7 2 -26 -39 13 -13 -24 39 10 3 19 9 8 11 28
-28 14 8 -49 24 -16 -11 -19 -38 -24 38 41 3 5 13 28 -2 -35 -15 8
-26 -32 8 -9 -40 12 1 2 -18 8 3 -51 -40 8 -8 -7 -5 -8 -14 5
-15 -8 35 -51 -9 0 -20 -39 -42 -19 8 -15 -16 11 -22 -1 0 6 -2 -41
-6 -15 -13 -28 -8 13 1 40 11 -38 -8 -14 33 -4 8 52 0 2 2 34
-8 -39 16 -11 -21 -8 -46 4 -32 -64 -27 -17 10 6 20 39 50 32 15 -24
11 10 -15 -3 -30 -32 0 -2 29 9 -8 1 -15 -19 -26 -7 4 38 26 -8
-20 22 -19 -46 -4 16 -19 15 15 -38 -12 -9 -54 15 -25 -40 17 1 32 16
13 -3 15 -8 6 10 14 7 14 -21 -77 -11 -43 -16 -7 2 23 52 79 29
-1 12 20 0 -7 7 13 50 29 26 -2 21 -9 15 -1 14 26 14 23 14
-13 6 -5 31 16 35 -20 29 46 -20 9 7 -8 -22 -11 7 -10 -47 -3 -6
-15 31 -13 -16 24 -4 -28 -21 17 -24 -10 2 -42 -34 -12 -27 -23 3 8 -11
15 -53 -1 -6 -26 -7 14 -5 -22 -1 -5 -28 -22 3 11 2 0 -1 22 10
-37 3 -1 9 23 2 -18 4 -11 44 -25 34 16 24 15 -3 10 57 1 32
22 -14 8 -4 15 -24 -11 18 1 -20 4 -48 13 30 -45 -15 28 -20 -18 6
-1 -6 1 -27 -8 -21 -25 13 0 -9 -4 -7 -5 15 2 -9 -16 -7 -17 -17
-12 -13 9 29 -15 0 17 10 -2 -8 30 14 -3 3 -14 1 -4 4 6 1
-10 2 -18 -13 -14 5 6 3 6 14 -4 -13 -34 -21 3 -8 -8 -4 -6 -21
11 3 8 -9 -4 5 5 -11 -16 10 -4 -11 -20 -27 -13 -17 -15 -35 -19 -23
-29 1 -9 -2 -22 -8 1 -15 -27 -14 5 -1 -1 15 -12 2 -7 -23 -28 -7
-4 -9 -2 1 0 -7 -11 1 -4 -10 7 2 -22 -11 -2 8 -7 2 4 -6
7 -13 4 -18 -15 6 -2 -10 -5 4 17 -17 -1 23 9 -14 2 -17 -6 -3
-9 -14 -5 -12 -13 -25 -24 -1 -29 -4 -4 -19 1 -2 -28 -2 -1 -1 -17 2
23 0 4 22 13 4 19 15 12 -2 12 7 11 9 4 3 -1 -17 -2 14
16 7 8 6 0 1 5 4 -3 22 52 -1 9 5 -6 -18 -61 -23 2 1
-7 4 -15 -22 -4 -14 -12 -6 11 0 -5 11 1 -8 -7 2 9 -14 -3 7
-14 -3 16 -2 3 -2 0 6 -13 9 8 -3 12 3 -16 -4 -15 18 23 13
10 19 9 14 9 7 -7 -30 -20 -12 -1 -11 -13 -41 -29 -15 -6 -10 -11 -14
-1 -6 -2 3 -8 17 4 10 4 -1 0 -15 -7 17 2 -2 12 4 -6 -11
14 -2 -2 10 -9 9 12 5 6 -15 -36 88 -15 -19 25 -8 10 -2 -12 -12
41 -2 -13 2 -10 -24 16 7 4 28 49 23 19 -33 -2 -23 1 -31 -91 -25
-25 -27 0 -5 74 -29 -48 52 -24 -13 -9 18 22 3 -14 8 18 -25 -15 13
-12 -4 31 -15 9 5 -15 -19 -29 9 16 -4 8 -1 -26 -11 -5 34 -10 -11
32 -27 11 54 -84 -42 8 -20 14 13 4 -1 -45 44 36 -34 3 -4 0 -16
-7 -4 -26 -10 -44 -31 -5 30 2 23 74 -5 -8 20 -3 4 -1 -27 -22 4
5 12 15 -12 -22 4 -11 4 38 -25 -2 15 9 -4 -16 -51 -21 -15 -75 -12
-3 3 5 51 -5 -25 96 35 7 48 -5 -26 64 -19 -32 46 16 -12 19 11
-25 12 -4 -4 -3 -46 3 -31 -17 -24 -12 -11 -13 -42 -1 32 -15 -11 -1 -14
-23 -26 6 -12 -22 2 -29 -8 -27 -3 -19 -6 6 13 29 18 9 -25 -29 -6
-45 -16 24 -43 -16 -15 9 16 -26 -59 -19 -30 -3 17 -9 -14 -7 19 -6 -2
21 -11 -4 -4 19 26 2 19 39 0 18 11 -6 -4 15 11 -20 7 5 -30
-20 -15 -3 4 -40 -7 25 -29 22 -14 -25 89 24 -33 6 20 -19 -9 15 -2
28 30 14 23 -36 -28 -14 -39 -2 22 19 1 5 32 -6 11 -27 -14 4 6
-10 -3 -14 25 -17 -15 -1 -9 -12 -7 1 9 3 -4 -8 -18 -5 -9 -5 16
29 6 11 16 -14 2 -3 -3 0 21 6 6 127 38 14 7 -5 -3 -20 -18
5 -12 22 3 -7 12 -9 -2 9 2 -18 -7 3 14 11 -8 5 -9 5 9
7 16 17 13 -10 18 8 4 27 -6 -7 -11 -16 -1 25 1 24 79 19 8
8 -9 -1 -12 -8 14 -19 -10 -3 6 -6 -9 -8 8 1 40 -5 11 14 12
18 6 16 -2 -45 -7 3 7 -1 7 -5 -13 -7 15 -1 -9 -7 4 -18 -1
3 -25 17 22 -10 10 -4 -5 -27 -5 4 -37 -2 2 -7 -5 -11 -15 -19 -21
-22 -15 -18 25 14 -8 -36 0 28 -15 16 9 11 -6 -10 7 -5 3 -7 -2
4 21 6 4 -19 -14 -6 -6 -1 -32 -5 -6 -17 -5 -20 17 60 -4 -6 5
5 -3 -4 9 19 -34 -4 4 -2 6 -16 10 11 14 12 0 12 33 37 -11
-18 -1 -20 -101 -35 -2 1 2 -26 -1 -20 -11 15 -10 0 21 25 -19 1 -9
-5 15 -7 -3 -35 -20 -19 -3 -13 10 76 -6 1 -12 -9 -3 -18 -1 7 28
15 3 15 -3 9 8 11 14 4 25 -8 23 -4 -8 10 -6 0 11 1 1
-9 -9 -25 -52 -39 0 -46 -10 -9 -15 -22 5 -6 -3 4 7 15 2 -8 -6
7 26 21 -12 2 6 -13 4 8 -19 -5 -14 5 6 -6 3 16 19 -17 -25
-1 -14 9 -7 -6 -32 -11 102 -9 -24 35 2 4 -19 17 3 -11 7 10 -13
-10 0 -21 -13 36 -44 -38 10 -41 -31 20 15 -17 -7 5 -32 -26 5 -43 9
41 -5 -3 20 -5 -20 7 5 -1 43 -26 -15 43 -40 -41 21 -16 -36 21 -10
12 43 -16 -29 35 -21 -30 -11 -8 -20 12 -9 -14 -5 3 -14 17 -40 -14 -15
-36 -18 -12 4 2 -22 -20 -21 -49 13 8 -61 14 -1 -37 -17 -23 -53 -43 -13
7 25 52 2 0 4 27 0 9 5 11 -16 -26 2 7 -56 10 -15 25 14
7 18 -14 9 46 -25 15 -43 -35 4 16 -6 12 -13 -32 -18 3 -45 -27 -10
-19 18 -18 -31 -9 -24 -32 -7 28 3 -15 -36 -8 -6 -23 20 11 -18 8 6
-46 25 2 0 -3 3 -41 -8 11 -21 14 17 3 14 25 -3 -27 -27 -43 -52
-21 -30 -21 -3 4 4 -2 -45 -14 21 6 -8 11 29 -33 7 9 -38 -4 29
-1 -11 -19 -24 -33 3 -35 -36 10 -23 -12 -26 -26 -3 -9 -9 10 11 -5 12
-36 3 13 -11 -8 30 27 -6 2 -14 14 1 -50 -4 -33 -35 2 -27 -51 -8
11 -60 14 17 -43 2 4 -28 10 13 -50 37 42 -21 28 18 13 29 -2 -34
4 -25 -37 27 0 1 -6 -10 23 26 -6 -15 -15 22 -8 -48 -33 -18 -55 1
-15 -16 16 10 -32 -34 -8 -24 -27 -14 -22 -7 -24 -15 26 32 27 -15 40 30
3 16 9 1 -18 -1 15 -5 25 10 -2 -12 -5 5 15 8 26 17 -7 -12
-24 -14 2 9 13 -19 -3 -1 -17 25 41 -22 1 51 6 16 6 -18 30 -6
-5 41 -19 13 -3 -15 -21 0 -3 -13 -6 -13 9 28 -7 -9 18 5 -17 -15
-30 -29 -11 7 1 17 -16 -4 -7 -1 -3 13 -17 1 -25 6 -9 -10 11 -17
-23 1 -13 -17 9 -4 -25 -18 -1 7 18 23 12 -10 -3 -38 -25 -31 -11 -24
-1 -6 -12 -32 -53 11 -9 -5 -14 -9 14 -9 29 7 23 -22 -9 8 9 -19
-45 42 14 -2 34 21 -19 -8 -17 -4 -11 -22 -10 -11 -17 6 -7 23 13 -5
-28 -25 -17 -25 -12 -14 -5 -17 -22 -46 -2 -9 -10 9 20 0 -21 25 9 -22
16 -1 7 24 38 12 23 -11 -20 -1 -26 -31 3 34 17 -38 -28 -1 -47 -17
14 -11 -28 -47 3 -4 -11 29 33 24 9 20 12 -18 -32 -20 -17 -13 -4 -28
-36 -7 -16 -41 -15 24 9 30 -16 -36 -9 -21 -27 15 -1 4 37 1 -14 25
3 27 30 6 27 10 4 -41 -6 -34 -45 -6 -28 -20 27 -27 -8 -17 -33 -32
29 -5 9 6 9 -23 -18 1 13 9 -15 -3 -4 12 -15 -2 67 23 -16 27
-7 -2 -15 -31 18 9 1 4 8 19 -7 -12 78 39 -31 27 18 -52 -46 27
9 -24 -20 15 -14 -26 12 27 -12 1 -19 -15 -3 51 18 -8 11 -9 -3 -14
15 5 -14 55 -8 8 -6 16 -8 -46 40 71 12 -16 -40 -24 -10 25 22 -4
-33 -9 6 -9 4 5 -13 -8 16 -20 -4 3 5 -7 15 -20 15 8 -26 -6
-7 28 -6 -9 -14 -6 15 -9 5 7 30 10 -52 21 -15 -20 113 3 -2 8
1 5 6 7 -17 -67 -6 -27 16 9 12 -4 7 17 -15 0 1 -16 -16 -10
2 20 -4 -13 -19 3 3 -20 -24 25 23 -25 39 8 -18 -13 -4 3 46 9
-6 -12 5 3 -23 -1 10 -1 5 -4 38 -16 -7 -27 -18 12 -23 -6 -10 -22
4 -5 -24 -39 -3 19 -13 0 1 -20 5 11 6 -15 -6 3 -26 19 2 -27
-50 -34 -7 -9 -4 7 -33 20 -18 44 -8 3 -16 -15 3 -13 -4 -2 -11 14
8 -19 -4 9 -35 -10 11 17 22 30 9 -3 11 -53 -2 22 6 3 19 10
-3 9 3 -19 -14 -30 -25 -17 -29 6 28 1 22 10 -27 9 -19 -8 5 -10
-17 -15 -10 21 -17 11 -15 -28 7 -41 -29 -14 -48 -21 -1 -3 -23 22 62 -3
5 -13 8 -6 -6 21 -3 -11 20 -5 25 12 10 14 21 -9 27 21 -11 -19
-19 -1 -13 -3 -17 -38 -8 8 -6 9 16 9 0 8 -4 -2 -19 2 -2 -26
-29 -27 15 -24 11 19 5 13 -3 21 7 9 6 -11 19 14 -17 -9 52 -6
-6 16 4 -12 4 -3 -14 -9 6 8 -14 7 15 -5 6 3 11 4 11 10
10 -18 -28 8 20 55 13 -10 0 -16 -15 -17 -19 6 44 25 4 16 -3 -7
8 -8 -23 -45 -4 -18 -1 -15 11 53 0 -11 -23 -16 -18 -25 -2 3 -17 -16
-3 -30 1 12 14 -2 8 0 -16 -34 -69 -14 -33 -20 -21 -11 4 0 -7 23
-5 -21 -15 13 19 -20 3 5 -10 2 1 1 -3 6 22 -10 -27 5 -27 -44
-57 -37 5 -34 -6 -11 -9 9 13 -31 -4 -9 -32 5 -11 4 -12 10 20 -3
12 23 14 10 27 -12 -13 -14 -8 -11 -12 -17 10 7 -17 -1 -21 -19 0 -5
-1 -22 -12 1 2 23 -9 16 9 0 -4 17 -9 -7 15 -1 -2 -14 0 -4
-3 2 -2 -9 -12 -6 18 11 6 34 21 -8 8 -4 -12 -23 -21 18 17 14
-9 12 -1 -8 19 -18 -19 2 4 -2 -19 12 6 -8 23 18 -2 0 -2 -5
7 -2 25 11 24 23 8 -8 -9 4 -2 6 10 -29 -8 3 -9 -12 -18 -7
9 8 9 9 4 -8 -2 0 10 -17 7 -2 -21 -13 -34 -56 -30 -19 -11 -21
-5 -51 -33 -7 -7 -11 -13 20 0 6 29 3 17 42 3 -21 -17 -9 8 -16
-24 -7 -24 -5 -6 -9 11 -5 -25 -1 -2 -12 13 -11 -13 -1 10 3 -5 13
14 -12 9 20 -11 -16 -4 -2 0 -27 -11 2 -17 6 -2 -7 0 -3 -24 -6
-4 0 11 0 17 14 -16 -6 17 -8 8 5 -4 1 -10 10 25 -21 -8 11
-10 5 -1 -3 6 6 20 -1 -1 11 13 -2 -14 8 44 24 -7 14 18 -8
1 -7 8 -7 -15 18 8 -7 13 23 6 16 -7 -6 12 -11 8 7 4 -1
-17 -12 -13 4 -10 28 -4 -17 -3 -3 -25 17 -1 -13 -5 5 2 3 2 19
-10 -3 -7 -6 -13 -2 21 -18 8 21 10 -2 1 -2 6 15 25 64 4 8
1 6 -1 10 28 13 -16 -13 17 14 8 9 12 11 -11 -4 -7 16 8 -2
3 12 -1 -3 36 11 -4 0 5 -3 17 17 5 -9 13 6 31 8 -6 -2
-10 -10 5 3 -24 15 1 17 5 1 -6 10 10 -17 -3 31 -2 -2 6 1
12 -4 5 4 -18 14 4 -6 7 20 -9 -19 -11 -21 -10 3 -3 -20 0 9
-10 11 13 6 2 -11 6 0 -6 21 9 -26 -5 -3 6 -6 -16 -12 9 17
10 8 -20 -13 -10 -33 1 -2 -11 -5 -5 -18 -15 -20 -20 -7 -1 -16 7 16
3 -7 7 -4 -3 -2 17 -2 -18 8 -6 -4 -20 8 2 -9 31 15 -12 -4
6 -15 7 9 -27 1 -15 18 11 9 -11 16 -7 -9 4 -10 8 10 0 9
5 8 -20 -15 19 14 3 -20 -4 42 -2 4 11 -4 -19 -37 0 -20 -3 16
-15 11 -7 -56 -30 -9 -36 -36 -7 -47 -24 26 -5 -20 16 -7 -7 27 4 -12
-4 -25 34 19 17 6 19 -13 1 2 -16 33 -41 -48 44 -25 -3 24 18 6
15 -24 -9 52 23 15 49 -10 -5 -4 8 -27 35 22 11 -16 -11 -14 14 -2
40 21 15 -1 3 14 -2 -34 37 4 -32 30 27 -58 2 -38 15 6 -56 1
-2 -39 -40 -10 19 18 -16 20 56 12 15 9 -8 -13 -28 19 26 -47 -1 -7
-3 -29 -36 -28 -22 -18 -50 31 11 13 20 4 -19 -5 -34 -12 2 -8 8 -3
20 3 8 8 -27 -11 -29 -38 -9 2 -14 40 10 -51 42 18 -27 11 8 -27
48 35 -64 12 1 -29 9 -2 -8 17 34 32 -11 1 12 1 1 -4 -2 14
31 17 24 48 1 11 28 14 24 15 -8 -8 -31 -27 -20 4 -9 2 13 6
11 6 37 -14 7 45 -17 14 6 4 -11 -13 -6 49 8 -15 24 0 17 -22
2 1 -17 -33 -8 17 -30 -6 16 13 -28 -50 25 -29 -5 -13 -19 22 15 -5
-48 11 -14 -64 24 21 -38 10 7 -25 66 37 -95 12 6 -37 -14 -46 -56 13
-36 -19 -1 -2 27 -9 -2 46 -51 -22 80 -10 -18 21 -17 -31 -22 -6 -30 -7
39 -24 -7 -21 3 35 10 6 -1 5 0 -2 14 -6 -4 56 13 -8 9 -12
-38 -25 9 13 -1 25 18 4 -10 1 8 -17 -1 4 -39 -37 3 -29 -24 5
-8 -10 4 25 -12 0 -7 -18 11 -7 6 53 -24 -16 1 -31 -26 16 -19 -21
29 -19 -12 -8 -11 0 6 -13 24 19 -7 25 0 -31 -21 12 16 0 32 -16
-10 9 -2 -16 2 -46 9 13 1 45 -16 -15 26 -14 11 13 -13 -1 -14 -31
-1 -15 -8 -18 -13 -22 -54 -52 5 -3 5 2 -18 19 -16 -29 60 -4 -12 32
-27 -6 -6 -19 0 -9 0 -17 -7 11 2 -29 -6 -16 -42 -10 6 -2 -1 -27
-19 24 5 -13 -4 -29 -33 -15 -3 11 -4 9 26 -15 4 6 38 -10 35 15
-14 21 7 -10 -2 -1 -11 4 -5 17 -15 11 10 -14 -15 20 25 -11 18 4
-16 -1 2 -11 -11 4 -21 6 0 -9 1 19 -7 -31 2 5 -6 27 20 -6
21 7 11 7 3 6 -10 -4 -5 -28 -11 -34 13 -24 -27 34 0 -11 14 -8
-5 0 23 -3 -10 2 -23 -10 14 4 23 -17 -8 8 -35 -37 -1 -1 -13 -14
-13 -32 -27 2 14 5 -15 -9 -18 -20 -2 -39 6 32 -1 8 7 9 -11 -1
16 6 4 19 2 14 -6 -32 -38 -73 -6 -5 0 -5 -18 23 2 -37 78 5
-38 13 -8 -2 -16 -6 -6 -13 0 -5 4 8 -22 -6 29 -25 -4 8 -15 20
-22 -49 -14 -18 -17 49 -9 -17 23 4 -40 -10 9 4 15 12 15 16 -15 -12
-18 18 -66 -59 -3 -43 -16 21 -1 -3 19 -21 -16 -7 -16 -14 -25 48 18 -5
53 10 -15 -10 21 -6 -10 -3 5 -64 -18 -17 -23 -9 -5 11 -32 17 19 15
2 15 29 -1 30 9 9 -64 -63 41 36 -30 -17 1 24 38 70 -17 -19 -34
-33 12 30 -10 35 -16 -48 -10 -41 -35 1 -36 -15 -12 -28 -18 -6 -16 -40 -50
-77 -43 -17 0 -19 -11 16 -12 -10 -39 33 -12 -63 0 -7 -13 -6 -45 -47 21
52 57 23 38 29 1 -10 -18 60 -7 -34 8 16 1 -3 -21 -4 -5 -19 25
32 -20 4 2 -4 -15 17 10 30 35 15 -6 -4 9 26 6 4 -10 -45 11
35 5 10 27 9 -7 22 18 -17 13 9 25 50 43 -28 53 24 -34 -24 -7
-58 -51 64 -31 -19 87 -20 -19 27 -5 -74 2 25 -22 -2 20 -21 4 -4 34
5 19 -12 8 -15 -39 -21 10 31 17 2 4 9 25 -6 -26 -1 -13 -51 -16
-39 -1 0 -8 7 13 4 6 5 1 32 -4 -20 -10 7 18 -21 5 -24 19
-6 -9 -14 37 9 -23 21 22 -11 -6 -15 -44 -27 22 5 -3 -30 -16 -17 -40
25 33 44 -21 -33 -80 0 -45 -66 -8 -27 26 17 64 8 -79 11 -42 -29 34
4 -11 14 -45 -41 -21 -15 6 -7 0 -7 -45 1 1 -10 -21 -4 -7 -13 -12
-7 -7 -10 -8 -3 -11 -6 7 5 17 -15 9 -2 18 10 7 -13 1 21 -14
-1 0 -6 -4 -26 12 -20 -20 26 -2 -1 2 -6 -14 -9 1 -19 17 3 -2
-10 7 -12 4 -4 -17 21 2 13 0 -1 -2 5 12 3 19 1 0 14 5
-21 -3 -7 -19 31 5 -16 -18 -9 7 6 6 23 -11 -18 13 -30 -24 3 10
3 1 20 27 -5 -19 -11 -13 -17 -23 -11 16 -10 0 7 2 -2 -19 -18 10
-14 -7 -21 -12 -8 -2 14 -7 11 -11 -4 -2 -9 -10 -17 -22 -17 -32 25 1
-1 5 -6 -26 -8 -8 -18 -2 7 -2 8 -5 -25 19 2 0 19 9 -12 13
-3 1 -12 -1 4 -7 4 15 7 -5 6 9 4 25 -20 -14 -1 11 3 17
9 2 -13 4 1 -18 13 1 -8 -8 -2 -3 32 12 -10 7 -6 4 18 -1
7 -16 -8 -13 -41 -37 0 11 19 7 79 46 -21 9 -1 -23 31 1 -23 24
3 1 -18 -21 -13 -5 -2 2 -18 -11 1 6 -5 2 13 9 17 5 16 4
19 13 -8 19 16 4 -27 -2 1 7 15 -13 23 19 -11 -1 -6 -21 -4 -9
-1 -12 -10 -13 1 5 9 6 -11 -5 -12 -5 -31 23 2 -10 -11 -6 -6 4
-3 15 0 6 1 -5 -11 3 8 3 -4 20 12 -14 9 14 -10 -21 6 -12
-17 0 14 38 -7 5 4 11 -6 10 18 -16 0 8 9 27 -7 2 32 13
-9 -25 -1 3 24 4 6 13 4 -6 -9 -7 -14 -16 6 3 -20 -2 0 19
10 -10 -27 -11 -8 -6 -10 8 43 24 -2 20 14 -8 24 0 1 48 9 -11
-15 7 -12 -9 -2 -24 -11 2 -16 10 0 -14 -14 -18 12 3 4 -2 23 -6
3 12 -2 -21 -53 -21 -1 -3 1 10 -4 -2 3 -33 3 -32 -9 11 -8 13
18 9 29 17 -14 -10 -7 -6 -16 -10 -4 -10 -9 -19 5 19 2 -15 7 12
-12 11 14 1 -1 -12 0 -15 -3 10 -1 -27 -21 -18 -14 -11 -12 -20 -4 -7
-5 -20 -3 -3 -43 -6 2 -29 -7 8 -28 -12 4 -26 -1 0 -14 -11 -2 23
3 12 38 21 -6 -8 11 14 -1 -4 23 10 5 14 -6 -1 -15 -26 1 -15
-16 -1 -1 0 -7 -18 1 -8 -9 25 -18 19 62 6 14 -5 -18 13 -17 -2
-2 -6 18 -3 43 2 -5 19 -6 1 29 -1 3 12 3 -10 -6 -15 -1 15
-2 -9 -9 -11 -16 -5 1 -13 5 1 8 9 -3 3 12 11 -12 -47 -23 14
-3 11 6 -38 -18 -10 -22 -11 -5 -1 6 -6 11 12 -8 34 -1 -4 -19 -17
-11 2 -15 -3 33 10 -14 16 -3 12 11 0 1 -7 14 -24 -63 -20 -8 -37
-4 -9 -45 -20 32 16 13 52 3 -25 41 -54 -24 -10 -8 -6 -31 -7 13 -34
-11 -5 -7 -19 -3 -38 -38 27 -41 -53 -9 5 1 -13 -23 -20 -53 -17 -6 -28
25 4 -12 17 1 -10 4 7 5 3 -24 20 -3 -1 9 0 -27 0 6 6
3 16 17 -40 -32 -27 -18 28 5 -8 18 12 9 -8 -11 3 1 -14 -18 26
-28 -28 15 -22 -27 19 16 5 -12 -8 -4 6 -13 -12 -16 10 6 -53 -14 34
-19 -47 -22 -26 5 -4 17 -6 -49 -6 -7 -12 -14 14 -6 -10 -6 -6 -4 0
5 15 -3 -4 35 -19 -40 -38 -32 -5 14 -2 -5 -10 -22 -16 -10 -30 -6 8
11 1 37 14 -22 10 15 1 42 6 -57 39 -25 -33 -9 8 -4 18 21 -13
-41 -2 18 -21 -3 1 -2 11 1 18 6 8 1 -3 -20 9 2 0 -4 -11
-7 -31 -14 8 6 -12 -40 22 11 -37 24 13 0 27 10 23 -2 -26 5 -17
-33 -16 -12 -19 9 -14 -10 14 -22 -23 -18 14 -7 4 26 13 13 0 -7 -1
14 28 19 11 26 -6 -11 13 -2 16 8 -2 -13 -12 -2 -2 3 7 -29 13
26 -36 1 27 -13 16 4 5 6 11 17 1 -18 13 -1 -13 -8 -40 -22 -39
1 29 -29 -10 8 1 -33 12 33 12 -5 32 14 -8 1 -11 -8 -13 -7 31
-7 -13 1 12 3 8 15 0 1 14 -1 11 36 -55 -16 13 -16 -10 43 19
-17 18 50 2 -17 2 7 -46 -63 30 -14 45 77 6 -30 5 3 -52 -50 -20
-68 -28 -18 -16 -15 -8 3 1 -14 4 25 -48 -2 22 -13 5 51 41 52 -9
11 0 -10 -24 -22 23 -36 -39 -8 -16 6 -2 0 43 5 11 20 -14 10 -37
-46 27 -7 -5 0 29 25 -38 -39 2 -20 -43 5 -19 -2 23 -29 -15 4 -37
-24 -21 3 31 9 -29 -36 -39 -10 -101 -65 -20 -79 -27 -24 -2 -6 5 17 -2
-20 16 -4 -40 -46 -19 8 -4 26 18 -17 31 -17 -15 -7 -14 -70 -24 29 45
-23 11 0 -38 37 5 2 -3 -20 -26 -26 -8 -5 -5 -4 -13 -20 -4 12 -67
-42 22 -52 -37 9 -15 -35 -16 -33 -29 -14 -8 -1 -2 6 -23 10 37 -3 -1
34 19 -47 14 26 1 23 25 48 -13 -45 21 24 51 -12 -35 -23 -6 -3 23
-3 -4 19 -6 -12 -4 -27 -35 -9 -29 5 47 -19 2 -11 3 44 -26 -20 -23
1 15 -16 13 -1 6 33 13 0 -33 -35 0 -24 1 10 10 17 -21 24 15
-54 -9 7 -29 -31 4 2 32 6 -31 -17 -8 -54 -9 -2 -43 -42 -28 -30 -58
7 -6 -31 8 -9 22 73 -43 -61 13 -25 -73 -10 8 45 -21 2 24 3 -53
-30 -3 -17 28 59 13 -10 13 10 -28 -38 11 -18 -55 -14 -27 -9 25 -6 -20
5 38 14 2 -9 -3 6 -3 -14 -8 16 12 -13 24 2 -15 -1 0 14 -10
15 9 6 3 -8 -2 -8 39 24 1 2 7 11 -12 -7 9 -10 26 15 8
-2 7 -2 -20 -11 16 43 7 -5 -8 -4 -4 -1 -6 10 8 15 -7 -9 8
-1 -1 -11 0 8 6 -9 0 7 -6 -1 -4 18 26 10 -7 -19 -5 -12 -42
-11 -4 -36 -1 4 -5 7 -10 1 -6 4 12 10 3 -28 -15 14 -12 -23 6
19 -6 -9 -12 -12 23 12 -4 5 9 9 -9 -25 -18 7 -11 -4 13 35 11
-16 -23 -1 -17 -31 9 -2 33 -7 -14 -5 3 -2 2 -5 0 22 5 -14 -2
-29 -5 -7 -26 -18 -16 -11 -9 -33 -11 -9 -15 6 -5 -9 -21 8 1 4 -2
9 9 19 2 16 -2 22 -17 -5 12 -18 -4 -9 -15 -3 8 0 5 2 3
-7 24 -12 -6 6 -19 17 20 1 -23 -53 -17 -5 18 4 -3 14 2 2 9
19 -14 -5 10 -3 5 -3 -9 -19 -5 -1 -10 -10 3 13 1 15 6 17 -2
19 26 -15 15 -5 5 5 31 21 17 15 3 6 -5 3 -14 -18 0 -15 -4
-6 -29 5 -19 -38 -29 -17 -42 -33 -15 -18 -10 14 43 29 -15 8 3 -7 6
-5 -3 15 21 -8 2 -4 -14 1 8 18 -6 -2 10 8 4 0 9 -7 0
42 4 0 25 3 7 15 5 25 -19 -1 25 -30 -7 -17 -64 -23 9 17 -10
-24 20 -6 18 26 7 5 -16 -6 19 -19 -11 9 -28 -13 -6 -11 -10 -8 -68
0 -20 -24 -18 -19 -22 -10 13 6 -6 14 41 -13 -19 -25 -3 10 22 -14 12
44 -21 22 11 -3 7 0 11 -6 -10 11 18 6 -10 1 -4 -19 -28 -14 -39
27 66 5 8 45 -29 -12 -31 -14 5 11 -38 2 8 17 -16 -29 4 -18 2
44 -15 22 2 19 37 -1 -42 8 12 -23 9 10 -13 -3 7 19 35 15 -23
48 -5 -7 -25 6 7 -9 -12 21 -35 29 0 -22 8 -12 11 -7 -27 -29 12
-14 0 -7 -33 -14 -5 -15 10 -49 30 17 -32 -29 14 -7 -27 -51 9 -6 5
-14 15 2 5 -24 -66 12 10 -15 19 -22 -30 -34 6 -32 -8 -27 -7 6 9
-2 10 60 45 52 16 41 35 -10 40 -12 -3 32 0 -3 -26 -11 -26 3 20
1 38 -15 24 46 -20 8 15 12 8 34 23 17 6 21 -44 -48 -12 -7 -48
-7 8 19 -24 -25 -27 -11 -31 -27 -9 -39 -24 -8 -3 16 1 -29 1 -14 13
46 2 9 -14 -14 28 -7 15 8 -10 -1 -29 -7 -7 -26 -81 6 -28 -32 22
12 -26 -9 -3 -28 35 22 15 26 -42 -8 6 -52 0 23 8 39 10 -1 1
-5 19 -9 2 9 10 16 16 40 -8 -43 -19 -9 -26 -27 41 1 -6 -22 5
13 -13 -12 13 12 -1 28 -14 -19 -6 -5 -15 -47 -10 3 0 -2 3 -4 20
-18 1 -20 -3 -8 -19 18 -10 2 -2 -1 -12 7 0 8 -18 -8 9 -17 -9
8 -5 12 -15 -2 -19 -23 -10 -34 -2 11 0 -12 6 34 -16 -26 -28 13 -19
15 -6 -16 -17 7 21 -23 -23 -8 -11 -8 11 27 0 2 9 -22 0 -12 -12
-29 -31 7 -9 -17 -28 7 26 18 -15 25 -3 -6 -13 -10 -3 -11 -3 -11 -15
-14 5 0 4 1 39 -19 -18 0 -4 -5 -3 -23 22 7 8 28 -25 3 -10
7 -11 14 1 -24 46 52 -39 -12 -12 -25 -17 -5 -16 14 5 -2 -4 -17 -10
9 10 -12 -15 -15 -14 -3 -5 -8 -3 2 -25 51 23 -43 25 -11 -19 1 18
-2 -12 -47 12 3 20 -3 4 -8 -4 0 9 9 -1 11 5 -14 -7 8 -12
9 5 20 48 9 -18 1 -1 -31 -53 21 -38 -41 14 -19 11 9 -15 25 -9
-3 -4 -32 -4 -22 -15 9 -24 37 -5 -19 20 16 7 10 -13 26 -14 -6 -22
-1 -12 5 -2 -10 14 18 -21 -32 -1 -3 -8 -6 14 -25 0 11 3 1 -8
3 0 -9 -10 -10 -23 -12 -29 -5 6 -2 14 60 0 -18 -28 -17 -3 29 0
-24 28 -2 -12 -5 0 6 -2 6 7 10 3 -23 -12 -16 3 -2 4 15 6
2 5 8 -8 41 39 -1 58 7 -3 15 -16 -23 -23 35 35 24 4 -3 17
-43 -48 -24 -62 43 -21 -18 -17 34 34 6 -22 -24 -15 -42 -26 -21 3 15 -19
-6 20 -13 -6 38 -13 0 -4 -6 -6 11 22 -7 -35 -40 17 -1 -7 35 -10
-30 -18 -31 -2 -16 -34 -38 -17 -19 5 5 6 7 16 32 12 5 -5 10 14
-15 17 -3 20 2 -15 -36 -45 -26 4 -7 13 33 34 -34 0 21 -25 -30 -9
3 -13 -1 39 -24 -19 -7 -2 -3 14 3 12 -31 28 8 -53 -19 8 11 5
-4 50 -8 -18 8 16 -2 1 9 -14 -22 20 37 9 19 32 -4 -8 8 19
31 -12 7 -8 19 9 -17 18 -2 19 8 -15 30 12 27 9 -5 9 -39 -9
49 -34 17 14 7 -34 8 -18 18 -31 8 -32 -12 -8 -19 -25 -10 19 -13 -45
4 25 12 -6 -26 16 -3 0 -14 19 17 17 33 5 -57 -18 -19 -36 -1 3
18 21 -38 25 69 -19 -11 24 10 9 -24 27 -35 0 17 15 -8 8 7 -26
8 78 30 -14 -7 26 -13 -24 -25 5 6 26 -8 17 19 -2 -16 28 3 -11
-21 28 23 17 6 -16 25 6 -22 -12 -51 -18 10 -34 -29 -10 -1 -14 24 -73
-42 12 -25 -17 -1 4 70 24 -25 -26 -24 -13 -18 5 25 -63 4 31 -8 14
-24 -2 -36 30 25 7 4 -14 -19 -6 -12 4 12 -20 -15 29 -1 13 -12 -4
-10 -9 -16 -2 11 5 3 1 -16 -11 -4 -29 -17 -1 -42 -45 4 -24 -6 -21
-4 10 -15 -27 20 -4 -4 7 -17 11 0 -13 -17 -10 -1 -6 -1 15 16 11
5 36 23 0 -7 -2 9 -14 6 16 -1 29 -2 -1 30 15 -4 1 43 -7
-6 15 21 -3 6 11 18 4 37 24 -7 22 19 -2 -4 -6 -17 -43 -19 1
-3 -20 1 -20 -10 -8 -6 16 15 -12 -6 27 16 11 7 12 27 -2 -14 25
-12 12 20 7 -3 -37 14 19 -8 30 0 -7 32 -4 -29 16 -1 -25 -8 -18
-16 27 14 9 26 8 -7 11 -9 -3 0 35 64 7 22 16 14 26 -6 14
-24 -27 10 -8 -15 -32 -25 15 -12 -30 -16 -2 -1 11 -21 -1 1 -6 34 -18
-13 18 11 -26 -15 -11 -23 -30 -18 14 20 12 13 16 22 8 18 20 5 -11
18 6 1 -5 -18 -10 27 -7 -18 14 3 -25 -10 38 -14 6 33 -2 -10 6
-19 2 23 17 -2 -14 0 -10 -7 -7 -16 -14 11 10 17 -36 27 -10 1 -10
-8 -14 -16 -9 -10 -22 3 12 30 15 -17 -12 18 1 -31 13 26 15 3 -14
4 4 -9 -25 1 -23 -31 -21 -24 -11 3 5 10 -42 -54 -32 -31 -69 -13 -7
-21 -36 -18 -49 -15 20 -8 -42 -9 25 18 10 18 3 32 17 -9 24 21 2
-15 1 6 -15 -58 -42 -31 -27 7 13 -2 4 0 16 8 28 15 -3 -7 51
-36 -66 -72 46 -32 -26 11 -22 -26 -5 -35 -58 -47 -10 -13 -5 35 68 2 12
35 -4 -13 -6 -22 -26 -32 -2 -2 -30 15 -4 -16 -9 -27 13 20 5 22 2
9 -9 -9 -10 10 15 -6 3 22 7 -26 -19 -2 -13 4 -33 4 48 -42 -16
14 -18 8 -7 -44 -21 10 -35 -18 6 32 9 14 -4 14 9 -10 -24 -27 37
28 32 32 -43 -24 16 9 -4 -1 -32 -28 10 -30 -16 -3 -1 3 10 12 1
-7 -41 -29 -21 -14 -11 -3 -61 -45 13 -41 -26 18 3 29 -5 17 7 23 -4
-41 -8 -15 -36 -20 -29 16 1 11 8 11 6 13 2 24 -4 -2 1 12 -13
-15 6 7 6 -26 -13 -28 -24 -23 -9 -28 10 4 15 -2 30 22 3 43 24
38 -6 -31 49 -28 -22 7 -16 -17 -10 -45 6 -11 -4 29 -18 -14 5 -5 -30
3 -40 20 73 -17 -17 28 -24 -22 -24 -11 -52 -24 3 0 -18 -37 -59 17 41
-12 0 8 3 -1 10 4 -13 -28 -15 27 28 17 -13 -14 7 4 25 -20 -4
-16 -29 14 -14 -6 48 5 16 25 -16 -23 22 8 22 -10 -35 -9 9 -10 6
3 26 -26 -11 91 -22 -10 30 -25 -27 12 -7 1 -23 -4 14 -2 -24 1 -13
12 33 -23 -2 12 16 -3 -34 -2 7 5 0 14 16 0 4 -11 0 8 1
11 7 25 5 6 12 17 -7 -5 2 -58 -60 18 -21 -20 -23 -21 -9 -26 -16
10 10 15 31 20 17 -5 9 4 6 -1 9 14 8 -7 -14 3 12 1 -4
-7 -8 -5 -21 6 -10 6 14 -14 0 2 -15 -6 6 -9 -36 6 14 -16 -1
0 -2 18 -3 -10 29 -20 -13 -8 17 12 19 -5 -8 -16 14 14 8 -1 -13
4 2 -18 -6 -3 -22 -28 7 -14 -20 22 -3 6 -8 -10 12 0 24 0 -4
9 -7 13 18 25 -2 -11 -18 15 -29 -29 -3 -17 -8 -20 -21 9 13 -1 26
8 -6 7 -1 14 12 27 44 10 6 13 -5 2 18 38 7 -3 -10 7 3
-2 11 20 16 -1 -4 9 17 8 5 -23 -19 -11 -19 -31 -6 5 5 5 4
2 9 7 -5 2 -10 -11 -12 -16 9 5 -20 -7 -8 -4 4 2 5 19 19
-20 4 -6 -4 8 0 -18 -8 10 -26 -17 42 14 -7 -3 15 4 -2 8 -12
-7 -13 -13 -30 -20 -12 -8 -11 12 7 -11 0 3 -13 -4 -7 -35 -30 1 -3
-6 14 10 6 17 -10 13 -7 -4 -19 -23 9 7 8 3 5 5 -11 0 4
4 1 -6 10 -31 -19 12 -3 3 -29 -16 -19 -9 24 24 8 7 -4 2 -27
-20 7 -56 -24 -2 -19 -9 -9 -7 -8 -12 -26 -11 5 -11 1
