-8 30 -27 -4 7 6 41 20 -58 -2 -15 -13 -28 17 -77 -39 -48 -22 37 20
-90 -61 10 23 -19 -24 -70 13 0 -30 10 0 -41 21 -15 0 14 4 28 6
-9 27 16 -25 -4 -21 -2 -10 -63 28 -12 19 27 0 -24 -5 -19 27 7 5
1 -8 29 -39 32 4 -3 -17 27 15 36 6 -19 -29 -29 39 -38 -31 -11 14
-5 -34 -17 30 0 19 33 9 3 -22 -2 1 24 5 -16 -10 -2 14 3 -15
-3 4 0 4 -5 5 -5 -3 -10 13 6 14 12 -20 -6 14 -6 10 -35 -2
22 -2 -2 41 10 -6 1 12 8 -23 10 25 36 -12 37 -23 46 -29 -22 -8
-70 -14 -1 -65 -37 -13 11 -24 -12 15 0 3 1 -31 -32 -44 9 11 -6 -43
10 -14 -23 -9 48 -6 -11 2 -18 38 -17 -9 4 8 -41 -1 12 -4 -4 23
17 -18 -31 0 13 -9 13 -20 8 8 33 2 -9 -25 42 -1 -4 -23 -13 17
13 41 1 2 -2 24 26 -16 73 -37 -54 -29 -8 42 5 -7 10 4 25 23
-16 24 5 -18 -11 0 -1 -13 12 16 5 5 -3 19 0 22 -19 2 -9 -10
-11 -8 -9 13 5 22 -3 -2 -14 52 6 -9 -21 -2 -8 -19 3 7 -13 1
-22 27 -7 -17 4 15 9 20 -1 3 7 17 -10 21 -32 -1 0 -42 -2 -12
32 27 23 -2 -10 2 -1 -7 12 20 -12 8 -6 14 -1 5 -1 -6 -3 -1
7 8 4 15 3 -1 -6 7 -10 -6 14 -9 -2 -1 15 3 -2 15 3 -6
-21 -18 -32 -27 -32 -20 3 19 -6 -13 9 7 4 9 -28 18 39 -22 19 15
64 -31 -11 13 -38 -30 -28 43 -40 4 -24 -32 -9 -8 -28 -13 7 -13 10 31
-17 26 25 32 -11 -23 -20 -11 -45 -6 4 14 3 -6 -26 4 -25 1 35 22
6 -31 -44 3 42 -23 -25 -26 -18 -4 13 -13 17 37 -14 15 -10 12 -11 2
0 -26 -42 -7 18 23 -27 26 44 0 16 -11 -19 24 1 4 4 -16 -7 15
6 4 -13 -2 -11 3 -15 -19 37 21 10 -4 5 -1 -3 -14 18 -3 -2 -1
1 10 -18 0 9 0 -11 -17 -32 -9 6 7 -18 -22 -36 1 -9 15 28 -27
5 9 17 3 1 20 -22 17 -10 -23 -16 -8 -7 15 -22 16 -30 -21 18 -12
-1 24 -25 -12 -5 3 19 -5 8 -5 -19 -32 -4 13 24 20 -10 -7 -7 -7
30 -10 -17 -24 14 8 -13 -22 5 16 9 2 22 54 23 -38 32 -54 -19 -55
-64 26 -12 5 -29 -51 93 -32 15 -22 24 -35 5 34 27 -15 34 3 28 0
-7 -1 10 -45 -17 11 -39 -18 1 27 0 5 38 22 -2 -26 -13 -28 13 13
-75 -17 7 4 11 3 -36 65 14 -1 -4 3 -2 39 -4 -29 19 -18 -11 -6
-37 6 -7 15 -23 -18 5 7 1 4 13 -34 -26 17 -3 -27 12 -31 26 -8
18 22 -14 -20 25 4 13 13 -19 -8 -16 -9 -10 19 17 2 -5 20 -34 -22
-17 4 -9 -30 6 -40 -2 -31 -2 -23 20 -13 10 2 33 2 -15 0 10 9
-14 7 35 -20 -53 -4 -5 31 -59 0 -5 43 -32 12 -8 -26 -44 -5 34 29
-9 -31 -34 88 -29 -24 -13 0 -37 -17 -26 2 -23 -17 -17 47 19 -28 30 -1
-31 -7 34 -3 -34 -8 -1 -20 -7 -13 -16 -36 -49 26 -11 0 -23 -6 -25 -11
-34 -1 -12 8 41 -28 -3 -50 25 -11 -10 -14 -86 -80 -33 -31 -21 -10 7 -26
-3 -18 7 -16 -9 17 12 6 1 -73 70 -76 -5 -3 11 -2 -21 2 -11 29
32 -15 87 -8 9 -12 -25 8 -50 -13 4 6 -2 1 -27 10 -37 -26 -3 30
-50 55 23 11 -38 -58 38 -16 10 -28 1 -12 -8 -2 71 -13 7 20 18 1
13 -18 -19 -17 22 -15 -7 11 5 -6 18 11 -14 -14 10 19 -11 8 0 -2
-14 -6 -6 0 15 18 -30 -11 8 3 21 -20 -31 -4 -20 -26 3 -15 -18 -11
8 13 1 -45 -18 -4 -5 -2 -26 -4 -17 2 4 -13 12 5 -29 26 -20 -5
-7 19 33 2 -8 27 -1 -9 -22 7 6 10 -6 29 9 -3 -4 9 -25 -10
11 0 37 -2 4 16 6 1 2 8 -8 1 -3 2 2 -1 5 -3 3 12
6 -6 -3 10 0 -4 6 -11 4 -5 2 9 36 8 6 -9 -36 -9 18 -1
-41 -27 -37 -18 -3 5 19 5 -16 -44 -38 33 -5 -23 4 41 12 19 83 -29
-17 -6 -27 -35 -54 25 9 -13 27 -3 -23 0 -2 -11 11 0 19 5 -1 -37
-7 2 -2 12 -17 -16 4 -27 -28 20 4 32 16 -11 7 12 -13 21 20 -1
25 4 20 -2 60 -44 -98 -38 -45 -34 30 -10 -20 8 9 6 -43 45 -8 10
-59 -15 -40 67 17 -7 70 1 -12 -17 -5 -17 22 -38 -79 5 22 -38 -5 5
-33 -47 30 28 -15 -31 -2 6 65 -6 47 -29 -59 -22 -5 -10 1 15 -64 -28
16 -5 3 -29 21 -5 44 -3 21 23 7 -10 -13 11 -65 -96 12 27 13 36
-33 -13 17 6 36 -40 7 46 -4 36 -21 -13 -29 4 10 -27 14 -4 -5 -14
-25 32 -32 -1 -26 -19 -47 13 18 13 0 19 -12 -19 21 -23 -26 30 19 22
-17 6 -8 8 45 10 26 69 6 10 -14 -35 51 -43 18 -10 -15 -73 7 -34
-43 36 -26 -25 19 -8 44 47 61 12 -12 28 9 -3 15 18 21 -24 -26 7
28 -77 -59 30 -12 -3 15 -9 54 -34 50 6 33 -59 -3 -6 -41 -32 57 8
-57 -37 -2 40 -48 25 -51 37 -3 -51 -47 46 12 25 13 1 -6 67 -1 -28
-48 -17 -5 38 -56 33 44 -20 -49 -35 -27 -15 -35 12 28 41 -33 -49 17 -24
11 -5 25 30 19 -22 6 19 29 30 29 6 5 20 5 11 16 -12 17 -7
-36 2 6 -8 14 -19 -18 -40 -11 -5 -3 -22 -24 10 4 -21 -56 -20 -8 54
24 -27 25 -1 4 7 31 -31 0 -45 -15 14 -41 -35 100 1 56 -7 -27 -14
-56 54 42 -8 -27 -9 -44 5 30 37 -1 46 2 11 28 -22 -43 -54 -19 -10
22 49 22 -2 21 30 42 -29 -9 -37 -32 -7 -13 3 49 -12 -69 -7 -6 13
-48 33 11 26 1 -2 -33 11 10 19 -28 -24 9 8 33 1 0 14 -14 -5
-22 -5 -43 -6 -10 2 -2 14 -6 -8 -22 3 -18 12 15 -24 -2 -10 13 13
-14 26 17 0 -24 1 -11 -1 -14 35 -15 35 -4 -8 -24 1 37 -2 -33 -10
-7 -19 -7 -2 19 -2 -8 -27 21 11 -13 24 -14 -20 37 2 -50 67 46 -6
19 -28 -14 13 -50 -25 -17 67 58 21 -14 -41 -55 19 10 23 -10 -31 2 41
-31 -7 6 15 -18 8 10 14 -19 27 10 -4 -3 -6 -7 -40 -3 -14 14 -14
-10 12 23 32 4 20 3 -7 -23 -8 -6 -2 19 -33 -14 -1 44 0 -19 -25
-12 2 13 2 -4 -13 -19 13 7 10 -20 -18 11 -12 -51 -44 -21 -2 -5 -5
16 19 -10 -10 1 4 -27 -7 -7 -1 -30 27 -2 -51 1 2 23 32 -13 -8
0 -24 -6 19 -28 -11 -20 -24 3 15 -23 -1 -27 -27 -11 -3 14 32 -35 13
-5 29 -16 9 -24 -1 35 -10 -3 -8 4 -36 16 -12 7 -32 5 23 -45 -32
-12 -23 2 5 -8 -12 -26 -14 -8 -10 17 -19 -55 6 -14 4 -14 -28 18 -1
-24 -33 16 -41 -9 19 -3 -33 0 12 -31 -1 -11 -22 33 -1 4 7 -34 -28
-58 -6 -8 -12 -19 -16 25 -8 15 -26 3 59 -27 21 20 18 3 28 -35 -20
-1 34 6 5 -23 1 10 -11 79 8 -25 38 -49 -41 -39 -30 -45 35 -51 -3
53 -12 -17 -2 -18 -24 9 -30 -3 -21 -33 -27 -37 34 -11 17 3 -7 -47 3
30 35 64 14 68 -32 9 16 62 -43 -7 20 -17 26 23 22 28 3 -51 23
42 23 -8 18 -4 -13 19 -21 -41 52 55 -37 33 3 -60 27 -5 35 -21 31
-40 -49 57 -42 25 -31 17 14 -6 14 26 -15 10 -5 -5 -38 -33 27 46 2
22 5 -33 -22 -5 18 5 -10 18 -20 -29 13 -47 -42 3 -37 -33 35 18 -15
-12 -47 -5 -3 18 85 19 -38 -28 -12 -21 4 5 8 10 35 -57 -12 3 11
1 -29 -5 -4 -5 27 -2 -33 -15 12 1 11 -6 14 11 4 2 7 -4 -4
14 32 -4 2 24 -29 25 -6 -6 33 -30 -8 -5 -13 12 -17 51 16 15 -13
15 26 -64 -27 24 -13 -33 16 -27 29 20 27 -8 -1 -6 15 -28 -9 8 3
1 0 -5 3 -1 11 -10 0 -4 -2 -36 -14 42 -6 -4 -3 21 -7 10 -14
-4 -2 20 17 -4 4 4 3 38 1 -14 17 -28 -40 54 6 -17 32 23 22
-126 5 -10 -1 -50 -46 -8 -41 33 9 -36 35 -8 -23 -41 -32 42 -25 21 -1
-3 -53 14 -88 -2 48 -102 -34 12 -32 -11 -49 21 22 0 -60 24 -15 38 22
-44 32 7 34 -22 -27 12 2 40 25 49 18 18 -40 19 -52 21 -34 18 -17
5 14 -7 41 24 12 7 14 -23 23 5 14 -46 -43 -15 10 -33 -2 5 0
-51 -22 28 12 -53 43 -26 -10 12 9 -19 3 4 -7 -19 -32 -1 1 -7 -9
1 -12 5 4 -23 -9 20 -21 12 16 -17 -18 -7 -10 1 2 -39 7 -7 12
-11 -35 17 -6 -23 4 -64 68 22 -27 -17 -10 -8 28 -14 -5 -26 -5 -38 -2
-19 4 32 -20 1 1 20 8 -17 -7 -19 14 14 -2 -20 -13 34 -4 -12 -3
8 15 21 4 8 23 24 -6 10 7 10 -8 -3 0 4 4 -2 -2 6 -20
-13 -4 5 0 21 5 -16 -49 -6 3 -15 -35 -10 14 -45 1 -14 16 -10 -67
49 -42 8 78 -1 27 -24 -7 -48 58 2 -9 42 22 -12 10 4 5 1 21
-11 -64 36 3 12 -5 27 -3 1 -5 -6 -22 16 -7 9 -1 -18 -28 -2 -30
-8 -17 -30 -11 19 -13 -18 33 -15 57 -33 -12 -3 29 -90 2 -8 -39 0 20
6 44 -45 20 -36 22 -24 31 2 -22 -3 42 -15 13 -21 -54 -22 -46 8 26
21 -1 -92 22 -19 84 -3 -36 -6 -43 -10 30 -41 -77 19 -10 -63 -8 -5 -25
-14 -26 42 -10 -18 0 28 9 14 -1 -33 9 -12 -35 -29 -24 38 -3 10 -33
-3 -20 -26 12 -20 -16 30 36 15 -14 -53 11 21 26 -20 22 -41 -14 -16 17
-45 -2 6 29 -38 -22 0 8 -10 -6 -11 -82 -11 -19 -23 22 -7 2 7 -19
-21 1 -9 30 -10 -17 4 65 31 1 -1 17 -10 7 4 19 -10 9 -6 18
-49 16 -10 -39 3 -8 26 -2 10 6 -17 -14 22 15 -12 -18 34 -6 -21 9
-18 -9 -7 -32 -13 -17 36 -23 -1 -12 -2 -3 17 8 0 2 13 10 7 -4
-14 12 6 -15 12 11 -3 12 7 9 -10 -15 19 -8 -15 11 3 -11 -9 -21
16 24 -11 45 21 -22 31 59 6 -3 46 -1 -19 50 2 61 -29 -44 -3 -86
-5 25 30 8 29 -86 6 -20 -34 -67 -15 7 0 11 0 16 -10 -78 24 9
1 3 35 -15 2 -1 -1 -51 20 -13 -2 2 -27 -46 -9 -43 -5 -11 -25 -26
14 -16 -30 36 7 27 6 -27 -13 40 74 9 -13 -9 21 -1 -45 2 32 -16
-31 -36 0 22 -34 -2 -8 5 -9 15 2 -9 -18 -12 7 5 -9 12 -14 19
-31 -41 10 -36 -11 3 8 -3 17 28 7 10 -12 6 6 -5 -29 6 -58 5
9 -23 -38 -13 21 -33 24 15 10 27 -35 -20 -3 8 -7 -7 38 -29 -20 5
-23 -6 36 21 -3 -19 8 -22 -25 19 19 15 14 5 -27 -7 -3 17 -16 5
-12 13 -21 -19 -1 2 -6 8 1 10 1 -1 0 -37 20 -6 4 -47 16 -43
7 8 -10 -4 9 3 -2 -11 4 18 -6 6 -18 41 -24 -7 45 12 -28 -14
-5 19 6 -2 -5 -11 -4 -57 18 -36 6 -20 -18 17 -47 26 6 9 -53 -6
-31 -34 -2 1 8 -24 -16 -24 13 19 9 -63 13 -15 -6 1 41 17 -22 -44
-2 37 -20 1 -26 -1 23 11 -42 -26 -6 -17 3 -9 7 26 -8 1 -54 3
-11 12 -18 59 11 23 17 -41 -12 -46 35 -15 -24 -7 -10 58 3 -11 17 24
7 -29 15 15 6 30 12 3 -15 4 -14 -1 -3 4 -13 -6 -25 22 11 -14
12 5 -16 -4 -6 -20 23 10 -4 -9 -3 8 -2 -11 9 -9 -19 18 -4 -2
27 -14 -37 -26 -22 -31 21 17 -56 -44 -24 -47 12 -31 -40 73 10 -41 12 19
-2 6 -5 -45 20 27 3 50 -20 46 -35 16 19 -14 -10 -40 9 -13 5 -3
-14 25 -7 -13 9 -16 13 3 -7 -8 -19 1 -2 10 -16 -2 16 -7 -28 17
-10 -35 10 32 -8 27 -12 -28 73 18 -43 5 -23 -42 9 -13 -5 16 -7 -3
23 8 -16 30 17 -62 28 -48 30 -12 8 23 -17 -11 -3 -23 -23 3 3 16
4 -2 22 -27 -17 -10 25 -40 7 37 2 26 20 -6 5 -21 -16 63 -14 32
-1 1 3 -13 17 17 0 -4 7 46 -38 15 -8 1 13 -31 -2 -11 -11 15
24 -17 -21 6 24 -6 9 -22 -37 21 -19 44 5 6 -4 -4 8 -22 -4 2
27 -26 -24 -21 12 -9 13 52 -5 -28 -11 30 16 -7 14 10 0 32 -12 9
14 14 25 17 -19 10 8 18 8 28 0 -17 44 29 36 19 -21 2 -28 40
6 -50 11 5 -37 -35 0 -74 -38 -28 35 -10 -29 -5 12 -8 49 21 1 -37
12 -13 3 -24 0 30 -2 18 -31 11 23 -55 -27 2 9 8 11 11 0 23
-9 -31 31 -28 15 1 -21 11 8 -16 -10 -11 11 6 2 -3 -34 -20 -6 -15
-28 3 24 18 -42 -5 5 -25 -57 6 -74 -14 -24 11 -30 54 -35 7 -12 -49
24 -12 -14 0 -32 -37 48 -68 27 -8 -66 36 -90 -9 -1 -6 127 -19 -59 4
39 30 -2 -16 -77 8 83 28 -41 18 -22 20 -60 20 -34 -40 11 -61 -19 66
8 11 -7 -17 -10 19 -3 -5 -17 -46 14 13 -25 2 4 -25 -37 -7 12 16
22 -57 -8 -29 23 -2 -13 -17 10 -1 -8 13 4 10 2 8 -3 2 5 7
-6 5 -13 -2 14 -15 -17 16 6 14 -7 -12 -4 -1 25 -5 -8 -26 -14 -9
-1 -7 1 2 -10 -22 32 22 13 -1 -19 4 12 -35 -2 -20 -11 17 28 13
-37 -11 -21 10 -36 -49 24 -20 -33 -12 -11 39 -3 33 -8 0 -6 -12 12 9
-12 17 19 -18 -15 2 -7 1 2 -43 -16 25 -2 25 12 -18 -23 -8 -1 16
-5 4 -1 14 22 5 9 2 21 17 14 36 11 38 11 7 -14 6 -9 6
1 -19 -11 16 6 -6 11 -20 -10 5 1 -10 -8 9 -2 -3 9 35 -4 4
-1 5 -5 6 -13 9 0 6 2 -5 6 6 -4 -8 1 -1 -4 0 15 -11
-9 2 10 1 -8 -9 17 3 -12 -8 2 -6 29 7 52 -51 39 -18 13 2
-9 3 -30 29 -8 19 -33 7 -36 -17 5 -70 0 10 -13 -22 -25 32 -24 -8
-48 -20 7 -13 -11 10 -9 -16 7 5 -9 2 -12 23 9 -14 6 20 -16 4
-6 -11 30 -6 -3 -1 -6 3 -2 -8 3 -9 -18 24 2 -6 -8 12 -14 -20
-20 -12 -30 -11 -4 -20 -14 -4 -7 22 27 -23 6 -6 -38 2 20 -14 -23 -22
11 -29 -24 13 -5 -23 -22 -2 -2 10 -3 5 -3 7 3 -4 -10 2 -23 -9
-7 6 -12 -10 11 -4 -6 -12 -6 -2 -4 5 -9 -11 15 -8 -12 -7 -16 -6
10 6 19 -2 8 4 16 -8 19 -11 4 -7 5 1 0 3 -14 -6 57 -4
22 20 -8 18 2 -5 23 33 24 17 -3 8 1 1 22 14 -4 11 -15 -8
9 1 3 -13 9 4 12 6 15 2 4 17 18 -2 14 10 0 11 7 16
20 11 18 17 -26 -20 14 13 9 -28 -33 -11 -9 15 38 -31 32 11 12 -3
6 -24 12 17 -13 -10 10 12 -34 16 10 -13 -27 9 8 -7 1 -34 -46 -37
-14 -1 28 24 -19 -5 33 14 1 25 7 18 18 -10 2 23 55 6 44 -27
62 2 21 -56 7 22 2 -27 -10 17 19 -10 -6 27 -1 18 -11 -42 1 -5
16 -22 -9 -10 6 1 50 4 13 14 49 -10 -35 -1 3 12 13 -16 40 9
-26 -6 -1 -19 -6 -3 7 -24 5 6 -6 30 -30 -31 7 5 4 10 -16 9
3 1 6 14 16 -5 -30 15 -20 0 -8 12 -13 29 4 37 40 15 19 9
-27 -15 -13 -58 23 38 -76 -37 -7 -43 -53 22 14 -16 -19 -69 -16 -43 55 -30
-9 -20 -31 77 -46 -67 -51 -34 -66 38 -16 -38 -43 -46 -59 34 18 22 -44 3
59 -4 20 14 -43 -68 -11 -18 3 0 -2 36 -12 19 6 -61 -29 39 -26 -31
6 -40 -14 31 14 -4 -63 25 -10 -43 -17 -12 -2 -36 20 19 68 -19 10 5
-23 -11 6 -5 -29 51 -57 8 -6 -7 11 -5 34 17 -33 -5 29 -17 0 -5
14 15 -45 7 13 -11 -10 9 -12 -20 -25 17 45 14 5 -31 -2 -4 -15 -9
-42 -10 22 -80 18 27 -16 -5 6 0 37 -34 -6 -18 -38 19 14 -17 -23 -31
31 -11 -20 13 -14 -8 -17 -22 50 7 -14 -12 17 -36 -18 34 -4 6 16 -21
-11 -6 -24 -12 -15 -24 17 1 20 -5 -16 -15 6 20 -26 7 -1 27 23 5
-7 -2 -1 -27 -10 28 -19 -18 101 -22 -52 7 -14 -3 -20 -12 -15 -36 7 0
-66 -22 -1 19 -62 -5 12 -29 5 -7 -6 -19 -51 38 -51 13 15 -5 16 11
-35 -34 -7 -24 -17 -50 -75 -3 38 7 -60 49 -8 0 -14 -1 5 -19 20 -23
21 -17 2 -6 -23 -14 41 -28 -4 -24 31 -23 -14 14 -13 23 -3 -11 -27 2
0 3 46 -6 -15 35 -18 2 0 -27 6 -30 5 -10 9 -19 14 -8 -7 7
19 6 4 19 -27 2 2 -14 -23 20 -19 -26 23 -1 0 71 6 15 -4 -54
-3 -40 12 -1 -8 -15 8 -7 10 6 -28 4 2 -16 20 38 -12 -12 -12 13
-101 -17 -20 -44 -23 -2 -95 -51 -16 9 -106 11 -18 -5 -61 15 0 -25 34 8
-23 -44 32 -16 -17 34 -20 -118 97 -32 -29 -25 53 -6 -18 -5 4 -16 28 -9
-84 0 7 40 -67 19 -39 6 -60 59 -52 44 17 -68 -37 0 13 -25 -18 45
-8 -29 23 13 -2 -13 -48 38 7 23 2 -33 -17 34 47 31 16 6 9 -30
0 15 9 14 -30 -54 21 -13 9 -32 -12 26 2 8 -2 -13 -7 -9 -8 -22
-26 -20 15 8 6 -21 -20 -23 10 16 -31 10 16 15 22 -4 -8 -6 8 -19
-65 18 -24 -51 16 -59 7 22 -11 28 52 52 -14 -53 -4 15 -19 15 -15 -29
-33 -12 -55 -21 2 -30 3 11 1 37 8 26 -7 -14 -30 -33 -29 33 -32 -12
-23 0 -17 20 -9 18 7 21 -8 -25 4 1 -22 36 -5 30 -6 -11 -23 1
52 11 40 62 -3 18 -3 -4 32 -33 21 -35 -7 24 11 -8 -11 -3 16 6
33 -6 34 18 -23 -3 4 18 0 -8 -21 2 2 -18 21 11 1 -4 3 5
3 10 -2 9 -16 14 4 12 -14 -8 0 -12 1 -1 17 -7 -2 -20 7 2
13 -14 8 -14 -11 23 21 -15 -2 31 -48 -7 67 -10 1 -29 -43 13 2 -7
-13 -35 58 -24 -23 0 57 -20 -29 -18 -6 16 -15 -27 -28 10 -33 30 -26 -16
-23 19 -66 -4 -16 -19 19 25 -42 -21 -22 37 -19 1 15 10 -12 -20 18 4
13 10 -20 12 -22 -25 45 19 -23 -20 6 15 -13 4 -4 3 13 15 -2 1
8 -7 -30 -1 24 9 8 -12 49 36 -26 -26 -31 -26 23 -28 20 -20 -8 50
22 -18 -23 20 12 -16 -3 -13 5 -2 -19 30 -1 12 16 7 18 -7 -1 -12
6 25 3 10 19 12 0 -7 0 4 0 30 12 3 -30 7
