24 15 -31 25 21 -29 20 5 -23 27 30 -16 9 7 -2 -6 -10 -54 19 -52
-39 1 -25 -35 12 -34 -18 5 -18 -48 -10 -50 -2 -7 -46 -1 -4 8 -6 -42
22 13 10 -18 -4 -30 13 -4 -14 -30 -9 4 -19 -31 -2 -21 8 -8 -19 2
13 -16 -9 29 28 -4 25 -19 -25 2 4 3 -8 -8 18 8 56 10 23 17
18 -5 -13 12 -40 -14 -17 -12 1 -14 -15 16 -20 -40 18 12 -43 42 10 35
23 25 42 18 -22 31 8 -4 -25 -21 -1 -38 5 50 -14 16 22 -35 -5 -26
-65 -17 -18 -21 8 -37 8 -2 -9 -23 -3 11 -22 11 1 9 15 -2 3 -2
-39 3 -1 -40 -44 -38 20 -43 -33 56 11 -16 56 -35 58 4 -65 23 24 -10
16 -6 -2 -39 23 29 32 65 28 24 41 1 -10 -1 -19 -10 23 9 21 8
29 31 21 37 50 -1 53 27 -15 -5 -25 -12 -23 -17 43 1 -16 -6 18 -29
1 2 14 3 -9 23 29 21 -1 -7 26 -17 -7 19 18 -13 20 -40 -20 -7
-11 -7 -33 33 -3 -4 -9 -32 -4 -12 -34 19 -33 17 -12 -24 8 4 -39 50
1 -13 30 9 -9 -23 -11 -41 14 4 -27 36 17 -32 0 -19 -52 -11 -24 -11
14 35 54 29 37 37 13 14 30 -14 -5 -19 -32 -30 -29 -46 -11 -6 -17 -26
-10 -4 -16 42 59 1 14 -22 -15 -20 -38 -1 51 28 11 44 -3 -8 26 -24
-7 7 -16 -17 -62 -22 -25 -6 -6 29 57 23 -18 13 17 -2 10 27 -7 9
4 -32 -38 -4 19 18 4 -3 -12 -7 10 -25 -6 -29 10 -4 -23 29 -4 -5
16 8 -7 4 -8 -8 -7 -16 17 -13 -20 -13 1 3 -3 7 20 -2 2 5
-13 -2 -15 2 19 -42 -2 3 -16 -9 0 10 -15 -33 -4 -13 1 25 5 25
7 1 -13 4 -2 -5 -2 -24 -38 -28 4 -1 -25 1 12 -5 -2 -5 11 -10
15 0 -12 1 -7 12 -9 17 -21 -5 45 -16 -4 32 8 25 16 3 7 1
-1 3 4 2 27 -4 6 19 5 2 -17 7 6 -18 4 5 -27 -22 22 29
22 21 6 -9 3 -41 -32 25 14 -4 -7 1 5 21 -1 -29 21 5 -13 15
26 15 40 18 -9 21 28 -7 -26 -9 -29 22 23 -33 31 15 10 -27 -15 11
-10 -49 33 7 -18 26 22 24 7 -6 -45 -14 9 -13 16 32 -10 -6 12 -12
-18 14 -16 -14 -15 2 9 2 4 19 -6 -37 11 -8 3 -15 6 -10 -2 -25
-82 -28 0 7 6 5 28 30 6 0 1 -21 -40 -36 -12 -2 -6 28 11 10
-3 -6 -15 -1 -11 -20 -10 -8 -11 25 5 -9 29 0 -25 4 -19 -27 -4 -5
3 -18 31 32 -4 2 26 4 -4 8 -2 -1 -7 -6 -16 -10 3 31 -5 -4
5 -43 -7 1 -29 23 60 21 25 3 24 -9 -15 17 36 27 -3 3 17 12
16 15 -1 -8 13 -17 18 -12 -25 -10 12 3 -1 -38 -17 -17 -33 3 4 2
10 10 4 -13 -16 -28 -15 -14 7 -7 8 25 -5 5 -23 5 10 -8 14 36
-4 -24 23 -17 -10 -4 -12 -20 -5 4 13 -9 -17 17 3 27 -11 3 -22 -4
-4 34 18 -2 10 1 -48 -24 -4 -34 -18 -17 -26 0 -7 15 41 23 11 30
10 0 9 12 6 6 -12 9 14 -25 8 4 -13 -18 2 14 -13 14 32 -3
9 -11 25 -2 -9 43 9 -3 9 1 -16 23 37 16 -4 -30 10 -16 -20 -5
26 44 21 -16 20 7 -16 22 4 1 -30 -10 -10 -19 -16 -1 8 7 11 1
-12 3 -8 -15 -8 2 -5 -20 -29 -18 -10 1 -4 4 -6 -4 11 17 21 -9
14 11 -3 -14 -5 2 -21 -14 -26 -35 -53 5 14 -4 -21 -20 18 -10 -35 10
-3 17 0 -15 -5 6 1 -14 3 -3 4 9 12 27 21 -2 1 1 -12 -2
-4 11 53 5 31 32 9 16 -5 -22 -7 -4 -18 2 -15 -20 3 1 6 41
9 -11 39 1 -22 -8 -2 -19 1 -6 25 14 -2 11 -12 -8 -2 20 -9 -16
-32 0 -5 -10 8 0 10 4 -16 6 -17 -21 -7 -19 -7 3 12 -18 -40 -13
-17 1 16 -3 -2 6 11 -4 6 29 6 35 1 0 9 -11 15 -2 4 9
-15 9 -18 10 26 -17 -9 0 -27 -18 -5 0 -2 6 -21 -30 15 0 -3 19
-1 2 -2 -15 -6 -14 -9 -11 5 -25 -6 4 -12 -17 14 -3 6 13 4 3
-7 10 -11 4 4 -18 0 5 -10 -6 -5 -17 -4 -14 11 23 -10 7 4 12
-26 4 -1 -3 4 -4 5 1 -17 3 -11 -30 -2 0 9 5 -16 -10 -14 -48
24 -2 -12 -37 -10 -7 -61 1 10 -21 15 8 8 0 25 -21 5 21 -15 -17
20 6 9 8 -2 0 -22 -4 1 -16 -11 -8 2 -7 -20 12 -24 -10 10 23
50 6 40 15 28 34 26 4 14 12 24 1 -14 -1 9 -15 1 -2 20 25
-24 6 23 -6 -11 -11 20 -9 0 28 6 20 7 -1 -5 -4 -13 -11 -2 11
5 -1 8 1 -4 -1 9 -33 -24 5 -27 -8 -13 -3 -23 -22 -7 -4 -9 13
6 -2 1 22 3 -6 -16 -4 -19 2 26 -16 -2 8 -43 -25 -12 -21 -13 -4
24 -23 -9 5 -5 -2 2 10 -4 10 0 3 15 3 14 10 -7 -1 -6 -14
-8 17 -13 11 13 -6 4 -6 15 1 21 -18 19 38 2 37 -14 -13 2 -22
-11 -5 -12 -20 24 -8 4 13 -1 6 14 1 7 15 14 -16 -1 1 -43 -3
-3 2 2 19 42 22 -45 -20 -6 -12 16 26 -11 -20 -14 -23 -7 6 9 28
20 5 -8 1 10 4 3 4 -7 3 8 -19 -13 15 10 -3 12 1 15 20
18 16 3 -9 -3 -24 -31 -17 -8 -1 -5 1 7 5 3 3 -4 -7 5 -2
1 -4 2 4 1 -12 -8 6 -5 3 -5 -3 -2 -5 -10 -9 -6 -4 -11 -3
-8 1 6 -1 1 8 -11 3 -8 10 -3 8 8 5 10 6 -4 19 8 19
13 -15 -3 23 7 1 -3 1 -18 -43 -11 -7 -9 1 -6 -10 -12 17 18 -8
4 13 1 -8 1 -12 -9 11 -12 -4 -10 -14 13 15 15 -2 -15 -11 4 0
-9 -1 -5 -4 -6 3 17 8 15 6 0 -7 11 -4 -4 11 5 29 15 -3
1 -1 -7 -6 -16 7 -1 6 -8 -15 3 13 22 10 -12 0 0 -17 8 6
-3 -11 -4 -2 -9 -9 -1 -2 6 -4 3 0 -12 -7 -6 -8 -6 -6 7 11
-1 -6 -17 -13 -20 -12 -5 -11 5 10 -21 -18 2 -5 -1 6 12 38 17 12
-5 1 -14 -17 -7 -9 -8 -1 -10 -2 7 2 -12 2 20 6 -5 11 26 -5
20 -2 3 -23 -44 -21 -6 13 -2 4 0 2 -1 6 -1 8 -1 -3 11 -7
-8 7 -37 -17 -10 -2 -16 -6 -11 -16 -9 -9 -6 5 20 6 -7 5 -3 6
-17 -21 -1 -9 -15 -18 -14 -10 -5 14 7 1 -18 0 31 24 34 -2 8 12
3 13 18 7 24 32 5 0 -12 -13 43 2 -3 91 24 -14 3 -21 -18 24
7 -8 6 -10 -36 -20 -9 -25 -5 -3 -16 20 -19 -4 15 9 12 19 5 9
23 -5 -8 -22 -18 12 3 2 -9 -19 -1 -8 -10 -7 18 12 -6 4 6 -1
8 10 9 2 5 -1 -1 -4 3 -7 -11 -3 3 8 2 -6 1 -5 -13 2
-14 -1 -5 -3 8 1 4 -16 -19 18 -4 -20 8 37 -17 17 35 47 13 -2
7 3 4 29 11 -28 14 6 -13 -7 -20 3 -1 8 1 9 -3 9 7 5
27 16 -2 0 11 8 8 32 16 10 38 -1 4 1 -1 12 12 7 11 -1
6 15 31 15 -9 -7 -16 2 0 -12 -11 2 -8 3 27 -24 8 52 -20 -16
-3 -20 1 0 14 2 20 26 14 -7 -15 -6 -2 -13 -10 -24 -46 -3 -2 -27
23 14 -7 5 -4 3 3 4 5 -2 55 2 -5 -10 18 1 20 2 -7 -50
-12 18 -3 -9 -6 20 -6 1 8 29 3 6 30 -19 -1 12 -5 26 19 7
-4 -3 -12 1 14 -19 17 -11 -10 28 6 16 -16 7 12 12 22 -1 -2 14
9 -4 12 18 15 14 41 18 22 19 41 17 1 -7 -2 5 0 -15 -1 2
-8 19 2 -20 8 -36 -23 -12 9 -26 5 7 11 15 3 -9 3 -8 -11 10
20 -21 -4 -29 -60 -21 8 -41 -6 -24 -12 -6 3 4 4 3 4 12 7 18
15 4 8 11 -12 -8 -26 0 12 -4 10 15 -3 15 15 1 -18 -8 2 7
13 9 19 25 -3 10 -10 5 26 -24 12 8 -7 -4 -13 1 17 12 10 4
7 11 9 3 -8 2 -10 -16 -8 -9 -5 1 -9 -15 10 -10 -3 15 12 8
-8 -8 3 5 -1 3 10 0 -2 -1 12 -5 4 17 -24 -10 -9 -10 2 -2
12 8 -5 -10 6 14 5 -5 -3 5 16 10 -19 7 -2 -1 4 -13 -6 20
11 7 16 35 21 5 -7 1 33 16 -28 26 -1 -32 -1 14 0 4 25 2
-18 9 5 -1 -12 -12 -5 -6 -25 -7 -21 -23 1 -4 -3 17 12 8 22 26
18 9 -12 -17 16 23 -13 7 9 -1 -4 -7 -4 -13 5 30 -21 -5 23 -1
6 2 -4 -6 1 16 13 2 9 -6 -3 10 10 3 -5 -7 -3 4 -3 5
5 -18 30 10 23 16 -9 -36 1 -14 16 2 6 30 16 -17 2 8 -12 -8
5 -26 -14 14 -9 -8 4 -4 -3 -3 25 21 -11 -1 -3 -15 -2 -2 -23 0
-27 -8 -1 -1 -17 8 -10 0 -3 -5 3 -27 -17 -16 -20 -9 -3 4 27 26
-10 -7 -7 -4 2 9 -3 5 14 4 -10 7 20 15 1 19 17 10 -3 -4
4 -4 -5 7 -2 -2 -1 3 -7 1 16 1 17 12 7 16 20 43 56 -25
-20 7 -18 2 -15 18 22 1 35 7 1 0 -21 -7 -6 -16 -10 -27 -27 -5
-22 -28 5 12 0 -12 10 15 21 14 -4 -2 -2 19 8 9 37 17 -17 28
5 3 -2 18 13 -1 -1 16 8 -9 0 0 -21 -13 -9 -16 -21 -11 -2 8
33 23 -13 14 12 -7 -18 -2 3 -3 -16 13 -10 -2 15 -2 26 0 11 14
2 43 11 9 -7 -10 -21 -53 -35 -9 -28 -24 5 6 -3 32 38 22 -15 -23
-13 -30 -37 1 -7 5 14 -5 5 -4 -9 -5 -9 0 -15 -25 5 -9 4 -19
-8 17 -20 8 -6 6 15 -9 -8 23 11 23 34 49 -13 -22 12 -25 -1 -24
-9 -1 9 -2 -1 2 -2 -6 -8 9 2 8 8 -10 -30 -9 -27 -11 -9 -13
-2 -17 4 8 -4 -30 1 19 -5 7 33 19 22 8 -3 19 8 13 23 -27
-14 9 -22 13 19 2 -3 3 -33 -17 7 -25 -26 -1 -16 -36 -5 -9 -26 1
-2 -13 12 -8 6 11 13 14 -19 9 5 1 10 22 -9 2 0 -9 13 -9
-8 45 60 31 6 26 8 -8 -4 -1 -3 -26 -23 -7 -10 -20 -4 7 1 26
27 25 -4 4 11 -7 -11 -12 15 33 11 11 0 -1 -20 -14 0 11 7 26
2 11 17 13 -4 -7 9 7 4 -3 12 1 16 4 4 -16 -48 -14 20 -6
5 12 0 14 3 -38 -19 10 14 -39 -17 -22 -20 -33 -56 -24 -12 -30 -22 2
22 4 -15 7 -35 -14 -31 -2 -4 4 -28 -2 28 23 -23 2 -5 6 36 19
13 23 21 19 -31 37 6 6 28 -38 1 -3 -10 8 -2 -23 -9 -13 9 -11
-5 6 9 -5 10 7 9 -8 -3 7 -14 9 -9 -2 5 -11 -19 -19 -16 -22
-7 2 -16 2 6 27 8 39 15 3 21 10 13 4 -9 -23 -13 9 10 2
4 25 -11 -4 8 32 -26 2 18 0 11 2 -27 16 -5 -4 14 -11 -12 -33
-2 0 19 17 8 3 0 28 24 -12 5 24 7 10 -12 14 17 6 5 11
8 26 -16 -20 29 -24 -31 -18 -6 -89 -22 -9 -2 3 -5 43 13 4 -2 8
1 23 23 5 15 7 4 -3 -15 1 -5 2 -5 15 22 3 15 -2 27 31
18 10 12 9 -3 -27 -30 7 -17 -34 -15 -30 -4 -9 -4 12 1 -22 -8 10
11 -3 13 9 1 26 42 15 29 35 16 4 7 -17 55 29 -17 29 24 5
-10 -19 -23 -24 -5 -12 13 3 -17 10 -6 15 27 17 6 21 -21 -2 -23 -41
-35 -6 6 -1 1 -7 -6 24 28 41 2 -31 -5 -15 18 6 21 3 -13 -23
9 -13 -1 13 -14 -26 -7 2 0 -25 -15 -21 13 2 -24 -1 3 -25 19 -3
-22 -17 -18 -33 -7 -15 -12 2 -16 -18 8 -19 17 15 -3 17 14 12 25 41
19 -18 -17 -13 -8 -23 7 -6 21 -1 -6 -2 14 23 17 6 17 10 10 4
-15 -17 2 12 -13 7 -5 -7 -8 -17 13 -2 21 11 1 18 -1 -10 -29 0
-7 -18 8 -5 -6 -4 0 14 -6 -4 3 0 16 11 7 -23 10 18 -17 -9
25 -15 -12 13 -12 -17 -4 -19 -10 -11 -6 -3 -14 -21 -3 -19 12 30 2 3
-2 11 -16 -3 -9 -25 5 -2 9 36 -5 -43 2 33 -49 -1 7 9 37 27
-4 5 -6 5 -8 3 -18 -9 -1 -19 -7 19 -24 15 5 12 15 -1 9 -24
-25 4 11 -13 -15 5 -1 14 -23 15 -17 -14 -8 -8 -1 10 6 -12 14 3
-5 5 -21 12 -19 -17 4 20 -8 6 27 6 -4 17 15 2 -19 -6 22 -22
4 7 -3 -11 -14 -26 -6 -25 -8 6 7 -18 -24 -35 2 -2 -23 18 9 17
15 17 8 -4 38 3 -30 9 7 -3 24 79 28 -17 18 -14 9 -13 -20 -25
-20 -33 19 10 13 -10 4 -6 19 4 -12 -7 -3 11 -5 4 11 -31 -85 -26
0 -14 -9 13 8 4 -7 -24 -32 -1 16 1 16 7 2 -6 -3 7 -10 -21
23 25 -8 14 16 9 -28 -18 -34 -22 -10 -21 -22 -62 -30 -1 -22 -1 -17 -11
-1 21 7 -18 -15 17 -17 -12 9 2 5 -33 -13 -41 -7 13 -41 -18 -3 -18
-14 -21 0 -10 -4 16 16 27 36 11 22 13 13 7 -26 -18 -33 -35 41 -2
-42 10 15 -16 24 -12 -19 -2 -28 -32 4 -18 -41 23 -5 -32 14 4 15 16
13 25 4 -9 9 32 -3 -9 27 1 0 18 11 16 20 13 5 22 18 -10
2 14 -9 1 14 11 13 39 17 11 -2 10 -14 -10 6 -17 -5 6 -17 -31
10 -11 -38 -27 -1 -45 -13 -14 -20 12 6 16 3 -11 33 -8 -6 14 16 9
15 17 4 23 41 -5 -1 15 -8 0 12 2 -4 15 8 -21 3 4 3 3
4 -14 -15 11 9 14 2 -13 -30 -1 -24 -17 -1 -31 -1 -18 7 25 -28 17
8 -16 -27 0 6 -5 14 2 0 12 16 -10 4 -4 0 33 5 35 32 -3
-10 7 21 17 1 6 14 -3 -22 -8 -16 10 -14 -26 -16 -38 -59 -20 -27 -35
-9 -1 18 -18 -20 25 -14 12 -9 10 12 -20 -23 26 -47 23 35 23 -5 50
-18 -7 11 -26 -11 -52 -32 -5 -32 -21 -13 17 -1 6 3 -4 27 17 -25 23
6 -15 -36 -12 20 -2 -12 -5 -7 1 -3 -18 12 -26 8 -26 -9 12 18 -15
18 29 -8 -33 -44 -15 -30 -6 10 8 21 -22 -19 -19 -23 -24 -35 -32 12 0
-23 -9 11 39 -12 14 59 -18 -10 36 8 -8 3 35 22 12 8 -3 11 25
-13 -31 4 6 -79 -15 -30 -17 7 -1 -28 -3 -1 -45 -2 -32 -34 -2 25 0
5 2 7 2 -40 -6 -12 -13 18 -3 3 -25 -3 17 -8 -42 -12 25 -89 -11
78 -41 8 27 -1 -19 -28 12 22 -8 9 9 13 -17 3 -9 33 48 -13 7
31 8 -10 -17 -15 1 -8 -2 8 -4 9 17 -9 -2 11 -9 -11 19 28 4
0 9 1 7 20 -28 6 8 6 3 13 17 -18 -22 -3 -18 -38 -9 -19 -14
-21 12 -13 4 6 28 22 -8 -3 -16 22 19 -24 4 20 21 -16 12 -18 -4
14 6 4 19 -29 -2 -16 -15 14 14 -10 -12 -24 -12 11 -8 5 3 4 9
6 -8 -38 4 8 -4 10 22 -32 29 20 -10 4 -15 -1 5 -3 1 5 -2
-17 -11 -7 -19 -5 9 -46 3 -17 -22 -2 -9 3 -2 12 31 -1 -8 -4 -1
2 24 -5 20 56 19 17 30 16 24 -23 3 25 -32 -3 -18 -18 13 21 -13
16 27 50 15 51 15 25 -33 -7 26 11 3 13 4 1 -7 3 18 6 -1
16 -10 7 9 -14 1 15 -2 -14 -2 23 28 -8 -15 -17 -26 -10 8 -12 -5
3 17 -6 1 7 8 -1 -23 -10 -14 -33 3 -16 -18 11 -1 19 3 34 13
8 13 7 -10 -21 21 -8 26 22 28 28 4 27 37 2 -1 -8 -12 -5 -2
7 -27 -15 24 -3 10 28 -12 -9 -9 -5 21 25 -7 13 -1 -21 -60 3 14
24 -14 14 45 -35 -3 -12 -15 9 11 -26 -1 -8 -2 -24 19 14 -38 -32 -32
-10 -13 -40 47 49 -12 34 -11 18 -31 -41 50 30 -19 -24 -13 -20 -36 -2 -24
-16 -9 -26 -37 -25 -10 -11 -1 -27 2 -30 19 -41 0 -8 -30 6 -17 15 -19
-29 -11 -2 -20 2 -10 -4 -8 4 0 -32 5 -25 -2 -13 13 -9 51 19 -5
-4 -4 40 4 45 39 39 11 -3 37 -1 -23 32 -9 5 -29 -43 -2 -38 5
6 -15 25 -1 -19 -14 -3 -17 -13 27 -20 0 18 53 -27 32 3 -23 5 -43
-4 -44 8 0 -24 25 -29 -16 2 -4 5 -3 -7 -20 42 -35 -1 17 33 -3
13 -4 -67 -4 -4 -24 5 -14 19 45 -14 -46 -52 38 30 -20 17 16 -17 1
-98 11 -2 6 41 21 60 -17 -19 -1 30 12 -16 0 14 6 -7 -51 -4 -4
20 -13 -3 15 -11 -10 -16 -32 7 23 0 3 2 3 -14 24 66 -16 7 18
-17 -20 24 0 -19 -13 -8 -10 -3 -1 -4 -1 -34 32 30 -4 16 29 -43 -5
2 16 -40 -79 40 -37 -70 31 7 -24 -7 16 -25 15 -30 31 14 -35 13 14
49 -20 1 47 6 6 -47 47 -1 18 -36 24 31 -34 -6 -28 24 -39 -75 -15
-29 23 17 -7 27 39 13 9 -6 4 -5 -23 -7 -18 -14 17 -4 -56 -54 -23
29 -51 -2 45 -27 -20 -34 -7 -9 -60 -27 -19 -37 -11 5 7 10 52 -4 -20
42 9 -42 -33 39 -28 -66 43 -25 -26 12 21 21 2 -20 52 32 -27 1 5
10 8 5 5 -9 -16 7 43 5 -2 -6 7 -10 -19 -26 14 20 5 27 1
-8 5 -1 -7 -12 3 8 11 9 2 4 -35 -19 -19 -9 -3 12 -6 6 -19
-2 10 17 16 6 -6 28 27 -8 14 -1 23 -14 -1 -15 -27 22 -22 34 -2
17 12 -6 -3 15 -15 -29 14 9 1 -6 -31 10 -1 -13 8 8 -14 18 0
-3 2 26 17 -19 2 -8 -2 1 -1 9 6 19 -7 -15 -8 7 35 -4 14
-13 -21 -19 -4 -24 -23 -14 -52 -9 -6 -13 -6 -2 15 15 -32 -4 -15 -2 -7
-16 -34 -35 -20 -23 -36 -8 -2 -10 16 -28 -38 9 18 -1 -16 0 3 -11 13
18 -10 0 41 1 7 -19 2 12 6 8 8 13 -5 20 -28 4 102 -83 1
-1 -12 -9 -6 11 10 -7 -8 17 9 16 -18 0 17 -16 42 -15 25 -6 -23
12 -5 2 -11 13 5 -32 14 21 3 -15 8 8 22 -11 -19 11 -18 1 -18
-18 2 33 8 1 34 24 22 -13 -18 -31 -4 -56 -25 -26 -17 25 13 11 4
-24 11 -22 -47 -41 8 -14 -8 10 8 -20 31 26 9 -4 10 -10 -34 -28 -15
20 11 2 -3 15 0 -57 23 -49 -4 -7 13 0 19 8 -36 -6 16 -13 13
25 4 31 -6 -15 10 -15 -6 -4 1 -41 -46 -6 2 -32 -7 -10 8 40 -2
15 5 10 24 11 -32 -3 -9 -4 2 9 -6 -1 -9 4 17 28 11 -8 -4
-6 -14 -16 7 -31 -15 9 3 -17 20 15 -3 -4 -10 -16 14 0 -7 0 -8
-1 -10 -20 5 6 4 13 -23 -15 14 -13 -30 8 -14 -11 -12 -19 -18 14 5
23 2 5 -2 -4 -4 -6 -12 -21 -47 -29 -10 10 0 -53 -22 -1 -27 -18 -6
-25 17 -6 -23 -12 -16 -23 -42 -16 0 6 1 -28 3 30 5 7 19 5 -9
7 -16 -3 -6 8 29 23 0 14 5 -22 -2 14 -19 -19 4 -7 -5 -16 -1
-6 -19 3 42 13 -3 18 8 -1 8 -11 -1 35 5 0 -2 6 26 7 -35
3 9 13 -6 -3 -7 18 4 -15 5 19 6 -1 8 -5 -20 -19 -7 -11 6
11 11 22 -3 -5 3 -19 -14 10 -29 3 -30 -2 -1 -7 -2 11 35 8 2
16 15 -12 -2 -16 7 -5 -15 -7 6 6 4 -5 -7 6 4 -21 -12 21 -13
-3 20 10 -2 -39 -7 -4 19 17 -10 7 -12 1 -12 0 7 -4 3 -10 -20
-22 -29 -16 -21 -18 -17 17 -25 -19 4 -16 -11 -6 5 6 3 -12 -11 -14 -4
-37 -40 -9 -1 10 -17 19 5 -3 5 9 -10 11 -13 3 21 -26 -23 -16 -4
13 8 33 10 10 27 -9 8 -2 22 12 12 30 -22 5 7 -16 5 12 36
24 -9 11 25 -4 -8 -3 -17 -30 -44 -3 6 -22 -7 13 16 22 15 2 22
-6 -26 -6 37 20 14 -19 1 17 22 11 5 -8 5 -5 -1 -17 -21 -11 10
-17 -16 -1 -10 3 -6 -6 -19 -3 -7 1 5 -15 -25 -21 3 27 -13 12 10
-11 0 6 5 -11 14 -5 5 7 -11 -3 5 26 -12 -27 -7 -16 -21 -18 32
33 24 45 23 -17 7 -2 -9 2 -2 0 -2 -11 -18 -20 -8 -24 -13 -13 10
-1 -5 27 -1 3 -3 2 -11 -14 -13 -22 -1 -10 19 17 9 25 10 17 32
19 -2 -23 5 -23 -68 -38 -5 2 -6 15 24 11 0 -12 -3 4 15 11 -13
-16 -9 -4 5 -27 -16 -18 -14 -10 -20 21 -33 -19 -23 -8 -8 -26 -5 1 1
-20 -19 -17 -10 9 -4 -16 -5 -8 3 8 -14 3 -13 10 -14 1 25 -7 37
24 -15 -12 -10 -25 -4 -3 3 -16 -26 11 -18 2 -4 7 1 26 48 2 10
14 20 9 2 2 -9 -34 -30 -2 10 -31 4 33 5 6 11 -7 -9 9 28
-21 -37 -34 6 18 16 22 -3 1 8 -11 6 -3 -7 -26 -12 -18 -2 5 -2
-6 -5 -30 6 6 5 -24 4 5 -9 -4 -11 -2 1 15 12 -13 -4 15 -18
-36 -27 22 -3 13 -3 -13 15 7 4 -26 -7 -11 4 -6 -19 8 -5 5 -6
-21 23 0 5 32 -13 -15 7 -11 -10 12 -8 -1 2 -3 32 32 21 -6 9
-18 3 4 10 -27 -14 3 -13 -21 9 23 22 13 -16 20 10 -15 -26 24 24
-4 11 3 -14 13 2 -21 -5 6 16 1 -9 8 -1 -10 28 3 -3 0 8
7 -1 -9 -2 -22 -8 9 2 5 5 -4 -17 12 -10 3 3 0 -4 7 -13
14 19 -4 20 18 -22 -1 -31 -17 -29 -3 -9 -2 17 12 -15 -10 -18 -9 1
14 -9 7 1 14 -22 -10 33 -17 -16 -3 39 10 -14 -5 -19 -23 -7 3 -6
23 36 11 -16 -9 -22 0 8 12 0 -38 -21 6 9 19 0 2 11 5 5
9 -14 0 -7 13 -16 -14 15 26 -13 21 -10 -23 30 -19 -28 0 9 11 10
4 2 6 20 -21 -17 0 19 -15 12 -17 39 1 -10 28 27 11 -34 -47 -15
5 10 22 4 -10 0 19 32 -12 13 34 -3 18 25 1 -31 -12 23 12 26
-1 26 -10 -9 2 -17 -3 -26 3 6 -30 -10 13 -23 -56 -13 -18 -74 -4 -32
-24 -22 1 -9 7 12 -29 -13 9 23 22 -15 -7 2 -19 15 13 14 39 0
-1 2 -11 11 18 -5 -6 -15 -5 -7 25 -3 -7 -19 -2 10 -5 1 1 -2
-15 5 5 9 9 9 -3 10 3 28 -10 -16 -36 13 -2 2 -4 40 -10 -24
32 -7 -2 -21 -2 -2 2 -1 0 16 -1 26 2 -30 4 -61 -5 15 3 -12
24 9 -5 2 -13 -2 -52 -18 38 16 -3 -17 2 2 -18 38 -14 -18 79 30
-17 -34 26 -8 11 2 0 19 5 -6 19 -1 13 7 -32 -21 -15 -1 -24 -8
-11 -5 -18 27 18 -22 23 42 -2 -8 26 -31 -13 2 -3 -29 -21 -15 -4 -19
-29 -31 -63 -4 -12 -3 -2 -11 18 16 11 13 21 -3 -6 -33 3 -7 -76 -8
-13 -29 -25 0 -9 -24 -5 -38 -19 50 -3 -44 -7 -5 12 33 -16 -43 -12 53
8 45 11 1 -24 29 -22 -36 8 -44 -38 3 -17 -22 -31 31 9 -17 42 8
-26 5 -16 9 -18 -19 33 29 -13 -33 8 16 -7 -9 -8 30 -9 -28 -24 6
19 -8 2 -6 -25 -3 -50 20 13 32 15 2 -17 11 -11 -32 -14 8 28 -36
33 39 -38 -17 -18 13 3 7 9 36 41 -4 -9 26 20 1 -9 34 -36 -24
33 -4 -17 -9 16 -1 -2 11 19 26 44 38 14 -15 -9 4 -11 37 21 -43
27 -10 -36 -15 21 17 -4 -40 27 44 -4 -20 -3 20 -15 1 -10 9 -22 -10
7 35 -43 -66 42 -7 -29 -4 -16 -4 2 -30 2 34 -39 -8 -18 -30 1 16
-3 16 36 25 -10 -13 -31 -23 -24 -12 -11 -1 -19 -5 -1 -11 17 22 -27 -2
49 43 0 -36 -7 3 17 5 -12 3 28 30 35 9 8 18 -11 -26 -2 -28
-64 -36 8 -16 18 27 33 -4 10 21 20 -7 -15 -4 43 -10 0 24 6 15
15 12 -11 9 -10 -5 -5 -25 -3 17 -8 5 0 -10 -9 -3 1 -3 -2 6
9 -7 -3 -3 -9 -17 -17 6 5 -20 -4 -8 -15 -6 -7 21 3 8 28 9
14 8 2 -1 1 -6 9 28 -4 -10 -10 5 -16 -34 15 34 14 -8 -4 -7
-17 -18 -13 -6 1 -3 -2 -6 -13 13 33 12 5 -12 1 13 16 4 13 28
11 23 6 -18 13 -13 -13 -14 -9 -9 3 15 19 5 1 17 0 -9 3 -3
-20 -1 -9 -18 -13 -11 -31 21 5 11 7 3 9 1 -2 -21 -16 9 -5 32
-3 -20 49 -11 -1 14 0 0 16 -6 -4 19 10 -3 -11 -1 -7 25 -10 -4
58 -5 -1 11 -12 -1 21 -7 14 9 5 11 -8 20 16 7 -11 -19 4 11
20 18 -8 -12 -9 -15 -5 -2 -21 -16 -1 16 -7 -23 7 -28 -43 -8 -6 -23
8 -4 -23 -3 -4 -21 -1 -9 14 -5 32 -5 10 7 2 -1 -20 -4 -3 3
-5 -7 -21 -30 -9 -25 -16 -8 -7 -17 11 3 -5 30 -4 8 -14 -4 3 3
2 -3 -7 -7 2 10 4 -9 6 7 31 0 5 40 -3 3 -6 -6 2 -3
-5 20 11 -4 -17 33 6 1 59 0 -2 13 -3 25 78 -3 17 54 -33 -27
14 13 42 15 -17 16 28 -17 -2 4 -13 -34 -26 18 -45 -28 17 -12 -25 -18
-31 -11 4 22 -31 33 7 -28 -5 -11 9 4 -19 7 -12 0 -10 -11 -19 7
8 23 -2 -4 1 -1 -22 -5 2 -30 14 18 -16 1 0 -2 -7 5 4 -25
15 -3 -14 -6 -8 16 14 -14 13 3 15 22 0 -15 -18 -17 9 -10 18 6
-17 2 19 50 -9 -3 41 -25 -3 14 -20 -20 -19 -34 -36 -29 -3 8 -17 -6
0 23 4 -18 10 11 1 16 18 9 12 9 -16 -9 -24 -13 -4 -23 6 23
40 1 14 15 17 8 -4 -10 -6 2 -27 3 -6 -19 -17 0 10 -9 0 14
16 -14 -14 -12 2 -11 -12 17 1 0 18 -8 15 23 4 -3 -8 -16 14 22
-18 5 3 -6 4 18 16 14 38 -9 1 7 -14 4 22 4 17 24 -11 -1
15 20 -13 28 -5 3 7 7 -6 -3 15 19 -31 -5 23 -7 -14 -10 -2 -9
-15 -44 31 30 -20 31 -7 -9 -9 3 -4 -13 -17 -15 -18 -24 -8 -5 13 6
-9 -15 12 -17 -8 -11 7 -21 -7 -2 30 9 4 -32 -5 -13 -23 -13 -24 24
-4 -28 -10 -29 -8 -22 15 -8 4 25 -20 25 26 -12 -28 -16 -19 -27 -5 -7
14 17 -16 0 10 18 22 -5 2 -22 6 -16 17 30 2 8 35 -1 -20 7
-7 -8 3 6 -25 -39 -21 -31 -27 4 0 9 7 -11 24 7 -17 9 1 12
-3 -13 -29 -12 -8 -22 -43 -1 -9 -17 18 16 31 2 -10 2 -2 -28 -23 30
18 9 -4 4 15 41 0 -15 13 -5 8 5 -17 -26 2 28 -4 -16 18 -3
-6 8 4 -1 2 -3 10 -19 -10 -5 0 12 -34 -11 25 2 5 10 -8 -10
7 17 15 -8 11 -14 -3 3 -17 -20 0 6 -1 17 35 13 14 -11 13 22
-17 -7 38 4 -14 -20 -25 -20 7 19 5 2 -25 16 -6 -49 4 -1 7 7
45 13 -31 9 4 7 -32 -36 -11 6 26 22 41 19 11 -25 -19 -28 -16 10
-32 14 34 -10 5 20 6 11 1 5 5 5 28 14 -2 -4 56 3 28 -9
-11 -12 8 5 -17 -25 -9 28 -10 -15 14 -3 -8 6 22 -1 14 6 -4 8
9 -1 21 13 -9 1 -17 -25 -8 -10 -10 15 -11 -12 53 -16 -41 9 1 22
-2 -3 -24 1 4 -26 8 12 1 -4 55 0 -1 27 -17 -1 8 18 9 1
-12 -13 7 1 11 -30 -26 -17 -19 -14 -18 17 4 29 5 11 11 1 0 25
-4 -3 13 -18 -39 -35 -21 28 25 -3 -8 15 -11 -8 -6 8 0 20 37 17
26 -1 4 1 13 4 2 -23 -8 15 16 0 -6 1 -1 -3 -18 -19 -12 15
0 7 31 -10 50 7 -11 7 -10 -7 15 -4 5 -8 7 35 -5 14 8 12
-27 -23 -12 -1 0 1 14 -18 -12 -1 -18 6 2 -2 4 -31 -21 -8 8 -12
-3 19 9 15 -6 1 -7 -4 19 10 1 50 33 -6 6 -4 5 18 28 -39
17 18 -4 -4 9 5 4 -2 -11 3 1 -9 -14 -5 -14 18 1 -8 -5 4
-12 4 -2 16 14 -20 23 17 -57 25 2 -12 33 -10 -18 27 -9 -34 6 40
14 -15 -45 -28 -7 -48 2 13 -5 -13 22 -5 -16 29 12 8 2 -1 -8 18
3 14 24 65 12 11 5 -14 9 4 -13 43 14 -25 0 2 6 13 18 11
37 55 28 -3 -16 5 -25 -14 -4 -7 8 -18 5 -18 -5 2 4 5 28 36
33 0 -14 10 -16 -20 -13 -8 -16 -20 0 -16 -16 7 11 16 -26 18 44 -3
0 -7 -6 -13 19 -3 -11 13 -5 2 6 0 4 11 -3 -30 -25 4 2 12
-12 -13 -11 13 -3 2 -14 -40 -12 17 25 0 24 78 18 -3 -11 3 19 -20
-13 -2 -25 -5 -4 -2 8 -5 -22 -8 11 -19 -16 -18 -32 -11 -18 -40 -24 16
55 13 3 12 0 24 45 27 -11 19 -16 2 -24 -16 -10 -54 -42 -1 -25 -17
-10 -6 -9 -5 -2 -27 -23 -35 -24 8 -13 -17 -6 8 23 19 24 24 -2 5
0 9 8 -4 9 -8 -6 -3 3 -12 10 -22 48 -8 -2 4 -9 1 24 -40
-28 45 -9 5 12 2 8 15 14 -16 -16 3 32 5 33 17 3 22 -10 -16
-5 -11 -23 -8 -5 13 -7 -5 -2 8 0 18 8 10 12 -6 8 0 2 -1
10 -18 8 15 -6 -7 4 -5 5 9 5 18 -11 -2 1 -18 0 5 6 0
4 9 -2 7 28 -7 -1 2 4 16 -17 -4 -11 17 -1 14 -4 8 13 5
-16 -5 8 -6 -19 -6 -12 -7 -21 1 -27 -33 -17 -19 -39 24 18 13 15 31
1 -1 8 4 8 14 12 -6 -4 -4 -5 -1 2 8 8 -13 -10 7 -13 -12
-12 -16 -8 1 -2 19 2 -7 16 -6 7 -5 -11 12 -20 -4 -17 -16 -8 -8
3 16 12 -18 11 -26 -3 8 -10 24 2 19 22 15 18 2 3 11 -8 -7
5 21 11 -10 -1 -6 -10 20 36 23 -2 -2 -10 8 12 26 0 -1 -3 0
8 20 -4 3 -1 17 0 16 5 -40 57 8 3 9 -13 -42 -6 13 -12 0
-22 -9 5 5 7 3 11 4 -13 18 10 -12 7 -17 -1 -5 3 23 3 -8
9 25 30 19 7 18 14 21 -4 3 -5 8 -7 12 -18 -5 8 -1 17 17
-3 -10 32 -16 -14 -6 -44 -18 14 20 11 14 35 18 -25 -9 20 30 6 -8
-6 -5 0 -1 -1 33 2 2 5 1 8 8 8 8 12 -27 20 -22 -47 5
-11 -5 14 34 -11 -14 10 -24 -23 28 16 39 7 9 26 16 -32 -29 -9 -39
-39 -18 -12 -2 -11 -12 -5 18 2 4 11 -1 13 -3 18 19 -25 12 8 -11
-22 -30 7 5 -19 5 -24 -48 4 -7 -10 6 -15 13 15 -18 38 32 4 4
1 -1 8 8 -9 -4 -3 -2 4 2 6 -4 1 4 16 12 -9 -16 -5 -6
20 16 26 34 -12 9 4 5 13 -23 7 -6 -13 5 8 20 -3 -7 3 -8
8 25 -7 3 7 0 -19 -16 -6 4 23 -2 -3 10 14 22 47 17 20 127
36 -11 -7 -1 35 16 -10 13 8 -24 -3 -9 -19 6 18 16 12 8 -8 3
0 4 -7 13 -1 -4 12 11 1 -10 1 8 14 0 6 1 8 8 -8 -14
-2 32 6 5 2 8 -6 -11 -13 -10 28 11 -4 -2 17 1 -3 -10 1 -16
-16 13 -2 -6 -5 -6 -16 4 -14 -1 32 6 -2 -20 39 -8 -43 30 -25 4
27 20 -9 -28 -3 1 6 11 0 -15 6 19 7 -17 48 7 -32 -3 -20 -17
4 7 -4 -10 -25 0 11 -1 -18 -20 -41 -20 -3 -11 -25 28 21 -7 13 26
11 3 -2 -7 6 -19 -13 -11 -17 -13 -25 -14 -20 14 31 1 -14 -13 -3 -21
2 -12 12 24 -9 1 19 7 -5 -16 -20 -18 -20 -5 -11 -2 2 7 6 7
-16 -8 26 -17 -15 -10 19 -2 -10 -3 -3 -3 -19 -22 -20 4 12 19 9 19
5 -47 -64 -28 6 19 -8 7 6 -18 -76 14 14 -28 -2 29 -25 -4 -15 17
20 -5 18 68 7 -39 12 -5 7 -16 -2 -10 -5 -13 1 -3 -3 16 17 -16
-11 23 -15 -4 13 1 -10 28 37 -18 11 11 -12 -2 4 -4 -17 13 1 -10
7 29 11 -13 12 25 -4 10 28 -10 -4 8 -10 6 9 -19 1 -32 -23 -4
-11 5 25 -10 0 51 46 20 10 28 -17 0 -10 -17 35 20 6 -7 -15 2
-29 -6 -30 -22 10 -27 -19 -24 0 33 5 -6 14 10 -5 -5 1 10 -27 -9
7 -6 4 -6 -17 -5 -9 -24 -61 -14 -28 -39 -36 7 -25 -14 8 11 -17 -11
15 -6 -8 19 -2 -14 -9 -12 -25 2 -51 -19 -5 -10 -21 7 9 12 19 -13
16 9 -4 15 -2 19 20 -1 0 -3 13 13 15 31 -19 39 13 -20 1 4
5 -28 31 -38 11 59 -13 -28 8 -7 -18 -26 5 28 0 -4 7 4 -3 -5
18 23 -28 21 37 -1 -2 1 -50 -49 -5 5 -25 -15 19 31 9 0 -1 -7
-15 8 -38 -31 4 -29 -11 -15 -22 -8 2 -22 4 10 9 -15 -18 -10 -43 32
17 -37 6 0 -4 -13 -8 7 28 -7 -7 26 9 22 21 -4 29 19 -12 10
4 -54 -4 13 20 -9 38 41 -20 5 22 -10 -27 -28 7 27 -10 -9 27 -2
-1 -36 -5 18 15 7 27 -10 -20 -24 -15 4 -10 -12 34 0 -30 4 30 13
-17 13 19 -16 1 1 -4 21 -25 -23 13 9 4 -16 -41 -24 -25 4 -11 -10
-9 6 17 -9 -11 -45 -21 -14 20 -19 9 19 -36 -8 10 -24 -8 6 -8 20
2 18 -9 -12 2 7 -9 -10 -9 -4 7 12 7 -24 13 10 7 20 1 4
17 25 34 6 -8 -3 -21 2 15 3 -19 -18 -3 -2 -6 5 -7 39 3 -18
5 -2 0 16 -8 23 32 21 10 26 16 5 10 2 -13 -55 -5 -9 0 0
-6 -2 -15 1 -23 -6 18 15 5 22 3 -2 1 2 -7 20 5 -18 32 14
-24 7 -16 -3 -12 -61 0 8 -34 -13 19 30 36 -28 -12 1 -30 27 6 -8
-17 -21 -17 -22 15 -5 -13 14 7 -5 -14 -15 2 16 -28 -16 -11 -27 -26 -8
7 -21 12 26 37 17 15 14 -3 0 21 0 19 8 -13 2 -3 1 -9 21
-15 -14 -43 -18 -5 -41 -19 -11 18 33 -53 -21 1 -16 -16 3 16 2 -13 -7
8 9 -32 -7 4 -10 -14 16 -1 23 12 -13 -3 14 15 -19 2 17 -9 25
0 -36 2 9 18 -4 34 -7 11 24 1 0 23 2 -13 10 12 9 -2 3
16 -29 11 21 -20 -23 14 -22 -31 -3 19 -6 -10 7 -32 -8 -1 -3 -12 -32
-12 3 -12 21 18 -6 -26 -4 14 34 24 26 30 14 6 9 15 7 28 4
24 29 29 19 -12 23 -14 3 23 -17 -20 16 -5 -13 -5 -4 -2 -3 0 6
0 11 -3 -4 -37 -30 5 -24 -22 -11 -2 1 2 12 8 13 6 28 5 0
8 -3 0 3 -9 -11 13 0 1 1 -4 -5 6 5 2 22 10 2 12 4
6 9 10 0 12 -5 2 2 4 -9 -40 -11 14 -22 3 -6 -11 9 -15 -38
-22 2 -22 -5 -16 -2 -16 0 26 12 -14 -2 -9 2 7 23 -3 -18 6 19
12 14 -4 17 -1 -15 -12 -23 0 -9 -28 7 -3 -17 -4 -46 -28 0 -22 -24
-8 3 -4 17 24 18 -2 18 -18 -22 -19 -32 -10 7 -8 5 4 4 9 7
4 -23 -20 10 6 8 3 -2 -10 -8 -14 -9 2 -18 -1 24 -10 -3 -2 -5
9 -16 0 -24 -17 13 7 27 4 14 -5 1 13 -16 -2 -20 -19 7 6 -13
8 0 7 2 8 -8 2 5 -4 -24 -27 -8 11 -27 1 -16 -22 -27 6 5
15 0 -9 -19 12 9 -5 -5 -5 9 7 -12 3 0 -22 -13 -3 47 -5 -12
15 0 7 41 17 0 22 22 -10 0 -13 7 12 5 -18 -1 6 1 3 2
7 16 12 9 11 9 -9 10 -1 3 12 5 1 17 9 3 7 8 -19 14
8 -8 19 2 -5 2 11 -14 -15 3 15 7 35 8 17 21 25 15 3 2
-1 -19 0 9 -7 9 18 16 -9 7 6 -7 7 11 -30 6 6 -27 7 8
-14 10 23 3 2 7 2 7 17 -3 14 1 -12 9 -8 -24 -8 -17 -16 -2
2 16 -2 -7 12 21 8 -16 8 -8 -11 1 -22 -9 -4 -18 -12 7 -2 15
8 -4 -8 1 4 1 -10 6 -23 -1 16 7 13 9 4 15 -12 0 -1 -5
3 -9 -17 0 -9 -1 7 -29 -9 0 -31 -8 -3 -48 -19 -1 1 23 -8 -10
-16 -12 -12 -27 -30 -3 -20 -4 -6 -7 -13 10 2 -22 5 6 -58 -3 23 8
-20 -2 -18 -9 -2 -20 -6 -19 -2 -4 1 10 23 6 -2 -28 10 -8 3 -4
-14 17 -22 -9 -11 -31 -12 -15 -5 8 5 -2 5 -6 -20 13 -4 2 15 -12
-25 31 -2 -47 2 -2 -5 2 -1 20 11 -4 18 0 -6 10 -22 -2 7 19
25 8 3 -7 0 20 -18 8 -6 -10 23 -6 -33 -15 14 8 21 -1 30 1
3 4 -10 -5 5 -7 16 0 8 -13 -9 -8 0 6 2 -6 5 24 6 -13
-5 7 48 2 9 4 -4 -10 -38 -11 -5 -10 -6 -13 -23 -7 -14 47 13 21
44 33 -20 -10 -2 -22 -2 1 5 9 27 9 3 19 -8 -16 -12 -10 -5 7
-8 8 -10 -6 48 11 -12 -7 -2 6 28 18 3 9 -1 -23 -25 16 38 -8
61 11 -5 13 16 -5 -35 29 34 9 31 7 -5 6 -13 -2 12 -15 49 11
11 15 -11 -2 0 -9 26 26 7 2 8 0 25 16 22 -1 10 33 13 -4
25 19 -21 10 15 -5 -13 1 -25 29 11 -12 16 -21 4 -2 12 19 -8 27
9 -18 12 -7 -9 13 23 5 -18 -5 4 -6 -5 5 1 -12 2 -3 -21 2
-7 -12 25 25 -2 13 9 -13 13 -12 -3 -1 -3 -14 14 40 16 16 7 30
5 -4 2 10 -14 -15 -7 -6 1 9 -9 22 -8 8 11 -2 10 4 30 23
6 31 -13 -35 20 5 10 6 3 -3 -32 26 24 -24 -3 4 6 28 6 -13
-13 -13 -21 8 10 -4 -1 1 3 28 1 0 6 -24 -13 31 -7 2 37 -5
27 -24 -21 16 -2 -5 -17 10 20 0 22 23 -11 -6 13 10 0 -3 43 -22
-34 3 -9 -20 10 -3 -7 10 -29 -29 23 26 -4 -1 -7 28 -23 -34 34 -2
-15 6 -39 -60 -21 20 -5 3 28 19 -15 17 7 34 39 12 31 14 16 9
-21 4 -3 -21 -11 -4 6 -18 2 10 27 23 14 44 47 -22 -8 16 -21 20
10 -19 24 9 1 12 -8 -11 -13 -1 -12 -11 16 -2 32 -9 -27 -31 -4 5
-9 7 35 13 0 28 -4 -12 5 5 2 -5 -28 -63 -4 9 9 10 10 -3
-23 3 4 40 12 -15 30 -38 -33 31 19 0 10 13 33 -15 3 64 11 10
21 1 6 -12 -5 -4 1 -6 6 3 18 4 -6 7 6 -39 4 9 -10 -19
-13 -12 9 5 6 15 2 -9 -12 -16 3 -6 -3 -8 -7 10 -4 -6 -1 4
17 -6 21 -5 5 3 7 9 -13 6 19 -15 -10 19 6 1 -1 -2 7 1
3 3 -23 -16 -3 -1 -3 8 -13 4 17 1 -5 -12 -14 -7 0 -1 -18 21
-2 2 -6 -27 -3 -17 -35 -22 -5 -6 -7 8 9 22 44 -25 -29 28 -12 18
7 -33 -22 8 -10 -5 -4 19 -21 5 -5 -21 30 -15 -34 6 -16 -4 11 -8
-5 6 4 -10 19 16 5 21 41 42 9 4 43 2 7 17 -10 -11 -14 5
20 -5 6 15 -6 10 -2 -13 34 21 -29 7 9 -12 -20 -16 -4 -46 -2 25
-15 -13 1 -11 -4 1 -3 -5 21 8 -14 4 -2 -15 -18 8 -22 -28 -6 -11
-9 20 17 10 -26 -17 38 -2 7 -6 12 -5 9 -6 -13 5 20 5 -6 -8
-12 -1 9 -14 -3 7 12 11 -14 14 14 -13 -13 21 25 -15 1 -11 10 -14
-5 31 20 -6 0 18 11 -4 -5 -7 13 14 -17 15 6 12 -4 13 24 -12
-7 9 0 -16 -1 4 -4 1 -10 5 4 4 14 -19 -11 -3 11 -21 -10 21
10 -25 -16 -15 26 -6 3 18 -11 -8 4 -16 1 -22 17 27 0 17 16 6
5 5 20 10 -2 -40 -5 -12 15 11 -6 -38 10 35 5 2 2 -25 -38 -54
-5 -41 -35 -34 -14 -11 -26 7 4 -5 32 0 11 0 -1 35 -39 27 20 12
-15 30 -7 4 43 25 -16 1 39 -20 0 1 -13 -16 6 2 10 13 8 -6
-4 14 13 -14 -11 15 -20 -4 16 7 12 18 0 22 -12 21 4 -11 11 -15
-19 11 -2 27 -13 11 16 -26 31 4 12 1 -26 24 4 -8 33 5 4 -12
-6 -38 -39 -1 -10 -8 -1 -10 9 -18 -12 23 -3 -1 3 -20 5 0 0 0
-8 -6 -39 -2 -5 -22 -23 -29 5 -15 -25 -9 -29 -2 3 8 -8 -43 33 11
-63 -9 -6 -33 7 5 -2 21 -4 -1 -14 4 3 -52 -31 14 -57 -37 54 -24
-20 16 6 1 -4 -2 -21 42 11 -4 34 21 -5 32 -3 -1 53 14 14 38
-11 -3 1 0 14 16 -16 -12 31 -7 33 16 -5 55 69 7 15 31 -1 5
-13 -28 -9 10 13 20 9 -87 -16 -50 -97 -28 -24 -45 -29 -31 0 2 -12 -4
-9 -17 -16 -15 -7 21 -18 -7 -12 -2 9 -32 14 23 8 -6 -4 7 2 -16
-4 -13 5 -16 -25 -1 -23 -36 -2 -10 -13 9 -30 -8 3 15 -11 -30 -5 -6
-14 -4 -19 2 -15 -33 6 1 12 31 5 -6 -6 42 -3 -16 -8 33 -5 10
-1 -19 16 -11 -7 26 36 -1 22 17 -13 -13 7 24 -6 -13 -29 9 33 -4
10 53 -3 9 9 13 1 -10 -9 -20 6 -38 -4 -31 -1 -28 -14 12 -18 -13
20 14 6 20 0 13 0 14 -19 -10 20 -4 -22 -27 -18 -1 40 -8 0 -9
56 11 16 -8 -25 31 -15 -6 -2 10 16 0 -7 11 18 22 -5 -3 -14 -14
-8 -28 10 2 -39 17 23 39 1 -1 6 10 -21 -36 4 8 -10 11 -12 1
-29 -7 -35 -17 -1 -44 -13 -3 24 21 3 -17 -8 14 0 -2 6 -2 15 -22
18 -7 -6 53 9 -8 -1 17 -36 -2 24 18 10 14 -12 -1 29 -15 -24 0
-16 -2 6 -18 -33 -8 -9 -34 -2 4 19 -2 -15 -79 -22 -22 -37 -43 9 -7
-3 22 29 9 22 -38 5 8 0 -15 23 -6 4 41 4 -23 -27 -9 2 -18
-21 -4 -16 13 -15 5 -12 0 -31 -21 -18 -7 -10 -30 27 -30 -45 -9 48 -7
-52 -23 34 -10 -5 -6 33 3 3 21 14 -11 12 37 -8 11 3 5 18 -20
-30 9 -18 -5 -5 11 10 -13 8 12 15 -35 -19 -19 32 9 -23 10 1 -47
-30 1 23 5 8 19 73 56 13 22 3 7 16 11 -3 -25 48 -5 31 11
0 -1 17 -22 4 24 -18 -5 1 9 20 -4 -18 -1 0 25 -9 -8 -22 -15
7 -24 -19 7 -40 -8 50 -9 -24 -24 30 -5 26 28 39 30
