-19 0 7 -37 -20 15 -3 -12 0 -1 18 17 11 -1 -9 9 -15 2 6 0
-13 -17 -22 5 -29 -15 5 30 16 6 39 20 -2 -13 3 3 18 -30 -33 62
12 -25 21 -2 0 15 0 -19 7 -19 -7 16 23 -19 -4 14 4 -18 32 18
-15 15 -3 -11 -28 -22 11 16 -7 -7 5 13 -15 -4 20 -54 -26 15 -9 -2
16 43 12 -12 28 -2 -12 -1 15 15 -21 -11 -15 -38 -39 -14 -5 -18 -13 18
3 -24 59 0 -40 -1 1 14 9 -27 -16 12 14 -1 5 -1 -7 15 -32 -5
9 -38 -1 7 -39 -18 -7 -10 -1 -20 10 35 -1 -7 8 33 -7 -10 -12 -21
7 -24 -21 -13 9 -34 -26 6 18 3 1 14 7 3 -8 -17 26 0 13 -3
30 -2 -19 -18 -10 2 -6 1 24 8 12 -8 4 -4 3 11 5 5 -4 -7
-18 -24 -16 14 -39 -26 21 -4 -4 -22 -21 10 -8 -11 -6 1 -8 15 -3 -16
25 8 8 -4 17 12 3 -8 5 7 -22 -12 13 -27 -24 -6 -15 -7 2 -6
-4 33 -13 -10 -3 -3 14 7 6 32 15 -1 -5 -19 11 24 0 -17 -16 -10
5 -9 -10 -4 1 18 -9 11 3 -2 4 -16 -1 -7 -17 -18 -45 -24 -2 -27
-18 7 -19 -21 26 18 3 15 3 8 -26 -24 -19 10 -5 3 32 13 -6 -4
-30 -19 17 13 -2 14 17 -1 -1 5 1 -5 -6 2 -9 7 -5 6 72 -12
-25 -1 0 -4 -23 10 20 13 -16 13 9 -11 8 -12 -10 -26 -12 -11 -8 -11
3 36 -5 -12 6 -29 -6 7 -39 22 -7 -12 17 5 23 22 -9 -35 9 6
-46 -2 -6 15 -5 -18 -39 -26 19 19 -3 7 1 -10 -6 -16 15 -1 -3 40
8 31 -9 -7 -23 2 -9 22 -10 5 12 12 -17 -57 0 -2 15 -7 1 -3
1 -15 3 -30 -17 26 -13 -11 -12 15 -30 -2 6 -6 20 41 -16 8 -2 -8
-11 -6 -13 -21 -5 -9 8 -6 -13 2 -24 -11 -10 -20 4 -15 10 9 -15 11
-6 -8 15 -11 19 11 1 -11 -13 0 1 13 -1 -7 -18 15 -7 5 1 28
13 13 6 -14 7 29 -20 6 57 -6 -8 5 17 -9 7 18 -9 5 5 17
3 20 -3 -6 3 -4 -26 17 14 7 -9 -12 -7 5 -10 -28 8 19 17 10
-15 23 -43 8 8 4 1 6 5 -14 12 -16 -1 12 -21 -3 6 -14 -12 -15
-22 -32 -2 23 3 1 -21 -11 -35 -34 50 -10 -26 8 -1 -11 0 -18 -23 -11
-4 -26 -11 -11 12 9 -22 -4 29 9 -5 -11 12 4 12 -11 4 -4 -20 7
-8 -13 -16 -2 6 20 3 1 -2 -9 27 18 2 -12 8 12 -7 11 -1 -4
18 -25 8 -24 20 14 -8 -2 -37 -13 -15 3 -27 7 106 -3 -2 -22 4 -2
-4 5 3 7 -1 19 12 -15 6 23 -8 7 20 5 7 3 -1 10 3 -10
19 16 -4 -1 -14 6 -7 -16 7 -11 -10 -7 -14 4 -12 -28 16 31 -18 19
16 1 -1 18 7 9 -11 21 -21 -28 12 -6 -4 18 -15 2 -15 0 -8 28
29 13 -13 21 8 -8 5 5 25 -4 -9 11 -21 10 -10 -17 1 -8 2 -1
27 -9 3 17 8 -8 18 -16 -6 16 -23 12 -9 -7 -2 37 21 29 50 27
12 17 -3 7 -1 -10 -10 8 -28 -2 3 -8 9 4 30 -6 6 0 -17 3
-11 -2 -4 -3 -1 -11 0 3 18 -8 -9 12 11 -2 34 -44 -30 1 -25 -24
-3 8 6 -8 -19 4 -2 -11 -1 1 19 -5 14 -1 -9 -1 14 5 -9 8
6 -17 11 1 -21 2 11 -8 -8 1 2 -6 4 8 -3 1 16 7 -9 12
6 -14 -3 5 -9 -9 6 8 0 21 17 -13 8 14 -7 8 -9 2 -1 -4
23 -13 -18 -5 -31 -15 2 -25 -2 -9 -11 9 -29 -10 -50 -29 -35 -69 -25 -13
-29 7 -20 -1 1 -18 9 7 -2 18 3 -9 -14 -18 0 11 -15 4 -3 -2
-17 -2 18 0 4 7 -2 -3 -8 -11 1 -19 -11 10 -8 -23 -1 8 1 -8
-5 -2 -3 -16 -5 -3 19 2 -12 19 8 4 9 8 8 21 -3 -14 -1 -9
-23 6 4 -15 -13 -4 -6 2 -3 -8 1 -1 2 -2 -9 -2 -4 -3 -7 -8
-1 -19 8 -18 -26 9 -14 -37 -1 -20 -26 16 5 21 8 -18 12 -6 -4 6
-6 -1 -1 11 4 -1 13 -5 -7 1 -8 11 16 23 4 -32 -23 6 -21 2
10 -12 -6 17 -11 -9 -1 -7 -1 -1 -6 9 -7 -5 18 16 -28 -4 37 -5
-32 53 -6 -23 0 5 -5 -14 -10 -20 19 -24 6 55 -1 -6 5 11 -4 -1
11 1 4 -27 -12 -9 -54 -24 4 -43 -13 -14 3 -2 -8 1 -16 -8 3 -4
-9 -1 -4 3 -26 -25 36 -8 -21 10 9 5 16 15 -2 -3 -15 -28 28 23
15 -6 -8 0 0 5 1 -10 -1 -6 14 -17 -18 8 -1 9 0 -22 -20 19
-34 -13 51 -28 -20 4 -10 11 4 -17 14 4 -10 -16 -5 1 -5 8 5 -2
1 9 10 6 3 3 4 -42 16 21 -27 -31 31 10 -2 -3 8 5 3 -6
-5 -9 1 7 13 0 -10 18 -10 -15 -2 0 -8 -6 -6 -18 -25 6 -23 -21
2 8 6 13 22 34 -3 9 16 -8 9 17 -4 8 10 4 20 11 -23 -10
40 -15 32 27 2 15 2 4 -9 -17 -1 -16 -18 -16 -22 -4 -14 -22 3 8
-9 13 1 -3 14 1 12 22 -10 -8 19 -20 -11 2 17 9 6 13 6 1
2 -6 -12 -10 -7 12 -15 -13 6 -21 -18 -7 1 19 -3 4 22 7 -1 -12
7 13 11 10 5 -7 9 -13 -35 -3 2 15 11 2 1 6 -12 -28 5 13
9 6 2 -6 -1 15 2 -6 6 2 -9 29 14 -5 3 17 -3 -2 6 -10
-3 10 -17 -2 -4 -13 -6 8 -12 -10 21 -1 -1 46 5 3 -8 -3 -5 12
8 -1 -2 14 0 10 -8 7 11 4 24 40 15 16 0 7 -4 -34 -8 5
-23 3 -13 9 -5 1 -4 -9 2 9 -13 -18 -19 -7 27 3 -11 43 24 6
5 -8 1 2 1 -9 13 2 -3 -4 -10 -13 -5 -12 0 6 0 2 -1 -7
-12 -19 -20 -4 -20 -13 -3 3 4 1 -13 -11 -2 4 7 27 -3 -1 -2 -20
-15 -15 12 19 11 3 11 -3 23 16 -10 8 -3 -2 -17 -5 -2 -4 -3 -4
2 -16 -8 18 11 -6 14 5 -1 -5 1 -2 -2 -6 -5 -15 -22 7 13 -10
3 -7 23 8 5 9 5 -7 -22 3 3 3 -6 -7 -16 8 -8 4 2 -5
8 5 -3 1 6 2 -2 2 1 5 -11 -20 -3 7 -14 -5 13 -5 1 -2
7 21 6 -11 -25 -7 -5 -12 0 6 13 15 5 -21 -14 2 10 1 1 -20
5 -17 8 21 0 1 -8 4 -3 -8 10 18 -8 -6 -6 0 -14 -3 0 13
20 1 7 15 9 20 -11 11 6 -13 -13 9 -3 7 9 -6 3 8 8 5
1 25 4 -34 -11 -19 -6 -13 -11 22 74 -5 -5 -5 -8 -10 -42 -30 18 20
28 15 -17 -16 -1 6 0 -14 28 -32 16 -13 -30 19 14 -9 -14 42 -1 -24
32 -36 -3 20 -31 4 -20 23 -1 -63 4 -3 -6 -1 0 47 -4 -26 33 -8
-24 28 -17 -2 -49 19 1 -18 12 -19 -21 33 -1 39 7 -2 14 10 1 -12
4 -3 -22 9 -12 -52 8 -33 -41 14 -8 2 -1 -6 -23 -11 -24 -35 -3 4
19 -10 1 29 -27 3 4 -18 7 15 8 -15 -8 -9 17 43 -3 -24 7 -25
-12 -11 -7 2 14 10 13 -13 -20 1 -9 -23 -14 -35 -27 -2 -16 14 39 -17
11 2 -30 -14 -24 -58 -20 -29 -19 -23 -7 3 19 -1 11 17 -5 -33 27 -10
41 21 19 8 9 2 1 8 -8 24 12 -14 -6 8 -6 -6 13 6 8 22
24 18 4 5 -31 13 12 -5 8 -5 14 5 -20 -2 0 5 -17 12 -21 -20
-9 3 8 -10 7 -5 -30 21 24 4 -20 7 7 14 -1 5 12 15 -10 -15
3 -18 -10 4 -8 3 -22 -15 -16 -20 -32 -7 -5 -14 4 -43 1 -16 -6 -1
13 -30 -6 -3 -2 8 30 15 -27 6 -13 -21 -17 31 0 -31 -2 32 6 -8
18 28 27 12 44 -6 14 7 -5 12 -12 19 -3 -19 -6 -16 26 46 -6 3
-5 -10 -1 -25 -16 11 29 -9 2 -10 5 4 -23 0 5 17 3 -8 -9 -7
-11 -16 -6 -11 -1 3 8 -1 -16 1 0 -4 2 8 10 -4 5 13 -6 1
10 3 5 5 0 2 1 0 17 1 -3 2 1 -9 -7 -1 -12 -32 -8 -17
11 9 0 1 5 2 6 20 -5 -7 0 -1 -4 -3 6 4 -17 1 3 5
1 9 0 -5 2 2 0 -4 -2 -9 -20 -9 -17 -11 -21 4 32 -2 -4 -7
5 -3 -4 -2 1 -2 -1 -3 -6 -8 11 -6 -14 17 11 8 5 -13 -2 5
39 14 7 38 14 3 -4 -11 4 -15 2 -9 -11 11 -1 2 2 -29 12 8
-12 -6 -1 9 -11 -4 -2 -1 -2 6 0 8 -3 -10 -5 7 19 17 0 16
0 7 10 4 -11 -29 1 18 19 21 0 0 2 -6 -3 2 1 3 2 -1
-2 7 2 -5 -1 -2 -7 -1 -7 -11 -10 22 -12 -22 34 23 8 -1 -4 -3
2 -4 1 7 -14 -4 10 -3 -2 -1 -2 4 0 -1 4 1 1 2 -7 -11
2 5 -3 1 -1 -7 8 -1 -7 29 4 12 13 2 -4 8 5 -5 9 -7
-5 -1 8 -3 6 1 -9 -4 0 2 -5 2 -9 -1 -10 -2 9 -5 3 -9
0 -1 1 6 9 -6 -4 1 -8 -3 -7 -2 -8 8 5 8 9 4 -2 -9
-9 5 8 6 0 4 -1 -4 -4 7 -8 17 8 10 52 23 7 -8 10 13
5 8 -1 -5 2 22 46 34 2 46 2 -13 1 7 -28 -18 9 -9 -9 6
4 26 29 -5 0 33 -8 -11 -23 12 -6 -23 30 -40 -51 37 21 -13 12 23
20 5 9 -7 -7 -9 9 -11 13 -16 -18 -1 9 -20 -11 0 3 1 -1 9
25 -5 2 -6 7 2 3 -9 -15 -10 7 -16 4 -24 6 1 -18 -9 25 44
-9 -4 21 -22 -3 -15 21 3 4 4 -8 19 21 -8 7 -12 3 -57 -28 -14
0 -21 -23 -20 9 13 25 6 1 -24 3 19 -15 -2 -34 -17 -5 11 -22 -22
-1 -6 -9 6 3 28 28 14 7 6 10 -28 1 -7 -24 -10 -18 -8 17 -13
-1 -13 7 12 -1 -30 15 14 -27 -12 7 -9 -5 -18 28 12 17 9 -1 6
-13 5 -9 -14 5 5 3 3 15 -5 -14 -18 -5 13 -6 0 8 3 7 -6
-19 34 26 -9 0 -3 -23 -11 -9 -29 15 5 6 10 -5 -21 4 -18 -29 -35
-1 -13 -6 -16 -11 -4 0 4 -4 1 -6 -5 15 -5 27 4 20 41 -10 7
13 -27 3 17 -23 -21 -8 -11 -4 13 30 -14 -17 -29 -4 -1 -21 11 0 -5
-9 -18 -21 4 -6 3 10 -1 14 -17 8 13 27 1 -7 12 1 14 61 56
-10 -23 4 -3 -37 -1 -15 -14 -27 -18 1 23 1 5 13 -21 -26 -14 -19 -17
0 -30 -11 15 1 -7 0 -6 -5 -7 3 -1 1 13 -11 12 -8 0 -2 -13
-24 -6 9 11 0 15 14 -3 -3 4 -1 -6 -3 15 7 -6 7 7 0 12
-4 2 1 -3 -19 20 -6 11 11 18 -8 -10 12 -9 -12 5 8 1 -10 -13
-8 2 23 16 -3 3 8 2 -7 6 1 -25 -23 1 -9 -9 -4 5 2 6
3 2 -7 -16 -12 10 20 17 14 8 16 -5 -4 -7 -3 9 8 -24 -16 7
-11 -11 4 9 6 3 -12 -12 7 2 -14 -20 4 8 -6 -2 -8 5 2 10
14 12 7 1 -1 -8 -6 4 -9 3 8 17 17 8 3 27 -12 -7 7 3
-6 -1 -9 11 -12 -12 -8 -12 18 36 0 8 -12 5 -3 -4 -10 -1 -4 -2
-7 46 -6 -5 6 -5 14 12 3 -4 -3 -2 -4 7 3 -17 -2 0 -12 -10
-2 18 10 -3 21 13 32 -11 -3 13 3 -8 -12 2 -33 -2 12 -6 3 20
13 9 7 4 -19 5 8 -3 13 8 -13 7 1 11 -10 -4 10 0 2 1
9 -8 11 18 -5 -4 -9 -20 0 0 8 -7 -7 -16 7 -3 -2 16 -1 2
-6 -9 -25 -23 -3 -11 -3 9 1 -7 -2 -7 5 4 5 -1 -10 14 18 -1
-8 9 -2 -7 -7 11 1 6 0 17 -14 -10 -10 -18 -3 -35 3 -4 -1 3
17 5 3 -3 34 -2 0 1 -6 -4 -9 0 -21 -23 1 -4 -30 0 17 -1
10 3 4 7 5 -3 1 -12 -3 -5 7 -8 15 10 -14 0 6 -23 -14 13
2 -10 -4 2 -12 11 -10 -5 -21 -22 -10 -3 23 -7 6 32 10 3 12 -10
31 -6 -8 -19 -21 -26 -8 -10 -11 -24 -20 -29 13 -9 -2 2 -3 -7 12 34
-6 -11 1 -9 11 -7 3 1 -14 8 27 21 16 18 30 17 14 -39 23 -4
-35 9 2 -9 3 -17 -17 -9 10 -3 3 -4 8 8 -1 9 -1 20 16 2
-1 -12 2 -21 -3 -19 1 -7 -3 3 14 2 -8 -3 -5 13 16 17 9 10
8 10 2 -1 -12 -6 1 9 -6 -6 -13 -12 -7 -13 -14 -4 -5 0 1 -17
-23 -16 -7 4 -12 -7 -25 -4 -13 -30 -6 9 -4 -3 10 8 12 4 -9 0
-6 -5 3 -2 -16 -2 6 -9 4 4 -17 16 -12 26 37 -25 -37 26 -3 10
18 -10 5 -17 -2 21 -24 26 27 5 9 -11 -9 -3 -3 -29 1 3 -5 -2
-3 17 -3 12 6 -8 -19 8 12 12 -5 11 9 -3 14 11 33 -9 -10 -21
-10 6 -14 -3 -7 -7 -20 -13 4 -3 29 24 4 28 12 -5 -5 -8 -3 -12
-8 16 -4 26 -16 -2 -2 -5 -22 -15 14 7 8 -10 -8 16 -11 -25 -11 -14
-22 -3 5 -14 12 9 -5 14 1 -2 15 17 30 25 2 -4 1 -7 7 5
5 7 14 35 -2 17 13 -13 10 8 -20 -22 6 -10 -16 9 -5 19 18 -3
-4 23 31 -18 10 53 41 -20 -5 7 -26 -28 -2 -6 -1 -7 -1 -25 13 -12
12 2 -10 -8 -7 -16 -2 -5 -12 -12 60 -17 32 13 -24 -3 49 -8 29 28
-10 4 -11 9 53 22 -21 -38 47 4 -12 -15 -13 -11 1 35 13 -16 16 -13
-9 4 11 17 -15 -10 23 -1 6 -14 15 -11 13 24 12 -4 -3 1 -12 14
4 2 11 10 30 36 12 12 21 -16 -18 34 7 -27 11 10 -18 -6 -15 -5
-36 27 -20 3 11 5 0 2 40 -8 -36 -14 -32 0 -23 -3 -17 -22 29 -8
-37 14 32 -18 -14 25 13 18 -7 11 -17 -13 -7 18 14 25 -44 -12 30 21
20 12 -7 -26 5 -17 -43 -4 -21 -38 -27 -14 -12 -6 2 0 -3 13 15 1
-2 -6 6 -13 -11 -1 5 -17 -14 13 6 14 -3 -16 31 -20 -38 0 -2 2
-11 -14 -10 -40 -14 -7 -15 13 -47 7 28 -10 -39 16 57 -29 -23 -3 -6 -35
-12 -47 -22 -18 -2 -19 -12 7 -20 -38 -9 -11 -1 -11 -9 -20 3 -2 -44 10
-7 2 19 -2 -27 -21 30 -31 -16 19 -8 13 2 -9 16 19 11 0 3 17
-2 7 3 6 3 -6 -12 -8 -24 -24 22 3 0 9 18 -18 -16 -8 7 15
33 24 -2 28 32 8 1 9 0 7 -2 1 -7 -31 8 -14 -14 14 -1 -14
13 10 -9 -1 -4 4 -20 -13 -3 -19 -13 -14 7 7 1 5 12 12 7 22
19 -13 -9 -5 -23 -32 14 -9 28 39 -35 -6 35 -1 15 -1 -3 -6 -32 -16
2 14 -16 12 1 -2 18 15 3 7 -1 1 -19 -3 12 16 -17 -2 -8 5
-3 -5 -6 -11 -7 -3 11 6 -16 -6 -2 0 -26 -6 7 -11 -7 -4 3 6
3 -7 2 0 -2 25 24 26 1 10 49 18 -12 21 -1 -1 5 7 -1 6
7 13 0 -13 2 -3 -29 6 -11 -25 -10 -10 -10 -4 -2 -7 11 -21 20 56
-11 -10 13 2 9 -3 -9 0 14 19 11 -2 -4 -14 -12 -23 10 21 3 4
1 -12 1 4 -4 12 14 5 10 4 2 -2 -9 10 3 -7 17 6 -9 14
18 -6 9 26 -20 4 -13 -22 -11 -14 7 8 -17 -7 5 5 8 2 -3 -2
-3 -13 -13 2 -6 -5 -11 -8 -6 9 -9 -15 2 -9 -12 -8 -1 -10 -25 12
7 -9 8 15 -11 -3 -6 2 -9 -16 -1 -7 -12 -18 0 21 -8 12 27 -4
-3 10 3 8 -11 -14 -40 -21 -17 -11 0 -11 -4 0 -6 -18 -4 -2 -13 -13
1 12 -7 -2 21 8 -17 -1 -11 4 -4 -18 13 16 -8 9 1 -23 -9 -5
-12 1 -3 -8 -5 17 6 5 -3 -15 5 -6 0 -1 2 3 -9 -15 -2 -4
56 -10 6 50 -6 37 -10 15 17 -4 -12 -18 -34 -20 10 21 13 -9 -19 8
-22 -10 10 0 6 -1 7 -13 -24 3 -28 -25 -5 37 1 4 -36 11 -9 -17
-14 7 -4 -9 44 30 24 11 -25 28 -12 -25 -4 -16 -27 6 22 3 5 4
2 -10 17 -10 36 3 -23 -24 -24 -90 -5 15 79 -35 2 56 -8 13 13 5
-4 -20 22 4 8 -49 13 26 12 -41 -17 22 -7 1 28 -17 -20 -30 -29 20
35 -43 -11 -7 19 -3 32 -26 -29 -16 -18 5 -19 -15 -14 9 13 11 -25 5
27 -5 21 20 16 20 0 -5 1 -12 -23 9 -3 12 -1 4 6 -12 -24 12
4 21 14 -20 3 -15 -12 17 -26 -12 -17 -9 24 1 6 60 56 3 -4 1
3 14 -10 -9 21 5 -12 -2 -12 6 -18 -29 -1 2 -18 15 18 2 -7 -1
5 19 35 -21 -13 -12 -43 12 1 -52 12 22 43 -7 10 10 -3 10 -11 -49
-1 -9 -4 -1 -11 2 -17 0 14 -30 -19 1 -17 -17 4 24 -7 -21 -11 -22
-7 16 25 40 -16 -9 -14 -12 -20 -12 -8 -23 -29 32 -5 -6 1 -11 27 -9
-21 -25 0 21 -19 -4 26 8 -19 -8 8 -5 -2 7 6 24 23 3 -2 20
12 7 11 4 -27 -17 -10 -13 10 -12 -44 13 6 -20 6 -25 10 -34 19 15
9 -5 -15 -2 18 4 12 3 21 9 -8 -10 10 -20 -26 1 -16 -9 5 12
-16 -33 23 -16 -6 -1 -34 -24 0 -48 -14 -10 -62 -23 -72 16 49 -24 6 0
-14 -13 11 -18 65 -22 3 -14 -5 -7 10 -12 16 39 -9 4 -14 -26 41 -3
-7 23 42 1 2 -12 1 13 -2 10 0 2 -29 -9 -33 9 22 19 0 -14
-13 33 -28 -54 -11 9 3 -5 38 2 -13 10 -17 -44 0 -13 11 -17 -40 -10
-12 -20 -2 14 16 -15 -39 -5 -63 -2 -25 -57 -17 -15 8 -10 -13 41 -5 -5
29 -19 -1 -2 22 -62 -11 9 -14 -2 22 23 -8 -20 -17 19 15 2 6 23
1 -1 -13 -21 3 -7 -14 -15 13 23 -11 -27 -45 15 -5 -33 -18 5 31 7
17 52 -37 0 11 26 -2 4 -15 1 30 12 29 31 12 0 -27 11 -14 26
-8 11 38 -9 -14 -16 5 15 -3 -28 -11 22 20 30 -1 -3 38 -21 5 8
-31 19 5 10 -25 13 -6 2 3 -21 -20 22 15 -16 8 -51 -33 -7 -40 -1
10 -24 1 76 26 -1 -22 -20 -11 26 -12 -33 4 -29 -22 10 3 -11 32 55
5 45 -25 -32 -10 -30 -8 23 -14 -13 -8 -17 -12 -3 25 7 -9 -36 -17 2
-11 49 13 -17 26 -24 -7 -14 -43 30 19 -3 12 -4 -8 -32 10 -21 -24 -21
9 -7 -17 22 29 1 6 7 -25 2 4 -14 -5 -4 -10 4 -7 12 -5 7
10 1 46 16 -7 14 1 2 35 10 2 -9 -15 -6 0 -4 1 -8 -10 -5
-5 -9 -4 1 -7 8 0 -8 -17 -13 -12 -11 23 -7 6 41 6 3 9 10
8 -11 -5 2 11 -3 -3 -8 -8 -5 27 -1 -3 -29 -12 -18 -13 10 -3 -11
-3 2 1 6 8 13 16 1 4 14 4 11 5 4 -13 0 -12 -7 10 -3
-3 19 10 5 1 3 12 -1 6 14 -16 -10 6 -8 -20 -10 -1 -22 -7 6
3 8 -2 -10 11 1 -8 0 5 12 0 10 -2 3 -6 30 24 8 -1 -15
-13 9 -12 -15 2 3 -1 -3 0 6 -4 4 10 5 8 2 3 -8 -13 12
15 6 2 7 -3 -13 -5 -11 -8 40 12 -20 -26 -4 -3 -2 2 5 13 5
1 1 -2 2 -3 2 -6 -5 9 -10 -5 5 -4 4 -2 15 22 6 -15 -2
12 15 -2 5 3 -5 3 1 -24 -6 -5 -7 -2 -13 -4 1 -8 2 2 1
-1 -4 6 3 8 -3 -1 -2 3 -13 10 4 0 11 13 13 9 -9 -18 -15
4 1 7 -2 -8 -7 -1 4 -1 1 -6 -3 13 11 5 -3 -2 -1 -11 -22
-7 -14 4 3 -5 -6 1 -10 -5 -3 0 13 -9 0 4 12 3 -2 -3 5
-3 -3 1 12 8 8 6 0 6 -10 -9 -20 -3 -3 -10 -7 -3 6 -10 7
-2 -2 8 16 -6 -5 -10 -28 1 -7 1 -12 31 8 6 20 -8 -11 -16 7
6 -8 -24 -31 -2 -23 -16 -28 -22 -5 -7 -11 23 -6 4 11 4 10 1 8
-6 -3 -6 -6 -20 9 -7 4 14 -19 -24 28 -20 -14 -10 -28 -10 2 13 29
-13 31 19 30 15 -10 -8 -3 -10 -14 1 -7 34 -6 -12 21 4 -1 4 20
1 -5 2 5 12 -16 5 2 -15 -1 -1 -18 -12 9 -24 -13 11 -14 -18 32
7 1 83 10 -28 -5 2 -16 4 32 -1 13 22 -5 4 -16 -22 4 -13 3
-10 -5 1 26 -29 18 3 -5 6 -23 -25 10 4 -9 10 -3 20 -18 5 -5
-24 0 -7 -28 -6 -23 -24 -6 -12 -10 11 4 -9 21 22 -16 23 -10 -5 -4
7 -12 6 -7 7 28 22 -9 1 14 -4 -4 -19 -16 -13 -26 -23 -12 -5 -8
-3 14 15 -6 -12 33 -20 -5 20 16 -4 -9 1 20 -1 0 0 -15 11 -13
-13 3 -16 15 -6 6 14 21 13 11 -13 4 -8 -14 8 -4 14 -12 19 -21
1 69 -1 -14 0 -7 -15 -10 10 -20 -17 9 -9 -6 -15 -12 8 -15 -13 -23
14 16 -1 -4 -23 -2 -19 -1 5 6 0 -18 26 36 23 23 28 -4 -3 -20
-16 9 8 -8 43 40 18 14 12 -1 11 -3 -3 -2 19 -9 -22 23 -19 7
-21 7 -20 -12 4 -22 -13 14 6 15 -3 -3 -8 10 -1 29 -4 -3 -19 5
14 9 1 6 1 -5 1 10 -2 6 -10 -6 -9 -4 2 -8 -13 0 -1 4
-11 10 12 8 -26 -54 -16 -23 -10 -10 3 66 0 0 -18 -11 26 21 -1 -11
-10 9 -6 -11 -17 11 -2 -4 -1 -29 4 9 9 8 -10 -52 12 -7 -7 -12
-20 -34 14 -2 13 35 -33 24 0 0 -14 0 14 -2 9 4 34 11 8 21
7 -19 -17 -8 6 -13 5 6 -10 -3 39 3 16 28 -31 -22 14 11 6 4
-29 -11 -3 -7 -1 -8 -6 -11 -20 -23 1 -5 0 16 8 -5 -4 -8 15 0
-30 21 21 -12 -3 3 2 8 3 -1 -5 13 2 5 -1 3 -18 -2 4 6
15 -4 -12 -2 -12 2 3 21 47 14 4 9 1 -3 -17 -10 2 12 -1 -1
1 1 -19 -15 1 14 -5 3 -16 -7 2 -7 3 9 23 12 -14 7 -7 -4
8 -43 9 5 -8 -1 4 14 -2 5 -8 -13 12 -1 7 6 -10 -10 -12 -27
-16 0 8 26 1 -1 12 8 24 25 -25 -13 6 12 -2 0 -8 -15 -17 -11
-15 -17 -21 22 1 38 8 -10 -19 -32 -5 -3 -8 5 5 19 16 18 12 7
-15 -6 0 -2 -2 11 6 -2 9 0 -8 -1 3 -5 -29 14 3 -9 -6 -8
4 -18 -24 -6 4 -9 -5 8 31 16 -2 42 -5 8 6 3 7 15 7 12
-27 0 17 3 4 -2 -32 -10 5 2 -2 -1 43 30 -3 -1 4 -4 -17 5
-15 -35 0 -2 5 6 -18 -28 -6 20 2 -16 2 23 6 1 -22 1 21 6
17 -21 10 -9 14 4 26 -12 -16 -7 6 31 19 -27 37 -16 -8 -20 -22 11
-7 -2 5 14 16 7 -4 12 -28 15 19 14 -5 -6 40 36 7 -19 -21 -11
-42 72 -4 -29 24 -17 15 11 -19 5 -18 -32 26 30 -8 -25 -35 -13 -22 -3
27 -17 -30 34 -17 28 13 -23 -22 -7 12 -11 -23 -20 -24 16 3 4 1 6
7 5 9 -1 18 -7 2 -19 4 18 -7 -17 -34 6 3 -15 -2 12 31 13
4 1 33 -39 -13 41 30 26 5 -12 -22 0 11 67 5 -16 -44 -14 5 -14
-16 -2 1 3 -25 -41 -20 -10 17 -3 -5 -2 -10 -3 1 12 45 -11 -9 35
25 -23 -14 -25 4 14 19 -1 16 -6 -4 -1 -46 -31 3 -5 14 -20 -27 2
-27 -2 9 -19 -22 -22 -15 -29 -18 17 23 1 3 -25 7 22 -10 4 5 -17
-4 -4 2 16 -16 -12 10 2 -25 7 22 12 -7 17 -3 24 18 -7 27 -10
-27 2 -14 -23 -7 -13 30 30 -22 -2 -28 -3 -25 -36 33 37 -6 16 -26 -16
19 10 10 -2 -13 -10 13 17 -12 -28 -55 -35 -6 -40 -13 -9 -23 -21 5 11
-13 -4 -5 4 1 14 5 6 -6 -5 2 7 -8 -1 7 2 -10 -17 5 -14
-21 -6 -7 3 -3 6 2 -7 6 9 -9 -10 0 14 -28 -15 24 -3 -9 6
7 3 9 -7 -24 8 3 18 -3 -6 -4 -7 -1 4 -26 -2 -11 -1 13 29
10 5 -17 21 -4 -6 3 2 4 -13 -4 16 -5 -8 -6 5 2 22 2 16
-11 -3 12 -1 -11 -17 -13 -13 9 -4 -12 9 5 13 1 12 -18 -1 -2 -6
4 3 3 -5 -11 -10 -12 -13 -23 -1 4 1 4 17 8 11 -17 22 1 -1
-2 -8 -10 -2 4 -10 12 -6 -3 -10 -2 4 9 4 2 30 -7 -1 10 -2
8 0 -3 1 -14 -12 1 8 3 -4 -11 21 -5 22 18 11 8 -8 4 -11
-1 3 -14 15 10 7 -13 -7 -5 -10 3 -6 1 1 -1 1 17 -7 -9 3
-6 -15 -7 -14 -6 -14 -13 -20 -1 -16 -9 7 3 4 19 4 3 -6 -3 8
-13 1 -6 3 30 -3 4 19 -4 -3 -4 14 2 -5 13 -12 -13 7 -7 -7
5 -2 -3 0 -10 9 5 2 5 12 11 16 14 6 8 10 -17 2 -2 -14
-6 11 8 -7 -4 8 -14 7 0 13 -2 -8 9 -4 -3 -5 8 6 0 -1
-4 1 -2 5 2 4 10 0 -5 10 10 5 7 7 4 21 -3 -7 17 1
-1 -4 5 2 -26 -2 11 -12 4 1 -2 9 4 4 -4 11 17 23 4 -20
3 -16 -9 19 -3 -9 8 2 -2 14 6 -5 -5 3 -13 14 1 -9 14 -15
-11 11 -10 -13 -15 -3 25 -7 -28 -4 30 -29 -8 32 -19 -19 -4 -3 -8 -12
5 12 -10 -12 6 -2 10 -5 -5 -7 12 -10 2 16 -11 10 5 -24 -4 -20
-27 -12 -16 -6 -10 -15 25 -14 -32 7 0 -22 -4 2 -9 -14 10 8 -25 -4
22 -3 -7 -3 -20 -7 0 -15 -7 -25 -30 -5 8 -4 -2 -11 -16 5 5 5
4 -1 -4 -18 8 -5 -2 10 10 -17 0 3 -10 3 7 0 -18 -25 13 -25
8 37 -15 -11 10 -16 -8 -3 -8 -9 13 26 0 0 4 -11 -2 1 -15 -8
-3 -17 -12 11 3 -12 9 20 -27 -5 15 6 16 -17 4 6 6 -7 -9 -9
-1 0 -7 4 -1 -13 -6 -3 -2 11 2 -13 18 21 -4 -12 -12 7 2 -23
-2 10 4 15 0 -4 7 6 -26 -8 0 -6 -3 6 -7 4 6 1 13 -18
-7 7 4 5 2 17 -3 -10 10 17 10 2 17 24 17 0 13 -4 -18 8
-6 -20 8 -9 -13 -4 -22 3 12 3 16 5 -8 -11 -6 12 -1 13 -6 27
35 2 16 5 -12 -19 -15 0 -21 -20 0 -3 -19 3 -5 -15 -2 -15 -9 5
32 1 5 14 12 -6 18 31 -14 -11 5 11 -17 4 7 5 -1 12 12 17
9 -4 11 -6 -26 11 12 -7 0 -3 47 0 9 37 18 3 13 4 -12 -1
-13 -8 17 2 -2 -9 -19 -7 5 18 -11 -1 30 -9 3 7 3 21 -6 -5
-11 15 -13 -27 -4 2 -4 -8 6 -10 -16 -6 4 -4 3 0 5 -4 -25 9
-13 -31 12 6 2 -11 1 -1 -21 0 4 -17 5 -10 16 -4 -17 14 2 -9
2 -7 -14 -13 -19 1 -24 -19 -9 -18 19 13 -1 5 2 -8 2 2 -7 26
5 13 -14 -26 -13 -23 -7 -17 -7 -7 -7 9 -15 0 1 -24 -5 2 -2 -21
-17 -5 -8 -4 -9 -17 -11 -3 -1 -7 4 -1 -2 9 16 -12 7 -3 -2 -7
-16 -2 -21 -33 7 -3 -20 -4 -1 -13 -10 0 -2 -15 -11 -7 -27 -23 -1 -25
-35 -11 5 -9 -10 -8 11 4 -17 -5 -5 5 9 -1 -5 -4 0 -1 3 5
-3 -6 -3 7 -8 -25 -25 -32 -4 7 -7 17 4 -5 13 -5 6 3 -5 -2
12 -3 2 19 -20 -7 2 -4 -7 -1 27 -12 -6 21 -8 -14 -3 4 1 6
10 -6 -11 -15 -9 0 -22 1 -8 -17 17 12 14 2 -5 -1 -5 -11 3 -13
-17 -10 -7 1 9 22 -12 -3 24 -1 7 -3 13 22 3 8 -4 -6 -2 9
-15 9 -9 -20 2 -3 -13 -16 -20 0 15 37 -5 -9 -3 -4 -19 -40 -8 5
-9 -4 -8 -20 -16 -27 -56 -27 4 -6 7 2 33 -6 1 29 -5 4 22 1
-15 -14 -16 -14 -25 -7 -5 2 1 3 -7 2 -16 -9 -3 -5 10 -1 7 16
-2 32 19 -10 -19 -16 -15 -16 -4 -19 32 67 6 6 -6 -15 -8 -16 -3 -20
-57 -8 -12 -19 -11 -12 -27 5 7 22 20 -5 2 6 -15 -9 17 -21 -17 5
3 -7 7 3 -1 5 -15 -3 -10 -3 -26 -9 -4 -34 1 15 -21 11 -1 1
-7 -7 0 7 -15 1 20 5 0 6 -14 -10 4 -12 -5 7 0 -6 -6 -1
-7 -14 14 9 -7 -5 -8 -4 10 11 1 -2 0 -7 8 -4 3 -4 -6 7
-3 4 6 -2 -11 -12 -10 -3 2 5 -2 14 -19 -13 -5 -20 -22 -2 -8 -24
-7 -13 -9 -15 -17 -19 -17 0 -9 2 -2 -4 0 5 -8 3 13 -14 -19 10
11 10 11 15 -2 7 16 -8 -2 -5 -7 -2 -17 5 14 -12 -6 -10 -4 -16
-6 23 -4 10 45 7 -3 -5 8 10 0 10 13 11 -2 2 1 -11 -19 1
2 -28 2 20 10 -1 -2 6 11 -7 -6 7 -11 -12 -8 -17 3 -2 -2 -9
1 -5 -10 -10 -17 11 1 -8 11 -22 -10 -3 5 -7 18 8 -10 27 11 -6
-5 5 -3 2 16 11 -5 3 18 -17 -2 0 -8 -3 -8 5 -7 -15 4 4
-5 -1 29 -5 16 41 -6 -18 13 10 -5 5 0 -7 9 6 -15 -22 -18 13
-16 -33 6 -3 2 -1 4 -7 9 6 -3 12 -4 -5 6 7 -9 -5 13 14
12 3 26 6 0 -10 -10 20 7 -5 1 -1 -6 7 17 -40 -17 68 -11 -20
18 -5 2 -3 18 14 9 -27 -26 15 7 7 7 -33 -26 13 -7 4 11 -8
-20 0 8 11 -44 11 8 -10 -13 -13 17 -21 -22 41 -9 -13 3 25 3 -3
28 -5 14 -14 -8 18 -25 -27 -17 -5 0 2 1 -10 16 -12 2 8 -35 -41
-43 0 -7 15 12 16 1 -16 11 32 -14 -4 4 -14 -11 -19 -4 -33 -15 -4
-22 13 -15 0 18 -34 19 57 -14 -30 8 10 -7 6 -29 -3 24 1 18 4
22 8 11 -41 7 17 -26 4 13 -1 -5 24 -21 -36 33 -3 -2 33 15 -4
-12 7 10 -12 -6 -15 -26 0 -7 -9 3 9 -9 20 21 0 5 0 3 -25
12 18 -35 -16 9 -4 -6 0 15 -3 -19 -12 -15 -19 16 4 11 6 5 8
-20 -23 -13 -16 2 7 -33 18 34 -15 18 21 -6 0 31 4 54 127 7 -4
31 -4 -5 0 -10 3 -19 -1 7 -13 -3 5 17 6 9 -9 5 -8 -26 -2
17 42 -29 2 23 -19 5 11 -13 -12 -17 3 12 -4 -1 1 -6 3 -5 -11
-6 -7 1 -13 -15 -18 12 20 -21 -2 6 -10 -4 7 8 6 -9 15 4 -10
11 3 14 6 -4 2 -3 -10 -16 15 -14 -31 2 1 -22 7 -9 -30 2 -14
-3 -3 2 6 3 8 7 -8 -5 15 -3 -8 -6 -15 5 0 -14 18 27 -5
-15 -3 -8 -7 14 -6 -15 -11 -2 1 -2 4 -4 -13 2 7 2 -5 -5 -18
-6 5 8 -9 0 21 -1 5 21 5 -15 -15 -16 -4 -7 3 1 -34 -8 5
-25 -2 2 -30 -2 3 -1 6 4 -26 -6 -6 3 -10 -3 1 11 -3 -13 6
4 10 7 -3 12 -5 -7 3 -6 11 11 -8 -3 -6 -1 3 5 -11 -15 -2
4 0 14 -10 5 2 1 -10 -14 2 2 -4 -16 22 8 1 1 -3 7 -11
-3 -5 -10 -1 -17 -18 -13 -5 -5 3 -5 18 10 -16 -9 -3 -7 -5 0 1
-10 -8 -1 -1 33 -2 -3 10 13 -3 4 10 2 13 4 3 -5 4 0 -11
-2 5 -3 -2 -9 6 0 8 0 -8 -6 -1 -8 -6 -8 -3 -14 -6 -6 -8
1 7 -4 -10 -24 4 15 -20 23 13 -7 12 -1 2 8 4 17 -2 11 10
4 6 -9 0 -11 -24 -7 2 -12 -2 -14 -10 2 -12 12 7 6 -3 -1 10
2 -18 6 -5 -1 2 -8 -6 -14 -21 -8 -2 -4 -22 -12 -6 -4 -4 11 -5
-17 10 -1 -12 -3 -8 7 8 -2 5 -15 23 14 -2 -5 0 21 -11 8 8
8 14 -3 -1 15 -4 14 42 -6 1 49 13 -1 -24 -7 -11 -17 -3 4 -6
9 22 1 13 13 -4 -25 11 7 -1 -10 -1 -6 -4 -4 3 21 -2 2 10
33 14 -21 -12 -9 11 6 -7 -22 -6 -9 -8 4 6 10 39 0 -2 -7 -14
-3 -8 -37 -13 -16 -12 -7 12 9 -17 -15 28 -13 -34 -3 -8 -16 -10 -16 11
-17 -4 2 -21 -21 -3 -12 -19 -14 -32 5 -4 -24 -6 -21 15 -26 9 -6 -1
3 11 10 42 3 -38 -5 31 6 -25 10 -13 -11 -16 37 -25 -37 25 0 -21
17 18 4 -7 -19 16 -10 -29 0 -1 3 6 -6 -33 10 15 18 7 3 12
7 -28 -9 -7 -1 0 3 -4 -5 -4 -24 1 -9 6 7 29 17 24 2 12
9 9 13 1 9 -7 26 -10 8 26 2 3 0 -14 6 15 -11 -6 11 -15
-17 0 0 -5 -8 -1 -18 -21 -10 -16 0 3 19 13 8 12 49 14 -21 24
12 -9 5 8 -22 -17 2 -1 -1 -10 2 16 1 35 -24 -7 8 -6 -2 27
-1 -2 -2 16 -2 7 -10 -18 -10 -8 -7 -18 9 46 9 -12 17 33 32 12
24 75 -22 -25 -6 -20 -9 -44 -11 -4 -9 -6 -1 -2 -16 -3 -15 -11 -16 -26
-31 2 0 -7 -10 -1 -13 -19 -30 -4 -5 -1 -12 11 23 -15 5 -10 -5 27
5 8 -44 -16 7 11 23 53 13 13 28 -27 -22 -16 -3 -6 8 -20 -14 11
4 -12 -17 -2 -6 -4 -6 -18 -5 25 30 16 -18 -4 14 -15 7 8 13 -5
22 17 10 14 13 -9 -14 8 2 -11 -15 -14 -4 -19 -9 2 0 8 -12 7
4 -12 -12 -26 -7 -16 9 0 -20 34 -23 13 22 -16 -6 -24 -22 56 -6 0
10 3 3 -31 -23 20 -22 17 23 23 54 18 -1 23 -29 -22 -14 -19 -17 -18
3 6 -18 -12 11 -47 -9 26 -18 -19 -7 -4 22 -16 -24 -10 6 -2 -23 2
-12 13 22 4 36 11 3 31 23 62 22 11 -4 -22 -11 -47 -8 3 -8 5
-13 -13 10 -2 4 0 7 9 -24 -40 -28 -37 -14 2 -6 27 86 37 7 50
21 18 -7 -6 -10 17 18 11 -15 -1 -12 -5 9 -5 24 0 23 26 -22 -6
0 5 -21 -18 -22 -18 -37 -8 -24 -42 3 0 7 -6 9 -4 -7 -3 -4 -3
-9 2 -12 -36 -1 4 -19 -7 -3 2 -18 10 18 -8 4 -7 1 42 1 7
-3 -6 16 -11 -15 -7 5 16 6 -12 -11 -17 -21 -1 -10 -17 -51 -5 -3 -33
-20 -29 -21 -15 -34 3 -9 -34 25 -21 -8 25 -26 17 -13 -31 -10 -24 -13 14
-25 6 2 38 32 -8 17 8 -12 5 -13 14 -11 -8 5 11 8 -2 11 -4
-21 -18 12 -20 -25 -15 -30 -23 5 -2 -30 -20 4 20 13 -21 45 26 -14 -10
-38 -42 10 -15 -7 32 10 -10 -4 14 2 2 -14 -9 2 -5 -7 2 38 -6
8 48 6 9 -14 -2 16 17 18 3 -8 14 1 -14 2 1 6 2 -12 4
-9 -2 0 9 6 -38 -17 -9 -34 -28 3 -5 -9 -5 10 -1 7 -8 -5 16
14 13 1 25 4 14 6 15 3 23 9 -1 -7 -2 -9 4 -25 -11 -15 -14
-13 0 14 -14 6 -6 0 -6 -15 1 21 2 3 -22 0 -9 -17 -7 -15 11
-3 -9 -1 -3 1 -4 -1 -5 10 1 0 6 -8 -8 -10 -7 13 -1 20 4
-6 13 -1 7 -4 5 -13 3 17 9 32 -9 3 10 -13 -1 -5 -4 -2 -12
6 9 1 -4 -11 2 4 -11 13 1 1 5 10 22 24 -30 -27 -20 -17 -13
-10 -6 16 9 21 -36 25 6 15 6 -5 9 9 0 -1 -8 0 -6 -8 -4
3 -7 2 16 -6 -5 3 2 3 10 5 -1 13 13 10 3 9 5 -5 -2
-7 4 -1 18 57 16 8 2 -8 -6 -7 -9 -9 -12 1 3 3 9 -10 -8
0 7 -8 8 4 24 24 -7 -6 18 -11 -20 -2 3 -8 7 -18 6 -15 -7
-18 6 4 21 0 -4 7 -5 -10 -2 -6 -4 -16 1 -4 -1 6 0 7 11
-15 -9 14 9 2 -10 5 -2 -6 3 3 0 11 9 -6 -15 11 -11 -12 -9
-14 -11 -24 -12 -15 -9 -14 4 -12 6 -14 8 -3 -15 3 -9 -8 -5 -2 -1
-48 -1 -5 -25 -6 -33 -54 -34 7 -26 2 -15 -49 -18 11 8 -11 -9 -17 -18
-9 0 -15 5 -7 -10 -16 -24 23 5 12 2 4 30 7 -19 -24 -31 -7 11
-18 -7 -17 6 17 24 15 17 -7 26 25 48 34 -7 2 8 -23 3 -30 13
16 -19 -10 5 4 -23 -15 15 -5 9 -8 16 1 7 4 17 -20 -10 -11 -7
-10 -12 -8 21 -10 0 -5 -6 -1 2 -8 -14 -4 11 -3 -24 -35 -28 36 15
5 29 20 27 -24 -23 -21 -14 -9 -24 13 19 -7 8 1 -5 16 -12 9 -6
-12 -13 23 7 -1 4 -19 -11 -27 -26 -21 -2 -14 -13 -2 -4 5 9 17 27
13 7 22 1 4 12 -5 16 0 13 33 1 5 -28 17 -7 -26 -24 -11 13
13 -3 -2 -18 -5 -23 -20 4 -4 6 -33 -29 -3 -2 17 3 -1 -11 -13 -17
10 -2 -9 -12 -8 9 52 13 -24 -30 -1 -19 -10 -5 -6 -4 6 -19 -18 -10
-6 -4 -6 -5 -15 -7 25 -28 -17 18 36 20 -28 -25 -12 3 25 35 30 1
5 7 15 9 -6 0 3 -22 -16 -1 -7 -8 14 -4 -18 -26 -8 -16 -15 7
-11 6 -9 -5 22 19 21 16 8 -3 6 26 -3 -10 15 21 22 -4 -9 11
13 4 1 3 -9 -23 -5 -27 6 -14 -21 -5 -9 9 -10 29 9 13 19 28
21 12 23 21 6 4 -6 -3 -24 4 -4 -10 2 -4 -21 8 -6 -26 -7 24
14 -6 1 -23 -3 10 74 2 -4 -27 -16 -12 -37 -16 -6 -41 -13 5 16 -11
-10 30 1 30 39 -15 41 -26 19 24 -21 17 -25 25 56 5 5 -67 6 26
-26 32 -9 -9 -9 10 18 -19 -18 19 8 -51 -19 11 6 6 38 8 -53 22
-19 12 -19 -7 28 -10 0 -6 31 -1 -41 36 -19 -32 18 -16 -7 -28 -15 -22
-14 -2 -27 19 -28 20 26 7 34 31 -8 -21 -14 23 -6 44 10 -63 -8 -43
3 -18 16 -4 -33 30 -22 -9 -30 -3 4 5 -36 15 -51 -69 2 23 3 9
22 -3 10 24 -5 -10 -13 -25 17 -13 -4 52 -10 -53 -4 -34 18 -7 -1 2
26 -2 -17 9 -20 23 -12 -8 13 -6 -16 17 -13 -11 0 0 -1 -7 -12 -12
5 -2 0 14 -13 -21 -13 34 -15 -1 3 9 2 8 -15 -1 27 -4 27 4
-32 5 -3 23 -27 -22 -2 -12 15 28 18 -4 -20 -28 15 -17 -25 7 -4 -9
-30 -22 -4 -10 7 -17 -16 -9 5 25 -19 -22 49 -22 -14 12 -2 32 30 -15
2 -35 30 33 -9 11 19 20 23 -19 15 -25 15 -13 25 13 18 -12 -13 -18
-32 -9 13 -24 -24 -3 7 -1 3 -34 -11 -15 11 16 -11 -10 13 -29 -30 -14
-6 3 -26 16 7 5 -22 7 4 -2 -1 -8 18 -3 -14 24 -22 -27 12 -7
-6 -4 -12 0 4 1 -3 -16 -28 -12 3 3 5 4 9 -2 2 29 26 -4
-19 -24 -13 -27 -28 -32 -6 -26 -20 -6 1 -12 11 42 -5 9 5 1 -14 -20
-10 -11 7 9 10 -5 10 3 -10 41 10 -15 12 1 -15 10 -10 -10 6 -7
-36 -3 -3 -2 7 6 -11 2 -7 -21 1 8 10 -12 -5 9 13 -21 -9 26
-14 -4 9 -5 -13 12 10 5 15 9 3 2 3 16 37 -9 -5 -10 -15 12
-14 -17 7 14 6 15 4 3 3 -16 16 -3 -29 -6 7 -37 8 -6 -4 5
6 20 25 15 11 -15 -20 -11 -2 15 -11 33 36 -7 -2 17 -16 -15 3 30
13 -11 19 17 6 0 8 -4 2 -6 2 -10 2 15 -23 -10 -2 -27 -18 0
0 -3 -10 12 -11 -7 2 -15 -12 -11 -9 1 -10 4 2 -52 -14 38 -22 -2
23 11 -3 -12 2 -3 -19 17 -10 -23 7 21 -12 -3 -16 -19 3 -23 -11 13
19 25 22 48 26 14 27 17 -24 -2 -3 -21 -18 23 21 21 -4 23 10 -8
24 9 -21 10 -2 -13 -28 -10 17 -52 -8 13 8 38 -3 29 33 19 -5 -4
-6 -12 -34 -6 13 -17 -9 -3 -6 -7 -1 19 -3 -32 3 22 -45 -18 -2 -31
2 5 14 -3 -20 -22 -8 21 -16 -2 5 2 -13 11 12 -16 -4 7 -3 -8
4 -14 8 -2 -15 -12 3 -13 -1 -40 6 22 -18 9 -14 -10 26 -7 3 -4
-6 2 6 -11 21 11 -8 -11 -40 0 -2 -45 29 -2 -9 -8 6 4 -11 77
-13 -37 32 -25 -28 3 -16 6 6 -10 -24 -6 -20 12 -8 -7 -1 -8 -14 32
8 -8 0 -13 1 7 -14 -5 12 -18 7 -2 -5 -7 -3 28 -30 0 -4 -42
-13 1 -29 -1 6 -29 -2 18 15 6 -4 0 10 17 -6 17 9 -32 24 -26
-22 -43 -58 -39 -70 -18 -16 -35 -16 -1 -1 4 -38 30 18 -29 -9 15 -4 -4
7 -7 -15 9 -3 17 2 1 5 -12 -17 11 -4 -6 -16 7 9 5 -23 -27
-19 -1 -11 -17 0 17 -7 12 -14 -4 8 -13 -4 -1 5 1 -7 17 -5 35
28 4 3 6 12 -20 25 7 -10 22 19 -2 7 21 -8 0 11 1 31 19
11 6 5 -15 33 -5 -12 14 25 -6 3 -1 16 9 4 18 2 -8 -15 -27
3 6 -36 20 -6 -25 -23 -8 -8 -11 -1 -21 -3 -3 -5 4 17 18 35 22
24 24 28 16 18 -27 -42 23 -7 -46 28 -2 -7 22 13 29 15 8 -1 -29
-11 -15 -8 3 -14 -3 22 -7 -14 8 -2 8 3 -17 18 10 -11 15 11 -5
-5 -6 18 5 -49 -29 50 -35 -13 -2 24 20 18 -6 11 1 -9 16 23 0
8 4 -11 7 -7 -28 16 -4 1 -2 -19 -15 -8 -9 -11 -9 -7 6 51 9
-20 44 -6 11 22 5 -36 -16 16 -10 7 1 4 -9 -36 -2 9 -26 -10 -9
-28 -39 -35 -1 9 113 44 -38 -19 -22 -29 -60 -35 -13 4 -38 -21 -13 -25 14
10 -10 -20 -10 -18 -12 -6 -8 -7 2 15 -17 -27 8 4 11 3 -3 13 9
-2 42 -3 -23 -37 -20 -7 -19 -15 1 -9 -3 -17 -26 -1 16 -24 -4 8 -7
-9 -6 10 11 -22 3 -5 4 -11 5 3 6 14 -12 12 17 0 9 12 6
-9 0 -29 -32 -14 -11 -16 8 -2 2 16 28 17 -11 15 16 22 4 12 16
4 -14 -11 -4 7 33 14 -1 13 -6 -8 -9 -7 -5 -5 -15 -24 -17 -40 -37
-11 -15 -1 -4 -15 5 -24 0 16 -14 15 -2 -4 -10 -2 -9 -7 11 18 5
12 -16 10 15 0 5 19 10 36 -3 -13 12 -20 -7 -7 0 0 -8 18 9
-13 9 -1 4 -4 14 -14 -23 3 -6 -13 9 -1 -6 -8 -10 21 10 -20 3
-2 -17 -40 -19 14 8 12 -5 -11 -13 26 0 7 2 17 24 11 4 13 2
-19 1 22 -52 -43 -4 -11 -6 7 18 15 -10 24 31 -22 14 13 -25 -2 -6
10 10 -4 -5 -1 -21 -4 -13 -28 20 17 7 10 -12 3 -32 -20 -4 2 -13
-16 -6 19 -4 -10 16 11 -5 6 -3 -14 -16 -29 -13 -13 -16
