-2.071063 -1.544455 0.502009 0.435830 -0.026192 -0.357192 0.106357 0.729820 0.407109 -1.549234
0.608446 -1.178784 -0.754158 0.697154 -0.883284 -0.798031 -0.994920 0.702051 -0.456017 -1.660973
-2.109361 -1.465701 -1.697475 -0.137597 -3.398616 -1.025742 1.135106 0.947231 -0.623904 -0.883408
0.012355 -1.814545 0.104832 1.003863 -1.142162 0.916426 -0.022281 0.070277 -0.183401 1.723797
-1.081858 0.724707 0.147696 -1.956444 1.000541 -0.157999 -0.472420 0.388609 -2.070831 0.068047
-0.920720 -1.513601 -0.349615 1.101663 0.391337 -0.723489 0.511105 -1.656680 -0.419835 0.584100
1.986626 -0.774472 0.392626 0.308952 0.422419 0.070859 -0.921154 0.186576 0.884973 0.633216
-0.274892 -0.367022 -0.519187 -2.415570 -0.188653 -0.671208 1.649817 -0.740091 -1.015567 0.515455
-0.301092 0.909802 0.623099 1.634199 1.613449 -0.495864 -0.380532 -0.342842 -1.209188 -0.696816
1.917328 -1.889223 -1.118123 -0.296862 0.134571 0.910709 -0.260404 -0.193210 2.000497 -1.163135
-1.445683 -1.016633 -1.186417 -0.547374 -1.387493 -0.059354 -0.327669 -0.632095 1.915296 1.046191
-0.771428 0.075091 -2.836353 -0.968982 -0.207107 0.960720 -0.568309 -1.800647 0.768972 -1.649696
-1.391739 -1.209813 -1.821421 -0.933074 -0.852715 -0.018158 -0.913146 -0.184729 -2.259667 -0.740269
-0.457679 -0.612865 -1.428315 0.155728 -0.711059 -0.611770 0.116284 0.701374 -0.637201 -0.965710
-0.338025 -0.361544 1.503143 -1.974138 -0.756152 0.420959 -1.511047 -0.818534 0.617393 0.462688
0.120389 -0.631101 -0.403668 -0.582677 -0.985098 0.138792 -0.490413 -1.454856 0.781772 0.492294
-0.144877 -0.480332 0.312091 0.142235 -0.275482 0.077939 0.908170 0.685013 0.067497 -0.252643
-3.581306 1.382659 -1.008132 0.401022 -0.289313 -0.690035 0.817019 0.507091 -0.624044 -0.933819
0.086284 -1.731085 -0.181844 -0.860515 0.041740 1.066135 0.734466 -1.582122 -0.671928 -0.206962
-0.962032 -0.336159 1.144049 2.596811 0.781187 -1.102503 -0.575561 -0.498938 -0.176688 0.342537
0.242841 -1.251886 -0.091095 -0.962440 -0.608248 -0.445684 -1.742673 -0.767047 -0.912806 -0.288324
-0.644835 -0.444862 -0.256022 -1.288663 -0.288781 -0.351550 2.599605 0.905312 -0.894338 1.176895
-1.127456 -1.418903 -1.165946 1.871655 0.462697 1.094346 -1.064623 -1.839804 0.557522 1.793210
0.463095 -0.396249 -0.268878 1.122736 -0.694482 0.887560 -1.203893 -3.470563 0.076707 0.621746
-1.616316 -0.797950 -0.764817 -0.081394 -2.098367 0.452616 -7.256544 -0.877600 -0.499783 0.743855
-2.230243 0.583718 -0.480592 -1.472134 -2.451141 -1.609486 
