0.207559 -0.718442 -0.012145 -1.671654 -0.969758 -0.788391 -0.322754 1.425234 -1.291066 -0.572243
1.250927 1.332606 0.950537 -0.845872 1.755158 1.519173 -1.528907 -0.403148 -0.274925 -0.782130
0.957630 -0.624758 0.506806 2.156638 1.492890 -0.866041 -1.629645 -0.165088 1.398215 -1.818525
-0.339370 -0.775220 -0.934332 -0.250537 -0.158213 -0.413283 -1.155268 -0.838756 0.661791 2.275850
1.613198 -0.612551 -0.280196 -0.721242 0.174763 1.944475 0.253642 2.147367 -0.020704 -0.282975
-0.306210 1.488510 -0.459896 -1.082974 -0.884960 0.593158 0.753682 -1.084101 0.821482 -0.889955
0.628123 -0.115305 1.203155 1.528574 -1.386138 0.208509 1.688221 1.599195 1.182249 -0.794856
0.026447 -1.242557 0.352309 -1.082482 -0.631462 0.575960 -1.024984 -0.474701 1.518604 -0.902669
-0.167300 -0.082605 0.328863 0.503383 -0.833053 0.204132 0.451891 0.829838 2.165787 -1.525809
-0.455950 1.839513 1.004904 0.154705 -1.804967 1.379382 1.451681 -0.643007 -0.912542 0.146155
-1.528881 -0.109442 -0.095262 -0.670549 1.040069 2.175437 -0.783274 2.064297 -0.682278 -0.540411
-1.206964 2.706334 -1.091202 -1.108651 -0.742178 0.834886 0.734136 1.028742 0.033277 -1.329656
-0.929087 -1.133055 0.206066 1.922803 -1.058571 -0.938855 -0.332262 -0.629335 
