0.871363 -2.149114 1.533151 0.661605 0.010937 -0.678237 1.317755 -1.675113 -0.634473 -0.261222
-0.501180 -0.532228 0.489629 -0.040332 0.216984 0.950086 0.572074 2.280838 3.914928 0.737193
-2.750929 0.585268 1.192834 0.133711 1.240847 2.224489 1.287282 -0.286401 -0.399612 -0.521598
2.319357 -0.934766 -1.284985 0.536402 -0.417802 -1.196523 1.351195 -0.358899 -1.733804 0.554586
1.573099 -0.996134 0.807331 0.080970 -1.540107 2.300370 1.512409 0.937055 -0.599636 0.096480
2.065373 0.119448 0.115695 0.655970 -0.964752 -0.671051 0.543735 0.874463 1.094909 0.079998
-1.405138 -0.253536 0.534158 -0.805031 2.009609 -0.757608 -0.577670 -0.171961 0.503347 -1.828535
1.724444 1.027687 -0.330410 -0.378458 0.145600 0.627867 0.763400 -0.869357 1.831520 0.383902
-0.148122 0.441916 -0.348465 0.479801 -0.562164 -0.721293 2.063180 0.796159 0.836332 0.194289
-0.572718 0.337626 0.060823 0.359131 0.802628 0.546488 0.185791 2.129030 -0.545610 -0.304227
0.982331 -1.516513 2.773972 -0.120950 0.731592 1.142434 0.115314 -0.979781 -0.284720 -0.364190
1.125649 0.502145 0.730576 1.537752 1.209097 -1.397621 1.372827 0.230579 1.429673 -0.890955
-0.496854 0.051230 -1.108196 1.771466 -0.063021 0.786035 1.324831 0.899086 
