31 -16 0 13 -20 -16 -17 6 4 13 1 3 2 -18 -5 -14 7 -17 31 3
30 13 0 6 1 -17 12 6 7 -19 -12 6 -16 -20 2 8 0 36 0 8
6 15 1 17 2 -11 -5 -17 0 -4 -26 -10 -20 20 -4 6 11 31 5 -4
11 -16 32 -4 -1 3 11 -39 2 3 0 19 4 -37 -9 6 3 -1 9 0
0 0 -5 2 -5 -2 -5 1 -1 5 1 6 4 -3 -5 -1 1 -24 -3 -24
-7 -1 -11 80 -20 83 0 49 -10 -6 -3 5 8 -6 -3 59 0 -78 -2 -8
-8 -3 -11 -6 8 -1 -2 -2 -7 -3 41 -2 -1 2 -2 0 -90 -12 -13 -3
4 4 -22 6 42 5 1 -10 2 1 -11 -4 -26 7 -8 -11 -4 6 2 -13
4 -3 3 19 1 4 2 14 4 -43 5 -4 -16 2 13 3 2 5 1 3
-2 -21 2 8 -23 5 4 6 -2 3 2 1 5 2 107 1 2 -6 4 -5
6 4 -15 -8 -14 2 -11 0 -80 2 16 -11 10 -14 -10 -3 1 -8 -12 -16
7 3 -4 -7 0 0 -9 0 2 -3 0 6 -2 -7 -94 9 0 2 -2 -2
-1 6 -5 1 -2 5 4 39 -6 0 -13 0 10 0 -3 67 2 3 26 0
2 0 1 -16 46 19 -2 -12 1 -3 -8 -3 -64 5 4 1 1 -14 9 -3
13 2 3 -8 -6 -3 4 18 -7 -7 -9 3 -6 -2 -5 6 -16 -19 24 -10
-21 1 -1 -3 -4 -11 -9 -1 -2 -29 -30 -56 -1 5 62 23 -7 -3 -3 42
2 -2 -5 -6 -2 2 0 -3 2 5 -5 16 -13 -3 35 -4 -13 -2 7 -26
-3 -24 -32 -10 -18 -6 6 44 2 2 5 6 4 -9 -1 -11 -20 -2 0 -127
2 -96 5 64 1 -6 -20 -12 5 0 5 31 3 25 1 3 7 0 18 -4
4 -4 -2 -1 -3 -2 6 -2 1 -1 1 -2 -2 6 12 3 46 -1 10 -1
0 1 0 6 -2 9 4 -2 -46 -2 -10 5 1 -1 1 0 5 2 -12 -10
4 -2 4 13 1 -18 32 12 -4 2 4 3 6 4 2 2 -3 6 7 -79
-19 0 8 3 -1 3 -2 29 3 6 6 -8 3 4 1 -1 0 -2 65 -3
-3 5 0 0 -4 1 5 -3 6 4 5 28 -6 0 -11 7 -3 5 -2 -104
5 -1 -1 10 0 7 3 14 6 -24 4 3 61 3 5 1 5 3 5 8
2 -13 -2 10 78 3 8 7 1 2 -1 14 7 -11 -2 2 27 -23 27 -8
-4 8 -2 -2 -7 -11 -3 -19 -3 30 14 4 11 -4 -3 -4 1 -12 -1 -5
-1 -20 -19 -2 -26 3 6 -12 -6 -12 -11 5 4 -8 -4 9 -13 -22 9 -18
3 -9 -18 11 0 16 15 -9 -14 -40 -60 -11 8 -9 0 -7 3 -1 1 10
-3 -6 -4 -15 7 24 3 39 -6 -1 46 -2 -4 1 4 -48 4 -42 -3 4
1 -1 5 -1 6 -1 -2 -3 2 -1 4 -1 0 -2 -1 41 -3 4 1 6
-10 -12 7 -1 0 -13 0 -18 -7 25 -6 5 11 -3 -2 3 -124 -1 -3 1
3 1 -2 5 0 3 2 3 -13 -18 -4 -31 -11 0 -49 -2 -3 -1 -1 46
-1 47 3 -4 0 -6 0 0 1 2 0 -4 0 -3 3 1 -1 24 0 1
-6 -8 -7 -3 -9 -5 11 1 -1 -10 10 9 7 3 -4 3 -11 12 -66 -13
2 -10 10 13 -6 6 4 9 3 -5 2 8 11 -2 1 25 1 8 -22 8
0 2 -7 12 -4 9 1 1 3 -3 3 2 19 6 -2 2 3 -2 3 6
-3 -3 -1 2 -4 2 5 -2 7 0 -2 1 4 -2 -1 2 -4 -5 62 7
1 4 19 -37 0 -1 -3 0 -24 12 -1 19 -19 21 -18 -7 -3 2 2 -6
-8 15 -1 19 -6 -21 -28 -3 -23 0 1 -9 -5 21 -1 3 -5 17 16 0
-2 4 -49 -19 3 8 1 1 46 3 -10 -2 -1 0 -15 2 37 5 -2 -3
-2 -7 -4 6 0 4 -5 -12 -5 3 3 -7 4 4 0 9 6 1 8 19
2 -9 -4 14 -4 11 -2 6 -1 7 6 -18 5 22 -3 0 -5 1 -4 2
11 4 -2 -4 -2 -1 -5 -16 -7 -9 -1 25 -2 -1 1 -94 1 -5 34 -3
1 -13 -5 -41 4 48 -4 -3 0 0 9 6 33 -10 -9 -2 -13 -22 2 -2
-12 -26 -15 5 1 -3 -4 9 -6 -16 6 -12 2 -21 -27 8 -34 16 -5 10
4 -16 -16 -4 6 -17 -34 -4 -5 3 0 -5 2 -3 0 -7 0 21 -1 -15
0 2 -7 -3 0 3 -2 -2 4 2 -37 11 17 -5 -7 52 -8 3 7 8
12 2 2 -2 2 10 2 -4 -4 4 4 -4 -4 1 -8 0 -1 1 9 2
9 -6 -16 4 -7 14 33 5 -2 -2 11 -1 -1 16 4 -46 5 0 2 -8
2 19 1 -5 -8 1 24 5 0 3 0 3 0 18 4 7 -1 -5 -2 -11
0 12 6 7
