9 -5 -1 1 15 -5 -2 4 3 -6 8 -3 5 -5 -3 -9 -13 -19 -24 -17
15 9 42 -15 13 3 -6 -13 -16 6 -2 13 3 -3 -4 -2 8 8 -15 2
-18 27 -7 -11 -10 -12 2 -16 -4 -26 -7 9 -23 -14 3 21 17 -8 -16 3
0 -4 -8 -4 24 0 -3 111 -14 8 -2 -4 -4 -7 -3 -16 -25 7 -2 -4
-15 9 -5 -6 13 -9 -16 -9 1 3 -10 -28 -23 2 44 12 -2 -7 3 1
-15 4 -4 11 1 -12 6 -2 8 34 9 27 5 15 -10 5 2 11 0 3
-5 -87 -26 -8 2 -11 -11 -42 -30 -37 -70 -33 -1 1 14 0 13 -13 10 0
-17 -2 17 9 2 8 -8 7 3 -23 -13 -15 -3 6 -8 0 -1 -8 -6 24
-9 -6 -17 -28 -8 21 70 -12 1 -18 3 -10 -10 -2 -16 10 -13 -8 -10 6
-11 -11 -8 -41 -64 2 2 1 -8 -2 1 4 0 10 9 21 7 9 -11 -4
19 3 -72 4 -1 0 18 -8 24 16 -7 -29 -3 21 1 6 -7 -2 4 7
2 0 4 1 -13 3 -4 1 -10 -5 25 0 -17 -18 10 -16 0 -39 127 -3
-3 -10 -4 6 -10 5 -23 -3 -17 -2 -7 2 -4 -3 3 32 -4 0 9 -1
4 0 0 3 -25 6 23 -14 16 15 -4 21 4 11 -8 -6 -22 12 -7 5
-2 7 15 53 -13 -3 -30 6 -12 -2 -5 -8 -6 -12 0 8 3 -12 -3 -3
-4 -1 8 -6 -11 6 -13 -9 -12 -84 -38 0 16 7 -7 -19 -3 3 -7 -37
-3 -13 0 2 -22 -12 9 55 37 3 -22 -8 -9 -2 5 2 3 -2 -3 13
12 -11 -19 3 4 -40 33 8 -2 -18 5 13 -7 11 -15 -6 16 -2 12 1
11 11 1 9 -13 18 8 1 -18 -3 -15 -3 17 35 28 8 -3 -9 -7 16
-8 57 -37 -17 -5 11 -1 -4 -10 -1 5 -41 -12 -1 -4 -5 2 6 -7 12
35 12 1 -9 8 -5 13 7 3 -26 16 40 -10 -14 24 -1 2 -3 43 30
3 -4 -14 -3 -11 13 27 -15 4 -13 -19 11 -4 3 5 -7 5 0 -4 8
-5 10 13 5 -5 40 -2 -11 -78 -12 -6 7 -5 15 17 -3 -11 18 13 1
-3 2 -5 7 1 2 -8 12 -9 -2 -7 5 17 33 8 -14 -20 -5 12 -6
-5 36 -10 -24 -55 -17 0 8 5 3 -27 8 0 41 3 -15 6 -10 -15 -64
-10 -18 -32 -18 -5 6 -10 -10 18 -16 -3 -8 2 7 1 -5 -9 4 13 12
5 3 -4 -6 6 2 20 -8 -3 -24 -2 -9 -3 2 -9 7 -3 14 4 2
12 7 6 -6 12 1 10 34 -3 -2 21 -20 10 66 -9 -20 30 -7 -10 6
0 -29 -58 -5 16 23 15 2 16 -12 -3 8 -11 28 -22 -15 -7 2 1 -9
7 -11 -1 13 -6 4 8 -3 4 -23 5 7 2 -2 1 5 -3 10 7 -9
-1 0 24 0 3 -5 1 -1 -6 1 -10 9 -1 11 0 5 -14 14 17 13
-9 -7 6 -10 -7 -12 -7 -8 -18 -7 -7 -17 -8 -12 -11 6 12 8 6 -3
0 -4 -22 40 -10 -3 -70 0 6 -6 -2 -15 10 6 -7 -4 12 5 2 1
4 6 8 6 10 -5 10 11 7 -2 28 -10 -18 -13 -3 -3 1 -9 -4 -7
-6 11 1 0 -11 1 -12 5 -30 3 5 6 4 -2 8 -12 2 -58 -9 6
64 -2 7 6 -3 5 49 -16 1 9 -2 -9 -4 -5 10 -21 7 13 -2 -3
-2 12 6 -4 -13 10 3 -8 5 -3 -1 9 -21 25 22 -7 6 -7 0 -12
6 19 -18 7 11 -20 0 6 -4 1 13 -10 -2 3 -4 -1 -5 -9 -2 -6
21 15 6 -8 3 2 2 -2 27 -14 -14 1 4 4 4 -16 12 15 -28 0
6 -5 -8 -3 4 6 15 -9 1 19 -2 -3 -9 -12 -8 -2 10 0 -3 -5
6 6 -17 9 -14 -2 0 -2 -13 2 4 -5 -10 36 -29 6 -1 -6 13 6
-9 4 1 4 11 0 0 -3 -7 4 -3 -50 23 42 -6 19 5 17 6 -14
42 -6 -30 -5 -8 -4 9 -4 3 97 -46 -62 -2 -4 7 6 1 6 0 34
-55 14 -6 -53 -10 -6 11 -1 -10 -3 -6 1 -6 -11 -12 -9 3 16 12 -6
-13 -20 -7 -8 -3 -2 37 -56 8 8 7 -5 -1 0 5 -6 -10 4 12 5
-11 4 -10 9 -55 29 5 9 2 -2 -16 3 7 8 7 4 6 3 4 -3
-3 -8 -17 11 3 -10 4 -6 7 -7 4 -34 4 -2 6 5 6 4 5 -1
-13 -2 -4 4 2 -3 -1 -6 2 -6 7 -6 -5 -2 -1 13 0 -5 -40 -34
2 0 -8 -4 -6 -5 8 -25 0 5 14 -1 -10 -13 3 -10 13 -13 -3 17
5 1 -13 0 2 5 3 10 -2 -2 -5 0 0 16 -24 20 -6 -6 -5 -5
-14 -16 6 -4 50 -2 -31 -26 -3 -1 -4 -2 -7 -2 -1 -5 3 3 10 0
5 28 -6 0 1 3 4 1 -5 7 -31 19 -3 2 -3 0 4 0 -3 -29
4 0 0 -2 -2 5 -5 10 -26 -7 2 6 2 0 10 0 6 -25 5 -3
-2 0 3 2 2 2 -37 0 2 2 -2 5 0 5 5 -41 4 -2 0 2
-4 -1 2 -4 -3 6 1 -1 -1 0 2 -3 0 -19 6 -2 3 -3 12 14
4 -5 -54 -7 -1 2 0 1 5 4 0 -11 -2 0 1 1 -1 -8 -1 -6
73 0 0 5 0 0 11 5 -2 -23 8 2 -5 -2 6 1 1 15 -82 8
0 -8 -3 1 2 4 -1 -89 -7 4 2 7
