3 2 -4 -33 33 6 -24 -1 12 -2 -27 -9 27 23 -53 5 7 12 1 9
2 -15 -27 45 -8 -22 2 10 -32 14 20 15 -17 -12 3 5 29 -26 -18 -12
21 9 4 6 -7 -8 -3 -12 -10 5 -1 4 -8 5 3 6 2 23 -28 14
-20 23 0 -8 13 1 -22 0 15 19 -1 -3 1 -2 -3 -10 5 -5 -2 -3
-4 6 5 -6 11 1 -10 0 13 5 1 3 9 -5 -14 14 -3 -1 10 -4
-15 -5 -1 3 3 2 3 1 1 2 0 11 15 14 6 2 4 -6 -4 16
1 13 -14 -3 0 10 -8 -17 -5 8 25 1 4 -4 -2 -2 -28 -12 -12 72
-14 -8 -30 -12 1 19 5 31 -69 0 -17 6 15 -12 12 3 18 -1 -46 -7
1 0 -4 -24 -16 -19 16 47 7 1 8 -15 -26 24 7 38 -25 1 5 6
-35 43 7 23 -35 -16 3 4 -5 14 -14 -20 -17 4 -3 3 2 1 -4 8
-3 12 -14 -2 -12 9 -5 8 -11 15 11 14 -4 -1 13 -2 -12 3 1 35
-12 -19 5 0 -4 9 24 6 -1 -36 0 -5 -6 -2 -8 -28 -16 18 33 -12
-1 6 16 -19 37 25 -6 -55 14 7 -5 1 -53 -11 25 23 -7 -18 5 -12
3 -5 4 -5 -14 -9 -8 6 2 8 -13 11 -6 1 -10 14 24 -10 -4 2
1 6 1 13 8 8 -10 9 -2 -11 -6 2 -19 15 -6 -6 -1 -7 -13 8
-1 -77 35 -2 -7 9 4 -3 -10 -6 17 -40 2 8 -19 2 -15 10 -5 -12
0 2 -3 1 4 -10 2 25 -21 0 2 -4 2 8 10 -21 -2 18 -34 5
4 -2 13 1 -11 43 -33 -17 9 -20 -2 -6 3 -3 -15 66 -43 -11 9 7
0 2 4 6 14 -4 -1 -11 1 -3 -2 -1 2 -3 -7 2 2 5 2 3
2 -5 -7 -10 3 2 1 18 41 14 -17 -47 -15 -1 3 -1 -11 -32 -14 1
38 11 5 4 9 1 2 6 -3 -11 5 3 -6 1 8 9 1 -3 -1 1
-3 7 -3 5 0 6 12 12 10 7 -17 -1 -4 -10 1 -16 56 -17 -4 5
-21 -6 -12 -10 -3 19 -10 4 2 -29 -3 3 -22 1 -9 -8 -13 -14 16 15
-25 -4 -8 -32 30 -12 -5 10 14 -30 6 -17 55 -4 6 -15 6 1 -13 -7
-4 -27 -7 -6 -4 -5 6 22 -1 -28 58 1 -2 10 23 -8 3 4 21 1
-19 11 -12 -2 -7 -4 -2 -6 -12 -2 4 3 -1 2 8 7 -8 -5 3 5
-2 -5 9 6 3 -3 -10 -9 -1 2 -4 0 2 -10 3 10 8 -1 8 -1
-6 9 3 0 5 -2 -5 -1 3 1 -4 4 -2 -2 4 3 -1 -6 -22 -27
-6 22 25 1 5 -2 6 -12 -44 -1 4 -20 0 20 64 11 4 6 -6 13
-8 -4 11 -28 1 -2 5 -3 -13 14 -2 -3 -9 1 -1 1 -2 -13 27 6
-2 2 10 1 -7 -3 22 -27 3 10 -10 6 -7 6 2 -38 13 0 -11 9
-4 4 28 -5 1 -127 21 -7 -1 -6 13 3 -5 21 -16 -5 1 0 -9 -2
14 -9 42 -1 -12 3 16 -10 -1 -7 1 5 -7 -2 -2 -6 1 -3 1 -3
-8 1 -3 1 8 -3 2 -3 -2 0 -4 -8 2 9 -3 4 -6 -10 -5 -7
9 1 6 -4 10 -4 2 6 0 3 0 -4 4 4 10 6 0 32 27 1
-5 -9 -4 -1 16 -5 -12 16 -1 -5 4 -12 -3 12 -35 -23 77 -8 -7 11
-5 2 0 12 -4 0 9 -6 10 0 5 -16 -13 20 -8 -9 2 4 0 -9
4 3 -26 -7 4 23 -17 -2 1 -6 -8 30 -9 -3 -3 8 -4 19 -21 4
-34 11 -4 4 -6 -4 -6 -3 3 -30 -6 -1 6 1 9 0 -1 -57 99 -31
2 7 3 -6 3 -3 15 39 -34 -10 7 2 8 0 -3 16 11 -27 -2 4
2 14 -2 -28 28 39 -78 4 2 -22 -5 -23 14 -21 -45 46 -5 -8 6 -17
-5 -9 1 28 14 2 8 4 -20 4 -6 0 -12 -10 -4 0 6 -5 -3 0
-3 1 0 -7 2 -1 -6 5 5 23 -19 16 11 4 13 2 1 -1 5 -20
8 -3 3 17 2 13 6 8 20 -7 -8 -8 9 -7 -5 -2 -4 -25 -20 -3
12 5 -6 4 1 -7 -19 -17 6 0 10 0 -6 -5 -4 9 13 5 3 -1
-1 -4 -1 0 4 -6 7 6 -2 7 -2 -14 -9 -17 1 -1 5 9 7 15
6 1 -30 4 5 -3 -3 1 28 -4 10 22 25 -7 -71 -9 4 16 0 -8
-54 -10 15 27 5 5 2 -13 7 3 -3 8 12 -9 2 -3 -4 0 -7 2
3 2 4 4 -10 -12 -7 -8 3 0 1 6 18 37 6 -19 -43 -23 -8 -10
-7 -7 -4 11 0 -4 -6 -1 -9 9 -13 -17 -5 -2 18 6 10 5 0 -6
-13 13 24 28 28 -16 -21 -7 8 16 11 -2 24 3 -12 -36 -5 -6 -14 -1
3 28 -16 -12 -13 -11 -6 0 -1 -13 -20 3 3 0 -12 -22 -37 -15 16 41
24 4 -3 4 -10 -21 -9 -7 17 7 -8 2 4 -2 3 -3 -11 -6 -9 -20
-1 9 4 -1 -3 2 19 -7 0 0 -4 7 7 2 8 9 9 3 4 -9
17 -16 10 -37 -19 25 0 29 15 6 -9 -13 5 -40 -5 0 17 14 -1 2
10 -8 15 -8 -7 -2 -13 6 25 -1 12 -11 -21 -6 8 0 19 10 -23 -13
-29 2 4 -6 -15 -3 -4 -6 -11 2 0 1 -5 4 11 -18 15 6 2 -9
-18 16 9 -4 3 4 -4 8 17 21 1 -5
