-0.120980 -0.001208 0.044561 -0.228903 -0.122553 0.096202 -0.018692 -0.075790 0.000533 -0.004341
0.113665 0.106271 0.066350 -0.005182 -0.056242 0.058720 -0.094157 0.013628 0.035889 0.002407
-0.083616 -0.105327 -0.138050 0.031799 -0.183122 -0.092505 0.033214 0.189258 0.098169 0.037816
0.244635 0.122475 -0.012674 -0.079133 0.018013 0.019636 0.110597 -0.188786 -0.207035 0.385438
0.073784 -0.155591 0.132543 -0.012045 0.002100 0.093056 0.002269 -0.119564 0.045899 -0.120508
-0.041061 0.101079 0.145916 -0.121138 -0.023579 0.089988 0.026410 -0.109260 0.200270 0.110282
-0.094472 0.094708 -0.019596 -0.067609 -0.171323 -0.139544 0.067609 0.101236 -0.041887 -0.041376
0.033391 0.083538 -0.095809 -0.027059 0.124441 -0.333207 -0.162670 0.094550 -0.056950 -0.009493
0.097775 0.267918 0.075750 -0.075790 0.171323 -0.013431 -0.072840 -0.008407 0.093606 0.091089
-0.128138 -0.069772 -0.092426 -0.235825 -0.239758 -0.089280 -0.033293 -0.114766 -0.080509 0.114373
0.020609 -0.148511 0.366559 0.001361 -0.249040 -0.006819 0.008269 0.089123 0.054630 -0.165188
-0.098326 0.074452 0.084560 -0.004997 0.030481 -0.005934 -0.041690 0.095730 -0.201843 -0.031032
0.058288 -0.233780 -0.008289 0.041494 -0.239758 -0.112406 -0.041218 -0.059350 -0.005703 -0.122789
0.063283 0.215216 -0.005654 -0.045466 0.048180 0.204361 -0.045977 -0.061316 -0.073941 -0.129633
0.042909 -0.150399 -0.127430 -0.082830 0.055298 -0.213643 -0.162356 0.037108 0.110754 0.018574
0.009252 0.084954 0.046095 0.016411 -0.048966 -0.103675 0.159917 0.000951 0.082672 -0.020088
0.187055 -0.012723 -0.115238 -0.112406 -0.063007 0.013087 -0.035220 0.006160 0.151579 0.051129
0.074256 -0.047629 0.023854 -0.023677 0.017856 0.066940 0.029871 0.029616 -0.024739 -0.041140
-0.112957 -0.147961 -0.097618 0.088572 -0.242904 -0.160783 0.127902 -0.024011 -0.024660 -0.135218
-0.130026 0.063165 -0.052388 -0.070205 -0.038583 0.003409 -0.047078 0.090460 -0.020904 -0.101551
0.158029 0.052073 0.051051 -0.024739 0.104855 0.072997 0.016755 -0.049556 0.033372 0.041376
-0.136791 -0.072014 0.077717 -0.170536 -0.146466 -0.035515 -0.091325 -0.042477 0.009380 -0.038052
-0.023756 0.206091 -0.077795 -0.064620 -0.021081 -0.016588 0.084560 0.044561 0.037836 0.199641
0.094865 -0.005826 -0.028102 -0.116497 0.069929 0.150399 0.002443 -0.107372 -0.097303 -0.062653
0.028967 -0.054512 -0.065210 -0.022576 0.008377 0.112406 -0.054787 0.070716 0.017954 -0.010826
0.023146 -0.099820 -0.008505 -0.042949 -0.108159 -0.109653 -0.279875 -0.148826 -0.012999 -0.168491
-0.112642 0.045781 -0.117126 -0.130891 0.158501 0.110676 0.021710 0.095337 0.017679 0.049556
-0.162828 -0.150478 -0.116103 0.060215 -0.032979 0.020845 0.199798 0.080627 -0.038465 -0.022989
-0.187999 -0.115317 0.106428 0.081650 -0.014710 0.085426 0.102652 -0.006858 -0.005290 0.028821
0.006968 -0.031180 -0.037310 0.012216 -0.057448 0.041687 -0.029697 0.038307 0.445574 -0.076127
-0.155659 -0.009261 -0.002861 -0.026049 -0.142234 0.064988 0.124138 0.080845 -0.099330 0.080262
0.056232 -0.067469 0.046965 -0.077343 -0.063674 -0.158481 -0.076419 -0.068831 -0.051611 -0.068928
0.019141 0.221425 -0.032591 -0.073208 0.034537 -0.179786 -0.034561 0.043341 -0.241272 0.135715
-0.041833 -0.073841 0.102638 0.034148 0.139996 0.134840 -0.053411 -0.219479 0.053751 0.037626
-0.288553 -0.011693 -0.036580 0.094952 -0.032761 -0.111783 -0.241077 -0.161302 0.119079 0.120830
-0.020540 0.044679 0.007041 -0.063966 -0.037699 -0.101276 0.093396 -0.007321 -0.019920 0.249638
0.050541 0.191072 -0.056329 -0.043195 -0.144666 0.015481 -0.053265 0.138731 -0.059491 0.028773
0.074327 0.072382 -0.107794 -0.352957 0.000608 -0.010343 0.093250 -0.045190 0.003536 -0.018302
0.005375 -0.093201 0.020296 -0.186499 -0.103124 0.158772 -0.080116 -0.068198 -0.075738 0.091985
-0.186110 -0.014423 0.035169 -0.039912 0.126376 0.252362 -0.099573 0.047695 -0.009966 -0.052097
-0.067955 -0.036945 -0.081089 -0.127446 -0.028408 -0.054286 0.051222 -0.037772 -0.077732 0.012818
-0.147390 -0.067566 -0.061437 -0.121706 0.023556 -0.095876 0.062993 0.057156 -0.092666 0.066447
-0.038696 -0.049422 0.095195 -0.070825 0.115091 0.065328 0.003855 -0.069803 -0.080651 -0.002262
0.004393 0.081478 -0.005928 -0.041396 -0.114215 0.093396 -0.042466 0.029600 0.005071 0.175798
0.082353 0.079338 0.035267 -0.089553 0.043731 0.182900 -0.121609 0.036337 0.355292 -0.035753
-0.051027 0.031448 0.108280 -0.053605 0.044582 0.114312 -0.056135 0.030159 0.033540 0.108475
0.016831 0.124430 -0.017876 -0.038526 0.020455 -0.021792 -0.158772 0.104097 0.084202 0.045360
-0.055210 -0.071603 -0.045165 0.033880 -0.064501 -0.172490 0.050832 0.120344 0.106237 0.060269
-0.094417 0.141261 -0.266566 0.046819 0.050541 0.027848 0.007905 0.038890 0.032007 -0.083910
0.073306 -0.101568 -0.003542 0.074425 -0.129003 -0.018120 0.037893 -0.089990 -0.073403 -0.091450
-0.138050 -0.200217 -0.011401 0.144082 0.019445 0.006421 -0.127932 -0.068685 -0.219869 -0.208778
0.308011 -0.059248 -0.160815 0.049957 -0.004281 -0.071020 0.002335 -0.114020 -0.145444 -0.068879
-0.023592 -0.159843 -0.066788 -0.065669 0.076954 0.055648 -0.138050 -0.025416 0.178424 0.057545
-0.028724 -0.067955 0.072284 0.027216 0.076273 -0.070776 0.027265 -0.025659 -0.121220 0.046163
-0.052049 -0.083472 -0.097287 -0.011072 0.038672 0.123263 0.021050 0.004211 -0.011644 -0.054529
0.164707 0.109448 0.013912 -0.073306 0.050395 0.077586 -0.044144 0.070922 -0.005697 -0.023264
0.109642 -0.156146 0.046722 -0.147584 0.122484 0.085175 -0.047476 -0.012805 -0.231154 -0.077732
-0.093006 0.020175 -0.167723 0.044557 0.657271 -0.018339 -0.010825 -0.135716 0.027310 -0.012209
-0.027960 0.032816 0.018542 0.045991 -0.005169 0.117406 0.077446 -0.094581 0.039001 0.140417
-0.051187 0.041259 0.123159 0.030573 0.043022 0.019640 -0.003648 0.061332 0.018727 -0.061270
0.118582 0.101818 -0.022238 -0.008467 -0.084498 0.034919 -0.042929 -0.102437 0.046146 -0.071198
-0.060683 -0.045466 -0.085116 0.027357 -0.074168 -0.174068 0.098354 0.192254 -0.114746 0.115117
0.098787 0.005598 -0.009217 0.113385 0.040950 0.055053 -0.068972 0.131634 -0.128169 -0.175058
0.077199 -0.038568 -0.024759 0.111035 -0.095323 0.013933 -0.094643 -0.002633 -0.048713 0.175924
0.178646 0.082766 -0.082209 0.132994 0.046765 -0.051126 0.029305 0.033310 0.156129 -0.022300
-0.054157 0.069899 -0.131015 0.062415 -0.063219 -0.106890 0.004415 -0.048713 0.010686 -0.003155
0.165408 -0.055796 0.019702 0.107571 0.047538 -0.052425 0.111097 -0.102437 -0.039929 0.100395
-0.141036 0.075961 -0.058981 -0.045218 -0.010895 0.231596 0.132871 0.180006 0.311269 0.165160
0.072250 0.103674 -0.021032 0.041538 -0.005849 -0.062291 -0.064023 0.048156 -0.174439 -0.015333
0.020181 -0.049950 0.055548 0.025656 0.184460 -0.035816 0.036929 -0.001068 -0.103859 0.019825
-0.070209 -0.013338 -0.023181 -0.019578 -0.007686 -0.070827 -0.001283 0.016068 0.113324 -0.049301
-0.056074 0.075714 0.071137 -0.009503 0.212667 -0.274649 -0.186068 0.004987 -0.155882 -0.148335
-0.021356 0.049765 0.038476 -0.050290 -0.117221 0.022856 -0.012990 -0.071446 -0.006735 0.005285
0.118087 -0.032692 0.086477 -0.005532 -0.056260 -0.009070 0.087653 0.029104 -0.058765 0.050136
0.035445 -0.104107 0.069961 0.006043 -0.130768 0.014838 0.066250 -0.052270 -0.052301 0.009302
0.013021 -0.038135 0.027001 0.049115 -0.018712 0.006012 0.098478 0.041723 -0.059012 0.074168
0.038414 -0.084374 -0.021511 0.032228 -0.057126 -0.055672 0.039744 0.050105 0.001427 0.130149
0.108066 -0.079859 0.049146 0.088890 -0.040919 0.048435 -0.053600 0.011421 -0.007709 -0.022315
0.140417 -0.078621 -0.114066 -0.029614 -0.195595 -0.095137 0.012843 -0.153160 -0.011931 -0.057559
-0.065631 0.054064 -0.180749 -0.061456 -0.308300 -0.182110 -0.218729 -0.430531 -0.156006 -0.082580
-0.182481 0.041630 -0.125819 -0.007987 0.004260 -0.114251 0.055703 0.046208 -0.009998 0.113942
0.019191 -0.055084 -0.087405 -0.112643 -0.001042 0.068229 -0.092601 0.027960 -0.019980 -0.015062
-0.102993 -0.011297 0.114066 -0.001261 0.026537 0.041166 -0.012302 -0.020815 -0.048187 -0.069033
0.008830 -0.117283 -0.069590 0.061889 -0.050012 -0.141036 -0.007373 0.052455 0.008080 -0.050414
-0.028625 -0.010261 -0.016485 -0.102251 -0.033929 -0.016083 0.118025 0.013926 -0.076518 0.115736
0.050847 0.022779 0.055858 0.046610 0.052363 0.130273 -0.018573 -0.084436 -0.006375 -0.054961
-0.145985 0.035754 0.025052 -0.095570 -0.079884 -0.025057 -0.040299 0.010164 -0.019596 -0.046831
0.005742 -0.007117 0.014090 -0.010682 -0.054826 -0.013760 -0.022577 -0.018133 -0.045118 -0.047152
-0.007023 -0.117149 0.046795 -0.110938 -0.162480 0.058324 -0.089450 -0.227872 -0.003170 -0.124145
-0.162337 0.099730 0.033731 0.132997 0.051435 -0.112580 0.075672 -0.035712 -0.026396 0.039478
-0.037158 -0.004375 -0.004850 0.069354 0.025325 -0.008638 0.083239 -0.030215 -0.043618 0.005818
-0.051792 0.067926 0.099873 0.141492 0.022434 -0.196461 -0.139921 0.034731 -0.128428 0.010806
0.063750 -0.072888 -0.036265 0.102657 -0.071281 -0.058110 -0.007705 -0.043583 -0.008598 -0.008674
-0.037265 0.053970 -0.040906 -0.029876 0.112151 0.097160 -0.173474 -0.024915 0.229871 -0.030215
-0.197746 0.329815 -0.035748 -0.140278 0.000037 0.029466 -0.033731 -0.086594 -0.064392 -0.126715
0.116006 -0.152058 0.036872 0.340380 -0.003199 -0.035748 0.031893 0.068176 -0.027217 -0.008562
0.068926 0.004415 0.025932 -0.169762 -0.076029 -0.058896 -0.335812 -0.151058 0.027145 -0.267279
-0.083525 -0.086095 0.016366 -0.011949 -0.051114 0.006702 -0.097659 -0.050829 0.021113 -0.024915
-0.058753 -0.003119 -0.022755 0.020096 -0.163622 -0.154199 0.226730 -0.046831 -0.131640 0.062679
0.053898 0.031536 0.100301 0.095018 -0.009789 -0.019489 -0.094661 -0.171761 0.171904 0.142063
0.092734 -0.036944 -0.046617 0.000528 -0.002929 0.030536 0.008187 -0.061323 -0.008883 -0.038443
0.086523 -0.107582 -0.112651 0.047224 -0.005885 0.054862 -0.001923 -0.135495 -0.124859 0.116934
-0.211453 -0.078599 0.316394 -0.173046 -0.121932 0.026681 -0.063036 0.069639 0.024433 -0.105726
0.088950 0.024629 -0.059181 -0.097731 -0.031018 0.008071 -0.028805 0.046867 0.029537 -0.010976
0.003772 0.055862 0.059467 0.035944 0.019525 0.020114 0.024040 -0.260854 0.097445 0.132711
-0.165479 -0.191036 0.191750 0.063893 -0.012404 -0.020221 0.050008 0.030983 0.017196 -0.034606
-0.029965 -0.052899 0.007697 0.043297 0.081597 -0.002499 -0.061323 0.108796 -0.060288 -0.093091
-0.015215 -0.002263 -0.047723 -0.039978 -0.037122 -0.114222 -0.155913 0.039514 -0.142420 -0.131855
0.013814 0.051507 0.040227 0.079741 0.137780 0.214166 -0.019239 0.056682 0.097303 -0.051043
0.058003 0.105155 -0.025200 0.050008 0.060823 0.024932 0.123431 0.068604 -0.140421 -0.059038
0.249146 -0.094875 0.196604 0.164765 0.010690 0.096089 0.013216 0.024183 -0.052828 -0.107154
-0.005867 -0.097517 -0.109367 -0.102443 -0.134853 -0.026913 -0.087879 -0.136281 0.019114 0.047116
-0.057753 0.082097 0.005863 -0.015572 0.084738 0.007009 0.072888 0.138708 -0.062751 -0.048651
0.117791 -0.121289 -0.065927 0.015304 0.106083 0.056897 0.035266 0.079884 0.036140 0.009298
0.012199 -0.038157 -0.071496 -0.060573 -0.040941 0.074244 -0.096089 -0.077885 0.035783 -0.131712
-0.111081 -0.042655 0.006680 0.118833 -0.017918 0.023731 0.137244 0.045698 -0.007771 -0.072866
0.041813 0.078365 0.071371 0.061120 0.028453 -0.041902 0.058370 -0.079501 -0.215429 -0.018261
0.010864 0.093488 0.065274 0.015011 0.008234 0.035985 -0.075496 -0.177054 0.029529 0.080935
0.057713 0.038585 0.010109 -0.039900 -0.003852 0.094325 0.009863 -0.039721 0.038405 0.013621
-0.053319 0.181477 0.087391 -0.033056 0.016857 0.108014 -0.015556 -0.010610 0.036433 -0.064975
-0.016378 0.064796 -0.105204 -0.010580 -0.026152 -0.078664 -0.036941 0.049912 -0.073762 -0.059626
0.130549 -0.008129 -0.008809 0.282856 0.028677 0.021011 -0.047880 -0.019143 -0.031681 0.077110
0.050869 -0.003340 -0.010916 0.083924 -0.000246 0.062584 -0.048717 0.045190 0.069997 0.026346
0.150155 0.249142 0.093369 0.100482 -0.002860 0.041992 -0.025240 -0.214114 -0.051676 0.033504
-0.143101 0.020010 -0.077887 0.055322 -0.028468 0.006295 -0.021937 -0.056487 0.015377 0.056786
-0.080935 -0.109329 -0.121164 -0.042918 0.164860 0.020981 -0.069698 0.265879 0.147286 0.038226
0.031621 -0.048507 0.007405 0.010670 0.007259 -0.058221 0.083506 0.013255 -0.017200 -0.022565
-0.063182 -0.083685 -0.028124 -0.074181 0.001163 0.034998 0.001931 0.011387 -0.007726 -0.044682
-0.074779 -0.115366 -0.127321 -0.023835 -0.122061 -0.078186 -0.017380 0.017305 0.026495 0.007263
-0.078724 -0.066649 -0.010207 0.023282 0.042590 0.167011 -0.015601 -0.007965 -0.013038 -0.123973
-0.092831 -0.090858 0.071730 0.118653 0.066350 0.017664 0.066948 -0.017365 0.143938 0.096477
-0.064856 0.050928 -0.021340 -0.014989 -0.105085 -0.028707 -0.014809 -0.022969 -0.020353 -0.027915
0.012919 -0.098808 -0.048209 0.113274 0.068801 -0.039930 0.088646 0.030530 -0.008921 -0.028214
0.004457 -0.013733 -0.015190 -0.039601 -0.027990 -0.093249 -0.136287 0.041932 0.079142 -0.062764
0.021071 -0.042889 0.145134 0.047940 0.028991 0.057982 0.030844 -0.042530 -0.133896 0.018500
0.017962 0.020458 -0.035267 -0.043845 -0.101319 0.050390 -0.051526 0.026480 0.009915 -0.028587
0.048747 0.032906 -0.017215 0.006691 0.038465 0.011761 -0.009706 0.014368 0.009086 0.033295
-0.066350 -0.125049 -0.017933 0.043845 -0.085957 -0.030201 0.082191 -0.028064 0.007636 -0.012792
0.045758 0.130190 0.037330 -0.066051 -0.152546 -0.044054 -0.033145 -0.072447 0.001383 0.034550
0.083326 0.096238 0.029110 -0.131505 -0.088646 0.010879 0.063242 0.006090 0.004020 -0.124213
0.030530 -0.106818 0.048537 0.127560 0.002892 0.006504 -0.049165 0.022998 -0.019636 -0.050002
0.063302 0.111421 -0.047611 -0.037957 -0.037389 -0.000782 -0.085777 -0.016782 -0.002327 0.082430
0.126484 0.005989 0.046356 0.092831 0.054306 0.122419 -0.067127 0.069459 0.035476 -0.083267
-0.083147 0.053529 -0.017305 0.045250 0.054485 -0.038555 0.017559 0.047103 0.047700 0.033414
0.003742 0.156103 0.027016 -0.208688 -0.066326 -0.117774 -0.035487 -0.079446 -0.065602 0.136474
0.459526 -0.030193 -0.029392 -0.031871 -0.050700 -0.065189 -0.263649 -0.185546 0.110852 0.123043
0.171909 0.095872 -0.103207 -0.102433 -0.003125 0.039129 0.001346 -0.085541 0.175008 -0.198977
0.100315 -0.078155 -0.187406 0.119531 0.083888 -0.058319 -0.090035 0.260756 -0.003968 -0.147941
0.201663 -0.223771 -0.017240 0.124283 -0.193191 0.026603 -0.121184 0.140296 -0.007787 -0.392581
0.022251 -0.015768 -0.036572 -0.007955 -0.002515 0.290097 -0.024356 -0.161061 0.206312 -0.051475
-0.148768 0.174285 -0.108580 -0.012778 -0.302287 0.115191 0.004701 -0.110129 0.074229 -0.115088
-0.129965 0.207965 -0.003835 0.244227 0.046206 -0.010725 0.088951 0.064569 0.004575 -0.073196
0.022160 -0.018725 -0.139056 0.054806 -0.073557 -0.325429 0.049512 -0.205692 -0.252285 0.090035
-0.046774 0.014141 -0.005085 -0.037398 -0.141123 -0.067410 -0.150420 -0.218606 -0.018157 0.022406
0.119117 -0.059920 0.007542 0.177488 -0.168603 0.018506 0.026964 -0.112712 0.044424 0.091792
0.047988 -0.091740 -0.051810 -0.056149 0.102691 0.264476 -0.021062 -0.151867 0.041169 -0.154140
-0.073867 -0.069167 -0.042642 0.014244 0.086058 0.061367 0.082442 -0.082442 -0.125833 0.006489
-0.054703 -0.141536 -0.084766 -0.219639 -0.168603 -0.010286 -0.098249 0.089984 0.241127 -0.105584
0.065757 0.012242 -0.184100 -0.085748 -0.151247 -0.361588 -0.122320 -0.177901 -0.117361 -0.145875
-0.045224 0.017602 0.116225 -0.004152 0.069373 0.104550 -0.030399 -0.204555 0.165091 -0.060953
0.253525 0.132754 0.119840 0.048427 0.055581 0.010331 0.006728 0.051759 -0.051165 0.146495
0.072472 -0.089829 -0.038742 0.046877 -0.038922 -0.039336 0.077896 0.035952 0.052663 0.137197
0.146805 0.111886 0.027584 0.028591 -0.194534 0.080892 0.074745 -0.030167 0.050054 -0.032620
0.084818 0.029624 -0.125833 -0.012107 0.002161 0.032052 -0.105119 0.074694 -0.129965 -0.124696
-0.053257 0.015652 0.048840 -0.063639 0.043778 -0.028333 -0.185133 0.129655 0.152073 0.024356
-0.122113 0.042951 0.046387 0.088537 -0.009149 0.030244 0.073247 0.090242 -0.061315 -0.091637
0.020791 -0.114055 -0.061883 0.024807 -0.047471 0.018880 -0.137610 -0.091275 -0.102019 -0.126452
-0.198150 -0.042099 -0.032207 -0.084405 0.026176 -0.270054 0.009130 -0.096441 -0.038251 -0.006741
0.080066 -0.188955 -0.035203 -0.020572 -0.010512 0.051526 0.183583 0.093651 -0.168293 0.034196
-0.080221 -0.131721 -0.108166 0.191125 -0.000825 -0.194947 -0.015367 0.200320 0.038638 -0.048220
0.111782 0.170979 0.170773 0.076657 0.272534 -0.035022 0.086678 0.042435 -0.029908 0.073402
-0.071904 0.120770 -0.018583 -0.116844 -0.037269 -0.102329 0.158582 0.285758 -0.036804 0.018157
-0.031071 -0.060953 -0.005627 -0.155999 -0.099282 0.066739 0.177385 -0.053463 0.013679 -0.064829
0.028068 0.022246 -0.143383 0.001534 0.033124 0.106233 0.021423 -0.052568 -0.056228 -0.046529
-0.067208 -0.102024 -0.036257 -0.070731 -0.008590 0.020885 0.047489 -0.006731 -0.100652 0.005258
-0.001591 -0.022155 0.013005 0.051698 0.064646 -0.027473 0.033169 0.083175 -0.037699 0.003531
0.062633 0.019067 0.030928 0.032117 0.002093 0.010683 0.009007 -0.000704 0.106874 0.006817
-0.020130 0.013313 0.003952 -0.057920 -0.042548 -0.009041 -0.074345 -0.200022 -0.049640 -0.105959
0.068763 0.056868 0.002456 0.006331 0.031408 0.010340 0.036761 0.125357 -0.029578 -0.040993
-0.002648 -0.005404 -0.025712 -0.021411 0.039643 0.027931 -0.103488 0.007823 0.016802 0.031408
0.007984 0.057234 -0.000481 -0.033398 0.011638 0.015532 -0.003014 -0.024454 -0.012055 -0.056319
-0.124168 -0.058927 -0.104037 -0.066933 -0.132128 0.027748 0.197460 -0.010677 -0.026535 -0.046231
0.028709 -0.018746 -0.024179 -0.014274 0.004449 -0.012822 -0.008184 -0.020359 -0.039391 -0.048816
0.070548 -0.038522 -0.085828 0.103854 0.068763 0.049228 0.033169 -0.079927 -0.014938 0.032483
0.242296 0.089077 0.044950 0.234244 0.086377 0.019684 -0.022395 -0.071188 0.025735 -0.091044
0.015098 -0.054535 -0.070136 0.069129 -0.005284 0.013794 0.010631 -0.177696 0.076541 0.051790
-0.073933 -0.037653 -0.008630 0.057234 -0.068718 -0.027473 -0.010220 -0.006685 -0.010220 0.039963
-0.002513 0.050921 -0.016802 -0.064326 -0.031637 0.045453 0.119318 0.107148 0.000123 0.100743
-0.001551 0.044904 0.059476 0.027382 -0.070776 -0.182271 0.003686 0.113462 0.120599 0.129292
0.000865 0.001583 0.014171 -0.039712 -0.020428 0.010317 0.003168 0.021549 0.009842 -0.008304
-0.013828 0.044401 0.013050 -0.030218 -0.009070 -0.015407 -0.041107 -0.009076 -0.046254 -0.070685
-0.059613 0.137893 -0.073156 -0.136154 0.212467 0.140363 0.049319 -0.004924 -0.021995 -0.017603
0.012078 -0.027245 0.003500 0.042640 -0.088528 -0.024683 0.060345 -0.016024 -0.015258 -0.006205
-0.014080 0.027450 -0.002921 -0.006708 0.023047 0.004629 0.007789 0.011426 -0.040672 -0.070914
0.012822 0.032918 -0.021400 0.004358 -0.005244 -0.043578 0.051881 -0.008813 -0.040627 0.178337
0.022098 0.072652 0.083495 0.011861 -0.023253 0.047398 0.032780 -0.033787 0.056960 -0.041862
-0.030653 -0.003574 0.052568 -0.017534 0.037699 0.007189 -0.054764 -0.022795 -0.002931 0.011644
-0.032643 0.009499 -0.056731 -0.006508 -0.063777 -0.010202 0.057783 -0.027977 0.018049 -0.053528
0.000429 -0.003943 0.007732 0.036555 0.053894 -0.038774 -0.023996 0.006600 -0.048587 -0.016722
-0.044127 -0.011952 -0.047764 0.049685 0.029715 0.051149 0.058424 0.022349 -0.011838 -0.054443
-0.057005 0.028823 0.046757 0.038133 0.002884 0.026421 -0.006199 -0.022143 -0.027450 0.044630
-0.050829 0.106050 0.051287 0.061352 0.323550 0.144206 0.043162 -0.048560 0.063843 0.081276
0.031898 0.047275 -0.003199 -0.028136 0.010825 0.138435 0.285657 0.211626 0.013752 0.286779
0.011673 -0.083239 0.006940 0.045171 -0.176199 -0.114880 0.055383 -0.054122 -0.055150 0.034235
0.023614 0.162365 0.181527 -0.032552 -0.001902 0.202278 -0.051551 -0.070106 -0.145539 0.073704
-0.040007 -0.140679 0.185827 -0.251259 -0.319308 0.230134 0.133294 -0.082491 0.075434 0.140866
0.123106 0.029935 0.058562 -0.046527 -0.042414 -0.058655 0.056271 -0.068657 0.078799 -0.099176
-0.110580 -0.007507 0.058281 -0.122264 -0.069638 -0.003073 0.020716 0.007046 -0.003400 0.056692
0.157130 -0.032062 0.010294 -0.037460 0.042204 0.010878 0.016627 -0.053421 -0.090670 -0.064824
0.044564 -0.097681 0.024654 -0.149465 0.037740 0.004016 -0.108804 -0.057440 0.155167 0.270701
-0.053374 -0.021791 0.132173 -0.134696 -0.015949 -0.092493 0.130770 0.017632 0.024724 0.023813
-0.050149 0.115254 0.128060 -0.051224 0.046153 -0.073190 0.016744 -0.351463 -0.170964 -0.089034
-0.002664 -0.127499 -0.144979 -0.121330 0.055757 0.081323 0.156569 0.037764 0.003704 -0.146755
0.017737 0.118151 -0.092820 -0.015190 -0.208635 -0.102915 -0.029725 0.068937 -0.137501 -0.137127
-0.003511 -0.038839 -0.058562 0.035824 0.020576 0.174610 0.174610 0.087539 0.042905 0.038395
0.059917 -0.175919 0.008787 -0.042788 -0.147689 -0.059263 -0.113291 -0.047228 0.104878 -0.080949
-0.008827 -0.079967 0.042297 0.077490 -0.003768 -0.184612 0.095624 0.084968 -0.166291 -0.073097
0.043279 -0.055243 -0.032623 -0.110674 0.174984 0.076041 0.104504 0.055430 -0.005109 0.038815
-0.083192 0.030636 -0.055243 -0.084594 0.030847 0.030169 0.018940 0.017795 0.090997 -0.033324
-0.088754 -0.109832 -0.030917 0.078612 -0.034375 0.002730 0.049915 0.018052 0.041292 -0.034936
-0.117965 0.210504 0.164421 -0.058749 0.000113 -0.021254 -0.142735 -0.071227 -0.053047 -0.182555
0.090203 0.030426 0.035637 0.059543 -0.028019 -0.133201 0.022282 -0.113665 -0.180499 -0.218543
-0.006461 -0.080388 -0.039703 -0.100765 -0.067675 -0.022703 0.002043 0.025892 -0.024303 0.005176
-0.037039 -0.030963 0.090810 -0.029748 0.167880 0.025098 0.123106 0.254811 -0.059730 0.042157
0.077817 -0.170497 0.020120 0.108711 -0.143109 -0.128994 -0.047391 -0.066974 -0.025495 0.082865
0.185266 -0.085062 -0.104224 -0.178068 -0.024888 -0.006415 -0.132079 0.067488 0.001063 -0.032599
-0.053280 -0.114506 -0.128621 0.027365 -0.038044 0.021149 0.063142 -0.007408 0.086043 -0.106748
0.051037 0.078565 0.165262 0.005442 -0.042110 0.071601 0.009277 0.087913 0.381749 0.347163
-0.063703 -0.143296 0.024630 -0.016603 -0.231255 -0.003275 -0.091605 -0.083940 -0.165262 -0.112636
0.004075 0.146007 0.004195 0.032529 0.081089 -0.129368 -0.162926 -0.088941 -0.117030 -0.104411
0.000600 -0.186294 -0.069592 0.092726 0.005892 -0.045818 0.001982 -0.034343 -0.028633 -0.040932
0.015689 -0.008579 0.009169 0.082028 -0.069181 0.074616 -0.048262 -0.000004 -0.014207 -0.078569
-0.151209 -0.039834 0.058639 0.067643 -0.000683 0.091033 0.087574 -0.020233 -0.016211 0.024858
-0.006496 -0.039587 -0.020425 0.091527 0.042991 -0.036183 0.043924 0.041618 0.002454 0.073134
-0.027631 0.015168 0.006445 -0.015950 -0.117278 0.123976 -0.039120 0.065886 0.065282 0.109152
-0.051364 -0.063416 0.072585 -0.053038 -0.073353 0.033163 0.052297 0.008867 -0.061439 -0.078075
-0.047905 0.013383 0.143412 0.098500 -0.018832 0.019711 0.047740 0.009327 -0.040465 0.039916
0.007309 -0.156041 -0.145389 0.008030 -0.056552 -0.053588 -0.027247 0.030143 0.015401 0.035332
0.016691 0.012354 -0.045764 -0.096469 -0.075934 0.064184 0.122439 0.102892 0.084060 0.049305
0.099433 -0.028551 -0.024213 -0.043238 -0.020274 0.054274 0.050540 -0.151209 -0.097347 0.046422
-0.069236 -0.067039 0.027439 0.058858 0.034398 0.021550 -0.071651 -0.077636 0.045434 0.013308
-0.084719 -0.122988 0.022264 0.047026 -0.035194 -0.010919 -0.048317 0.028963 0.009931 0.059847
0.084170 0.073298 0.045242 0.008558 -0.009059 -0.050815 -0.039944 0.023074 -0.056717 0.021564
0.049799 0.108438 0.106022 0.051611 0.021605 0.170096 -0.074946 -0.044061 0.043073 0.018380
-0.040246 -0.003641 -0.054027 0.065941 -0.074342 -0.076154 -0.050485 -0.076538 0.109920 0.221268
0.000640 0.050485 -0.074012 0.032202 -0.018489 -0.026327 -0.060890 -0.007474 -0.026560 -0.013802
-0.046120 0.287923 -0.036155 -0.028221 0.039038 -0.028743 0.085542 0.075989 0.017158 -0.026149
-0.018325 -0.013260 -0.027219 0.045846 0.016609 -0.107175 -0.014166 0.000427 -0.071761 -0.061933
-0.012182 0.109207 0.059133 -0.018489 0.130235 0.079338 0.195902 -0.066820 -0.017776 0.081534
0.018558 -0.049497 -0.072475 0.012120 -0.205016 -0.013095 0.075550 -0.038049 0.017940 0.121231
0.078185 0.053203 0.042140 0.023060 -0.117058 0.032586 0.046724 -0.016746 0.078295 0.046834
-0.082358 0.046367 0.003456 0.066984 -0.064294 -0.026917 0.062317 -0.002683 0.014207 0.004211
0.055399 -0.050074 0.067808 0.108932 -0.033135 -0.025133 -0.056717 -0.125623 0.002697 0.001090
0.048948 -0.045956 -0.041865 -0.101245 0.043622 -0.016142 -0.013644 0.101410 -0.006125 0.009732
-0.038543 -0.058804 -0.152637 -0.141436 -0.016005 -0.070938 -0.020713 0.054219 0.005868 -0.046285
-0.010528 -0.043210 0.028070 0.024419 0.033602 -0.003589 -0.060176 0.089441 0.111732 -0.004993
-0.046971 0.056223 -0.010679 -0.041838 -0.045214 0.070279 0.006070 0.034728 0.002128 0.103167
-0.089715 -0.061110 -0.064459 -0.109207 -0.018956 -0.218523 0.017254 -0.026711 -0.003341 0.017240
0.106461 0.028359 0.020960 -0.016691 0.212923 -0.011914 -0.002104 0.005666 -0.036841 -0.026725
-0.057486 -0.000780 -0.132910 -0.144081 0.003156 -0.024278 -0.184450 -0.000578 0.102634 -0.004788
0.060171 0.017804 0.022818 0.045002 0.029197 -0.021692 0.008918 -0.073818 -0.018090 -0.031720
0.040749 -0.052174 0.091146 0.059918 -0.084418 -0.001162 0.037925 -0.143828 -0.088353 0.077880
0.013710 -0.061060 -0.024802 0.013464 -0.076674 0.067915 -0.060267 -0.030705 -0.132403 -0.135449
-0.063218 -0.015892 0.142558 -0.041035 0.037036 0.197906 0.062044 0.020771 0.073437 -0.059346
0.190670 -0.039670 -0.047509 -0.115836 -0.128340 -0.158807 -0.048397 -0.059791 -0.066899 -0.147128
-0.126944 -0.182418 0.081308 -0.056934 -0.014392 0.009489 -0.020168 -0.044145 0.077436 0.213901
-0.034719 -0.066519 0.008862 -0.058521 0.070708 -0.044843 0.020327 0.007125 -0.088861 0.048746
0.168455 0.130118 0.100222 0.109616 0.186227 0.107522 0.084735 -0.241321 0.143954 -0.025008
-0.219105 0.057855 0.015051 -0.057157 0.019232 -0.108410 -0.104602 -0.056300 0.061092 -0.018851
0.021295 -0.027515 0.046747 0.050143 -0.009108 0.057537 -0.008196 0.122882 0.098509 0.010322
-0.004122 -0.075151 0.013147 -0.129039 -0.016646 -0.121041 0.007343 -0.046366 -0.019787 0.015693
0.087020 0.012702 -0.047223 -0.018486 -0.028547 0.082641 0.102126 0.106062 0.054903 0.059632
0.047541 0.062393 0.012123 -0.008577 -0.073818 -0.034275 0.004975 0.052936 -0.035703 -0.037702
-0.083212 -0.075912 -0.045129 -0.081625 -0.083910 -0.027817 -0.031514 0.000655 0.008037 -0.104411
-0.140019 -0.097303 -0.040749 0.022009 -0.075659 -0.045636 -0.156014 -0.023786 -0.079657 -0.186227
-0.035640 0.057442 -0.022580 -0.015686 0.062774 0.050492 0.076801 0.022120 -0.056395 -0.002033
-0.038147 -0.029546 0.020073 -0.011838 -0.101555 -0.011274 0.036147 -0.052872 0.024500 0.027039
-0.107839 0.101111 -0.073437 0.159315 0.229896 -0.153094 -0.232054 0.159696 -0.018550 0.063059
0.113298 -0.063980 0.031736 -0.103840 -0.011108 0.132656 -0.148144 0.160838 0.169216 0.030149
0.054300 -0.067026 -0.058680 -0.017137 -0.016177 -0.180514 0.007482 0.020406 -0.029229 -0.012948
-0.016757 0.103840 -0.020327 0.073564 0.038115 -0.050651 -0.115519 0.050302 0.072548 0.074580
-0.032498 0.065503 0.054237 -0.015725 0.089876 0.071152 0.205522 -0.057886 -0.060965 -0.132530
-0.063758 0.038051 -0.088924 -0.019962 -0.044462 -0.040717 -0.121739 -0.079340 0.022437 -0.015662
0.179880 0.147001 0.026690 0.170994 0.076039 -0.033259 -0.029261 -0.051127 -0.017582 -0.073374
-0.048746 0.097176 -0.021945 0.159696 -0.100222 -0.009735 -0.012901 -0.030403 -0.133926 -0.094827
0.084608 0.041796 0.050619 -0.061155 -0.047604 0.096922 -0.070390 -0.156522 -0.070390 -0.087718
-0.134180 -0.019898 0.030435 -0.085179 0.071977 0.054395 -0.029514 0.088607 0.004146 -0.011568
0.093431 0.106696 0.189400 0.153221 0.012401 -0.022691 0.008712 -0.040908 0.040971 0.029832
0.029020 0.043508 0.084140 0.217734 -0.014821 0.106549 0.077958 -0.082122 0.064565 0.051343
-0.123119 -0.137972 0.034579 -0.059070 -0.101827 0.057739 -0.029964 0.117195 0.110412 -0.016495
-0.025027 0.141578 0.190088 -0.113331 0.063191 0.327974 0.257743 -0.126382 -0.031767 0.044603
-0.161240 -0.173689 -0.010099 -0.040031 -0.007115 -0.043809 -0.006659 -0.154543 0.080148 -0.073193
0.075039 0.013072 -0.063620 -0.049411 -0.041405 -0.098650 -0.013802 -0.031338 -0.075425 -0.073408
0.373307 -0.105089 0.198502 0.082466 -0.147159 -0.019994 0.302389 -0.049282 0.183219 0.175320
-0.062547 0.023804 -0.067612 0.054047 0.331580 0.135568 -0.132306 -0.237824 0.292258 0.022859
-0.073408 -0.091695 -0.083324 -0.069888 0.006547 0.216532 0.080963 -0.101397 0.101054 -0.083324
-0.054605 0.027753 0.071261 0.108180 -0.095817 -0.064736 0.144841 -0.008747 0.038485 -0.088519
0.096246 -0.067183 0.078903 0.148018 0.072764 -0.025135 -0.020123 0.007325 -0.071605 0.088261
0.026637 0.015046 0.070875 0.060830 0.188370 0.222198 0.074438 0.074867 0.130503 -0.101140
-0.114791 0.208976 0.043229 -0.169997 0.068428 0.061989 -0.112044 -0.036060 -0.094443 -0.034150
-0.221340 0.170426 -0.126382 0.020166 0.067484 0.033720 0.002310 0.015229 0.247784 -0.047479
-0.224087 -0.088347 -0.200734 -0.002295 -0.142265 -0.019962 -0.106291 -0.136169 0.180472 -0.047093
-0.228380 0.089807 0.198158 -0.112215 -0.084526 0.158063 0.080405 0.114533 -0.041898 0.068342
-0.106892 -0.079461 -0.040589 0.110155 0.089120 0.152912 -0.276116 -0.072721 0.189057 0.132134
0.121917 0.073794 -0.043358 -0.163558 0.029835 -0.106463 -0.268904 -0.026465 -0.132048 -0.238168
-0.166735 -0.089463 -0.072850 -0.039258 0.011591 0.002409 -0.018513 0.079933 0.094014 0.007287
-0.009804 -0.037584 0.038979 -0.080534 -0.069759 -0.008575 0.030501 -0.105690 -0.087660 0.079761
0.037777 0.084355 -0.015969 -0.101998 0.191976 -0.124493 -0.233875 -0.001760 -0.010748 0.012997
-0.070403 -0.089892 -0.062075 -0.245551 -0.085943 -0.043186 -0.093155 0.078516 -0.289682 0.040739
0.172573 -0.062590 -0.242117 0.097877 0.355792 -0.179441 -0.142094 -0.021443 -0.038743 -0.216532
-0.075898 -0.292944 -0.135483 -0.110069 -0.014982 -0.120629 -0.075125 0.040696 -0.126811 -0.235420
-0.054777 -0.065852 -0.005385 -0.071004 -0.055764 -0.122089 0.016839 -0.015529 -0.271480 0.061001
-0.045375 0.015175 0.119857 -0.010882 -0.166649 -0.132134 0.187168 -0.191461 -0.100968 0.118311
-0.047050 0.077829 0.010480 -0.058597 0.101483 0.116508 0.067441 -0.001090 0.016485 0.108266
-0.015454 0.041362 0.020734 0.034729 0.019436 -0.040052 -0.076885 -0.051557 -0.148533 -0.151023
0.139690 0.018749 0.001650 0.059027 0.110155 -0.109554 -0.101998 -0.050269 0.043701 0.095301
0.202623 0.146987 -0.014252 0.174547 0.199704 0.050613 0.006756 0.057310 0.003096 0.043860
-0.011105 0.009101 -0.046193 -0.190421 0.048131 -0.084369 -0.088968 0.086274 -0.005138 -0.088968
0.078192 0.064853 -0.058184 -0.003409 -0.023950 0.026579 -0.123005 -0.079703 -0.016550 -0.120705
-0.083843 -0.088048 0.045371 0.040443 0.008903 0.028238 0.073790 0.075630 0.045798 0.135752
0.120311 -0.080492 -0.053650 -0.028944 -0.142323 -0.195940 0.087917 -0.056180 0.176754 0.240359
-0.218412 -0.036993 0.220121 -0.005441 0.092648 -0.007191 -0.018415 -0.038636 -0.196597 -0.102307
0.011540 0.088837 -0.102438 0.075564 0.007860 -0.011146 0.111243 0.094291 0.018283 0.046422
-0.007446 0.005684 -0.115646 -0.015573 0.071884 0.101453 -0.102635 -0.010234 -0.047737 0.031458
-0.020024 -0.028747 -0.039917 -0.065905 -0.041889 -0.020238 0.069519 0.035909 -0.098102 -0.034398
-0.013585 -0.000048 -0.164138 -0.039063 0.044287 -0.070044 -0.044221 -0.024295 0.016082 0.036369
0.016542 -0.044780 0.015063 0.000389 -0.012312 0.155070 0.149288 0.158881 0.007195 0.064065
0.301993 0.112754 -0.075761 0.131284 -0.005848 -0.006866 0.033380 0.046028 -0.004990 0.037946
0.044977 0.081543 -0.000738 -0.080098 0.013922 -0.017577 -0.180039 0.040213 -0.068336 -0.157567
-0.059170 -0.064656 -0.062389 -0.022061 -0.012813 -0.043170 0.069190 -0.129050 0.124582 0.346148
-0.067876 -0.064919 0.080623 0.010201 0.058743 -0.018431 -0.054932 0.002257 0.086471 0.119194
0.068927 -0.011392 -0.026053 -0.085617 -0.077666 -0.142586 0.064689 0.129970 0.017495 0.027334
0.008181 -0.074250 0.003470 0.024427 -0.025150 0.074513 0.084763 0.032525 0.063506 0.023688
0.010103 -0.011696 -0.056574 0.064624 0.021503 -0.042020 0.106118 0.034792 -0.055030 0.087983
0.113149 -0.035909 0.054800 0.162298 -0.125042 0.025955 -0.081675 -0.134701 -0.066956 -0.085026
0.042020 0.051351 -0.107826 -0.041133 0.031835 0.033708 0.049084 0.010677 -0.021289 -0.009807
-0.019877 -0.078784 -0.083843 0.014505 -0.040345 -0.028994 -0.070439 -0.050562 -0.037979 0.055457
-0.053979 -0.094356 0.014883 -0.058184 -0.073855 -0.051811 -0.007585 -0.065018 -0.152836 0.075235
0.040410 -0.056147 0.047145 0.091925 -0.071227 -0.018037 -0.038373 0.010825 -0.055917 -0.098627
-0.003873 -0.046193 -0.073067 -0.114134 -0.000965 0.130495 -0.050036 0.073133 0.165189 -0.025905
-0.018727 0.063112 0.018020 0.050891 -0.067350 -0.089428 -0.250609 -0.133058 -0.104212 -0.068599
-0.001901 -0.069716 -0.027285 -0.001478 -0.035909 -0.114134 -0.022587 -0.010686 -0.083449 -0.079441
0.004160 0.075301 -0.044156 -0.013289 0.132861 0.049741 -0.107104 -0.008608 -0.065938 0.027400
-0.023655 -0.109009 0.077798 0.100730 -0.048821 0.056082 0.003205 -0.144425 -0.053782 -0.030226
-0.074644 0.009150 -0.019564 -0.047310 -0.032542 0.107892 0.039556 0.033971 -0.019679 -0.091991
0.029503 -0.037519 0.000985 -0.008259 0.010464 0.021010 -0.055335 -0.093108 -0.010682 -0.021867
0.350849 -0.063331 0.039834 0.308465 -0.036768 0.232330 -0.063577 0.090459 0.108512 -0.024185
-0.077411 -0.111946 -0.212119 -0.125093 0.063086 0.132059 0.079324 -0.057199 -0.116067 0.052196
-0.137161 -0.064852 0.060830 -0.001489 0.034315 -0.009302 0.044298 -0.083052 -0.149817 0.016789
-0.174836 -0.154232 -0.028232 0.227228 0.006098 0.025656 -0.222322 0.065392 -0.058524 -0.103214
-0.085701 0.041796 -0.023449 -0.052882 0.272948 0.186217 0.151681 0.071377 -0.154429 0.176308
-0.076577 -0.154723 -0.025705 -0.101252 -0.165711 0.036694 0.136082 0.019721 0.030856 0.026637
0.012166 -0.063920 0.105274 -0.061811 0.223696 0.019671 -0.141674 -0.150602 -0.147463 -0.556492
-0.031077 0.092029 0.490168 -0.217417 0.010627 0.346336 -0.051950 0.078784 0.082807 0.033334
-0.024700 -0.124406 0.137946 0.022296 0.052098 -0.305325 0.078441 0.163161 0.076675 -0.254503
-0.106452 0.138927 -0.042924 0.008211 0.176896 -0.107335 -0.125485 -0.186413 -0.177289 0.122052
0.216632 -0.269808 -0.066177 -0.044396 0.119206 -0.018690 0.196421 -0.159334 -0.180821 -0.097474
-0.114889 0.029066 -0.116950 -0.091637 -0.085554 0.053667 0.079667 0.065980 -0.154036 0.031519
0.169930 -0.028747 0.129214 0.122640 0.100761 0.125584 -0.003038 -0.033530 0.007677 -0.072456
-0.144029 0.057984 -0.017783 0.075252 -0.009063 0.022149 0.037577 -0.072456 -0.151289 0.072897
0.026637 0.130097 0.084867 -0.124897 0.020260 -0.094188 -0.074026 0.104980 -0.161100 -0.071867
-0.106452 -0.058279 0.150897 0.005966 0.037798 0.371453 0.349868 0.016409 -0.027398 0.005516
0.016213 0.084671 -0.061860 -0.058622 0.130097 0.029041 -0.073094 -0.012571 -0.077411 0.034511
-0.114693 -0.179545 -0.003992 0.014729 -0.114301 0.095708 0.114791 0.015367 -0.045328 -0.007818
0.029581 0.117244 0.218986 -0.132451 -0.079863 -0.071622 -0.269416 0.072407 0.008959 -0.322985
0.076478 0.136376 0.268827 -0.040398 0.064607 0.059554 -0.017844 0.060143 -0.066226 -0.305325
-0.006500 -0.057543 -0.024994 -0.006868 -0.069611 0.012558 -0.105078 0.001075 0.087516 -0.186021
-0.118814 0.004430 -0.108120 -0.107923 0.026564 0.146383 -0.044543 -0.132353 -0.065343 -0.138338
-0.040398 0.096837 0.154429 0.247243 -0.099927 -0.053079 -0.087124 -0.076871 -0.126074 -0.077116
-0.049866 -0.143538 -0.179447 0.196421 -0.029188 -0.038583 0.007150 -0.070984 0.170225 -0.053667
-0.128233 -0.157666 -0.001262 0.128036 -0.117931 -0.023841 0.163847 0.049105 -0.114987 -0.047879
0.050184 -0.029973 -0.013723 0.041600 0.036571 0.147463 0.145795 0.019463 -0.013159 0.122738
0.071622 0.046505 0.065980 0.023461 -0.165515 -0.107727 -0.063380 -0.079863 0.061026 -0.073682
-0.275695 0.081384 0.037945 -0.122052 0.038509 -0.156685 0.062743 -0.213100 0.117538 0.091048
0.056954 -0.031985 -0.095120 -0.013527 0.111904 0.025492 0.072752 0.016788 0.133233 0.056195
-0.052787 -0.059507 0.065204 -0.123980 -0.162548 0.003677 -0.100898 -0.057413 0.030362 0.075284
-0.101191 -0.203745 0.141706 -0.101093 -0.034233 -0.007268 -0.208614 -0.148134 -0.001489 -0.297241
-0.089942 -0.060335 -0.387037 -0.141608 -0.449952 0.097051 0.303474 -0.150374 0.038007 -0.003040
-0.086874 -0.078742 0.067347 -0.113949 0.403983 -0.135375 0.018858 -0.086825 -0.032066 -0.041952
0.060140 -0.072947 0.100801 0.242117 -0.057413 0.025712 -0.089796 -0.162450 0.253999 -0.021706
-0.044046 0.142777 0.259453 0.009289 0.009855 -0.076112 0.005938 0.083319 -0.010756 0.059994
0.001018 0.009459 -0.178520 -0.053030 -0.202186 0.053955 0.135278 0.116579 0.000018 -0.085608
-0.081907 0.202966 -0.176572 -0.338341 -0.066324 0.058192 0.021682 -0.032115 0.233547 0.009727
-0.082686 0.065009 -0.103236 -0.275231 0.001729 -0.082783 0.066714 -0.107618 -0.249714 -0.060627
-0.072168 -0.122033 -0.012411 0.087458 0.100996 -0.090137 -0.243286 -0.031896 -0.390933 -0.012965
-0.154464 -0.356651 -0.106158 -0.094909 0.051861 -0.063500 -0.082832 0.257116 -0.032456 -0.031628
0.183097 -0.120279 -0.003655 -0.011766 0.139271 -0.383141 -0.069392 0.053761 -0.086484 -0.014986
0.134401 0.145309 -0.048940 -0.121935 -0.102749 0.119695 0.090526 0.014597 0.036230 0.142095
0.004094 -0.006684 -0.081858 -0.128168 0.017421 -0.042244 -0.084050 -0.096126 0.078060 0.141121
-0.067980 -0.168391 -0.282438 0.094081 -0.031945 -0.205498 -0.109956 0.033844 0.193811 0.046188
0.108495 0.321979 -0.229067 -0.000691 0.070122 0.161087 -0.013160 0.022120 -0.090137 0.007183
0.188941 0.077135 0.178325 0.194298 0.073775 0.001852 -0.167904 0.070463 -0.089163 0.158555
-0.052689 0.066032 0.235105 -0.057364 -0.085851 -0.097441 0.031750 0.092766 -0.021073 -0.174137
-0.066275 0.133817 0.121253 0.185630 -0.005016 -0.015790 0.233157 -0.128460 0.029656 0.050157
-0.190499 0.119890 0.030873 0.064522 -0.157289 0.079764 -0.037447 0.013148 0.019905 -0.128850
-0.123493 0.134109 0.092523 -0.098171 0.049524 -0.315551 -0.206082 -0.046188 -0.247766 -0.003263
0.059361 -0.151932 0.007639 0.470989 0.163814 -0.007992 -0.135083 -0.123006 -0.068710 0.163619
-0.072655 -0.203939 0.024409 -0.180857 -0.134109 0.062039 0.019795 -0.070122 0.199459 0.343210
0.031360 0.280490 -0.155535 -0.201407 -0.064522 -0.186409 -0.052641 0.141024 -0.085364 -0.079569
-0.048209 -0.104891 -0.072801 -0.019077 0.155633 0.040637 -0.057364 -0.224781 -0.107716 0.010111
-0.065448 0.301527 0.078936 -0.102651 0.159918 -0.150666 -0.044265 -0.085705 -0.270166 0.184071
0.117066 -0.016386 0.072022 -0.022632 -0.049232 -0.201602 0.060335 -0.132746 -0.146770 -0.130213
0.055270 -0.045336 -0.106060 0.137226 0.182513 0.005113 0.036230 0.040564 -0.158262 0.013282
0.023703 -0.087994 -0.029728 -0.021876 -0.064598 0.023760 -0.044160 0.071521 -0.029652 0.042582
0.063885 0.009144 0.282826 0.098399 -0.042200 0.088625 0.008679 0.011568 0.217261 0.064547
0.010238 -0.055741 -0.095802 -0.035888 -0.001380 -0.022283 0.004375 -0.050854 -0.061391 -0.030975
-0.029576 -0.054213 -0.026827 0.005361 -0.042454 0.050065 0.000518 -0.052177 -0.107918 -0.081600
-0.076561 -0.065921 0.144264 -0.043956 0.037848 0.252690 0.036651 0.020871 0.053246 0.059609
0.049276 -0.071216 -0.030288 0.014050 0.071063 -0.020387 -0.019675 -0.050268 -0.049861 -0.028659
0.165135 -0.003503 -0.016569 -0.182544 -0.074626 -0.110463 -0.078648 0.063122 -0.015920 -0.067347
-0.016251 0.009462 0.006239 0.037542 0.049097 0.083585 0.097533 0.003123 0.026394 0.088829
0.023607 0.066889 0.030441 0.027463 -0.079055 0.002388 -0.071775 -0.045051 0.059304 -0.017168
-0.018873 0.120033 0.060118 0.033673 0.008705 0.018847 0.076713 -0.007712 0.035277 0.089796
-0.097533 -0.062104 0.036295 -0.051795 -0.121458 -0.061442 -0.008851 -0.137646 -0.040927 0.037288
0.018326 0.049352 -0.010461 -0.061747 0.070656 0.003678 -0.050370 0.002225 0.030543 0.076968
-0.002840 0.064751 -0.015246 0.020184 -0.034233 0.185904 0.146911 0.046985 -0.008278 -0.094377
-0.083738 0.058082 -0.071470 -0.096057 0.009691 0.020947 -0.008406 -0.015704 0.002949 0.037644
-0.027285 0.027921 0.059558 0.030772 0.052788 0.013464 0.021724 -0.051872 -0.077935 0.076866
0.092341 0.035150 0.011530 0.045509 -0.019993 -0.078444 -0.030186 -0.069739 -0.048028 0.250043
0.076510 -0.122578 -0.162691 -0.022462 -0.019509 -0.015310 0.015450 0.029703 0.083382 0.029499
0.009265 0.003808 -0.015488 0.013146 -0.016480 0.014521 -0.035888 -0.033648 0.057828 -0.059609
-0.030263 0.032095 -0.027081 0.023607 -0.014661 0.091934 0.134083 0.039960 -0.094377 -0.014190
0.071877 0.090457 -0.011116 0.029728 0.019255 -0.028252 0.017358 0.003248 -0.150779 -0.037109
-0.029983 -0.044211 -0.014050 -0.081956 -0.026979 0.003738 -0.051999 0.013515 0.015233 0.008520
-0.006500 -0.025580 0.039120 0.017804 0.047087 -0.018631 -0.003920 -0.012255 0.021202 -0.081549
0.062002 0.021914 0.001920 0.068721 0.081193 0.083534 0.056097 -0.058948 -0.111990 -0.094224
0.022156 0.005943 0.042836 -0.009945 -0.049327 -0.046450 -0.006016 0.024320 -0.003234 0.005619
-0.039731 -0.017409 0.082669 0.068976 0.030186 -0.020693 -0.013222 -0.003955 -0.068721 -0.134490
-0.043982 -0.087658 0.023607 0.020998 -0.032350 -0.035811 0.008838 -0.062053 -0.029270 -0.018580
0.002787 0.079971 -0.056046 -0.002827 0.022933 0.073761 0.017817 -0.012338 -0.019496 0.031612
-0.018313 -0.015564 0.004451 0.077019 0.052737 0.052101 0.035710 0.000443 0.038611 -0.063224
-0.055639 -0.126447 -0.018758 -0.018631 -0.063478 -0.046476 -0.017893 0.036066 -0.061391 0.042454
-0.010212 -0.011272 0.048375 0.098356 -0.037103 -0.028869 -0.063889 -0.176078 0.008206 -0.044325
0.003976 -0.072258 0.189986 0.050477 0.037122 0.125409 -0.050592 -0.066029 -0.098662 0.041956
0.036530 -0.052808 -0.149406 -0.195642 -0.009749 -0.142146 -0.098279 -0.174855 -0.138554 -0.032613
-0.041383 -0.065265 0.141305 -0.037103 0.024990 0.066564 0.026538 0.059495 0.004504 0.048605
-0.040351 -0.015600 -0.038288 -0.039205 -0.124110 0.057775 -0.044363 0.026767 0.087810 -0.115092
-0.152234 0.171187 -0.121283 -0.088803 -0.064921 -0.176536 -0.064615 0.009973 0.080855 0.179899
-0.080549 0.194725 0.115169 0.183414 0.094764 -0.061520 -0.048987 -0.017195 -0.062896 -0.087810
0.003955 -0.042415 0.212760 -0.035097 -0.076231 0.131141 0.024417 -0.003157 0.022029 0.126632
0.008884 -0.028066 0.014778 0.029136 0.074245 -0.100190 0.031639 0.012524 -0.095375 -0.008598
-0.006806 -0.109590 -0.073595 0.054489 -0.147419 -0.078333 0.070156 -0.089109 -0.112341 0.199004
0.045815 0.007833 0.516311 0.063010 -0.173938 -0.034046 0.014902 -0.101948 0.026538 0.197934
-0.006778 0.079556 0.136338 -0.032995 0.027321 -0.096675 -0.139700 0.024818 -0.082154 0.019001
-0.059762 -0.030951 0.008244 0.161710 -0.182191 0.112188 0.019545 -0.032957 0.035403 -0.143598
-0.157736 0.064806 0.023538 -0.058922 0.064615 -0.015609 0.122658 -0.111577 0.030531 -0.031238
-0.149024 -0.002983 -0.044631 -0.176078 -0.034982 -0.144133 -0.148871 -0.036912 -0.074053 -0.060259
0.069315 0.024799 -0.053916 0.130148 0.138554 -0.097133 0.144056 -0.061176 -0.031486 -0.023462
0.043102 -0.072640 0.035078 -0.044478 0.045739 0.176995 0.133892 -0.053343 0.004910 0.086587
-0.025219 -0.024016 -0.115780 -0.099579 -0.079785 -0.161252 -0.144821 -0.077569 -0.032613 -0.047726
-0.020023 0.088421 0.092548 -0.036759 -0.074206 0.204965 -0.125180 -0.033779 0.121970 0.098279
-0.027894 -0.056553 0.006601 0.121512 -0.004203 0.000893 0.002596 -0.094535 0.068513 -0.078562
-0.080473 0.018485 -0.097744 0.093388 -0.039128 0.039243 0.086434 0.130530 0.079097 0.069965
-0.081390 0.023767 -0.052273 -0.087733 0.046732 -0.024130 0.084676 -0.076805 0.118226 -0.131370
0.003800 0.429189 -0.007953 -0.088879 -0.002215 -0.040504 -0.091936 -0.064195 0.060756 -0.126632
-0.104011 0.057967 -0.055139 -0.034772 -0.092166 -0.074627 0.048567 -0.090714 -0.083377 -0.140083
0.085746 0.097668 -0.007403 -0.022411 -0.145050 -0.012142 -0.119066 -0.007943 0.029404 0.039033
-0.002567 -0.113717 0.158653 0.225141 0.145661 0.143369 0.171645 -0.024417 -0.017424 -0.125868
-0.097057 0.054222 0.050362 -0.051891 0.265492 0.248832 0.110201 0.085975 0.071646 -0.004399
0.068245 -0.021322 -0.020214 -0.013097 0.117003 -0.057432 -0.138325 0.141764 -0.117079 0.043179
-0.127549 0.044440 -0.127167 -0.072296 0.023538 -0.136109 -0.080014 0.084370 0.035329 0.094939
-0.019456 -0.017532 -0.050853 0.059909 -0.008990 0.177937 -0.023204 -0.019356 -0.117961 0.030320
0.086381 0.054237 0.004893 0.036622 0.007070 -0.034068 0.008148 0.063392 -0.009778 0.039873
-0.061999 -0.037618 -0.056128 -0.027682 0.015525 -0.052578 -0.082666 0.001086 -0.007841 0.025493
-0.066577 0.063426 0.077424 0.049924 -0.164137 -0.338624 -0.101309 -0.142376 -0.059810 -0.062895
0.018062 0.408684 0.001776 -0.001732 -0.110597 -0.068733 0.159493 0.128709 -0.005055 -0.070326
-0.065018 0.053706 -0.038380 -0.071122 -0.103034 0.069861 -0.013169 -0.026986 -0.004686 -0.177141
0.025476 0.058483 0.053043 0.052578 -0.064753 -0.321374 0.073842 -0.046110 -0.045612 -0.076562
-0.122473 -0.208455 0.084324 -0.013302 0.082997 0.219734 -0.208057 0.147418 -0.000108 -0.001872
-0.086845 -0.001726 0.084192 -0.010789 0.057919 0.024664 0.210711 0.069662 0.050621 0.132424
0.045214 -0.117231 -0.108142 -0.047337 0.036125 -0.078884 0.029922 0.034433 -0.062994 -0.017034
0.241495 0.021297 0.098058 0.175548 -0.193992 -0.135808 0.088570 0.070591 0.038944 0.022192
-0.179264 -0.070259 -0.017648 -0.041930 -0.008832 -0.047072 -0.037385 -0.070060 -0.125723 -0.143438
0.006975 -0.033355 0.001617 0.096797 0.049195 -0.033272 -0.022789 -0.052446 0.095537 0.002571
-0.184439 0.132093 0.129041 -0.071984 -0.020832 0.018427 0.011386 0.050687 0.017863 -0.009214
-0.028429 0.080012 0.010615 0.033322 -0.007655 0.019704 -0.113848 -0.010292 0.026322 0.038347
0.092485 -0.027815 -0.077491 -0.014646 -0.073245 0.014156 0.017034 0.132756 0.291121 0.089035
0.022507 0.058450 0.008832 -0.018029 -0.107081 -0.060672 0.014339 0.072979 -0.008592 -0.006440
0.008840 0.006539 -0.120880 -0.095669 0.006158 0.086182 -0.033438 0.015566 -0.100778 -0.041598
0.011602 -0.043190 0.020617 0.053308 0.139855 0.074373 -0.084988 0.041333 -0.045347 -0.023851
0.050157 -0.264450 0.056990 0.033156 -0.051086 -0.004250 0.027317 0.084523 -0.012838 0.032691
-0.048697 -0.083263 0.071984 -0.003496 0.040902 0.038812 -0.061336 -0.061170 -0.073510 -0.168914
-0.099053 -0.000215 0.051251 0.164535 0.005930 -0.005672 0.074638 0.047072 0.151399 0.158299
-0.153257 -0.081870 0.040271 0.076031 -0.009720 -0.001860 -0.050721 -0.090295 -0.104559 -0.070326
-0.090959 -0.105555 -0.132424 0.135476 0.008492 0.238045 0.050721 -0.059744 -0.118094 -0.199034
-0.030950 -0.019804 -0.050687 0.031381 0.027964 0.118359 0.098522 0.110132 0.074970 0.046574
-0.093347 -0.040072 -0.002677 -0.013509 -0.010491 0.067141 0.035395 -0.015118 0.058549 -0.002146
-0.046906 -0.003887 0.020086 -0.031165 -0.177937 0.086514 0.018344 -0.055531 -0.035262 -0.051981
0.026140 -0.113383 -0.147286 -0.034499 0.023503 -0.055829 -0.029805 0.049294 0.195319 0.096863
-0.012987 0.261266 -0.033786 0.048233 0.036125 0.021280 0.040979 0.091407 0.044803 0.072291
-0.168488 -0.000564 0.104503 0.020061 0.026653 -0.013590 -0.198459 -0.060469 0.033245 0.015304
-0.010031 -0.008350 0.267893 0.185451 -0.020127 -0.008449 0.021918 -0.027466 -0.108458 0.034146
-0.095011 -0.218850 -0.001496 -0.015238 0.032827 0.035310 -0.114698 -0.175344 -0.038804 0.121290
0.015029 -0.101163 0.011723 0.144669 0.035970 0.007773 -0.136847 0.003222 0.130519 0.039881
0.108546 -0.128585 0.061964 -0.054273 0.087628 0.022039 0.161457 -0.076641 -0.099757 -0.042627
0.035706 0.194943 0.120148 -0.165939 0.229045 -0.101778 -0.050450 -0.125597 -0.138605 0.071412
-0.044583 -0.013898 0.031136 0.085123 0.097560 0.045879 -0.026082 0.077037 -0.175519 0.091759
0.119708 0.086925 -0.030608 -0.039266 0.249788 0.220784 0.042342 -0.119181 -0.132716 -0.068951
-0.261038 0.450005 -0.025335 -0.182287 0.152052 -0.108722 0.093517 0.070313 -0.118741 0.031201
-0.114698 -0.199338 0.160490 0.187385 -0.047549 -0.153810 -0.216389 -0.082091 -0.133683 -0.017556
0.166027 -0.107667 -0.184924 0.208479 -0.105030 0.171828 0.082398 -0.145900 -0.137287 -0.042452
0.075719 -0.068160 -0.143351 -0.127355 -0.148097 0.101339 0.018875 0.022149 0.004158 0.039925
0.046407 0.028697 0.055504 -0.006707 0.112237 -0.043418 0.012470 -0.116808 0.027115 0.112765
-0.044144 -0.107403 -0.210061 0.035442 0.016062 -0.094220 -0.011234 0.077213 0.190373 0.082442
0.025994 0.005471 0.207951 -0.240647 -0.080816 0.254182 0.187209 0.158996 0.031773 -0.071719
-0.134562 0.002583 0.067676 0.417309 0.031751 -0.096944 -0.272640 -0.087848 0.032498 -0.087584
-0.101339 -0.010673 0.009091 0.019567 -0.153459 -0.257874 -0.126300 -0.061832 0.107755 -0.020160
-0.028235 -0.012755 -0.059810 -0.018457 0.006998 0.075850 0.280726 -0.065787 -0.056163 0.215158
0.156535 -0.141242 -0.084640 -0.157941 0.026148 0.086002 0.118829 -0.003711 0.100372 -0.037530
-0.023335 -0.007279 -0.287757 -0.195647 0.017985 -0.030828 0.086529 -0.125509 -0.170334 0.014755
-0.165676 -0.011854 0.058184 -0.119884 -0.137638 -0.136408 -0.095890 -0.179035 -0.113116 0.106173
0.144582 0.006493 0.021347 -0.153459 0.042979 0.135441 -0.060645 0.024434 0.033728 -0.106612
-0.025818 -0.026675 0.011953 0.096769 -0.100812 -0.071719 0.062315 0.013964 -0.153634 0.041331
0.139748 0.074664 -0.043111 0.104503 -0.020435 0.147130 0.111622 -0.045572 0.165412 -0.064820
-0.167521 0.014436 -0.084332 -0.143791 -0.043177 -0.082838 0.188088 0.185978 -0.138869 -0.013436
-0.172267 -0.018402 -0.155129 -0.226233 0.207424 0.228694 -0.037793 0.097823 -0.164357 -0.096944
0.117423 0.064820 0.061700 -0.013447 -0.078927 -0.062711 0.081827 0.108370 -0.076026 -0.175959
-0.339613 -0.219201 -0.039793 -0.247327 -0.081519 -0.057086 -0.140978 -0.128146 0.029949 0.070137
-0.079454 -0.023819 -0.032058 0.024763 0.007276 0.085153 0.032934 0.036541 -0.036040 -0.030730
0.014050 0.044906 -0.048562 -0.003142 0.045356 0.010250 -0.063965 -0.107593 0.030480 -0.087307
-0.127829 -0.039972 -0.040422 0.017607 -0.019084 0.034362 0.013161 -0.041800 0.035990 0.058405
-0.054798 -0.060358 0.001122 0.088008 -0.174313 -0.092065 0.149168 -0.019247 -0.057253 0.036240
0.041499 0.020111 0.055099 -0.040498 -0.147364 0.049113 0.015979 0.110699 -0.018721 -0.036390
-0.026422 -0.045807 -0.008753 0.024218 -0.162692 -0.010350 -0.068323 -0.009254 0.081396 0.180323
0.063364 0.032433 -0.103686 0.127529 -0.021914 -0.039897 0.021438 0.011815 0.023630 -0.083850
-0.023367 0.102334 -0.028501 -0.047034 -0.036691 0.028752 0.010181 0.136044 0.010863 0.099028
-0.070827 -0.018696 0.072931 -0.008014 -0.066269 -0.106391 -0.077940 -0.079643 0.058004 -0.027099
-0.071628 0.058004 0.031231 0.079242 0.004790 0.073382 -0.110498 -0.006299 -0.009442 -0.034537
0.027049 0.016141 0.017369 -0.030755 -0.065417 -0.064015 -0.075285 -0.079392 -0.142956 -0.003907
0.026097 0.007413 0.022302 0.102584 0.049789 0.066670 -0.105489 0.137947 0.006556 -0.003876
-0.009924 -0.047009 -0.060158 -0.009918 0.026973 -0.061610 0.073332 -0.035564 -0.015590 -0.060709
-0.015002 0.022115 0.057954 0.024444 0.009674 0.188738 -0.043027 -0.003522 0.059757 -0.014864
0.049414 -0.002504 -0.017419 0.006302 -0.087507 -0.072330 0.008265 0.052244 0.016830 -0.025533
-0.070476 0.133039 -0.034036 0.138548 0.113904 0.066870 0.051943 -0.048938 0.024331 -0.070677
-0.006449 0.019785 -0.086906 0.090162 0.063764 0.044254 -0.078641 -0.042376 -0.030630 -0.059256
0.017143 -0.034387 0.007858 0.006674 -0.006656 0.005964 0.105790 -0.040823 -0.058755 0.020762
-0.036440 -0.093217 -0.040823 -0.086806 -0.037417 -0.084752 -0.081997 -0.126727 -0.004323 -0.101332
-0.056201 0.040673 0.017519 0.024794 0.121017 0.027850 0.021188 -0.035414 -0.019435 0.052093
-0.080444 0.009317 -0.035313 0.017193 0.188939 -0.017957 0.027675 0.118312 -0.027650 -0.016129
-0.025045 0.088960 0.014589 -0.028476 0.081196 -0.076788 -0.078491 0.045632 -0.046584 -0.043804
0.032533 -0.014088 -0.016567 -0.000748 -0.060108 0.056000 0.032984 0.009486 0.032308 0.075135
0.071027 0.100430 0.087457 0.039821 0.051016 0.061811 -0.103285 0.012529 -0.014388 -0.089761
-0.035689 0.068222 0.047761 -0.044780 -0.023993 0.046684 -0.088409 0.044530 0.000250 0.083700
-0.014714 -0.047786 0.054598 -0.023880 -0.019936 -0.028301 0.048838 0.036490 0.002415 -0.003201
-0.022165 0.003913 -0.012084 0.033134 0.012022 0.022929 0.059857 -0.000212 -0.032984 0.062712
0.062362 0.028651 0.041149 0.044204 0.027775 0.130634 -0.021226 -0.040573 0.106491 0.003569
-0.005904 -0.024694 0.029428 0.015340 -0.160889 -0.011214 0.071027 -0.075485 0.024794 0.006405
-0.013361 0.056101 0.024328 0.024247 -0.023238 0.067630 0.106750 0.142290 0.025744 -0.121330
0.017640 -0.100761 -0.059005 0.116709 -0.019885 -0.053375 0.049339 0.010952 -0.011204 0.089891
0.037135 -0.029324 -0.028901 0.019576 -0.079086 0.088069 0.006595 -0.054612 0.085074 -0.091714
-0.069257 0.069452 -0.061739 -0.078826 -0.090412 -0.016436 0.154787 -0.042635 -0.175747 -0.023254
0.184078 -0.180954 -0.048526 0.196316 -0.117946 -0.121070 -0.022033 -0.018860 -0.049307 -0.076613
0.030512 0.077589 -0.062292 -0.071926 0.034303 -0.013637 0.061739 -0.031748 -0.029551 -0.040617
0.073618 -0.059168 0.013238 0.098809 -0.070819 0.061088 0.034140 -0.150752 -0.023970 -0.122502
-0.167024 -0.071600 -0.096400 -0.037297 -0.062455 -0.094578 0.156480 -0.089761 -0.200872 0.045694
0.001748 -0.139556 -0.025874 0.012969 -0.056011 -0.085790 0.061414 0.049567 -0.155178 -0.025662
0.139686 -0.016094 -0.040422 -0.018030 -0.124455 -0.043741 0.002406 -0.090152 -0.042407 -0.154527
-0.185901 -0.028412 0.051097 -0.025304 -0.013458 -0.067825 -0.101087 0.028152 0.030577 0.030137
0.025028 -0.004097 -0.027403 -0.114561 0.051129 -0.029242 -0.015435 0.062683 0.061609 -0.104927
0.000300 0.016118 -0.065059 0.021106 0.044099 -0.002425 -0.113129 -0.155568 0.082666 -0.157781
0.052691 0.228471 -0.091844 -0.071145 0.065026 -0.099004 -0.051032 -0.019967 -0.047224 -0.057899
0.079737 0.163509 -0.002622 -0.002530 0.025971 -0.065319 -0.013059 0.004251 -0.092950 -0.047972
-0.016305 -0.104407 -0.075181 0.065970 0.019104 -0.074334 0.058061 0.124585 -0.165332 -0.031032
0.091714 0.038599 0.102389 -0.103756 0.022115 0.034954 0.039738 -0.042635 -0.056564 -0.053375
-0.008079 0.001270 -0.040519 0.024914 -0.003257 -0.078761 -0.037753 -0.018258 -0.012563 0.070103
0.012693 -0.078175 0.110785 0.129727 -0.026476 -0.071861 -0.074465 0.043253 0.013490 -0.139946
-0.010130 0.061576 0.025174 0.093797 -0.000931 -0.022652 0.045824 0.036516 -0.161427 -0.052138
0.000376 -0.039543 -0.019348 0.037135 -0.040650 0.022375 0.036516 0.005500 0.078045 -0.111306
-0.043318 0.041854 0.024198 0.032269 0.010561 0.103886 -0.017672 -0.059591 0.063659 0.105383
0.063464 0.010040 0.102909 0.148408 0.102844 -0.000548 0.078110 -0.023319 -0.111371 0.049014
-0.034498 -0.121916 0.047549 -0.057638 -0.080258 -0.022229 -0.138384 0.018405 0.077524 0.018567
0.099525 0.029128 -0.051748 -0.068476 -0.034661 0.075636 -0.006700 0.083317 -0.034271 0.170019
0.218967 0.013246 0.097572 0.032057 -0.074204 -0.120094 -0.094187 0.000827 -0.128946 -0.122307
0.002890 -0.021138 -0.116514 0.016248 -0.029958 -0.095554 -0.009869 -0.091974 -0.057085 0.033620
0.196316 0.006875 0.028591 0.084814 0.077459 -0.039803 0.109093 0.191369 -0.083968 -0.068867
0.032660 0.069257 -0.107075 0.025548 0.044848 0.032513 -0.007831 0.074660 0.072577 0.106359
0.057894 -0.022076 0.071368 -0.036591 -0.162090 0.068613 0.077483 -0.043009 0.000736 -0.021068
0.291116 0.002579 0.053728 0.227409 0.113638 0.017254 0.078222 0.024159 -0.074997 -0.007060
-0.081112 -0.050367 0.107052 0.009601 -0.014347 -0.056920 -0.118946 -0.042807 0.033970 0.112764
-0.066697 -0.005271 0.186282 -0.057054 0.018581 0.045159 0.015616 0.128019 -0.038070 -0.031316
-0.065824 0.094552 -0.077752 -0.169347 -0.023940 0.013558 -0.026091 -0.048923 0.035482 -0.060212
-0.098047 -0.036087 0.023621 -0.026729 0.016834 -0.001343 0.031114 -0.022344 -0.157520 0.057390
-0.080306 -0.192465 0.073586 0.036759 0.015431 -0.069889 0.008719 -0.005779 -0.130572 -0.001246
0.025419 -0.107993 0.028460 -0.063808 0.096837 -0.024915 -0.106313 0.089781 0.012609 -0.057995
0.015347 -0.041866 -0.088370 -0.078088 -0.117266 0.003371 -0.150262 -0.120425 -0.058633 -0.111689
0.120828 0.083397 -0.004582 0.033903 0.010635 -0.049158 0.012222 0.010962 -0.044420 0.161687
0.033953 0.081784 -0.085211 -0.161149 -0.079096 -0.145424 -0.045966 -0.105170 -0.041732 -0.044991
-0.042169 0.058028 -0.093276 0.002709 0.003753 -0.146230 -0.029434 0.011869 -0.009786 -0.133328
-0.104498 -0.031097 -0.052383 -0.022731 -0.058196 -0.107186 -0.068209 -0.016338 -0.006930 -0.044387
0.025419 -0.003740 -0.010122 0.053828 0.096904 -0.072107 0.043278 -0.016574 -0.014784 -0.041631
-0.099189 -0.010315 -0.131513 -0.206039 0.045361 -0.017405 -0.125599 -0.024646 -0.007161 -0.083128
-0.061624 -0.000135 -0.009501 -0.091663 -0.066731 -0.046470 -0.168272 -0.145558 -0.007989 -0.154966
-0.216523 -0.068814 0.032038 -0.057995 -0.060985 -0.049158 0.068411 0.021958 -0.104095 -0.033281
-0.033433 0.033063 0.053660 -0.008585 -0.030845 -0.021958 0.002022 -0.005695 0.020513 0.031652
-0.021555 -0.034810 -0.019371 0.042102 -0.048083 -0.155101 -0.154563 -0.198244 -0.026746 0.043681
-0.044958 0.103490 0.025805 -0.029720 0.082859 -0.030711 0.037095 0.016952 -0.029233 -0.012617
0.072510 -0.020328 0.009660 0.116258 -0.122038 -0.042370 0.013843 -0.022126 -0.043311 -0.007720
0.166659 -0.071771 -0.035718 0.129967 -0.051174 -0.086959 -0.020093 0.027149 0.003127 0.037498
0.060784 -0.039111 -0.069553 -0.092335 -0.058532 -0.001981 -0.134604 0.008556 -0.050603 -0.103893
0.107253 0.073922 0.085547 0.011718 -0.031131 -0.007573 -0.029703 -0.065689 0.018312 -0.079835
-0.107052 -0.059272 -0.045999 0.005506 0.053996 0.135209 -0.076946 -0.016624 0.149859 -0.004914
0.043110 -0.016204 0.078155 0.133865 0.018850 0.050569 -0.022143 -0.039481 -0.013104 0.057659
-0.092940 0.058801 -0.058028 -0.127145 0.015364 -0.020009 -0.079230 -0.098853 -0.121567 -0.002390
0.093343 0.228216 -0.031349 -0.055441 -0.016095 -0.023554 -0.120290 -0.249317 -0.046940 0.028258
-0.057928 -0.022563 -0.051678 -0.125868 -0.096434 -0.169885 -0.351060 -0.167735 0.022154 -0.036777
0.045406 0.013000 0.206831 -0.036971 0.008596 0.179426 -0.032980 0.022121 0.134182 0.005203
-0.094043 -0.089002 -0.102187 -0.086481 -0.156287 -0.045083 -0.032463 0.012782 0.005106 0.020231
-0.044824 0.014470 -0.100830 -0.058753 -0.018922 -0.033384 0.059625 -0.006916 0.041302 0.102252
-0.014373 0.201402 0.118152 -0.063116 -0.116019 -0.100895 -0.090876 -0.100572 -0.026129 -0.120932
0.196619 0.415989 0.036486 0.037488 -0.034806 -0.090941 -0.048638 -0.100636 -0.017484 -0.127007
-0.354974 -0.047377 -0.071680 -0.116278 -0.070646 -0.074588 -0.164818 0.029199 0.044178 0.136767
0.123064 -0.029974 0.011650 0.039169 -0.092104 -0.057137 0.108134 -0.127847 -0.104126 0.032689
0.019714 -0.042400 0.042724 0.021039 -0.008516 0.028375 -0.090682 -0.017581 -0.064279 -0.018065
-0.164172 -0.053291 -0.022396 -0.208382 0.008419 0.095013 -0.128041 0.070969 -0.005752 0.005437
-0.040655 -0.045600 0.002634 0.041463 -0.093979 0.008572 0.124228 0.033739 0.002614 0.036971
-0.085059 -0.061209 0.027276 -0.075041 -0.031105 0.043531 0.000479 -0.035032 -0.038102 -0.006512
-0.044113 -0.087709 0.087192 0.057299 -0.042691 -0.030378 -0.046892 -0.023899 0.059625 0.069288
0.006585 -0.010697 0.002630 -0.040591 0.047539 -0.021750 0.018195 -0.025708 -0.035258 0.041302
-0.021620 0.025919 0.034192 -0.013299 -0.069482 -0.072391 -0.062114 -0.016312 0.015278 0.029199
-0.010471 0.088937 -0.118992 -0.083637 -0.031946 -0.126296 -0.139352 -0.013703 -0.051417 -0.147238
-0.043564 -0.081892 -0.054164 -0.091070 -0.105096 -0.116213 -0.104579 0.001924 -0.058494 0.010544
-0.012192 -0.024577 0.000542 0.029393 -0.049381 0.018647 0.079113 -0.089390 -0.116924 0.061338
0.066154 0.059529 0.067673 0.096241 -0.015504 0.041851 0.096758 -0.047086 -0.010834 -0.032043
-0.041689 -0.011263 -0.102963 0.029926 0.085770 -0.071745 -0.038878 -0.065119 -0.025547 -0.101218
-0.036906 0.142713 -0.026484 0.061952 0.278188 0.042497 -0.018825 -0.028843 0.046699 0.064247
-0.002713 0.059044 0.081440 0.068190 -0.015415 0.010487 0.007215 -0.065895 -0.117118 0.006011
0.012167 -0.173738 0.013703 0.121190 0.063407 -0.006451 -0.013250 0.037650 0.068642 -0.045083
-0.034483 0.040752 -0.070387 -0.075816 -0.052354 -0.108586 0.016288 -0.010697 -0.013727 -0.053873
0.003492 -0.029183 -0.059464 -0.060175 -0.107940 0.066024 0.007586 -0.051643 0.065960 -0.139223
-0.060627 -0.015763 0.029199 -0.041689 0.109491 0.050997 -0.062405 0.169472 0.066574 -0.038038
-0.032657 0.029845 -0.016005 0.009946 0.100313 0.067220 -0.032576 0.020764 0.111366 -0.107746
-0.015133 -0.001607 -0.049963 -0.018356 -0.047862 0.030459 -0.044372 -0.093850 0.022428 0.027066
-0.032996 -0.009202 0.183175 -0.033804 0.096887 0.256341 -0.039621 -0.109944 0.083185 0.060854
-0.031962 0.033933 0.001910 -0.044049 0.055036 0.039104 -0.094295 -0.139644 -0.111364 0.078398
-0.098981 -0.205325 0.036229 -0.020091 0.010694 -0.004552 0.021921 -0.045098 0.054134 0.038948
-0.018993 0.072249 -0.021775 -0.028720 0.036794 0.045014 -0.054009 -0.028301 0.081871 0.089024
0.071537 0.020876 0.161064 0.037086 0.000036 -0.064258 -0.061874 0.126508 0.044428 -0.032150
0.006531 -0.008372 -0.035120 0.044805 0.103164 -0.249335 -0.107850 0.420355 -0.067521 -0.125337
0.113205 -0.031292 0.011745 -0.019589 0.111699 0.088271 0.055975 -0.169598 -0.164410 0.095801
0.045767 0.040621 0.046520 -0.202480 -0.160143 0.079611 -0.041103 0.026879 0.067145 -0.048235
-0.125337 0.001175 0.049114 0.068065 -0.273432 0.065471 0.050202 -0.064760 -0.079235 -0.079904
0.104336 -0.130022 -0.136883 0.252514 -0.055264 -0.079068 0.020018 0.155876 0.019003 -0.017801
0.174200 -0.033363 0.085217 -0.085845 -0.048403 0.112786 -0.157717 -0.168176 -0.106176 -0.028406
0.001609 0.010495 0.004233 -0.064802 0.096471 -0.076139 0.014349 0.048570 -0.219716 -0.254020
-0.268077 -0.000801 -0.040893 0.092036 0.072625 0.098479 0.003548 -0.099232 0.068525 0.199468
-0.088355 -0.026816 0.023762 -0.086765 -0.067354 -0.117221 -0.025791 -0.203149 -0.092622 -0.023093
-0.138473 0.083084 -0.091451 -0.000908 0.111364 -0.212855 0.117890 0.354089 -0.089777 -0.189428
0.048445 0.062668 -0.043634 0.036522 -0.180391 -0.019945 0.149183 0.006688 0.114878 0.024662
0.136883 0.047022 0.069153 -0.257869 0.040914 0.105089 -0.161398 0.023929 0.080323 -0.006307
-0.029033 0.149685 -0.131779 -0.224569 0.207165 -0.016263 -0.009711 0.202145 0.093793 -0.023197
-0.075344 0.042671 0.064551 -0.073420 -0.035978 -0.092036 -0.163657 0.000202 -0.043466 -0.055473
0.018951 0.058318 -0.057690 0.122576 0.128767 0.001375 0.030623 0.001752 0.016682 -0.154370
0.073378 0.108770 -0.215700 -0.098479 0.059029 -0.026649 -0.034597 0.001584 0.091534 -0.021200
-0.116551 -0.074968 -0.092789 -0.118141 0.100487 0.025498 0.069613 0.039157 0.031230 0.047524
-0.125755 -0.142991 -0.080866 -0.096471 0.009340 0.044763 -0.203651 0.108770 0.213859 -0.095550
0.108770 0.128265 -0.039095 0.002270 0.191603 0.027276 0.338526 0.789170 0.044428 -0.026858
0.191268 -0.027778 -0.033761 -0.001693 -0.061874 0.016431 -0.119313 -0.005240 0.043801 -0.079277
-0.019171 0.030330 0.106260 0.035915 0.057690 -0.053841 0.028406 -0.049365 -0.159307 -0.012655
0.104001 0.258706 -0.177379 0.010887 0.143493 -0.120400 0.029703 0.066726 -0.079486 -0.076558
-0.106260 0.015625 0.077394 -0.023490 -0.005078 0.008942 -0.037296 0.017978 -0.028971 -0.069529
-0.038070 -0.041856 0.008304 -0.079904 -0.095299 -0.112786 0.077060 0.125755 -0.127763 -0.011494
0.034493 -0.059740 -0.025394 0.046311 0.049909 0.038906 -0.054887 0.094881 0.026021 -0.061748
0.067354 0.017550 0.089192 0.039053 -0.021989 0.012807 -0.020326 -0.064020 -0.096826 0.094722
-0.087843 -0.195130 0.015451 0.007047 -0.138388 0.043836 -0.058675 -0.186260 0.014555 -0.085966
-0.018734 -0.016815 0.012316 0.038463 0.020013 0.047588 0.046338 -0.047503 -0.031271 0.095632
-0.015550 -0.049180 -0.036132 -0.093812 0.031669 0.000524 -0.086421 0.112006 0.166361 -0.029565
-0.096200 -0.016062 -0.046849 -0.044859 0.088127 -0.037553 -0.090344 -0.066806 -0.009815 0.004715
-0.010760 0.024562 -0.024505 -0.080167 0.012956 0.042955 0.013319 -0.032408 -0.029764 -0.113087
-0.035563 0.032522 0.048669 -0.056458 -0.000313 0.133043 -0.007278 0.030134 0.129063 0.028940
-0.093869 -0.093414 -0.102398 -0.023510 -0.042159 0.017327 0.006514 -0.209571 -0.049920 0.033431
-0.154762 -0.009900 0.013297 -0.187511 -0.014512 0.021477 -0.004563 0.036104 0.026410 -0.162267
-0.035762 -0.034625 0.021236 -0.059983 -0.020639 0.008564 0.068284 -0.016346 -0.083863 0.035052
0.026751 0.063281 0.042585 -0.015621 0.072435 -0.030304 -0.042727 0.020681 -0.037696 0.069023
0.068284 -0.050858 -0.019033 -0.035961 -0.003148 0.019047 0.029935 -0.068398 -0.096257 -0.012771
0.025272 -0.001092 0.086421 -0.065157 0.028201 0.013091 0.008429 -0.061007 -0.087047 0.014463
0.014797 -0.025187 -0.096542 0.136909 0.047702 0.006307 0.003427 -0.021733 0.044234 -0.071070
-0.019416 -0.030788 -0.062428 -0.006045 -0.103762 -0.110585 -0.080963 -0.029650 -0.031214 0.015934
-0.034057 0.112291 0.059699 -0.101033 -0.052961 -0.018961 -0.045058 -0.030759 0.003031 0.006688
-0.064418 -0.050488 -0.005039 -0.008514 0.206160 -0.013844 -0.018436 0.064759 0.082839 -0.021662
0.027760 0.061063 0.014178 0.080849 0.026225 0.015763 -0.028144 0.027348 -0.001170 -0.068170
-0.010227 0.029451 -0.016403 -0.013141 -0.055037 0.039970 0.002482 0.051625 0.001787 -0.049522
-0.039231 -0.005455 -0.050630 -0.038236 -0.049010 -0.019047 -0.086251 -0.039771 -0.038207 -0.052165
0.008379 0.042784 -0.023325 -0.060836 -0.152147 0.027675 0.094552 -0.126107 0.141913 0.077779
-0.045229 0.073856 -0.008692 0.012515 0.050062 0.024803 0.102966 -0.012103 0.069535 0.063736
0.022927 0.035762 -0.055918 0.002290 -0.071241 -0.149304 -0.044888 0.014363 -0.074197 -0.013532
-0.089719 -0.060381 0.011471 -0.073515 0.076528 0.042727 0.035080 -0.019132 -0.006695 0.065214
0.010014 -0.109618 0.037951 -0.028385 -0.008429 0.012274 -0.050517 -0.037838 -0.086478 -0.127585
-0.050346 -0.010746 -0.023553 -0.135772 -0.074083 -0.037553 -0.025841 -0.026737 0.070786 -0.033602
-0.107117 0.059756 -0.008130 -0.077608 -0.019999 -0.052592 0.041818 0.049152 -0.012984 0.028314
-0.096314 0.142140 0.085682 -0.014043 -0.032493 0.002635 0.127699 -0.068170 0.052649 0.052194
0.047304 0.088923 -0.019715 -0.006041 0.095632 -0.023609 0.086592 0.262902 -0.038008 0.005718
0.307477 0.083010 -0.004545 -0.148539 -0.041601 -0.070747 -0.107777 -0.020496 0.022520 -0.038875
0.055104 0.134951 0.005562 0.079679 0.080686 -0.027301 -0.154074 0.067434 0.043614 -0.005751
-0.060514 -0.007570 -0.036778 -0.027741 -0.025330 0.021000 0.127403 -0.011365 0.010447 0.060095
0.207501 0.085173 -0.133106 -0.072298 -0.055398 0.070747 0.034367 -0.044620 -0.135958 -0.035415
-0.058292 -0.050450 0.026881 0.040364 0.061059 0.244238 0.001333 -0.011124 -0.045837 -0.084124
-0.017603 -0.051246 -0.229476 -0.078673 -0.101318 -0.076576 -0.041894 0.076492 0.057411 -0.107022
-0.091002 0.172946 -0.081986 -0.208340 -0.017288 -0.051414 -0.100647 -0.060472 -0.099557 0.066343
-0.102828 -0.022436 0.010238 -0.131848 -0.130087 -0.015999 -0.074521 -0.117086 -0.088486 -0.197101
0.028810 -0.026063 -0.146190 -0.035499 -0.130338 0.093015 -0.159107 0.057956 -0.035269 -0.008020
0.020192 0.067979 0.063114 0.261012 0.018515 -0.238031 -0.033423 0.190056 0.036904 -0.153320
0.063366 -0.080308 -0.067392 -0.098215 0.231657 -0.154074 -0.227463 0.152900 -0.002234 -0.133190
0.106015 0.110712 0.026713 -0.043153 -0.116416 0.099305 -0.063282 -0.179320 0.001075 -0.003337
0.016680 0.039190 -0.034912 -0.203140 0.063911 0.090163 0.112725 0.044536 0.015862 0.071585
0.046214 -0.176636 -0.054979 -0.043614 -0.003208 -0.003090 0.020234 -0.026063 -0.031431 -0.023401
-0.150300 0.006348 -0.054895 0.039252 0.040636 0.181333 0.103583 0.148874 0.014814 0.071963
0.058669 0.054895 0.079092 0.004747 0.056488 -0.044327 0.159526 -0.061101 0.052672 0.159946
0.011711 0.015569 0.000757 -0.085592 0.037198 0.090499 -0.065463 -0.034178 0.065337 -0.090163
-0.108112 -0.002356 0.000703 -0.029083 -0.052714 -0.007968 -0.109538 -0.131764 -0.062401 -0.098383
0.002662 0.019521 0.118764 0.083537 0.048940 0.077373 0.304794 0.084418 -0.128409 0.147448
0.074940 -0.055146 0.030614 0.050743 -0.135958 -0.108028 0.012424 -0.006437 -0.006076 -0.061982
0.010007 0.102073 0.003714 0.215721 -0.147365 -0.041035 0.051791 -0.036757 -0.009698 0.166739
-0.003793 -0.012120 -0.014971 0.096622 -0.010683 0.043656 -0.063785 -0.112893 -0.062695 -0.050366
-0.046549 -0.108951 0.056572 0.288187 0.055817 -0.076408 0.106686 0.202972 0.197101 0.074311
0.149210 0.468346 -0.139145 -0.157345 -0.037617 -0.122958 -0.056656 -0.270742 -0.068356 -0.027364
-0.056572 -0.034975 -0.007811 -0.011040 -0.096957 -0.020056 -0.090163 -0.066889 -0.100144 -0.163636
-0.192908 0.010998 0.001352 -0.044495 -0.063995 -0.005124 -0.081482 -0.118345 -0.187204 -0.026043
-0.032039 -0.007743 -0.073724 0.067602 0.142500 -0.092009 0.028685 -0.062611 -0.033612 0.166571
0.034052 0.052379 -0.274264 -0.101570 0.041475 0.070537 0.140571 0.330794 0.081860 0.082615
0.172946 -0.168417 -0.139229 -0.097963 -0.016691 -0.037827 0.052672 -0.122287 -0.084921 0.070998
0.027567 -0.071945 -0.108464 -0.012881 -0.037302 -0.025620 -0.039962 -0.113118 -0.031722 0.157188
0.189385 0.099821 -0.112548 -0.026095 0.089089 -0.093030 0.044972 0.052380 0.079971 -0.031295
0.136957 0.105045 0.064727 0.088187 0.083438 -0.053330 -0.088329 0.049958 0.012086 -0.069523
-0.095832 -0.086857 -0.025264 -0.116347 -0.056939 0.010608 0.002232 0.050670 -0.077264 0.046040
0.023281 -0.074937 -0.077312 -0.159942 -0.040983 -0.101341 0.057414 0.002778 -0.122711 0.213699
-0.144651 0.083153 0.136578 -0.100011 -0.034358 -0.151109 -0.139047 0.351037 -0.037730 -0.001677
0.060263 0.017880 0.019090 -0.191380 -0.145695 0.123376 -0.138857 0.107135 0.143131 0.144271
0.332611 0.114353 -0.005794 0.145505 -0.181787 -0.136483 -0.088566 -0.121096 -0.107704 -0.114448
0.019375 0.036068 -0.112263 -0.075934 0.065582 -0.294240 -0.055609 0.159277 -0.114923 -0.120526
-0.042859 -0.025050 0.139522 -0.098777 -0.151869 -0.061165 0.034239 -0.011937 -0.145126 0.010145
-0.073940 0.082915 0.135343 0.022379 0.226616 0.069856 0.020396 0.190715 0.140757 0.385229
0.136768 0.071138 -0.024184 -0.135628 -0.067007 -0.293290 -0.050718 0.017333 -0.051953 0.029894
-0.078119 -0.083770 0.061545 -0.010810 0.022747 -0.003057 0.046491 0.053472 -0.151679 -0.247321
-0.176943 -0.230035 -0.083960 0.012561 -0.038252 0.167160 0.531874 0.228136 0.046349 0.310006
0.128504 0.109319 -0.040508 -0.036163 -0.060881 0.104475 0.114543 0.068051 -0.096117 -0.007895
-0.072420 -0.030820 0.058981 -0.032554 0.147120 0.000636 0.145695 0.159847 -0.136483 -0.034334
0.002943 0.032815 -0.131069 -0.114923 -0.135913 -0.109129 -0.228516 -0.050670 -0.146550 -0.262898
0.018960 0.002741 0.043167 -0.034833 0.057176 -0.026190 -0.043998 -0.015873 -0.027045 -0.016479
-0.057366 0.012406 -0.071755 -0.223007 -0.008216 0.022094 -0.117392 -0.042764 -0.018734 0.010804
-0.113593 0.059408 0.113118 -0.052143 0.025953 -0.040603 0.006530 0.257959 0.007052 0.046539
-0.016645 -0.036044 0.101626 -0.067956 -0.092840 -0.041671 0.033432 0.099251 0.037350 -0.074842
-0.069713 -0.106470 -0.129739 -0.008269 -0.059123 -0.108559 -0.315705 -0.030393 -0.020064 -0.206481
-0.123661 -0.181122 -0.129549 -0.092128 -0.211230 0.016265 -0.058269 -0.209710 0.155288 -0.129834
-0.047228 0.152914 -0.163361 0.108084 -0.078689 -0.191000 -0.062210 -0.151204 -0.078926 0.085052
-0.153579 0.036566 0.009872 0.233455 0.198693 -0.049056 0.103146 0.050908 -0.072563 0.033764
-0.081681 0.084672 -0.070663 -0.048035 0.029894 0.069808 0.047584 -0.014686 0.071043 -0.025145
-0.132778 -0.110934 0.076077 -0.126795 -0.154338 -0.092508 -0.186061 -0.144081 0.033931 -0.012027
-0.189195 -0.127365 0.022688 0.122426 0.081111 -0.129834 0.281893 0.161937 -0.084292 -0.059361
-0.235354 -0.259858 0.063207 -0.095785 -0.046112 0.196603 0.062685 -0.060738 -0.025972 0.089532
0.012385 0.010991 -0.087596 -0.054280 0.009673 -0.032081 -0.040426 0.009990 0.235548 -0.034418
0.046669 0.295637 0.037522 0.054581 -0.085059 -0.014572 0.100281 0.107826 0.110363 0.020046
-0.050575 0.086795 0.004699 -0.086060 0.012443 0.006230 0.034718 0.012610 -0.077314 0.022951
-0.055883 -0.012936 -0.000455 0.055449 0.037188 -0.238619 -0.105823 -0.055315 -0.213916 -0.175326
0.019145 -0.028676 -0.056717 -0.033616 0.059054 -0.007661 0.043164 -0.047704 -0.031997 0.098345
0.089933 0.081988 0.003764 0.153961 0.021982 0.084525 0.034751 0.090534 0.021198 0.144079
0.057685 -0.008788 -0.041762 -0.012018 -0.058553 0.021932 -0.153961 -0.068635 -0.094006 -0.087930
-0.078783 -0.002387 0.085393 -0.084792 0.038924 -0.035619 -0.001752 -0.038290 -0.094339 0.003626
0.127922 0.011617 0.015940 -0.136401 -0.001080 -0.054914 -0.103419 -0.045467 -0.090600 0.065564
-0.017092 -0.058386 -0.008279 -0.020130 0.009297 -0.022467 -0.008279 -0.027975 0.064429 0.008316
-0.000843 0.034985 -0.051810 -0.052344 -0.065029 -0.043564 0.083790 -0.004196 0.123249 0.026873
-0.036454 0.080452 -0.003649 0.042296 -0.024469 0.031747 -0.078783 0.020664 0.108093 0.052911
0.201498 -0.056884 0.017676 0.064829 -0.078049 -0.006985 -0.032882 -0.027541 -0.013578 -0.073175
0.034584 0.054781 0.004661 -0.026155 -0.068969 0.009865 0.023435 -0.066031 0.079184 0.006919
0.006071 0.028342 0.064061 0.134198 0.148085 -0.186943 -0.166246 -0.121446 -0.106424 -0.079651
-0.062259 -0.039325 0.100749 0.057785 0.127522 -0.221928 0.155163 0.036254 0.091468 0.040360
-0.029677 0.056216 0.057919 -0.002869 -0.006351 -0.047036 -0.000109 -0.039325 -0.049206 -0.025237
0.020363 -0.045567 0.011033 0.097477 -0.038657 -0.028258 0.020881 0.013069 0.019178 0.061858
0.030195 -0.006326 0.080519 0.081587 0.061591 0.021599 0.058787 0.032298 -0.032648 -0.011851
-0.043631 0.023234 -0.005266 0.111832 0.356527 0.101617 0.048238 0.012861 -0.050341 -0.037155
-0.044399 -0.057618 -0.056083 -0.072908 0.008846 0.017559 0.015723 0.053446 -0.062759 -0.050875
-0.001930 0.042563 -0.051676 0.052811 0.024820 0.147952 0.149821 -0.040560 -0.035719 0.111832
-0.068034 -0.123449 -0.009806 0.015723 -0.052210 0.041728 -0.110029 0.036220 -0.090734 -0.041728
-0.108761 0.039992 0.023451 0.130192 -0.003044 -0.027658 0.045233 -0.031580 -0.064462 -0.015373
-0.038857 -0.022600 -0.102084 0.003649 -0.021982 -0.008654 0.035719 -0.000171 0.042062 0.067199
-0.091201 -0.055716 0.086661 0.056617 0.014254 -0.061190 0.029327 -0.012994 -0.038457 0.018477
0.020981 0.000007 0.067366 0.054981 -0.039725 -0.092603 0.070838 -0.066298 -0.073175 -0.056750
-0.088130 -0.068101 -0.148753 -0.075178 -0.095007 -0.054147 -0.085126 0.026623 -0.074310 0.035252
-0.085126 0.052044 -0.020313 -0.095942 0.017493 -0.056150 -0.051874 -0.028268 -0.012135 -0.004586
-0.296058 -0.004950 -0.029212 -0.155181 -0.037228 -0.202997 -0.337847 -0.211034 0.042552 -0.161209
0.013953 -0.094748 -0.305862 -0.110258 0.069313 0.048821 -0.069032 -0.054486 -0.105678 -0.114839
-0.056415 0.000733 -0.092016 0.032668 -0.045124 -0.061357 -0.101901 -0.147868 0.139993 0.028629
0.071805 0.011040 0.027042 0.184996 0.040443 -0.117250 -0.150601 -0.193515 -0.045928 0.070479
-0.112991 -0.041226 -0.106160 0.040021 0.108651 0.148029 0.095391 0.106803 -0.040403 0.160485
0.156789 0.295737 0.210391 -0.042512 0.009880 0.047374 -0.140475 0.021557 -0.186603 0.080002
0.099891 -0.119661 -0.064049 0.033652 0.022180 -0.145216 -0.091534 0.093221 -0.031764 0.055451
-0.049624 0.098927 0.004852 0.040624 0.023285 0.104874 -0.126090 -0.059589 -0.068911 -0.045124
-0.059147 -0.076948 -0.051874 0.130349 -0.064210 0.001635 -0.032969 -0.040021 -0.003591 0.013632
-0.047615 -0.084060 -0.027424 0.068349 -0.021015 -0.149395 -0.218427 -0.175192 0.221481 0.092900
0.028649 0.179531 0.123518 0.168602 -0.151726 -0.146020 -0.133564 -0.088158 -0.054888 -0.149315
0.082372 0.116928 -0.043517 0.048178 0.005656 -0.030880 0.101659 -0.075903 0.058183 -0.035641
-0.075019 -0.078997 0.140877 0.044883 -0.009131 0.024953 -0.119098 -0.070880 -0.167316 -0.163539
-0.133564 -0.014727 -0.088319 -0.081448 -0.012738 -0.021799 0.032808 0.057379 0.103026 0.165387
0.082694 0.040624 0.134528 0.005209 0.027504 0.077470 -0.028047 0.096757 0.001498 0.078635
0.202515 0.005404 0.034014 -0.173585 0.108490 -0.043195 -0.163218 -0.147949 -0.070599 0.082935
0.079278 -0.016575 -0.013722 -0.113312 -0.031563 -0.140073 -0.121590 0.026781 -0.024049 0.037329
-0.207176 -0.182424 -0.019538 -0.011070 0.108651 0.019538 -0.009116 -0.068550 -0.081649 -0.103588
0.063326 -0.009357 -0.053361 -0.075662 -0.048620 0.056294 0.321292 0.082774 -0.149476 -0.187728
-0.005324 -0.119661 -0.064250 -0.031864 -0.036003 -0.023305 0.037208 -0.119339 -0.110982 -0.060955
-0.035521 -0.024089 -0.037690 -0.028951 -0.091132 -0.043235 0.154297 -0.172781 -0.103026 0.111624
0.226785 0.126652 -0.175192 -0.157914 -0.074055 0.017841 0.152449 0.217945 0.183389 0.005565
0.032386 0.042633 0.091534 0.055250 -0.034797 -0.001819 0.021578 -0.135412 -0.101901 -0.007162
-0.043637 -0.051915 0.087516 -0.027183 -0.111705 -0.160003 -0.048620 -0.100856 -0.095070 0.040684
-0.067626 0.036324 -0.053241 -0.032889 0.133724 0.118696 0.132117 0.100695 0.050669 -0.020241
0.037168 0.159601 -0.018755 -0.064291 0.092980 0.128581 0.136376 -0.023647 -0.058504 0.066581
0.077992 0.023004 0.008282 0.017861 -0.054607 -0.143207 -0.028850 -0.167155 0.040342 -0.090007
-0.127617 -0.028609 -0.056094 0.054165 -0.059750 0.177442 0.057862 0.082453 0.118134 0.172299
0.132117 0.076666 0.140314 0.133242 0.036020 0.027708 -0.040002 -0.020385 -0.147527 0.024448
-0.026357 -0.059886 0.013726 -0.025892 -0.128620 0.049455 -0.037720 -0.158890 -0.041655 0.150042
0.088758 -0.036137 0.005670 -0.139890 -0.016858 0.060957 0.458600 0.012853 -0.022620 -0.168203
-0.097047 -0.076697 -0.227996 -0.101797 -0.036602 -0.252025 -0.078607 0.028709 0.096489 -0.068594
-0.064403 0.188693 0.004392 0.184595 0.243270 -0.091925 0.252770 -0.163267 0.115209 0.148924
-0.133184 0.103287 -0.155909 0.157306 0.350377 0.032667 0.033948 -0.416503 0.037347 0.164664
-0.163081 0.198007 -0.054671 -0.057604 -0.058024 0.064310 0.109993 -0.116699 -0.112787 0.118841
0.050107 -0.318338 -0.120424 0.067151 0.035345 0.039233 0.235447 0.052063 -0.331749 0.133650
-0.116513 0.072879 -0.119679 -0.046149 0.175561 -0.062122 -0.001541 -0.034623 0.189624 -0.005349
-0.252025 0.223898 -0.120331 -0.195771 0.110086 -0.099748 -0.044519 -0.176865 -0.094300 -0.136723
-0.086849 -0.010163 -0.168203 0.118934 -0.176585 0.122753 0.160752 0.044659 0.212163 0.192977
-0.051085 -0.127875 -0.089969 0.140728 -0.039350 0.270466 0.059234 -0.388935 -0.047522 -0.266182
0.021712 -0.114929 0.096489 -0.022353 -0.205271 0.188786 -0.134209 -0.055649 -0.187668 -0.018825
0.027196 0.033086 -0.221477 0.093741 -0.315916 -0.428052 0.013400 0.139983 0.017812 0.055509
0.139052 -0.021584 0.063239 0.151997 -0.033622 -0.064171 -0.081121 -0.154885 0.108503 -0.078979
-0.022108 0.325230 -0.060166 -0.328396 -0.026940 -0.214026 0.110180 -0.043494 -0.006135 0.013412
0.164105 -0.010332 -0.106454 0.053227 -0.125640 0.145385 -0.075766 -0.051364 0.078234 -0.036160
-0.100773 0.105988 -0.078793 -0.070038 -0.002800 -0.000091 -0.004392 -0.046498 -0.072599 -0.076651
0.028732 -0.013877 0.001174 0.088851 -0.081121 -0.133463 -0.082891 0.208997 -0.095557 -0.003461
0.016357 0.057651 0.012084 0.048011 -0.090994 -0.006013 0.168855 -0.025100 0.166247 0.023086
-0.198007 0.028104 -0.021247 0.142777 -0.167644 -0.136909 -0.012760 -0.077256 0.090109 0.174909
0.111483 -0.026823 -0.124150 -0.175561 0.094579 -0.103939 -0.157679 0.045683 -0.026567 -0.057418
-0.184688 -0.138307 -0.022946 -0.059281 0.040537 -0.103194 -0.101239 -0.055881 0.029198 0.156002
-0.120611 -0.136258 0.304181 -0.134209 -0.087594 0.074322 -0.011194 0.197634 0.183943 -0.096302
0.011258 -0.218310 0.184036 0.205457 -0.055602 0.068734 0.119214 0.122008 0.142311 -0.118841
0.090854 -0.158144 0.095650 -0.078607 0.157865 0.080842 0.112508 -0.076651 -0.081214 -0.110180
-0.196703 -0.056952 0.082192 -0.151904 -0.151811 -0.016567 0.045334 -0.006828 0.020548 -0.209369
-0.070411 -0.094812 0.065521 0.100773 -0.069153 -0.064962 0.078979 -0.179379 -0.188507 -0.087827
-0.039676 0.016229 -0.160100 0.099469 0.040398 0.029966 -0.138865 0.042353 0.027615 -0.009785
-0.007905 -0.051178 0.111988 -0.018551 -0.089672 0.149499 -0.137589 -0.166475 0.073038 -0.043330
-0.037546 -0.025327 -0.074818 0.000464 0.024968 0.007038 -0.017969 -0.097750 -0.174005 -0.071738
0.021203 0.018533 0.030444 0.023582 0.057397 -0.011534 0.013725 0.180029 0.161136 -0.023017
-0.118422 -0.146898 -0.080568 -0.169624 -0.176059 -0.201523 -0.039873 -0.164148 -0.127115 -0.034996
0.003397 -0.076119 0.066980 0.261350 -0.028630 0.055652 0.033730 0.005814 -0.084812 -0.123282
-0.064584 -0.066535 0.040421 0.054590 0.064311 -0.028185 0.064858 0.016942 -0.061949 0.256421
0.061949 -0.095217 0.074955 0.006131 -0.093369 0.062154 -0.065064 -0.059416 0.034466 -0.043433
-0.221511 -0.020553 -0.015830 -0.014512 0.043946 0.037033 -0.069273 0.014024 -0.046410 -0.132660
0.003391 0.047745 0.060512 -0.077145 -0.031967 0.053187 0.078104 -0.131086 -0.055412 0.158946
-0.088782 -0.025002 0.056302 -0.032823 -0.080431 0.077419 0.061093 0.031026 0.093505 0.053872
0.019030 0.010756 0.016660 0.098639 0.231915 -0.052982 -0.031745 -0.060649 -0.091041 0.077009
-0.084470 -0.103773 0.043399 0.088782 0.037101 0.094190 0.024934 0.017173 0.016933 -0.099119
0.101035 -0.018551 -0.179481 -0.036759 0.040866 -0.232052 0.046684 -0.037580 -0.023257 0.032480
0.034226 0.127047 0.155797 0.093163 0.069273 -0.092205 -0.125815 -0.066398 -0.010525 0.091178
-0.069547 0.204398 0.222606 -0.046000 -0.015316 0.107059 -0.100282 -0.095080 0.016069 0.185505
0.079884 -0.065954 0.115684 0.107470 0.039120 -0.002197 0.047437 -0.026405 0.011919 -0.037957
0.014298 -0.065201 0.015017 0.090494 -0.143065 -0.063079 -0.015419 -0.165106 -0.111508 0.002965
0.002862 -0.016719 -0.065029 0.076119 -0.070848 -0.042406 0.013168 -0.096038 -0.075434 -0.066398
-0.057534 0.003681 -0.064584 0.027586 0.009994 -0.321451 -0.086660 0.236707 -0.139437 -0.011183
0.140464 0.068076 -0.015701 -0.073517 0.009404 -0.017934 -0.115479 0.106374 -0.060546 -0.140121
0.044288 0.128964 -0.072559 -0.016411 -0.097339 -0.120544 0.020364 -0.142380 -0.069171 0.078925
0.116300 0.157577 0.134577 0.295713 0.161136 0.086934 0.169624 0.105895 -0.149636 -0.011397
-0.017062 -0.132318 -0.113220 0.145666 0.129648 0.130264 -0.023428 0.142106 0.060067 -0.047882
0.147446 0.053358 -0.128758 0.060477 -0.011953 -0.083785 -0.175100 -0.063181 0.108017 -0.323094
-0.048841 0.083511 0.050518 0.238761 -0.015599 0.181398 0.203303 0.116300 -0.032789 -0.023428
-0.038641 -0.076119 -0.208231 -0.037614 0.081732 -0.105964 -0.055480 -0.021648 -0.038059 -0.040797
-0.008813 0.120612 -0.016386 -0.200838 0.016086 0.135467 -0.280380 -0.112946 -0.010584 -0.195225
0.012878 0.031762 0.090083 -0.020707 -0.125678 -0.139300 -0.046958 0.130264 -0.101309 -0.015487
0.030530 0.010627 -0.083306 0.070916 0.074339 -0.096449 -0.027963 0.046034 -0.019406 -0.050826
0.021778 -0.085838 0.051028 -0.013086 -0.095942 -0.073273 0.021003 -0.083843 -0.004203 -0.248430
0.035193 0.135083 -0.111649 0.057056 -0.086178 -0.063339 0.160300 -0.040627 0.016058 -0.024559
-0.034450 0.010146 0.037634 -0.070640 0.133130 0.068348 -0.048480 -0.066735 -0.246902 0.001993
-0.009849 -0.278826 0.182035 -0.009414 -0.056928 -0.051325 0.037740 0.023115 -0.067287 0.476823
-0.082145 -0.232468 0.200374 -0.153592 -0.171422 0.020961 -0.097895 0.037188 0.035341 -0.060409
-0.147054 -0.037591 -0.121244 0.074716 -0.050476 -0.042410 -0.004476 -0.048650 -0.087536 0.197657
0.050518 -0.051707 0.000086 -0.078706 0.007148 0.043938 -0.083970 -0.029568 0.073867 -0.114791
0.046018 -0.012545 -0.030099 -0.043280 -0.019103 0.174054 -0.185092 0.001737 -0.022839 -0.259128
-0.080192 0.006007 -0.181186 -0.003306 0.039056 -0.178639 -0.010618 0.108763 0.095602 0.037273
-0.024665 -0.001637 0.060622 0.104687 -0.039226 0.108338 0.056207 -0.197997 0.146970 -0.160809
-0.135932 -0.265411 -0.357617 -0.242147 -0.436748 -0.111649 -0.099423 -0.218204 -0.101291 -0.006607
-0.006283 0.021990 -0.235864 0.189167 0.110800 -0.177450 -0.055018 0.093565 -0.023667 -0.025960
0.041073 -0.043683 -0.092461 0.054424 -0.015729 0.106215 0.009525 0.008411 0.031224 -0.076711
-0.106300 0.069834 -0.027530 -0.036063 -0.100442 0.043068 0.054891 0.030120 -0.145611 -0.166752
-0.114961 -0.009255 -0.068178 -0.104008 -0.000781 0.103583 -0.045636 0.077560 -0.087791 -0.023391
0.051707 -0.082824 -0.024007 -0.004118 0.030099 0.008979 -0.040478 0.103668 -0.028868 0.215487
0.173799 0.024644 0.018265 0.036509 0.073273 -0.124640 0.154866 0.043726 -0.060749 0.137800
0.117678 -0.010215 0.043514 0.128121 -0.047801 0.001239 0.068645 0.006877 0.194601 0.117678
0.065971 0.039417 0.028316 -0.090253 0.205129 -0.029780 -0.073739 0.087452 0.157837 -0.037040
0.021300 -0.005508 0.101036 0.057905 0.024686 0.114706 0.015177 -0.047546 -0.093140 -0.165818
0.019082 0.036785 -0.223129 0.126847 -0.037209 -0.155120 -0.143234 -0.051792 -0.051070 -0.068178
-0.004545 -0.133555 -0.016917 -0.018594 -0.032858 0.022882 0.103244 0.109697 0.219393 0.139073
0.151809 0.150111 0.172186 0.100951 0.108932 -0.165733 -0.261166 0.140517 -0.045466 -0.285449
0.173884 -0.015177 -0.041073 0.133894 0.081593 0.177280 0.095772 0.048608 -0.005880 -0.179148
-0.065928 -0.090763 -0.049881 0.018297 -0.089829 -0.021598 0.135168 -0.046146 -0.088895 0.051367
-0.013595 0.051792 0.018339 -0.106131 0.114451 0.064485 -0.071362 0.090593 0.065886 -0.029228
-0.031330 -0.037846 0.111310 0.033792 -0.304467 -0.177450 0.308712 -0.214638 -0.078494 -0.009950
0.148413 0.125149 0.113093 -0.040245 0.069112 0.004558 -0.057268 0.099932 0.145356 0.000856
0.047292 0.025684 -0.066947 0.045042 -0.043195 -0.171507 0.101631 -0.023455 0.008445 -0.010517
-0.115889 -0.092030 -0.049633 -0.058458 -0.071065 -0.053275 -0.045361 0.035696 0.318252 0.053742
-0.123360 0.274548 -0.038801 0.069804 0.134379 0.031564 -0.222813 -0.097119 0.102162 -0.060419
0.044100 0.007903 0.026311 -0.055050 -0.223561 -0.013797 0.056450 -0.162394 -0.064668 -0.053042
-0.174627 -0.240743 -0.217210 -0.005267 0.057338 0.702619 0.275669 -0.233459 -0.119811 -0.136060
-0.180978 -0.372974 -0.219265 -0.079890 0.024490 -0.236634 -0.133165 -0.081337 -0.155857 0.084232
0.061680 -0.063314 -0.126535 -0.061773 -0.114769 -0.074100 -0.039221 -0.049026 -0.045244 0.010249
0.090676 -0.105897 -0.164916 0.047602 0.024723 0.066676 0.016576 -0.020299 0.083158 0.055283
-0.012595 0.262782 -0.021373 -0.141943 -0.228603 -0.121305 -0.043517 -0.120558 -0.094691 0.007348
-0.054723 -0.016015 -0.106738 -0.162955 -0.003995 0.097119 -0.148947 -0.024373 0.052808 -0.043423
-0.058271 -0.038848 0.061166 0.068263 -0.134659 0.018280 -0.027992 0.024910 -0.069804 0.030303
0.016972 0.039034 0.086193 -0.073540 0.072979 0.103002 -0.002768 0.056497 0.072606 0.037610
-0.053556 0.000603 -0.177989 -0.199654 -0.085166 -0.071065 -0.101601 0.049867 -0.014825 0.014206
0.098333 0.174347 0.108418 -0.067843 0.093337 0.098800 0.137087 0.025610 0.071625 0.099454
0.025681 -0.089835 -0.066863 -0.022622 0.043587 0.203576 0.085866 -0.008066 0.078769 -0.034225
-0.051921 -0.057198 -0.044217 -0.032498 -0.032638 -0.093290 -0.148200 -0.104963 -0.246159 -0.228977
-0.067937 -0.095111 -0.004272 -0.023112 -0.090676 0.028645 -0.150068 -0.000749 0.100481 -0.088108
0.095485 -0.013412 -0.022797 -0.064388 -0.015000 -0.056824 -0.042863 0.069618 0.112060 0.028972
0.073773 -0.099080 0.065135 0.090629 -0.002066 0.033875 0.118411 0.064435 0.223561 -0.019984
-0.079796 0.075034 -0.122333 -0.040482 -0.044964 0.002453 0.000804 -0.047439 0.113741 0.056497
-0.079516 0.057618 -0.005095 0.022657 -0.023976 0.086613 -0.088108 -0.142503 0.018817 -0.036186
-0.083859 0.057384 -0.006969 -0.038801 -0.046855 -0.061166 0.133072 0.062707 -0.122800 0.021338
-0.013774 -0.106644 -0.248401 -0.120558 0.085960 0.047392 0.073400 -0.033828 -0.071158 -0.083345
0.161367 0.000232 0.046388 0.012432 0.107671 0.151468 0.066256 0.024513 0.081384 0.011159
-0.115516 0.009286 0.137928 -0.325349 -0.266330 -0.022727 -0.065369 -0.036630 0.044381 0.111500
0.091189 -0.064715 0.150815 0.195172 -0.138395 0.085773 0.083672 -0.153616 -0.010261 -0.036210
0.061166 0.064435 -0.026404 -0.030256 -0.006753 -0.132231 -0.023953 -0.081104 -0.174067 0.124574
0.105430 0.042326 0.061540 -0.074333 0.020264 -0.198160 -0.122239 -0.024980 0.011842 -0.079610
-0.099640 -0.038988 0.117850 -0.022564 -0.060606 0.101695 0.066116 -0.033758 0.038801 -0.015607
-0.086987 -0.096745 -0.182005 -0.078209 -0.078302 -0.096745 
