-0.004950 0.019974 -0.051135 0.007463 -0.036609 -0.034607 -0.014580 0.023018 -0.010875 -0.003765
0.042884 0.061416 -0.014486 0.054740 0.067184 0.001099 0.050708 0.046356 -0.012377 -0.034927
0.054233 0.003478 -0.047237 0.031562 -0.056396 -0.049346 0.029613 0.025154 -0.001579 0.019413
0.028679 0.103606 0.070281 0.000627 0.021602 0.051269 -0.058586 -0.054206 -0.008198 0.033645
-0.010801 0.025074 0.026756 0.011355 -0.018986 0.021482 0.002619 0.033058 -0.000780 -0.023618
-0.000490 -0.021896 -0.035701 0.019773 0.008391 -0.014540 0.012383 0.004212 0.028785 0.021042
-0.008365 0.040828 0.014767 -0.001781 -0.004700 0.038078 -0.003057 -0.011702 0.043098 -0.008718
-0.005047 -0.008545 0.015768 0.019947 -0.030628 -0.033619 0.024606 0.030307 0.005941 0.007156
0.046115 -0.014780 -0.018225 0.038585 0.086143 -0.013625 0.006532 0.056556 -0.028331 -0.027530
-0.027824 0.001893 -0.007116 0.002315 -0.068519 0.042350 0.004559 -0.016796 -0.023538 0.007984
0.035408 -0.049613 0.021442 -0.049854 -0.060188 0.009092 -0.042484 -0.016662 -0.035755 -0.027370
0.031189 -0.011349 -0.025581 0.040321 -0.021723 -0.034153 -0.011322 -0.018171 0.046836 0.005831
-0.035167 0.037464 0.014953 -0.011082 0.024112 0.015701 -0.015928 0.035701 0.017223 -0.053832
0.063339 0.074287 -0.014219 0.023699 0.029693 -0.026569 0.049079 -0.023645 -0.028091 0.077544
0.024406 0.012417 0.049800 0.035381 -0.053539 -0.013698 -0.004459 -0.020468 0.048011 0.077598
0.017156 0.046783 0.053405 -0.043392 -0.039653 0.019773 -0.050308 0.008538 0.014019 -0.016355
0.056556 0.033378 -0.072524 -0.029827 0.026302 -0.031669 0.014446 -0.029907 -0.069640 -0.036903
-0.005551 0.022951 -0.000358 -0.026703 0.015501 0.107344 0.026516 0.040268 0.004860 0.037571
0.039840 0.025221 -0.028839 0.064193 0.029560 -0.019733 0.003204 -0.086570 -0.060188 -0.011008
0.007570 -0.031028 0.035328 0.016809 -0.025327 0.008244 -0.020000 -0.071082 0.016195 -0.043766
0.008278 -0.013899 0.013118 0.172285 -0.022724 -0.033352 0.064033 0.047798 -0.060241 -0.034660
0.010941 -0.000764 -0.038932 0.001419 -0.014606 -0.041790 -0.018585 0.010875 0.034073 -0.020481
0.031055 0.047744 0.015180 -0.020695 0.021950 0.012637 -0.003274 0.000256 0.031696 -0.013351
0.014526 0.006078 0.060722 -0.005935 -0.038051 0.029026 -0.009793 -0.039146 -0.022991 0.010207
-0.064941 -0.032470 0.054046 0.024713 -0.001678 0.084220 0.029773 -0.046115 -0.001449 0.012183
-0.016729 0.003316 0.010060 0.000048 0.024353 -0.026302 -0.049159 0.072845 -0.015100 -0.036796
0.048252 0.054420 0.007891 -0.017210 0.031536 -0.038719 -0.060348 0.041496 -0.035034 -0.024727
0.000894 0.029453 -0.014446 -0.022537 0.061576 0.036476 0.013845 0.000885 0.006969 -0.003511
0.029293 -0.034179 0.019613 0.007664 -0.022430 0.001367 -0.023405 -0.060027 -0.028980 0.018102
-0.024660 -0.050105 0.008369 0.001919 -0.031425 -0.042532 -0.012712 0.007643 0.054688 0.000509
0.009373 0.005205 0.004613 0.020426 -0.033323 -0.009875 0.011555 0.023961 0.076379 -0.030137
-0.038124 -0.014665 -0.074153 -0.062500 -0.052811 0.019586 0.010895 -0.004043 0.012548 -0.027584
-0.039892 -0.036727 -0.034763 -0.016465 -0.013050 0.002571 -0.011130 0.020895 -0.010491 0.033825
0.014141 0.027060 0.012712 0.016007 0.034174 0.007294 0.021866 0.064071 0.059270 -0.009444
-0.006012 0.014152 -0.008975 -0.039499 -0.070138 -0.003159 -0.007567 -0.014174 0.022259 0.001987
0.017600 0.035353 0.026973 0.022936 0.024834 0.000645 -0.006694 0.011435 -0.035876 -0.006438
0.032123 0.042794 -0.008784 -0.003500 -0.040154 -0.016716 -0.008309 -0.009422 0.005303 0.016214
-0.032123 0.023612 -0.006869 -0.029591 0.013792 0.004670 -0.025118 -0.014599 0.025074 0.076641
0.024398 0.005251 -0.006907 -0.021332 -0.026820 -0.038495 -0.018800 0.040917 0.039412 -0.019029
-0.020775 -0.000890 -0.008484 0.008724 -0.027758 -0.018146 -0.000434 0.071491 0.010791 -0.034392
0.006252 -0.011102 -0.008162 -0.007562 -0.014872 0.054251 0.048359 0.039106 0.027693 0.039150
-0.018069 -0.037557 -0.022870 -0.006132 -0.018604 0.095409 -0.022303 -0.004234 0.010780 -0.023787
-0.034349 -0.061278 -0.038342 0.027475 0.034305 -0.021419 0.028457 0.023525 0.006863 -0.003312
0.039608 0.018953 0.022412 0.059096 0.002864 0.019749 -0.031097 0.012712 -0.010491 -0.025620
-0.007207 0.032930 -0.017698 0.008445 0.037295 -0.065773 -0.064159 -0.024245 -0.019248 -0.030923
-0.005739 -0.021757 -0.005393 -0.017382 -0.025423 -0.006885 -0.015319 -0.013497 -0.016476 0.006421
-0.028915 0.032057 -0.008036 -0.038321 -0.004116 -0.005756 0.001317 0.013421 0.007916 0.033323
0.020721 -0.006940 0.097504 0.037360 -0.005218 0.015832 -0.008424 -0.045871 -0.028151 -0.037513
-0.009793 0.054557 -0.008233 -0.023045 0.045653 -0.007103 -0.001462 0.009476 0.005529 0.030726
0.019160 -0.028413 -0.033498 -0.030923 -0.020644 -0.005608 -0.009427 -0.010840 0.005567 -0.017131
0.005518 0.024834 -0.002649 0.029722 -0.014152 -0.042510 -0.031141 0.003415 -0.028173 -0.033869
-0.005838 0.011621 -0.026231 -0.027955 0.006181 -0.000922 -0.013497 0.032778 0.012657 -0.043405
-0.010137 -0.009416 0.000134 0.059401 0.022826 0.031250 -0.002109 -0.001870 -0.022194 -0.022346
-0.028522 0.010840 -0.022390 -0.003966 -0.001391 -0.087291 -0.010355 0.006230 -0.025096 0.015178
0.015440 -0.034109 0.009771 -0.018898 0.024965 0.028893 -0.003066 -0.036597 -0.016640 -0.033258
-0.000285 0.024354 -0.018364 0.005832 0.015821 0.006918 0.003104 -0.005082 0.060754 0.036815
0.025969 -0.003917 0.011370 -0.011140 -0.030683 -0.049232 -0.036007 0.010950 0.028697 0.016378
0.030464 -0.038801 0.021812 0.018080 -0.086156 -0.005876 0.014790 0.013176 0.042912 -0.007649
-0.011945 0.037756 0.006194 -0.032340 -0.004859 0.062076 -0.036662 0.003385 0.058795 0.003385
0.036662 0.063326 0.035204 0.036350 -0.002313 -0.049994 -0.032861 -0.004033 -0.035100 -0.022614
0.002130 0.020779 0.071241 -0.030231 0.004195 0.003071 -0.070096 -0.097593 -0.039735 -0.005852
-0.016951 -0.051088 0.023409 -0.033590 -0.001842 0.106654 0.033225 0.011516 0.074418 0.028538
0.064211 0.036089 -0.022497 -0.001563 0.057493 -0.059524 0.004889 0.063170 -0.066763 -0.029215
0.006526 -0.017407 -0.013273 0.066034 -0.005283 -0.036558 0.092020 0.058951 -0.001053 -0.006633
0.016626 -0.008886 0.006829 0.014725 0.021690 -0.017967 0.002710 -0.008697 0.029085 0.007004
0.004661 -0.014347 0.002594 -0.026768 0.025140 -0.084834 -0.041323 -0.026716 -0.044552 -0.078532
0.029241 0.011281 -0.026416 -0.069263 -0.010383 0.017029 0.027158 0.003315 -0.058014 0.057129
-0.029996 -0.008951 0.007727 0.032444 -0.013996 -0.022380 -0.014569 0.004407 -0.019737 0.031845
0.006253 0.004635 0.006204 0.003240 0.033512 -0.036610 -0.047078 0.106654 -0.024203 -0.066294
-0.011346 0.025531 0.024411 -0.009159 -0.022068 0.007369 -0.031741 -0.051400 0.012075 0.083219
-0.003211 0.055723 0.011476 -0.032757 -0.029814 0.014386 -0.030699 0.000168 0.047859 -0.015233
-0.004104 -0.001484 -0.021274 -0.002295 0.033486 -0.034267 -0.024580 0.039579 0.016248 -0.023578
-0.004449 -0.009061 -0.037287 0.068690 -0.035126 -0.027002 0.032158 0.093583 0.054056 -0.006191
-0.014035 -0.026976 0.044500 -0.026768 -0.023448 0.066190 -0.015519 0.004248 0.034371 0.022094
-0.007786 0.011978 0.049395 -0.048692 0.010201 0.023812 -0.046010 -0.007968 0.004863 -0.022068
-0.015792 -0.020831 -0.004684 -0.039813 -0.041141 0.004414 -0.007427 -0.005989 -0.014530 0.026013
0.013176 0.022016 -0.065617 -0.042365 0.012095 -0.019815 -0.016561 0.021300 -0.014425 0.008482
0.043432 -0.021625 0.006353 0.050072 -0.017120 -0.018774 -0.042287 -0.062909 -0.042026 -0.054889
0.000551 0.047208 0.000628 -0.008183 0.021586 0.029736 -0.032314 -0.036845 -0.023031 -0.012629
-0.010728 -0.009895 0.000098 0.011125 0.010930 -0.051530 0.004781 0.031715 0.004820 -0.017133
0.002986 -0.017329 -0.002249 0.009257 0.013345 -0.009940 -0.008834 0.016365 0.022810 0.013143
-0.035777 -0.013892 -0.036142 -0.055670 -0.001363 0.007096 -0.017485 0.021964 0.014959 -0.015584
-0.040646 0.009647 0.033902 0.015688 0.044266 -0.009504 0.049317 0.029736 0.022016 -0.013892
-0.059368 0.053692 -0.012629 -0.050176 0.059524 0.025895 0.015975 0.023135 -0.007200 0.003639
0.038797 -0.018175 -0.016938 0.053301 -0.014543 -0.003890 -0.010611 -0.031741 -0.008736 -0.019438
-0.034840 -0.005217 0.015636 -0.019672 0.011555 -0.021977 -0.037365 -0.028981 0.011411 0.012167
0.023044 -0.022419 -0.016287 0.014790 0.033599 -0.009696 -0.012401 0.058872 -0.013704 0.016303
-0.026200 -0.066499 0.009978 -0.015886 -0.009984 -0.017095 -0.013952 -0.001497 0.026643 -0.022574
-0.003327 -0.020143 -0.071602 -0.114843 -0.013590 -0.049122 -0.138370 -0.021499 -0.009320 -0.016423
0.014584 -0.032068 -0.049579 -0.035479 -0.057529 -0.034566 -0.039319 -0.035371 -0.012737 0.001397
0.019042 -0.025501 -0.001825 -0.030806 -0.036607 0.015739 -0.010213 0.014060 0.011623 -0.001457
-0.021003 -0.028657 0.025542 -0.006724 0.003488 0.002452 -0.003780 -0.004186 -0.008259 0.012791
-0.015739 0.016544 0.009971 0.002137 -0.011220 -0.017914 -0.001473 -0.009729 0.015833 0.026065
-0.063384 -0.046544 0.030483 -0.007648 0.030134 -0.008621 0.023688 -0.004354 0.025622 0.007755
-0.042891 0.094538 0.016383 0.002874 0.005308 -0.006718 -0.018142 0.003468 -0.049122 -0.046464
-0.051754 -0.010589 -0.004969 -0.010105 -0.038890 0.010897 0.051808 -0.061719 -0.089113 0.022789
-0.030403 -0.011589 0.008850 -0.016961 0.003770 -0.012072 -0.012462 0.036338 0.060805 -0.061826
0.020962 -0.000201 -0.026831 0.080304 -0.020036 -0.066392 -0.044610 -0.040797 -0.000744 -0.025461
0.032712 0.012925 -0.029087 -0.027744 -0.001084 -0.076598 -0.049096 0.004452 -0.032498 -0.006040
-0.054655 -0.089758 -0.021862 0.036687 -0.021969 0.070904 0.014167 -0.019472 0.001806 -0.023635
-0.057421 -0.038809 0.004606 -0.004660 -0.034592 -0.041710 0.017968 0.016047 -0.000787 0.037547
0.034861 -0.044449 -0.067681 0.024924 -0.015121 0.007769 -0.014825 -0.056455 0.033223 0.014221
0.005231 -0.017874 -0.053366 0.014355 0.023017 -0.001054 0.026898 0.023339 0.012992 0.024507
0.024803 -0.018773 0.021553 0.029033 -0.027274 0.002543 -0.022748 -0.034431 -0.037601 -0.005278
-0.001846 -0.024534 0.009333 -0.018236 0.029516 -0.010239 -0.016799 0.022829 0.011549 -0.027529
0.039749 0.027435 0.012509 -0.000163 -0.039722 -0.020815 -0.018585 0.008346 -0.007963 0.027462
-0.036446 -0.022641 -0.026294 -0.012267 0.042247 -0.048451 -0.034969 0.012039 0.013597 0.021768
-0.016329 -0.046464 -0.029167 0.014073 0.019217 -0.001695 0.031719 0.013086 -0.024131 -0.012502
0.024816 -0.002133 -0.005966 0.057529 0.073536 0.026764 0.013630 -0.008165 0.006144 -0.021808
-0.038111 0.021943 -0.014960 0.047968 0.053473 0.048290 0.073804 0.034378 0.023272 0.029624
0.008776 0.011643 -0.034431 -0.014919 0.030510 -0.050573 0.035909 0.008950 0.042945 0.069078
-0.028845 0.000423 0.016544 -0.032471 0.000273 0.027126 -0.003763 -0.036285 -0.014449 -0.053339
0.091960 0.084010 -0.053151 -0.020143 -0.036016 0.080573 0.022090 -0.029033 0.121289 0.033330
-0.033733 0.028738 -0.022413 0.005412 -0.037225 -0.128057 -0.053500 0.009756 -0.111190 -0.012113
0.026710 -0.009152 0.008514 -0.001236 0.002857 0.017713 -0.027435 -0.018814 -0.009031 -0.024306
0.006050 0.050653 -0.064380 -0.074762 0.032525 -0.046213 -0.081501 0.034493 -0.096361 -0.079827
-0.026100 -0.000712 0.000943 0.037109 0.007315 -0.055129 -0.047092 0.043409 -0.015101 -0.049102
-0.029930 -0.057306 0.023232 0.053790 0.006818 0.000376 0.054418 0.005484 -0.006630 0.018209
0.005928 0.038741 -0.015289 -0.044162 -0.002654 -0.015017 -0.039892 -0.030244 0.060822 0.091757
-0.017027 0.053999 0.027125 -0.022186 -0.002470 -0.037234 -0.018387 0.039160 0.109422 -0.001948
-0.043618 0.075180 0.017204 0.021851 0.016723 -0.021537 -0.049143 -0.000204 -0.029239 -0.039579
-0.021076 -0.048097 -0.025032 -0.046925 0.037841 0.024635 0.010015 -0.018000 -0.005010 0.026623
0.115198 -0.020260 0.001825 0.060236 -0.000050 0.009047 -0.029407 0.075766 0.029114 -0.015896
0.030265 0.076855 -0.011941 0.035769 -0.010245 0.004665 -0.001796 0.001126 -0.007864 0.031123
-0.045125 -0.034388 -0.016493 0.103561 0.039369 0.034493 -0.042153 0.103394 0.036544 0.028046
-0.014536 0.025451 -0.054962 -0.069446 -0.042739 0.041253 0.028779 0.087487 0.026204 0.093515
-0.057725 -0.028067 0.008869 0.034179 -0.105319 -0.074594 -0.037925 0.011731 -0.008246 0.071329
0.022981 -0.000403 -0.016294 -0.072334 -0.074092 0.019276 -0.033865 -0.073715 -0.043367 -0.028548
0.020668 0.010407 0.047134 0.086148 -0.071622 0.025472 0.054460 0.011752 0.010523 -0.003385
0.000085 0.010821 -0.037967 0.017047 0.009507 0.031709 0.021642 0.054376 -0.026518 -0.080790
-0.154379 -0.034555 -0.023128 -0.047134 -0.042990 -0.106910 0.032965 0.052325 -0.024237 -0.086148
-0.024676 0.001515 -0.021223 -0.035141 -0.073464 0.000999 0.019140 -0.065971 0.076185 0.019936
-0.018816 -0.022437 -0.022814 -0.028904 -0.159486 -0.083008 0.068943 -0.140398 -0.052367 0.108333
-0.043576 -0.023881 -0.017382 0.050609 -0.006944 0.001532 0.000766 -0.031646 -0.007336 -0.009764
0.024865 -0.098036 -0.068608 -0.022960 -0.094268 0.032776 0.030579 0.051362 0.088575 0.084348
0.003503 -0.026267 -0.028381 -0.008932 -0.023714 0.018628 0.022897 0.009220 0.016357 0.094101
0.056595 0.066222 0.041232 0.034346 0.047344 -0.015729 0.054083 -0.001657 0.057934 -0.020009
-0.005609 0.065343 0.029490 -0.031500 0.027000 -0.002925 -0.010413 -0.024760 -0.070534 0.016514
-0.027669 -0.078697 0.002144 0.029846 -0.064841 0.000865 -0.130687 -0.125412 0.031981 -0.092929
-0.098120 -0.061953 0.013175 -0.062790 -0.071664 -0.003958 0.014034 0.008105 0.047218 -0.082924
-0.090585 -0.026560 -0.001551 -0.016870 -0.095022 -0.085603 -0.018083 -0.078362 -0.043785 0.053999
-0.003550 -0.044246 0.003187 -0.005363 -0.019716 -0.042069 -0.029783 0.060739 0.015007 0.001999
0.003707 -0.021914 -0.004236 0.016011 -0.015227 0.019821 0.014159 -0.037465 -0.017790 0.050985
-0.004667 0.084390 0.171291 -0.058813 0.039348 0.054878 -0.103059 0.041839 -0.060529 -0.038574
-0.013500 -0.126450 -0.046823 0.054000 -0.089292 -0.181590 -0.010527 -0.004437 -0.198484 0.046745
0.073382 -0.027181 0.033634 0.056902 -0.021157 -0.019240 -0.059701 0.117743 -0.072968 0.025070
0.050865 -0.013694 -0.106083 0.054674 -0.051020 -0.184596 -0.034722 -0.046097 -0.049595 -0.033763
-0.026223 -0.065142 -0.064676 -0.030343 -0.135778 -0.124169 0.020755 -0.043635 0.045242 0.045449
0.045631 0.046926 0.003854 0.041122 -0.018229 0.020198 -0.014666 -0.016299 0.033893 0.060789
-0.097739 -0.009898 -0.002931 0.015495 -0.100175 -0.034644 0.062499 -0.077528 -0.090121 0.029954
0.005707 0.058716 0.023152 -0.041640 -0.066904 -0.018255 -0.035603 -0.096858 0.029021 -0.013539
0.007262 0.009581 -0.044827 0.031949 -0.027700 0.045138 -0.035447 0.046745 -0.030887 -0.112975
0.112457 -0.025640 0.042573 0.041148 -0.045164 -0.044983 0.007722 -0.024059 -0.150392 -0.058664
0.035629 0.057213 0.017076 0.021857 0.073330 0.105979 0.035966 -0.047885 0.023476 0.031172
-0.010889 0.051202 0.003903 -0.056125 -0.029695 -0.028762 -0.058302 -0.035266 -0.005633 0.079342
0.014757 0.021105 0.021079 -0.115670 -0.016661 0.004139 -0.074367 0.044516 0.027466 0.035940
0.110073 0.010332 -0.035914 -0.017180 -0.117225 -0.082710 0.041666 0.026974 -0.069651 0.099709
0.014459 -0.084887 0.018682 0.042392 0.048092 0.005775 0.011738 -0.045242 -0.001003 0.102352
-0.031742 0.027803 0.008208 -0.034126 0.029047 -0.022129 0.061307 0.066541 0.006018 -0.064779
-0.018346 0.038427 0.014018 -0.070946 -0.045190 0.003864 -0.049077 -0.096495 0.020729 -0.023295
0.046978 0.069962 -0.041588 -0.004771 -0.063898 -0.018371 -0.023878 -0.051668 -0.051824 0.015988
-0.142204 -0.014485 -0.009574 0.015703 -0.050632 -0.054933 -0.003381 -0.066075 -0.045294 0.051953
0.088566 0.080482 -0.024759 0.014226 0.037002 -0.108933 0.020444 0.032571 -0.116914 0.094008
0.021468 -0.043299 0.034307 0.015677 -0.050139 0.057213 0.001942 -0.082814 -0.096755 -0.054518
-0.045397 -0.058872 -0.080171 0.060478 0.045760 0.057110 0.128833 -0.032182 0.009937 0.046201
0.031509 0.054778 0.179828 0.014614 0.072398 0.103595 0.085146 -0.022466 -0.069547 -0.002073
0.112561 -0.119712 -0.014070 0.106549 -0.020678 -0.027752 0.075662 -0.004551 -0.092609 -0.024253
-0.049336 -0.047289 -0.055451 -0.004331 -0.015029 -0.068770 0.035706 -0.033608 -0.050813 0.017516
-0.000575 0.074160 -0.041277 -0.049880 0.000718 0.058405 -0.107897 -0.158787 0.086442 -0.019771
-0.055296 0.024720 -0.057161 0.015340 0.081156 -0.017879 -0.168945 -0.035292 0.016985 -0.093127
0.064313 0.001368 0.018993 -0.011583 0.074885 0.095459 0.034307 0.022854 0.059079 -0.005373
0.015184 -0.087996 0.015042 0.045657 -0.098983 -0.070532 0.004794 0.113908 0.014420 0.001791
-0.014368 0.023774 -0.027104 -0.016920 0.027803 -0.063277 0.014420 0.094837 -0.060645 -0.130952
-0.054313 -0.022197 -0.024082 -0.085935 -0.062694 0.051458 -0.038722 -0.024302 -0.018117 0.008564
-0.086740 -0.044651 -0.002347 -0.058339 0.007983 0.007466 -0.030231 0.000747 0.022069 0.029133
0.006460 0.002013 -0.052044 0.023478 0.069721 0.031878 -0.073015 0.049628 -0.085276 -0.033159
-0.008573 -0.056692 -0.059620 0.069868 -0.107089 -0.057827 0.060755 0.005302 0.011602 0.015015
0.000900 -0.076858 -0.030524 0.105771 0.191779 0.046920 -0.031677 0.174651 0.015244 0.004280
0.224572 0.063426 -0.139003 -0.133001 0.031237 0.066830 -0.046883 0.016195 0.018812 -0.100062
-0.072356 -0.054203 0.042967 0.023460 -0.033287 0.104747 0.049592 0.004131 0.068953 -0.003152
-0.072905 -0.033031 -0.033323 0.071295 -0.124876 -0.067745 0.087106 0.024723 -0.047542 -0.055118
-0.068806 0.065915 0.007388 -0.052410 -0.018675 0.010815 -0.117410 -0.054020 -0.015152 0.109139
-0.098086 -0.104673 -0.051495 -0.066610 -0.041174 -0.069868 -0.006364 -0.039088 -0.167770 -0.059327
-0.051605 -0.112213 -0.060498 -0.044724 0.064122 -0.006396 0.004092 -0.038136 0.089375 -0.025125
-0.161914 0.036416 0.035465 -0.037551 0.014878 -0.051971 -0.019086 -0.010998 -0.111627 -0.131684
-0.084105 -0.078249 -0.132782 0.013386 0.043846 -0.054386 -0.030396 0.052007 0.003701 -0.030048
-0.025363 -0.075248 0.031018 0.026553 0.026315 0.057863 -0.022655 -0.229110 0.029737 0.064780
-0.225158 -0.064671 -0.041174 -0.049994 0.122314 -0.131903 -0.097354 0.097207 -0.074333 -0.041394
0.049336 -0.128609 0.009003 0.072576 -0.105698 -0.056033 -0.022271 -0.102258 0.022435 0.032482
0.109358 0.050287 0.009127 0.106064 0.168941 -0.049628 0.044578 0.083153 -0.057936 -0.035080
0.047652 -0.049482 0.010321 0.095084 -0.011977 -0.009754 0.117703 0.069392 -0.016213 0.010669
0.021758 0.031585 0.033269 -0.043919 0.031567 0.050983 0.020697 -0.065037 0.041723 -0.024284
-0.068843 -0.000275 -0.066208 0.064561 0.060718 -0.035831 -0.081982 0.056765 0.028749 -0.103356
0.065695 0.117556 -0.065622 -0.155473 0.052776 0.060389 0.144493 -0.032244 0.081104 0.161768
0.022234 0.034604 -0.056253 -0.027779 0.048604 0.030103 -0.031073 -0.028730 -0.020422 -0.038356
-0.010623 -0.080884 -0.010705 -0.045785 -0.100428 -0.034147 -0.074662 -0.108187 -0.055118 -0.003122
0.107016 -0.094352 0.018071 -0.031182 0.028785 0.168063 0.065586 0.025876 0.021502 0.025821
-0.013917 -0.066830 0.062145 -0.045676 -0.087399 -0.118581 -0.027413 0.004010 -0.085056 -0.064122
-0.140467 -0.048823 -0.039344 -0.102111 -0.051349 0.022655 -0.042455 0.148446 0.017687 -0.003687
-0.043187 -0.024997 0.021502 -0.161475 0.029261 0.080884 -0.103502 0.017128 -0.105332 -0.089302
-0.015161 0.030999 -0.066427 -0.007425 -0.026242 -0.047323 -0.121509 0.020477 -0.021191 0.012874
-0.081177 -0.123925 0.017641 -0.083666 -0.060864 -0.051678 0.018252 0.062159 -0.004941 -0.047173
-0.100880 0.007110 -0.015023 -0.054186 0.046484 -0.017353 0.072648 0.061559 -0.014513 0.004915
0.082838 -0.070490 -0.054876 0.067493 -0.016768 -0.113288 0.006331 -0.030840 -0.107354 -0.099801
-0.044806 0.029641 -0.015225 0.039561 0.039201 -0.028082 -0.053227 -0.107114 0.011336 0.006541
-0.064256 -0.011733 0.025040 0.098662 -0.075405 -0.047593 0.009733 0.034466 0.020170 -0.038752
0.003711 -0.007571 -0.041419 0.037793 -0.042348 -0.046304 0.044776 -0.001093 0.115206 -0.030030
0.034975 -0.020500 0.076964 0.044896 -0.058832 0.016783 -0.070430 -0.010819 0.015405 0.096565
0.071809 0.060570 0.045825 0.118982 0.102259 0.006564 -0.010295 0.075585 0.050830 0.018492
0.066894 -0.022763 0.048762 0.092968 -0.047413 -0.003733 0.029191 -0.055835 -0.174667 -0.046904
0.050170 0.017832 -0.109272 0.086794 0.122579 -0.003756 0.076964 -0.065875 0.000900 -0.048762
0.028202 0.025550 0.034256 0.050560 0.037373 0.021504 0.106455 -0.008789 -0.011831 -0.005327
-0.020784 -0.051999 0.012977 0.042738 0.023467 0.050200 -0.011449 0.023182 -0.028202 -0.080261
-0.042558 -0.065036 -0.020829 0.040340 0.062698 -0.040730 -0.023257 -0.135346 -0.141580 0.027483
-0.085955 -0.014558 0.016993 0.100221 -0.001425 -0.045615 -0.081519 0.060181 0.002002 -0.091470
0.040370 0.033597 0.036714 0.098003 0.005597 -0.054636 0.010879 0.064916 -0.037493 -0.159083
-0.039980 0.019556 -0.000164 0.028202 0.209553 -0.067853 -0.002952 0.017832 -0.010595 0.043787
-0.087813 -0.010430 0.094407 -0.114247 -0.017173 -0.060510 -0.039681 0.113828 -0.050260 -0.023107
0.040160 -0.042768 0.149133 0.080201 0.038302 -0.000162 -0.001547 0.006923 -0.016948 -0.041449
0.023781 0.087154 0.070550 0.035994 0.088293 -0.006283 0.062518 0.052358 0.058742 0.155966
0.061739 -0.136905 0.106095 0.024950 -0.140621 0.033807 -0.166515 -0.036504 0.010010 0.020889
-0.004911 0.095006 0.116105 -0.037223 -0.029970 -0.073487 0.030015 -0.120001 -0.068512 0.165916
0.047293 0.039291 0.137864 -0.065515 -0.185696 0.037463 0.040130 -0.040490 -0.012790 -0.076844
-0.018327 0.033327 -0.054246 0.036714 0.097644 -0.032997 0.037943 0.070370 -0.022598 0.001898
-0.015615 0.028367 -0.023722 0.058682 -0.021159 -0.022957 -0.094587 0.057753 0.039261 -0.045705
0.054037 -0.005102 0.010639 -0.010003 0.037913 0.006133 0.027123 -0.005387 0.017757 0.025625
-0.078702 -0.009283 0.023916 0.074686 -0.121020 -0.001937 -0.060600 -0.013075 0.004319 -0.107773
-0.003834 -0.017698 -0.004477 -0.021024 0.005623 0.050980 -0.051279 -0.029371 0.033057 0.031229
0.051699 0.014775 -0.017907 0.002579 0.008324 0.063178 0.092908 -0.098603 -0.135586 -0.076424
0.053647 0.049931 -0.002632 0.017383 0.090630 -0.002984 0.045705 0.063537 -0.001430 -0.098123
0.026449 -0.034766 -0.099921 -0.051549 -0.006590 0.022987 0.041848 0.006329 -0.096298 0.091001
0.013341 -0.121892 0.005897 -0.003227 -0.027866 0.036439 -0.043995 -0.023154 -0.053167 0.102320
0.037638 0.000927 0.000555 -0.025803 -0.026012 -0.031700 -0.096577 0.039785 -0.022667 0.039646
0.064570 -0.050407 0.047842 0.048428 -0.022959 -0.056485 -0.010141 -0.133825 0.001784 -0.028605
-0.010309 0.046643 -0.012246 0.021733 0.128918 0.046532 -0.068920 0.087934 -0.020743 0.015236
-0.049069 -0.003515 0.005158 0.060611 0.055649 0.008280 0.028577 0.036885 0.020645 0.010581
-0.061113 0.033066 -0.070816 -0.044580 0.012274 -0.005067 -0.005684 0.034265 -0.058381 -0.041876
-0.029386 -0.179994 -0.083975 0.061838 -0.116093 -0.037025 0.040733 0.033958 -0.083139 0.061281
-0.088101 -0.034320 0.059050 -0.065909 -0.012825 -0.006294 -0.093343 -0.090778 -0.013731 -0.033373
-0.045222 -0.133267 -0.134828 0.032480 0.023949 -0.082246 -0.063399 -0.036941 -0.031086 -0.009166
-0.050184 -0.112747 -0.021858 -0.040789 0.044775 -0.015961 0.022374 0.026751 0.005559 0.020199
0.011654 0.033623 0.017606 -0.038642 -0.072433 -0.069477 -0.201406 -0.006548 0.020408 -0.058660
0.008726 -0.057768 0.064793 0.010790 -0.003198 0.077116 -0.046169 -0.036969 -0.049682 0.041820
0.029860 0.023141 0.036858 -0.021273 0.000152 0.009974 -0.016129 -0.099978 -0.041987 -0.055203
0.101818 0.015306 -0.042127 -0.101707 -0.028047 -0.000612 -0.037359 -0.018094 0.001108 -0.082079
-0.043075 0.001120 0.067247 0.072377 -0.082916 0.057823 0.027796 0.011152 -0.093064 -0.076001
-0.016854 -0.088770 -0.051773 0.060054 0.037861 -0.047313 -0.052136 0.023851 -0.021426 -0.031867
0.087153 0.025315 0.000971 -0.043549 -0.052693 -0.036969 0.000631 -0.030752 0.136055 0.089328
-0.038921 0.103714 0.033874 0.079570 -0.063790 0.060444 0.098863 -0.097971 -0.027072 0.027643
-0.111186 0.019335 0.088045 -0.032369 0.025259 0.016561 0.016226 -0.020534 0.033679 0.000698
-0.042712 0.005315 0.045668 -0.062284 0.028033 -0.032703 -0.041737 -0.032592 0.024228 -0.087321
-0.035798 -0.004245 0.074273 0.007542 0.062005 0.059217 0.006712 0.053140 0.027350 -0.029692
0.022722 -0.080685 0.041486 0.024841 0.004914 0.108733 -0.032202 0.018303 0.064738 -0.029358
-0.041458 0.034655 0.008232 0.006580 0.003328 0.018136 0.026821 -0.047201 0.021049 -0.047898
-0.000224 0.026765 -0.020004 -0.005876 -0.066912 0.092785 0.072934 0.004172 -0.013306 -0.073269
0.087153 -0.180217 -0.120777 -0.010936 -0.105666 0.023350 0.026639 0.031198 -0.057823 0.050630
-0.029079 -0.047117 -0.052498 0.021482 -0.003110 -0.053613 -0.178656 -0.069923 -0.068418 -0.185236
-0.007946 -0.090109 -0.130367 -0.049655 0.055147 0.051272 -0.092841 0.084533 -0.127245 -0.034543
0.093677 -0.090555 -0.015418 -0.046588 -0.014665 -0.016170 0.004761 -0.061002 -0.091893 0.031058
-0.031114 -0.056067 0.091322 0.024703 0.006757 0.044523 0.020365 0.018729 0.025201 0.066097
-0.065386 0.032337 0.018860 -0.116263 0.056993 -0.037790 -0.026387 -0.044784 -0.089758 -0.055429
0.088430 0.097297 0.006739 0.010769 0.030749 0.066761 -0.004478 -0.083594 -0.034969 0.019097
-0.061024 -0.076055 0.019239 -0.020211 -0.093314 0.027454 0.002922 0.004620 -0.042603 0.018907
0.006573 -0.120910 -0.094499 0.019334 -0.017769 -0.017034 -0.012328 -0.019298 -0.033926 0.012589
-0.035491 -0.019666 0.082645 -0.119582 -0.022321 -0.000113 -0.047985 -0.091749 -0.099288 -0.044262
0.019677 -0.034827 -0.037909 0.026434 -0.051730 -0.003026 -0.000992 0.013324 -0.004481 -0.096965
-0.013632 -0.035301 -0.031674 -0.064864 -0.019962 0.030654 0.001286 0.093409 0.025438 -0.089236
-0.017769 -0.033570 0.078568 -0.009738 0.018338 0.122237 0.000359 0.004101 0.003544 0.080369
-0.017757 -0.091417 0.038098 -0.025936 -0.049786 -0.019843 -0.108107 0.008796 -0.076339 -0.149833
-0.064343 -0.040469 0.023305 0.014082 0.047605 0.091180 0.118729 0.075343 0.034566 -0.057373
0.026055 0.023044 -0.036202 -0.008191 -0.071171 -0.074964 0.000791 -0.005216 0.067804 0.021799
-0.018385 0.002098 -0.034471 -0.044073 -0.060644 -0.016643 0.009732 0.088999 0.062351 -0.018824
-0.047226 0.051588 -0.044997 -0.109340 -0.009708 0.036747 -0.045732 0.034850 0.034708 -0.090659
-0.027951 -0.020626 -0.127832 0.034542 -0.058938 -0.093219 0.039805 0.001843 0.076149 0.037861
0.031816 -0.008250 0.034922 -0.018599 0.013063 0.022534 0.032314 0.016418 0.032409 -0.049454
-0.180369 -0.026410 -0.101754 -0.037529 -0.015505 0.005800 0.054907 0.121953 0.186912 0.069511
-0.002189 0.029113 0.047985 -0.000097 -0.017200 0.016050 0.029895 0.118729 0.068089 0.061403
-0.003903 0.048933 -0.020412 0.035751 -0.001420 0.031911 0.061166 0.031911 0.053342 0.033594
-0.030986 0.013324 -0.011812 0.072309 0.037387 0.083499 -0.048269 0.068753 0.107823 -0.046159
0.021396 0.015623 -0.017876 -0.051019 -0.024775 0.017058 -0.023684 -0.110194 -0.006330 -0.014414
-0.036344 0.073968 -0.031128 -0.038051 0.056187 -0.008363 -0.067093 -0.049170 0.040256 -0.056993
-0.023151 0.005059 -0.097961 -0.079990 -0.029018 -0.063916 -0.055381 0.007183 0.018682 -0.026671
0.035965 -0.124893 -0.001310 -0.014082 -0.061498 -0.017188 0.033120 -0.012696 -0.052205 -0.003052
-0.012044 -0.066571 -0.052963 0.007284 0.026719 0.004540 -0.000316 -0.003156 0.051541 0.023957
-0.086154 0.005963 -0.003144 0.021147 0.055049 0.005533 -0.042816 0.010017 -0.024988 0.104125
-0.058084 0.079800 0.036747 0.055429 0.035538 -0.007723 0.024561 0.134186 0.002803 0.075723
0.052347 -0.033238 0.018753 -0.009833 0.034376 -0.055808 -0.027003 0.043599 0.001560 -0.046491
0.010384 -0.113133 0.031768 0.070554 -0.106969 -0.036368 0.065433 -0.048008 -0.041892 0.014035
-0.002558 -0.014358 0.003104 -0.063884 -0.018081 -0.049835 -0.058803 0.030219 0.000020 -0.022035
-0.009940 -0.017573 -0.011498 0.034482 0.003728 -0.021030 -0.037089 -0.015728 -0.040712 -0.040248
-0.027546 -0.029556 0.020709 0.067286 -0.036360 0.001071 0.040005 0.023769 -0.003741 -0.018533
0.069848 0.032516 -0.008124 0.008118 -0.031832 0.002013 -0.009361 0.009466 0.012978 0.002979
-0.023172 0.005525 -0.042589 -0.031213 -0.033466 0.011365 0.015132 0.007091 0.013751 0.033356
-0.009609 -0.030484 -0.079656 -0.048377 0.006644 -0.018500 -0.018754 -0.008842 -0.013817 -0.050321
0.026110 0.006323 0.018500 -0.021946 -0.010172 0.012326 0.012039 -0.026309 -0.036868 0.022797
-0.008543 -0.026464 -0.046212 -0.064679 -0.029844 -0.041220 -0.035344 -0.082661 -0.044511 -0.055225
-0.067507 0.001700 -0.020665 -0.004658 -0.051867 -0.019925 0.001483 -0.036117 -0.064724 -0.032494
0.011039 -0.003024 -0.002615 0.035211 -0.027325 0.003551 -0.016435 -0.054695 -0.065828 -0.016943
-0.009339 -0.020047 -0.003648 0.001891 0.000095 -0.016115 -0.026883 0.002474 -0.008300 -0.022499
0.017539 0.004611 -0.051779 -0.026972 -0.004412 0.018324 -0.016247 0.003717 0.009327 -0.015132
0.016987 -0.029844 0.010200 -0.043274 -0.035543 0.015176 -0.004087 -0.023946 -0.010962 0.008654
0.040955 -0.041043 -0.003098 0.054651 0.020268 -0.032296 0.004227 -0.039784 -0.014005 -0.007720
-0.020334 -0.034085 -0.012536 -0.028297 -0.030418 -0.058008 -0.055446 -0.001733 -0.069274 -0.008996
-0.008941 -0.045041 0.003046 -0.003819 -0.064989 -0.004459 -0.002990 -0.003449 -0.040292 0.004738
0.054651 -0.000173 0.009637 0.051779 0.030374 0.008466 0.044202 0.036360 0.028054 -0.005343
0.028695 0.017462 0.025801 0.021924 0.009073 0.007914 -0.001802 -0.040005 -0.004255 0.032737
0.036912 0.016965 0.019362 0.014160 -0.000638 0.001918 0.012635 0.009024 -0.007345 0.051558
0.121495 -0.002434 0.020124 0.011873 -0.013353 -0.042369 -0.143673 -0.053767 0.004134 0.003297
-0.015717 0.010371 -0.035211 -0.050984 -0.008825 -0.032053 -0.028849 -0.014491 0.026972 -0.000054
-0.011321 0.025823 0.001381 -0.017716 -0.017064 0.004418 0.021019 -0.033069 -0.007069 0.017595
-0.034063 -0.006417 0.038635 -0.005489 0.007091 -0.004620 -0.000124 0.013309 -0.030860 0.020610
0.018313 -0.007246 0.027347 0.007019 -0.038414 -0.008455 -0.034792 0.043561 0.053502 0.029534
0.023879 0.044622 0.020069 0.033466 0.020566 0.015607 -0.017418 -0.070114 -0.047803 -0.028584
-0.002232 -0.026177 -0.030330 -0.096577 -0.068302 -0.036404 -0.014933 -0.023106 -0.025669 -0.032958
-0.002277 -0.014690 -0.005688 0.007549 -0.019572 0.040933 0.008886 0.023150 0.009162 -0.003418
0.000896 -0.035675 -0.016821 0.040093 0.005672 -0.005213 0.029026 0.009565 -0.014778 -0.026066
0.033952 -0.005337 -0.004451 0.022885 -0.020323 0.020080 0.027789 0.012558 0.014469 -0.034960
-0.085198 0.207579 -0.034677 -0.044135 0.059412 -0.019946 0.023037 -0.004256 -0.028352 -0.028231
0.096757 -0.003862 -0.031363 0.004011 -0.022795 -0.055734 0.038295 0.017409 0.008927 0.066404
0.116399 0.054805 0.044458 -0.076791 -0.004032 -0.053067 0.003418 -0.074083 -0.213560 -0.058078
-0.057957 -0.063818 0.000655 -0.012297 0.173467 -0.067778 -0.114136 0.121573 -0.057189 -0.029686
-0.022189 0.042841 0.051491 0.007280 -0.032091 0.019986 0.043407 -0.058685 -0.034657 0.031323
-0.027180 -0.009821 0.073437 -0.034920 0.021522 0.012458 -0.034778 -0.045186 -0.069516 0.022128
0.037284 -0.009740 0.018602 -0.002721 -0.062201 -0.026311 -0.011024 0.080065 -0.024270 -0.026574
0.075700 -0.064828 0.025644 0.127797 -0.199172 -0.099424 0.018652 -0.046236 0.032535 0.031505
0.008690 -0.002700 -0.106942 0.102739 0.084066 -0.079135 0.006285 -0.009412 -0.000746 -0.037971
-0.016429 -0.009745 -0.061918 -0.023805 -0.104032 -0.073113 -0.012691 0.069799 0.004453 0.053835
0.173306 -0.011317 -0.019036 0.047611 -0.005977 0.008326 -0.001651 -0.062928 -0.052501 0.008791
0.012307 0.027119 0.034637 -0.028534 -0.052541 0.010306 -0.026129 0.009690 0.088431 -0.058523
-0.003867 0.035263 0.021542 -0.010139 -0.037486 -0.119228 -0.048702 -0.035506 -0.177024 -0.028817
-0.007836 0.007982 0.011104 0.119875 -0.012640 -0.058563 0.225847 0.083177 0.016631 0.113166
-0.011781 -0.061190 0.150753 -0.044296 -0.076347 0.109124 0.038133 -0.028958 0.045913 0.025644
-0.059210 0.029302 -0.009912 -0.009250 -0.006042 -0.109124 0.007235 -0.073558 -0.041225 -0.056825
-0.028393 -0.025462 -0.029888 -0.097969 -0.002895 0.074690 -0.035445 -0.026392 -0.001671 -0.033707
-0.053148 -0.062120 0.013348 -0.027584 -0.051491 0.005764 -0.068344 -0.017854 -0.064545 -0.007997
-0.044216 -0.013570 0.013600 0.031343 0.067657 0.043367 0.020259 -0.058483 -0.067617 -0.013802
-0.106214 -0.038295 0.056906 -0.102496 -0.038800 -0.036031 0.021502 0.037224 -0.061999 -0.139437
-0.045549 -0.070688 -0.006487 0.040639 -0.020097 -0.031990 -0.016864 0.045873 -0.014671 -0.004739
0.050278 -0.026230 -0.009473 -0.009200 0.045428 0.061958 0.005572 0.044054 0.090775 -0.000358
0.042033 0.027059 -0.015025 -0.010438 0.036193 0.025179 -0.048136 0.016641 0.010943 -0.070890
-0.046236 -0.036092 -0.006381 0.009185 -0.093524 -0.015783 0.058402 -0.067657 0.052258 -0.032980
-0.058280 0.210489 0.057351 -0.078650 0.014823 0.046762 -0.044013 -0.020117 0.035284 -0.004345
0.065960 0.070769 0.031990 0.054239 -0.085440 -0.065798 -0.033222 -0.091907 -0.005163 0.050844
0.044741 0.002366 0.011306 0.075255 -0.013479 0.025058 -0.064505 -0.033808 0.008427 0.013853
-0.022431 -0.007871 -0.033829 0.059250 -0.038921 -0.034273 -0.001608 -0.021198 -0.028150 -0.017369
0.001961 0.020441 0.008210 -0.009781 -0.018329 -0.041750 -0.012830 -0.020354 -0.011688 0.038232
0.068618 0.014582 0.025547 0.037750 -0.034084 0.004168 -0.006608 -0.008019 0.000850 0.050258
0.014486 0.014944 0.299424 0.089840 0.032364 0.016929 -0.012492 -0.008131 -0.046656 -0.043473
0.012259 -0.028553 0.051930 0.006531 -0.015892 0.028264 -0.021608 -0.003955 0.021383 0.005498
-0.043152 -0.015386 0.006383 0.033087 0.025515 -0.018585 0.012902 -0.020113 0.011359 0.022155
0.017621 0.037557 0.039904 0.031592 -0.023843 0.042026 0.019823 0.009068 0.062798 -0.014405
-0.017026 -0.025257 -0.037910 -0.001293 0.059165 0.002540 0.056174 0.185211 0.044373 0.019952
0.018650 -0.021158 -0.003535 -0.029229 -0.019019 0.033377 -0.044856 -0.024695 -0.006949 0.013513
-0.013513 -0.022267 -0.017765 0.019357 0.001909 0.093377 -0.012275 0.025756 0.033569 0.029052
0.043473 0.014333 0.038521 -0.005346 -0.106110 -0.017090 0.006214 0.017042 -0.002323 0.016037
-0.011479 -0.030933 -0.017540 0.035981 -0.001274 -0.020482 -0.016929 0.010555 -0.042026 -0.002948
0.007464 -0.058071 0.040643 0.052927 -0.022717 0.022991 -0.008818 -0.012653 -0.064374 -0.010900
0.010402 -0.086496 -0.005571 0.004751 -0.015643 -0.012757 -0.024807 -0.034438 -0.043955 -0.049904
-0.052766 -0.035241 -0.041737 0.059647 0.032958 -0.019904 -0.084052 0.000589 0.065917 -0.035081
0.036560 0.020772 0.026158 -0.013127 -0.023183 0.016262 -0.010780 0.007424 -0.016865 -0.003569
0.010201 0.048843 0.014389 0.008947 -0.044052 -0.033730 -0.013730 -0.014863 -0.001561 -0.075821
-0.012195 -0.013754 -0.039229 -0.012114 -0.048264 0.038971 0.142509 -0.008593 -0.015201 0.010619
0.010643 -0.007343 -0.009486 0.021061 0.043698 -0.080065 -0.009228 0.008642 -0.003770 0.014759
-0.037299 0.023537 0.025579 0.031994 0.027203 -0.001127 0.027605 0.077557 0.087075 -0.025852
-0.042187 -0.002677 -0.047428 -0.238845 -0.083280 -0.005711 0.002914 0.004015 -0.062348 -0.002122
-0.048103 -0.026045 0.036270 -0.024245 -0.000103 0.048650 0.058618 -0.043762 0.001836 -0.020193
-0.012315 0.034502 -0.015691 -0.007846 -0.083538 -0.046045 -0.044856 -0.006941 -0.031174 0.024743
0.178265 -0.013055 0.001652 -0.028843 -0.022347 -0.007323 -0.042315 -0.001957 0.017380 0.065338
0.035692 0.006728 0.034663 -0.006174 0.020852 0.017926 0.025740 0.034020 0.009912 0.058296
-0.017926 0.055017 -0.010362 -0.020016 0.022573 -0.014944 -0.001036 0.026286 0.002637 0.001343
-0.020547 -0.020740 -0.058039 -0.123667 -0.091383 0.000040 -0.108232 -0.023071 -0.021495 -0.035241
-0.050933 0.011600 -0.012999 -0.007500 0.009944 0.016688 0.036270 0.005800 -0.019454 -0.015298
0.016978 0.061255 0.050258 -0.029036 0.004329 0.014309 -0.030627 0.010265 0.019405 -0.045434
-0.012130 -0.033473 0.012790 0.013738 -0.014068 0.006748 0.037396 0.043795 -0.040065 -0.057782
-0.002027 -0.033602 0.020209 -0.017283 -0.014508 -0.076445 -0.026315 0.240952 -0.021047 -0.057312
0.082928 0.004812 0.009122 -0.044706 0.039596 0.006123 -0.025774 0.017536 0.023208 -0.031199
-0.022499 -0.000367 -0.049523 -0.031537 0.085945 -0.104719 -0.090717 0.022972 -0.095534 -0.072394
0.047002 0.035409 -0.040204 -0.016601 0.012088 -0.076085 -0.061228 0.012527 -0.101207 0.021588
0.095804 -0.011205 -0.008047 0.046146 -0.012460 -0.047992 0.015712 0.011672 -0.003275 0.100937
-0.060553 -0.035319 0.102377 -0.095444 -0.096795 0.049928 -0.038290 -0.084414 0.048803 -0.022499
0.028566 0.101567 -0.036692 -0.068162 0.081623 -0.049613 -0.070728 -0.027080 -0.018650 -0.046957
0.027620 -0.021655 -0.032685 -0.012415 0.006444 -0.031852 0.040654 -0.093373 -0.033608 -0.035004
-0.084099 -0.043198 -0.029286 0.010118 0.004575 -0.052809 -0.048172 -0.048578 -0.116244 0.031492
0.018200 -0.142716 0.033923 -0.002161 -0.088061 -0.040024 -0.053215 -0.125698 -0.100937 -0.029984
0.015757 0.060103 0.123717 0.003937 -0.000765 0.008869 0.063074 -0.000195 0.021194 0.012673
0.025662 -0.038740 -0.060643 0.003717 0.016872 -0.131461 0.024311 -0.034621 0.057897 0.033180
0.017434 0.043175 -0.033405 0.021981 0.108500 -0.059157 0.036107 -0.100667 -0.081443 0.010417
0.037052 -0.013124 0.027193 -0.030434 -0.075185 -0.043175 0.007141 -0.104989 -0.062804 -0.023703
-0.044863 0.042702 -0.043265 -0.072394 -0.021385 -0.055916 -0.075275 -0.017040 0.065055 0.005993
-0.035814 -0.084549 -0.018796 -0.014947 -0.054250 0.047947 0.026157 -0.042162 0.018909 0.015273
-0.108140 0.059067 0.004668 -0.000878 -0.008121 0.006556 -0.096525 -0.018188 0.026697 -0.049703
0.031875 0.039731 0.006213 0.034148 0.058077 -0.006860 -0.063840 -0.064245 -0.100307 -0.121827
-0.048442 -0.070773 -0.050423 -0.006460 0.010208 0.008318 -0.004330 -0.105979 -0.032843 0.048713
0.015037 -0.019640 0.025099 0.069332 -0.078336 0.016106 0.021768 -0.089411 -0.009646 0.068477
-0.002192 -0.025549 -0.045561 -0.055601 -0.078246 0.007344 -0.082433 -0.084774 0.024604 -0.053305
-0.028408 -0.061904 -0.060283 -0.007535 -0.022297 -0.021813 0.023636 0.026450 -0.011227 0.028611
-0.083919 0.007395 0.030974 -0.025977 -0.019910 0.069827 0.063164 -0.015048 0.005172 -0.034081
0.031897 0.003419 -0.118135 -0.010107 -0.076671 -0.081488 0.005493 -0.063750 -0.120926 -0.018391
0.027080 -0.141185 0.032865 0.039956 -0.101117 0.004420 0.008256 -0.064965 0.023096 0.030187
-0.118945 0.086395 0.099946 -0.049883 0.066496 0.043400 0.030862 0.068072 -0.005093 -0.081128
0.008267 -0.058617 -0.086170 0.063750 0.000852 0.002651 -0.015138 -0.022848 0.054385 0.060463
-0.014452 -0.035634 -0.035904 0.050784 -0.018267 -0.113633 -0.077886 -0.041959 -0.130831 0.001911
-0.036309 -0.038403 0.036962 0.024559 -0.075770 -0.079822 -0.019685 -0.057492 -0.063344 -0.032820
-0.052584 -0.016804 -0.057020 -0.036169 0.060710 0.075145 0.064679 -0.034886 0.094152 0.070975
0.006080 0.038254 0.021192 0.003466 -0.043106 -0.002787 0.034886 -0.012080 0.059106 0.024621
-0.005035 -0.028831 -0.012902 0.012912 0.035828 0.018987 0.061832 0.040861 -0.015608 -0.028791
-0.055497 -0.032019 0.004143 0.020190 0.030776 -0.044149 -0.007348 -0.001754 -0.039116 0.058223
0.097600 -0.051527 0.003037 0.121178 0.014065 0.038114 0.015127 -0.042304 0.069652 -0.013453
-0.010847 0.097440 -0.044189 0.030856 -0.007188 -0.035868 -0.049562 -0.000612 -0.006296 -0.031077
-0.012992 -0.030956 0.020871 0.066043 -0.016019 -0.022335 0.042064 0.011969 -0.040059 -0.034886
-0.071296 -0.068328 -0.025663 0.017463 0.003391 0.040119 -0.036630 -0.010065 -0.016050 -0.002126
-0.007955 0.030435 -0.041101 0.002545 -0.059306 0.013473 -0.021312 -0.024240 0.025944 -0.041181
-0.054895 0.001533 -0.031077 -0.040219 0.022235 -0.008290 -0.060028 -0.041422 -0.002757 0.017102
0.041422 0.054454 0.027949 -0.022556 -0.006095 -0.089661 -0.058624 -0.074183 -0.025302 -0.057662
-0.002416 -0.014004 -0.028310 -0.074945 -0.125188 0.024861 -0.020110 -0.012270 -0.033342 -0.020671
0.033563 -0.022315 0.068930 0.017543 0.053251 -0.050845 -0.021373 0.019137 0.021533 -0.044229
-0.105139 0.100006 0.031879 -0.003719 0.079315 0.049883 -0.044510 -0.017744 -0.040480 -0.009443
-0.025924 -0.052008 -0.023538 -0.027027 -0.038976 0.015318 -0.016491 0.054695 0.030936 -0.010726
-0.066123 -0.058103 -0.040460 -0.058464 -0.028731 -0.033282 -0.011819 -0.039257 -0.050925 -0.107705
-0.004862 -0.022375 -0.023779 0.021192 0.046234 -0.001166 -0.049402 0.059306 0.020731 -0.051888
0.037512 -0.002692 0.015939 0.057221 0.090543 0.027668 0.054093 -0.025162 -0.046234 -0.002925
-0.061471 -0.073862 0.006180 0.079396 0.039798 -0.090302 -0.064880 -0.002496 -0.109710 -0.040199
0.032560 -0.026806 -0.065682 -0.111394 0.005950 -0.010255 -0.025984 0.067566 0.077230 0.056499
0.021633 0.046073 0.027849 -0.042986 -0.075827 -0.047317 -0.039638 -0.029793 -0.010335 -0.065321
-0.083806 -0.017062 -0.037352 -0.095836 -0.034946 0.055898 0.021994 0.069972 -0.037813 -0.084849
-0.020932 -0.049001 -0.063637 0.035507 -0.001502 0.010305 0.086373 0.003030 -0.033342 0.058504
0.007072 0.063115 0.070694 0.015097 0.063436 0.023658 0.008315 -0.096077 -0.013874 -0.081120
-0.106021 -0.013233 -0.064840 -0.046715 0.063236 -0.064158 -0.018395 -0.039818 -0.078714 -0.076308
0.067206 -0.012902 0.020591 0.014245 0.020771 -0.054133 -0.043507 0.001962 0.029573 0.021814
-0.034605 -0.007554 -0.008691 0.028931 -0.036189 -0.004235 0.158951 0.054374 -0.038094 0.064359
-0.017513 -0.003649 -0.035467 -0.072418 0.041783 0.021854 0.003401 0.008376 0.019518 0.044790
-0.017072 -0.029011 0.182850 0.091746 -0.074022 0.063476 0.042144 -0.123103 -0.108267 0.062594
0.022337 -0.056695 -0.046535 0.035580 -0.033660 -0.061698 0.028794 0.062590 -0.028386 0.001666
-0.043743 -0.034514 -0.007179 0.119207 0.042580 -0.019690 0.025517 -0.021154 -0.007480 -0.032342
0.035173 0.011178 -0.033040 0.128902 -0.018488 0.017722 -0.014949 0.036801 -0.019147 -0.109047
0.094699 0.166440 0.027940 -0.038411 -0.095164 -0.055997 -0.024702 0.057820 0.052662 -0.008609
-0.078838 -0.022279 0.013379 -0.020320 0.009675 0.011440 -0.031411 -0.018527 0.037383 -0.046535
-0.009515 0.006185 0.010790 -0.016898 0.035018 -0.047815 0.035076 0.018575 -0.060147 -0.013621
-0.017625 0.067011 -0.013040 -0.021135 -0.034087 -0.013708 0.035425 -0.021813 0.012758 0.016578
0.069648 0.024024 -0.123163 0.050374 -0.034998 -0.048009 0.266336 0.006859 -0.004758 0.017693
0.001561 0.012729 0.014377 0.016966 -0.039652 -0.158685 -0.015250 -0.064102 0.038469 0.021852
0.027204 -0.008997 0.016791 0.040330 -0.035813 -0.000160 0.001808 -0.037247 -0.037849 -0.022860
0.004886 0.046147 -0.008687 -0.029976 -0.044751 0.007959 0.006277 -0.047427 -0.057510 0.059487
0.054795 -0.059138 0.092915 0.019603 -0.041533 -0.031644 -0.008783 0.008042 0.107729 0.020824
-0.013990 -0.027456 0.012826 0.007751 -0.054834 -0.002509 0.023171 -0.002144 0.011944 -0.009191
0.090123 -0.036957 -0.015996 -0.063869 -0.041765 0.027398 -0.053864 -0.013282 -0.022666 -0.051227
0.010364 -0.012933 -0.057742 -0.091286 -0.007606 0.044325 -0.029802 -0.001083 0.001360 -0.048164
0.012749 0.025943 0.014736 -0.035968 -0.013437 0.007450 -0.060690 0.044674 0.004603 -0.063443
-0.117579 -0.079497 -0.016888 -0.021871 -0.010180 0.015473 -0.078877 0.047156 -0.043123 0.103541
-0.018381 0.006597 -0.037170 -0.034843 0.006709 -0.030442 -0.009845 -0.004624 -0.026079 0.032012
0.017858 -0.045876 -0.010393 0.021775 -0.081359 -0.024218 0.026273 0.040137 0.050762 0.071625
0.021600 -0.006995 0.025051 -0.125490 -0.004186 0.052585 0.014833 0.008182 0.044363 0.022453
-0.007829 0.021755 0.007892 -0.044906 -0.032419 -0.069648 -0.059293 -0.039613 -0.068717 0.014562
0.065963 0.001689 0.051576 0.023190 -0.062512 0.020786 -0.044092 -0.018740 0.012526 -0.022860
-0.039710 -0.035386 -0.023675 0.049482 -0.040951 0.026738 -0.034766 -0.064955 0.015570 -0.096173
-0.067553 -0.031973 -0.113313 -0.048629 -0.002296 -0.008221 -0.054213 0.052817 0.146586 -0.005924
0.011004 -0.031818 0.018071 -0.013650 -0.013864 0.049793 -0.006908 -0.025808 0.046651 -0.012186
0.059487 0.027747 0.022841 0.032710 0.049172 -0.021988 0.064761 0.050646 -0.026990 -0.045876
-0.045023 -0.002288 -0.031334 -0.006466 -0.039264 -0.089813 -0.018032 0.018663 -0.015260 0.020185
0.036763 0.021193 -0.000105 0.018866 -0.009583 -0.003779 -0.044286 0.003837 -0.004443 -0.061388
-0.067476 -0.062667 0.036123 -0.057548 0.024761 0.044325 0.011139 0.029550 -0.007775 0.049998
0.016881 0.020549 0.014261 -0.026597 0.045153 0.032989 -0.040102 -0.020893 0.123226 -0.014226
-0.014441 0.038143 0.008320 -0.028384 0.009957 -0.007839 -0.033710 -0.020137 0.013144 0.018986
-0.031855 0.015635 0.034518 -0.011907 0.014115 0.007852 0.025686 0.009536 0.026047 0.022491
0.023899 -0.043607 -0.066321 0.017886 0.046768 0.128586 0.029758 -0.022645 -0.000442 -0.037146
-0.034363 -0.041064 -0.045565 0.014166 0.104120 0.059963 0.009948 0.038865 -0.007375 -0.017448
0.018659 -0.018075 -0.053263 -0.106182 -0.009278 -0.043023 -0.002463 -0.035909 0.025222 0.124738
0.000487 -0.026563 -0.054019 -0.038384 -0.041339 -0.059654 -0.003722 0.006267 -0.040308 -0.037799
-0.007981 -0.069619 0.003297 0.029037 0.032507 -0.005812 0.019140 0.000861 -0.036837 -0.079654
-0.162331 -0.033401 -0.076836 -0.048108 -0.049002 -0.026580 0.008986 0.000489 -0.016846 0.054534
-0.011245 -0.048452 -0.035497 0.030446 0.043675 -0.047318 0.006550 0.011589 -0.024621 0.004527
0.002642 0.002440 -0.007238 0.013479 0.052575 -0.023384 -0.064121 0.012285 -0.062850 -0.104464
-0.135115 -0.087763 0.011022 -0.080959 -0.013951 -0.026906 -0.021185 0.020429 0.031150 -0.072575
-0.009974 -0.021941 -0.074637 0.010738 -0.025841 0.009639 -0.027336 0.023590 0.047215 -0.008191
0.028367 0.054397 0.033607 0.023556 0.062609 -0.028710 -0.030824 -0.033074 -0.018934 -0.025858
-0.027473 -0.040720 0.022766 0.015506 -0.040342 -0.003239 -0.048589 -0.044706 0.000212 -0.012714
-0.003009 -0.052575 -0.028264 0.001774 0.005678 0.055118 -0.021786 0.037181 0.021357 0.000316
-0.009235 0.040445 -0.022370 -0.016374 0.036012 -0.003400 -0.005266 -0.032645 -0.000256 -0.009244
-0.007272 0.004562 -0.005133 -0.022147 -0.028762 -0.015283 0.042163 0.025240 0.013634 0.080066
0.049002 -0.018968 0.019346 -0.010300 -0.027525 -0.054981 -0.050479 0.041579 0.040033 0.033538
-0.021030 0.028195 -0.003286 -0.019020 0.043985 -0.041785 -0.044294 0.004102 0.008891 -0.005094
-0.045016 0.028710 0.014501 -0.019415 0.053813 0.043469 -0.005567 0.000128 -0.004914 -0.012663
0.016563 -0.005142 0.057970 0.026649 0.056733 0.053606 0.019003 -0.018865 -0.021889 0.009175
-0.005756 0.013221 0.023676 -0.069379 -0.019295 0.006959 -0.022095 -0.029312 -0.041270 -0.016872
0.021374 0.019243 0.021082 0.021614 0.009656 -0.018075 -0.005365 0.000503 0.022989 -0.040583
0.016202 -0.003789 -0.049277 -0.031133 -0.079379 -0.131885 -0.070650 -0.044191 -0.027009 -0.048899
-0.011658 -0.120339 -0.076698 -0.016305 -0.017130 -0.025497 -0.029930 0.046734 0.000438 0.013118
0.069345 0.007556 0.040308 0.099859 0.007564 -0.050685 -0.039758 -0.021425 0.019329 -0.038899
-0.055428 -0.017663 -0.055634 -0.011907 -0.013582 -0.020498 0.024827 -0.010824 -0.058520 -0.003118
-0.004424 -0.028573 0.030446 -0.025154 -0.031562 -0.002416 0.022399 0.008212 -0.011644 0.029966
0.032446 -0.027310 0.021673 0.047028 -0.025055 -0.037908 -0.009320 -0.005296 -0.000421 -0.064441
-0.026734 0.005684 -0.040464 0.013880 -0.005324 -0.017376 0.001008 -0.008068 -0.056975 -0.013818
-0.009252 0.000099 0.025656 -0.001015 0.039036 0.031945 -0.037733 -0.014782 0.039537 -0.019192
0.019618 0.012509 -0.008450 0.001270 -0.023865 0.022925 0.057927 -0.050436 -0.019443 0.025519
-0.023101 0.011106 -0.002291 -0.006142 0.014269 0.013217 0.047905 -0.002211 -0.001843 0.024842
0.031118 -0.004720 -0.034125 0.019355 0.102826 0.055472 -0.015634 0.033574 0.041566 -0.018177
0.003411 -0.016762 0.017839 -0.017576 -0.036305 0.043420 0.017977 -0.017376 0.030868 0.053517
0.014056 0.038459 -0.015960 -0.014131 0.027485 -0.025606 0.018015 0.015609 0.009220 -0.003216
-0.040664 -0.028187 -0.030492 0.009176 -0.024203 0.065744 -0.008926 -0.039687 -0.007579 -0.007103
-0.058979 0.038935 -0.002166 -0.031644 -0.012797 0.012615 0.005365 0.007009 0.005280 0.045775
-0.023063 -0.006220 -0.016549 -0.014081 -0.030642 -0.004372 0.050085 -0.042543 0.017714 0.048782
0.024053 -0.003614 0.002560 -0.004381 0.014031 0.035052 0.058729 0.150029 0.010329 0.018215
0.001466 0.014394 -0.003517 0.023176 0.065243 0.031219 -0.038359 -0.031344 0.040890 0.033198
0.019718 0.020821 0.028813 0.024830 -0.026759 -0.008732 -0.017564 0.038735 0.018891 -0.005240
0.007792 0.028037 -0.001282 -0.008080 0.084235 0.025268 -0.008901 0.000422 0.011870 -0.007316
0.040514 0.039211 0.012878 -0.020608 0.030216 0.013668 0.074063 0.019994 -0.015133 -0.004917
-0.022762 -0.023289 0.012189 0.006602 -0.056223 0.036530 0.002709 0.040815 0.012766 0.002441
-0.013304 0.024115 0.022788 -0.040915 -0.007604 0.074163 -0.005475 -0.004156 0.015121 0.002573
0.029289 -0.009239 0.011062 0.009671 -0.041892 0.033874 0.010304 -0.013029 0.017300 0.048331
-0.021460 -0.043821 -0.024992 -0.048882 -0.022875 0.006571 -0.006865 -0.047705 -0.001052 0.020320
-0.023902 0.024767 0.029515 0.013091 0.004635 -0.024804 0.014507 -0.001078 -0.015121 0.050260
0.022048 -0.061234 -0.012615 -0.005894 0.013680 -0.013404 -0.037081 -0.028112 0.020670 0.039812
0.024667 0.018303 -0.046652 -0.031344 -0.023940 -0.076969 0.003295 -0.004294 -0.025306 -0.012459
-0.011932 -0.042694 -0.035478 -0.046427 -0.046778 -0.017338 -0.001779 -0.037432 0.015547 0.037958
0.007529 -0.017175 0.016549 -0.009634 -0.006978 -0.005506 0.039136 -0.003711 -0.042819 0.017726
-0.013780 -0.010554 -0.046652 0.019217 0.004425 -0.021234 0.072710 0.035202 -0.027786 -0.008425
0.014056 -0.035152 0.017188 0.022261 -0.064642 0.001315 -0.035854 0.042268 0.025406 0.021184
-0.027084 0.038134 -0.015484 -0.020683 0.010041 -0.023414 0.019380 0.023815 0.000999 0.021422
0.011419 0.019242 -0.047980 -0.036530 0.043872 0.032554 0.007901 -0.046559 -0.009345 0.098921
-0.004729 0.009850 0.027108 -0.008257 -0.044063 -0.086128 -0.000785 -0.048057 -0.007770 0.037999
-0.035502 0.025776 -0.016681 -0.132402 -0.071908 -0.021437 -0.085937 -0.084796 -0.017596 -0.111857
-0.057688 0.060541 -0.011033 -0.048081 0.037547 -0.016158 -0.016752 0.064727 0.009208 -0.029367
-0.009357 -0.059353 0.081182 0.044514 0.039354 0.014719 0.045014 -0.029629 0.003273 0.005306
-0.037809 0.077139 -0.095544 -0.113569 0.104818 -0.058164 -0.007764 0.056832 0.041518 0.014898
0.035573 -0.057688 -0.021270 0.122700 0.054834 0.036239 0.114900 -0.022899 -0.012169 -0.008757
0.019630 -0.062539 0.083274 0.052647 0.025134 -0.037024 -0.026775 -0.032458 0.034123 -0.004051
0.094878 0.049841 0.035883 -0.002917 0.006765 0.032910 -0.005228 -0.081229 0.086318 0.008656
-0.075189 0.070576 0.062539 -0.136206 0.004931 -0.089219 0.035193 0.013542 -0.132972 0.001755
-0.004393 -0.092643 -0.094355 -0.023898 0.044824 0.041685 -0.038570 0.046036 0.132307 0.028915
0.034622 0.021865 -0.019190 -0.029676 -0.065725 0.044657 0.060351 -0.111381 -0.001563 -0.016229
-0.008228 -0.068341 -0.084511 -0.066962 -0.053027 -0.043111 -0.118134 0.072241 0.025253 0.031317
0.047534 0.009833 -0.045347 -0.010772 -0.079802 -0.027655 0.005107 -0.019451 0.017727 -0.008228
0.048319 0.007811 0.018560 0.019903 -0.062586 -0.025848 -0.067818 -0.089504 -0.021401 0.004028
-0.032958 0.094878 0.024397 -0.119561 0.100062 0.043516 -0.064584 0.025372 0.018405 -0.063347
0.113283 0.081895 -0.151996 0.029153 0.003039 -0.067247 0.021104 -0.004476 -0.019463 0.040305
0.079232 0.075237 -0.026109 0.002864 0.029034 0.002840 0.001398 -0.008923 -0.005306 0.032125
0.071955 0.040091 0.055595 0.114044 0.001623 0.025634 0.066344 0.033505 0.057355 0.035217
-0.017929 -0.018262 -0.074048 -0.064489 -0.047415 0.008632 -0.020712 0.005621 0.029700 0.015076
0.026276 0.014719 0.087602 -0.033861 0.017121 0.105959 -0.039164 0.032554 0.013709 0.010290
-0.025444 -0.031341 -0.015302 0.114805 0.018357 -0.034242 0.057593 -0.000486 0.039473 -0.051315
0.004176 0.001479 -0.040115 -0.078709 -0.018952 0.040139 -0.070766 -0.015100 0.037595 0.031151
-0.065440 -0.117088 0.058116 -0.067770 -0.011866 -0.029581 -0.045870 0.051363 0.034527 -0.011866
-0.112142 0.026086 -0.034052 -0.151805 0.055595 0.050221 -0.088553 0.022614 0.017549 -0.059115
0.155230 0.086175 -0.223143 0.027227 0.013388 -0.086794 -0.033647 -0.108528 -0.131260 0.031816
-0.084653 -0.044847 -0.001978 -0.004756 0.064251 -0.020878 -0.005847 0.107481 -0.119466 -0.051173
0.188330 -0.024445 -0.043230 0.050316 -0.040353 -0.073239 -0.052504 -0.014565 -0.070624 -0.015349
0.090931 -0.056975 -0.015837 -0.050649 0.007930 0.083274 0.023066 0.014838 -0.001338 0.012341
-0.000033 -0.004964 0.034078 -0.013098 -0.009043 0.131879 0.030612 -0.019687 0.022080 -0.028149
-0.088670 -0.059500 0.020479 0.030067 -0.001672 0.057917 0.042963 0.010213 -0.022783 0.003536
0.018561 -0.039409 -0.002608 0.010125 -0.091907 -0.088107 0.006285 -0.068508 -0.055559 0.011568
-0.020021 -0.022994 0.010186 0.058058 -0.029222 -0.000822 -0.017461 -0.042435 0.026020 -0.015368
0.013327 0.123997 -0.056228 -0.036840 0.003497 -0.073399 -0.061330 0.037544 -0.044265 -0.049543
0.067206 -0.043631 -0.028220 -0.018332 -0.025756 -0.000082 0.014031 -0.030471 0.056721 0.045848
-0.016335 0.058691 -0.000080 -0.072625 -0.050422 0.029258 0.036946 -0.001072 0.074384 -0.036770
-0.022977 0.021569 -0.004816 -0.038775 0.003681 -0.109219 0.020954 0.029662 0.003275 0.107108
-0.037474 -0.035380 0.061787 -0.033691 0.026900 0.030225 -0.029574 -0.001357 -0.032143 -0.073188
-0.001401 -0.034887 -0.020021 -0.042857 -0.031650 -0.051302 -0.128360 -0.122801 0.012175 -0.006457
0.011814 0.004174 -0.042083 0.044229 -0.038600 -0.067206 0.141379 -0.010134 -0.029152 0.076073
-0.064638 -0.013547 -0.014145 -0.044757 -0.000249 -0.021640 0.001029 -0.039163 -0.016476 0.026038
0.003587 -0.068719 -0.015139 -0.038283 -0.099155 -0.022555 0.013846 -0.005111 -0.001226 -0.064497
-0.044476 0.055595 0.011656 -0.030647 -0.009289 -0.067980 -0.077129 -0.035749 -0.007657 0.025510
-0.010239 0.021059 0.060802 -0.036242 0.008295 0.014532 0.089796 -0.024578 0.082829 0.036066
-0.033462 0.049965 0.016406 -0.022449 -0.003908 -0.002031 -0.026003 0.010609 -0.010626 0.039057
-0.034448 0.025915 0.023346 -0.034043 -0.036207 0.048135 0.058128 -0.026918 0.042470 0.009905
-0.038248 -0.003409 0.004242 -0.025264 -0.026214 0.008889 -0.049894 0.013344 0.000153 -0.021305
0.002198 0.044757 -0.017426 -0.072027 0.003785 0.011849 -0.015253 0.062843 0.045989 -0.013010
0.049613 0.016010 0.026918 0.016098 0.006848 0.015324 -0.023522 -0.009280 -0.011981 -0.065130
-0.025123 -0.080436 0.031580 -0.056932 -0.064039 0.080296 -0.000989 -0.026056 0.033902 -0.019599
-0.011436 0.000183 0.055032 -0.007671 -0.023047 0.003668 -0.055172 -0.023329 0.032002 0.009272
0.053906 -0.039057 -0.017971 0.018614 -0.083251 -0.087262 -0.002745 -0.001628 -0.031509 -0.032512
-0.030313 -0.075932 -0.063793 0.003741 0.034166 0.010705 -0.034606 -0.020954 -0.042611 -0.046411
-0.003558 -0.092822 0.013001 0.074455 -0.002734 0.018103 0.015764 0.022396 -0.026372 -0.001511
0.038811 0.013072 0.009087 0.044370 0.004702 0.032336 -0.014004 -0.075229 -0.090007 -0.171288
-0.015130 -0.012403 0.000330 -0.011224 -0.043033 0.055243 0.004348 -0.087966 0.184518 0.011172
-0.088529 0.029609 -0.019388 -0.004878 -0.036981 -0.013019 -0.013600 -0.029873 -0.000700 -0.011972
0.008458 0.018297 -0.052393 -0.014418 0.067558 -0.059782 -0.008282 0.018578 -0.034676 0.047572
-0.050885 -0.116504 -0.034054 -0.041591 -0.040445 0.116504 -0.021625 -0.040689 0.054105 0.009196
-0.095282 -0.023442 0.022247 0.008568 0.035102 0.029224 0.035712 0.038420 -0.034224 -0.027418
-0.041738 0.043616 -0.155241 -0.139239 -0.006592 -0.100892 -0.038103 0.049080 -0.001883 -0.006775
0.043933 -0.049739 -0.037761 -0.016283 -0.037249 -0.032346 -0.058886 0.113967 0.042616 -0.011099
0.126066 0.023991 -0.036200 -0.023552 0.049153 -0.014563 -0.022796 -0.008038 0.011136 -0.151924
-0.043421 -0.039030 -0.055325 -0.021503 -0.012953 0.025028 -0.074693 0.040786 0.044348 0.036420
0.005248 0.035566 0.068888 -0.003089 0.070693 0.021540 0.020918 -0.150070 -0.148411 0.096550
0.085329 -0.071425 -0.039249 0.001761 0.056447 0.089281 0.166072 -0.039030 -0.044665 -0.081133
-0.076742 0.028882 0.071425 -0.022503 0.083475 -0.038518 -0.112601 -0.023150 -0.097623 -0.081767
0.002683 -0.083865 -0.036395 -0.029224 -0.065570 -0.043445 -0.013112 -0.037078 -0.093769 -0.118065
-0.180415 -0.102453 -0.041030 0.000692 -0.045884 -0.025735 0.037956 -0.027882 -0.023772 -0.090988
0.077767 -0.027126 -0.147923 -0.000856 -0.016685 -0.031321 -0.015112 -0.105283 -0.110357 0.049031
0.122358 0.133775 0.053861 0.088744 0.068351 0.003003 -0.024613 -0.041298 0.142069 -0.016697
-0.081182 0.019039 0.038664 0.001499 -0.006135 -0.049300 -0.008483 -0.010745 -0.045958 0.057959
0.075913 -0.046543 0.008489 0.003622 -0.008282 -0.034737 0.040054 0.023137 0.070595 0.081914
0.036078 -0.013136 -0.009392 0.020942 0.060789 0.013758 0.009910 -0.023003 -0.106064 0.026857
0.083280 0.012398 0.024369 0.062838 0.020869 -0.015673 0.052837 0.041713 -0.039469 0.030346
0.020613 0.059667 0.116894 0.101575 -0.064985 0.125286 0.057227 -0.081182 -0.057325 -0.016441
-0.136604 -0.119236 0.151045 -0.072547 -0.044811 0.204126 -0.046665 -0.045104 0.063667 -0.012794
-0.175146 0.003784 0.059423 -0.050836 -0.003784 0.046860 -0.050544 0.009404 -0.008446 0.081328
0.012502 0.045519 -0.029077 0.018795 -0.034663 -0.092403 -0.048446 0.024577 0.072449 0.040713
0.004366 0.008910 0.020710 0.059325 -0.014380 -0.060838 -0.002770 -0.030077 -0.120212 -0.038493
-0.091379 -0.001549 -0.001043 -0.018868 0.017319 0.031346 0.009617 0.014917 0.012057 0.001307
0.074791 -0.009306 -0.047275 -0.022796 0.015405 0.042982 -0.049031 0.010691 -0.057520 0.045397
-0.013295 -0.020137 -0.032761 0.086110 0.021784 -0.053617 0.048885 0.052983 -0.025272 -0.015258
-0.035054 -0.104307 -0.064643 0.052105 0.012551 -0.006696 -0.070059 -0.038542 -0.039323 -0.093476
0.059520 0.077133 0.104502 -0.049690 -0.076791 -0.188807 -0.001090 -0.105478 -0.156510 -0.018515
-0.063570 0.060496 0.041152 0.149874 0.017795 -0.186172 0.026833 -0.097965 -0.069522 0.079523
0.010404 -0.026077 0.033297 -0.106161 -0.095867 -0.050153 -0.035029 0.013612 -0.016840 -0.000006
-0.017096 -0.105877 0.002948 0.002887 -0.024725 -0.048519 -0.009554 -0.017142 -0.030679 -0.029214
-0.015409 -0.016212 -0.023632 -0.019038 -0.007513 -0.025050 -0.013037 0.015840 0.010961 0.040192
-0.034424 0.020050 -0.003998 0.041634 0.022608 0.016665 -0.031214 0.002204 0.048659 -0.032517
-0.001903 0.000820 -0.014595 -0.008298 -0.061870 0.027493 -0.046728 -0.047565 0.060800 -0.004344
-0.001726 0.003739 -0.014700 -0.032261 -0.022155 0.003175 -0.045565 0.039494 0.006931 -0.005385
-0.022585 0.016223 -0.027306 0.009304 -0.009955 -0.038936 0.048984 0.003588 0.030260 -0.000832
-0.002354 -0.005475 0.011159 0.027376 0.006007 0.044960 0.001200 -0.001050 0.032354 0.012781
-0.049263 -0.007553 -0.017096 -0.044774 0.073360 0.011281 -0.037192 -0.041355 -0.020654 0.017607
0.013979 0.014072 0.053124 -0.025329 -0.042820 0.031586 -0.070429 -0.057125 0.005954 0.024585
0.007274 0.001260 0.047821 0.063359 -0.010862 -0.045100 -0.024888 -0.029795 -0.040681 -0.054380
-0.025957 0.037983 -0.024446 0.000978 0.017282 0.004538 -0.004614 -0.045798 -0.041937 0.023585
-0.032959 -0.016944 -0.048798 -0.028190 -0.019561 -0.005739 0.033075 -0.016886 0.025446 -0.026609
-0.008286 -0.003893 -0.021131 -0.024329 -0.040727 -0.051961 -0.040820 -0.076430 0.059451 0.003038
-0.003335 0.012839 -0.014491 -0.062009 -0.018305 -0.019468 -0.042286 -0.004501 0.015735 -0.005166
0.018898 -0.012234 -0.059265 0.043937 0.004355 -0.000660 0.045007 0.020864 -0.028888 0.031470
-0.007228 0.001506 -0.027539 -0.001385 0.009624 -0.016700 0.009327 0.035191 0.017328 -0.012141
0.015165 0.020747 0.008641 0.059590 -0.047263 -0.033819 -0.001567 0.026516 0.007856 0.040029
0.020364 0.004812 -0.030702 0.008734 0.002484 -0.041937 0.029539 0.001676 -0.017921 -0.018131
-0.005068 -0.008048 0.075686 0.028330 -0.022410 0.015561 -0.013211 0.009478 0.042983 -0.001586
0.015467 -0.036657 -0.018701 -0.031516 -0.096387 -0.086711 0.000337 0.025911 0.044309 0.016037
0.186168 0.108854 -0.050333 0.021271 -0.001264 -0.054287 0.072709 0.002290 -0.054334 0.057683
0.006518 0.002675 -0.043146 -0.050426 -0.030865 -0.012386 -0.004672 0.005504 -0.042309 -0.026423
0.001618 0.013188 -0.010728 0.003972 0.029516 0.021375 0.040308 0.012339 0.038727 0.009123
0.044239 0.031633 -0.019340 0.044635 0.037424 0.008955 -0.064568 -0.003698 0.003227 0.017026
0.036192 -0.031121 0.053543 0.045798 -0.025050 -0.001603 -0.013200 -0.049868 -0.010112 -0.021026
-0.003381 -0.028911 -0.023725 -0.029795 0.003056 0.012444 0.020759 0.014095 -0.024957 -0.012072
-0.027772 -0.011711 -0.073220 0.053729 0.004727 -0.024027 -0.025236 -0.013025 -0.014153 0.010403
-0.006379 0.034377 -0.000131 0.014944 0.003079 -0.010973 -0.026492 0.007879 0.018631 0.006978
-0.008827 0.046635 0.027376 -0.033424 0.020247 0.034075 -0.023770 -0.048966 0.014111 -0.027950
-0.039293 0.000526 0.032501 0.090456 -0.016850 0.011699 0.009502 0.025282 -0.013732 0.023984
0.041946 -0.037894 0.000480 0.018063 0.021473 0.063176 -0.015808 0.005846 0.076074 0.029705
-0.020231 -0.059353 -0.001239 0.006559 0.055615 0.008846 0.013105 0.031617 0.008696 -0.013440
-0.021102 -0.015780 -0.032558 -0.037295 0.015081 0.006413 -0.047282 -0.004822 0.000659 0.044172
0.024069 -0.022842 -0.062948 -0.024897 -0.018034 -0.014895 -0.023684 0.019989 0.100443 0.057384
-0.005197 0.046369 0.032615 -0.017820 0.056870 -0.000658 0.001569 0.114254 0.021544 -0.027065
-0.035241 0.017292 -0.028877 -0.021530 -0.003710 -0.056984 -0.025895 0.005454 -0.037866 0.022799
0.000438 -0.032444 -0.032558 -0.043230 0.028064 0.006082 0.008404 -0.005464 0.053817 -0.013197
0.006570 0.027451 -0.005621 -0.048738 -0.123956 -0.050421 -0.003349 -0.006870 0.002413 0.022828
-0.008553 -0.004102 0.006342 -0.078129 0.006378 -0.074819 -0.020602 0.024854 -0.019561 0.030618
0.043088 0.020602 0.068940 0.039236 -0.033472 -0.024397 -0.016878 -0.014332 -0.036924 -0.024169
-0.010051 -0.024440 -0.020188 -0.044201 0.011243 0.044001 0.005140 -0.034470 0.016565 0.029420
-0.029305 0.025653 0.034128 0.001837 -0.001181 -0.029077 -0.001034 -0.034584 -0.007569 0.024497
-0.002352 -0.063804 -0.050336 -0.043544 -0.033700 -0.024925 -0.028506 -0.047197 -0.008603 -0.017478
-0.011421 -0.047625 -0.006217 -0.006838 -0.101014 -0.014852 0.003558 -0.069055 -0.017635 0.019903
-0.064889 -0.028364 0.010101 -0.061008 -0.001684 0.000013 -0.032615 -0.026366 -0.005878 0.054987
0.006602 0.029063 0.090399 0.049308 -0.013504 -0.019175 0.025396 0.033842 -0.002563 -0.009959
0.054017 0.022628 0.011179 0.032929 -0.013511 -0.002525 -0.034670 -0.060266 0.002714 -0.034927
-0.037038 -0.003130 -0.002627 0.000644 -0.016279 -0.041290 0.001858 -0.018591 -0.021116 0.058953
-0.041775 0.044857 0.147240 0.014289 0.033386 -0.012270 -0.042831 0.031388 -0.039892 -0.004209
-0.004501 -0.013832 0.041747 -0.008204 0.101413 0.005885 -0.011250 0.043944 -0.013882 0.002484
0.068084 -0.002577 0.006238 0.028820 0.006231 -0.023441 -0.013390 -0.034328 -0.002486 0.034813
-0.004469 -0.021515 -0.020916 -0.026623 -0.038693 -0.012712 0.003294 -0.031303 0.012220 0.002532
0.017963 0.021387 -0.007712 0.007073 0.029120 0.026452 -0.027465 -0.109745 -0.053560 0.032501
-0.006463 0.025382 0.014153 -0.088915 -0.043059 -0.022414 -0.052847 -0.025039 -0.010644 -0.002748
0.014275 -0.014011 0.026038 0.027622 -0.018391 0.080526 -0.002859 -0.009103 -0.044087 -0.041119
-0.025853 0.004815 -0.036382 -0.007633 0.077044 0.023698 -0.031874 0.038322 -0.006945 0.028221
0.025610 -0.000563 0.001821 -0.016379 0.031959 -0.056984 -0.147469 -0.047282 -0.018733 -0.087659
-0.009923 -0.020317 -0.104952 -0.047311 0.074832 0.038136 0.030988 0.122006 0.006379 -0.058194
0.096726 -0.126400 -0.055674 -0.022975 -0.017727 -0.013234 -0.072635 -0.015737 0.030826 -0.079369
-0.024830 -0.010803 -0.015647 -0.045302 -0.007756 -0.088876 -0.090749 0.063308 -0.096006 -0.123807
-0.020815 0.011848 0.001453 -0.030970 -0.054017 -0.047967 -0.125968 -0.039396 -0.013774 -0.066549
0.058915 0.009867 -0.028935 0.039504 0.002764 -0.024038 0.009264 0.016655 0.011713 0.007742
-0.055890 0.047715 -0.007486 -0.001787 0.021805 -0.001094 -0.064136 0.000838 0.013306 0.014296
0.008166 0.037164 0.040441 -0.093773 -0.075624 -0.063236 -0.042457 0.065649 0.012298 -0.018726
0.041377 0.029115 0.020580 -0.018618 -0.026414 0.007355 0.001442 -0.033473 -0.041485 0.061147
-0.065433 -0.065000 0.035579 -0.052180 -0.063164 0.045122 0.037884 0.012388 -0.029403 -0.018780
-0.009390 0.015170 -0.029655 -0.028647 -0.037344 0.022921 0.013639 -0.124239 -0.032914 0.079153
-0.044654 -0.109979 -0.051136 -0.062408 0.011632 -0.010560 0.040189 -0.014053 -0.116461 -0.014495
-0.015386 -0.029385 -0.032086 0.033256 -0.014612 -0.022705 -0.014035 -0.015152 -0.009903 0.000195
0.012397 0.036425 -0.006077 -0.008283 0.082754 -0.044078 -0.094062 -0.090604 -0.075120 -0.010776
0.032914 -0.004497 -0.011137 -0.022849 -0.052937 -0.037452 -0.023407 -0.070402 -0.015260 0.018744
0.025298 0.002656 0.088228 0.033220 -0.051100 0.023533 0.035633 0.002822 0.099679 0.013126
-0.134970 0.091397 -0.058879 -0.077568 -0.020869 0.019536 -0.009741 0.041377 0.048435 -0.031636
-0.095934 -0.005505 0.041341 -0.048507 -0.008188 0.002708 -0.003824 0.024794 0.002622 0.041377
0.015269 0.019518 0.002530 -0.008166 -0.047211 0.020995 0.004290 0.000227 -0.008692 -0.026990
-0.016466 -0.072275 -0.034013 0.017898 0.014269 -0.027747 -0.094638 0.053009 0.024812 -0.086787
0.055493 0.031762 -0.000103 0.062552 0.024560 0.054989 -0.004398 -0.061939 0.012253 -0.039684
-0.078937 -0.037956 -0.027297 -0.045374 0.021319 -0.032266 -0.024272 0.033310 -0.052793 -0.055385
-0.042889 0.033058 -0.016340 0.009327 0.061075 0.030123 0.030394 -0.000884 -0.016673 -0.001285
0.032446 0.065577 0.043934 0.026936 0.062228 -0.014774 -0.024812 0.031024 -0.005775 0.037884
0.018114 -0.005649 -0.031456 -0.028557 -0.004632 -0.005244 0.007306 0.017240 -0.068710 0.031114
0.061327 -0.085059 0.002184 0.062624 -0.031780 0.038712 0.009309 0.012820 0.013099 0.025730
0.040837 0.002347 -0.043358 0.030700 -0.002035 -0.030340 -0.019212 -0.094206 -0.051388 -0.091325
0.001434 0.067845 -0.069394 -0.024470 0.017817 0.002854 -0.078505 0.027351 0.076848 0.027927
-0.011587 0.075552 0.032716 -0.019140 0.002750 -0.026396 -0.018690 -0.029961 -0.015440 0.071915
-0.016340 -0.030700 0.002280 0.027729 0.007504 0.019860 0.035633 -0.000493 0.002431 0.032806
-0.002323 0.026054 0.085525 -0.128846 -0.038827 0.031374 -0.038548 -0.024507 0.101938 0.044158
-0.039720 0.042567 0.118016 0.004152 -0.041060 0.005066 0.015561 -0.107464 -0.147603 0.069950
-0.032100 0.107241 0.182550 0.013649 -0.071792 0.012428 0.008067 -0.122147 -0.117234 -0.048122
-0.161448 -0.065484 -0.041339 -0.037599 -0.034863 -0.019385 0.008158 0.001777 -0.033216 0.010028
0.059064 -0.113605 -0.005872 0.052392 -0.030006 0.011640 0.120360 0.097751 0.123710 -0.021004
0.026713 0.000958 -0.022595 -0.056970 -0.052085 0.054653 -0.083906 -0.092112 -0.019623 -0.038827
0.013538 -0.005056 0.000486 0.102552 0.010802 0.026587 0.046447 -0.033802 0.023531 -0.087200
-0.107688 0.064032 -0.017390 -0.011702 -0.000748 0.069503 0.058059 -0.089489 -0.092057 0.005202
-0.048122 -0.100542 0.011458 -0.043935 -0.004818 0.055016 -0.067437 -0.034500 0.009846 -0.086642
-0.057221 -0.049741 0.006860 0.073522 0.020321 -0.068442 -0.084129 -0.092447 -0.024563 -0.237148
-0.154414 -0.046140 -0.186793 -0.064535 -0.056384 -0.004204 -0.014347 0.012303 0.039441 -0.003611
-0.046503 0.037124 -0.008646 -0.093787 -0.107353 -0.045219 0.019665 -0.009574 0.061018 0.042232
-0.040809 0.073467 -0.039245 -0.035645 -0.017013 -0.033719 -0.164128 -0.057221 0.067493 0.105957
-0.054960 0.025959 0.000069 -0.088930 0.086809 0.011151 0.004407 -0.007432 -0.047647 -0.062078
-0.061799 -0.019497 -0.012317 -0.011465 -0.008800 -0.030062 -0.048317 -0.010216 0.028485 -0.157094
-0.099816 0.051053 -0.121923 -0.086865 0.022386 -0.035114 -0.082678 -0.037515 -0.077654 -0.068889
-0.032770 -0.018757 -0.002533 -0.005436 0.013182 -0.054207 0.023796 0.086697 -0.007355 -0.001738
0.079440 0.045889 -0.109698 0.032100 0.061743 0.002482 0.054905 0.059008 0.114275 -0.029923
-0.105287 0.048931 0.056216 0.119244 -0.029281 -0.083404 -0.053732 -0.014473 -0.006748 0.054737
-0.006640 -0.009107 0.043823 -0.014696 -0.028555 -0.010244 -0.063306 -0.082845 -0.020167 -0.067772
0.012456 0.111205 -0.044493 0.005363 -0.025526 0.006867 0.103780 -0.062134 -0.047619 -0.054458
0.001326 0.035059 -0.038883 0.030034 -0.002545 0.014724 0.077933 0.031821 -0.000572 -0.078826
-0.082622 -0.000885 -0.057389 0.003357 0.022902 0.024061 0.039608 -0.049713 0.057556 0.036119
-0.127953 -0.021995 0.016887 -0.067270 -0.074081 0.010160 0.004703 0.075141 0.014117 -0.072127
-0.040195 -0.018241 -0.127283 -0.021591 -0.005024 -0.101882 -0.099481 -0.065539 -0.069894 -0.137220
0.016259 -0.013963 -0.073522 0.017739 -0.021144 0.052588 0.171720 -0.101938 -0.142914 0.031625
-0.057780 -0.171050 -0.023363 0.019706 0.106683 -0.049294 0.005181 0.057668 0.007488 -0.124156
-0.069782 -0.006828 -0.039078 0.065763 0.139899 0.031597 -0.023461 0.031542 0.023028 -0.065372
-0.090717 0.025191 -0.042176 -0.130186 -0.033356 -0.063753 -0.020795 0.058226 -0.013559 -0.047284
0.011900 0.089926 0.032511 0.004400 -0.021113 -0.006367 0.014737 -0.007211 -0.032461 -0.018703
0.037306 0.028745 -0.030578 0.057139 0.004874 -0.034595 -0.002068 0.000075 0.032913 -0.023323
0.035900 0.020812 0.015264 0.006421 -0.019883 -0.004980 -0.018553 0.091232 0.056537 0.002324
0.003973 0.016230 0.026837 -0.028946 -0.016092 0.020837 -0.022896 0.062060 0.036151 0.018691
-0.003687 0.016733 -0.003571 -0.047022 -0.025494 0.037432 0.100671 0.016331 -0.011712 -0.019067
-0.008912 -0.008850 -0.002948 -0.013193 0.022494 0.017825 0.036126 -0.017348 -0.020749 0.019193
-0.001225 -0.003149 -0.025381 0.001133 0.017787 0.013858 -0.020950 -0.001008 0.016933 -0.013758
-0.001291 -0.008598 0.041474 0.061407 0.023247 -0.017674 -0.044059 -0.010808 -0.028369 -0.099065
-0.024892 -0.008448 -0.084353 -0.002994 0.010312 -0.010751 0.016670 -0.024427 0.001986 -0.013368
0.009546 0.028218 0.024126 0.006508 -0.065524 -0.036076 0.033139 -0.029097 -0.053775 0.014837
0.045340 -0.013143 -0.020385 -0.027791 -0.027816 0.053876 0.029047 -0.009521 0.012515 0.021942
0.021226 -0.020762 -0.058344 -0.042578 0.016808 -0.026938 -0.009822 0.030051 0.081943 0.025419
-0.036578 -0.054428 -0.002049 -0.041223 -0.073759 0.021615 -0.005156 0.078328 -0.017360 -0.033164
-0.010908 0.006057 -0.004980 0.004701 -0.011410 0.000681 0.051867 0.011699 -0.032084 -0.004023
-0.069391 -0.010632 -0.015829 -0.060302 -0.042603 -0.038034 -0.026662 -0.020059 -0.076872 -0.025080
-0.020561 -0.036277 0.013431 -0.011730 -0.021741 -0.049156 0.018829 0.002261 0.009477 -0.004513
0.020097 0.020084 0.045114 0.004927 0.038662 -0.005056 0.051240 -0.039264 -0.010983 0.027992
-0.042854 -0.008423 -0.022180 -0.036327 -0.006414 0.019733 -0.000065 0.011197 0.004619 0.007205
-0.015917 0.056286 -0.029122 -0.013004 0.013105 -0.045340 0.039566 0.048327 0.003138 -0.053424
-0.125124 -0.040394 -0.012496 0.041750 0.010513 -0.007588 0.032988 0.004456 0.004026 0.021452
0.044762 -0.032687 -0.011542 0.022431 -0.006032 0.011850 -0.006540 -0.021728 -0.044536 -0.010827
-0.002019 -0.023775 -0.024578 0.007563 0.031281 0.001349 0.035474 0.013620 0.040846 -0.004007
0.043758 0.060503 -0.035222 0.035097 -0.011310 0.011021 0.010833 0.074261 0.049783 0.040269
0.034294 0.007356 0.013758 -0.010814 0.007092 -0.032511 -0.042352 0.000249 -0.034394 -0.009804
-0.014071 -0.067231 0.011291 -0.044863 -0.090479 -0.069340 -0.040495 -0.098061 -0.078981 -0.034846
-0.042377 -0.023134 0.033340 0.100571 0.067282 -0.035448 0.018515 0.007814 -0.017097 0.014348
-0.012264 -0.007312 0.035925 0.048880 -0.018427 0.004145 -0.009452 -0.033063 0.001781 0.018314
0.041549 -0.014875 -0.005539 0.024754 0.019080 0.009722 0.000473 0.020925 -0.016293 -0.000023
0.099667 0.010092 0.000551 0.058595 0.007965 0.015528 0.036352 0.011297 0.059862 -0.044360
-0.002889 0.059672 -0.070452 -0.016957 -0.040878 -0.150538 -0.054138 0.022132 0.040282 -0.022478
-0.057430 0.048152 -0.013248 0.041260 0.060387 0.017267 0.012247 -0.038851 -0.013093 0.044193
-0.045696 -0.027022 0.020964 -0.064918 -0.030170 -0.015013 -0.025638 -0.023826 -0.019402 -0.160174
-0.000880 -0.046173 -0.057525 -0.042667 -0.045958 -0.051801 -0.024565 0.030861 0.014226 -0.013081
0.032412 0.096543 -0.030504 -0.045720 -0.059481 -0.006135 0.022669 0.052564 -0.033843 0.028071
0.102935 -0.048343 0.052564 0.025853 -0.007733 0.015920 -0.001119 0.026378 -0.014059 -0.023861
0.026974 0.041427 0.013725 -0.023671 0.002607 -0.008848 -0.045386 -0.066493 -0.032650 -0.091582
0.063106 0.155594 0.011597 0.018877 0.106464 -0.067303 -0.028858 -0.074220 -0.033866 0.010911
0.025972 -0.090151 0.005831 0.019270 0.039566 -0.037825 -0.069068 0.010458 -0.043168 0.004868
0.103698 -0.035607 0.052707 0.005223 0.044694 0.086860 -0.001583 -0.099500 0.019497 0.029144
-0.053661 0.021882 0.023730 -0.031100 -0.007656 0.016492 0.045624 0.083664 0.035083 -0.054043
0.113238 -0.011358 -0.017017 -0.058670 0.013153 0.016516 -0.022085 -0.028810 0.049178 -0.082901
0.068067 -0.000360 -0.050800 0.018984 -0.028142 0.025781 -0.017052 -0.064728 -0.067637 0.028381
-0.033127 0.000915 -0.016385 -0.078274 -0.032412 -0.012616 -0.034606 0.023420 -0.116004 0.070356
0.040783 -0.075269 -0.069164 0.032292 -0.017184 -0.063726 -0.119629 0.020344 -0.013356 0.010798
-0.034105 0.035011 0.005387 0.012652 -0.056857 -0.155308 0.029025 0.022407 -0.034725 0.043692
-0.052755 -0.071406 -0.080802 0.013547 -0.075365 -0.018686 -0.064346 -0.015407 0.013403 0.020511
-0.005083 0.024064 0.141475 0.105606 0.123541 0.037181 0.097163 0.082567 -0.023695 0.094635
-0.028906 -0.007984 0.075794 -0.000941 -0.006183 -0.062390 -0.026306 -0.061627 0.007370 0.046912
0.002686 0.089770 -0.035154 0.057620 0.107323 -0.048319 0.018483 0.035083 0.028858 0.017708
0.079085 0.054663 0.040544 0.013499 0.049464 -0.103221 -0.113810 -0.028667 -0.016981 -0.113524
-0.017231 0.018770 0.044599 -0.055474 -0.059242 -0.064775 -0.025924 -0.072073 -0.062629 -0.021250
-0.092441 -0.057477 -0.019390 -0.006636 0.038040 0.002823 -0.068496 0.003452 -0.033008 0.030194
0.107991 0.005894 0.020260 -0.032745 -0.032316 0.067017 -0.016897 0.034272 0.019199 -0.024410
-0.003294 -0.067780 -0.017315 -0.015645 -0.060673 -0.190606 0.015109 -0.066206 -0.074506 0.050847
0.027832 -0.061246 -0.021834 -0.006416 -0.066016 0.083187 0.052326 0.035941 0.062152 -0.099405
-0.018579 0.013093 -0.122873 -0.000480 0.053661 0.018316 0.090771 0.022764 -0.001816 0.002534
-0.012664 0.045266 -0.022025 0.005804 0.022097 0.024219 0.036967 0.038756 0.094873 -0.018316
-0.101504 -0.044098 -0.020177 -0.060244 -0.062629 0.095637 0.001949 -0.013159 -0.051224 0.010628
0.030573 -0.031755 -0.028309 0.031063 0.027977 -0.003324 0.064837 -0.033947 -0.043638 -0.013469
-0.010910 -0.034928 -0.111447 -0.024516 0.008011 0.000906 -0.004532 0.006432 -0.009114 0.046696
-0.043436 0.001645 -0.048167 -0.006349 -0.019944 -0.045081 0.042139 -0.023535 0.004085 -0.004925
-0.002475 -0.029333 0.016065 0.000158 0.019613 -0.043379 -0.019786 0.021790 -0.040004 -0.020363
0.018156 -0.010960 0.028698 -0.035361 -0.003636 -0.045600 -0.054800 -0.023607 -0.080355 -0.005855
0.025064 0.000938 -0.027919 0.014609 0.080066 -0.037956 -0.060223 -0.065126 0.030227 -0.044850
0.035072 -0.014299 -0.037697 -0.039341 0.016051 0.048340 -0.053474 -0.054310 -0.018228 -0.025295
-0.019007 0.026391 0.063107 0.000430 0.005134 0.020738 -0.051109 -0.000660 -0.027616 -0.028900
-0.069279 -0.071990 0.016123 -0.020680 -0.039889 -0.066626 0.016411 0.060453 0.043494 -0.035822
0.058608 -0.006529 -0.013751 -0.030457 -0.024184 -0.007751 -0.025482 -0.007679 -0.026679 -0.034265
-0.034063 0.012482 -0.000718 0.010434 0.001868 0.091834 -0.045802 -0.041619 0.000874 -0.009157
-0.011703 -0.006086 -0.055377 0.052753 0.015344 0.018747 0.066856 -0.059934 0.006681 -0.023059
0.017118 -0.026232 0.033832 0.002626 -0.057194 0.109139 0.122407 -0.092584 -0.029333 -0.027141
-0.058521 -0.040552 -0.011407 -0.036832 0.032736 0.012640 -0.005069 -0.008645 -0.040898 -0.024487
0.021675 0.022670 -0.028828 -0.036486 -0.036024 -0.032649 -0.007672 -0.011753 -0.019901 -0.007636
0.005887 -0.058060 0.120445 0.054627 -0.102332 0.058175 -0.025237 -0.045427 0.001603 0.041533
-0.005390 -0.029376 -0.111504 0.029087 0.005902 0.047792 -0.007968 0.008826 -0.019670 -0.008840
0.000573 0.020536 0.020550 -0.002012 0.026232 0.011919 -0.033111 -0.017219 0.019714 -0.027198
0.020983 0.012121 0.047215 0.114273 0.021733 -0.042514 0.002964 -0.002486 -0.072625 -0.125176
0.049436 -0.090392 -0.097372 0.031900 -0.043667 0.025944 0.020247 -0.034438 0.060107 -0.021963
-0.007773 -0.009381 -0.075913 -0.010044 -0.052810 -0.035389 0.021574 -0.057425 0.087046 -0.011948
-0.045744 0.046003 0.037956 0.015604 0.023420 -0.031034 0.060800 -0.033457 -0.015185 -0.051714
-0.002158 -0.027991 0.011068 -0.004907 -0.022930 0.032794 0.041821 -0.049465 -0.075913 -0.003230
-0.006756 -0.019584 -0.013664 0.033486 -0.059588 0.000351 0.026203 0.007672 0.002461 -0.018055
0.007250 -0.001036 -0.021098 -0.022612 -0.022497 -0.054137 -0.029116 -0.067952 -0.010744 0.014515
-0.003614 0.033919 0.140866 0.000285 -0.041591 -0.065011 -0.041071 -0.006353 0.067722 -0.000948
-0.055579 0.065357 -0.005188 -0.029203 -0.010737 -0.000001 0.013729 -0.004672 0.013361 0.017060
0.024559 0.006843 -0.053445 -0.028237 -0.037264 0.007131 -0.003818 0.009028 0.035447 0.013989
0.004766 0.011667 0.019310 -0.018373 0.097389 0.091587 -0.002043 0.135773 0.017496 -0.005914
0.035706 -0.038117 -0.054943 -0.054988 0.082660 0.081455 0.055702 0.008815 -0.007292 0.041129
-0.100335 -0.113011 -0.056104 -0.145682 0.100781 -0.048382 -0.042000 -0.039054 0.080473 0.080652
0.014249 -0.051283 -0.056327 -0.035930 -0.098014 -0.061995 -0.049275 0.006065 0.034546 -0.044410
-0.015209 0.047043 -0.030261 -0.014762 0.089578 -0.031756 -0.000971 -0.008564 -0.014015 -0.012999
0.026289 0.051417 -0.016470 -0.081723 -0.095425 0.039835 -0.001269 -0.017552 0.083687 -0.024503
-0.071190 -0.043539 -0.072216 -0.003989 -0.037335 -0.079090 -0.088418 -0.041219 -0.043874 0.012843
0.012017 0.014617 0.015767 0.038630 0.075965 0.027985 0.012352 -0.011437 0.023745 0.032627
-0.036197 0.040906 -0.006210 0.048293 0.004195 -0.036354 -0.085338 -0.106405 -0.061638 0.009384
-0.016068 0.030440 0.077304 0.079536 -0.079357 0.000954 0.050614 -0.059897 -0.071457 -0.021948
0.005953 -0.031042 -0.003049 0.091498 -0.056907 -0.044075 -0.015967 -0.003978 -0.006131 0.033519
0.007258 0.027739 -0.073510 0.066146 0.019795 -0.125151 -0.045436 0.017797 0.024883 0.012542
-0.009897 0.117206 -0.018601 -0.042937 0.019471 0.036688 -0.005303 0.002396 0.022305 -0.033519
-0.051997 0.047177 0.087972 0.021100 0.045258 0.075296 -0.008904 -0.019884 0.019203 0.044030
0.073868 -0.027985 0.016838 -0.018612 0.043897 0.021089 -0.039679 0.041397 -0.004826 0.044856
0.018534 -0.036510 0.070386 0.028878 0.063245 0.021814 -0.012207 0.022350 -0.092837 -0.021792
0.116224 -0.079536 0.039054 0.032337 0.016905 -0.079536 0.019471 -0.041620 0.042223 -0.073153
0.018623 -0.075876 -0.028364 -0.018790 -0.044254 -0.058335 -0.024548 0.044655 -0.030507 -0.106405
0.008257 0.059273 0.027315 -0.013568 -0.061638 0.037759 -0.007973 -0.000645 -0.032917 0.043897
0.039299 0.040817 0.076903 0.010924 -0.134256 -0.042736 -0.044923 -0.083821 -0.002720 0.006996
0.041687 0.050569 -0.089801 0.059139 0.162375 -0.044811 -0.026177 0.056238 0.024727 0.022160
-0.056238 0.063290 -0.082035 -0.000573 0.040571 0.035081 -0.018143 0.019426 0.015700 -0.060612
0.017797 0.184423 0.071234 -0.033564 -0.017641 0.061103 -0.031065 -0.055523 -0.057978 0.012944
0.014026 0.060165 -0.019560 0.039322 0.045503 -0.004625 -0.038117 0.065923 0.006371 -0.026266
-0.050123 0.066637 0.054050 0.039366 0.013803 -0.038139 0.060031 0.013970 -0.052265 -0.029011
-0.120687 -0.043272 0.023477 -0.080473 -0.068021 -0.023075 -0.001219 -0.031913 0.055970 -0.171123
-0.098192 0.028721 -0.057844 -0.039322 -0.002915 0.009786 0.164874 0.056014 -0.058558 -0.060388
-0.057710 -0.031332 -0.043406 0.011560 0.060031 -0.148896 0.009122 0.073198 -0.017786 0.032917
-0.057576 -0.004477 -0.084133 0.070922 0.057978 0.015410 0.009847 -0.033966 -0.045749 -0.013011
-0.027985 0.009936 0.029309 -0.047532 -0.035080 0.067494 -0.002211 0.030203 -0.027229 -0.009103
-0.023636 -0.020255 -0.037096 -0.005771 0.026627 0.012216 0.007526 0.003143 -0.037486 -0.025457
-0.009713 -0.069445 -0.040770 -0.002739 -0.099096 -0.104948 0.009623 -0.056115 -0.013362 -0.048898
-0.008303 0.023555 -0.036316 -0.064666 0.046589 -0.009006 -0.009493 0.016540 -0.039209 0.025505
-0.000841 -0.030463 -0.040510 -0.024156 -0.001994 -0.014378 -0.003261 0.035633 0.037746 0.025538
0.011972 0.084140 0.054587 0.000456 -0.015971 -0.005681 0.021653 -0.032414 0.014281 0.037518
-0.001494 0.068535 -0.004064 -0.001289 0.070290 0.035373 -0.010444 0.001793 0.101371 -0.016841
-0.015313 0.034235 0.049970 -0.007913 0.014232 0.026237 0.043013 0.009997 0.087716 0.057383
-0.015467 0.050816 0.045711 -0.003907 -0.008843 -0.013817 -0.039924 -0.100201 -0.044541 0.003164
-0.007778 -0.047077 0.002396 -0.047695 -0.024498 -0.017963 -0.014248 0.037779 0.036413 -0.028789
-0.013070 0.063235 0.037876 0.026497 0.017654 0.029228 0.062487 -0.004042 -0.032902 0.058651
-0.029065 0.027976 0.047337 0.016386 -0.006454 -0.086871 0.033276 0.045874 -0.019036 0.069770
0.000356 -0.015443 0.075492 -0.010509 -0.069120 0.038006 -0.001196 -0.057806 -0.019605 -0.043273
-0.036933 0.064373 0.032772 0.021279 0.060959 0.019182 -0.017443 0.026367 -0.021913 -0.007177
0.000730 0.083555 0.151114 0.015443 0.051271 0.037583 0.032008 0.060342 -0.013582 0.032918
-0.056635 -0.063040 0.022986 -0.019670 -0.035503 -0.074712 -0.058846 0.035340 -0.028643 -0.070680
-0.037909 -0.003637 -0.003446 0.025749 -0.050165 -0.001468 0.002024 -0.014094 0.079654 -0.042948
-0.030122 0.042883 0.025050 -0.060764 -0.034235 -0.026562 -0.054327 -0.070615 -0.042363 0.033682
0.046719 0.028692 0.030122 0.036998 0.051954 0.018044 0.043110 0.046004 0.011054 -0.027066
0.041875 0.014411 0.003456 -0.012354 -0.042753 -0.023295 0.063788 -0.016101 -0.041387 0.033422
0.008156 -0.057936 -0.024059 0.090122 -0.032008 0.013192 0.078743 -0.004332 -0.024042 0.015224
-0.045191 0.004044 0.053774 0.040542 -0.005401 -0.032105 0.000343 -0.024010 -0.017312 -0.017247
-0.037779 -0.032999 0.025749 0.024693 0.041225 -0.085636 0.063918 -0.022547 0.002877 -0.022758
-0.018434 -0.033845 -0.036608 -0.021311 -0.023961 -0.052669 0.007937 0.027115 0.071851 0.036185
-0.039209 -0.028269 0.043338 0.001623 -0.072761 0.031650 0.061447 0.035828 0.006689 -0.032268
0.008551 0.009331 -0.020872 -0.058196 0.001798 -0.054945 -0.072046 -0.048605 -0.056765 -0.026741
0.007319 0.011574 0.023603 -0.099291 -0.126665 -0.075492 -0.072631 -0.162428 -0.031390 -0.017199
-0.048442 -0.083945 -0.041940 -0.116132 -0.036446 0.046914 -0.018353 -0.098965 -0.021539 0.059301
0.041452 0.022417 0.042135 0.006836 0.075362 0.040152 -0.022140 0.055953 0.048410 0.004889
-0.034294 0.003348 0.014006 -0.034897 -0.136773 -0.098133 -0.072708 -0.064417 0.015991 0.029771
-0.003998 0.009704 -0.000524 0.038514 0.020011 0.066879 0.035952 -0.006840 -0.016745 0.119890
-0.084214 -0.154560 -0.168830 0.109237 -0.074366 -0.060699 0.026329 -0.051654 -0.061101 -0.011720
-0.082807 -0.136773 -0.110443 -0.024018 -0.030098 -0.011626 0.081350 0.159384 0.004657 0.028088
0.082255 -0.008580 -0.031178 -0.013491 -0.052558 -0.060699 -0.076124 -0.003674 -0.004324 -0.071150
0.036178 -0.008712 -0.036881 -0.021732 -0.063864 0.030475 0.046529 0.011695 0.051177 0.004230
0.020865 -0.021456 -0.020928 -0.024056 0.023026 0.035701 -0.014647 0.006727 0.052307 0.017034
-0.061301 -0.043966 -0.004444 -0.030500 0.010508 -0.077833 0.009220 0.113659 -0.098786 -0.036982
0.033037 -0.042685 0.018591 -0.016079 -0.103107 -0.048363 0.022586 -0.081853 -0.043489 0.013516
0.074768 0.021581 0.032912 -0.009660 0.033213 0.020626 -0.024533 -0.055875 -0.062608 0.086676
0.066527 0.075170 0.075270 -0.101147 -0.056277 0.037434 0.021996 -0.008994 -0.001180 -0.075270
-0.065372 0.023629 -0.071552 -0.037158 -0.006633 -0.001737 0.008065 0.022636 0.028792 0.002946
-0.015501 -0.097278 -0.068085 -0.048539 -0.032007 -0.026103 -0.006193 -0.143305 -0.106926 0.031731
-0.097027 -0.061854 0.041605 0.006934 0.067633 -0.012876 0.041027 0.015639 0.053614 -0.009327
-0.097580 -0.018152 -0.035876 -0.084264 -0.046026 -0.069040 0.038263 0.001738 0.025639 0.018076
0.026229 0.013567 0.030877 0.004387 0.056428 -0.009786 -0.003564 0.002985 0.029294 -0.030073
-0.034545 0.014421 0.016029 0.014748 -0.060598 -0.029922 -0.066979 -0.056478 -0.053614 -0.021305
-0.066477 0.022712 0.009227 0.035299 -0.005141 0.070145 0.051001 0.007003 0.102203 0.056980
0.088887 -0.013818 -0.073210 0.114965 -0.066075 -0.051855 0.017134 -0.037308 -0.039695 -0.023277
-0.105720 0.013441 -0.025928 -0.008988 0.068135 -0.043564 -0.031957 0.012417 -0.011846 -0.069643
0.007110 -0.093359 0.046227 0.172850 -0.041127 -0.039595 0.065874 -0.056980 -0.052910 -0.057131
-0.026556 -0.121900 -0.055674 0.008171 -0.000934 -0.042911 -0.086224 -0.137979 0.040097 0.097479
-0.028892 0.000424 0.018240 0.007009 -0.002704 0.023465 0.009026 -0.030299 -0.065673 -0.034294
0.063110 0.065221 0.039570 -0.031505 -0.032158 0.016946 0.009591 0.058588 -0.046227 -0.009673
-0.037509 -0.068437 0.032259 -0.032661 -0.014785 0.112353 0.011569 0.036907 0.059141 -0.037886
-0.053362 0.052558 0.019081 0.052307 -0.024244 -0.082405 -0.022134 0.020614 -0.023830 0.015275
0.006538 0.061352 -0.060849 -0.025613 0.214857 -0.050724 -0.024533 0.070848 -0.058588 -0.062658
0.028741 -0.016908 0.001796 -0.055222 -0.009070 0.032284 -0.003787 -0.057231 0.002176 -0.030274
0.028164 0.078134 -0.054016 -0.004324 0.027460 0.038188 -0.008209 -0.080345 -0.003790 0.015383
0.011650 -0.000137 0.032116 0.038525 -0.001100 0.008479 -0.025594 -0.001009 0.020039 0.003222
0.026358 0.017497 0.058339 0.011464 0.014034 0.028045 0.039470 -0.016485 -0.010627 0.003795
-0.137819 -0.141328 0.042889 -0.049658 -0.047589 -0.053077 -0.049208 -0.020410 -0.061893 -0.037199
0.023412 0.023007 0.034792 0.073542 0.046959 0.039380 -0.011093 0.020927 0.008456 0.014798
-0.003438 0.021332 0.032701 0.018914 -0.015957 -0.033308 0.006871 0.028158 0.002749 -0.008810
-0.015788 -0.018363 -0.012257 -0.049973 0.013123 -0.024447 0.013325 0.034095 -0.033600 -0.000004
0.005665 -0.035287 -0.013359 0.014394 -0.021939 -0.083978 0.015215 0.032498 -0.037176 -0.002190
-0.001139 -0.003632 0.041854 -0.007810 -0.023480 0.068685 -0.046959 -0.031059 -0.017722 0.039020
0.028652 0.045205 -0.012257 -0.017868 -0.037761 0.033150 0.032296 0.017981 -0.001730 -0.030721
0.009412 0.004234 -0.041652 -0.014529 -0.007686 -0.051097 -0.065221 0.017081 -0.032791 -0.047184
0.051772 -0.007916 0.013168 -0.018790 -0.024402 0.028090 -0.000092 0.056990 -0.000812 -0.009598
0.021276 -0.016170 0.030519 0.041921 0.058384 -0.003553 -0.024852 -0.043181 0.036254 -0.067470
-0.068955 -0.006561 -0.039313 -0.018768 -0.046509 -0.050153 0.020905 0.031509 -0.001921 0.060498
0.020005 -0.013292 0.016879 -0.002281 0.032678 0.028225 0.063332 0.103994 0.024402 0.014011
0.030497 -0.012133 0.004782 0.041562 0.088656 0.016317 -0.006263 -0.024087 0.016834 0.007815
-0.004681 0.026066 0.047004 0.038480 -0.002293 -0.010199 0.020927 0.039830 0.018554 0.012302
-0.054471 -0.044238 -0.026178 -0.045722 -0.073228 -0.013888 0.011953 0.011875 0.011594 0.010469
0.004096 0.022051 0.016238 -0.011312 0.005313 -0.022603 -0.026741 -0.027393 -0.037199 0.021568
0.010767 -0.047139 -0.016643 -0.017891 -0.009457 0.009912 0.005333 0.011020 0.045857 0.043631
-0.047859 0.010508 -0.014000 -0.008580 0.018498 0.000574 -0.042551 -0.018633 0.023502 -0.060228
-0.039875 0.099766 0.034072 -0.015923 -0.006072 0.035557 0.009491 -0.004163 0.019083 -0.027753
-0.015361 -0.031711 -0.029754 -0.069854 -0.047724 -0.028135 -0.019881 -0.025684 0.028450 0.016676
-0.025571 -0.000992 0.006635 -0.030159 -0.008496 -0.016317 -0.082494 -0.070349 0.002160 -0.007006
-0.014315 0.033420 0.022558 0.014304 0.041022 -0.023749 0.031216 -0.016260 -0.009384 -0.044013
-0.054246 0.022096 0.017284 0.019409 0.006725 0.012831 0.011037 -0.026111 0.000188 0.008597
0.009581 0.001559 -0.014529 0.024582 -0.073273 -0.044733 0.027213 -0.006859 0.007607 -0.069044
-0.038773 -0.044058 -0.021770 0.056000 0.056360 0.018138 0.016440 -0.009727 0.004152 -0.063737
-0.047589 0.015721 -0.132421 -0.055640 -0.005204 -0.045115 -0.022175 -0.020477 -0.017182 -0.018026
-0.027303 -0.062477 -0.026471 0.010672 -0.025684 0.003306 
