0.165944 -0.045290 0.035640 0.101251 -0.141129 0.062905 -0.269390 -0.043120 0.272250 -0.014450
0.003715 0.110084 -0.058667 -0.175849 0.068726 0.208425 0.063876 0.239367 -0.289610 -0.204238
-0.015101 0.109574 -0.187389 0.033444 0.024534 -0.029793 -0.035155 0.061680 0.085729 -0.090273
0.286342 -0.273883 0.009063 0.153791 0.028491 -0.049655 -0.091243 -0.066173 -0.091499 0.183712
-0.037171 0.087976 -0.004398 0.172275 0.034491 -0.056523 -0.082819 0.004554 0.017960 0.006919
-0.024202 -0.046081 -0.132142 -0.056421 0.139597 -0.091499 -0.104570 -0.261016 -0.110391 -0.099209
-0.214246 -0.124381 -0.070411 -0.178198 0.044459 -0.027058 0.107638 0.118580 0.102365 -0.027668
-0.016182 0.069605 -0.013109 0.040142 0.141716 -0.125633 -0.197875 -0.008379 0.006917 -0.016371
-0.086150 0.171641 -0.142770 -0.130115 0.008536 -0.019544 0.187987 -0.036714 -0.010414 0.008054
-0.018291 -0.000817 -0.078768 -0.033979 -0.053127 -0.052072 0.000895 -0.009228 0.057807 0.124182
0.116273 -0.147384 -0.042679 -0.054841 -0.086018 0.194183 -0.082920 0.012548 -0.058005 0.057840
0.003242 -0.022230 0.064200 0.050227 0.027503 -0.109615 -0.115614 0.030205 -0.055401 -0.000759
0.122798 0.141320 -0.084700 -0.002847 -0.075670 -0.083250 0.043569 -0.001707 -0.138025 -0.274125
-0.250800 -0.123688 0.000148 0.297664 -0.123795 -0.169268 -0.024168 -0.012171 0.041702 -0.033677
-0.027110 0.136099 -0.091963 -0.061844 -0.244594 -0.067408 0.213672 -0.118445 -0.100737 -0.008279
-0.056976 0.019513 -0.081799 -0.107852 -0.102984 -0.015635 -0.215919 0.060613 -0.015929 -0.088700
0.092338 -0.150544 -0.072330 -0.084313 -0.061362 0.310504 0.094264 0.095173 -0.006637 -0.013856
-0.099025 0.314784 -0.006012 0.088968 -0.246306 0.011515 -0.196659 0.081799 0.008292 -0.142305
-0.044698 0.100042 0.170873 0.101379 0.027271 -0.051599 0.119515 -0.045500 0.020383 0.166807
0.064091 0.053231 -0.384027 -0.082751 -0.243468 0.222761 0.032394 0.153579 0.016060 -0.021433
-0.095850 -0.095693 -0.111694 0.226055 0.012530 -0.160325 0.023688 -0.386851 0.070201 -0.148481
0.015089 0.181974 0.482544 -0.481603 0.125734 0.045258 -0.008403 -0.149893 0.038513 -0.224016
0.130519 -0.098830 0.049611 0.047141 0.060671 -0.280177 -0.251782 -0.092948 -0.482230 0.042356
0.030394 -0.232016 0.037218 0.240174 0.014168 -0.159619 0.005402 0.048592 0.031943 -0.027727
-0.045023 0.041258 0.000158 0.176954 0.002743 -0.331631 -0.112714 -0.044199 -0.249429 0.041532
0.110282 0.072397 -0.189974 0.051298 -0.112086 -0.070593 -0.064954 0.204096 0.211419 0.190829
-0.150816 0.012557 -0.005045 0.059753 -0.037253 0.304392 -0.102154 -0.024238 0.083315 0.040888
-0.051608 -0.113776 -0.141901 -0.026175 0.167798 -0.149118 -0.076416 0.211950 -0.058745 -0.002869
0.065909 0.149861 -0.077053 0.080662 0.104224 -0.149861 -0.204520 -0.056198 0.070048 0.114519
-0.148800 0.068881 0.142007 -0.144873 -0.114625 0.018202 0.106187 0.043143 0.021359 -0.159519
-0.128316 -0.271703 -0.125344 0.096847 -0.047415 -0.032265 0.048026 0.103958 -0.056941 -0.001493
-0.217999 -0.282741 -0.263849 0.143493 -0.081935 0.119719 0.193164 -0.062460 -0.132455 -0.350030
-0.250580 0.150297 0.012557 0.149787 -0.090501 0.054097 0.106407 0.234419 0.055713 -0.127332
0.175389 0.106067 0.020191 -0.043422 0.035320 -0.011472 0.129798 -0.069662 -0.146640 0.188488
-0.146555 -0.056011 0.247688 0.035193 0.189169 -0.093053 0.021084 -0.039339 0.245307 -0.085738
-0.046314 -0.109214 0.033640 0.070173 0.052183 -0.023518 0.052013 -0.189339 -0.076467 0.076595
-0.101899 -0.034427 0.066558 -0.048525 0.065792 -0.057414 -0.045463 0.011323 -0.025794 -0.001035
0.018022 -0.042082 0.136433 -0.012897 -0.005561 0.017947 -0.251771 -0.013269 0.008575 0.024241
-0.111256 -0.199716 -0.068557 -0.076722 -0.279938 -0.147263 0.146748 0.115940 -0.156446 -0.018472
-0.139969 -0.020843 0.011135 -0.094743 -0.104869 0.113880 0.199955 -0.252476 -0.038446 -0.117914
-0.016842 -0.132331 0.196179 -0.007472 0.162024 -0.247842 -0.215231 -0.093198 0.105384 0.024072
-0.284400 0.015855 0.268781 0.031066 0.140741 -0.024973 -0.088564 0.064406 -0.128126 -0.005358
-0.260543 -0.191030 0.037009 -0.016938 -0.183307 0.191717 0.173438 0.393046 0.082986 0.352540
0.108560 0.208366 0.162968 0.122376 -0.183822 -0.051534 -0.263117 -0.079939 -0.068139 -0.280624
0.060888 -0.199612 0.045784 0.055052 -0.156789 -0.007986 0.048358 -0.142972 0.140964 -0.179766
-0.158504 0.064635 0.040025 -0.158823 -0.136605 -0.012445 -0.033646 -0.061711 0.277250 0.252799
-0.006212 0.055386 -0.029633 0.118958 -0.273210 0.101364 0.119596 -0.128951 -0.044038 0.187314
-0.107902 0.107317 -0.285329 0.211764 0.028198 0.111835 -0.061552 0.154677 -0.041141 -0.104925
-0.108487 0.059001 -0.219844 -0.056821 0.175195 -0.172431 0.104447 0.097378 -0.069738 -0.083611
-0.171049 -0.132246 0.097324 0.002952 -0.326576 -0.077232 -0.161162 -0.014245 -0.083823 -0.048024
-0.073352 0.253012 0.048184 -0.002218 0.149362 -0.053818 0.065592 -0.205280 -0.025354 0.111410
0.000539 0.064954 0.245461 0.152606 0.003103 -0.127433 0.195115 -0.042693 -0.224437 0.014615
-0.028354 0.058461 0.169942 0.145598 -0.123653 -0.189767 0.077364 -0.169388 -0.075335 0.140619
0.026464 0.000766 -0.088936 0.261505 0.225913 0.033334 -0.066898 0.055141 0.198434 0.145506
0.005573 0.008449 0.084418 -0.274046 -0.016448 0.048640 0.127156 0.316831 0.041241 -0.192717
0.037460 -0.087599 -0.106409 -0.071600 -0.053896 -0.041563 -0.112219 -0.124206 0.093039 0.027478
-0.171878 0.095160 -0.006374 0.238453 -0.267776 0.100324 -0.013359 0.075704 0.137392 -0.163118
-0.230892 0.064316 -0.038428 -0.139051 0.127341 -0.205811 -0.014322 0.315723 -0.010503 -0.127858
0.157173 -0.028610 -0.061004 0.015088 0.071017 -0.134395 -0.121114 -0.095997 0.098612 -0.079275
-0.106319 0.061108 -0.040670 0.067645 -0.121114 0.032291 -0.013058 0.189791 0.137286 0.028937
-0.234108 -0.130404 -0.122628 0.147814 0.176717 0.034442 -0.146576 0.076797 0.153320 0.013092
-0.098061 0.026201 -0.237274 -0.358388 -0.084436 0.209335 0.033496 0.095584 -0.028042 -0.072049
0.035681 0.086294 -0.004094 0.086707 0.259983 -0.022640 0.156760 0.274434 -0.125312 -0.120908
-0.273470 0.103704 -0.103291 0.074320 -0.062415 0.136942 0.088702 -0.061796 0.165431 0.121802
-0.075293 0.054338 0.035695 0.118638 0.009743 0.347658 0.051332 -0.040451 0.011077 -0.088844
-0.129407 0.065915 0.055011 -0.108318 -0.076325 -0.079286 -0.137035 -0.024455 -0.138561 -0.057031
-0.219507 -0.010023 -0.154983 -0.040653 -0.035066 -0.089562 0.108587 -0.027461 0.043883 -0.036278
-0.052992 0.037916 -0.130394 0.017601 0.095395 0.012025 -0.048909 -0.194739 0.026362 -0.019979
-0.067710 0.041999 -0.048281 0.037714 0.153547 -0.015503 -0.108138 0.145830 0.083998 -0.003262
-0.025823 0.181188 -0.112715 -0.175444 0.017791 0.072825 -0.079511 0.067351 -0.052499 -0.104459
-0.083190 -0.114061 0.060037 -0.127881 -0.031582 -0.041629 0.005019 0.013873 -0.138500 -0.005834
-0.057402 -0.030142 0.037596 0.039576 0.093990 0.109835 0.002692 0.065181 0.131441 0.008616
-0.143829 0.134394 -0.105585 -0.180345 -0.054233 0.008337 -0.103281 -0.339947 -0.015530 -0.167525
-0.046743 -0.051676 0.099535 -0.050488 0.276279 -0.136987 0.484857 0.174439 -0.126400 -0.146998
-0.113508 -0.068133 -0.180201 0.130217 0.081674 0.081962 0.006279 0.125320 0.007139 0.078937
0.071302 0.027513 -0.076416 0.333897 -0.562641 -0.075336 0.002438 -0.001891 0.134610 0.053549
-0.159890 0.018798 -0.063812 -0.023677 0.201520 -0.126184 -0.063560 0.008152 -0.353845 0.041784
-0.132027 0.314269 -0.111494 -0.213945 -0.225329 -0.127665 0.205754 0.032980 -0.322354 0.071226
-0.009030 -0.199264 0.177029 0.165113 -0.200860 -0.272139 -0.159688 -0.160964 0.100643 -0.242776
0.120643 -0.013937 -0.146921 0.209158 0.306609 -0.096547 0.187880 0.121814 -0.282991 0.080376
-0.002877 -0.337887 0.456190 0.048539 -0.124899 -0.024961 0.052928 0.088248 -0.269586 0.217669
-0.043060 0.077291 -0.169688 0.023392 -0.198945 -0.358739 -0.464275 -0.052236 -0.092770 -0.017913
-0.058407 -0.265331 0.058779 -0.298949 -0.347462 0.011330 0.129474 -0.177986 -0.164156 -0.198094
-0.325759 -0.035986 0.052747 0.013164 0.112304 0.056481 0.088470 0.226759 0.030734 -0.040501
-0.061827 0.002130 0.003314 0.304178 0.132854 0.031541 -0.023775 -0.076403 0.003188 0.047102
0.034826 -0.071385 -0.055555 0.150894 0.070668 0.347905 -0.014703 -0.088051 0.195696 -0.043697
0.046445 0.035872 0.064575 -0.070011 0.238468 0.173594 0.010237 -0.071445 0.123296 -0.048924
-0.016353 -0.113858 -0.037126 0.066546 -0.173355 0.060782 0.007855 -0.106570 0.050447 -0.146115
0.075328 -0.625559 -0.306567 0.130106 -0.040143 -0.002632 -0.147310 -0.073774 0.119831 -0.036947
0.041995 0.098266 -0.054898 -0.102508 -0.004099 0.038888 0.169888 -0.140043 0.070562 -0.299533
-0.149361 0.147876 -0.097706 -0.122757 0.153818 -0.112629 0.112966 0.107834 -0.007280 -0.401628
0.252536 -0.102095 0.437010 0.095275 0.086497 0.092709 -0.280896 0.166242 0.021557 0.099327
0.038151 0.146795 -0.023144 -0.051723 -0.007824 0.162461 -0.069414 -0.143149 0.119178 -0.093587
-0.121609 0.046085 -0.038556 -0.109522 0.097571 -0.137545 -0.105336 0.172589 0.141393 0.242813
0.193926 -0.111413 -0.120664 0.091089 -0.195682 0.014517 -0.019649 0.060264 -0.050845 0.062729
-0.305745 0.151792 -0.123635 -0.123972 -0.142069 -0.052364 -0.252807 0.096355 0.242678 0.019582
-0.062369 -0.005991 0.064400 0.042540 -0.019128 -0.068795 0.037610 0.022175 -0.069607 0.066948
-0.134561 -0.011078 0.071970 0.049076 0.050110 -0.133675 0.135152 -0.021270 0.058086 0.013728
-0.112700 0.006167 0.105241 -0.015860 -0.036354 -0.287142 -0.031148 0.007492 0.010967 0.020494
0.150292 0.076660 -0.123926 -0.040693 0.068462 0.136334 -0.058160 0.023836 0.070013 -0.009075
-0.073890 -0.064954 0.023652 -0.046306 -0.002008 0.082937 0.043795 0.076438 0.039032 -0.013174
-0.030982 -0.129244 -0.005978 -0.165136 -0.053433 -0.090544 0.076734 -0.004491 -0.019700 0.010293
-0.127323 -0.058677 -0.001078 -0.134856 0.002724 0.013330 -0.199391 0.356820 -0.069599 -0.089856
0.045434 0.061894 -0.156995 -0.077050 -0.037331 0.065800 0.048943 0.028722 -0.164230 0.311385
-0.189696 0.127766 0.242076 -0.355951 0.034655 0.167268 -0.126030 -0.051801 -0.296047 -0.246272
0.114527 -0.274343 0.183329 -0.064281 -0.241787 0.087107 -0.060519 -0.121834 0.285919 -0.248587
-0.087975 -0.073759 -0.030513 -0.049703 0.069852 -0.006068 -0.239906 -0.174503 0.030694 -0.405727
0.039357 0.119302 0.044458 0.053718 -0.177976 0.021578 -0.077485 0.026986 -0.288089 -0.093039
0.035649 -0.203298 -0.215886 0.132614 0.031833 -0.074735 0.070973 0.057444 0.045792 -0.044459
0.003669 0.053876 0.342004 0.033855 -0.608008 0.127085 -0.380005 0.045417 -0.135085 -0.130085
0.112668 -0.155502 -0.170335 0.197002 0.311837 0.074918 0.190669 -0.033563 -0.060292 -0.120668
0.366005 -0.021417 -0.024063 0.085418 -0.097335 -0.366671 0.001195 -0.257837 0.153585 -0.208169
0.186669 0.086918 -0.150919 0.132168 0.125168 -0.201336 -0.015938 -0.137252 -0.312171 0.030792
-0.131835 0.361671 -0.143168 -0.106585 -0.053917 0.097918 -0.069334 0.029542 0.091751 0.111918
-0.273337 -0.009078 0.288337 -0.004828 0.219669 0.037209 -0.176002 0.006521 -0.000924 -0.129502
-0.184002 -0.142585 -0.233686 -0.069672 0.033494 -0.013444 -0.132842 0.006954 0.080717 -0.361883
0.102909 -0.059712 -0.087477 0.142338 0.114263 -0.050706 -0.230589 0.071530 0.011896 -0.207262
0.050448 0.061415 0.325963 0.007625 -0.024076 -0.058938 0.059144 -0.007503 -0.215107 -0.071014
-0.053467 0.050164 -0.154208 0.204578 0.123346 0.085619 -0.173097 -0.283231 -0.156479 0.011496
-0.084742 0.181148 0.343510 0.047893 0.078807 0.075246 0.100018 -0.017199 -0.076020 -0.155137
-0.097180 0.042603 0.208088 0.109721 0.167110 0.058009 0.087787 -0.017766 -0.153176 -0.214075
0.187444 -0.046139 0.231415 0.199830 -0.230383 0.218823 0.003401 -0.004304 0.054288 0.039168
-0.008927 0.128818 0.085582 0.052102 0.063680 -0.240471 -0.017408 -0.082303 -0.089954 0.005491
0.022124 -0.012955 -0.176346 -0.084206 0.000901 -0.151246 -0.148736 0.108010 -0.112139 0.551546
-0.151246 0.135700 0.100399 0.000134 0.064935 -0.012196 -0.036880 -0.303950 0.419084 -0.032873
0.025039 0.031010 0.066838 -0.181528 -0.129142 -0.122179 -0.021254 0.068700 -0.098375 -0.155942
0.240957 0.109143 -0.018653 0.081817 0.002497 0.430420 -0.446613 0.140639 -0.081453 -0.068457
-0.049835 0.225412 -0.111248 0.095460 -0.084367 -0.052993 -0.108657 0.059673 -0.028622 0.143068
-0.028147 0.025262 -0.091559 0.151156 -0.183877 0.013068 0.192684 0.174767 -0.453695 0.089661
0.042325 0.069466 -0.302312 -0.020157 0.058003 -0.206957 -0.385064 -0.163986 0.053182 -0.155483
0.202705 -0.233984 -0.028033 -0.031962 0.127393 0.110235 -0.030045 -0.038055 -0.030747 0.304893
0.059559 -0.189799 -0.082904 0.145538 0.135668 -0.042553 0.192077 -0.205135 0.074401 0.360162
-0.230947 -0.168541 0.082600 0.173248 -0.085258 -0.049500 -0.021865 -0.268603 0.151763 0.166871
0.100290 0.136048 -0.121016 -0.031867 -0.340423 -0.030254 0.088598 -0.369880 0.020992 -0.084650
0.034980 -0.275740 0.281206 -0.145158 -0.047898 -0.083254 0.019390 -0.008754 -0.105694 -0.000193
0.012839 -0.143185 -0.044237 -0.078101 -0.166371 0.113694 -0.019237 0.066576 -0.105897 0.368539
0.042644 -0.149422 -0.008390 0.036474 -0.058508 -0.128541 0.050169 0.010746 0.039356 -0.073084
-0.064237 -0.000902 -0.088338 0.287455 -0.107118 0.015152 -0.015991 -0.091931 0.024203 -0.006449
-0.059457 -0.084948 -0.083525 -0.030186 -0.045728 0.089084 0.013695 0.081694 -0.040101 -0.087864
-0.045525 -0.067355 0.006881 0.038237 -0.070847 0.174507 0.045356 -0.058508 -0.130846 -0.051220
-0.110440 0.036169 0.074304 -0.059762 -0.058305 -0.074779 -0.081491 0.027559 0.054956 -0.005393
-0.005646 -0.008682 0.102337 0.192219 -0.059248 -0.048363 -0.086571 -0.099588 0.095436 0.102562
-0.009896 0.022302 0.023691 0.059360 0.086403 0.174377 0.180998 -0.095717 -0.046091 0.174265
-0.094146 -0.362668 -0.088535 -0.060594 0.220496 -0.003854 0.005351 -0.106040 0.149354 -0.155862
-0.414735 0.209275 0.074396 -0.069291 0.105984 -0.164615 -0.017561 -0.027534 -0.037703 0.060931
-0.092350 0.005498 0.139704 -0.041266 0.005123 -0.037170 -0.034225 0.316886 0.346510 0.076977
-0.134430 0.048868 -0.028642 0.084552 0.010702 0.030017 -0.070637 0.113222 0.029596 -0.051898
0.084327 0.137572 -0.011874 0.009419 0.123251 0.101103 -0.153493 0.033609 0.006972 0.063060
-0.002644 -0.018019 -0.026453 0.258864 0.001805 0.000095 0.008011 0.055224 -0.251505 0.154376
-0.106621 -0.264750 -0.053200 -0.010577 0.102059 0.212507 -0.020842 -0.222514 0.024153 -0.024889
0.051361 0.071375 0.202941 -0.174832 -0.585423 0.108019 -0.066482 -0.168357 -0.150256 -0.101912
-0.070124 0.024356 0.131786 0.031843 0.075017 0.058277 0.011019 0.021026 0.055518 0.147312
0.098380 -0.512429 0.513312 -0.088299 -0.070566 0.074024 0.040544 0.222219 0.120602 0.054304
-0.073399 0.018469 0.053679 -0.201322 -0.089182 -0.027262 -0.058235 -0.124920 0.053235 0.007548
0.026019 0.020755 -0.158861 -0.045208 -0.015016 -0.067248 -0.020351 0.043694 0.053728 -0.116259
-0.093021 0.167875 0.019013 -0.062284 -0.165481 0.074149 -0.062742 -0.037744 -0.034628 -0.032603
0.138229 0.058974 0.009542 -0.136469 -0.000247 -0.055383 -0.013106 0.004934 -0.053200 0.005950
0.023009 0.008278 -0.135060 0.034135 0.017684 -0.077318 0.007755 0.088444 0.146609 -0.031107
0.065911 0.194492 0.045102 0.045912 -0.058798 0.011531 -0.038096 0.254770 0.098091 0.040067
0.035068 -0.025209 0.021108 0.203224 0.065735 0.044539 -0.066615 -0.030385 -0.045278 0.015395
0.149673 -0.110642 -0.104401 -0.113286 -0.088535 0.075894 0.199600 -0.029644 -0.112652 0.150308
-0.099377 -0.156232 -0.045061 -0.032262 -0.171886 0.267826 -0.031363 0.107998 0.208697 -0.036334
-0.050852 -0.221707 -0.055533 -0.015536 -0.080443 -0.017480 0.126614 -0.031045 -0.090915 -0.227419
0.255556 -0.118152 -0.000078 -0.144279 -0.089117 -0.088482 -0.109902 0.239478 -0.017599 0.050535
-0.090439 0.192619 -0.081395 -0.247940 -0.092343 -0.007907 -0.104084 -0.029935 -0.152953 -0.058547
-0.024738 -0.016104 -0.019066 -0.086578 0.049900 -0.013566 0.045669 0.008317 -0.021089 -0.138990
-0.138038 0.337638 -0.013334 -0.287712 -0.073238 -0.233124 -0.165140 -0.081272 0.046507 -0.166870
-0.137205 -0.372059 -0.187760 0.071754 -0.309514 0.161555 -0.071383 0.318908 0.180838 -0.110629
-0.070642 -0.153397 -0.003401 -0.240911 0.012206 -0.094993 -0.127069 0.012114 -0.172927 0.104819
0.000851 0.249193 -0.194188 -0.116871 -0.058312 0.062175 0.101791 -0.109393 -0.044468 -0.081643
0.049289 0.303581 -0.044252 0.318908 0.229910 0.293939 -0.082323 0.079603 -0.166252 0.093138
-0.139429 -0.046847 -0.020720 -0.094374 0.095920 0.043973 0.097712 0.190603 0.044097 0.073361
0.119467 -0.081643 0.043417 -0.324594 0.178737 0.184917 -0.236462 0.138441 0.028489 0.057787
-0.017767 0.060596 0.005087 -0.182310 -0.037176 -0.048029 -0.023015 0.373189 0.004341 -0.126427
-0.073733 -0.014494 0.040603 0.105673 -0.128141 -0.029060 0.022622 -0.023812 0.025633 0.205444
0.094773 -0.100628 0.112813 -0.178407 0.086062 -0.013697 0.107387 0.070449 -0.055264 0.034177
0.032249 0.097581 -0.111861 0.079303 0.047101 -0.018921 0.265802 -0.031559 -0.065213 -0.002945
0.035938 0.001439 -0.054979 -0.137851 0.187832 -0.045482 0.261994 -0.031583 0.019457 0.301788
-0.070211 0.067831 -0.073257 -0.259138 -0.044578 0.028084 -0.121572 -0.001825 -0.129093 -0.219534
0.192402 -0.175361 -0.130609 0.120943 -0.011110 -0.013409 -0.041022 -0.057819 -0.151237 -0.094656
-0.050570 -0.146758 0.000433 -0.169626 0.118232 -0.054106 0.106739 -0.451237 -0.037633 0.132259
-0.062770 0.010742 -0.028585 0.281493 0.245422 -0.075324 0.076974 -0.267819 -0.010550 0.017137
0.214774 0.155835 0.052544 -0.171277 -0.019597 0.231984 -0.047210 0.025580 -0.206051 -0.173752
-0.106149 -0.042613 -0.217131 0.094067 0.080805 0.160550 0.215363 0.089293 0.050069 0.001888
0.152652 0.123654 0.048212 0.088644 -0.223261 0.128133 -0.026832 0.057200 -0.042053 -0.225383
-0.177288 0.313791 -0.221728 -0.017652 -0.164086 0.063477 -0.066379 -0.005298 -0.285255 0.094634
-0.128062 0.074537 -0.080865 -0.063355 -0.085561 -0.001940 -0.185288 0.110791 0.003803 0.142150
0.045367 -0.156476 0.131007 -0.122013 -0.022445 0.008088 0.121456 -0.011849 0.336512 0.030961
0.004743 0.141911 -0.106652 -0.089142 0.046720 -0.144697 0.032234 0.100603 0.077960 -0.055873
0.013988 -0.048352 -0.040791 -0.066658 -0.029389 0.039477 -0.018415 -0.042024 -0.034125 -0.049347
0.074298 0.037726 0.145652 -0.004614 0.182742 0.046999 -0.057704 -0.095191 0.029668 -0.101081
-0.046561 -0.055157 -0.005328 -0.059892 0.100126 0.043934 -0.026763 -0.070279 -0.027558 0.115805
0.057100 0.139876 0.039315 -0.005295 -0.067865 0.221448 0.079165 0.069136 -0.013623 -0.142818
-0.011835 0.002344 -0.152045 0.057535 -0.077159 0.192296 0.003955 0.067598 0.013138 -0.012629
0.031375 -0.016782 0.042625 -0.045567 -0.052253 0.113064 -0.073214 0.125701 0.018304 0.074284
-0.006252 -0.072078 0.009795 -0.042725 -0.070072 0.059708 -0.051985 -0.042859 -0.082842 0.035370
0.042324 -0.109186 -0.057167 -0.029687 0.051919 0.154987 -0.016289 0.000265 0.040987 0.045065
-0.000823 0.056198 -0.033047 0.068734 -0.060076 0.006201 0.134527 -0.148434 -0.051517 -0.046068
-0.007434 -0.047873 -0.024137 -0.046870 -0.060410 -0.075823 -0.061794 0.016403 0.115858 -0.054827
0.017095 -0.082981 -0.115572 -0.006997 -0.077398 0.282869 -0.198695 0.146874 0.071242 -0.001974
-0.022558 0.062367 -0.132654 -0.017119 0.018264 -0.059790 -0.214156 -0.010027 0.076252 0.126069
-0.225990 -0.005816 -0.035192 -0.090520 -0.023549 -0.007754 -0.117194 0.019361 0.028034 -0.175123
0.042349 0.029800 -0.089184 0.014828 0.043017 0.029728 0.026626 -0.093478 -0.118816 0.007796
0.001591 0.008828 0.105933 -0.008011 -0.170256 0.117480 0.084842 -0.042874 -0.099634 -0.090902
-0.117767 -0.105455 0.028607 -0.003319 0.075632 0.100684 -0.117194 -0.190583 
