0.351209 -0.362177 0.508335 -0.077371 -0.247491 -0.173458 -0.200640 -0.014365 -0.511196 0.132806
-0.467801 0.565081 0.258698 -0.449681 0.709094 0.447296 -0.870750 -0.367184 -0.259413 0.046256
0.419162 0.026227 0.600846 -0.036808 -0.208389 -0.121421 0.446343 -0.416062 -0.349063 0.504520
-0.089173 -0.620874 0.017540 -0.351924 -0.479485 0.085776 -0.657592 -0.119573 -0.601323 -0.808281
-0.506904 -0.438474 0.008584 -0.450634 -0.669514 -0.482823 -0.229609 0.045987 0.395557 0.101274
-0.161418 0.680959 -0.308768 -0.560313 0.200878 -0.469232 -0.199924 -0.006587 -0.187049 -0.176558
0.140197 -0.168928 -0.332373 -0.902699 0.216921 0.277796 0.467709 -0.057499 -0.474140 0.351532
-0.067788 -0.450133 0.185733 -0.514866 -0.124322 -0.039494 0.015339 0.326453 -0.189484 -0.142435
0.469853 -0.377683 0.160440 -0.704779 -0.246073 -0.032313 0.704779 0.093992 -0.128502 0.026271
-0.379183 -0.333527 -0.446703 0.377897 0.331383 -0.231711 0.344459 -0.688060 0.051310 0.122715
0.162905 0.572312 0.128502 0.239856 0.335456 0.105085 0.215635 -0.030277 -0.116713 0.187234
-0.488287 -0.096832 0.100905 0.079684 0.474997 0.057767 -0.362678 -0.937133 -0.142542 0.434057
0.551734 -0.076415 0.553878 -0.439844 -0.200952 -0.136219 -0.311449 -0.441130 0.394941 -0.058315
0.061867 -0.151880 -0.588095 -0.339729 0.034755 0.464002 0.064520 -0.077963 0.310414 -0.347462
-0.387388 -0.185061 -0.713268 -0.411127 0.237217 0.409689 0.060248 -0.042781 -0.685572 0.203765
0.036306 -0.207362 -0.269769 -0.174990 -0.253403 0.610756 0.581981 0.255561 0.104400 -0.047839
0.072703 -0.006379 -0.096487 -0.603203 -0.127511 -0.029675 -0.321744 0.038847 -0.124453 -0.018996
-0.226066 0.157275 0.268869 0.072972 0.220131 0.080211 0.310773 -0.001342 -0.013578 0.354296
-0.346383 0.403933 0.136953 0.486303 0.282538 -0.692766 -0.351239 -0.385589 0.167526 -0.103861
-0.504647 0.253403 0.923822 -0.295424 0.941014 0.296103 -0.086071 0.109992 0.190125 0.533844
0.472769 -0.167957 0.494485 0.276197 -0.682235 -0.229711 -0.388168 0.251540 0.197251 0.493127
0.104337 -0.312389 -0.466887 -0.539726 -0.376405 0.023172 0.173499 0.032460 -0.271899 0.346773
0.152349 -0.472316 -0.705308 0.067466 -0.142622 -0.727928 -0.463721 0.719785 0.158796 -0.484984
-0.262850 -0.424361 -0.460780 -0.267148 -0.017474 0.152688 0.019567 0.209127 -0.167279 0.149522
-0.555560 0.000532 -0.170106 0.011890 -0.369393 -0.365774 0.604420 0.255838 -0.089577 0.263077
-0.419611 -0.671377 -0.513938 -0.233896 -0.589943 0.280268 -0.610022 -0.112854 -0.254902 0.162963
0.133115 -0.390850 0.115142 -0.078813 -0.194118 -0.092266 -0.308932 0.281699 -0.713725 0.318954
0.037718 -0.139216 0.089706 0.506318 -0.550762 0.146623 0.595207 0.244226 0.161111 0.166231
0.364706 -0.067048 -0.094172 -0.636165 0.090468 -0.144989 -0.583006 0.532897 0.061111 -0.187364
-0.232462 0.454030 -0.432462 -0.369281 -0.038834 0.855337 -0.425490 -0.103922 -0.433551 0.292592
0.256863 -0.150871 -0.090087 -0.618300 -0.868845 -0.074946 0.093845 0.251416 -0.149020 -0.240523
0.361438 0.177233 -0.211874 0.191285 0.273638 0.593028 -0.211982 -0.090305 -0.694117 0.195098
-0.306224 -0.496212 -0.124881 -0.166446 -0.093017 -0.570147 -0.088051 -0.510926 0.026116 -0.260980
0.361400 0.373171 -0.676452 -0.209483 0.053428 -0.161113 -0.068418 -0.247922 0.424116 0.013254
0.566101 -0.026001 -0.495844 -0.060279 0.043842 0.003601 -0.016875 -0.338594 -0.073016 -0.344479
0.345031 -0.116880 -0.299603 -0.073751 0.287648 0.216656 -0.147043 -0.069429 -0.454646 -0.124697
-0.713604 0.388804 0.354227 0.139226 -0.262636 0.356986 0.375378 -0.489591 0.690798 -0.240381
-0.435887 -0.105201 0.059084 0.194954 -0.013851 -0.481131 -0.183367 -0.305856 -0.048233 0.072556
-0.247922 -0.200655 -0.104098 0.099040 0.493536 0.389366 0.028054 -0.413440 -0.234962 0.250703
0.477332 -0.287279 0.425246 -0.287279 -0.178131 0.389366 0.001114 -0.159728 -0.253250 -0.278019
0.204405 -0.393532 0.096415 0.193757 0.055008 -0.313205 -0.360429 0.029081 -0.032177 -0.360892
-0.482887 0.358577 -0.120143 -0.092017 0.391912 -0.657893 0.464831 -0.498166 -0.350244 -0.160191
-0.617614 0.178363 -0.215401 0.182414 0.634282 0.574094 -0.458349 -0.134611 -0.046211 0.120606
0.512981 0.351633 -0.465063 0.381032 0.531963 -1.045407 -0.571779 0.284732 -0.437284 0.150237
0.071878 -0.473396 -0.681042 -0.619003 -0.126856 0.406727 -0.232994 -0.001786 -0.548240 -0.219638
-0.499622 0.089052 0.352056 0.086121 -0.352301 0.418265 0.392612 0.601012 -0.963574 0.229533
0.144512 -0.059887 -0.817474 -0.212309 0.035578 -0.210476 -0.372334 -0.008658 0.505241 0.263615
0.480321 -0.365494 0.380641 0.321028 -0.489361 0.737339 -0.235519 -0.125089 0.053993 0.328358
-0.408981 -0.324449 -0.310523 -0.255552 -0.664045 0.526252 0.801838 -0.227701 -0.287069 -0.279251
0.568274 -0.514525 -0.412402 0.109025 0.391391 -0.196062 0.160636 0.034418 -0.329824 -0.421197
0.273387 -0.050756 1.045663 -0.298307 -0.706067 0.040281 0.073905 -0.157705 -0.734407 -0.180792
-0.497423 0.007612 0.323961 0.725849 -0.192438 -0.259389 0.108109 -0.140396 0.180090 0.026158
0.195548 -0.009089 0.413412 -0.311888 -0.140578 -0.104359 -0.534509 -0.158505 -0.504875 -0.107743
0.220608 -0.603289 -0.231584 -0.194633 0.148627 0.051448 0.111859 0.248413 0.036128 0.236706
0.158505 0.435729 0.098231 -0.252620 -0.149267 0.141219 -0.068826 0.647557 -0.360730 0.113688
-0.180639 -0.162347 0.232499 0.463900 -0.043170 -0.522436 0.200487 0.033064 0.038963 -0.131889
0.141310 0.332376 -0.158597 -0.034847 -0.522802 0.162804 -0.359449 0.114786 0.519875 -0.273657
-0.155944 0.057119 -0.166645 -0.689630 -0.337681 0.471948 -0.297365 -0.073317 0.543086 0.502918
-0.507427 -0.245516 -0.402499 -0.784913 -0.122451 0.150937 -0.280560 0.012649 -0.700479 -0.001876
0.030920 0.694331 -0.127062 0.135567 0.109642 -0.042986 0.111486 -0.186391 0.385899 0.123680
0.344501 -0.035096 -0.231990 0.188646 0.167742 -0.474227 0.068808 0.258837 0.158827 -0.041807
-0.216620 0.335689 -0.591452 0.141100 -0.436518 0.318269 0.139153 0.336099 0.141920 0.333434
0.009888 -0.274822 0.103545 -0.703758 0.054616 -0.008217 0.333434 -0.566039 0.025758 0.400449
-0.256992 -0.160159 0.014640 0.066093 0.094118 -0.329746 0.692691 -0.140793 -1.045185 -0.486933
0.097957 0.283085 0.121032 -0.097338 -0.173900 -0.223851 0.186719 0.398900 0.190256 -0.036071
-0.039364 -0.423655 -0.307839 -0.282731 0.127927 0.514892 0.425776 -0.303596 0.320040 0.056405
-0.380865 0.199273 -0.430020 -0.017803 -0.139509 -0.202633 -0.423655 -0.198212 -0.137122 -0.741219
-0.199981 0.576778 -0.267348 -0.327819 -0.288212 -0.237466 -0.004141 0.664126 -0.008078 0.128900
0.404205 -0.331356 0.247014 -0.244008 0.144637 0.252142 -0.220491 -0.151002 -0.187426 -0.385108
-0.178144 -0.091857 -0.014090 -0.051454 -0.822555 -0.133320 -0.088718 0.124126 -0.048978 0.260629
0.472456 0.248782 -0.162407 0.514539 -0.204700 -0.367930 0.271609 -0.085291 -0.598805 -0.160730
0.404399 -0.159848 0.305285 0.352636 -0.082645 0.553218 0.167348 -0.604687 0.062057 -0.318520
-0.409693 0.279256 1.034086 -0.306755 -0.711743 -0.499690 0.242051 -0.097350 0.015404 0.083306
-0.147422 0.894090 -0.180730 -0.882914 0.470574 0.561747 0.199406 -0.146760 0.402046 -0.224258
0.241169 0.069005 0.232934 -0.000205 0.452633 -0.400576 -0.290873 1.152906 -0.486750 -1.078790
-0.039263 0.270433 -0.076101 0.098085 -0.202200 0.327637 -0.735271 -0.334107 -0.089997 -0.484397
-0.858209 -0.315284 -0.544689 -0.392929 -0.403517 -0.772917 1.135847 -0.226464 0.424571 0.200327
0.366645 0.360063 -0.309158 -0.033598 -0.023244 0.164343 -0.395828 -0.480084 -0.622705 0.625338
0.333075 -0.158529 0.306745 -0.518701 0.075095 0.009305 -0.142401 -0.253426 0.562584 -0.968066
-0.035244 0.011135 -0.131431 -0.001516 -0.554247 0.009881 0.065222 0.294457 -0.661761 -0.389026
-0.234995 -0.624021 -0.699939 0.237189 0.037740 -0.850020 0.006497 -0.429179 -0.225122 0.349531
-0.144157 0.852214 0.003524 -0.049917 -0.449365 0.125506 -0.208117 0.371253 -0.006466 0.335927
-0.000053 0.012020 0.317935 0.037273 0.295554 -0.027509 0.208885 -0.212724 -0.670099 -0.083214
0.437517 -0.179702 0.647882 -0.671337 -0.383463 -0.046522 0.154779 -0.002832 0.121146 -0.308009
-0.073462 0.295618 -0.134643 -0.337217 0.450729 -0.078385 -0.676205 -0.221603 0.109142 0.022915
-0.095368 -0.129554 -0.554063 0.233220 -0.789053 -0.085079 0.057862 0.149469 0.488567 -0.383020
0.339430 -1.164771 0.158873 0.066492 -0.114287 0.232999 -0.336996 -0.270393 0.507154 0.628410
-0.028959 0.135529 0.253355 0.168277 0.309558 -0.077058 -0.398288 0.068705 0.417096 0.001025
0.775777 0.207442 -0.098134 0.380586 0.277031 -0.192285 -0.082755 0.353370 0.811180 -0.157656
0.606726 0.391650 0.433691 0.044420 -0.238309 0.240522 0.075469 -0.127859 -0.183643 -0.029990
-0.067262 -0.510448 -0.093673 -0.450221 0.614611 -0.136868 -0.118047 0.512916 -0.049120 -0.394684
0.065719 0.217706 -0.095524 -0.002316 0.193763 -0.451702 0.273490 0.364817 -0.525751 0.163526
-0.221778 -0.470214 -0.400855 0.102188 0.776039 -0.168216 -0.305331 -0.437633 0.043566 0.031749
0.023835 -0.461082 0.525751 0.345071 -0.196478 -0.039647 -0.199317 0.525751 -0.512916 -0.642750
0.786406 -0.558827 -0.339887 -0.612636 -0.475398 0.321128 0.120948 -0.182902 -0.746913 0.314217
0.464044 -0.837253 0.083614 -0.256705 0.239550 -0.918214 -0.455158 -0.168092 -0.186975 0.465525
0.676971 -0.037886 0.102458 0.152632 0.830012 -0.211179 -0.040030 -0.386141 -0.906804 0.244129
-0.127715 0.284840 0.373886 -0.467290 -0.709649 0.383690 0.681873 -0.007872 0.381239 -0.403841
0.444688 -1.263535 -0.567501 0.176459 -0.010467 0.192662 -0.210907 -0.409015 0.028423 -0.619786
0.149909 0.120635 -0.162299 0.127579 0.219212 -0.416912 0.025087 -0.933491 -0.410649 0.644294
0.200150 0.361905 -0.641571 1.091977 0.329227 0.584385 -0.061815 0.696578 0.029903 -0.020066
0.158078 -0.329227 -0.317518 -0.902992 -0.625777 0.053101 -0.618696 -0.432706 -0.156444 -0.163797
0.483901 0.455853 -0.582206 0.126285 -0.218141 -1.320978 -0.730372 -0.178953 0.442591 -0.128725
-0.459576 0.547900 -0.426091 -0.048014 -0.392848 0.161240 -0.342620 -0.198972 0.290936 0.038702
-0.250413 0.297002 0.074736 0.108403 0.197152 -0.582356 0.219597 -0.126663 0.156872 -0.837137
0.378289 -0.448172 -0.270310 0.071157 0.244590 -0.332186 -0.012701 -0.078921 0.152869 0.279046
0.268855 -0.164516 0.245803 -0.361304 -0.495973 0.425363 -0.426333 0.049470 -0.091842 0.402311
0.023097 0.275163 -0.392848 0.215229 -0.202854 -0.234641 -0.297972 -0.818696 -0.237553 -0.118594
-0.752696 0.625548 -0.468554 -0.331700 0.022005 0.222873 0.441620 0.361061 -0.003671 0.160974
-0.380433 -0.008268 0.743598 -0.336151 0.604905 -1.051063 0.330024 -0.458691 0.098938 -0.395472
-1.034910 -0.106318 1.064431 0.527760 -0.341721 -0.521076 -0.870038 0.501302 0.702380 -0.971969
0.633312 -0.336429 -0.173088 0.405219 -0.477908 0.080278 -0.439475 -0.229903 -0.436133 -0.515784
0.348405 -0.138554 -0.047937 -0.112932 -0.115160 -0.156518 -0.109381 -0.300503 -0.488770 -0.069765
-0.494897 0.541685 -0.901230 -0.277805 0.180747 0.156935 -0.088146 -0.610475 0.490998 0.578168
-0.012681 0.544748 -0.486542 0.600448 -0.274741 -0.285185 -0.039582 0.062837 -0.082993 -0.397700
0.251626 0.030409 -0.482373 0.050545 -0.317116 -0.272898 -0.271856 -0.007351 0.208880 0.368033
-0.235976 -0.469867 -0.385005 0.784303 -0.132876 -0.424310 -0.382623 0.079205 -0.506194 0.085458
-0.613984 0.077046 0.270963 -1.035019 -0.417759 0.071537 0.419844 0.239698 0.289275 0.781326
-0.705694 -0.191163 -0.712245 0.377859 0.304014 -0.439794 -0.040198 0.872441 -0.511852 -0.188185
-0.148806 -1.072536 -0.859935 -0.010357 0.022835 0.429670 0.371308 0.358505 0.014534 0.692593
-1.223204 0.349870 0.216324 0.088807 -0.533588 -0.365353 0.119179 -0.818844 0.374286 0.096624
0.282129 -0.158707 -0.663412 0.031097 -0.622321 -0.019578 0.528461 -0.075049 0.426594 -0.763379
-0.131180 -0.558813 0.014916 -0.112366 0.196146 0.254044 -0.078167 -0.944661 -0.653612 -0.152177
0.025467 0.488130 -0.222236 0.011129 -0.349466 -0.413289 0.240323 0.514324 0.141990 0.014721
0.497693 -0.667333 0.256331 0.253004 0.056131 0.157790 -0.096826 -0.299780 0.345724 0.205813
-0.397489 -0.516403 0.054156 0.387095 0.180658 -0.205189 0.165690 0.006292 0.040903 0.379611
-0.349050 -0.359445 0.017567 -0.146148 -0.913893 -0.047581 0.105921 -0.365058 -0.345308 0.448215
0.104726 0.417655 -0.266933 0.253628 0.086847 -0.144485 0.477735 0.570871 0.007867 -0.289593
-0.726078 -0.015515 0.207414 0.342374 -0.132791 1.339902 -0.500550 -0.003885 -0.316607 0.301810
-0.238667 0.059539 -0.131260 0.651072 -0.293136 0.238794 -0.296452 -0.120035 0.096691 0.185091
0.474017 0.499019 -0.450036 0.032751 -0.041744 -0.112254 0.382939 -0.437535 -0.035398 -0.186367
-0.487284 0.301299 0.234075 0.030104 -0.146568 -0.233437 -0.192617 0.751590 1.253161 0.318138
-0.264052 -0.157028 0.364570 0.626070 0.056478 -0.267878 0.002214 0.333190 -0.173356 -0.202567
0.123734 -0.581169 -0.407175 0.434728 -0.143761 -0.509479 -0.719445 0.079215 0.152053 0.014606
-0.099243 0.372989 0.240835 -0.384724 -0.062345 -0.323528 -0.117367 -0.582716 -0.526484 -0.139664
0.365374 -0.093436 -0.916444 0.135479 0.100628 0.120636 0.339743 0.135348 -0.850012 0.064862
-0.140971 -0.189749 0.418729 0.331112 0.309143 -0.389175 -0.551331 -0.036322 -0.462145 0.005378
-0.520207 0.193018 0.353344 -0.552377 0.102067 0.029571 -0.192495 0.696225 -0.449591 -0.622994
-0.559700 0.062443 0.296066 -0.214595 0.339220 -0.108017 0.109978 -0.147510 0.499807 -0.497192
0.101413 -0.418468 -0.695702 -0.131033 -0.157710 0.168695 0.306266 0.482022 -1.142416 -0.439391
0.250427 -0.115275 0.097686 0.181772 0.445668 0.061528 -0.346543 -0.070813 0.048089 0.033888
-0.074863 -0.389743 -0.267905 0.576957 -0.049804 -0.396143 -0.325052 -0.387000 -0.416259 0.210987
-0.114580 -0.279106 0.478664 -0.040917 -0.263791 -0.629532 0.134067 -0.140810 -0.512952 -0.213158
-0.016458 -0.085949 -0.235217 -0.008336 0.424031 0.978357 0.242303 -0.568270 0.027402 -0.040174
-0.032088 -0.445061 -0.095321 0.376028 -0.087949 -0.395458 -0.514781 0.598444 -0.118066 -0.135781
-0.449404 -0.958242 -0.540382 -0.158297 -0.723710 0.170527 0.216930 0.338539 0.055175 -0.328024
-0.238875 -0.387914 -0.143896 0.446890 0.065319 0.288021 0.057976 -0.816517 -0.246189 -0.075377
0.034088 0.161269 0.148248 -0.456487 -0.580280 -0.004862 0.482462 -0.097197 0.435763 -0.219401
-0.543805 0.082483 -0.523634 1.320828 -1.027925 0.079650 0.559280 0.005751 0.601833 -0.054263
-0.160682 0.345958 0.128836 -0.499870 0.025439 -0.107352 0.462843 0.136020 0.253803 -0.533858
-0.705179 0.046250 -0.214427 -0.251593 0.452895 -0.495449 0.161511 -0.127523 -0.016398 -0.088355
0.030378 0.079719 0.066836 0.002004 0.062104 0.896947 -0.091601 -0.218710 -0.141132 -0.451237
0.819024 0.243441 0.226862 -0.499317 -0.017434 -0.547398 -0.715126 0.244961 0.096161 0.474172
-0.096368 0.621176 -0.511476 -0.206276 -0.613439 0.091187 0.154322 -0.292147 -0.136866 0.299628
-0.664477 -0.302506 -0.315550 -0.131207 -0.234408 -0.028941 0.648364 0.236902 0.254166 0.187699
-0.223858 0.383072 0.474955 -0.243041 -0.114615 -0.365424 0.013931 -0.136674 -0.262415 -0.039396
-0.225968 -0.606163 -0.188659 -0.435056 -0.011581 0.167366 0.246493 0.068961 0.106078 -0.199880
0.151924 0.184534 0.178971 0.841722 0.371754 -0.500660 0.084115 -0.081621 0.394389 -0.311330
0.568949 0.227311 -0.297710 -0.267978 0.402830 0.202758 -0.140894 -0.715502 0.484930 0.076921
-0.413188 0.498358 0.383839 -0.062343 0.065604 0.097303 0.252632 0.090685 -0.135811 0.229805
0.294326 -0.266394 0.467752 0.182599 0.469420 -0.354983 0.502771 0.362696 -0.182599 -0.394796
0.461082 0.130070 0.031996 -0.266185 -0.476507 -0.221161 0.242423 -0.544044 -0.379788 -0.286196
0.558635 -0.219285 -0.496518 0.045259 0.141743 0.466085 0.162379 -0.359152 -0.313086 0.263267
0.024896 0.384999 -0.037651 0.110372 0.117147 0.037546 0.129966 -0.290157 0.414390 0.151853
0.404176 -0.181661 0.068631 -0.152999 0.274940 0.309125 -0.182390 -0.302038 0.094634 0.082232
-0.291407 -0.852543 -0.161858 -0.318714 0.425021 0.201671 0.447742 0.425021 -0.375411 0.316838
-0.018343 -0.104014 0.659523 -0.162379 0.649060 0.469979 0.124811 0.348990 0.152437 0.144575
-0.252024 -0.355105 0.199173 0.382840 0.118587 -0.329553 1.002854 0.329990 0.133546 -0.410576
0.506668 0.052632 0.131909 -0.117276 0.799750 -0.222869 -0.749083 -0.005675 0.324530 -0.047418
-0.203104 0.204851 0.332610 0.278231 0.258794 -0.356197 -0.073598 -0.396599 0.543795 -0.504921
0.169035 -0.243507 -0.013581 0.034479 0.175041 0.401404 0.294392 -0.242851 -0.051895 0.033605
0.025060 0.000536 0.071523 -0.507979 0.168271 -0.061641 0.365806 -0.111271 -1.104188 0.027149
-0.299852 -0.225380 -0.033387 -0.028418 -0.322564 -0.943452 -0.115092 -0.600140 -0.615206 -0.446541
0.604665 -0.110476 -0.183845 0.002611 0.090130 0.638819 0.033628 0.185532 0.444854 0.783028
0.032942 -0.662854 -0.584846 0.092660 -0.581473 -0.436421 0.309922 -0.405851 -0.298116 0.196389
-0.653577 0.079431 -0.236553 -0.183845 -0.187218 -0.497984 0.407537 -0.557017 0.078746 0.133456
-0.019436 0.347872 -0.194597 0.043616 -0.180472 -0.349980 -0.230650 -0.058506 0.050520 0.162446
0.149058 -0.529609 0.345764 -0.051785 -0.289893 -0.192700 -0.259533 0.018000 -0.177309 0.138305
-0.216102 -0.327000 0.254052 -0.012235 -0.118804 0.483647 -0.218000 0.316458 -0.377177 -0.077322
0.118698 -0.489551 0.367019 -0.106319 -0.047205 0.222062 0.236969 0.015453 -0.323327 -0.207155
0.206299 -0.142901 0.130564 0.345087 0.040651 0.093897 0.321442 0.007004 -0.054059 0.088671
0.481135 -0.220177 -0.004458 -0.595250 0.134934 -0.146928 -0.163120 0.013183 0.348172 -0.192248
-0.499983 0.600390 0.233542 -0.356053 -0.379356 -0.779274 -0.222919 0.183338 0.120541 0.305678
-0.083273 0.430074 -0.294369 0.066225 -0.065196 -0.700455 0.158065 -0.203900 -0.441040 -0.271409
-0.561667 0.076805 -0.318358 -0.607929 -0.050075 0.322127 0.137418 -0.163291 0.372160 -0.040759
-0.109917 -0.157894 -0.002985 0.069908 0.236112 0.266783 0.366396 -0.563320 -0.065760 -0.206352
-0.079903 0.977216 0.220196 0.691260 -0.099297 0.084796 -0.388356 -0.445404 -0.226641 0.198952
-0.433947 0.507942 -0.617265 -0.142859 -0.221389 -0.336321 -0.992015 -0.283808 0.084975 0.017365
0.145962 0.296220 -0.521309 -0.142023 -0.156106 0.598169 0.515103 -0.290253 -0.296220 0.217809
0.010846 0.336560 0.196565 0.701762 -0.153361 0.177947 -0.679325 0.111590 -0.230340 -0.294549
-0.300755 -0.061882 -0.128418 -0.203368 0.246572 0.004632 -0.090644 0.308632 0.176873 -0.124479
-0.068207 0.050215 0.492666 -0.245378 0.223060 0.531812 0.050782 -0.007157 1.164830 -0.307916
0.254510 0.116478 -0.259898 -0.379196 -0.096929 0.533330 -0.016118 -0.580448 0.651124 0.046021
0.398995 0.229071 0.633079 -0.883203 0.235086 -0.052443 -0.236214 -0.237843 -0.254760 -0.103195
-0.701750 0.535335 -0.009743 0.191979 -0.103383 0.204510 -0.251628 -0.506263 -0.943353 -0.468168
0.263658 0.043358 -0.434333 -0.062437 -0.090914 -0.490724 -0.286966 -0.609019 0.135087 0.021804
0.402504 0.435336 -0.481952 0.887213 0.433080 -0.385462 -0.341602 -0.638593 -0.595485 0.048684
-0.699745 -0.667665 -0.263908 0.270174 -0.093796 0.911273 -0.862652 -0.454634 -0.384208 -0.239222
-0.342855 0.536338 0.110839 0.700247 -0.339984 -0.557145 -0.229886 0.131697 0.144657 -0.136367
0.277171 0.014171 -0.045271 -0.353061 -0.044804 -0.345822 0.090308 -0.156682 -0.086631 -0.253587
-0.215526 -0.495499 0.075422 0.150378 0.039258 0.361934 -0.495032 0.008122 -0.272268 -0.596374
-0.205835 -0.455336 -0.024649 -0.678568 -0.429884 -0.004692 -0.450199 -0.270633 -0.277638 0.060536
-0.742548 -0.001315 0.077174 -0.013726 -0.520718 0.214475 -0.191124 -0.479154 -0.314065 0.035084
-0.208871 0.494565 -0.251486 -0.556211 -0.248684 0.572556 0.066257 -0.731807 -0.186805 0.086981
-1.172199 0.376878 -0.085113 -0.101867 0.256856 -0.395092 -0.283709 -0.913941 
