0.571589 1.107755 0.816517 1.509743 0.600811 0.889021 1.026155 0.340848 0.416708 0.555301
0.767763 0.152813 -0.652324 -2.196849 -0.129854 0.389405 -0.310837 0.113267 -0.593954 -1.941558
-0.896730 1.373365 -0.284723 0.681520 -3.320835 0.780264 -1.636659 0.344446 0.237566 0.301466
0.086028 0.091166 0.812980 0.135056 0.328186 -0.408372 0.430428 -2.324031 -0.259360 2.586890
0.590818 -2.280921 0.437288 0.180014 0.863692 -3.332577 -0.336156 -0.729728 0.042934 -0.230294
1.068662 1.777100 1.013344 0.427131 0.513435 -0.355642 0.191721 0.606571 1.217698 0.488721
0.610195 0.675781 -1.050456 -2.911218 -1.402685 -0.852313 -1.218770 -1.078113 -1.756574 0.559810
0.359437 -0.535001 -0.532697 -0.321042 -0.421137 1.055998 -1.495821 -0.545098 -1.704133 1.512857
0.468460 -0.452010 -0.202063 -0.198390 -0.593821 -0.383409 0.987638 0.472482 -0.498066 0.053012
-1.947403 -0.596894 -1.047247 2.220644 -2.416444 0.223116 0.226337 -0.243728 -2.583250 -2.049456
-1.068336 -0.307679 -3.585507 -0.636503 -0.601861 0.475657 -1.579144 0.690853 -0.883060 -1.922854
-0.486600 -1.556410 -0.508356 0.652181 0.434869 1.401579 -0.378279 -0.059133 0.054527 -0.345685
1.148443 -1.105066 -1.056084 -1.127315 -1.570861 -1.037827 -1.678484 -0.077796 
