0.681951 -0.184474 -0.053469 0.602870 -0.375934 0.544255 -0.645495 0.107911 -0.171361 0.073784
-1.919899 1.201037 0.198562 -0.159757 -0.516972 -1.095918 0.476084 0.187778 -0.839236 0.235083
-0.719311 0.165543 0.628892 -0.028525 0.656058 0.863712 0.882321 -0.683045 -0.631615 -0.444234
0.140412 -0.058564 -2.680707 -0.822196 -0.032348 -2.718730 -1.834979 0.502174 -0.413104 -0.738128
0.637760 1.262121 0.487306 0.524463 0.601733 -2.003979 0.493685 0.773528 -0.085451 0.185669
-0.741780 0.718564 0.048559 -0.559274 0.708199 0.246940 -0.434161 -0.893468 0.264744 -0.100487
0.673050 1.286728 1.749705 0.272979 0.212931 -0.489326 1.382564 0.070570 -0.290791 -0.048605
-1.191057 -1.211252 -1.447191 0.868711 0.474430 0.089941 -1.791156 0.268150 0.833891 0.978558
-1.058539 0.877362 1.250806 0.002558 0.708257 0.704611 1.192286 -0.129470 0.160255 0.032526
-1.490942 -0.864474 -1.019407 1.049136 0.228840 -1.297615 -0.313469 -0.643887 -0.098474 0.380592
0.005984 0.518003 -0.043103 0.680151 0.261010 -0.488229 0.478064 0.490367 0.171872 1.466262
-2.819287 -0.463964 0.632888 0.864735 0.251155 -0.434230 0.607774 -0.270350 -0.635824 0.866310
-0.186959 0.342042 0.260383 0.225323 -0.470731 0.514182 -0.185991 -1.871210 
