-0.044512 -1.772484 -0.940214 0.800376 1.217236 -0.484824 1.452743 0.815309 -0.193620 0.436375
0.941901 1.349936 0.263376 0.014271 0.294386 -0.439976 -0.891287 -1.264559 0.642475 -0.463005
-0.456237 0.385975 0.220164 1.634778 -1.372788 -2.327593 1.839033 -0.325289 0.339963 -0.453397
-1.106668 -0.148278 -0.524860 -1.283894 -1.219550 1.697552 0.069199 -1.327670 3.032845 -0.849412
-0.948125 1.164324 -0.725507 3.001771 0.969568 -1.022465 -0.017088 -0.167092 -0.499325 -0.445340
1.241942 -0.320759 -1.016397 -0.236056 1.054451 -0.005330 -2.107620 -3.289005 2.591103 -0.178574
1.223109 -0.789496 -0.448152 0.149231 -0.094847 0.359241 0.160826 -0.003574 -0.078329 0.716874
0.485418 -0.018053 0.069611 0.341291 0.187090 0.000613 -0.112180 -0.083377 -0.237569 0.105185
0.117106 0.227316 0.534240 -0.442388 0.184106 0.697553 -0.343345 0.449568 -0.726212 -0.260978
0.356244 0.732023 -0.515916 0.155360 -0.277549 -0.009582 0.305134 0.201485 0.211442 -0.150975
0.699780 -0.113897 0.236313 0.109524 0.175877 -0.204980 0.110699 -0.308413 0.186960 -0.042792
-0.591609 0.181308 -0.005447 0.489962 0.014737 0.100664 1.004529 -0.837264 0.188553 0.173940
-0.084635 -0.103153 -0.113138 -0.318097 1.004123 -0.527510 0.637006 0.097213 -0.318705 0.816702
0.224982 -0.005925 -1.120979 -1.134803 -0.818788 0.976449 -0.858037 -1.437399 2.011749 -0.539842
-1.107824 -0.528571 -1.731778 0.329035 -0.281304 -0.085641 -0.075363 1.652656 0.937844 0.199853
-2.042888 0.490697 -0.249679 1.227756 1.251470 -0.590676 -0.260209 -1.947656 -0.599303 -0.076017
0.148979 0.517382 2.218744 -0.092441 -1.899643 -0.808427 -0.108187 0.111692 -0.004546 -2.233702
2.406952 0.137377 -0.303575 0.039325 -2.393494 0.145496 -2.238192 -1.772086 -0.483616 1.986013
-0.279062 0.991253 -3.944094 1.180898 0.144332 1.418875 2.176332 -0.675459 -0.251473 -2.427401
0.772729 -1.923773 0.118272 -0.201646 -0.104910 -0.078186 -0.487631 0.117205 0.096142 -0.189586
-0.730323 -0.342047 0.438984 -0.178279 0.698849 -0.228142 -0.859825 0.215711 -0.346853 0.098543
0.716897 -1.511902 0.061345 0.504054 -0.090929 0.512037 -1.778637 -0.024339 0.675701 -0.634216
-0.077887 -1.655233 -0.263392 0.255822 -0.233312 -0.026309 0.249279 -0.186500 0.212551 0.156972
0.130869 0.249320 0.127424 -0.816333 0.425821 -0.205524 0.540228 -0.038308 0.258044 0.458170
0.650891 -0.586911 0.300065 0.453801 0.161881 -0.248869 0.779363 0.083317 0.955612 0.167492
0.918208 -0.429627 -0.019731 0.321642 1.677436 1.231686 
