-0.563844 1.218051 -0.924422 -0.657597 -0.222982 -0.592060 0.187588 2.023098 -0.710074 -0.341057
-0.635573 -0.660104 -0.164162 -0.872372 -0.089409 -0.230608 -0.020956 -0.503336 -0.195664 -0.330875
1.506526 0.754786 -0.883431 -0.949933 -0.013926 -0.695192 -0.410226 -0.606131 -0.291202 0.281494
0.696467 0.319813 -0.536191 -0.784895 -0.290654 -1.288078 -0.462887 -0.361407 -0.412614 -0.343774
0.208104 0.803337 -0.085875 0.153871 -0.075676 -0.452397 -1.121150 0.653180 -0.774890 0.040424
-0.109638 0.843286 0.695149 -0.317438 -0.813006 -0.539053 -0.335161 0.309983 -0.247324 -0.283474
-0.112466 0.131935 -0.625139 -0.234537 0.776561 -1.115274 -0.546610 -0.407064 -1.167080 -0.789356
0.631210 0.223210 0.726060 1.060101 -0.862245 -0.147421 -0.591423 1.699127 -0.728999 -0.289745
-0.703619 -0.938632 -0.633907 0.343935 0.066113 0.079330 -0.458643 -0.294060 -0.674447 -0.558478
-0.036405 -0.338686 -0.761149 0.630917 -0.831369 -0.506588 0.631870 0.448587 -1.394489 -0.654044
-0.449674 -0.613455 -1.465857 0.606118 -0.108887 -0.246063 -0.320559 0.954152 -3.188346 -0.732336
1.481958 -1.518254 -0.811418 -1.125417 -0.165800 -0.628606 0.098253 -0.671405 -0.768003 -1.022938
-0.408197 -0.264749 1.286992 -1.377652 -0.676908 -0.831087 -0.631396 -0.451478 -0.571760 1.074555
-1.167912 -0.523790 -2.419756 -0.738681 -0.528524 -0.272312 -0.679775 -0.120908 -0.571052 0.135896
-0.257610 -1.023824 -0.267127 0.406246 -0.193392 0.792866 -0.617445 -0.929780 0.110655 0.397135
0.903632 -1.706592 -0.431580 0.798000 0.638895 -0.463012 -0.555911 1.411027 0.606826 -0.781455
0.045583 -0.604812 0.283800 0.096789 -0.247056 0.603948 -0.773830 -0.424406 0.327192 0.151765
0.448292 -0.737233 -0.453221 0.134378 -0.032616 -2.724137 -1.248871 0.323689 0.042517 0.054352
-0.749209 -0.221711 0.934758 -0.262099 -0.330929 -1.113119 -0.148521 -0.238742 0.489361 0.037327
-0.588713 0.288066 -0.226712 -0.831682 0.860445 -0.576246 -0.793419 1.187525 -0.933319 -0.857312
-0.480826 -0.884402 0.012008 -0.804045 0.231810 0.583299 -0.537756 -1.002188 -0.521222 -0.425900
-0.718369 0.074276 -0.446299 -0.505902 -0.058738 1.745733 -3.417692 0.540242 0.364482 0.195805
-0.510121 -0.474555 -0.311227 -0.513626 -0.133326 0.468685 -0.392316 -0.528368 -0.644277 0.160763
-0.203339 -0.124653 1.784439 0.094437 0.347489 -0.036895 -0.616806 -0.231120 -0.633670 0.646166
0.281599 -0.351852 0.275942 -1.786965 -0.589632 -0.744557 2.952603 -0.608077 -0.487773 1.452111
-0.861363 -0.994335 -1.520186 1.066372 -0.485474 1.390755 
