-0.295344 -0.565955 -0.642567 0.075290 0.971901 -1.427277 -2.149096 -1.251967 -0.745668 0.070247
-1.563912 -0.260012 -0.726794 -0.653482 -0.745613 -0.790087 -2.219302 -0.814389 -2.147218 -3.052344
-0.641560 0.717174 1.120765 -1.049741 -1.482764 -0.779880 -0.087793 0.005866 0.814134 -1.467509
-0.628168 0.149483 -1.248618 -1.224193 -0.980511 0.702158 -1.307610 0.549658 -0.731015 -2.539339
-1.023572 -0.129813 -1.041409 -0.327635 0.433031 0.050149 -1.727876 0.209063 -0.448866 -0.585202
-0.145635 -1.088607 -0.492132 -1.260289 0.378669 -1.055420 -0.303900 1.031894 -1.112622 -2.448553
-0.222196 -1.219712 -1.475475 -0.437268 0.214416 -0.373103 1.979390 0.412515 -0.220945 -1.766110
-1.540611 -0.281030 -0.204200 -0.918025 -1.806964 -1.570383 -0.429037 -1.325662 -0.434444 1.319363
-0.382333 -0.763739 -0.698844 -0.472718 -1.287674 0.895694 -1.335687 -1.993364 -0.776007 -0.679652
-1.718007 -1.736053 0.153800 0.165038 -0.149367 -1.049852 -0.056286 -0.109589 0.254697 -2.784993
0.276579 -2.705767 -0.363177 -0.427972 -0.373534 -1.096783 -2.293386 1.047453 -1.528383 0.205604
-1.340387 -1.154404 -1.405441 0.707857 -0.590103 -1.283726 -0.482886 -0.440304 -0.488658 0.424542
-0.838079 -2.259284 1.013986 0.220873 -1.885150 -1.095371 1.121886 0.428162 -0.159697 -1.583982
-0.247456 -1.292926 0.738273 0.390749 -1.781318 -2.067856 -1.589799 -0.133945 -1.611822 0.786219
1.054574 -1.262076 -1.735511 -1.503621 -1.091922 0.675075 0.718986 -0.404711 0.965606 -1.183135
-0.194389 -1.322314 -1.266074 -1.388874 -0.614113 -2.070926 -2.147610 -0.284238 -1.215713 -0.815772
-0.503452 -1.268027 -1.084172 -0.210025 -1.660174 -0.478188 -0.069939 -0.127306 -1.502101 -0.212506
0.629621 -1.632379 -1.342324 -2.269309 -1.270827 -1.338677 1.189685 0.483704 -1.832484 -0.586163
-2.480421 -0.715073 -0.037063 0.242197 -1.429555 -1.480621 -0.779280 -0.731779 -0.146615 -1.135374
-1.331766 -0.532922 -0.477281 -0.438576 -0.407344 -1.661538 -1.189482 -1.018770 0.226027 -1.671388
-0.257765 -0.329480 -1.447278 -1.462555 -0.772937 -0.439210 -1.400515 -1.161867 -0.205895 -1.893315
-0.480508 -0.615788 -0.337943 -1.101338 -0.858213 -0.086053 -0.389475 -0.767471 -1.295942 -1.201530
-1.757002 -0.650985 -1.349523 -0.905776 -1.559736 2.168511 -1.056357 -0.927930 -0.727103 -0.805553
-1.012622 -0.439278 -1.246881 -0.605628 -0.930894 -1.581953 0.397600 -2.289639 -1.813596 -1.873396
0.279322 0.334468 -1.319915 1.051167 -0.760661 -1.762441 -0.649279 -1.201513 -0.619290 -1.405677
-0.290051 -0.799234 -1.124230 -1.648428 0.052993 -0.909979 
