-0.166796 -0.034952 0.040011 0.389820 -0.013361 0.015308 -0.067405 0.228564 -0.034348 -0.098944
0.589953 0.009738 -0.078164 0.162326 -0.330350 0.086446 -0.018013 0.129756 0.097263 0.012993
-0.269047 -0.091960 -0.006192 -0.587905 0.000805 -0.020231 -0.384480 0.020254 -0.040804 0.036650
0.196653 -0.386887 0.413172 -0.412901 -1.019963 0.014558 0.031705 -0.376420 -0.069890 0.028113
0.298265 0.057098 0.023249 -0.010162 0.109110 0.515329 -0.098488 0.012950 -0.091440 2.609116
-0.093184 0.198697 0.066075 0.021565 0.805190 0.018080 0.000426 -0.057076 -0.031425 -0.001738
-0.025816 -0.214362 -0.171325 0.012917 -0.055848 -0.006077 -0.061271 -0.003428 -0.022918 -0.110701
-0.757983 -0.645888 1.353414 -1.390898 -0.032906 0.035110 0.008851 0.096438 0.163411 0.071579
-0.964180 -0.459790 -0.023782 -0.037353 0.128243 0.085071 0.332393 -0.023141 -0.044237 0.196638
0.002128 -0.044943 -0.269210 0.014976 -0.419218 0.067877 -0.022350 -0.026953 0.045386 -0.026245
-0.538085 0.334832 0.210101 -0.675156 0.481382 -0.078500 0.011145 0.056735 -0.029414 0.017745
-0.103398 -0.152503 -0.057489 -0.254416 0.009207 -0.043137 0.029669 -0.001065 0.004369 -0.005419
-0.016639 -0.074859 0.250700 -0.425980 0.217335 0.065489 -0.012130 -0.018702 
