0.263521 0.642879 0.408225 0.329634 1.731230 0.014596 -0.755737 -4.317646 -0.991509 -0.453779
0.024638 0.076680 0.885807 -0.879876 -0.384822 -0.222440 0.049400 0.215026 0.269925 0.024068
-0.118975 0.124650 -0.350764 -0.116760 -0.185625 -0.066616 -0.052705 -0.171238 -3.140335 -4.916263
0.270681 3.256969 -1.242270 0.075510 1.023305 1.210360 0.167809 0.125676 0.457923 -0.172624
-0.718424 -0.057752 -0.147946 -0.319005 -0.148909 0.006768 -0.021535 -0.032881 -0.071843 -0.068658
-0.036247 0.053095 0.017309 -0.049693 -0.012912 -0.040171 0.024614 -0.068591 -0.544045 -0.033573
0.045285 -0.059886 0.082060 0.087394 -0.874225 -0.268001 1.008899 0.931173 1.025059 -1.355203
-2.922805 -1.188977 -0.700664 -1.984304 -1.517526 -0.500793 -1.553279 -1.475814 0.487138 4.238744
1.358623 -0.109115 -0.067071 -0.041605 -0.130634 -0.125371 -0.105840 -0.085549 -0.052569 -0.016680
-0.243038 0.697971 -2.942057 -0.144771 5.301619 -3.940946 0.417815 0.380841 -2.600751 0.803582
0.601179 -0.980146 0.010732 2.251408 -2.540801 0.717453 0.558976 -1.598551 0.136480 0.014761
-0.046071 -0.001727 -0.374020 -0.065206 -0.029491 -0.136480 0.019506 -0.348772 1.707117 -2.479356
-0.167459 3.419054 -4.247915 0.139675 1.789040 -1.923971 -1.582528 0.243067 -0.164459 -2.280787
1.371477 0.405648 -1.940243 1.908764 0.142191 -1.805350 4.848372 -0.044150 -1.162901 -0.870208
0.537178 -0.679835 -1.411813 -0.052851 -0.218199 -0.077383 0.198094 0.470019 -1.383022 -0.021545
1.758067 -0.034662 -0.573313 -0.415294 -0.119986 0.057560 -0.414333 -0.431877 -0.039475 1.152633
-0.227234 -0.390780 -0.069759 -0.241816 -0.079814 -0.222456 -0.002494 -0.106419 -0.018470 -0.133149
-0.002373 -1.517728 -0.470861 0.075790 -0.771857 0.278138 0.142197 0.157956 0.133054 -0.267792
0.080875 0.720133 0.188405 0.313302 -0.481500 1.121575 -0.037022 0.594658 0.313495 -0.004618
-0.075398 -0.050045 -0.078979 -0.468722 0.035500 0.035594 -0.025290 -0.018991 -0.125027 0.083061
0.045933 -0.131907 -0.473323 0.071595 -0.133558 -0.159425 -0.108149 -0.983292 -0.522428 -0.492947
-1.157579 -1.866000 -1.001501 1.578122 4.675405 2.157346 0.263222 -0.036831 -0.165987 0.066893
-0.404374 -0.112178 -0.211588 -0.029588 0.001403 0.032788 -0.015500 -0.111593 0.033830 -0.188041
-0.119635 0.078284 -0.007980 -0.031051 -0.066694 -0.566477 0.254126 -0.071762 1.427893 1.458366
0.638851 -5.311064 4.070364 0.033291 0.595008 0.545424 -0.396672 -0.783035 0.139424 -0.258721
-0.344879 0.029701 0.087198 -0.001319 0.030111 -0.132534 -0.136143 -0.007065 -0.113317 -0.067846
-0.037735 -0.848790 0.059408 0.624182 -2.771960 1.252297 0.602066 -0.425869 -0.286288 0.043097
-0.143641 -0.912678 -0.192543 -0.567757 -2.367244 1.511296 -1.091038 0.337659 4.574735 -0.507506
0.128855 0.981488 -0.442321 1.312996 -0.835289 1.561628 -0.938187 -3.763923 -0.742580 1.015202
-0.522715 -0.185360 0.954175 -1.717858 -0.025950 -1.822800 0.235550 -0.780455 0.162814 -0.058423
-1.175340 0.475482 0.258397 -0.859432 0.335349 -0.198354 2.798032 3.807076 1.157284 0.296059
-3.094512 0.012818 -0.602225 -0.130552 -0.441351 0.067139 -0.245086 0.009987 0.124584 -0.655060
-0.081270 -0.116421 0.242841 0.026070 -0.055277 -0.064146 -0.014101 -0.113561 -0.167448 -0.065799
0.073390 -0.035436 -0.021589 -1.528553 1.267055 -0.391574 -2.933097 1.897886 -0.131255 -2.581287
0.775060 0.186014 -0.720331 0.069043 0.021948 -0.547467 0.806201 -0.055637 -0.653960 0.151960
0.085729 -1.322566 0.125640 0.182256 -1.449387 1.827488 -0.041502 -1.325716 0.439936 0.493894
0.445164 -0.141632 -0.596051 0.657437 1.059959 -2.296109 0.220825 -0.273893 -0.034207 -0.837295
-0.043591 4.708067 -0.066218 -2.535905 1.110960 0.499717 -0.588508 -1.210474 -0.076189 -0.029585
-0.032731 -0.120023 -0.163458 -0.004119 -0.085053 -0.007380 0.010205 0.066275 0.089043 0.002613
-0.076732 -0.168026 -0.053920 -0.087146 -0.064510 -0.059347 -0.189090 -0.362069 -0.026781 1.388357
-0.625213 -0.482477 -0.341436 0.023089 0.062076 -1.804421 -0.298645 0.461072 -1.085310 0.631621
0.007643 0.456643 -0.002376 -0.063217 -0.398370 -0.033002 -0.256498 0.358674 -1.135918 -0.091019
0.737548 1.931718 0.740367 1.714556 1.687040 -0.503835 0.941725 -2.155768 0.030111 -0.663240
-1.358741 0.047739 1.607125 -0.873063 -1.045037 0.206598 1.562483 0.085860 -6.180939 0.237797
2.171243 -0.455117 1.694330 -2.725019 -0.655118 -0.730687 -2.477290 -0.567049 1.550011 -2.404562
0.398451 -0.191490 0.176535 0.041835 0.669700 -0.059389 -1.464539 -1.900463 -1.317397 0.144899
-0.662797 0.309070 0.961761 4.125325 0.560792 -1.968649 -5.441518 -1.901899 0.772806 -0.299233
-0.227993 -0.039953 -0.720300 0.040749 -0.268902 0.056011 -0.000597 -0.560280 -0.462560 -0.341679
-0.200510 0.495021 0.100340 -0.044210 -0.068556 0.179716 -0.325964 0.849114 -0.163374 -0.806776
2.534014 0.105453 -1.290528 -2.562240 -1.582191 -0.008088 -0.200410 -0.330794 0.346210 0.047326
-0.743632 0.322432 0.229544 -0.469800 -0.465316 -1.099758 -0.322260 0.410109 0.506502 0.736093
-0.191691 -0.357093 -0.273406 -0.018584 -0.087958 -0.065879 0.061470 -1.229547 -0.073298 0.440722
0.395703 0.225092 2.544898 -6.544767 0.159789 1.568397 1.383266 -1.769173 -0.023691 0.712493
0.271992 -0.702959 -0.153134 0.068254 0.052430 -2.394144 0.023626 2.972845 0.987059 -0.667957
-0.092085 -0.026893 0.030142 -0.155632 -0.130302 -0.007086 -0.035534 -0.025399 -0.005081 0.267023
0.951403 0.092146 1.110073 -4.640326 1.017464 0.322897 0.679132 0.245877 -0.131387 -0.727538
-0.114119 -0.327545 -1.267205 -0.752710 0.825771 2.352679 0.831910 0.097118 0.185112 0.298030
-0.192252 -0.401429 0.024808 -0.174138 -0.080392 -0.096060 0.093204 -0.025500 -0.013011 -0.017201
-0.243355 -0.121533 -0.110937 -0.155124 0.011560 -0.490693 -0.783627 0.593646 0.454400 -1.952403
1.466524 0.390332 -1.749459 1.064341 -0.031646 0.030962 -0.053062 -0.012965 -0.765849 0.022702
-0.129538 -0.054922 0.561039 -1.070159 -3.282775 -1.210781 -0.546599 2.667850 0.010297 -0.064253
-0.078852 0.129698 -0.041662 0.023472 0.083325 -0.069437 -0.243327 0.062909 -0.135432 -0.104927
0.058280 -0.120342 -0.201773 2.671835 0.225650 -1.392514 0.694488 -0.186445 -0.381143 -0.534131
0.056277 -0.117670 -1.061485 0.316000 0.544031 -1.753018 0.714921 0.567684 -1.693486 -1.624069
-3.204940 -2.028632 0.621383 1.215352 0.765099 0.162407 0.679949 0.636751 0.045091 -0.950752
1.668334 0.124544 -1.669194 3.169749 0.153798 -1.911830 1.929038 0.138379 0.604678 0.137946
-0.216493 -0.130864 0.156228 -1.079286 -1.859124 -1.627890 -0.111679 -0.227656 -0.197848 0.051299
-0.990485 -0.191470 0.448103 0.381831 0.154451 1.110300 -1.320480 -0.024726 2.110940 -1.001402
-0.084862 0.994548 -2.356151 0.678136 -0.035556 -0.042139 -0.072925 -0.001286 -0.098942 -0.122357
0.147112 0.114158 0.085776 -0.398876 -0.927827 -0.117260 -0.069923 2.464379 0.148257 -0.209049
-1.591658 -1.250131 -0.018845 -0.131135 -0.209311 -0.081502 -0.311637 -0.175778 0.131867 0.048901
-0.059746 0.186058 0.002459 -0.416933 0.039296 -0.781723 0.301657 -0.419303 0.215577 0.604176
-0.084385 1.363940 -2.494339 0.014596 1.182297 -2.669494 -0.238608 0.148395 -1.329071 0.259551
2.569883 3.378428 -0.424676 -1.140694 -1.203328 -0.010847 0.732625 -0.505815 -0.050870 -0.031509
-0.049570 -0.124501 -0.285890 -0.034406 -0.048476 0.087552 0.022464 -0.076521 -0.187605 -0.034542
-0.063803 -0.518534 -0.023979 0.103352 0.168507 -0.044451 0.011863 0.159804 -0.525038 0.017222
0.782613 -0.743954 -0.010662 0.130585 -0.922413 -0.077540 0.009572 -0.224718 -0.031881 -0.717729
-0.161276 -0.295209 -0.100931 0.877510 -0.294261 -2.349695 -0.957995 0.308535 0.793297 -0.185148
0.284105 0.485585 0.067904 -0.005670 0.051021 0.154310 -0.021145 -0.443945 0.022544 -0.019836
-0.123764 0.024902 0.054713 -0.056597 0.060692 0.002091 -0.452490 -0.051488 -0.000332 0.051633
-0.060656 -5.504325 0.219603 1.939705 2.872082 -0.735009 -1.388073 0.560626 -0.449450 -0.396235
0.005493 -0.055505 -0.001193 -0.031347 -0.091522 -0.032742 0.011424 -0.002881 -0.009735 -0.137366
-0.091633 0.248504 -0.468556 -0.374089 0.311630 -0.445218 -0.103469 0.289403 1.349663 0.366165
-4.298851 1.118621 3.153048 -4.238215 -0.879738 -0.683195 0.592765 -0.036305 -0.098858 -0.088369
0.058196 -0.232353 -0.077128 0.179213 -0.007234 -0.000928 -1.855284 2.056381 -0.338946 -4.257638
3.976534 -1.520122 -2.668322 2.994834 0.129132 -0.072174 -0.259542 0.123769 -0.065267 -0.381691
0.279361 -0.109000 -0.451245 0.148922 0.013928 0.208565 0.025890 -0.289585 -1.060796 1.323268
0.159954 -0.193966 -0.568261 -2.796432 1.375140 5.492167 -1.228290 -2.657974 2.355884 0.273245
-0.185004 -0.203754 -4.339789 3.719538 1.202106 -1.536845 -0.696552 -0.139310 0.114882 0.473065
-0.097099 -0.096571 -0.222221 -0.115826 -0.199037 -0.539540 -0.017266 -0.076088 0.776498 -0.349935
2.497130 5.892361 2.857134 -0.008303 -6.558941 -0.238678 -0.588346 0.658947 -0.467496 -1.884380
-0.497078 0.526042 -3.516600 2.864053 1.313614 -0.463428 -0.363757 -0.300717 -1.262093 0.457175
0.511614 -2.308652 1.119330 1.368749 -2.557516 -0.236226 0.708816 1.688509 4.561557 -0.138279
-0.826761 -2.950518 -0.274060 0.325915 -0.095275 0.430666 -0.326598 -0.210904 -0.017342 -0.869412
0.541296 -0.318253 -0.569366 -0.683922 -0.106306 0.048898 0.016884 -0.394958 0.001792 0.780479
-0.516230 -0.067891 0.121036 -0.775289 -0.007988 -0.003214 0.122374 -0.053175 -0.233483 -0.005673
-0.064344 -0.095326 0.037125 0.023168 -0.062222 0.070393 0.032456 0.612272 -0.075113 -0.432813
-0.538783 -0.481129 0.491409 0.413061 -2.249183 -0.695008 -0.938581 2.064771 -0.060760 -0.372288
-0.255032 -0.201373 -0.008652 0.394548 -0.429190 -0.414645 0.600813 -0.192117 -0.311777 0.245270
0.010410 -0.092638 -0.125993 0.046690 -0.506648 -0.011162 0.104078 0.038890 -0.058911 -0.120199
0.057967 0.642338 -0.207846 -0.268424 0.227168 -0.062406 -0.375655 -0.417781 -0.023279 -0.037931
0.011515 -0.024242 -0.095043 -0.123634 -0.065881 -0.094187 -0.074722 0.045995 -0.048503 -0.016705
0.020691 0.791817 -0.101216 -0.343419 -0.759571 -0.701528 -0.075760 -0.234812 -0.108709 -0.315778
-0.663893 1.102405 0.008643 0.060724 -0.364039 -0.087596 -0.366105 0.030041 -0.465305 -0.427123
-0.097235 -0.753922 1.918122 0.016494 -2.034146 -2.685559 -1.277638 0.898950 0.647939 0.855522
0.395408 -0.477269 0.017086 1.611144 -1.055872 -0.095144 2.711438 -2.388525 -0.388477 2.135663
-0.644116 -0.712884 0.022980 -0.111777 -0.167070 -0.172480 -0.815006 0.020870 -0.206998 0.685159
0.177349 -0.139403 5.882369 -1.547937 -1.342033 -2.441580 0.437938 -0.254636 -0.988756 0.725889
0.023913 -0.038092 0.032726 -0.028842 -0.317966 -0.002623 -0.050415 -0.167219 -0.028109 0.045566
-0.303074 0.176419 0.182564 -1.616397 -0.023776 -0.983268 3.484607 -0.817192 0.041393 0.034221
-0.032580 0.009929 0.150464 0.033343 -0.209368 -0.535934 -0.260337 -0.145323 0.150128 -0.119201
-0.860731 1.998498 0.223590 -2.719110 -1.108142 1.206625 -0.064751 0.264263 -0.485604 0.043053
1.272501 -2.252125 -0.149805 -0.247220 -0.826032 -0.074035 -0.138224 -0.071042 -0.165444 0.105212
-0.130309 -0.138127 -0.354440 -0.342278 -0.032032 -0.056361 -0.034479 -0.056003 -0.075885 -0.070332
0.028016 -0.059824 0.003724 0.023716 0.016305 -0.026680 0.067935 -0.407119 -0.112773 0.147852
0.002378 -0.148470 
