0.050681 -0.127920 -0.071655 0.073728 0.020986 0.005004 -0.233010 0.224059 0.265618 -0.411080
-0.023702 0.054756 -0.053697 -0.132916 0.119895 -0.011881 -0.195752 -0.165833 0.225231 0.157859
-0.226720 -0.137431 -0.180173 -0.794736 -0.130515 -0.304062 0.105464 0.419312 -0.238671 0.011108
-0.084585 0.186122 0.053822 0.385053 0.088528 -0.288419 -0.331698 0.009454 -0.025924 0.120699
-0.079842 -0.162501 0.151439 -0.144722 0.159415 0.058976 0.069776 0.011319 -0.044387 0.077494
-0.150231 -0.279072 -0.228719 -0.125853 -0.370702 0.031921 -0.194404 0.023737 -0.142128 0.099545
0.028600 -0.035700 -0.004054 -0.310845 -0.173742 -0.023234 -0.034498 0.119273 0.148960 -0.013113
-0.252718 -0.149645 -0.298899 0.306500 0.104398 0.214390 -0.023194 -0.007776 -0.002727 0.354855
-0.090400 0.318449 0.257931 -0.130838 -0.628148 0.064713 0.217153 -0.298195 -0.087324 0.092250
0.199601 -0.010940 0.080070 0.419685 -0.224682 -0.056257 -0.113324 -0.139352 -0.195092 -0.057280
0.007735 -0.247958 -0.461627 0.017407 0.255135 0.306625 0.840552 -0.024664 0.006316 0.166118
0.029131 0.131923 -0.136337 0.001248 -0.168227 0.024204 -0.084799 -0.292892 0.039731 0.159013
-0.182930 -0.142996 -0.187617 0.176566 0.284400 -0.012988 0.006549 -0.625723 
