-1.348608 -0.907641 -1.612101 -2.217462 1.045826 1.234589 -2.014941 -0.938743 -2.140896 -0.729825
-1.125749 0.146259 1.260743 -1.677770 -1.158371 -2.064067 -0.606681 -0.810574 -2.228798 -1.325226
-0.279242 0.156199 -0.156958 0.916961 -0.015998 -1.502772 -1.064892 -2.152377 -1.109036 0.319911
0.073969 -2.178094 0.019508 -1.588918 -3.095410 -0.406246 1.179383 -1.649291 -1.331892 0.689697
-1.240328 0.282183 -2.468151 -0.479983 0.791272 -1.391284 0.184085 -2.039688 -1.794607 -1.442220
1.112851 -1.728170 -0.773537 0.096332 -1.857758 -0.961109 -0.460645 0.048595 -1.636572 -2.981542
0.614917 -0.594309 -2.920527 -1.894935 -2.986567 -1.064426 -0.942371 1.622820 -1.238741 -0.083367
0.484128 -1.557125 3.179826 -0.818166 2.222032 1.574889 -0.983824 1.520249 1.686044 -0.045857
-1.221406 0.092665 -0.378688 1.248802 2.351962 1.638130 4.021064 -0.216140 -1.219539 -0.260988
-1.203300 0.073164 -1.044967 1.627481 1.175051 -1.318908 1.904642 0.922741 -0.838955 0.315523
-0.133427 -1.903097 -1.880138 -0.274877 -0.955041 -0.751057 -0.861583 -1.828552 -1.126171 0.088134
-0.858156 -0.014755 -1.337862 -0.139680 0.098905 -0.775664 0.650797 -1.749671 -1.244216 -1.229791
-1.952682 -1.664361 -0.559207 -2.289861 -1.507959 -1.533757 0.251423 -2.175330 
