0.238887 0.171126 0.260740 0.352058 -0.222166 0.046827 -0.143139 -0.104828 -0.381721 -0.021381
-0.227640 -0.102635 -0.117860 -0.290093 -0.567827 -0.196351 0.027226 -0.569370 0.146251 0.150751
-0.083587 0.114225 -0.346587 -0.086810 0.006752 0.072181 -0.614423 0.062284 0.198089 -0.473306
-0.362393 -0.401679 -0.549289 -0.109547 -0.072888 -0.083201 -0.456668 -0.312862 -0.228346 0.049675
-0.161600 0.151612 -0.010198 0.603826 -0.407120 -0.102393 0.045674 -0.452170 -0.239298 0.108394
-0.349560 -0.392709 -0.073430 -0.108553 0.042539 -0.103255 -0.391701 -0.003659 0.112089 -0.043962
-0.134541 -0.196391 0.077343 0.029368 -0.074583 -0.442280 0.185139 -0.455232 0.092155 -0.208245
-0.402623 0.261844 -0.153602 -0.863700 -0.237707 -0.139297 0.150488 -0.198171 -0.043154 -0.086735
0.219334 0.074752 -0.237803 0.135635 -0.265322 0.004866 -0.488823 -0.131612 0.022196 0.131465
-0.281752 0.086247 0.413976 0.174581 0.125993 -0.235286 -0.297690 0.012217 0.259753 0.165798
0.144505 0.220737 -0.589798 0.089799 -0.271769 0.027280 0.233975 0.142498 -0.328125 -0.178660
-0.152124 -0.195131 -0.428407 -0.300972 -0.271639 -0.198579 -0.204114 -0.082315 0.384397 0.234942
-0.086467 0.499322 0.152152 -0.134920 0.058994 -0.503329 -0.324602 0.124187 
