-4544 -10251 -4811 -11098 -8597 -9821 -8124 -8924 -11090 -9661 -7583 -9115 -8413 -8409 -9613 -11830 -4237 -8140 -8439 -10290
-5037 -5022 -10141 -5589 -12811 -11833 -7359 -12090 -11897 -2490 -7955 -9267 -6670 -6168 -11077 -6866 -9041 -12807 -7285 -9869
-6705 -8220 -6419 -6586 -7749 -8213 -9152 -6655 -3863 -11158 -12702 -9229 -10264 -7454 -3687 -12207 -4100 -6620 -6468 -8454
-3531 -13172 -1929 -9182 -5238 -7956 -12483 -14677 -8489 -7975 -9682 -9741 -8885 -12684 -5808 -6547 -4873 -5120 -9532 -10589
-11089 -7001 -11605 -6554 -9454 -11316 -5095 -12001 -10368 -14934 -9592 -8226 -8384 -5112 -6575 -7667 -6454 -6149 -4490 -14418
-6532 -8109 -12147 -11945 -9439 -4260 -8759 -13552 -9784 -8392 -11043 -9037 -5127 -8530 -5998 -6190 -6487 -11944 -8539 -7281
-13994 -9653 -4288 -7653 -7870 -5847 -8368 -8689 -3829 -6489 -12239 -8868 -6266 -6541 -4475 -6931 -5353 -7793 -5877 -10651
-13662 -4656 -9333 -14486 -10545 -8523 -8707 -7342 -11082 -14387 -8140 -9223 -8936 -6033 -12245 -4145 -5051 -6290 -13445 -3973
-8782 -7698 -7517 -11522 -6024 -6194 -12779 -6132 -5986 -6382 -10972 -4004 -9745 -12252 -5032 -11100 -6999 -7516 -5442 -4342
-9088 -12307 -3708 -9368 -9989 -7635 -10585 -12055 -8227 -10490 -9986 -5319 -6783 -6527 -5562 -5873 -13155 -9747 -14397 -12075
-5203 -13067 -7602 -10422 -11230 -4632 -10306 -11258 -8950 -8060 -3198 -8313 -8112 -3803 -8636 -8356 -6960 -7195 -6055 -6484
-7259 -12510 -10568 -5018 -5952 -8343 -13259 -4045 -10378 -4964 -5826 -9918 -3069 -7844 -9169 -6383 -4487 -10993 -4808 -9335
-12708 -8814 -5900 -6524 -6680 -14499 -5080 -11621 -8804 -3104 -8588 -10475 -13660 -9833 -7659 -4219
