-7 2 -9 -4 -37 -5 4 10 12 -2 -11 -8 8 -37 1 2 1 1 5 8
5 1 -49 2 4 0 4 0 -5 -4 10 -62 15 23 -11 13 3 -3 3 18
-74 25 6 6 10 2 11 6 2 -31 -1 -9 -7 -7 -3 -2 -7 2 -46 9
5 9 7 6 -12 2 13 -58 8 -10 17 -4 3 -4 0 -3 -25 0 -4 -5
-5 -2 -2 -4 4 -41 7 1 -7 4 -15 -68 -38 -12 12 -12 6 15 8 -14
9 0 9 13 5 -28 -104 -36 0 23 8 12 -57 8 -3 -9 -4 -4 -4 -2
-7 -14 -9 -4 -11 -7 -4 13 7 3 -55 -6 5 -1 8 -6 -14 -7 12 -47
9 5 7 6 -3 -2 -2 1 -29 2 -4 -8 -7 2 -4 0 5 -13 5 3
3 3 2 -1 5 -1 -46 1 2 -7 2 7 8 4 7 -56 10 2 -7 -1
-11 -1 -7 1 -35 -1 2 8 2 3 4 4 -2 -51 -1 3 8 -3 -1 2
6 10 -48 4 5 -11 3 -7 2 -5 3 -51 5 9 13 11 0 -11 -4 -7
-29 -3 4 -2 2 -8 4 -7 3 -44 0 6 3 7 -1 -3 3 5 -47 0
11 2 7 13 38 17 0 -44 0 -7 -17 -15 -4 10 4 5 -57 2 7 0
9 -1 6 -1 -6 -36 -5 2 2 -3 8 4 3 7 -50 2 -1 3 8 2
-1 -3 3 -50 1 2 10 5 -3 4 1 -3 -27 1 -6 0 -5 7 7 0
10 -63 11 -2 8 0 5 -1 2 9 -58 14 1 3 -3 -3 -4 -5 7 -37
9 -10 -5 -4 -4 -8 -3 -6 -12 -6 -2 -12 -1 -2 0 1 8 -39 7 -3
-8 -10 -6 10 -2 0 -51 4 6 16 2 -5 -3 -7 -9 -35 -5 3 7 6
-13 -14 -9 8 -45 11 15 4 7 -7 -5 -5 -2 -38 -1 3 1 9 2 7
-4 7 -69 8 4 18 10 -4 -3 -3 0 -44 -1 9 -2 4 4 19 6 4
-45 1 2 -17 -3 -2 17 2 -2 -53 0 -2 4 3 6 7 5 1 -40 -1
-1 -6 -5 -2 -2 -4 1 -38 4 3 15 6 -2 -9 -1 14 -56 17 4 3
6 -1 4 0 -4 -34 -1 -6 3 -4 -11 2 -8 3 -51 6 17 9 21 -4
1 -5 -7 -36 -2 -1 4 8 -9 -3 -7 -1 -45 2 10 25 5 -7 -2 -11
4 -36 6 5 6 1 -2 18 2 12 -48 11 -9 -5 -13 4 5 5 -4 -56
4 -4 23 -4 -5 -4 -6 -1 -37 1 6 13 5 6 4 3 9 -46 10 -6
-4 -10 -4 -11 -3 0 -23 0 -3 -9 -3 6 2 11 10 -18 9 -6 -44 -17
-2 -17 -7 -6 -11 -10 -5 -4 -3 -3 1 -1 3 -47 4 2 0 -6 -3 6
0 -2 -41 0 -10 13 -1 -10 -8 -8 2 -45 11 12 25 21 -12 -37 -14 -13
-3 -3 5 30 4 -23 -20 -15 -12 -29 -14 17 42 23 -2 -1 0 -2 -5 -2
0 0 0 -11 -41 -29 -3 32 -5 5 -18 8 0 1 -2 0 -24 -1 3 6
3 9 1 10 -8 40 0 -14 -63 -32 28 58 31 -15 50 -23 -40 -79 -55 5
3 2 -2 -15 -6 -1 -6 -3 -32 -117 -49 -11 9 -28 30 54 26 -3 -5 -3
2 -18 0 3 -1 4 -1 2 0 5 -17 1 6 -1 6 -4 4 -1 -2 -20
-2 4 4 6 0 -3 0 1 -15 -3 1 1 1 3 4 7 2 -20 -3 -5
-1 -4 -1 3 3 -5 -13 -5 -1 -2 -4 1 1 2 -1 -24 -6 2 3 6
2 -1 0 -1 -20 -2 6 4 4 -4 -2 -2 -2 -15 -1 3 2 2 4 8
6 3 -21 1 -3 -9 -4 -1 -99 -9 17 -64 25 44 127 52 5 4 6 -2
-14 -3 -1 -7 -3 -3 -3 0 -2 -8 -5 -1 -8 -2 4 5 5 3 -21 0
1 -3 -3 4 -3 3 6 -22 5 -3 -4 -7 1 2 3 -3 -18 -4 -2 2
-1 0 3 3 -1 -13 -3 -2 -6 -2 -1 5 0 0 -18 -4 1 -6 1 2
2 -1 -2 -16 -2 -1 -2 -2 -12 -27 -15 -1 -18 -3 14 24 17 -4 -4 -3
1 -12 -5 2 -4 -2 0 -6 -5 2 -28 2 8 2 12 -6 -20 -9 -24 25
-13 0 -5 -6 3 -4 -3 2 -31 2 5 3 9 -5 0 0 -4 21 -2 -2
-43 -13 -2 -1 -2 -1 -11 -2 -2 -1 -1 3 -1 0 1 -24 -4 -1 -2 -4
1 -4 -1 -1 -13 -2 -2 -4 -1 2 5 5 7 -26 4 2 -7 2 0 -4
2 5 -22 4 1 -8 4 0 -3 3 3 -16 1 -4 -8 -1 -5 -13 -4 -3
-9 -2 -2 0 3 -17 -21 -9 -32 77 -37 -7 -19 -14 -1 -3 -1 -2 -20 -5
1 -1 -1 -1 -4 -2 0 -14 -3 3 -4 4 1 5 7 -1 -1 -6 -8 -22
-9 -4 -9 0 -6 13 -17 1 -21 5 -4 -10 -3 1 -23 0 7 10 12 0
-1 0 -1 -19 -1 0 1 2 2 0 2 -1 -19 -3 -1 -9 2 3 33 6
-12 -23 -16 -1 -3 -4 2 -3 6 0 -29 -4 5 -7 3 5 -3 3 6 -20
8 -2 -9 -7 -2 -2 0 -4 -9 -2 -5 -4 -4 1 0 -1 -2 -14 -3 -3
-2 1 -20 -79 -54 -18 -26 10 12 123 33 18 34 13 3 23 -27 -25 -108 -50
-22 -31 -33 -24 75 -21 -8 3 -7 -7 -29 -32 -6 -64 -1 30 101 48 -33 -121
-49 20 2 2 38 67 48 -2 2 -4 -5 -20 -5 3 1 0 2 1 1 -1
-20 -2 -4 1 0 -4 -4 -4 -1 -21 0 3 8 7 -3 -2 7 5 -28 1
9 -3 12 -6 2 -3 0 -21 1 2 7 6
