666 6918 -2147 1941 -4087 3491 -1834 -2689 660 -771 -504 -858 649 890 -1357 541 2439 -2267 2651 -435
2236 4268 3606 567 -1191 -2498 540 1906 2309 3322 -2508 -866 -887 28309 -4670 -2 -3892 1265 866 -3871
1711 1394 1827 -4577 -4755 -1329 -2923 268 2545 -795 6539 1447 5541 1833 2377 -1799 -4992 -1405 1711 407
5308 3505 -2403 -1198 -4113 -1893 3737 764 -1478 -1449 3042 -6286 5567 -518 627 -7 -4304 413 -2433 -4682
-919 29 -1832 -534 -8293 -2459 -4413 -967 1290 -2621 -152 1556 -1143 -241 -1659 1298 -2716 -2003 1725 2546
-8240 -2645 -3398 1184 3490 6829 -5838 -427 434 -3730 -1315 -2743 -4530 3804 -1924 4017 -1552 921 1953 4698
397 -5378 -1023 4916 4141 4975 4331 -1799 -3858 -1349 -1889 -548 1698 -1395 1146 -1809 2580 205 3882 4077
2409 1196 923 3353 707 -4712 2164 64 -2748 122 3721 2939 1532 -239 2302 2758 50 -2107 -1011 1623
-11916 317 -1701 -93 3714 1218 1910 188 -1416 1261 8160 3372 2921 2356 1937 1981 -2775 -2661 4004 4789
-7867 -767 4236 1794 2321 4077 1664 5066 -903 -10025 -3893 -22 -2515 -1682 1967 699 -822 -862 324 4514
-24 287 -5332 -2620 -8378 6620 -2953 -603 -3550 -1133 2257 -19 -4376 5040 -3853 5400 -3780 -231 4903 -408
-163 -1599 -2397 -1422 -4410 313 -1390 4114 1383 -6868 -5715 1668 -1300 242 2761 3321 -1774 -2457 4851 1851
1086 -595 3298 2061 3697 1381 399 -78 -298 74 284 -4418 672 -2834 2319 -4537
