1146 484 -842 -702 -2522 -292 -1385 -800 -195 27 1430 -161 -1425 589 -1810 -1530 533 -1908 -1903 -1014
-31 -1226 279 244 932 -1982 -2491 -1479 -1305 -1314 -137 731 640 -1547 754 -718 -1988 1325 -2978 1206
-144 -289 -134 -1923 274 -1108 -301 -590 -1785 -386 -1476 1000 -743 1618 -804 1308 1200 1497 -760 2002
653 1248 485 525 -605 892 -2 475 -951 -175 -3716 -459 -466 372 -1650 1430 -932 242 -1010 846
414 -2605 826 21 1066 -2369 -412 -2820 -1433 -274 -1231 25 521 1365 430 -1259 -1822 738 -4877 -263
1652 1830 -475 -97 29 306 -1007 -869 -1057 -1372 -2258 -1538 133 1759 -661 -315 -1990 -672 -914 758
804 1828 1627 -954 1095 1377 -1773 -281 1134 -795 -299 -667 399 2447 -733 -2095 -154 -160 343 1849
1355 82 1794 -868 -1652 -969 270 -1632 -448 -735 364 2108 755 -3102 -1705 -3906 -2652 973 1076 744
-661 -2369 1338 -1746 967 -1130 1633 -141 1044 -2326 -2805 90 219 366 -3155 -3640 -1116 -706 1129 -1555
-1826 -118 1590 -196 -855 1727 -2177 -1067 111 926 60 -1326 1762 1962 -271 2760 966 1108 -3751 1784
1476 1055 330 -533 -2236 2862 -3117 1236 -3113 2016 -1555 -1937 -1607 360 1940 -1800 -1830 866 -1138 3421
-2905 -1038 339 -2054 262 460 -1382 -2298 -8 130 1929 -578 440 -1356 59 945 786 319 729 -624
651 183 -687 -2619 -818 1327 -2579 1696 279 -534 1116 -400 550 -51 -1121 871
