-3037 -1261 2137 -7148 -4889 -8724 -5874 -4222 1400 -4266 -1009 -4807 -4304 -7077 -68 -6455 -2349 -4337 -9108 -3725
-5792 -6343 -5328 -5812 -4932 2900 -5794 -3338 -5377 -1032 2180 -4936 -3046 -5038 -1928 -1586 -4561 -410 -5217 -11019
-8876 2142 -5415 -7052 -3924 -5856 -5264 -6085 407 -4878 2100 -8188 4456 4200 -1649 6991 -7403 -3860 -8336 -2785
-131 -5586 585 -2436 -9463 -657 1528 -7283 1046 -4763 1373 -2003 -2013 -5913 -1974 -719 -1948 -4313 -8244 -4602
356 -6590 1170 -3572 -6387 68 -3351 -5551 642 -2801 -1093 -1200 -142 -2169 -913 -1441 3342 -1528 -1440 -1150
-11227 -3561 -5547 -3100 -1988 -6678 -4600 -1893 -8379 -680 1217 -3110 -7356 921 -997 -3801 -6800 -628 -3205 -3704
-3383 -2289 -4022 -3187 -7821 -2010 -559 -4060 -159 4966 -3479 794 -3294 -7149 -2917 -68 -4446 -8277 -7125 -3815
-1459 25 2732 -1557 -380 -1439 2179 -8211 -1124 -7465 -985 -3848 936 -5703 11 -2647 -4424 -1890 1054 -3843
3677 -6553 -8832 1430 -5445 -1305 -8208 -6322 2426 329 -1484 -7128 -10511 -5052 -1945 -173 2896 -9306 46 995
-3614 1056 -1567 -1775 2985 -907 -1696 -5028 181 -10254 1313 -6680 -1197 -6600 -2780 -10379 1893 -5933 -8444 -7580
-8252 -777 38 -6656 -3168 1583 -6741 -5650 2194 -819 -10 -5781 -1903 4527 -1343 -8727 -4295 522 -187 -3220
-1852 -2122 1834 1327 2264 -5110 381 -4860 -3986 -805 2811 -3848 -7036 -9645 121 -1706 -8181 -188 -5180 -4452
-5738 -3638 -4447 1534 -3948 -1141 -3483 -7854 -3763 -3946 -3494 -3491 1748 -4131 -1756 -4037
