-2.041061 2.767564 0.700036 1.353475 -3.318431 -2.240588 -0.848725 -1.344349 -2.952549 0.254335
1.889385 -0.874295 -0.721104 -1.201749 0.600131 2.961309 1.136489 0.920478 0.325260 1.089989
1.924276 -2.243931 -2.703976 1.083781 -1.350669 -0.644266 0.554244 -0.129834 -2.981677 1.161526
2.041214 -2.068347 -2.055597 -3.496729 1.865788 -1.801143 -0.489070 -1.171566 -1.070045 0.310297
-1.877874 -0.505347 -0.426474 1.287269 -1.602809 -0.636630 0.185587 -6.202449 -7.350672 -2.210902
-0.694537 -2.227180 -2.838130 -2.713855 1.148846 1.600834 5.625253 -0.035225 2.028547 -0.227073
-1.041142 0.053274 -2.845369 -0.519298 0.964803 0.151016 -0.306656 -2.351630 -1.009915 1.305093
-0.578858 -1.984702 -1.575478 2.955479 0.082773 -2.760650 4.338807 0.055317 -2.242965 -0.471691
-1.762544 -3.335892 0.925182 -0.399183 -0.748613 0.296845 0.178905 -0.138913 0.288193 -2.106859
-2.518642 -0.117685 0.562810 5.050446 2.413345 0.688017 1.211907 -2.454291 -0.024271 -1.221622
8.142155 0.323738 -1.610430 1.098431 0.260446 -0.809083 -0.705586 2.004078 -0.693990 -2.374035
-0.219218 -1.069604 0.727691 0.334189 0.588296 0.184694 -3.565176 -0.466264 -0.690662 1.035379
0.957826 0.666944 -2.119882 1.559363 1.943975 -2.722054 0.485247 0.361792 
