-0.889899 -2.007772 -0.942221 -2.173582 -1.683674 -1.923433 -1.591044 -1.747769 -2.171915 -1.892088
-1.485062 -1.785286 -1.647655 -1.646931 -1.882794 -2.316899 -0.829924 -1.594321 -1.652849 -2.015333
-0.986571 -0.983599 -1.986103 -1.094548 -2.509053 -2.317605 -1.441212 -2.367916 -2.330033 -0.487588
-1.558091 -1.814941 -1.306360 -1.208094 -2.169520 -1.344744 -1.770765 -2.508320 -1.426836 -1.932914
-1.313190 -1.609981 -1.257082 -1.289809 -1.517751 -1.608621 -1.792538 -1.303466 -0.756603 -2.185260
-2.487664 -1.807476 -2.010249 -1.459849 -0.722155 -2.390726 -0.803091 -1.296477 -1.266851 -1.655707
-0.691649 -2.579726 -0.377721 -1.798341 -1.025868 -1.558219 -2.444820 -2.874593 -1.662677 -1.561991
-1.896311 -1.907878 -1.740104 -2.484239 -1.137452 -1.282200 -0.954445 -1.002704 -1.866939 -2.073825
-2.171731 -1.371171 -2.272969 -1.283584 -1.851622 -2.216332 -0.997824 -2.350389 -2.030586 -2.924814
-1.878662 -1.611075 -1.642013 -1.001288 -1.287713 -1.501656 -1.263947 -1.204393 -0.879460 -2.823858
-1.279310 -1.588111 -2.379022 -2.339445 -1.848661 -0.834399 -1.715500 -2.654108 -1.916151 -1.643572
-2.162898 -1.769873 -1.004169 -1.670718 -1.174751 -1.212255 -1.270418 -2.339260 -1.672460 -1.426019
-2.740702 -1.890585 -0.839885 -1.498890 -1.541337 -1.145113 -1.638945 -1.701854 -0.749946 -1.270905
-2.397011 -1.736763 -1.227245 -1.281081 -0.876517 -1.357359 -1.048330 -1.526220 -1.151041 -2.086003
-2.675778 -0.911922 -1.827823 -2.837102 -2.065236 -1.669307 -1.705207 -1.437943 -2.170357 -2.817638
-1.594331 -1.806324 -1.750157 -1.181576 -2.398218 -0.811901 -0.989161 -1.231906 -2.633185 -0.778119
-1.719882 -1.507584 -1.472224 -2.256668 -1.179736 -1.213153 -2.502833 -1.201016 -1.172316 -1.249844
-2.148968 -0.784186 -1.908629 -2.399681 -0.985453 -2.173978 -1.370685 -1.472106 -1.065755 -0.850488
-1.779887 -2.410354 -0.726135 -1.834847 -1.956411 -1.495353 -2.073177 -2.361018 -1.611208 -2.054539
-1.955864 -1.041820 -1.328481 -1.278388 -1.089424 -1.150164 -2.576477 -1.908925 -2.819614 -2.364918
-1.019083 -2.559165 -1.488846 -2.041163 -2.199493 -0.907186 -2.018453 -2.204879 -1.752845 -1.578529
-0.626385 -1.628222 -1.588683 -0.744802 -1.691348 -1.636620 -1.363099 -1.409101 -1.185904 -1.269892
-1.421736 -2.450134 -2.069830 -0.982878 -1.165689 -1.633935 -2.596743 -0.792131 -2.032516 -0.972266
-1.140994 -1.942562 -0.601095 -1.536309 -1.795838 -1.250207 -0.878760 -2.153026 -0.941666 -1.828228
-2.488957 -1.726308 -1.155451 -1.277687 -1.308260 -2.839656 -0.994983 -2.276037 -1.724327 -0.607926
-1.682027 -2.051606 -2.675292 -1.925763 -1.499940 -0.826222 
