-0.377346 0.476765 -0.399074 -0.042810 -0.150384 0.328467 -0.362728 -0.408140 -0.173664 0.486909
0.173589 0.204586 -0.056658 0.211082 -0.117514 0.027146 -0.166855 -0.015761 -0.277718 -0.223803
0.017830 -0.436719 -0.394528 -0.458805 0.182620 0.060507 0.116322 0.359810 0.021650 -0.031309
-0.084715 -0.156291 0.235689 -0.220132 0.255337 0.246802 0.020608 -0.426503 0.208405 -0.017945
0.031094 0.073357 -0.118133 -0.004982 0.066524 0.335706 -0.309149 0.246084 0.097335 0.103465
-0.073939 -0.326012 -0.129619 -0.027733 0.175187 0.016407 0.079213 0.092529 -0.289788 -0.073999
-0.137718 -0.238889 0.366298 -0.110101 -0.227329 0.082357 -0.018793 -0.105750 -0.097414 -0.008098
0.055951 0.073305 -0.310718 0.114999 -0.036966 -0.315172 0.034330 -0.397146 -0.180492 -0.931918
-0.383460 -0.316055 0.029055 0.067774 -0.082744 -0.099002 -0.100217 0.296187 -0.214062 0.184410
-0.275630 -0.053472 -0.093746 0.334456 0.064493 -0.130580 0.149357 0.394426 -0.291689 -0.224805
-0.373781 0.076158 0.101481 -0.388301 -0.186322 -0.047243 -0.039068 -0.365211 0.083036 -0.033002
0.381681 0.056640 -0.020890 -0.154933 -0.105922 0.093961 -0.341373 -0.338780 -0.284340 0.093552
-0.018109 0.095760 0.071100 0.012005 -0.004530 -0.027604 -0.315798 0.210980 
