0.264208 2.745009 -0.852088 0.770297 -1.621736 1.385330 -0.727591 -1.067133 0.261739 -0.305957
-0.199948 -0.340457 0.257609 0.353103 -0.538340 0.214797 0.967676 -0.899461 1.051868 -0.172701
0.887225 1.693694 1.431004 0.225154 -0.472413 -0.991247 0.214258 0.756500 0.916239 1.318023
-0.995006 -0.343635 -0.352007 11.233156 -1.852979 -0.000801 -1.544247 0.501814 0.343719 -1.536075
0.679056 0.553006 0.724785 -1.816379 -1.886878 -0.527469 -1.159678 0.106295 1.010042 -0.315362
2.594539 0.574094 2.198760 0.727235 0.943028 -0.713987 -1.980924 -0.557398 0.678898 0.161449
2.106288 1.390734 -0.953340 -0.475467 -1.632041 -0.751320 1.482699 0.303092 -0.586523 -0.575089
1.207247 -2.494228 2.209095 -0.205575 0.248915 -0.002701 -1.707881 0.163892 -0.965317 -1.857825
-0.364716 0.011616 -0.726780 -0.211833 -3.290575 -0.975908 -1.751173 -0.383733 0.511706 -1.040217
-0.060510 0.617277 -0.453728 -0.095670 -0.658342 0.515097 -1.077921 -0.794976 0.684483 1.010076
-3.269593 -1.049663 -1.348231 0.469771 1.385009 2.709905 -2.316563 -0.169590 0.172080 -1.480234
-0.521984 -1.088582 -1.797550 1.509577 -0.763281 1.594088 -0.615710 0.365552 0.775030 1.864356
0.157336 -2.133874 -0.405902 1.950577 1.643053 1.974207 1.718428 -0.713701 -1.530988 -0.535164
-0.749433 -0.217289 0.673720 -0.553426 0.454619 -0.717732 1.023942 0.081329 1.540484 1.617841
0.956011 0.474467 0.366203 1.330481 0.280371 -1.869706 0.858570 0.025358 -1.090407 0.048535
1.476452 1.166296 0.607717 -0.094697 0.913434 1.094487 0.019900 -0.836100 -0.401168 0.643889
-4.728356 0.125763 -0.674938 -0.036880 1.473911 0.483179 0.757768 0.074478 -0.561827 0.500240
3.238091 1.337931 1.158971 0.934936 0.768612 0.786072 -1.100972 -1.055977 1.588987 1.900134
-3.121855 -0.304265 1.680933 0.712020 0.921001 1.617876 0.660123 2.010086 -0.358292 -3.978027
-1.544688 -0.008767 -0.997912 -0.667529 0.780705 0.277457 -0.326371 -0.342047 0.128578 1.791038
-0.009342 0.113703 -2.115708 -1.039495 -3.324354 2.627043 -1.171640 -0.239455 -1.408474 -0.449575
0.895667 -0.007681 -1.736568 1.999843 -1.529095 2.142642 -1.499826 -0.091764 1.945369 -0.161907
-0.064625 -0.634390 -0.951076 -0.564170 -1.750074 0.124189 -0.551491 1.632452 0.548923 -2.725086
-2.267856 0.661845 -0.515814 0.095860 1.095625 1.317725 -0.703808 -0.974832 1.924951 0.734333
0.431101 -0.236079 1.308782 0.817627 1.466944 0.548120 0.158380 -0.030985 -0.118165 0.029259
0.112754 -1.753269 0.266826 -1.124607 0.920040 -1.800124 
