-0.089379 -0.273969 0.003832 -0.030966 -0.020228 -0.016106 -0.044783 0.000536 -0.085309 0.042571
-0.232695 -0.072780 0.060730 0.473921 0.043864 -0.060413 -0.036429 -0.003144 -0.063955 0.013868
0.067479 -0.099553 -0.057341 0.033233 -0.208226 0.036650 0.000758 -0.015396 -0.097021 -0.098312
-0.006987 -0.046082 0.015403 -0.016494 0.084080 -0.000855 0.134912 0.091160 0.018020 0.028434
0.025630 -0.101883 0.020778 0.074350 0.010651 -0.248833 0.035975 -0.053512 0.080201 -0.096903
0.039309 -0.057224 0.072644 -0.008127 0.196916 0.057437 -0.098769 0.019426 0.015275 -0.874704
0.013342 -0.199568 -0.065262 0.034380 -0.242450 0.000676 -0.011001 -0.011393 -0.002826 0.022776
0.016479 -0.095811 -0.170674 0.036870 -0.022388 0.003376 0.012031 -0.023558 -0.002487 0.058400
-0.003451 0.024302 0.038237 -0.007159 -0.020747 0.083525 0.004237 0.019955 -0.009662 0.159014
0.047324 -0.138251 0.009319 0.182713 0.018269 -0.534718 0.024549 0.194165 -0.026152 0.070878
-0.123429 -0.001419 0.012072 0.066844 -0.656510 -0.241162 0.015903 0.090802 0.066681 -0.161705
0.007249 0.012059 0.047323 0.035773 -0.057418 -0.015612 -0.152298 0.003480 -0.029334 -0.064622
-0.403079 0.067832 -0.004183 -0.033870 -0.005379 0.006009 -0.005710 -0.040526 
