-0.115424 0.036370 -0.141582 -0.070191 -0.574422 -0.071803 0.059773 0.148702 0.180181 -0.027324
-0.170037 -0.124461 0.123268 -0.582351 0.021350 0.037015 0.022767 0.022511 0.073379 0.131969
0.074298 0.018465 -0.767310 0.038484 0.061740 0.003583 0.056052 -0.004501 -0.073868 -0.056420
0.161286 -0.974674 0.235874 0.353031 -0.164884 0.201818 0.045196 -0.040314 0.042800 0.276027
-1.157781 0.386007 0.089014 0.096981 0.164011 0.024297 0.169004 0.091903 0.025090 -0.489342
-0.009185 -0.145972 -0.109347 -0.113425 -0.043234 -0.026939 -0.116985 0.031766 -0.715100 0.138367
0.077425 0.146938 0.106907 0.091668 -0.186845 0.037690 0.206692 -0.908563 0.131413 -0.151461
0.267437 -0.068062 0.040145 -0.060206 -0.003382 -0.052845 -0.394043 0.004621 -0.054844 -0.081426
-0.071929 -0.024722 -0.025687 -0.066148 0.069271 -0.635018 0.111170 0.023020 -0.108152 0.057691
-0.236736 -1.058812 -0.600550 -0.195154 0.189634 -0.191474 0.101502 0.236614 0.131861 -0.212290
0.133625 -0.005981 0.142493 0.202808 0.071027 -0.432307 -1.628086 -0.567863 -0.005969 0.364778
0.132455 0.188714 -0.894788 0.118174 -0.043489 -0.135042 -0.068959 -0.059557 -0.062722 -0.036056
-0.107351 -0.223036 -0.134729 -0.057711 -0.173555 -0.103447 -0.060106 0.199628 0.103259 0.042518
-0.857257 -0.097547 0.083903 -0.008850 0.117583 -0.101565 -0.223595 -0.107369 0.183733 -0.741042
0.146849 0.084994 0.104314 0.089728 -0.042307 -0.030331 -0.033268 0.018668 -0.453869 0.035598
-0.059271 -0.118126 -0.112772 0.026859 -0.061753 -0.004686 0.078695 -0.208630 0.077410 0.040427
0.040633 0.048622 0.028333 -0.014519 0.078248 -0.013643 -0.720002 0.010513 0.027329 -0.108120
0.031261 0.108259 0.118654 0.064911 0.109144 -0.871383 0.161781 0.038123 -0.113678 -0.013857
-0.165972 -0.016038 -0.113362 0.017666 -0.554279 -0.020074 0.030925 0.129223 0.024269 0.051166
0.066600 0.062927 -0.025831 -0.790460 -0.011768 0.049329 0.117815 -0.041116 -0.021537 0.030022
0.093185 0.155814 -0.754036 0.066192 0.085079 -0.176037 0.054121 -0.110920 0.036411 -0.071681
0.044236 -0.804586 0.074531 0.148624 0.206408 0.172649 -0.007761 -0.179080 -0.067909 -0.107892
-0.459917 -0.046224 0.065582 -0.032976 0.035356 -0.125726 0.064059 -0.117220 0.043636 -0.694639
-0.006856 0.089089 0.045630 0.111018 -0.015538 -0.044769 0.048180 0.072843 -0.743189 0.002532
0.165843 0.038916 0.116161 0.202255 0.602470 0.263360 0.001794 -0.686146 -0.001558 -0.113624
-0.261379 -0.236496 -0.059002 0.159504 0.058545 0.077244 -0.895683 0.029643 0.103238 0.005084
0.138183 -0.021427 0.098998 -0.012002 -0.086386 -0.567952 -0.070723 0.036345 0.037802 -0.043430
0.119850 0.056929 0.040542 0.102887 -0.785479 0.026229 -0.013472 0.044690 0.121602 0.035207
-0.015441 -0.039532 0.040110 -0.782809 0.021157 0.036667 0.157686 0.078402 -0.045229 0.065194
0.022431 -0.039163 -0.429291 0.012024 -0.090924 -0.007191 -0.080925 0.111064 0.106184 -0.002251
0.163299 -0.992455 0.172400 -0.032020 0.129135 -0.007708 0.074485 -0.022019 0.026496 0.148620
-0.912721 0.226664 0.010958 0.042550 -0.052670 -0.041452 -0.064691 -0.080713 0.101798 -0.583431
0.139509 -0.149636 -0.075045 -0.060535 -0.068271 -0.122194 -0.048823 -0.089214 -0.192708 -0.090438
-0.024429 -0.189308 -0.021318 -0.025397 0.003686 0.012818 0.123159 -0.602573 0.109155 -0.043793
-0.118288 -0.160124 -0.098446 0.149281 -0.038055 -0.005648 -0.797071 0.067459 0.098446 0.251290
0.023806 -0.074329 -0.053000 -0.115548 -0.138354 -0.544627 -0.082588 0.042885 0.116987 0.088801
-0.205088 -0.212214 -0.140172 0.120619 -0.701470 0.169545 0.241760 0.063655 0.103326 -0.102365
-0.072950 -0.084259 -0.027683 -0.593013 -0.009372 0.051085 0.020346 0.142501 0.034892 0.105304
-0.063837 0.106177 -1.073772 0.121345 0.056308 0.288740 0.163248 -0.061314 -0.043572 -0.044945
-0.006243 -0.687383 -0.012391 0.136897 -0.029092 0.068601 0.056860 0.303870 0.091045 0.067269
-0.709804 0.010221 0.034649 -0.271164 -0.043986 -0.037034 0.272606 0.024477 -0.030857 -0.828723
-0.005021 -0.026391 0.070008 0.042950 0.086922 0.111999 0.082557 0.009076 -0.631457 -0.013963
-0.014342 -0.096169 -0.082853 -0.027202 -0.039048 -0.061423 0.012562 -0.588924 0.060130 0.043019
0.238304 0.098831 -0.032273 -0.137189 -0.018817 0.214916 -0.870548 0.271528 0.061308 0.041843
0.090423 -0.009226 0.067599 -0.005971 -0.057174 -0.529750 -0.020051 -0.098874 0.039884 -0.055757
-0.173403 0.038696 -0.117989 0.040156 -0.794967 0.096947 0.265944 0.145972 0.323451 -0.054787
0.015058 -0.072329 -0.103339 -0.556353 -0.026500 -0.013343 0.056242 0.130858 -0.144973 -0.046924
-0.112322 -0.018683 -0.711263 0.025146 0.161779 0.385653 0.076977 -0.102682 -0.035585 -0.171630
0.058664 -0.568371 0.086227 0.075654 0.094125 0.010696 -0.026383 0.287715 0.029960 0.185293
-0.756709 0.168330 -0.137901 -0.077432 -0.208212 0.065052 0.083025 0.077067 -0.061516 -0.877398
0.060992 -0.065543 0.354364 -0.059683 -0.079732 -0.064923 -0.094225 -0.015471 -0.573722 0.010016
0.088538 0.199665 0.079653 0.094598 0.055652 0.041766 0.138014 -0.718480 0.163871 -0.094492
-0.067943 -0.159615 -0.068752 -0.165083 -0.046984 -0.007124 -0.354658 0.000348 -0.049756 -0.136251
-0.051347 0.090338 0.023913 0.164735 0.162698 -0.284477 0.141973 -0.089984 -0.690823 -0.268181
-0.024567 -0.258361 -0.113930 -0.100080 -0.178396 -0.157622 -0.085653 -0.058449 -0.052142 -0.041203
0.020491 -0.023089 0.044934 -0.736270 0.069727 0.030812 0.004533 -0.099576 -0.053324 0.091265
-0.005156 -0.037576 -0.639029 0.005505 -0.154171 0.195765 -0.021205 -0.152097 -0.125362 -0.129095
0.027743 -0.702799 0.167752 0.180396 0.391622 0.331891 -0.192715 -0.575148 -0.215044 -0.205453
-0.051213 -0.040012 0.072268 0.462157 0.060167 -0.358116 -0.316667 -0.240033 -0.180624 -0.459434
-0.224743 0.258271 0.651387 0.354800 -0.025451 -0.021139 -0.004236 -0.035013 -0.076260 -0.035810
-0.000784 -0.004831 0.004708 -0.169802 -0.640216 -0.449918 -0.049283 0.498242 -0.077861 0.074445
-0.283615 0.121061 0.006455 0.008543 -0.031824 -0.006830 -0.368925 -0.017549 0.046691 0.093126
0.042922 0.133382 0.016673 0.153003 -0.126076 0.620780 0.000210 -0.221469 -0.993582 -0.506810
0.436916 0.902551 0.487442 -0.239200 0.786608 -0.358468 -0.632903 -1.243468 -0.861067 0.083789
0.050816 0.030735 -0.038692 -0.238688 -0.090456 -0.017189 -0.097514 -0.053757 -0.494966 -1.830770
-0.773678 -0.166892 0.145568 -0.438552 0.473139 0.838823 0.405308 -0.039662 -0.072533 -0.039369
0.031235 -0.279397 -0.006179 0.052576 -0.017955 0.062261 -0.019850 0.032698 -0.000990 0.080193
-0.273279 0.013426 0.101018 -0.012894 0.091519 -0.070102 0.054823 -0.012588 -0.023939 -0.313052
-0.037417 0.069755 0.060770 0.098968 -0.007286 -0.044470 -0.004491 0.017805 -0.236722 -0.046632
0.021620 0.018452 0.013810 0.040604 0.063208 0.107812 0.023500 -0.309017 -0.042627 -0.079394
-0.017872 -0.056604 -0.014902 0.054679 0.045926 -0.073171 -0.195812 -0.074532 -0.022306 -0.035295
-0.059185 0.011178 0.021359 0.032700 -0.013523 -0.376516 -0.087919 0.031099 0.054255 0.099554
0.024238 -0.009814 0.007752 -0.008882 -0.315477 -0.031849 0.088575 0.059663 0.065895 -0.060894
-0.028406 -0.032616 -0.034699 -0.227417 -0.015043 0.045841 0.035996 0.036677 0.062325 0.123378
0.093872 0.044862 -0.323299 0.019487 -0.046902 -0.138499 -0.067677 -0.014345 -1.551965 -0.148021
0.266113 -1.001710 0.394482 0.692327 1.987554 0.806993 0.074727 0.066701 0.090099 -0.027887
-0.222369 -0.039223 -0.011971 -0.101753 -0.052237 -0.047992 -0.039978 -0.007672 -0.036317 -0.121376
-0.072454 -0.014767 -0.122757 -0.023726 0.067704 0.077162 0.080857 0.040241 -0.327186 0.003163
0.014648 -0.050293 -0.047255 0.063682 -0.044407 0.046455 0.093791 -0.347953 0.071115 -0.039620
-0.069603 -0.107901 0.012825 0.024615 0.041106 -0.050227 -0.278572 -0.058657 -0.035103 0.029278
-0.019480 0.007616 0.039458 0.048507 -0.014964 -0.206340 -0.047877 -0.029835 -0.095901 -0.037641
-0.022989 0.075876 -0.006250 0.006346 -0.279114 -0.062733 0.022887 -0.086128 0.012612 0.033473
0.023972 -0.021315 -0.030229 -0.243305 -0.027399 -0.014516 -0.035658 -0.034416 -0.195255 -0.415704
-0.230582 -0.023226 -0.276041 -0.043953 0.213466 0.376270 0.263033 -0.060814 -0.060870 -0.046838
0.013620 -0.192374 -0.075822 0.024786 -0.063939 -0.037242 -0.005177 -0.089347 -0.073725 0.033007
-0.441151 0.038358 0.117401 0.033056 0.194383 -0.098630 -0.312757 -0.140872 -0.379820 0.385257
-0.203504 0.007470 -0.078038 -0.099083 0.040218 -0.062796 -0.045818 0.029697 -0.488400 0.025964
0.076704 0.041332 0.143534 -0.072264 -0.003372 0.003912 -0.068745 0.329293 -0.032080 -0.029449
-0.679628 -0.205452 -0.036527 -0.009813 -0.031282 -0.016712 -0.168139 -0.023781 -0.034477 -0.017709
-0.010603 0.042233 -0.013675 -0.005011 0.012820 -0.377128 -0.062766 -0.008018 -0.028598 -0.056771
0.022330 -0.062219 -0.014287 -0.011228 -0.206660 -0.031386 -0.024381 -0.069962 -0.010116 0.024584
0.084618 0.081898 0.104664 -0.413217 0.070367 0.030394 -0.102535 0.034208 0.001985 -0.069761
0.029554 0.079727 -0.340115 0.059697 0.020779 -0.120375 0.062888 0.005450 -0.046896 0.043495
0.051772 -0.246314 0.014577 -0.056201 -0.118728 -0.023158 -0.075011 -0.200811 -0.061281 -0.049338
-0.143994 -0.028143 -0.035524 0.003642 0.043924 -0.270021 -0.328983 -0.142046 -0.493140 1.208728
-0.571309 -0.110834 -0.303299 -0.223007 -0.017408 -0.049938 -0.008017 -0.036939 -0.314730 -0.080484
0.011326 -0.011626 -0.011433 -0.014060 -0.058108 -0.035864 -0.006122 -0.215686 -0.051097 0.047969
-0.062446 0.060328 0.013864 0.074450 0.112114 -0.020088 -0.017114 -0.100404 -0.117461 -0.336525
-0.135348 -0.062347 -0.136480 -0.007162 -0.087650 0.196255 -0.259116 0.012628 -0.322913 0.077454
-0.063461 -0.161480 -0.050244 0.017338 -0.360861 0.005365 0.106379 0.155428 0.187438 0.001950
-0.013297 -0.001393 -0.010061 -0.301866 -0.009488 0.005347 0.015929 0.032834 0.031860 -0.006009
0.026673 -0.023163 -0.301561 -0.044559 -0.011313 -0.133610 0.026360 0.040480 0.513353 0.087515
-0.183769 -0.361545 -0.252931 -0.022753 -0.050405 -0.066604 0.024984 -0.041423 0.097900 -0.000032
-0.453621 -0.059589 0.074302 -0.111198 0.052317 0.074196 -0.040030 0.049938 0.094068 -0.311587
0.123109 -0.027987 -0.145430 -0.111664 -0.036326 -0.025716 0.005543 -0.060321 -0.137686 -0.035157
-0.078735 -0.070247 -0.065635 0.008042 -0.005216 -0.008699 -0.036723 -0.216144 -0.051790 -0.041873
-0.038546 0.018669 -0.318936 -1.235897 -0.844617 -0.280886 -0.412510 0.161509 0.182739 1.928313
0.522578 0.276471 0.530312 0.207903 0.046318 0.366152 -0.414792 -0.397903 -1.691593 -0.777566
-0.349923 -0.482851 -0.521710 -0.376085 1.167307 -0.322798 -0.121482 0.050834 -0.107728 -0.102615
-0.447290 -0.493677 -0.088347 -1.003661 -0.022930 0.473717 1.575494 0.750075 -0.520397 -1.892740
-0.774561 0.315752 0.038027 0.032880 0.591392 1.042924 0.744743 -0.024184 0.031376 -0.066466
-0.071449 -0.313623 -0.082918 0.052694 0.014019 -0.001829 0.032652 0.019065 0.021913 -0.009717
-0.305479 -0.024298 -0.058981 0.018602 -0.005581 -0.059195 -0.068466 -0.062761 -0.009419 -0.333649
-0.001101 0.051288 0.121739 0.117087 -0.043878 -0.023826 0.114061 0.084378 -0.438707 0.012802
0.136701 -0.044525 0.181261 -0.087406 0.029778 -0.049162 -0.001930 -0.324457 0.023178 0.026370
0.106466 0.094993 
