-12.287878 -12.535994 -14.164697 -15.057193 -15.488800 -15.090900 -15.161380 -14.844913 -15.191415 -15.428190 
-15.864145 -15.606520 -14.918918 -14.240907 -14.458484 -15.207312 -15.131889 -15.351598 -15.342882 -15.154344 
-15.379706 -15.614294 -15.833094 -16.219252 -16.272093 -15.984566 -15.648060 -15.253170 -14.425456 -14.520352 
-14.497014 -14.874840 -15.055155 -15.294382 -15.513161 -15.083846 -15.167975 -14.903651 -13.625849 -12.873193 
-13.189569 -16.748421 -18.363882 -17.820511 -17.379105 -16.401131 -15.933641 -15.752637 -15.337881 -15.663221 
-16.053673 -15.746049 -15.952622 -17.206329 -16.180367 -18.357956 -15.410208 -15.125071 -15.766734 -15.924266 
-15.825850 -16.036781 -15.142041 -15.395563 -15.116418 -15.154731 -15.767103 -15.499749 -14.382117 -14.990848 
-15.771430 -16.102724 -14.792989 -16.197828 -14.099900 -15.147409 -14.625755 -14.921305 -14.564206 -13.923180 
-14.333122 -15.195204 -16.336996 -16.367233 -16.702978 -16.617172 -15.411085 -15.505440 -14.861835 -14.859238 
-15.224994 -15.888640 -15.076547 -18.592211 -19.975565 -17.944311 -20.105700 -17.286148 -14.283318 -14.186150 
-14.957110 -15.036034 -15.016389 -15.936211 -15.662074 -15.516152 -15.549644 -15.267303 -14.224310 -15.771979 
-15.812892 -19.050421 -17.083782 -19.401096 -15.566038 -15.400552 -15.141582 -15.107822 -14.862667 -14.103072 
-14.219398 -16.304882 -15.829477 -17.404367 -17.049021 -16.208939 -15.375367 -14.886474 -14.737123 -15.588987 
-16.595316 -15.583895 -15.540847 -21.982658 -24.364864 -16.247204 -16.178871 -27.752119 -14.965231 -14.548167 
-14.867912 -15.364084 -16.084183 -18.417145 -19.142485 -18.006460 -18.289255 -16.371695 -15.273120 -16.324785 
-16.678843 -17.377747 -17.654936 -16.913918 -17.932455 -17.841835 -14.587476 -16.200655 -15.012756 -14.577829 
-14.148877 -16.678865 -16.245995 -16.397190 -15.590979 -14.947474 -14.967234 -15.159080 -14.237894 -15.079212 
-15.310532 -14.170928 -15.040167 -17.684946 -20.722464 -24.049891 -26.027420 -20.261440 -18.595264 -16.154711 
-16.643629 -14.974196 -16.669127 -17.548061 -16.992723 -16.492355 -16.260895 -17.040401 -17.596884 -16.328838 
-16.217228 -16.565756 -18.231667 -16.980078 -17.358654 -17.165167 -14.765412 -15.846709 -15.023424 -15.732745 
-14.686182 -17.112949 -15.322975 -16.509085 -16.241299 -15.194769 -15.253816 -14.362644 -13.787077 -15.635047 
-15.661180 -15.578657 -14.009387 -15.099542 -13.979016 -16.508163 -17.397261 -16.766651 -16.849787 -16.165991 
-15.520662 -14.598492 -16.561594 -16.928946 -15.197407 -16.875927 -17.131435 -15.502427 -17.776869 -18.355822 
-15.783484 -17.737770 -16.701426 -16.832266 -16.044886 -14.713393 -15.719276 -16.103691 -14.363863 -15.576111 
-14.896405 -15.968961 -15.533698 -19.161173 -18.492989 -19.455830 -18.821812 -18.395338 -16.323872 -16.112595 
-16.911142 -17.506678 -15.699135 -15.508859 -15.894217 -17.263447 -17.750830 -16.486488 -16.310057 -14.366889 
-14.481164 -14.281803 -15.687644 -17.834244 -16.692905 -14.453978 -15.037363 -14.888832 -12.616966 -17.439302 
-16.379154 -17.399261 -16.245646 -18.688934 -16.014153 -15.389365 -15.609158 -16.425991 -14.008491 -15.110729 
-14.632216 -15.660277 -15.698192 -15.860278 -16.757250 -18.189257 -16.563347 -15.803983 -15.073450 -15.175374 
-16.917728 -16.872684 -15.585997 -15.582492 -15.924763 -15.307631 -16.212345 -16.431906 -15.221055 -13.779923 
-15.924606 -16.634756 -17.013405 -15.669539 -17.220524 -17.107761 -17.802526 -16.372566 -14.610782 -14.363255 
-15.093198 -18.234797 -18.222736 -17.278627 -15.563521 -15.808917 -15.593096 -15.651619 -14.139977 -14.750465 
-14.514660 -16.495068 -16.066004 -15.896436 -16.804567 -17.331123 -16.184122 -15.948059 -15.883815 -16.051783 
-16.464924 -16.839045 -16.167795 -15.264755 -16.702545 -17.078566 -17.997257 -17.615332 -16.758036 -15.386647 
-15.523874 -16.477833 -19.931911 -16.781975 -21.755337 -19.887041 -15.057142 -28.518370 -14.447888 -14.734241 
-15.904843 -17.721352 -16.207609 -16.556601 -18.038670 -16.487551 -15.576233 -15.227309 -14.356665 -14.667089 
-14.629740 -17.149364 -15.623588 -15.371433 -15.569900 -17.005053 -15.520156 -15.685289 -15.039092 -15.954887 
-15.368935 -16.264585 -16.373663 -15.414193 -15.341341 -15.777133 -16.204115 -16.116131 -16.355742 -15.682262 
-15.186363 -15.875367 -16.717939 -17.956537 -20.217688 -24.170086 -21.119425 -20.199314 -18.306841 -15.636712 
-16.804949 -17.487831 -16.893126 -15.595422 -20.118397 -17.461643 -15.376018 -15.486752 -14.863779 -14.620979 
-14.575968 -16.620930 -15.053449 -18.549347 -14.924926 -15.106272 -15.571979 -15.653958 -15.165033 -16.692778 
-16.030958 -15.926837 -15.441833 -14.725512 -13.972906 -13.205758 -13.978234 -15.068628 -15.552468 -15.058824 
-15.627989 -16.134876 -15.468858 -16.026705 -15.564370 -17.349085 -17.442093 -17.943935 -17.381353 -15.471495 
-16.298395 -15.642125 -16.193821 -16.116800 -18.765821 -17.288061 -14.840027 -15.320424 -14.894674 -14.606518 
-14.809516 -16.457554 -14.974066 -18.857494 -15.371868 -18.189198 -17.207302 -19.089437 -17.685436 -15.798749 
-17.489895 -15.228786 -14.469199 -14.148592 -14.554564 -13.511964 -12.891850 -12.912058 -13.310703 -15.106238 
-16.065825 -17.231394 -17.137289 -18.045250 -16.613111 -17.168850 -15.813329 -14.900431 -15.156851 -15.901824 
-15.118665 -16.992422 -16.123358 -16.146955 -18.847321 -17.529446 -14.737578 -15.388229 -14.752845 -14.781820 
-14.628465 -16.000736 -15.359458 -16.357433 -15.360315 -14.308633 -17.296385 -18.130901 -19.907043 -16.382078 
-16.780785 -16.842905 -16.680107 -18.774467 -26.356419 -21.582691 -31.236265 -17.682104 -15.229142 -15.262615 
-16.502758 -16.507732 -16.077480 -15.842275 -15.607139 -16.268906 -14.703183 -15.088209 -14.460301 -17.889631 
-15.002680 -16.605705 -18.358595 -15.911623 -17.981863 -15.863347 -14.318015 -15.413964 -14.575490 -14.701124 
-14.939073 -15.801749 -15.580733 -15.958426 -16.969490 -17.403835 -20.143084 -23.191208 -25.545794 -17.569399 
-16.768768 -14.173513 -11.985160 -11.838899 -20.949966 -4.688581 -12.291363 -11.708414 -12.459912 -13.786639 
-16.162247 -16.336285 -15.748317 -15.446028 -15.604876 -15.792802 -15.503715 -16.084003 -14.863357 -13.006526 
-14.629146 -16.443302 -15.745291 -18.130108 -16.479383 -15.493075 -14.494201 -15.422142 -14.390809 -14.602023 
-14.562922 -15.741303 -14.216890 -16.148672 -18.006998 -16.567537 -19.659996 -16.438494 -8.903734 -32.716583 
-16.844769 -15.012757 -13.469441 -16.018723 -21.276146 -17.046877 -19.568588 -17.614393 -13.520589 -14.025088 
-15.817648 -15.956484 -15.464993 -15.557586 -15.799589 -16.553150 -16.153553 -16.323511 -17.610209 -14.212679 
-15.053278 -17.788391 -16.661081 -17.355278 -15.452636 -15.519414 -15.154331 -15.283161 -14.439411 -14.422005 
-15.109845 -16.033278 -14.544615 -16.860554 -16.695040 -15.012895 -19.697479 -21.574572 -17.054766 -28.705612 
-18.595343 -16.708731 -14.808857 -15.585819 -16.427082 -12.335699 -15.917820 -12.837950 -13.676067 -14.728923 
-16.289923 -15.840471 -15.701819 -16.084332 -16.870033 -17.322803 -17.047939 -14.623856 -18.167700 -16.590490 
-17.525942 -17.462669 -18.447653 -16.315918 -15.529483 -15.703293 -15.382803 -15.251451 -14.471395 -14.345934 
-14.861616 -16.623631 -15.261962 -17.738649 -18.761810 -20.463112 -22.874672 -18.374807 -13.807051 -29.829550 
-17.297829 -17.135000 -16.507807 -16.446951 -15.335564 -14.338814 -12.393064 -13.096466 -14.085865 -16.156006 
-16.892057 -15.944066 -15.953791 -16.432314 -16.855253 -16.613829 -15.623050 -14.310446 -18.422251 -17.422745 
-17.210684 -16.495268 -16.848270 -16.657869 -18.533566 -16.592911 -15.577964 -15.205304 -14.988554 -14.580510 
-15.496511 -16.621452 -15.926906 -18.419622 -17.887049 -27.186878 -26.700754 -22.469822 -19.543001 -30.813936 
-17.194439 -17.419434 -16.816559 -18.471218 -18.591593 -17.754066 -17.120647 -16.925770 -17.105469 -17.384838 
-16.939827 -15.658865 -15.816179 -16.286455 -16.408707 -16.276817 -15.824970 -14.465360 -18.360279 -18.673994 
-17.078585 -15.958321 -16.330614 -15.927191 -18.332018 -16.913557 -16.296398 -15.346482 -14.910263 -14.386366 
-15.800791 -16.786533 -15.541939 -19.512018 -17.781803 -20.626081 -23.244358 -23.916887 -19.831764 -20.158899 
-19.983711 -17.152649 -16.647533 -15.764945 -16.145147 -15.921087 -15.328720 -15.536982 -15.907457 -15.803059 
-15.476390 -14.919330 -14.930377 -15.671317 -16.087605 -16.165253 -15.810946 -15.070602 -15.977567 -18.922825 
-17.013996 -16.166828 -19.585976 -16.661320 -17.830860 -16.448353 -14.528985 -14.413661 -14.559620 -14.225025 
-15.426682 -17.052835 -15.183315 -16.577946 -16.933413 -18.322279 -16.052258 -19.650690 -19.208265 -16.882753 
-20.699909 -16.181587 -15.918836 -15.456853 -15.443811 -15.803237 -16.880165 -18.155170 -18.036160 -20.550446 
-19.637451 -18.361765 -15.467571 -14.998014 -15.431776 -16.147848 -15.751921 -14.886875 -15.570252 -17.522881 
-18.450478 -16.781660 -17.432503 -17.831450 -16.128780 -15.811540 -14.112962 -14.402867 -15.042616 -14.568651 
-15.207288 -17.172253 -15.702484 -16.257299 -17.225447 -17.442167 -14.739195 -17.830526 -17.190811 -16.934536 
-18.320948 -16.420551 -16.086769 -17.783117 -17.473221 -18.070992 -17.600721 -15.447941 -14.133820 -13.283383 
-19.243361 -16.737886 -16.050835 -15.442238 -16.052593 -16.650446 -16.258032 -17.951616 -21.704382 -19.858902 
-17.699778 -16.596939 -15.766418 -19.366621 -14.973736 -15.586457 -14.252044 -14.088981 -14.696418 -15.262145 
-14.005264 -15.352407 -15.320474 -16.225729 -17.437794 -16.554811 -14.441523 -15.318744 -17.101862 -16.627399 
-16.210421 -15.794403 -15.462912 -15.268406 -14.577744 -15.435657 -15.623359 -15.034331 -17.038691 -17.307596 
-16.120504 -18.444496 -15.845852 -14.941982 -15.687461 -16.343472 -16.196568 -15.897727 -18.709770 -16.120510 
-16.036579 -18.422169 -17.753712 -17.418137 -15.881692 -15.661955 -14.394977 -14.685380 -15.527662 -15.620764 
-10.562562 -13.427121 -15.116525 -15.355473 -14.814330 -15.403278 -15.654320 -15.803245 -17.055704 -17.011824 
-16.527876 -15.180743 -14.562342 -14.156628 -14.757385 -15.412473 -22.030554 -21.169968 -17.866617 -18.688681 
-16.230244 -24.139263 -15.099517 -14.942491 -15.802844 -16.173145 -17.055561 -15.982374 -18.302002 -17.127996 
-16.351713 -20.902887 -17.340889 -17.816618 -17.320848 -16.561308 -14.331035 -14.821860 -15.429962 -15.617606 
-10.992113 -15.061634 -17.501417 -17.303907 -17.289131 -16.394047 -16.477371 -16.944431 -16.823912 -17.398073 
-16.069983 -15.054631 -15.468594 -14.570936 -14.485682 -16.252691 -18.289991 -21.538969 -19.924742 -18.819389 
-16.689974 -16.640133 -15.412409 -13.952626 -15.693259 -16.425913 -15.464923 -15.096368 -16.795469 -18.862041 
-14.933159 -20.871721 -17.047712 -16.484825 -18.727821 -16.277266 -14.710188 -14.793487 -15.188890 -15.079272 
-13.051585 -12.826430 -14.866534 -14.785319 -14.196975 -13.920962 -15.897962 -16.606636 -17.315077 -16.360596 
-16.443058 -16.703808 -17.054335 -16.001947 -15.154677 -15.916947 -17.052059 -16.750481 -16.545267 -16.579100 
-16.033197 -13.953826 -15.832665 -17.521269 -16.393026 -16.878262 -16.512459 -17.389198 -18.998735 -21.588579 
-14.580755 -15.828794 -22.273157 -16.184383 -17.224173 -15.568349 -14.366625 -14.945931 -15.158679 -14.079864 
-14.325711 -15.091702 -15.557624 -14.987197 -14.397627 -13.685651 -14.782634 -15.851903 -16.006830 -16.061281 
-17.112488 -16.361416 -15.739615 -15.501190 -15.883749 -15.909510 -16.362120 -16.171619 -16.052105 -16.148722 
-16.365520 -15.597817 -16.209780 -17.420719 -17.988571 -18.487434 -18.154257 -18.792170 -19.193577 -20.032501 
-19.971630 -17.010225 -16.708218 -20.399740 -16.083210 -14.864292 -13.905354 -14.127922 -13.241422 -11.157346 
-14.593169 -15.425649 -15.738135 -14.570992 -13.758913 -12.312561 -12.682959 -13.180024 -14.826511 -16.179916 
-17.976635 -17.411448 -16.001314 -15.778693 -16.162830 -16.056824 -15.930706 -15.713738 -15.975528 -16.856672 
-16.468309 -15.714584 -15.625918 -15.988069 -16.707048 -16.640688 -16.537481 -16.490805 -15.873368 -15.011700 
-15.435747 -16.907887 -16.975502 -16.408943 -16.087498 -14.433404 -14.416968 -13.532691 -13.523015 -11.339443 
-13.250512 -15.079038 -15.183312 -13.542536 -11.287982 -10.438190 -12.211782 -13.608308 -13.851733 -15.274342 
-16.051556 -17.125500 -15.885395 -16.494347 -16.260752 -16.171190 -15.053264 -15.792185 -15.997242 -16.299086 
-16.473114 -15.704624 -15.384510 -15.615711 -15.959432 -15.967299 -16.077774 -15.884063 -15.035948 -14.528205 
-14.863043 -16.479843 -15.325194 -15.761350 -14.888037 -15.769735 -13.683400 -12.252386 -12.689815 -13.090300 
-14.229172 -14.908388 -15.055223 -15.105151 -14.049351 -13.451210 -13.754903 -14.775631 -13.200341 -13.616176 
-15.029180 -15.675209 -16.037004 -15.474426 -16.324673 -16.021221 -16.171658 -17.005760 -16.235407 -15.507509 
-16.079956 -15.198657 -15.248153 -15.997275 -16.279623 -15.930132 -15.308619 -15.157425 -15.127254 -14.785437 
-14.503133 -13.303091 -11.780784 -13.729069 -12.574441 -13.223553 -12.288594 -12.662451 -11.113588 -12.966238 
-13.880414 -14.873369 -14.876851 -15.581319 -16.461172 -15.764352 -14.858935 -14.186936 -12.042372 -10.370064 
-13.466489 -15.171542 -16.179996 -14.818958 -15.289924 -15.426186 -15.360562 -14.697857 -12.185328 -17.017139 
-15.717945 -15.435640 -16.024164 -16.019411 -15.111809 -15.420270 -15.298496 -15.167019 -15.988037 -16.489914 
-15.059998 -13.976016 -12.712832 -13.823277 -11.962946 -12.651801 -14.907028 -14.223738 -13.577810 -11.625543 
-13.476322 -15.422870 -15.796282 -15.186074 -17.400049 -16.115286 -15.712868 -14.092436 -12.853666 -11.374747 
-14.056763 -15.234909 -15.111946 -15.604848 -14.862924 -15.806224 -15.174217 -14.335441 -13.375013 -16.569901 
-16.628441 -15.647949 -15.328832 -15.073229 -15.555354 -16.463211 -15.663624 -15.394025 -15.430140 -15.247757 
-14.433620 -14.362129 -13.955163 -14.537551 -14.282161 -14.853664 -15.480076 -15.538960 -15.259053 -12.268630 
-15.102941 -16.618118 -16.463549 -15.553329 -16.350561 -16.415985 -15.835337 -14.675668 -13.862784 -13.135222 
-12.937278 -15.009462 -15.159960 -15.173866 -15.996440 -15.288155 -14.792939 -15.408282 -15.695498 -15.509650 
-15.398887 -14.822306 -14.623354 -14.381936 -14.942846 -14.726468 -16.260382 -15.022090 -14.562640 -13.606632 
-13.689791 -15.285865 -16.377247 -15.848663 -16.098972 -16.636560 -16.677433 -16.179909 -14.917639 -12.898717 
-14.606001 -15.570500 -15.506201 -15.289015 -16.096352 -16.709835 -16.288759 -16.105272 -15.394258 -15.885297 
-13.890816 -15.239098 -15.968695 -13.405408 -12.270828 -9.300442 -12.111617 -12.852149 -14.200114 -14.416611 
-15.096224 -14.216898 -13.563535 -12.217406 -14.224031 -14.433987 -14.622554 -13.848288 -14.351220 -15.304781 
-15.292593 -16.279615 -15.955273 -16.400660 -17.172453 -16.434944 -16.120832 -15.570712 -15.043063 -13.365256 
-14.673145 -16.044527 -15.916102 -15.917352 -15.711334 -16.075853 -16.045269 -16.355869 -16.501881 -16.743355 
-16.900089 -16.177965 -16.367088 -15.049991 -14.711726 -12.187628 -13.670059 -13.213678 -13.993225 -14.557438 
-14.567266 -13.400888 -14.083040 -12.818074 -13.566639 -13.249786 -13.392841 -14.168632 -15.467669 -16.744270 
-17.337820 -17.302347 -16.606525 -17.303352 -17.394585 -17.147255 -15.917621 -15.598904 -15.267737 -14.226907 
-14.506362 -16.542290 -16.761673 -15.857848 -15.254090 -15.940064 -15.867527 -15.751134 -16.039845 -15.716611 
-16.664198 -16.647268 -16.502338 -15.876584 -16.019976 -15.892697 -15.305117 -15.244447 -15.018167 -14.876291 
-14.254375 -14.130530 -16.264380 -15.619184 -14.568162 -13.627867 -13.052192 -15.717108 -17.402308 -16.848379 
-17.320034 -18.486391 -19.762884 -19.854815 -17.823711 -14.892449 -17.305906 -17.234385 -14.598681 -14.672290 
-15.195352 -16.508190 -15.255574 -15.376416 -15.416972 -17.632151 -15.656570 -15.400105 -15.592715 -15.953768 
-16.194687 -16.299114 -16.830923 -17.095703 -17.313442 -16.682602 -16.245068 -16.661589 -16.925714 -17.022102 
-16.942327 -16.614250 -16.769028 -17.003828 -15.756649 -15.818338 -16.050455 -16.081671 -16.273611 -16.391338 
-16.465191 -15.799520 -15.182759 -15.746669 -17.099224 -19.765442 -14.706467 -15.372546 -14.824798 -13.484294 
-14.959489 -15.873690 -15.479370 -18.134279 -15.786463 -20.670782 -16.504156 -14.766335 -15.795427 -16.952024 
-16.779003 -16.725365 -16.319254 -16.690216 -16.913513 -17.876158 -18.910772 -18.743467 -18.595060 -18.371372 
-18.464867 -18.034060 -16.627630 -16.450123 -14.977942 -15.711238 -13.975551 -15.276993 -17.348629 -16.117786 
-15.410340 -14.807715 -15.658104 -16.716837 -18.079056 -28.141016 -19.913687 -16.109413 -17.474112 -12.620545 
-14.802771 -15.821898 -14.935683 -20.004225 -18.663898 -13.995276 -21.191540 -15.203636 -15.781970 -15.634180 
-15.656898 -14.730251 -14.412065 -15.736670 -15.571980 -15.447336 -16.196918 -15.882533 -15.393689 -16.648052 
-16.284683 -15.491923 -15.326918 -15.207092 -15.222363 -15.993833 -15.092381 -16.462217 -17.109293 -15.463181 
-14.901164 -15.262840 -17.937901 -18.423677 -16.297321 -14.737070 -18.627293 -13.294813 -13.565755 -13.942050 
-16.352299 -18.503216 -15.252754 -17.732023 -26.244869 -16.130802 -17.333788 -19.053448 -15.601597 -14.889068 
-13.736096 -14.480714 -13.578732 -13.077987 -13.929480 -14.766448 -15.633194 -16.164225 -15.603178 -15.226976 
-15.710964 -15.450231 -14.911676 -14.069972 -13.981401 -14.741146 -15.776403 -15.996395 -16.607023 -15.698625 
-14.990318 -15.878025 -15.619847 -16.456598 -19.807981 -17.638561 -13.995997 -13.100294 -14.259750 -15.963243 
-15.572414 -18.397688 -16.540735 -14.354268 -19.530830 -16.296886 -16.690096 -17.036180 -18.472246 -17.794785 
-14.180449 -12.687974 -11.881860 -10.604631 -10.701785 -10.912034 -11.911939 -12.112426 -12.216186 -12.670309 
-14.474350 -15.294893 -15.437884 -15.515871 -15.343632 -15.559257 -15.736918 -16.108160 -15.184941 -15.665677 
-14.959166 -15.467613 -15.331234 -15.388990 -15.229917 -13.402926 -14.135342 -14.068080 -14.311460 -16.013060 
