0.762302 1.517815 2.492923 3.373642 4.142398 4.598392 4.753726 4.728527 4.717325 4.944429 
5.204010 5.316621 5.221348 4.872626 4.276791 4.131201 4.196850 3.435800 2.331509 1.766928 
0.527594 1.504479 2.585849 3.454763 4.251323 4.757966 5.028273 5.001204 5.043614 5.395193 
5.780245 5.949905 5.977076 5.536579 4.794275 4.631710 4.897069 4.154961 2.340953 1.730951 
0.513292 1.467255 2.521286 3.379796 4.168696 4.759508 5.113754 4.961999 4.912908 5.209978 
5.483020 5.656940 5.899638 5.550507 4.524903 4.367064 4.945292 4.392618 2.014572 1.540617 
0.506062 1.450992 2.436952 3.211744 3.886267 4.517979 4.841883 4.134225 4.118336 4.531774 
4.806263 5.131835 5.495036 5.131428 3.819065 3.805856 4.239820 3.783924 1.776456 1.428107 
0.512836 1.468166 2.314990 2.787228 3.393726 4.141490 4.139097 2.396329 2.678777 3.456241 
4.092349 4.794633 5.314056 4.906143 3.378752 3.489240 3.544347 3.013072 1.712725 1.392737 
0.531565 1.465326 2.050017 2.151663 2.934324 3.721432 3.011355 1.225047 1.956150 2.964963 
3.766157 4.552530 5.384099 5.061588 3.118573 3.390461 3.552724 3.219806 1.728252 1.370900 
0.556206 1.414048 1.614823 1.775675 2.702106 3.533343 2.644721 0.910898 1.806864 2.858099 
3.763813 4.530017 5.592047 5.213360 2.961606 3.414581 3.736161 3.613515 1.794612 1.341330 
0.569584 1.331846 1.325943 1.708764 2.619329 3.564201 2.964452 1.027493 1.934902 3.061109 
4.001599 4.807810 5.916627 5.678457 3.066108 3.475734 3.889810 4.034686 1.907351 1.329524 
0.561418 1.291249 1.410447 1.819762 2.689376 3.846624 4.055026 2.177677 2.577356 3.566218 
4.440935 5.286193 6.243057 5.924454 3.387495 3.569339 3.993907 4.419275 2.050920 1.362686 
0.554440 1.363072 1.843662 2.350732 3.194229 4.400642 5.436771 4.256835 3.531807 3.998080 
4.799160 5.649785 6.269926 5.636410 3.725648 3.672779 4.101891 4.688244 2.154121 1.443023 
0.546441 1.484526 2.238055 3.103062 4.112253 5.030391 6.182987 5.570955 4.247630 4.245485 
4.953187 5.767418 5.920504 5.078470 3.824600 3.686285 4.076958 4.559038 2.179291 1.571178 
0.502980 1.552677 2.449322 3.432047 4.520248 5.468269 6.746385 6.869530 5.517496 4.899956 
5.583464 6.302921 6.011228 4.990325 4.015623 3.691353 4.013774 4.104752 2.186619 1.718463 
0.534367 1.551935 2.543196 3.539019 4.621699 5.700691 7.239319 7.969854 7.084451 6.322588 
6.514006 6.910975 6.649491 5.497086 4.736907 4.187873 4.486628 4.139504 2.204812 1.753602 
0.546793 1.532964 2.542913 3.575502 4.630225 5.679627 7.315101 8.229333 7.970098 7.173674 
7.002873 7.081977 7.159103 6.736197 6.609848 6.009536 5.710686 4.479982 2.160271 1.575020 
0.566288 1.521576 2.542379 3.544205 4.487847 5.375745 6.777545 7.429671 7.067308 6.209041 
6.171766 6.442600 6.912985 7.242873 7.479702 7.215624 6.499793 4.606370 2.029252 1.308225 
0.575418 1.538957 2.536862 3.575755 4.336009 4.995964 5.744682 5.833932 5.008088 4.446838 
4.971358 5.674005 6.362455 7.034404 7.585836 7.604085 7.155365 4.597681 1.928335 1.169064 
0.583751 1.559837 2.553366 3.628085 4.427021 5.067444 5.487669 5.053594 4.443818 4.331016 
4.904251 5.611358 6.049425 6.707205 7.569623 8.093859 7.983282 5.041631 1.981086 1.201859 
0.585891 1.551960 2.568177 3.658561 4.541744 5.275496 5.620464 5.360852 4.967274 4.917985 
5.262235 5.681342 5.869360 6.389718 7.381407 8.239953 8.237641 5.157831 2.230771 1.396054 
0.655668 1.548349 2.538623 3.602916 4.483199 5.214597 5.556628 5.447645 5.222937 5.151176 
5.254086 5.442179 5.583478 5.936578 6.575398 7.410450 7.363135 4.437071 2.430134 1.655420 
1.102349 1.608791 2.253657 2.839556 3.229754 3.435852 3.373158 3.249916 3.224251 3.237535 
3.344261 3.437309 3.469241 3.568485 3.726686 3.846213 3.621626 2.601333 2.145676 1.728678 
0.575978 0.547032 0.534508 0.566111 0.592380 0.610467 0.615126 0.610749 0.624168 0.656074 
0.684145 0.701863 0.703579 0.686904 0.667376 0.679306 0.670017 0.594423 0.552734 0.682426 
1.463517 1.495453 1.477045 1.468799 1.462269 1.490993 1.525012 1.548069 1.551916 1.543136 
1.527546 1.499363 1.468214 1.444054 1.469985 1.507652 1.529809 1.513191 1.531376 1.563604 
2.367975 2.495168 2.504628 2.545028 2.500522 2.516836 2.539393 2.560371 2.547117 2.498664 
2.423951 2.348347 2.271303 2.202202 2.228385 2.352273 2.473796 2.511121 2.501301 2.598257 
3.103032 3.495905 3.494223 3.486269 3.408426 3.427306 3.420677 3.400682 3.345029 3.287649 
3.221333 3.164467 3.113219 3.045091 3.037808 3.137246 3.310444 3.398942 3.401452 3.439429 
3.525869 4.200236 4.284791 4.173245 4.049151 3.907036 3.378976 2.886463 2.988610 3.426508 
3.700696 3.789007 3.802807 3.741819 3.714961 3.788086 3.992563 4.150723 4.190273 4.047004 
3.532815 4.246434 4.156781 3.920131 3.970815 3.416491 1.912170 1.161640 1.444412 2.553717 
3.842040 4.352825 4.509265 4.435809 4.379613 4.434518 4.655767 4.851709 4.819526 4.443351 
3.297315 3.764240 3.169587 2.924412 3.135035 2.534890 0.980860 0.514957 0.775559 1.815234 
3.708814 4.753076 5.060689 4.974885 4.879641 4.931664 5.183137 5.350580 5.184239 4.652153 
2.992026 3.209460 2.717011 2.756672 3.122422 2.649425 1.693350 1.471195 1.431376 2.176958 
3.961708 5.035003 5.312436 5.159978 5.025671 5.098724 5.454399 5.688189 5.404823 4.708631 
3.094762 3.512535 3.409162 3.488243 3.827972 3.601118 2.744177 2.379501 2.411833 3.155040 
4.319002 5.064447 5.292509 5.110399 4.942583 5.004222 5.429032 5.768642 5.415939 4.677700 
3.477408 4.425063 4.583782 4.642768 4.837485 4.558952 3.864902 3.508746 3.409685 3.648523 
4.131688 4.579652 4.824652 4.761406 4.627082 4.711148 5.132963 5.502685 5.223652 4.623129 
3.251685 4.750913 5.319543 5.487542 5.578279 5.268336 4.676110 4.269339 3.962647 3.694029 
3.783701 4.126821 4.371490 4.347999 4.238138 4.355433 5.009959 5.487340 5.192085 4.580426 
1.801537 3.623095 5.252112 5.928166 6.046972 5.803729 5.349282 4.937927 4.617455 4.395189 
4.347524 4.430866 4.448564 4.378482 4.288413 4.556315 5.269924 5.543527 5.015841 4.315920 
1.587046 2.405724 4.421303 6.021599 6.435635 6.197708 5.739150 5.369709 5.280241 5.240163 
5.229099 5.282624 5.289569 5.172546 5.080287 5.294504 5.686738 5.558466 4.794628 4.042554 
1.992963 2.187518 2.832595 4.807813 5.831018 5.928669 5.591162 5.450512 5.651889 5.837044 
5.895246 5.910185 5.837538 5.722116 5.715759 5.880356 6.025148 5.661673 4.814489 3.921260 
2.312176 2.139457 1.927845 2.359974 3.759917 4.605869 4.624459 4.377262 4.270476 4.372345 
4.704632 5.154658 5.496693 5.691906 5.837720 5.964343 6.033947 5.719858 4.763612 3.699220 
2.723490 2.685482 2.418402 2.223474 2.350778 2.937115 2.660616 1.737621 1.259249 1.268927 
1.689846 2.633070 3.892566 4.719664 5.025018 5.133471 5.327157 5.130075 4.193972 3.428185 
3.127067 3.580865 3.352012 2.888937 2.620565 2.382319 1.794331 1.130898 1.101545 1.276671 
1.466447 1.601015 1.900715 2.592559 3.079962 3.467550 3.938258 4.121341 3.766137 3.614986 
2.772936 3.262986 3.115165 2.684321 2.223097 1.755791 1.279240 1.048074 0.999679 1.019326 
0.981248 0.894377 0.836590 1.099308 1.709966 2.168512 2.507230 2.831559 3.038627 3.497319 
1.775422 1.786299 1.619445 1.500788 1.227604 0.941046 0.855450 0.874981 0.883819 0.835238 
0.745017 0.662723 0.646792 0.734611 0.996738 1.293709 1.510381 1.696790 1.983259 2.676984 
2.186242 2.369241 2.188162 1.943816 1.654727 1.484268 1.411852 1.400853 1.401938 1.379131 
1.351922 1.333600 1.333951 1.379653 1.525340 1.739074 1.932963 2.107707 2.487117 2.900225 
1.881422 2.343016 4.258671 5.050683 5.306679 5.322632 5.351919 5.426940 5.325304 5.490117 
5.430762 5.029355 4.307525 3.800820 3.866625 3.487702 3.153961 2.350990 1.556896 0.665319 
1.769087 1.974175 4.644907 5.879572 6.058588 5.932579 6.054575 6.363099 6.261096 6.380677 
6.042254 5.412799 4.569677 3.909580 3.988883 3.617764 3.353512 2.471031 1.519828 0.530826 
1.640242 1.777133 4.237966 5.495356 5.946154 5.733763 5.861866 6.351421 6.419853 6.492162 
6.115767 5.377429 4.503138 3.773526 3.570810 3.131068 3.322220 2.466826 1.493725 0.502618 
1.643021 1.865633 3.618595 4.698380 5.640589 5.182796 4.635839 4.796353 5.470714 5.876682 
5.984635 5.242790 4.420276 3.630453 2.949024 2.317377 3.051263 2.436751 1.514430 0.511348 
1.748087 2.078239 2.997218 3.178899 4.829046 4.072070 2.934859 2.225014 3.475757 5.144422 
5.811466 5.177741 4.422368 3.579331 2.680077 1.910017 2.575843 2.390311 1.536220 0.514447 
1.992234 2.620583 2.642923 2.155028 4.316932 3.376599 2.228449 1.235137 1.402927 3.773905 
5.737800 5.339419 4.476331 3.556652 2.614261 1.763445 2.454283 2.383079 1.549118 0.513371 
2.400136 3.208393 2.565808 1.703709 4.027032 3.211115 2.093433 1.058089 0.953273 2.459296 
5.658805 5.502291 4.532872 3.551368 2.582070 1.698421 2.532100 2.406035 1.567561 0.511902 
2.732051 3.440027 2.569868 1.573636 3.688915 3.435937 2.243540 1.262584 1.313847 2.740088 
5.949684 5.586278 4.538056 3.546751 2.547315 1.619267 2.476268 2.413869 1.577805 0.504374 
2.694541 3.486360 2.573810 1.597526 3.876354 4.751048 3.323596 2.489329 2.805195 4.236719 
6.322126 5.615599 4.548955 3.538850 2.510288 1.537922 2.259839 2.393404 1.569749 0.494994 
2.336065 3.537584 2.710410 2.036456 5.909776 6.496627 5.033133 4.334526 4.343078 5.445630 
6.369785 5.548966 4.555458 3.534883 2.506894 1.496695 2.141105 2.384911 1.564323 0.493604 
1.849303 3.264021 3.102825 3.721626 7.526666 7.633001 6.158248 5.354639 5.456320 6.375720 
6.290119 5.496532 4.540093 3.535456 2.535479 1.547843 2.395294 2.426400 1.578403 0.501875 
1.452393 2.340888 3.438203 5.761027 8.324622 8.321456 7.054678 6.336419 6.716264 7.036100 
6.508417 5.599590 4.561720 3.590679 2.633691 1.833670 2.947617 2.500477 1.597634 0.508597 
1.387712 1.670422 3.215665 6.535454 8.667403 8.642898 7.640163 6.971473 7.349003 7.398988 
6.783774 6.204517 5.002439 4.078992 3.339226 2.761211 3.439012 2.570894 1.595301 0.502938 
1.560010 1.650905 2.979843 5.657625 8.450788 8.548510 7.768963 7.037146 7.214674 7.287654 
6.939916 6.986985 5.858774 5.252727 4.702480 4.051486 3.623378 2.593023 1.579756 0.483774 
1.920499 2.218479 3.260273 4.572869 7.411415 7.888470 7.248730 6.356970 6.152657 6.375674 
6.588988 7.119589 6.294055 6.048212 5.465152 4.587101 3.664741 2.612334 1.570974 0.457526 
2.246616 3.283935 3.848339 4.543777 6.860463 7.039857 6.324043 5.368692 4.949719 5.139304 
5.749769 6.422027 6.168898 6.297155 5.568254 4.637998 3.650661 2.603875 1.551762 0.439290 
2.606806 4.165187 4.868789 5.600300 6.744464 6.535125 5.795043 5.003610 4.766451 4.967192 
5.178898 5.568672 5.810968 6.203628 5.418423 4.587955 3.605381 2.599806 1.541389 0.433477 
3.065594 4.558988 5.387665 5.821790 6.230198 6.105993 5.836389 5.506514 5.424963 5.579790 
5.397709 5.370661 5.758288 6.181866 5.446128 4.577623 3.580887 2.594326 1.533613 0.428724 
3.308667 4.621760 5.487136 5.669749 5.513909 5.447102 5.535499 5.632218 5.719430 5.455933 
5.112895 5.137178 5.791075 6.191737 5.467900 4.495070 3.504271 2.574926 1.589049 0.480790 
2.607665 3.687660 4.699359 4.730670 4.279908 4.129056 4.267491 4.486940 4.709286 4.456853 
4.058633 4.207060 4.834453 4.951176 4.275331 3.348386 2.708449 2.002900 1.289053 0.653120 
2.830081 3.038563 3.289593 3.279377 3.258818 3.325264 3.378897 3.345370 3.344383 3.471797 
3.640019 3.715224 3.684873 3.609568 3.532650 3.491107 3.470209 3.206006 3.045036 3.452434 
2.663413 3.128783 3.734210 3.612468 3.438841 3.646174 3.995849 4.127427 4.035168 3.867169 
3.706961 3.548270 3.390028 3.301739 3.359390 3.596440 4.007689 3.846231 3.653254 4.072491 
3.015541 4.967100 5.850548 5.624821 5.122291 4.864379 4.876447 4.843246 4.580196 4.060332 
3.572262 3.360974 3.247152 3.044860 3.155517 4.037129 5.292602 5.321539 4.946887 4.703035 
4.094492 6.107730 6.523480 6.293925 5.966295 5.483127 5.117671 4.927752 4.792457 4.490877 
4.117529 4.152953 4.616207 4.753196 4.735216 5.514987 6.217837 6.233618 5.728465 4.950499 
4.273611 5.597357 5.719094 5.575263 5.472219 5.051016 4.211171 3.775574 3.935606 4.374014 
4.652298 4.932275 5.719841 6.353061 6.516581 6.874438 7.008737 6.741525 6.091834 5.059151 
4.021604 4.840025 4.704706 4.570089 4.516798 3.886530 2.714647 2.453357 2.583437 3.405100 
4.646346 5.403006 6.167380 6.683764 6.869643 7.087991 7.037748 6.832308 6.238741 5.096538 
3.644106 4.043053 3.620458 3.513594 3.553684 3.086675 1.630797 1.382912 1.415350 2.467011 
4.634670 5.606764 6.022550 6.179917 6.147199 6.281479 6.352738 6.373303 5.928384 4.925797 
3.309991 3.447253 2.692044 2.569925 2.762345 3.113688 1.847041 0.653472 0.900249 2.705799 
4.737363 5.236295 5.428951 5.427421 5.265390 5.292146 5.494608 5.799242 5.569693 4.727499 
3.732888 5.094608 3.867178 3.250236 3.782518 4.399145 3.850848 2.979977 3.071837 3.803517 
4.306752 4.425061 4.463587 4.437666 4.364923 4.454658 4.790300 5.388208 5.317492 4.592478 
4.378134 6.400291 6.838103 6.963786 6.709173 5.875943 4.536624 3.624783 3.382571 3.456175 
3.551970 3.528261 3.498416 3.459277 3.429436 3.551204 3.978297 4.854483 4.923058 4.442611 
3.892386 5.439311 6.272118 6.817724 6.982821 6.564059 5.712820 4.527890 4.024743 3.765953 
3.167379 2.691369 2.515701 2.465835 2.466596 2.649675 3.413539 4.564837 4.393641 4.142625 
2.929022 3.849935 5.029207 5.707868 6.060005 6.218283 6.321960 6.191894 5.930622 5.664608 
5.084652 3.888076 2.965687 2.605597 2.501194 2.996629 4.653821 4.657598 3.772875 3.691875 
2.385304 2.800191 3.901100 4.687927 5.078956 5.357615 5.606102 5.750740 5.822375 5.879416 
6.059556 6.216893 6.209149 6.019418 5.688882 5.437688 5.368483 4.654609 3.456888 3.407977 
2.008863 2.055542 2.653900 3.378483 4.043749 4.580118 4.856712 4.940430 5.009653 5.066706 
5.236892 5.480783 5.662223 5.763670 5.685083 5.510392 5.402422 4.844395 3.720086 3.383033 
1.935753 1.722353 1.866328 2.177767 2.818594 3.660314 3.907246 3.673423 3.549083 3.557623 
3.785913 4.201500 4.587783 4.900646 5.028811 5.049378 5.017382 4.632727 3.686080 3.359885 
2.559394 2.667211 2.542755 2.387427 2.657297 3.199013 3.052994 2.539963 2.321300 2.358841 
2.661799 3.180225 3.659433 4.014123 4.175411 4.216575 4.229115 3.993551 3.483186 3.430899 
3.152415 3.494436 3.560925 3.484931 3.431524 3.346078 3.034438 2.341423 2.052906 2.240599 
2.665719 2.943781 3.081634 3.220020 3.302917 3.322289 3.340097 3.235266 3.032348 3.281649 
2.604798 2.555168 2.561368 2.527880 2.518586 2.511727 2.462137 2.386008 2.324193 2.326405 
2.357145 2.355309 2.332826 2.347843 2.395242 2.419306 2.433751 2.387911 2.347046 2.766056 
1.727535 1.510851 1.488011 1.479218 1.491870 1.493178 1.480088 1.456446 1.435753 1.425074 
1.424472 1.415661 1.396628 1.401056 1.430500 1.445335 1.455037 1.435623 1.467609 1.993054 
4.103417 4.503778 4.365891 4.268699 4.224942 4.200483 4.172689 4.156421 4.162809 4.150934 
4.126508 4.110332 4.103638 4.143247 4.216417 4.314994 4.364720 4.332436 4.329601 4.324378 
