2.289427 1.662285 1.463946 1.516880 1.585788 1.515749 1.484357 1.547806 1.597218 1.595869 
1.510280 1.435828 1.415165 1.534182 1.705415 1.728412 1.609163 1.729461 1.975707 2.185563 
2.502718 1.739331 1.526981 1.618030 1.733091 1.527957 1.336512 1.365284 1.419356 1.334451 
1.167630 1.131202 1.224096 1.360332 1.443798 1.436072 1.336760 1.475571 1.757160 1.945610 
2.626533 1.837103 1.445046 1.530822 1.736665 1.592686 1.326740 1.274863 1.334837 1.425950 
1.556381 1.720836 1.896730 2.082134 2.062917 1.682128 1.216337 1.251339 1.605402 1.816723 
2.181458 1.203674 0.746304 0.790775 1.127743 1.310661 1.164434 1.005546 1.067523 1.494296 
2.008750 2.164135 2.067552 2.177970 2.184472 1.668751 0.939176 0.906982 1.261608 1.642916 
1.746814 0.747675 0.259029 0.213741 0.585286 0.932638 1.065043 1.004766 0.965487 1.363567 
1.900043 2.069199 1.780226 1.573459 1.541092 1.205184 0.684011 0.649000 1.087399 1.612848 
1.748261 0.799551 0.347132 0.284545 0.548410 0.938288 1.693350 2.019739 1.739395 1.520082 
1.700713 1.759869 1.268530 0.804159 0.654966 0.461246 0.214803 0.323780 0.912553 1.580732 
1.912797 1.007370 0.878746 1.036021 1.179038 1.648255 3.349118 4.301871 3.384948 2.250099 
1.776184 1.428571 0.931439 0.544578 0.445187 0.247984 0.053598 0.178344 0.830123 1.553342 
2.245541 1.593994 2.012430 2.415973 2.288826 2.266824 3.933987 5.463116 4.463087 2.801656 
1.664495 1.043096 0.767235 0.565179 0.616773 0.566409 0.314836 0.302972 0.911625 1.661978 
2.294571 1.945205 3.002856 3.715794 3.299399 2.382098 2.864990 3.808520 3.293481 2.204759 
1.344864 0.955663 0.691068 0.519361 0.645407 0.833153 0.582633 0.363503 0.959584 1.795477 
1.860598 1.143484 1.868540 2.478677 2.356440 1.882462 2.262849 2.635778 2.437642 1.976099 
1.644764 1.498000 1.333385 1.229512 1.322065 1.454459 1.100632 0.594490 1.100790 1.904363 
1.621468 0.527945 0.486998 0.757572 0.867636 1.163473 2.025395 2.554895 2.543503 2.369062 
2.317331 2.460340 2.640202 2.721123 2.802349 2.791775 2.067696 1.154392 1.409955 2.036744 
2.174285 0.989119 0.456603 0.434217 0.353493 0.643161 1.282435 1.836385 2.074425 2.176445 
2.581578 3.352995 3.990178 4.229728 4.255278 3.866361 2.548138 1.547954 1.921058 2.404785 
3.092208 1.947767 1.016954 0.695363 0.580687 0.595098 0.723560 0.961741 1.187031 1.380761 
1.676719 2.261776 2.734322 2.929054 2.962268 2.703722 1.773850 1.660664 2.549028 2.914768 
3.682510 2.982584 1.944550 1.445568 1.243010 1.134424 1.071642 1.020955 0.958163 0.917084 
0.897105 1.000981 1.052158 1.147040 1.387554 1.525915 1.419107 1.733161 2.742603 3.200171 
3.893752 3.610429 2.944245 2.646052 2.185545 1.713075 1.486334 1.386194 1.264633 1.196431 
1.170525 1.177961 1.072494 1.026327 1.143281 1.275480 1.331587 1.505975 2.405287 3.194305 
3.597367 3.420647 3.317069 3.487117 3.115637 2.320657 2.117956 2.289243 2.367299 2.317490 
2.138526 1.874347 1.618725 1.422625 1.357180 1.366294 1.307389 1.442912 2.340759 3.171263 
3.049633 2.473288 2.259976 2.457186 2.438921 2.201844 2.481298 3.055985 3.369752 3.226229 
2.815217 2.405327 2.159619 1.940772 1.825292 1.749767 1.636009 1.775069 2.616688 3.192242 
2.971821 2.556911 2.438949 2.529884 2.504436 2.462826 2.597358 2.916107 3.010171 2.949726 
2.773536 2.706230 2.781213 2.746917 2.737921 2.819716 2.799939 2.845327 3.408234 3.523759 
4.147377 4.199216 4.236220 4.334002 4.337459 4.330533 4.335035 4.347911 4.346973 4.389968 
4.385806 4.370524 4.455470 4.387656 4.393457 4.526585 4.589906 4.601265 4.871588 4.247734 
4.090998 4.280746 4.285087 4.333990 4.377643 4.432829 4.487420 4.512244 4.502164 4.505558 
4.488913 4.471407 4.480064 4.412712 4.363431 4.410268 4.433006 4.475010 4.700700 4.099685 
-2.149635 -2.488547 -1.763025 -1.407204 -1.439159 -1.452359 -1.597792 -1.648020 -1.491897 -1.334050 
-1.311379 -1.087177 -1.158313 -1.191244 -1.118179 -0.987767 -1.164271 -1.473568 -1.814830 -1.257213 
-1.973936 -2.897806 -1.975946 -1.984456 -1.876128 -1.823239 -1.814458 -1.737049 -1.493205 -1.400691 
-1.282944 -1.114269 -1.136945 -1.366897 -1.500802 -1.285069 -1.444999 -1.906458 -2.322681 -1.168920 
0.179341 -0.715224 -0.241472 -0.617505 -0.617389 -0.609725 -0.671482 -0.580460 -0.457771 -0.388981 
-0.306339 -0.327146 -0.394488 -0.597474 -0.726360 -0.590680 -0.545411 -0.794641 -0.628930 0.268590 
1.146300 0.670236 1.136823 0.636360 0.559138 0.413883 0.116216 -0.462697 -0.041702 0.282181 
0.453173 0.382739 0.129584 -0.221399 -0.373215 0.054327 0.405047 0.374388 0.953982 1.195871 
1.199950 1.076607 1.374854 0.720934 1.301430 0.744004 -1.048492 -1.523832 -1.161987 0.134321 
1.308114 1.479286 1.356514 0.964293 0.854632 1.226507 1.531452 1.634068 2.168431 1.887878 
0.986129 0.886930 0.336983 -0.595520 0.624960 0.289684 -2.013965 -2.870609 -2.509393 -0.491312 
1.548698 2.302284 2.464400 2.110366 1.886159 2.190972 2.445704 2.458629 2.757275 2.186532 
0.727496 0.552141 -0.314750 -0.571974 1.065870 0.881400 -0.998495 -1.968526 -1.644314 0.125452 
1.772997 2.807747 3.065233 2.607336 2.293746 2.582395 2.945726 3.024582 3.135168 2.246542 
0.498358 0.426056 0.187427 0.473166 1.646675 1.650388 0.214613 -1.117603 -0.294459 1.150374 
2.188189 2.948257 3.170412 2.611443 2.210180 2.406548 2.994213 3.400405 3.296776 2.248514 
0.850671 1.186431 1.793290 1.794980 2.479300 2.183083 1.095461 0.390810 0.818165 1.525036 
2.012248 2.447166 2.685129 2.324003 1.930036 2.055987 2.670213 3.035783 3.049417 2.216691 
0.505438 1.749281 2.871230 3.160225 3.465291 2.869025 2.093982 1.522348 1.536774 1.128120 
1.454406 2.148216 2.573567 2.422286 2.204821 2.149792 2.948412 3.239629 3.157187 2.205004 
-1.156234 0.423856 2.851206 3.562725 3.926916 3.584993 3.061921 2.469068 2.166304 1.885484 
1.910939 2.263038 2.437401 2.411222 2.205697 2.398068 3.197758 3.391499 3.049769 1.838033 
-2.800623 -1.589252 2.483481 4.215218 4.578358 4.267902 3.715777 2.990226 2.841159 2.765719 
2.820865 2.983541 3.073256 2.947570 2.764949 3.011442 3.602623 3.406660 2.771785 1.415586 
-2.336396 -2.145639 0.719398 3.398497 4.226666 3.967887 3.252586 2.785362 3.141810 3.425964 
3.533356 3.602700 3.639834 3.491368 3.430846 3.686268 3.981614 3.382720 2.682407 1.114212 
-0.489038 -1.479781 0.009240 0.956581 2.217157 2.557924 2.338347 2.109297 2.497758 2.803618 
2.995789 3.055394 3.163172 3.240534 3.386641 3.627328 3.777573 3.477851 2.690089 0.865726 
0.665184 -0.311786 0.065295 -0.403714 -0.141243 0.779056 0.906109 0.009904 -0.460631 -0.494464 
0.043139 1.094331 2.362365 3.248528 3.500574 3.411684 3.423771 3.182450 2.409655 0.907249 
1.070438 0.709529 0.910083 0.127069 -0.290893 -0.289189 -0.756549 -1.736609 -2.592561 -2.258636 
-1.806865 -1.103953 -0.393320 0.611636 0.758884 1.167099 1.856925 2.192505 1.924955 1.330462 
0.891574 0.908695 1.429208 0.848377 -0.058985 -0.698526 -1.326529 -2.383451 -2.582079 -1.918836 
-1.604801 -1.786656 -1.989563 -1.382146 -0.669553 -0.032034 0.682496 1.372156 1.380810 1.489891 
-0.715270 -1.474293 -0.500708 -0.740884 -1.590497 -2.152911 -2.452937 -2.886814 -3.038502 -2.918089 
-3.124797 -3.155357 -3.474678 -2.951490 -2.227659 -1.429735 -0.382745 0.122474 0.143703 1.016571 
-1.353830 -2.412123 -1.144550 -0.868148 -1.616200 -2.418471 -2.553124 -2.701153 -2.966273 -3.045298 
-3.144910 -3.262392 -3.297513 -2.809837 -2.068096 -1.544442 -1.044544 -1.091332 -0.715952 0.345335 
0.288851 0.008523 0.477467 0.495042 0.026631 -0.534013 -0.806553 -0.870198 -0.895530 -0.901513 
-1.091151 -1.369374 -1.371867 -0.968670 -0.385255 0.139420 0.350788 0.190525 0.440601 1.004562 
-0.027648 -0.633816 -0.314203 -0.185213 -0.138493 -0.119867 -0.142854 -0.092488 0.050085 0.147378 
0.215244 0.291382 0.291865 0.240773 0.267161 0.304905 0.229239 0.025161 -0.273442 0.543359 
2.191422 2.115376 2.420275 2.297489 2.257175 2.296026 2.318112 2.375097 2.380560 2.303627 
2.258062 2.201757 2.111964 1.991326 2.067951 2.253339 2.269676 2.205976 2.228167 2.523022 
3.548698 3.713449 4.049928 3.993116 3.962544 3.942340 3.860461 3.866552 3.817982 3.677528 
3.622986 3.663144 3.612030 3.449696 3.510891 3.695692 3.636639 3.535947 3.852826 3.714108 
3.790180 4.075296 4.459441 4.471614 4.516146 4.242704 3.692447 3.296575 3.414284 3.767338 
4.096086 4.339569 4.494187 4.463673 4.466981 4.490705 4.253855 4.111760 4.414443 4.075689 
3.728056 3.900411 4.098873 3.943005 4.115938 3.587863 2.498124 1.959273 2.152999 3.051556 
3.817655 4.218839 4.599556 4.711389 4.661074 4.635695 4.371449 4.205945 4.428588 4.100311 
3.614672 3.577174 3.321432 3.090080 3.416103 2.880719 1.451833 0.814801 1.175149 2.370702 
3.418010 4.015030 4.400434 4.482272 4.538231 4.605626 4.454077 4.353353 4.546879 4.189386 
3.395828 3.191468 2.905905 3.031588 3.468325 2.769024 0.730671 -0.528227 0.494183 2.288868 
3.466312 4.055771 4.328992 4.369966 4.555380 4.676577 4.596264 4.498410 4.610253 4.162414 
3.373823 3.313932 3.360806 3.740325 3.977535 3.333422 2.048034 1.216208 1.796786 2.887665 
3.651005 4.161747 4.414440 4.476154 4.734922 4.798830 4.679939 4.471319 4.537701 4.103116 
3.676168 3.841446 4.080138 4.399688 4.537380 4.011382 3.609666 3.451743 3.393114 3.519439 
3.772026 4.058789 4.254297 4.326724 4.573988 4.667197 4.529402 4.298214 4.395990 4.045922 
3.487726 3.948080 4.364531 4.643020 4.856456 4.471576 4.255088 4.124702 3.830372 3.581434 
3.685810 3.955571 4.139420 4.153167 4.241866 4.287029 4.302687 4.183470 4.318470 4.030437 
2.494908 3.211922 4.391371 4.799315 4.986925 4.680859 4.363325 4.097623 3.967958 3.913502 
3.955132 4.124746 4.239538 4.187273 4.168950 4.235644 4.330518 4.216964 4.270197 3.926640 
1.089250 1.810732 3.641392 4.615642 4.980558 4.812943 4.466810 4.231012 4.306515 4.359726 
4.304525 4.302436 4.324842 4.176883 4.129641 4.306614 4.445642 4.285931 4.206869 3.823282 
2.075804 2.033605 3.022657 4.002555 4.576228 4.680632 4.501694 4.382051 4.443225 4.497353 
4.499303 4.485927 4.529655 4.448303 4.403320 4.533035 4.511279 4.296287 4.144446 3.763947 
2.828425 2.279330 2.513074 2.976178 3.720671 4.142555 4.165126 4.020135 3.889209 3.861974 
3.972858 4.192214 4.376619 4.402931 4.381664 4.451529 4.409319 4.279097 4.026777 3.584152 
2.963591 2.581132 2.477361 2.370872 2.729952 3.251944 3.089655 2.573282 2.185134 2.134640 
2.347128 2.839365 3.376526 3.654495 3.670062 3.685278 3.814162 3.786953 3.473199 3.080062 
3.120996 3.116862 3.214141 2.859881 2.609273 2.634636 2.211674 1.705196 1.381216 1.473024 
1.742283 2.073935 2.490189 2.880377 3.099891 3.207012 3.309404 3.316377 3.199750 3.183176 
3.200678 3.209428 3.459198 3.269758 2.938498 2.672562 2.118040 1.466165 1.559379 1.941383 
2.102935 1.978454 2.004726 2.522517 3.122261 3.325222 3.333031 3.269386 3.360058 3.501626 
2.567181 2.439778 2.751130 2.741857 2.519260 2.248790 1.924762 1.664777 1.621030 1.676041 
1.610827 1.463343 1.307238 1.632146 2.192746 2.591599 2.801533 2.818526 3.013737 3.381554 
2.096995 1.803433 2.092642 1.951411 1.528661 1.074770 0.924743 0.967343 0.968180 0.878572 
0.656650 0.386650 0.278696 0.598513 1.291730 1.843340 2.161308 2.286013 2.563401 3.052865 
2.730658 2.730130 2.909349 2.702780 2.401937 2.150995 2.067916 2.088550 2.096575 2.088794 
2.062926 2.006052 1.964135 2.057338 2.299187 2.507428 2.636081 2.765849 3.161495 3.327625 
2.802416 1.375209 -1.165287 -1.852027 -1.561871 -1.570645 -1.299953 -1.242582 -1.662383 -1.641564 
-1.148249 -1.236959 -0.782408 -0.016016 -0.156250 -0.436453 0.520176 1.382450 1.818788 -1.003458 
2.592471 0.773084 -2.412684 -3.422879 -3.363823 -3.557266 -3.115621 -2.944493 -3.281716 -3.193906 
-2.970132 -3.285231 -2.901447 -1.803291 -1.538894 -1.789251 -0.523690 1.648889 1.903303 -2.098617 
2.734521 1.602232 -1.525732 -2.177397 -2.368726 -2.690794 -2.021250 -1.953966 -2.343066 -2.110973 
-2.473758 -2.943239 -2.218973 -0.796725 -0.796795 -1.462996 -0.762398 2.988537 2.579716 -1.535121 
2.912207 1.795447 -0.794095 -0.956053 -1.503244 -1.637177 -0.702583 -0.945104 -1.460717 -1.390338 
-1.944369 -2.219993 -1.078167 0.649760 0.592700 -0.454919 -0.504426 3.419768 2.807645 -1.205199 
2.809912 1.461213 -0.131355 0.365754 -1.381410 -0.380419 1.113779 0.623328 -0.166732 -0.809035 
-1.220388 -1.175898 -0.528871 1.429982 1.427052 0.607881 0.256737 3.028150 2.708037 -1.480435 
2.540915 1.091882 1.006506 1.409864 -1.670915 0.814478 2.233279 1.864167 0.199570 -0.747044 
-1.132842 -1.409615 -0.617619 1.679790 1.425640 0.494820 -0.240355 2.849625 2.675396 -1.579824 
2.285509 1.237369 2.226600 1.656646 -2.167912 1.166959 3.275898 2.792862 0.245484 -0.682399 
-1.000651 -1.323373 -0.114897 2.256719 1.331064 0.405585 -0.707780 2.827235 2.782273 -1.503713 
2.104160 1.611017 2.511123 2.100811 -2.160025 0.858972 3.313820 2.644748 0.098214 -0.483394 
-0.858284 -1.288801 -0.694935 2.296277 1.363066 0.389342 -1.348268 2.730588 2.667384 -1.549843 
2.281758 1.925729 2.421706 2.552402 -1.604936 0.188244 1.919204 1.812013 0.392740 -0.478016 
-1.091736 -1.296936 -0.784202 1.753843 1.509437 0.487579 -1.511758 2.493201 2.627104 -1.691052 
2.595314 1.968405 1.599386 1.926969 -1.465197 -0.965416 0.953223 0.890178 0.350673 -0.864947 
-1.477373 -1.245737 -0.693772 0.869078 1.288702 0.409766 -1.550914 2.248632 2.629349 -1.696769 
2.661049 1.742844 0.200029 -0.789179 -2.163508 -1.911993 0.808232 0.734845 -0.048640 -0.979777 
-1.567425 -0.498526 -0.613934 0.593237 1.435771 0.803264 -1.323094 2.270833 2.663865 -1.804718 
2.567132 1.424965 -0.744409 -1.581132 -2.381902 -2.391788 0.287726 0.704951 0.004464 -1.472018 
-1.350790 -0.143241 -0.183329 0.684492 1.744323 1.191887 -0.176990 2.521441 2.704251 -2.089109 
2.492260 1.348642 -1.179939 -1.703848 -2.358642 -2.634990 -0.991466 0.215236 -0.187604 -1.452417 
-1.474607 -0.395106 0.313828 0.732443 1.654475 1.140844 0.364491 2.830669 2.890609 -1.953539 
2.788156 1.889059 -1.132044 -1.589555 -2.154985 -2.283139 -1.746018 -1.102742 -1.063732 -1.340970 
-1.700878 -1.314653 -0.766994 -0.901356 -0.004444 0.182181 0.388304 2.915169 3.222926 -1.292426 
3.112370 2.209657 -0.900734 -1.237511 -1.692762 -1.758664 -1.613265 -0.920093 -0.413468 -0.963659 
-1.489891 -1.576311 -1.450242 -1.610517 -0.847411 -0.377839 0.751141 2.760693 3.592363 -0.558113 
3.152395 2.265888 -0.528938 -0.599957 -0.705586 -0.904294 -0.625453 0.212922 0.256790 -0.556252 
-1.266412 -1.487548 -1.447768 -1.433293 -1.156574 -0.878185 1.203977 2.481194 3.829367 -0.180987 
3.085984 2.127618 -0.489479 -0.781856 -0.471730 -0.425831 0.395943 0.582410 0.632760 0.026054 
-0.618358 -0.837139 -1.019391 -1.224020 -1.402837 -1.107248 1.132808 2.479977 4.022717 -0.186883 
2.972643 2.174039 -0.742752 -1.771307 -1.526106 -1.058100 -0.163108 -0.031455 -0.007894 -0.069641 
-0.520650 -0.395820 -0.379560 -1.094204 -1.417304 -1.242587 1.197269 2.651121 4.019651 0.089657 
2.850096 1.981035 -1.087596 -2.310782 -2.259665 -1.537539 -0.862642 -0.776406 -0.766435 -0.938602 
-1.217685 -0.993095 -0.965609 -1.583840 -1.820632 -1.404336 1.146329 2.702938 3.436227 -0.509403 
2.513460 2.027949 0.126236 -0.801326 -0.925070 -0.169077 0.232218 0.075771 0.120768 -0.188742 
-0.303110 -0.056850 -0.182940 -0.583714 -0.965138 -0.282283 1.668066 2.601526 2.903631 0.099258 
3.189048 1.317436 0.773884 1.269500 1.629491 1.831655 1.904241 1.866922 1.882472 2.030749 
2.160532 2.205502 2.207902 1.978133 1.733279 1.762113 1.898886 1.799350 1.338886 1.757724 
4.117476 1.607035 0.704577 1.293085 1.798055 2.141092 2.299683 2.244994 2.221833 2.391409 
2.512102 2.529881 2.564689 2.258824 1.894028 2.003958 2.307151 2.307336 1.599784 2.196728 
3.605344 1.035435 0.172475 0.855414 1.378605 1.872321 2.081529 1.984741 2.042313 2.243636 
2.244726 2.355825 2.555451 2.266768 1.758565 1.761145 2.290220 2.331528 1.208627 2.186546 
3.620529 1.147938 0.508523 1.138585 1.479091 2.157583 2.272934 1.825854 1.900613 2.022283 
1.965338 2.229732 2.504595 2.213399 1.596394 1.593189 2.552251 2.629083 1.212862 2.262220 
3.656408 1.288019 0.969273 1.183322 1.199094 2.249629 2.518311 1.920164 1.753186 1.675353 
1.775747 2.296819 2.570378 2.240559 1.511047 1.424193 2.593083 2.626460 1.198667 2.287124 
3.722206 1.626351 1.785165 1.176531 0.886188 2.431495 3.095981 2.285567 1.406666 1.291117 
1.634498 2.361447 2.694665 2.270686 1.231366 1.168738 2.492855 2.615874 1.233059 2.278554 
3.757800 2.027956 2.609189 1.116883 0.660194 2.560940 3.440981 2.308149 0.814392 0.891707 
1.479895 2.277592 2.913185 2.495793 0.956463 0.910185 2.290906 2.672207 1.360917 2.322753 
3.802656 2.385827 3.114472 1.145991 0.551313 2.509820 3.785692 3.202606 1.319617 0.944814 
1.475195 2.302919 3.061299 2.716503 0.929687 0.758234 2.110840 2.700901 1.421878 2.390395 
3.755844 2.304742 2.900414 1.130884 0.583775 2.347267 3.263942 3.012109 1.546020 1.137309 
1.713097 2.357623 2.992493 2.716693 1.114738 0.764324 1.977062 2.658212 1.405480 2.382200 
3.636403 2.025683 2.187948 1.224478 0.933206 2.342961 2.965947 2.559804 1.751889 1.459023 
1.909075 2.488184 2.839218 2.582669 1.330660 0.857011 1.967581 2.613685 1.333717 2.249982 
3.475251 1.527531 1.094288 1.154497 1.298624 2.360676 3.006801 2.487875 1.763558 1.622947 
2.007074 2.486627 2.388594 2.221558 1.360384 0.884923 1.958772 2.580102 1.238641 2.068435 
3.440125 1.119134 0.107537 0.664715 1.351519 2.353650 3.133027 2.778208 2.033119 1.786607 
2.062485 2.436708 2.115581 1.927818 1.404352 1.004096 1.949735 2.434232 1.095773 1.894920 
3.820449 1.149375 -0.195505 0.461771 1.345748 2.394832 3.237911 3.112219 2.495852 2.158154 
2.246984 2.517614 2.204756 1.962638 1.803800 1.589871 2.200312 2.296613 1.049776 1.816321 
3.584486 0.923705 -0.257189 0.373540 1.348269 2.484084 3.200946 3.228984 2.831751 2.460620 
2.353439 2.576301 2.441766 2.339876 2.364459 2.188862 2.337067 2.212445 1.170309 1.997416 
3.597244 1.112763 0.047879 0.561720 1.443285 2.402485 2.855552 2.890885 2.637510 2.297241 
2.218251 2.417608 2.480500 2.581712 2.623839 2.470438 2.499411 2.194844 1.375457 2.294154 
3.622482 1.277658 0.232465 0.843547 1.646355 2.295180 2.673014 2.826784 2.434085 2.118506 
2.106460 2.308494 2.503501 2.694025 2.821041 2.805796 2.766689 2.287588 1.686099 2.639455 
3.716203 1.461977 0.394726 1.008159 1.715272 2.123323 2.399922 2.229596 1.881658 1.850488 
2.042126 2.253899 2.420303 2.583314 2.823395 2.944674 2.882828 2.284948 1.731792 2.629044 
3.769183 1.636625 0.502076 1.040162 1.693884 2.127244 2.314177 2.242131 2.004566 2.011728 
2.054245 2.188050 2.365387 2.502548 2.769637 2.984108 2.858835 2.137743 1.508596 2.412922 
3.836931 1.676695 0.415906 0.778302 1.241190 1.700852 1.891920 1.820051 1.805066 1.781682 
1.703401 1.749808 1.943780 2.094420 2.443500 2.742103 2.577939 1.816471 1.212271 2.251834 
3.737695 2.158056 1.292455 1.567730 1.892142 2.244313 2.325520 2.204853 2.171330 2.097408 
2.052588 2.144681 2.391915 2.504402 2.582880 2.766407 2.584405 1.976853 1.617365 2.401327 
0.435091 0.139908 1.572875 2.291681 2.578725 2.622299 2.572906 2.520493 2.668735 2.833355 
2.839370 2.815691 2.745918 2.518294 2.422487 2.502673 2.394103 1.932461 1.591358 1.837502 
-0.217100 -0.636045 1.297198 2.299428 2.817794 2.977171 2.906328 2.797964 2.932323 3.106926 
3.151302 3.223457 3.202262 2.922097 2.773484 2.814339 2.658530 1.917952 1.298643 1.623304 
-0.284418 -0.771657 1.168407 2.103494 2.685711 2.929538 2.814836 2.713415 2.892958 2.989735 
3.060580 3.235313 3.223589 2.806825 2.627831 2.767838 2.764195 1.825043 1.035928 1.425291 
-0.302175 -0.757309 1.115705 1.872364 2.424039 2.679026 2.332275 2.188723 2.528163 2.593329 
2.712266 2.870080 2.723559 2.261102 2.084219 2.394927 2.447471 1.432328 0.735147 1.214058 
-0.284080 -0.642131 1.047574 1.478447 2.121343 2.405800 1.603573 1.270559 1.794954 2.187075 
2.452958 2.551903 2.379078 1.982850 1.838932 2.147757 2.054106 1.117779 0.632596 1.170791 
-0.247302 -0.482419 0.788854 0.801529 1.809162 2.168537 0.808536 0.122019 1.095753 1.960701 
2.401206 2.563195 2.427168 1.842203 1.621585 2.111648 2.064479 1.146998 0.610687 1.144976 
-0.191425 -0.372814 0.309855 0.132527 1.588047 2.064520 0.282318 -0.743534 0.612424 1.857763 
2.372496 2.627311 2.500683 1.665274 1.376576 2.066124 2.248841 1.399354 0.638505 1.095299 
-0.132858 -0.352964 -0.003653 -0.222298 1.463089 2.136974 0.486177 -0.563168 0.629039 1.795973 
2.423603 2.787453 2.784434 1.840819 1.444393 2.128152 2.517319 1.738040 0.727336 1.098147 
-0.152917 -0.402913 0.004592 -0.058776 1.469238 2.288086 1.297804 0.558313 1.219426 2.073231 
2.745868 3.061615 3.004944 2.171611 1.778920 2.305520 2.721421 2.001112 0.863597 1.192880 
-0.120769 -0.418934 0.408584 0.676406 1.805724 2.526527 2.063272 1.503582 1.760276 2.381718 
2.996056 3.193548 2.998430 2.383127 2.075170 2.469992 2.852889 2.136734 0.957750 1.297681 
-0.109889 -0.440120 0.862370 1.624200 2.397982 2.824973 2.539543 1.851656 1.901819 2.392918 
2.978220 3.043890 2.820897 2.449944 2.211356 2.484617 2.870246 2.103490 0.980200 1.422428 
-0.105100 -0.456296 1.096597 2.009724 2.731965 3.049295 2.865978 2.144237 1.964116 2.450977 
2.972354 2.953965 2.702693 2.514545 2.355941 2.435590 2.678696 1.865091 1.027891 1.645360 
-0.185984 -0.511357 1.230274 2.211553 2.965520 3.306525 3.243266 2.672773 2.396110 2.702595 
3.121191 3.100505 2.739977 2.581963 2.525563 2.471730 2.572889 1.833616 1.192564 1.811727 
-0.181942 -0.580069 1.255943 2.266393 3.111869 3.483598 3.513214 3.281633 3.005558 3.031033 
3.234143 3.326689 3.128339 3.077037 3.023421 2.774135 2.665742 1.956976 1.290704 1.724215 
-0.155614 -0.583063 1.250408 2.258905 3.066421 3.381073 3.402965 3.266106 2.970284 2.934630 
3.130847 3.348515 3.372315 3.394076 3.314419 3.012033 2.758456 2.038789 1.318340 1.478107 
-0.083116 -0.558850 1.204333 2.132147 2.700528 2.917098 2.921890 2.700269 2.434935 2.627676 
3.019017 3.303739 3.425087 3.515933 3.492327 3.318023 2.933675 2.031218 1.243427 1.257644 
-0.063678 -0.521424 1.177203 2.093029 2.563812 2.715958 2.625589 2.411661 2.299553 2.567354 
2.999308 3.254482 3.366791 3.526722 3.642010 3.645003 3.189960 2.123810 1.300986 1.307082 
-0.023932 -0.513244 1.158662 2.222424 2.877900 3.070999 2.952358 2.764294 2.724603 2.908217 
3.211230 3.360164 3.399044 3.609708 3.822664 3.902442 3.424965 2.291383 1.569664 1.607588 
0.073123 -0.449854 1.214841 2.385150 3.163125 3.471810 3.381304 3.226859 3.142866 3.213859 
3.420689 3.573142 3.623804 3.751529 3.891947 3.965906 3.414398 2.343658 1.843557 2.060709 
0.618922 0.316251 1.386322 2.178100 2.720699 2.882967 2.777585 2.693624 2.627255 2.657851 
2.822154 2.920688 2.969059 3.044656 3.160790 3.177924 2.748416 2.080368 1.869416 2.022563 
4.544049 0.748939 -0.947195 -1.613017 -1.265420 -1.102069 -0.941325 -0.942115 -1.024596 -1.078421 
-0.867779 -0.791192 -0.784418 -0.592527 -0.233364 -0.386565 0.048518 0.650146 1.529550 2.194652 
5.366316 0.102744 -1.899434 -2.525943 -2.279274 -2.188106 -2.028035 -2.171110 -2.172044 -2.058443 
-1.895042 -2.004293 -1.999190 -1.940822 -1.575418 -1.479907 -0.792582 0.047987 1.400864 2.034623 
5.261528 0.237884 -1.480931 -1.967457 -1.914459 -1.701298 -1.450939 -1.757554 -1.724100 -1.680025 
-1.624825 -1.852422 -1.590198 -1.460488 -1.090418 -1.079329 -0.611915 0.050830 1.771364 2.433367 
5.298502 0.354195 -0.820777 -1.008028 -1.395811 -1.085146 -0.545230 -1.029307 -1.070659 -1.195366 
-1.262210 -1.448239 -0.898100 -0.678092 -0.336295 -0.276901 0.385903 0.755958 1.832144 2.805579 
5.168350 0.118336 -0.512035 0.003372 -0.905925 -0.640775 0.652736 0.250437 -0.069442 -0.564925 
-0.900994 -0.947047 -0.542731 -0.517058 -0.170256 0.149528 1.511879 1.311595 1.568320 2.937795 
5.016882 -0.130971 -0.216603 0.948300 -0.662339 -0.385470 2.389184 1.886021 0.202160 -0.474888 
-0.615452 -0.775966 -0.751410 -0.531912 -0.290590 0.038082 1.225163 1.082738 1.549816 2.982774 
4.927641 -0.123550 1.037198 1.263283 -0.835771 -0.334471 3.890996 3.645642 0.107465 -0.554843 
-0.489476 -0.641272 -0.444890 0.018467 -0.317645 -0.139973 1.022964 1.001549 1.635159 3.091721 
4.907443 0.057059 1.903076 0.963134 -0.651694 -0.485470 3.169293 3.398084 -0.067491 -0.515334 
-0.404054 -0.586970 -0.353908 -0.228926 -0.322382 -0.148458 0.957394 0.672092 1.719775 3.194742 
4.966382 0.171111 1.749077 0.916204 -0.199023 -0.626970 1.529340 1.348971 -0.267006 -0.577734 
-0.556128 -0.645384 -0.379537 -0.610690 -0.126960 0.066646 0.953293 0.261473 1.712937 3.175204 
5.014289 0.174486 0.228505 0.275935 -0.140849 -0.814812 0.203585 -0.149097 -0.630852 -0.922965 
-0.901163 -0.843584 -0.542161 -0.695019 -0.103170 0.041089 0.772730 0.044094 1.725885 3.010523 
4.967893 -0.068173 -0.857832 -1.183742 -1.265516 -1.353991 -0.264054 -0.232808 -0.742102 -1.109539 
-1.022604 -0.924726 -0.571775 -0.914920 -0.160733 0.043598 0.680151 0.126198 1.717775 2.771104 
5.065441 -0.246438 -1.537657 -1.647303 -1.592418 -1.490054 -0.410165 -0.031839 -0.599163 -1.222882 
-1.249222 -0.720694 -0.421898 -0.681834 -0.065333 0.397978 0.705801 0.469983 1.624865 2.410953 
5.027637 -0.139371 -1.516864 -1.629174 -1.412237 -1.365986 -0.684005 -0.217377 -0.399788 -1.013072 
-1.344363 -0.912128 -0.561938 -0.535967 -0.091577 0.232497 0.157754 0.529142 1.613138 2.237772 
4.946161 0.182942 -1.354968 -1.380010 -1.015853 -1.042486 -0.667363 -0.501362 -0.649841 -0.954074 
-1.066829 -0.919084 -0.823365 -0.788816 -0.588097 -0.534590 -0.187803 0.476111 1.874010 2.628208 
4.791376 0.185723 -1.433513 -1.127834 -0.629276 -0.748985 -0.507800 -0.489854 -0.395764 -0.481183 
-0.802582 -0.813748 -0.795149 -0.812743 -0.652942 -0.528691 -0.039471 0.627338 2.175806 3.456656 
4.753873 -0.013204 -1.639175 -1.118338 -0.361214 -0.496370 -0.082043 -0.064170 0.120454 -0.227813 
-0.640295 -0.685971 -0.643403 -0.727796 -0.602565 -0.512310 -0.027610 1.086145 2.384235 3.901126 
4.671985 -0.075300 -1.839253 -1.247922 -0.502155 -0.226012 0.083134 0.490842 0.162593 -0.005581 
-0.367610 -0.292911 -0.293807 -0.511978 -0.560197 -0.573473 0.007848 0.915096 2.432956 3.883209 
4.601662 0.064810 -1.913858 -1.707184 -1.288081 -0.718439 -0.280806 0.049078 -0.146423 -0.173137 
-0.334025 -0.169145 0.108962 -0.215444 -0.471566 -0.444327 -0.088270 0.888543 2.142737 3.796356 
4.550318 0.176863 -1.859272 -1.840194 -1.497741 -0.892531 -0.581587 -0.492491 -0.616225 -0.748927 
-0.844377 -0.621325 -0.449737 -0.596595 -0.934521 -0.641963 -0.101041 0.626196 1.669754 2.766109 
3.506172 0.856023 -0.473690 -0.557800 -0.587754 -0.258558 0.117394 0.186039 0.078608 -0.015037 
-0.119958 0.031629 0.092050 -0.057352 -0.307798 -0.131612 0.410046 1.043048 1.645158 2.205808 
-0.125295 -1.143070 -1.908484 -1.735885 -1.583494 -1.641753 -1.853222 -2.073076 -2.221843 -1.942257 
-1.483287 -1.303847 -1.155187 -1.090322 -1.035013 -1.149059 -0.980144 -0.517898 -0.658333 -1.516699 
0.979762 -0.647845 -1.955401 -2.140790 -2.217932 -1.932887 -1.442283 -0.912307 -0.627956 -0.760296 
-1.180493 -1.527606 -1.744715 -1.453022 -1.097818 -0.926735 -0.889166 0.232783 -0.067934 -0.771619 
1.397602 0.221102 -0.521170 -0.424213 -0.440668 -0.565388 -0.918007 -0.922890 -0.870550 -1.252819 
-2.040252 -2.707731 -2.617881 -2.330631 -1.765434 -1.391842 -1.025177 0.456609 0.073720 -1.325644 
1.517827 -0.166005 -1.107429 -1.186498 -1.066764 -1.109011 -1.560623 -1.543279 -1.347766 -1.064139 
-0.881759 -0.748823 -0.167972 0.348170 0.548244 -0.410346 -1.381783 0.105238 -0.382474 -2.069461 
0.459036 -1.304638 -2.525697 -2.585165 -2.528319 -1.587122 -1.687347 -1.808473 -1.943778 -1.311503 
-0.326804 -0.656274 -0.952175 -0.434612 0.064422 -1.346196 -2.561225 -1.224226 -1.753491 -2.830076 
-0.106913 -1.615772 -2.656905 -2.719477 -3.112996 -1.638211 -1.227064 -1.162226 -1.311914 -1.648934 
-1.314645 -1.426656 -1.462261 -1.444534 -1.514968 -2.380560 -3.165985 -1.558357 -2.304137 -3.124869 
-0.436783 -2.154546 -3.075384 -2.725099 -3.392530 -1.700634 -0.301865 -0.807941 -0.333023 -0.707658 
-0.972491 -1.288628 -1.898216 -1.946550 -2.148398 -3.221426 -3.659923 -2.047377 -2.457360 -3.166897 
-0.377612 -2.037884 -2.446682 -2.978942 -3.461218 -0.465083 2.558152 4.702125 3.772802 1.289395 
-0.209298 -2.019635 -2.151292 -1.853681 -1.900123 -3.260908 -3.870558 -2.283499 -2.572229 -3.255172 
0.500113 0.094668 -0.141430 -0.803015 -1.171858 0.265780 2.671291 6.777023 5.748840 2.083205 
-1.165264 -2.525289 -2.720235 -2.418462 -2.225201 -3.027844 -3.636293 -2.398417 -2.622189 -3.259081 
0.304183 -0.310476 1.493490 1.549431 0.546772 -0.103967 -0.070208 1.349976 1.035507 -0.911974 
-2.436841 -3.060928 -3.460223 -3.621258 -3.450253 -3.790416 -4.081090 -3.119085 -3.059421 -3.178159 
0.234385 -0.790481 -1.682004 -1.724888 -2.149464 -2.148607 -0.881934 -0.705345 -0.754786 -1.506710 
-2.276375 -3.001423 -3.881974 -4.193256 -4.085266 -4.214654 -4.176778 -2.963767 -3.019122 -3.054410 
-0.038924 -1.421587 -3.228037 -3.486412 -3.637242 -2.788558 -0.472537 0.544595 0.137611 -0.777561 
-0.900830 -1.089553 -1.375019 -1.522401 -1.535279 -1.567084 -1.544519 -1.985944 -2.883929 -3.033616 
1.374797 -0.489235 -2.445977 -3.280203 -3.540664 -2.965151 -1.959340 -1.048234 -0.683997 -0.678645 
-0.023467 1.382673 2.250470 2.378562 2.383244 1.681408 -1.016244 -1.568439 -2.094916 -2.333205 
1.735002 0.472985 -1.663936 -2.819072 -3.355134 -2.988885 -2.549346 -2.195306 -2.074455 -1.944888 
-1.829901 -1.231108 -0.929991 -0.813422 -0.797896 -1.075980 -1.824799 -0.791359 -0.229874 -1.185590 
2.184314 1.673950 0.535291 -1.413624 -2.411742 -2.072358 -2.161667 -2.137791 -2.232451 -2.237811 
-2.373574 -2.252350 -2.382836 -2.541136 -2.152912 -1.952574 -1.671294 -0.634887 -0.260770 -0.610478 
2.583366 2.460278 2.237998 1.337401 0.171900 -0.602148 -1.055089 -0.943052 -1.137505 -1.477543 
-1.433261 -1.632534 -1.901830 -2.250823 -2.113919 -1.895140 -1.526762 -1.052160 -0.588883 -0.093229 
2.062841 2.048076 2.651909 2.819106 2.265077 0.847984 0.322071 0.690934 1.111292 1.266117 
0.858927 0.064198 -0.725251 -1.115569 -1.428270 -1.721813 -1.726520 -1.012177 -0.943257 -0.268279 
0.696467 -1.228689 -2.050334 -2.176603 -1.939383 -1.471789 -0.255612 2.302737 3.022433 2.321604 
1.027588 0.203364 -0.366722 -1.212926 -1.948144 -2.541375 -2.565481 -1.805546 -1.651008 -1.043709 
-0.183871 -1.338684 -1.408861 -1.670766 -1.982891 -1.915642 -1.506793 -0.929209 -0.765403 -1.004502 
-1.069917 -0.936057 -0.639959 -0.656016 -0.857482 -0.920127 -0.669499 -0.457347 -0.809217 -0.692068 
3.326811 3.657531 3.709133 3.469527 3.240525 3.419155 3.583122 3.583112 3.614177 3.715874 
3.790567 3.788073 3.790415 3.692507 3.477907 3.565962 3.914707 3.987203 3.543816 2.339522 
1.359798 0.458043 -0.169145 -0.334029 -0.224107 -0.106433 0.075291 0.185737 0.080145 0.059599 
-0.032097 -0.155449 -0.189089 -0.015586 0.334033 0.337777 0.448030 0.811185 1.184563 0.758654 
2.377892 1.800849 1.005590 0.864260 1.092967 1.036625 1.112864 1.356169 1.343564 0.993003 
0.479520 0.090094 -0.075497 0.058641 0.412908 0.809765 1.015451 1.465958 2.179161 1.232390 
2.717355 2.252832 1.261855 1.108052 1.462658 1.022818 0.543320 0.474041 0.439047 0.389124 
0.361516 0.473608 0.706673 0.954292 1.076333 1.148343 0.930243 1.354807 2.037028 0.825479 
2.334116 1.197523 0.193664 0.064008 0.555762 0.316465 -0.109951 -0.189045 -0.214978 0.224790 
0.843704 1.140648 1.257824 1.768602 1.865639 1.442651 0.031635 0.476129 1.119574 0.161595 
1.156896 -0.231110 -1.346238 -1.380635 -1.087359 -0.589004 -0.285981 -0.100338 -0.600138 -0.459702 
0.282354 0.565693 0.405985 0.767466 1.228354 0.778657 -0.269650 -0.281158 0.216518 -0.345641 
0.505889 -1.013148 -1.842214 -1.601964 -1.662022 -0.959767 0.001947 0.834992 0.362312 -0.365761 
-0.200374 0.201185 -0.097430 -0.229632 0.262724 -0.271607 -0.935580 -0.739856 -0.050382 -0.428203 
0.727737 -0.850856 -1.222741 -0.684372 -0.961813 -0.596322 1.718628 3.863772 2.882077 1.059594 
0.148431 -0.148818 -0.976927 -1.225733 -0.726923 -1.155421 -1.758029 -1.608807 -0.695085 -0.705986 
1.108877 -0.029390 0.310134 0.746838 0.331318 0.227313 2.577468 6.126606 4.890184 2.166621 
0.118060 -0.935930 -1.355467 -1.470074 -1.035059 -1.433719 -2.175382 -1.982656 -0.936354 -0.822241 
1.486401 0.795137 1.966117 2.721034 2.294267 0.792706 1.255149 3.536024 3.088286 1.310904 
-0.428519 -1.405968 -1.778569 -1.841748 -1.379307 -1.192605 -1.995205 -2.214431 -0.970835 -0.667384 
1.404299 0.387501 1.458018 2.382234 1.936741 0.534214 0.762035 1.191823 1.138289 0.481033 
-0.535412 -1.158726 -1.680646 -1.937384 -1.784369 -1.137744 -1.352136 -1.854473 -0.867466 -0.511813 
0.410207 -1.200126 -0.899035 -0.513376 -0.501485 -0.442369 0.788220 1.231519 1.262264 1.025934 
0.635471 0.253842 -0.213423 -0.512024 -0.496478 0.195522 -0.359369 -1.537820 -0.731350 -0.579918 
1.018465 -1.144070 -2.161678 -2.090975 -2.262403 -1.663827 -0.017536 1.001511 1.245262 1.114075 
1.499622 1.930087 2.174234 2.217777 2.279788 2.529911 1.125719 -0.498123 -0.107462 -0.346301 
2.467923 0.686138 -1.331315 -2.323946 -2.696670 -2.183700 -1.365682 -0.537777 -0.303090 -0.231519 
0.266276 1.244877 1.836872 1.977137 1.967018 2.015973 0.130424 -0.214878 0.868040 0.636064 
3.088514 2.122859 0.206177 -1.195184 -1.641102 -1.663824 -1.607759 -1.610007 -1.818587 -1.825101 
-1.592330 -1.107712 -0.915149 -0.699491 -0.361865 -0.227761 -0.826560 -0.095195 1.340133 1.280054 
3.102044 2.932011 2.043147 1.135698 -0.067428 -0.685111 -0.932257 -1.012728 -1.222664 -1.305018 
-1.320690 -1.351514 -1.589509 -1.664431 -1.369480 -1.192241 -0.950622 -0.321560 0.896882 1.456922 
2.618200 2.512725 2.560154 2.682256 1.925434 0.659434 0.181459 0.517408 0.706940 0.834510 
0.542630 -0.083744 -0.823723 -1.213239 -1.170338 -1.114693 -0.947913 -0.486889 0.797397 1.467564 
1.559744 0.542410 0.570515 0.813635 0.794746 0.313675 0.660044 1.786061 2.338578 2.155894 
1.504802 0.727170 0.090930 -0.573262 -0.976269 -1.133394 -1.216829 -0.831598 0.421905 0.875079 
0.821582 -0.509500 -0.557226 -0.624121 -0.662835 -0.609359 -0.118928 0.726415 1.148414 0.828971 
0.427965 0.213905 0.227831 -0.096775 -0.413092 -0.484124 -0.453931 -0.157474 0.846896 0.898553 
2.237577 1.720984 1.882189 1.787279 1.683262 1.652473 1.795161 1.943380 2.042386 2.129468 
2.140246 2.203282 2.406791 2.254205 1.996849 1.943340 1.972551 2.133212 2.717090 1.855429 
3.173501 3.147615 3.255401 3.252620 3.374293 3.538799 3.713386 3.797647 3.811526 3.848511 
3.876010 3.915530 4.030882 3.875183 3.611399 3.466228 3.453901 3.504379 3.857802 3.013459 
2.529613 1.777828 2.659852 3.626443 3.647107 3.776230 3.870789 3.934420 3.953298 3.944947 
3.915851 4.009466 4.143362 4.016106 3.502028 3.151899 3.442682 3.207096 1.445791 0.339738 
2.145936 0.420271 1.396288 3.730824 3.737978 3.845638 3.867098 3.865896 3.901618 3.978963 
4.015316 4.188301 4.393399 4.171826 3.402321 2.796602 3.229805 3.050512 0.505960 -0.947088 
1.958744 0.333988 1.157132 3.679200 3.619806 3.682352 3.680161 3.693327 3.836573 4.037024 
4.092421 4.235598 4.446939 4.275590 3.478182 2.454579 2.684320 3.298811 0.508693 -1.000510 
2.002619 0.422282 1.319885 3.346216 3.244789 3.465293 3.365947 3.001704 3.187997 3.879827 
3.919475 3.920435 4.059022 4.071744 3.327099 1.789743 1.312953 3.216346 0.655218 -0.926828 
2.120846 0.732310 1.347286 2.772691 2.424860 3.416362 3.105613 2.074728 1.195989 2.824270 
3.658454 3.636159 3.813444 4.015618 3.291641 1.381165 0.702509 2.524538 0.810630 -0.859222 
2.240798 1.464495 2.229118 2.094541 1.096257 3.545340 2.740882 0.797965 -0.748129 0.396782 
3.032216 3.557450 3.832281 4.070239 3.306772 1.206153 0.346804 2.481634 0.836241 -0.822746 
2.370159 2.311038 3.084932 1.495841 -0.110223 3.454784 2.634079 -0.184951 -2.805854 -0.785822 
1.628119 3.501974 3.889985 4.114570 3.311494 1.011635 0.167571 2.637296 0.856143 -0.814953 
2.479007 2.904285 3.489784 1.294821 -0.761765 2.798701 2.900462 0.545140 -2.136680 -0.300242 
1.577618 3.487715 3.953141 4.162218 3.292397 0.829185 -0.107537 2.606394 0.906050 -0.847866 
2.371000 2.916527 3.530717 1.335069 -0.667016 2.277213 3.273058 2.216080 1.299918 1.604262 
2.234363 3.560967 4.073545 4.235833 3.252619 0.603569 -0.427351 2.278886 0.926464 -0.910373 
2.239933 2.427915 3.451589 1.598231 0.236185 3.269998 3.853782 3.669621 3.388187 2.976454 
3.032715 3.885057 4.336008 4.350832 3.275049 0.502799 -0.729604 2.039862 0.915426 -0.994057 
2.041650 1.678736 3.207401 2.108830 1.265887 4.186387 4.333569 4.340715 4.076790 3.628452 
3.799042 4.382977 4.751126 4.623544 3.448220 0.695594 -0.489006 2.409376 0.828845 -1.058384 
1.849429 0.626747 1.878008 2.549998 2.452789 4.260014 4.448933 4.558075 4.381682 4.044279 
4.199048 4.664088 4.820145 4.548531 3.427321 1.112544 0.399302 3.214946 0.806727 -0.981741 
1.996318 -0.162941 0.772299 2.617504 3.051470 4.154976 4.336033 4.461123 4.362086 4.186591 
4.268598 4.565204 4.542738 4.217273 3.434677 2.024115 1.673581 3.553673 0.836352 -0.763167 
2.294440 0.120552 0.564772 2.425823 2.847845 4.027733 4.166462 4.249432 4.180163 4.078751 
4.074205 4.323502 4.332191 4.080360 3.651138 3.071518 3.439872 3.467889 0.872882 -0.572726 
2.603382 1.317222 1.514298 2.734280 2.321273 3.830002 3.997484 4.039270 3.954212 3.874311 
3.733748 3.926173 3.986811 3.853357 3.695395 3.634915 4.008670 3.485720 0.933246 -0.544004 
2.726466 2.020830 3.042096 2.969157 2.397672 3.487517 3.877065 3.934748 3.802773 3.673708 
3.467948 3.542521 3.660415 3.700010 3.709520 3.776667 4.110985 3.466727 0.828997 -0.769211 
2.818468 2.413275 3.384042 3.270895 3.123893 3.612571 3.752415 3.780186 3.605676 3.424726 
3.349345 3.430009 3.308760 3.336813 3.657640 3.936342 4.289598 3.443479 0.685673 -0.899064 
3.111861 3.047339 3.756433 3.853542 3.964390 3.969779 3.950975 3.927225 3.774935 3.771721 
3.819604 3.658126 3.300361 3.200587 3.904139 4.384996 4.635228 3.573979 0.697672 -0.830104 
3.282933 3.269044 3.868281 4.113545 4.365600 4.281401 4.110336 4.023577 4.031721 4.224042 
4.251992 3.938018 3.551266 3.473754 4.161824 4.681816 4.761380 3.613400 0.799507 -0.608230 
3.186832 3.190684 3.456969 3.673007 3.900964 3.831965 3.611642 3.484941 3.531519 3.691672 
3.782350 3.573992 3.314391 3.406551 3.772002 4.027738 4.058950 3.309789 1.474616 0.477816 
3.406512 3.017856 2.641590 2.944000 3.049931 3.094950 3.159575 3.164139 3.136585 3.171737 
3.233274 3.185516 3.193213 3.344646 3.637116 3.492978 3.246879 3.608112 4.247495 2.945840 
3.558530 2.918700 2.302603 3.033263 3.187698 3.246514 3.348686 3.345989 3.259830 3.312223 
3.448750 3.400154 3.414526 3.639393 4.055027 3.794165 3.330302 3.876060 4.881341 2.959913 
3.430626 2.778522 2.147380 3.075997 3.295120 3.340652 3.452637 3.406300 3.275482 3.339301 
3.511113 3.482740 3.452073 3.678179 4.170139 3.984449 3.130599 3.613271 4.897682 2.963776 
3.382812 2.705323 2.317301 3.163664 3.256680 3.270788 3.429064 3.355372 3.001658 3.095794 
3.363584 3.468334 3.443358 3.556714 4.130727 4.229684 2.944984 3.060683 4.741600 2.944195 
3.331574 2.659404 2.503528 3.238363 3.098347 3.052001 3.401217 3.293659 2.477776 2.412962 
3.135853 3.388505 3.400071 3.420496 4.059907 4.368369 2.932745 2.538315 4.667056 2.938997 
3.253531 2.564968 2.829554 3.529733 2.801532 2.674961 3.535741 3.209544 1.717101 1.530238 
2.765699 3.291142 3.302723 3.431293 4.124467 4.496778 2.972466 2.381221 4.647577 2.950728 
3.173258 2.521798 3.259594 3.996922 2.527601 2.069350 3.701262 3.358183 0.868284 0.849948 
2.289997 3.163522 3.197897 3.480704 4.169960 4.583374 2.948488 2.318047 4.626950 2.963874 
3.107032 2.472771 3.538555 4.370955 2.339918 1.472069 3.600474 3.425474 0.958547 1.000535 
2.276803 3.085963 3.180078 3.571662 4.267186 4.696868 2.899540 2.219941 4.657482 3.004532 
3.095606 2.425063 3.536868 4.350337 2.332167 1.187059 3.344019 3.253681 2.082773 2.024960 
2.641763 3.078388 3.173212 3.608653 4.388146 4.813322 2.830778 2.056078 4.681396 3.020674 
3.059503 2.304017 3.406106 4.109580 2.556967 1.661953 3.187192 3.217140 3.049706 3.002909 
2.976855 3.119408 3.238774 3.636318 4.482182 4.836733 2.750098 1.966144 4.718595 3.021840 
2.954009 1.969599 3.108069 3.745974 2.669872 2.405059 3.183491 3.293462 3.337820 3.323728 
3.099934 3.157404 3.277134 3.625859 4.480609 4.752068 2.670509 2.185131 4.769321 3.019416 
3.019554 1.716692 2.569903 3.301799 2.784655 2.854635 3.266755 3.328145 3.392930 3.333628 
3.151438 3.136668 3.212039 3.473613 4.215953 4.380708 2.767361 2.785288 4.823427 3.014945 
3.110122 1.801791 2.121492 2.933511 2.879005 3.009796 3.320244 3.368869 3.341675 3.259230 
3.154569 3.159774 3.225636 3.406086 3.953462 4.043701 2.939406 3.463718 4.813136 2.980247 
3.192768 2.119412 1.894707 2.775498 2.888334 2.988464 3.248616 3.281311 3.199117 3.153479 
3.159177 3.178537 3.258876 3.375196 3.669984 3.629439 3.146117 3.821073 4.772756 2.982602 
3.261571 2.514322 1.990485 2.947582 2.815243 2.778553 3.099839 3.162611 3.134451 3.111253 
3.117668 3.114647 3.235248 3.324048 3.416537 3.351554 3.307363 3.903018 4.816559 3.064030 
3.314286 2.736995 2.189471 2.962814 2.850994 2.657602 2.986760 3.097836 3.128585 3.089923 
3.061216 3.077526 3.201058 3.259706 3.326629 3.297408 3.400220 3.991019 4.971773 3.143884 
3.292693 2.818255 2.384834 2.901478 2.915392 2.827769 2.975755 3.071138 3.070456 3.040730 
2.983601 3.047351 3.188126 3.106066 3.205303 3.252881 3.442892 4.133467 5.118115 3.124799 
3.230203 2.823436 2.462799 2.755271 2.871978 2.971000 3.047119 3.078463 3.078967 3.016003 
2.982040 3.144714 3.268986 2.983753 2.982602 3.148898 3.465078 4.278157 5.120250 3.053152 
3.200965 2.761740 2.490047 2.701234 2.838514 3.066817 3.184450 3.125278 3.049101 2.951097 
2.979954 3.168650 3.260871 2.943756 2.858900 3.059281 3.425357 4.181518 4.857309 2.878330 
3.081708 2.776026 2.566535 2.718078 2.801822 3.009526 3.145458 3.073453 2.958417 2.890973 
2.921709 3.096779 3.157483 2.946131 2.856447 2.958266 3.177855 3.674024 4.103806 2.842592 
-2.310703 -4.775605 -3.687119 -1.791199 -0.632501 -0.472318 -0.530427 -0.709621 -0.529971 -0.677037 
-0.792492 -1.042237 -1.877043 -3.599523 -3.481073 -2.371922 -4.387880 -5.235414 -4.108085 -2.514391 
-0.552407 -3.313707 -1.921450 0.282413 1.293944 1.337869 1.181117 1.049517 1.457934 1.400634 
0.964139 0.125588 -0.334453 -0.771918 -1.014076 -0.109411 -1.518737 -3.265136 -2.179271 -1.571772 
-1.375796 -4.573627 -3.528032 -1.410013 0.442186 1.146912 1.124622 1.054844 1.519450 1.588497 
1.205268 0.510531 -0.015006 -0.634182 -0.909157 0.239970 -1.117567 -3.171205 -3.590900 -2.190216 
-1.127662 -4.270129 -3.222000 -1.154364 0.634665 1.616397 1.680322 1.122426 0.906066 0.497062 
0.413316 0.895700 0.162599 -1.149822 -1.518158 0.007778 -1.036525 -1.182550 -3.369137 -2.185917 
-1.350346 -3.759781 -2.603706 -1.293572 -0.853389 0.629269 0.899090 -0.111937 -1.315067 -0.305005 
0.406772 0.922837 0.020447 -1.431286 -2.540351 -1.585603 -1.584131 -1.775230 -3.894209 -2.392238 
-1.345404 -3.161273 -1.294396 -1.364344 -2.051599 0.179402 0.086830 -1.629765 -3.205780 -2.305825 
-0.516676 0.687359 0.154169 -0.929355 -2.351808 -1.453775 -1.695552 -1.884537 -4.054555 -2.390863 
-1.235712 -2.603366 -0.968156 -2.208160 -2.568139 -0.124264 -2.864998 -3.925928 -5.531168 -3.209567 
-1.528982 0.253639 0.075444 -1.016299 -2.541648 -2.031279 -1.721288 -1.370496 -4.128315 -2.256478 
-1.472609 -2.868157 -1.905520 -2.755277 -2.365423 0.545854 -1.441777 -2.502827 -4.297842 -1.960392 
-0.540283 0.461153 -0.058710 -1.501602 -2.936174 -2.021158 -1.757164 -1.292261 -4.058374 -2.119902 
-1.499194 -2.940584 -2.243237 -2.441668 -1.955177 0.613633 1.204461 0.208048 -0.187627 -0.022734 
-0.139771 0.389751 -0.140234 -1.423655 -2.924962 -1.984396 -1.774427 -1.144999 -4.132280 -2.060431 
-1.481473 -2.677982 -0.395865 -0.393536 -0.957610 1.274108 1.777637 1.231205 0.860997 0.154008 
-0.201757 0.134635 -0.567805 -1.961928 -2.833338 -2.299237 -2.050745 -0.928816 -4.109680 -2.050000 
-0.923281 -3.010760 -0.639370 -0.086872 0.235417 1.642750 2.139551 1.063049 0.869067 0.732848 
0.723872 -0.019129 -0.826084 -2.266609 -2.151060 -1.974203 -1.966131 -0.998751 -4.071780 -2.060748 
-1.034012 -3.447238 -2.095805 -0.910585 1.198775 2.143862 2.724688 1.483670 1.339015 1.754165 
0.877411 -0.179773 -0.992007 -3.172435 -3.016205 -2.045250 -2.163889 -2.083499 -4.182797 -1.990398 
-0.923999 -3.519100 -3.147085 -1.397287 1.658392 2.558116 2.913366 1.638298 1.359445 1.928862 
1.084933 0.121445 0.560932 0.286650 0.230737 -0.262826 -2.219526 -3.452740 -4.039483 -1.937117 
-1.124991 -3.457830 -3.282250 -1.497008 0.917206 2.648317 2.972082 2.001219 1.576448 2.083117 
1.478005 0.766280 1.619587 0.969675 1.058170 0.189533 -1.234232 -3.426876 -3.707557 -1.783664 
-1.046687 -2.993258 -3.291798 -1.267102 0.566253 1.916480 2.625282 1.906518 1.263928 1.311797 
0.989531 0.784599 1.947649 1.036738 0.903020 0.401265 -1.176285 -3.201524 -3.425389 -1.970498 
-0.651410 -1.798284 -1.263846 -0.884564 0.173391 1.896016 2.000165 1.421579 0.645666 0.044029 
-0.064202 0.817235 1.752752 0.955165 0.879480 0.295417 -1.321570 -3.416967 -2.984882 -1.861400 
-0.635178 -1.354842 0.143446 0.600600 1.030841 1.832840 1.365953 0.450752 -0.667908 -0.567371 
-0.290124 -0.269480 0.754063 0.556439 0.664937 -0.194096 -2.067076 -4.254010 -3.102725 -2.168108 
0.183357 -1.233748 -0.385770 0.129694 0.498777 1.177706 1.071863 1.130960 0.846084 0.454288 
1.122698 1.105789 1.085123 0.596892 0.095204 -1.017067 -2.772139 -4.393365 -2.897100 -2.088211 
-0.381559 -2.688722 -1.813300 -0.721147 -0.836199 -1.346996 -0.531586 0.135517 -0.147377 -0.416201 
-0.819352 -1.782049 -1.013432 -0.393067 -0.798254 -1.690872 -4.318371 -5.833623 -3.461428 -1.895769 
-0.587650 -1.206038 -0.110826 0.687971 0.561962 -0.174196 -0.230610 0.145360 0.160596 0.736087 
0.728270 0.085582 0.406147 1.034739 0.573682 -0.221300 -2.569230 -4.227983 -2.776707 -1.635114 
-1.118090 -2.082111 -2.509615 -2.876194 -2.443222 -1.890673 -1.798869 -1.409485 -0.960176 -0.643638 
-0.356853 -0.306241 -0.649242 -1.162897 -1.088709 -1.181135 -1.960112 -2.442949 -1.926590 -1.120961 
-0.766261 -1.364900 -1.837518 -2.161613 -1.497211 -0.788912 -0.688557 -0.079568 0.356084 0.701883 
0.814027 0.903414 0.311728 -0.515139 -0.320174 -0.185168 -0.885584 -1.544417 -0.984468 -0.631926 
-0.943022 -1.886216 -2.415291 -2.501147 -1.651842 -1.008012 -0.950099 -0.376850 -0.149177 0.280758 
0.410207 0.685299 0.459374 -0.220407 -0.250108 0.237169 0.293770 -0.991662 -1.214094 -0.897806 
-0.782133 -1.749186 -2.115527 -2.017232 -0.969098 -0.565602 -0.429164 0.304143 0.453541 0.047704 
-0.178024 0.144987 0.027026 -0.580757 -1.052104 -0.155620 0.729824 -0.661630 -1.022511 -0.889145 
-0.841379 -1.740128 -1.744882 -1.397201 -0.433626 -0.432720 -0.335081 0.354611 0.556459 -0.165253 
-0.554900 -0.431728 -0.195354 -0.421622 -0.910028 -0.102567 0.463038 -0.688647 -1.263535 -1.076502 
-0.858037 -1.800367 -1.901207 -1.464496 -0.543575 -0.751620 -0.929369 -0.354989 0.115317 -0.610627 
-0.978705 -0.527708 0.322754 -0.217241 -1.129630 -0.083169 0.516479 -0.717019 -1.176589 -1.009918 
-0.798311 -1.742214 -2.008971 -1.291498 -0.157650 -0.902732 -1.885947 -1.377674 -0.563940 -1.193840 
-1.250830 -0.421410 0.408282 -0.189545 -1.509268 -0.481698 0.652652 -0.625351 -0.982167 -0.885137 
-0.692237 -1.583794 -1.924337 -1.061373 0.291592 -0.733506 -1.700542 -1.442375 -0.981637 -1.454995 
-1.106769 -0.309956 0.521527 -0.428492 -1.337421 -0.472354 0.868239 -0.685674 -0.971835 -0.860290 
-0.672443 -1.457941 -1.759484 -1.012500 0.403047 -0.609781 -1.156438 -1.230670 -1.497936 -1.256334 
-0.563639 0.138759 0.650402 -0.537008 -1.177141 -0.214526 1.133022 -0.648301 -0.985829 -0.870937 
-0.529554 -1.614909 -1.856454 -1.078032 -0.088261 -0.348591 -0.158028 -0.345394 -0.973565 -0.556599 
-0.011607 0.565052 0.391987 -0.729836 -1.034994 0.202303 1.483661 -0.528511 -1.076809 -0.828179 
-0.340971 -1.760192 -2.380340 -1.579141 -0.653377 0.009318 0.759558 0.389710 -0.822934 -0.828245 
0.342229 0.701091 -0.144036 -1.118228 -1.150564 0.367207 1.355330 -0.758899 -1.374352 -0.845630 
-0.670557 -2.155535 -3.256428 -2.177413 -0.940247 0.334309 1.547091 1.539830 0.372481 0.347067 
0.673787 0.645263 -0.492421 -1.337031 -1.432295 -0.105284 0.354422 -1.236378 -1.480948 -0.892705 
-0.536100 -1.980825 -3.269909 -2.768678 -1.111610 0.561736 1.949021 2.330611 1.712702 1.424738 
1.468921 1.220629 -0.062578 -0.717435 -0.712700 0.301814 0.101555 -1.330350 -1.472830 -1.064204 
-0.699125 -2.183322 -3.303173 -2.717841 -0.870590 0.780313 2.136209 2.713034 2.247896 1.946597 
1.526568 1.372304 0.906794 1.215310 0.694340 0.726123 -0.016205 -1.618375 -1.697826 -1.124399 
-0.814916 -2.314963 -3.956785 -2.647309 -0.599647 0.715460 1.624178 1.769713 1.364601 1.106721 
0.757810 0.919617 1.359800 1.772762 1.501915 1.099677 0.005573 -1.602203 -1.443112 -1.120066 
-0.908665 -2.367465 -3.870548 -3.251721 -1.693606 -0.306990 0.530341 0.209712 -0.548432 0.059552 
0.168311 0.362741 0.950543 1.543161 1.261122 1.284669 -0.206305 -2.006020 -1.407216 -1.113949 
-0.779304 -2.015346 -3.280301 -2.942896 -2.204801 -1.124302 -0.888586 -1.617105 -1.970949 -0.640332 
-0.161583 0.052472 0.888239 1.773077 1.974572 2.293717 0.363262 -1.738562 -1.592878 -1.141086 
-0.739873 -1.946095 -2.331999 -2.105956 -1.455420 -0.396785 -0.006406 -0.877226 -1.116565 -0.029866 
0.040832 0.086162 0.732333 1.649309 2.335677 2.651219 0.778675 -1.884306 -1.399842 -0.931645 
-0.590317 -1.586861 -1.607008 -1.593715 -1.417922 -0.754842 -0.314868 -0.995576 -1.480431 -1.006577 
-1.601932 -1.393099 -0.423187 0.518265 1.605786 1.877005 -0.547805 -2.792886 -1.950772 -0.901073 
-0.103854 -0.752988 -1.301541 -1.458238 -1.716285 -1.480735 -1.302015 -1.364437 -1.430201 -1.325100 
-1.676525 -1.742485 -1.125923 -0.695367 -0.188927 0.067078 -1.101937 -2.307421 -1.573340 -0.687981 
2.895110 3.094671 3.296085 2.810943 2.552356 2.511985 2.488516 2.647682 2.612912 2.425333 
2.348181 2.252280 2.271849 2.323347 2.482183 2.375380 2.392107 2.512770 3.316255 3.316907 
1.528864 1.228725 1.658843 1.810335 1.646118 1.498826 1.251257 1.126392 1.107946 1.115622 
1.062802 1.170682 1.216928 1.288026 1.113903 1.271641 1.375774 1.450188 1.689631 1.143308 
-0.786229 -2.044048 -1.682169 -1.643443 -1.597124 -1.687265 -1.972077 -1.893548 -1.556384 -1.092387 
-0.642356 -0.359817 0.007583 0.303910 0.072829 -0.560280 -0.581394 -1.090264 -1.221678 -1.112962 
-1.628091 -2.896310 -2.597658 -2.856379 -2.773355 -2.594714 -2.607220 -2.330692 -1.984906 -1.579893 
-1.583511 -2.117986 -2.029860 -1.661139 -1.731949 -2.108514 -1.891162 -1.813732 -2.014609 -1.889484 
-1.581464 -2.681235 -2.360584 -2.705347 -2.492561 -1.889665 -1.021574 0.044176 -0.120246 -0.767414 
-1.411289 -2.232980 -2.517943 -2.467397 -2.410699 -2.518177 -2.117926 -1.976887 -1.897174 -1.728808 
-1.501165 -2.247303 -1.713174 -1.468476 -1.241850 -0.496622 0.614461 1.557337 1.321391 0.566484 
-0.659576 -1.491727 -2.458784 -2.538281 -2.412302 -2.534039 -2.299629 -2.066510 -2.092134 -1.911456 
-1.109075 -1.392829 -0.458017 -0.415819 -0.341937 0.205940 2.002611 5.009452 3.749348 1.287208 
-0.488606 -1.482626 -2.195022 -2.192215 -2.241188 -2.282072 -2.173072 -2.123639 -2.152401 -1.941991 
-0.582397 -0.459792 0.392390 0.069391 -0.087637 0.294266 2.146891 4.544126 3.154339 0.879075 
-1.119238 -2.109035 -2.615025 -2.542780 -2.477397 -2.603963 -2.464439 -2.470634 -2.265963 -1.825733 
-1.067587 -1.448436 -0.986745 -1.433407 -1.100234 -0.873508 -0.038254 -0.729480 -0.754994 -0.789233 
-1.539868 -2.115476 -2.279758 -2.253584 -2.239612 -2.316992 -2.202872 -2.064581 -1.893136 -1.682537 
-1.689520 -2.405420 -2.006151 -2.313753 -2.219720 -1.743338 -1.524193 -1.606794 -1.298972 -0.965977 
-1.019997 -1.304501 -1.291761 -1.167923 -1.111229 -1.282592 -1.354990 -1.501123 -1.677275 -1.609264 
-1.106229 -2.439545 -2.228641 -2.688410 -2.952075 -2.073567 -1.860440 -1.548020 -0.985299 -0.500375 
-0.374472 -0.492139 -0.334521 -0.180093 -0.021145 -0.082594 -0.695244 -1.075267 -1.514886 -1.505950 
1.554071 -0.404886 -1.865451 -2.758787 -3.099970 -2.761283 -2.434660 -1.963961 -1.820570 -1.450395 
-1.037545 -0.857248 -0.488100 -0.235702 -0.052645 -0.207746 -0.875783 -1.110140 -1.150826 -1.084216 
1.279790 0.093713 -0.473664 -2.027072 -3.014727 -2.888381 -2.753887 -2.669196 -2.676859 -2.473934 
-2.033707 -1.777449 -1.582865 -1.218648 -1.031868 -1.112885 -1.415324 -1.045357 -0.608702 -0.742330 
0.221463 0.021590 0.644076 -0.692806 -1.773535 -2.140946 -2.410558 -2.601092 -2.772619 -2.807713 
-2.626229 -2.424340 -2.420673 -2.150064 -1.814228 -2.044013 -1.982688 -1.429757 -0.735927 -0.714093 
0.003607 0.423399 1.551695 1.438856 0.060206 -0.827946 -1.271837 -0.956361 -0.536308 -0.258038 
-0.551591 -1.390267 -2.072815 -2.296433 -2.260837 -2.214513 -1.979385 -1.660560 -0.552244 -0.122082 
-0.329361 -0.298161 0.298258 0.720855 0.858482 0.104964 0.534266 1.548196 2.088215 2.319704 
1.701115 1.045669 0.174029 -0.318994 -0.455979 -0.489526 -0.776796 -0.665516 0.190751 0.287255 
-0.833892 -1.451734 -1.008961 -0.803038 -0.414253 0.076681 0.792202 2.723104 2.533347 1.807220 
1.266917 1.264433 1.153324 0.275997 -0.498251 -0.708476 -0.395663 -0.383228 0.056642 -0.375109 
-0.210491 -0.191617 0.255652 0.435051 0.648496 0.989294 1.645475 2.224641 2.468978 2.212666 
2.144096 2.048374 2.531749 2.401224 1.339190 0.983920 1.024816 0.860693 0.759792 -0.246710 
1.241432 1.414605 1.939777 1.834718 2.306014 3.346507 3.766009 3.889947 3.994607 4.123053 
4.388274 4.744308 4.868404 4.620025 3.625222 3.041620 2.792467 2.640241 2.435783 0.668647 
0.678815 0.258783 0.791765 1.218985 1.715834 1.890707 2.095358 2.145910 2.080388 2.160101 
2.230608 2.337817 2.437776 2.371230 2.175010 1.866469 1.592183 1.588735 1.277381 -0.046533 
0.367607 -0.602057 1.035418 2.446264 2.834069 2.931214 2.888659 2.897977 2.919647 2.771258 
2.952857 2.838975 2.318503 1.365576 1.061899 1.625599 0.544337 -0.480982 -0.981470 -0.356285 
-0.263110 -2.033267 -0.170512 2.225993 2.709063 2.750452 2.635539 2.758940 2.812160 2.688887 
3.028009 2.816878 1.958471 0.752796 0.624637 1.665904 0.478856 -1.350977 -1.614600 -1.060543 
-0.351213 -2.067697 -0.477044 1.940335 2.576509 2.600698 2.475862 2.813186 2.908881 2.771239 
3.116049 2.915931 2.072311 0.769037 0.568052 1.623700 0.967110 -0.753103 -1.886321 -1.327732 
-0.197661 -1.723190 -0.497535 1.322831 2.267760 2.331744 1.996367 2.244660 2.742270 2.659084 
2.653059 2.564922 1.933131 0.647259 0.006682 0.715501 0.188737 0.022957 -1.810030 -1.325968 
0.072266 -1.250487 -0.430828 0.515259 1.254833 2.093302 1.396603 0.940319 0.902134 2.055420 
2.381911 2.528936 2.003932 0.623452 -0.296148 -0.107892 -0.071445 -0.125378 -1.808424 -1.348249 
0.351504 -0.439666 0.113459 -0.418412 0.373933 1.853894 0.526780 -0.326941 -0.708842 -0.070193 
1.892215 2.718971 2.230322 0.808083 -0.335192 -0.225987 -0.025004 0.115721 -1.803252 -1.324476 
0.693886 0.388672 0.547789 -1.289883 -0.261415 2.054005 -0.207930 -2.443779 -2.687963 -1.424545 
0.668350 2.833452 2.335021 0.816966 -0.466448 -0.450494 -0.048966 0.382632 -1.777288 -1.283058 
0.978133 0.724366 0.087156 -1.607096 -0.580150 2.051081 0.311559 -1.828529 -2.795643 -1.213799 
0.968850 2.958422 2.280408 0.622826 -0.816006 -0.787524 -0.286909 0.392232 -1.745011 -1.290746 
0.892482 0.751155 0.090471 -1.353584 -0.519496 1.787926 1.606724 0.788861 0.524113 0.548370 
1.752975 3.027333 2.193309 0.478257 -1.160574 -1.261926 -0.494791 0.292722 -1.768609 -1.303536 
0.678524 0.597172 0.740166 -0.248784 0.646851 2.913101 2.497306 2.083219 1.608404 1.696292 
2.628721 3.007020 2.083114 0.393959 -1.286999 -1.488931 -0.687879 0.083026 -1.839445 -1.314450 
0.548612 0.462294 1.232129 0.981928 2.278942 3.647172 3.154778 2.603837 2.023817 2.453007 
3.201315 2.908219 1.854612 0.212913 -1.253143 -1.346732 -0.512510 -0.017264 -1.889080 -1.341173 
0.260321 -0.427612 0.553942 1.723160 3.311792 4.037128 3.614117 3.159516 2.754008 3.069848 
3.497425 2.949032 1.919598 0.367286 -0.954381 -0.705378 -0.266330 -0.192431 -1.933799 -1.308957 
0.030380 -1.854747 -0.645640 1.330123 3.590061 4.171812 3.849274 3.624618 3.268277 3.437995 
3.698345 3.144376 2.378426 1.188844 0.286509 0.773303 0.126111 -0.603671 -1.788663 -1.203009 
0.151779 -1.784957 -0.719233 0.865403 2.975272 3.987671 3.721328 3.585056 3.221819 3.251108 
3.553345 3.327061 3.042820 2.300995 1.947741 2.157267 1.198297 -0.637616 -1.634231 -0.974053 
0.418370 -0.925277 -0.260013 0.748656 2.358911 3.607741 3.411515 3.274058 2.863412 2.677437 
3.057693 3.176204 3.099851 2.704579 2.705085 2.394711 1.120252 -0.555836 -1.492941 -1.030988 
0.590881 0.140183 1.501086 1.222948 1.857302 3.111249 3.049555 2.758236 2.340512 2.131610 
2.425270 2.688930 2.778921 2.742028 2.813357 2.203008 0.892023 -0.630076 -1.492061 -1.272902 
0.734597 0.480664 2.112561 2.033204 2.588983 2.867590 2.749847 2.443663 1.967218 1.868123 
2.148265 2.211217 2.341416 2.662065 2.783587 2.026638 0.473199 -1.008723 -1.578434 -1.386330 
1.240133 1.204537 2.455089 2.645306 2.612953 2.632527 2.585150 2.388330 2.290069 2.316514 
2.208922 2.083578 2.179462 2.805791 2.976186 1.925588 -0.007987 -1.358643 -1.555905 -1.236719 
1.707319 1.345278 2.691213 3.080734 2.800988 2.495400 2.520410 2.688051 2.961455 2.920512 
2.463700 2.179693 2.476618 3.146694 3.225048 2.053986 -0.051399 -1.413585 -1.445762 -0.882079 
1.853501 1.488122 2.384076 2.810806 2.611365 2.279754 2.214506 2.399981 2.690730 2.659528 
2.308327 2.168765 2.429881 2.899256 2.911847 2.176183 0.794388 -0.502203 -0.527769 -0.420430 
2.023081 1.655337 1.532261 1.338368 1.085053 1.091037 1.226313 1.294948 1.295052 1.329588 
1.387497 1.382347 1.322981 1.245157 1.397235 1.751974 1.842677 1.889469 2.220932 2.443219 
1.594615 1.131230 1.376030 1.204322 0.882190 0.913851 1.178087 1.384656 1.312427 1.040761 
0.632344 0.297457 0.192462 0.181193 0.496978 1.155090 1.498147 1.577223 1.961002 2.083916 
2.237653 2.212906 2.449669 2.282334 1.944209 1.721987 1.718768 1.799394 1.645128 1.251586 
0.851826 0.748312 0.926933 0.897102 0.992295 1.586253 2.090267 2.337452 2.586019 2.376152 
2.735142 3.032050 3.136873 2.980096 2.603503 2.150538 1.780397 1.611786 1.457764 1.406348 
1.413480 1.581815 1.904957 1.978886 2.051142 2.308974 2.492125 2.682594 2.851586 2.426077 
2.586494 2.640741 2.692065 2.589786 2.332926 2.052470 1.757413 1.556823 1.355129 1.572394 
1.910130 2.117131 2.573825 2.799057 2.827836 3.029993 2.881203 2.926793 2.811735 2.327901 
2.026903 1.708563 1.537634 1.439395 1.539378 1.745837 1.262992 0.698988 0.806403 1.610122 
2.098343 2.327661 2.773957 3.203318 3.260422 3.403059 3.240742 3.155299 2.888809 2.334231 
1.773503 1.228169 0.745583 0.392563 0.639586 1.678524 1.816593 1.391824 1.427740 2.093425 
2.453391 2.459683 2.624489 2.920778 3.038404 3.152818 2.943350 2.949655 2.721061 2.202824 
1.835472 1.418127 0.722542 0.209830 0.491290 2.056165 3.358392 3.952949 3.380247 2.839416 
2.419387 2.297522 2.151940 2.158181 2.112661 2.193617 2.108581 2.384297 2.332232 1.952145 
1.987931 2.048717 2.127951 1.929176 1.815903 2.344261 2.628168 2.890934 2.500574 2.065935 
1.698888 1.582098 1.355586 1.155230 0.958080 0.967692 1.075159 1.739769 1.993508 1.775387 
2.598591 3.091173 3.574127 3.638841 3.140011 2.663186 2.116838 1.717580 1.564822 1.446256 
1.168012 0.776971 0.307619 -0.077932 -0.323742 -0.089213 0.488730 1.569707 1.965465 1.742209 
2.288352 2.660137 3.261652 3.492943 3.270884 3.041885 2.477535 2.042263 1.861516 1.624955 
1.296582 0.674774 0.003389 -0.534211 -0.771138 -0.351125 0.529726 1.581054 1.775763 1.625812 
1.699668 1.587576 2.375745 2.678915 2.896066 2.980553 2.693593 2.597683 2.607325 2.501230 
2.370224 2.147186 1.888006 1.603176 1.552818 1.758886 1.678893 1.913816 1.622904 1.440484 
1.328350 0.879471 1.521136 1.686139 1.826725 2.077326 2.203296 2.390726 2.649685 2.869030 
3.077958 3.286884 3.431902 3.389541 3.193859 2.873768 2.294766 2.113140 1.783673 1.530572 
1.673964 1.253478 1.524646 1.279028 1.269694 1.559315 1.575447 1.628443 1.680453 1.823487 
2.057100 2.264305 2.432555 2.487799 2.425702 2.285019 2.100727 2.140988 2.116011 1.942535 
2.288471 2.140082 2.135198 1.595973 1.420832 1.546843 1.408783 1.270777 1.106293 1.130955 
1.325298 1.490708 1.630173 1.807083 1.927445 1.929985 1.960464 1.919854 1.961340 2.004619 
2.328324 2.394384 2.816043 2.656880 2.360531 2.003102 1.494520 1.161450 0.914863 0.992743 
1.135658 1.176741 1.175768 1.360600 1.472906 1.458505 1.454327 1.327766 1.424287 1.754458 
1.649732 1.174043 1.510938 1.480005 1.428586 1.339281 1.445030 1.810378 1.923562 1.833751 
1.570437 1.249564 0.987214 0.829157 0.680560 0.456137 0.332395 0.243082 0.439469 1.001089 
0.851618 0.153336 0.403229 0.292675 0.288212 0.284533 0.451133 0.780945 0.909797 0.817893 
0.637826 0.496443 0.381975 0.314865 0.249002 0.055707 -0.143907 -0.280561 -0.002588 0.716925 
1.249897 0.686225 0.923476 0.790453 0.672749 0.561004 0.545294 0.585534 0.631120 0.653606 
0.665861 0.683829 0.789062 0.827174 0.880448 0.826923 0.681579 0.540646 0.732576 1.108718 
2.868320 2.921314 3.021816 2.989374 3.062094 3.067200 3.028145 3.008000 2.994231 3.032940 
3.042811 2.949144 2.904719 2.923189 3.004217 3.090955 3.047801 2.862363 2.855368 2.505495 
