-15.303714 -12.228093 -12.395554 -13.408665 -15.139708 -15.781968 -15.834562 -14.954142 -15.591464 -16.498854 
-15.649731 -14.766248 -15.056141 -15.625624 -15.062879 -14.697571 -14.964374 -14.434660 -13.887296 -12.532821 
-13.523149 -12.367379 -12.877721 -13.297810 -13.928376 -14.443383 -15.757006 -14.778289 -14.814208 -15.372162 
-16.226074 -14.570363 -15.754878 -16.825043 -15.556683 -14.568369 -14.798375 -14.509447 -13.409801 -14.613799 
-14.064784 -13.474975 -13.302389 -13.281578 -13.494738 -13.447852 -13.324921 -12.138704 -13.002352 -13.692211 
-12.714067 -14.048477 -15.001187 -13.743050 -14.086286 -13.290037 -13.613894 -13.534179 -13.479709 -13.573522 
-13.937070 -14.218597 -14.869117 -14.746184 -13.484614 -13.711794 -16.100790 -15.426027 -14.435514 -14.344951 
-15.023254 -16.444672 -15.157682 -16.617025 -16.506939 -16.226236 -14.979220 -15.029943 -14.453382 -13.650301 
-13.904436 -15.307599 -14.024094 -12.306812 -12.777773 -12.780641 -11.942908 -12.614583 -11.741211 -12.841969 
-13.253027 -13.619777 -14.184726 -15.028274 -15.748491 -15.852012 -15.031866 -14.485030 -14.264119 -13.795939 
-13.888770 -15.265704 -14.388741 -14.239264 -13.811408 -11.328364 -10.290668 -10.664638 -13.005117 -12.691446 
-13.056964 -13.296832 -14.827830 -16.226212 -16.208059 -13.708383 -14.342875 -14.587354 -13.893600 -13.474392 
-15.328348 -14.989577 -14.020007 -13.686238 -13.466670 -14.250545 -12.755234 -11.037483 -12.452414 -14.052183 
-13.877652 -12.897782 -15.110224 -16.518515 -17.598421 -15.159106 -14.156088 -13.041599 -13.095239 -12.951934 
-14.736199 -14.193244 -14.241797 -13.471951 -13.630513 -16.411701 -12.843680 -11.734473 -13.592038 -13.536634 
-13.667960 -14.263352 -14.716254 -15.325957 -16.867689 -18.364674 -18.266376 -17.284391 -15.085776 -13.704643 
-14.888357 -16.092949 -14.937464 -16.110838 -16.201862 -15.903846 -14.009638 -11.775798 -12.751367 -12.800621 
-12.844995 -14.213849 -13.940142 -14.676009 -15.340219 -16.114134 -15.348085 -15.240918 -14.366598 -14.526330 
-14.756095 -15.871569 -14.674953 -13.405093 -14.518715 -14.403721 -17.334753 -17.990667 -15.364661 -14.461948 
-14.444827 -15.494952 -14.902286 -15.894332 -15.715328 -16.058210 -15.627338 -14.295691 -14.229041 -14.432859 
-15.226697 -14.640586 -13.666849 -14.130183 -14.881630 -13.206457 -13.784610 -14.995673 -15.132090 -14.599342 
-15.140200 -14.848038 -14.937618 -16.375769 -15.591531 -15.390099 -15.442436 -14.091482 -14.399573 -14.885382 
-13.773090 -13.229485 -13.993497 -14.582623 -14.319254 -12.677944 -12.790356 -14.615562 -15.884303 -15.581830 
-15.109291 -14.475744 -15.523154 -14.603288 -15.117738 -14.959986 -15.729381 -14.567396 -16.374907 -15.414852 
-14.115083 -14.566641 -13.523138 -14.823858 -15.588293 -15.614800 -16.472126 -14.864735 -14.188229 -15.461220 
-13.892896 -13.841668 -15.078612 -15.560538 -14.444762 -14.131075 -14.028773 -15.239225 -15.571543 -15.134614 
-13.930529 -13.888066 -13.423259 -14.622447 -14.113503 -14.443401 -12.882135 -14.557071 -15.555618 -14.829363 
-15.882998 -15.508897 -15.824327 -13.961178 -15.092029 -14.896599 -12.769899 -14.127981 -14.535167 -14.851664 
-14.638880 -14.545419 -14.151217 -15.239927 -13.693241 -13.592253 -16.198053 -16.590826 -13.479936 -13.720594 
-15.281845 -14.955874 -16.273829 -18.232420 -17.041594 -16.518570 -15.582996 -13.495882 -13.716629 -13.733308 
-14.312489 -14.797089 -14.616539 -14.692160 -14.023490 -13.545710 -13.861658 -14.452843 -15.096985 -15.575303 
-14.295391 -14.108395 -14.423939 -15.586398 -15.185255 -14.233217 -14.735781 -13.467416 -13.894794 -13.534230 
-14.838381 -15.775154 -14.557808 -13.866693 -14.787152 -13.848974 -13.663101 -14.601844 -14.949581 -14.482350 
-14.198416 -14.005142 -13.529902 -13.725387 -14.527725 -12.536556 -15.358816 -13.291948 -13.749428 -14.138314 
-14.042180 -14.913148 -15.727701 -14.906722 -14.267021 -14.377286 -14.589107 -15.127501 -15.956876 -15.567178 
-14.782903 -13.860493 -13.266893 -12.893559 -12.509326 -14.115486 -14.506869 -13.721039 -14.400991 -14.583737 
-15.067253 -15.561037 -14.944406 -13.930901 -13.676430 -15.152649 -14.923623 -14.853801 -15.542826 -14.528506 
-14.694946 -15.645152 -13.689708 -13.524291 -13.099701 -14.902692 -13.108528 -14.356327 -13.727583 -14.763453 
-14.012842 -15.529754 -15.423453 -15.569424 -15.028368 -15.278359 -15.372410 -15.430437 -15.557224 -16.038292 
-15.812938 -15.801189 -15.617219 -15.887625 -15.527176 -15.076731 -15.162329 -15.707158 -14.527786 -16.670486 
