0.635158 1.436580 2.483475 3.732633 4.600301 4.947687 4.825013 4.564869 4.623945 4.727568 
4.694547 4.579810 4.498131 4.650377 5.023847 5.499424 5.781346 5.760311 5.811278 5.854307 
5.934079 5.971498 5.854672 5.685456 5.441263 5.420519 5.590415 5.878558 6.113232 6.221763 
5.814338 5.242219 4.490178 4.305426 4.612039 4.982499 5.237366 4.775807 3.228369 1.715097 
0.474401 1.418490 2.522096 3.778782 4.719694 5.185870 5.308562 4.864883 4.827978 4.891673 
4.779647 4.517667 4.288426 4.455441 4.897126 5.448421 5.905515 6.071527 6.075812 6.086280 
6.151674 6.253784 6.137116 5.787948 5.223379 5.203058 5.488466 5.848621 6.149114 6.498960 
6.304216 5.590180 4.367308 3.681834 3.879912 4.533618 5.211120 5.210654 3.632023 1.436766 
0.437981 1.456395 2.609104 3.793208 4.782480 5.482996 5.729183 5.147071 5.185248 5.420978 
5.287564 4.637449 3.963922 4.062979 4.607108 5.236491 5.661152 5.894407 6.019427 6.124207 
6.122070 6.203827 6.063015 5.444348 4.597188 4.688878 5.103055 5.620764 6.107502 6.498339 
6.288566 5.373731 3.808048 3.181853 3.488663 4.168219 5.101434 5.632210 4.460542 1.978702 
0.408631 1.440129 2.613449 3.763559 4.758543 5.217944 5.146875 4.861005 5.243208 5.671363 
5.552247 4.471510 3.610916 3.846494 4.438305 5.028167 5.407658 5.463578 5.684122 5.933771 
5.969676 6.092349 6.074946 5.563845 4.739629 4.780879 5.125104 5.586879 5.957057 6.178155 
5.944748 5.278495 3.682622 2.912496 3.230727 3.975296 4.889599 5.544405 4.686708 2.142282 
0.410662 1.428215 2.568221 3.632663 4.252375 3.861741 3.763410 4.316533 5.009148 5.530738 
5.173870 3.891423 3.450501 3.943718 4.554651 5.057104 5.328744 5.293515 5.491741 5.760866 
5.841086 6.002091 6.096269 5.969484 5.177028 5.039763 5.252462 5.544465 5.734709 5.971806 
5.941422 5.430571 3.897476 2.730432 3.060946 3.821336 4.772895 5.431900 4.685746 2.011732 
0.423553 1.432591 2.527409 3.473344 3.179106 2.651937 3.198399 4.114724 4.901270 5.395625 
4.421220 3.142411 3.307789 4.016399 4.622994 5.073008 5.263014 5.171398 5.249504 5.320828 
5.467772 5.773232 5.919011 5.841068 5.072048 4.827550 4.926755 5.261624 5.442142 5.878648 
6.142172 5.673667 3.690310 2.397754 2.818704 3.649113 4.710673 5.416774 4.662544 1.911976 
0.416682 1.428725 2.542326 3.431936 2.424007 2.265657 3.083496 4.123741 4.982554 5.634703 
4.266890 2.954531 3.353152 4.102434 4.629051 4.999704 5.094697 5.007419 5.013415 4.981037 
5.200262 5.466297 5.210341 4.695391 4.144423 4.150330 4.225414 4.827037 5.188662 5.743727 
6.122504 5.146354 2.526245 1.916973 2.425669 3.304979 4.509077 5.356065 4.593074 1.885435 
0.411282 1.420344 2.557888 3.483539 2.439013 2.363270 3.142285 4.154884 5.045928 5.767972 
4.676681 3.333408 3.510210 4.111434 4.548766 4.896019 4.967310 4.932941 4.972832 4.937127 
5.138864 4.565703 3.086065 2.354265 2.568042 2.850126 3.324311 4.200823 5.039200 5.693666 
6.055673 4.018622 1.224934 1.599528 2.171257 2.884747 4.098926 5.151173 4.426852 1.843968 
0.432057 1.425256 2.575045 3.552805 2.880684 2.419962 3.024466 4.006619 4.955426 5.685925 
5.078669 3.873011 3.501631 3.874838 4.274285 4.649881 4.779305 4.765202 4.904423 5.074825 
5.251719 3.893099 1.532292 1.587787 2.168724 2.437764 3.017512 3.866739 4.862020 5.481497 
5.832765 3.194869 0.805384 1.558325 2.217260 2.689968 3.783765 4.932920 4.246467 1.764126 
0.435232 1.426362 2.537166 3.225635 2.345854 1.868962 2.628720 3.616836 4.756150 5.555389 
5.154177 3.841573 2.940201 3.091258 3.456159 3.805387 3.881578 3.848260 4.159489 4.686199 
4.883291 3.784438 1.553810 1.586453 2.355431 2.667898 3.204150 3.942184 4.805521 5.265883 
5.549636 3.189297 0.805278 1.542326 2.255728 2.742759 3.756423 4.875570 4.076635 1.595721 
0.423398 1.416099 2.425358 2.418978 1.277154 1.554386 2.384239 3.280402 4.380164 5.193111 
4.771664 3.071873 1.848312 1.922301 2.120692 2.237983 2.302002 2.608563 2.967983 3.608321 
4.030837 3.705195 2.079905 1.859111 2.592027 3.021964 3.406386 3.917314 4.667306 5.142988 
5.505008 3.769928 1.135879 1.625302 2.312597 2.962518 3.978119 4.991542 3.942523 1.415004 
0.420659 1.390747 2.269233 1.569093 0.728860 1.486659 2.402795 3.246678 4.249258 5.044699 
4.530442 2.633967 1.339796 1.388136 1.329553 1.378176 1.656625 2.036318 2.351261 2.848380 
3.284599 3.574995 2.636568 2.265285 2.770004 3.116353 3.356810 4.002821 4.722962 5.236382 
5.604322 4.646078 2.025444 1.831656 2.396710 3.214279 4.254542 5.113978 3.841511 1.333884 
0.425962 1.385380 2.240738 1.350742 0.702312 1.495587 2.574942 3.464375 4.358136 4.978598 
4.557968 2.579966 1.225040 1.092697 0.630073 0.898053 1.687369 1.948972 2.115479 2.519984 
2.997925 3.647597 3.244414 2.677609 2.738114 2.694703 3.028734 3.923487 4.734194 5.299428 
5.707334 5.375714 3.330863 2.121060 2.422303 3.329269 4.469158 5.202151 3.769910 1.333066 
0.432481 1.394660 2.300415 1.592585 0.779154 1.555521 2.727562 3.662480 4.531271 4.962889 
4.655028 2.834265 1.399292 1.100544 0.406244 0.942964 1.885598 2.080161 2.084556 2.452379 
3.017543 3.844457 3.680098 2.979495 2.391681 2.149613 2.842461 3.892332 4.744667 5.370898 
5.869377 5.550748 3.473376 2.058059 2.346800 3.266570 4.516244 5.248638 3.752859 1.370843 
0.429183 1.401815 2.318607 1.782635 0.985841 1.709887 2.812244 3.766453 4.659648 4.993873 
4.627898 2.971884 1.805469 1.452212 0.642452 0.967752 1.921280 2.166422 2.102252 2.368377 
2.965090 3.845488 3.779854 3.046582 1.832064 1.923012 2.840301 3.921171 4.722918 5.394060 
5.970133 5.015625 2.085011 1.736304 2.195875 2.941022 4.202648 5.142119 3.758831 1.389555 
0.429751 1.393235 2.300394 1.806209 1.042412 1.746818 2.798931 3.757677 4.646885 4.744547 
3.876913 2.849966 2.215639 1.937532 1.246394 1.238695 1.874341 2.027704 2.000559 2.257204 
2.945057 3.829660 3.826054 3.024161 1.636726 1.905447 2.915614 3.972636 4.733305 5.410672 
5.963293 4.166159 1.107797 1.609668 2.158886 2.587758 3.702185 4.880719 3.775476 1.401895 
0.425740 1.396510 2.373959 1.973275 1.116902 1.721458 2.746518 3.684590 4.543972 4.163983 
3.022615 2.658729 2.829109 2.920187 2.386902 2.121858 2.222004 2.283248 2.243873 2.620979 
3.346539 4.188894 4.215556 3.393932 1.914662 2.021631 2.985667 4.014429 4.786535 5.441200 
5.941015 4.001301 1.026490 1.603583 2.229469 2.521071 3.558088 4.731167 3.830214 1.456829 
0.418788 1.395704 2.470610 2.408057 1.452510 1.717592 2.698954 3.635604 4.122221 3.189046 
2.498743 2.601326 3.453903 4.184956 3.953294 3.532027 3.170187 3.127901 3.058040 3.398353 
4.146736 4.827636 4.882185 4.081983 2.480079 2.244711 3.067229 4.046546 4.847493 5.492350 
6.023475 4.966227 1.688182 1.738310 2.365401 2.754516 3.754734 4.820542 4.026720 1.519310 
0.424758 1.386699 2.577079 3.097528 2.262731 1.879836 2.712142 3.474309 2.799539 2.303744 
2.346909 2.799800 3.844718 4.937345 5.304309 5.317475 4.787142 4.572473 4.559301 4.912435 
5.378061 5.620592 5.553937 4.970507 3.410261 2.684623 3.238786 4.093791 4.878685 5.496447 
6.058935 5.750508 3.278047 2.161309 2.524242 3.133892 4.166676 5.073230 4.375133 1.651631 
0.438119 1.373231 2.569547 3.527352 3.097574 2.440937 2.900524 3.409482 2.063911 1.999412 
2.417237 3.022317 3.835777 4.720712 5.263325 5.617755 5.497412 5.458029 5.404505 5.731722 
6.122129 6.288670 6.129098 5.808198 4.610008 3.524585 3.605810 4.227551 4.904149 5.451819 
5.979988 5.889259 4.067841 2.461372 2.705796 3.452353 4.513229 5.256558 4.667031 1.873575 
0.443283 1.349969 2.520142 3.652544 3.990494 3.387704 3.160077 3.350245 2.261842 2.044096 
2.590160 3.290194 3.956666 4.402136 4.722765 5.008816 5.065331 5.099900 5.090599 5.437685 
5.934516 6.465927 6.417377 6.187785 5.552596 4.567381 4.257109 4.513220 4.966876 5.411109 
5.888462 5.605249 3.422117 2.214744 2.670081 3.480626 4.560764 5.297899 4.772173 1.967323 
0.423147 1.330533 2.381646 3.330480 4.042619 3.537793 3.187526 3.217132 2.661771 2.466046 
2.976135 3.687441 4.264277 4.548680 4.714308 4.849618 4.571509 4.076089 3.996792 4.657491 
5.288016 6.054689 6.460094 6.330521 5.893111 5.530972 5.175619 5.015944 5.131249 5.440470 
5.833759 5.218942 2.379063 1.924532 2.531022 3.329165 4.473343 5.332018 4.735346 1.691147 
0.485472 1.443755 2.325364 3.012956 3.463934 2.962988 2.628445 2.549325 2.570142 2.782726 
3.354674 4.146970 4.728843 4.959026 4.982063 4.934848 3.524906 2.448375 3.026879 3.950472 
4.762546 5.529456 6.229630 6.260206 5.989738 6.076684 5.999804 5.620710 5.371938 5.512805 
5.789575 5.112760 1.844735 1.814479 2.480823 3.279973 4.443388 5.345220 4.464248 1.132100 
0.486015 1.459419 2.277894 2.773740 2.835808 2.016666 1.783730 1.827318 2.154192 2.519274 
3.167169 3.988853 4.667861 4.836202 4.839516 4.733466 3.012234 2.181019 2.883617 3.809500 
4.614251 5.427617 5.934903 5.888493 5.817608 6.093896 6.224659 5.842964 5.276746 5.263177 
5.540003 5.194701 2.293266 1.975888 2.547558 3.404313 4.442023 5.190880 3.719633 0.724524 
0.497341 1.401432 2.146294 2.286237 1.687791 1.073300 1.010310 1.280205 1.517527 1.723855 
2.433382 3.537092 4.590512 4.641015 4.573998 4.192783 3.103842 2.579729 3.127379 3.856783 
4.633142 5.461647 5.851615 5.681468 5.650544 5.917198 5.978427 5.417528 4.736899 4.815630 
5.206893 5.509250 4.046728 2.636495 2.866744 3.625282 4.631915 5.054946 2.442584 0.326990 
0.491051 1.312241 2.005221 1.856552 1.024331 0.692945 0.675878 0.928355 1.184151 1.417023 
1.944893 3.012584 4.191222 4.528356 4.395137 3.324696 2.941299 3.095569 3.623348 4.288614 
5.022921 5.559671 5.687008 5.482919 5.463241 5.672246 5.555560 4.894129 4.448526 4.577549 
4.962446 5.339497 4.715095 3.502326 3.527626 4.112507 4.838290 4.386731 1.177619 0.318314 
0.487671 1.289231 2.009722 1.728265 0.686106 0.647446 0.663375 0.804469 1.144706 1.450514 
1.682065 2.530489 3.693507 4.434413 4.194911 2.960226 2.843631 3.218628 3.750139 4.299813 
4.821370 5.214137 5.386553 5.337994 5.334428 5.420712 5.277265 4.738726 4.325177 4.342885 
4.577336 4.626592 3.952854 3.372334 3.678815 4.269336 4.397418 2.435540 0.607657 0.336362 
0.517583 1.322350 2.114480 1.898940 0.600374 0.809071 0.820921 0.805330 1.115242 1.440693 
1.473471 2.153490 3.325709 4.357896 4.427685 3.359257 3.030085 3.083129 3.060846 3.360199 
4.109805 4.859370 5.289691 5.481491 5.518469 5.447607 5.277599 4.871685 4.565017 4.488400 
4.291211 2.982986 1.839436 2.203333 2.641760 3.044381 2.801937 0.786255 0.305251 0.509361 
0.485542 1.334143 2.250363 2.510428 0.958757 0.955566 0.983474 0.836353 0.965163 1.115901 
1.217502 1.760418 2.879790 4.109999 4.777505 4.031076 2.975492 1.860741 1.287274 1.924760 
2.926116 4.094024 4.890916 5.140843 4.959352 4.887483 4.900378 4.810771 4.679636 4.365243 
3.167463 1.020005 1.066332 1.464698 1.493176 1.905361 1.789529 0.572207 0.268235 0.618491 
0.478911 1.376618 2.362130 3.184404 2.202365 1.473022 1.230259 0.826580 0.691468 0.829084 
1.018266 1.432550 2.412590 3.574554 4.398344 3.932182 2.650537 0.638329 0.905297 1.623103 
2.399399 3.263178 3.780374 3.333941 2.962455 3.328247 3.807696 4.021306 3.876351 2.866378 
1.849281 0.694279 0.957722 1.195912 1.157432 1.583473 1.626865 0.982524 0.492614 0.515448 
0.502071 1.388661 2.432567 3.439708 3.361734 2.230633 1.450933 0.907223 0.526808 0.612406 
0.671641 1.114283 1.937387 2.675184 3.003201 2.588650 1.996182 0.616050 0.838989 1.422652 
1.877162 2.379277 2.083946 1.448704 1.531003 1.798619 2.187530 2.610503 2.233804 1.313954 
1.129108 0.751427 1.040540 1.355385 1.403174 1.557954 1.690947 1.586757 1.307130 0.670245 
0.473558 1.394353 2.502166 3.508839 3.904657 3.048581 1.838755 1.222294 0.695750 0.593107 
0.375600 1.000224 1.479627 1.459771 1.026825 1.143370 1.555549 1.072455 0.883580 1.137146 
1.321717 1.463817 0.941571 0.684029 0.949419 0.973174 1.377501 1.680921 1.347852 0.865529 
0.840141 0.835805 1.168838 1.567637 1.822910 1.946941 2.090496 2.152023 1.852120 0.860960 
0.477354 1.421698 2.522353 3.621426 4.334801 4.025703 2.844136 1.984271 1.364692 1.067787 
0.437134 0.974297 1.234846 0.936481 0.408656 0.916225 1.476732 1.199885 1.041535 1.043187 
1.045890 0.962288 0.656672 0.564880 0.897907 0.831004 0.948513 1.186527 1.218018 0.999741 
0.882553 1.000277 1.516184 2.078729 2.403635 2.751263 2.836433 2.789145 2.218563 0.947862 
0.465754 1.437762 2.550137 3.712330 4.613295 4.956985 4.370002 3.214318 2.412407 1.961630 
1.180332 1.278900 1.347030 1.074144 0.439654 0.800756 1.347878 1.153699 1.086902 1.058100 
0.913013 0.918416 0.808198 0.613648 0.817816 0.860567 0.893848 1.145250 1.447798 1.673605 
1.684759 1.752628 2.244344 3.007546 3.454792 3.908325 3.965118 3.606307 2.488073 0.924097 
0.473974 1.445404 2.552628 3.743499 4.753206 5.459542 5.607012 4.709198 3.550501 2.809598 
2.295852 2.183612 2.065893 1.824558 1.223937 1.236035 1.607727 1.556301 1.410780 1.354880 
1.018135 1.083201 1.122886 0.937617 0.935182 1.008228 0.897593 1.349829 1.924235 2.534854 
3.049152 3.268728 3.347528 3.938679 4.453571 4.886953 5.106738 4.553868 2.767145 0.672159 
0.443031 1.449924 2.562348 3.765413 4.790223 5.621476 6.173448 5.849134 4.679056 3.708283 
3.168596 3.266700 3.326620 3.218625 2.694916 2.368152 2.490800 2.619948 2.556116 2.390526 
1.877432 1.670214 1.720996 1.555776 1.497970 1.388524 1.058623 1.517761 2.239954 3.110499 
4.097106 4.712379 4.638789 4.693929 4.758504 5.084548 5.472383 5.296681 3.271339 0.367526 
0.447608 1.482657 2.628138 3.832020 4.775058 5.605327 6.320557 6.324011 5.403480 4.667080 
4.312624 4.462862 4.613958 4.796721 4.562001 3.976905 3.721908 3.837456 3.950696 3.866196 
3.475873 3.135693 3.058366 2.449330 2.118646 1.819193 1.352300 1.905339 2.748896 3.682778 
4.748019 5.488273 5.242950 4.507345 4.225085 4.760769 5.380405 5.542753 3.835982 0.376787 
0.487920 1.521754 2.677650 3.813142 4.703389 5.504078 6.214101 6.410996 5.694311 5.403297 
5.324512 5.489788 5.360989 5.765960 5.887208 5.420473 4.949163 4.947837 5.140717 5.404973 
5.359306 5.004864 4.693614 3.922141 2.966176 2.431214 1.825904 2.355455 3.340776 4.249879 
5.202276 5.819224 5.465857 3.871987 3.775606 4.530284 5.236234 5.563378 4.350025 0.804142 
0.513732 1.536574 2.753931 3.883954 4.776991 5.597825 6.280405 6.554343 5.981560 5.940254 
6.170785 6.372489 5.844793 6.045898 6.224273 5.928203 5.435163 5.649243 5.963783 6.473378 
6.805162 6.645738 6.109977 5.463422 4.604223 3.782223 2.996007 3.170284 4.150690 5.065174 
5.906270 6.159681 5.704957 4.520905 4.348049 4.859285 5.489442 5.842777 4.868162 1.571992 
0.965154 1.800192 3.157315 4.542441 5.684174 6.475538 6.779328 7.000423 6.630458 6.746320 
6.971781 7.086027 6.524233 6.515110 6.558938 6.211226 5.858574 6.264856 6.581623 6.920601 
7.086108 6.943987 6.536159 6.196426 5.952261 5.295136 4.770458 4.942017 5.632307 6.291941 
6.774731 6.782998 6.254955 5.897334 5.898446 6.164847 6.421470 6.533135 5.784975 3.007472 
0.405778 0.458444 0.456719 0.479764 0.495576 0.500170 0.491919 0.496576 0.505890 0.512602 
0.512679 0.510423 0.503412 0.496829 0.496142 0.498879 0.509590 0.526759 0.540391 0.540787 
0.538145 0.546443 0.558687 0.572701 0.591629 0.609933 0.610632 0.599202 0.581748 0.564664 
0.553810 0.547226 0.534018 0.525928 0.556289 0.538730 0.531316 0.524523 0.529118 0.495513 
1.169208 1.193783 1.267973 1.323097 1.338520 1.336145 1.312490 1.290060 1.297394 1.318438 
1.344429 1.357240 1.345272 1.324875 1.311179 1.317859 1.342158 1.391798 1.421807 1.398924 
1.336788 1.255996 1.170531 1.068082 0.986870 1.005688 1.110559 1.219751 1.271341 1.261926 
1.204672 1.079536 0.904709 0.835001 1.041309 1.272506 1.373854 1.405521 1.429442 1.478870 
1.962681 2.166566 2.318316 2.364629 2.354987 2.320762 2.268078 2.225706 2.232923 2.258046 
2.254617 2.159790 1.973107 1.802326 1.687064 1.650946 1.680588 1.789703 1.948326 1.979267 
1.847224 1.550468 1.222023 0.965065 0.829935 0.833759 0.948899 1.251060 1.545395 1.463556 
1.073548 0.746612 0.568128 0.572483 1.009554 1.790697 2.261438 2.415613 2.500480 2.526137 
2.134707 2.661845 3.097431 3.138196 2.995003 2.849292 2.771854 2.790657 2.810967 2.802813 
2.733861 2.494207 2.119622 1.837736 1.713122 1.687923 1.711280 1.797836 1.991799 2.112178 
2.034189 1.892562 1.775441 1.687693 1.620382 1.606586 1.638119 1.727244 1.809556 1.757318 
1.614082 1.500440 1.411358 1.366044 1.522321 2.201895 2.847507 3.160326 3.274935 3.115693 
1.799260 2.408643 3.117917 3.045322 2.692231 2.407729 2.485471 2.804091 3.031297 3.058085 
2.971853 2.754921 2.544281 2.432386 2.408188 2.400770 2.390635 2.419724 2.490277 2.603269 
2.599520 2.585854 2.595194 2.621245 2.602326 2.559027 2.505823 2.526146 2.538815 2.520715 
2.487311 2.471672 2.465011 2.388980 2.363067 2.840137 3.367271 3.675999 3.666240 3.230844 
1.748683 2.134036 2.740328 2.598559 2.311509 2.061010 2.158493 2.561809 2.965554 3.153169 
3.211865 3.067248 2.998151 3.004780 3.035956 3.035781 3.016051 3.047747 3.104549 3.188237 
3.228534 3.325102 3.428201 3.476496 3.421993 3.297621 3.187320 3.230806 3.285312 3.340063 
3.421764 3.510009 3.525923 3.306495 3.082035 3.388594 3.725483 3.835552 3.522289 2.896749 
1.941860 2.355023 2.881967 2.821971 2.745766 2.493794 2.579340 2.830100 3.157943 3.405049 
3.633061 3.593993 3.607659 3.678327 3.711745 3.662502 3.622378 3.646686 3.674831 3.710209 
3.775613 3.926935 4.051302 4.066210 3.920889 3.652977 3.439662 3.549789 3.694385 3.805529 
3.915994 3.889117 3.419218 2.719729 2.721560 3.351065 3.739145 3.660476 3.181632 2.624499 
1.748929 2.235131 2.954585 2.940304 2.978227 2.885921 3.012392 3.170106 3.262966 3.382890 
3.681037 3.818493 3.946463 4.158643 4.307360 4.317642 4.260610 4.204090 4.176147 4.096978 
3.872361 3.393215 2.682225 2.037822 1.786628 1.570243 1.687322 2.292577 3.050903 3.579139 
3.525177 2.666660 1.270190 0.589661 0.966199 2.212421 3.093003 3.173152 2.860798 2.492223 
1.371554 1.822304 2.779676 2.986777 3.096258 3.020343 3.237501 3.437177 3.464566 3.554738 
3.880400 4.133703 4.273316 4.429790 4.572920 4.653407 4.615147 4.458433 4.253122 3.874240 
3.089543 1.785848 0.818375 0.505016 0.523167 0.497359 0.516426 0.806898 1.846679 2.884995 
2.624658 1.573274 0.704963 0.496700 0.656723 1.307892 2.430626 2.861963 2.756594 2.484178 
1.518002 1.943039 2.764356 2.674851 1.943017 1.626248 2.367957 3.145734 3.337525 3.459639 
3.678154 3.748088 3.658193 3.564708 3.575519 3.560811 3.487747 3.329287 3.132496 2.898991 
2.370161 1.774369 1.521727 1.419171 1.439521 1.429888 1.392478 1.486061 1.890945 2.673574 
2.481701 1.894320 1.393548 1.200737 1.199357 1.620085 2.458953 2.918685 2.864738 2.550837 
1.766417 2.139875 2.474190 1.635738 0.749557 0.462290 0.825412 1.657252 2.408242 2.696778 
2.629509 2.082398 1.440008 1.165114 1.085326 1.027871 1.059565 1.171145 1.391531 1.817890 
2.227480 2.397564 2.631736 2.565125 2.510236 2.473602 2.369805 2.371140 2.515354 2.889382 
2.857088 2.669265 2.400541 2.023289 1.772530 2.110705 2.822337 3.158010 3.003651 2.549349 
1.766796 1.954283 1.857859 1.044363 0.435613 0.277788 0.574069 1.258173 1.875815 2.083651 
1.781461 1.094566 0.646660 0.470724 0.393662 0.299379 0.399509 0.726774 1.000881 1.251423 
1.764045 2.336776 2.854998 3.012623 2.938521 2.752312 2.524054 2.502481 2.743045 3.123517 
3.329203 3.366455 3.331206 2.912382 2.304228 2.495724 3.114172 3.319255 3.042502 2.477062 
1.647169 1.706708 1.511086 1.041185 0.735745 0.648618 0.773093 1.130225 1.632218 1.702877 
1.328059 0.827859 0.488860 0.233493 0.002389 -0.177816 -0.080420 0.302727 0.737418 1.094932 
1.486648 2.157723 2.949073 3.146751 3.032508 2.676610 2.340516 2.409485 2.836714 3.343409 
3.742202 3.935572 4.034848 3.584548 2.823897 2.841698 3.283992 3.306402 2.925019 2.376059 
1.720232 1.901473 2.012622 1.807220 1.631148 1.491174 1.535964 1.849698 2.074267 2.063869 
1.711115 1.227280 0.854126 0.692280 0.697317 0.647356 0.648181 0.716156 0.729186 0.871431 
1.225381 1.821306 2.505534 2.778626 2.757547 2.466688 2.327462 2.569209 2.972693 3.460906 
4.009098 4.312690 4.133786 3.253315 2.695565 2.952876 3.314370 3.182005 2.808391 2.340800 
1.838442 2.175254 2.499403 2.498892 2.505352 2.406047 2.395551 2.628220 2.826798 2.742956 
2.258677 1.717304 1.325627 1.252756 1.600396 1.643114 1.522326 1.379688 1.312245 1.366850 
1.468117 1.672679 2.036647 2.213557 2.406992 2.468520 2.638489 2.966382 3.245889 3.568276 
3.936020 3.797598 2.537323 1.308271 1.450575 2.325901 2.925434 2.926802 2.729635 2.391743 
1.874176 2.269605 2.745401 2.892365 2.952294 2.875792 2.899709 3.000578 2.957980 2.624975 
1.990826 1.453990 1.019072 1.026181 1.702520 2.184647 1.702374 1.081216 1.077999 1.467426 
1.800732 1.996559 2.113997 2.113028 2.380975 2.626985 2.953371 3.331818 3.524648 3.664824 
3.580708 2.700809 1.122109 0.468346 0.678370 1.406936 2.274242 2.658737 2.677271 2.458417 
1.860880 2.207148 2.682059 2.862536 2.899090 2.770672 2.666813 2.522497 2.165048 1.684583 
1.254490 0.997474 0.897088 0.818036 0.852531 0.872907 0.702989 0.496742 0.529759 0.948995 
1.827538 2.438605 2.660881 2.696518 2.904981 3.083558 3.359951 3.674767 3.785383 3.805257 
3.455321 2.394183 1.324031 0.891506 0.883447 1.138716 1.952418 2.567370 2.710911 2.561568 
1.874807 2.233646 2.724881 2.859775 2.878430 2.688090 2.557237 2.430659 2.145231 1.628416 
1.264489 1.245728 1.352714 1.323277 1.207119 1.112626 1.064001 1.087138 1.144225 1.340737 
1.942413 2.615566 2.991653 3.168054 3.393374 3.523188 3.669553 3.845024 3.902405 3.895645 
3.647180 3.017859 2.300622 1.748320 1.499170 1.667412 2.247612 2.735304 2.730019 2.535235 
1.899158 2.347024 2.935034 3.114202 3.246946 3.114292 3.012345 2.722308 2.093835 1.059323 
0.814599 1.076914 1.549299 1.611513 1.488182 1.429109 1.486911 1.616324 1.762323 1.931751 
2.233692 2.583432 2.878994 3.185456 3.580190 3.825409 3.911980 3.953923 3.929556 3.912940 
3.865027 3.659913 3.422691 2.876310 2.255351 2.325598 2.727417 3.003355 2.757551 2.418740 
1.792778 2.355278 3.113345 3.445909 3.562570 3.430606 3.191245 2.498194 1.561528 0.969540 
0.754102 0.634822 0.669070 0.644683 0.542646 0.515641 0.578909 0.706848 0.942650 1.361247 
1.853449 2.257722 2.550325 2.900253 3.433289 3.891168 4.047804 4.028310 3.918428 3.886559 
3.979483 4.010161 3.887911 3.265885 2.553231 2.631038 2.953305 3.047301 2.648573 2.309461 
1.594212 2.089801 2.988891 3.482268 3.610348 3.576263 3.337526 2.806573 2.144789 1.399490 
0.988309 0.768702 0.688445 0.655805 0.643709 0.638467 0.632491 0.652876 0.746984 0.929272 
1.252951 1.823773 2.421262 2.906756 3.387260 3.776070 3.940131 3.943761 3.823925 3.786606 
3.877823 3.793038 3.314337 2.439564 2.106262 2.416493 2.711519 2.721926 2.366205 2.173310 
0.978957 0.883787 1.503613 1.959463 2.000446 1.870315 1.597724 1.376375 1.351799 1.424832 
1.547019 1.691727 1.679716 1.653006 1.639196 1.602720 1.453725 1.177445 1.003228 0.996280 
1.132612 1.600151 2.364887 2.995038 3.399063 3.668805 3.770195 3.762619 3.674552 3.592829 
3.435430 2.787450 1.811896 1.168542 1.454690 2.051797 2.425570 2.492679 2.197770 2.051042 
0.478872 0.379452 0.571888 0.704647 0.783056 0.858205 0.932787 0.997775 1.277366 1.815760 
2.372750 2.615764 2.630513 2.605839 2.584059 2.356621 1.610744 0.725830 0.479726 0.449451 
0.536994 1.033726 2.044569 2.837416 3.250102 3.526549 3.607534 3.526812 3.386973 3.204011 
2.870470 2.154051 1.259475 0.754195 1.157950 1.987431 2.535771 2.619897 2.122392 1.818455 
1.281139 1.274238 1.339514 1.378368 1.275194 1.124139 1.194993 1.432481 1.717766 2.217641 
2.900029 3.316190 3.405653 3.383650 3.234321 2.728857 1.925309 1.432307 1.306876 1.300254 
1.347396 1.538112 1.954192 2.347340 2.638827 2.817501 2.818583 2.652803 2.467277 2.374486 
2.223739 1.777386 1.312287 1.042978 1.182928 1.957947 2.707985 2.746045 2.207620 1.825251 
2.131296 2.150993 1.762155 1.248196 0.680175 0.339483 0.302164 0.704747 1.151402 1.349416 
2.192958 3.153117 3.703173 3.800374 3.588587 3.176685 2.730450 2.352417 2.167939 2.148688 
2.210497 2.249287 2.255087 2.242557 2.219771 2.107523 1.930345 1.750633 1.730456 1.847651 
1.938799 1.918703 1.928888 1.684861 1.647182 2.189298 2.835608 2.490245 1.400858 1.037179 
2.477113 2.266546 1.039191 0.504520 0.358776 0.323157 0.312977 0.256033 0.413101 0.634353 
1.005784 2.150124 3.201929 3.397149 2.985937 2.210881 1.712359 1.666328 1.866772 2.095265 
2.219264 2.318764 2.311112 2.207552 2.091203 1.926162 1.726559 1.630753 1.730703 1.945243 
2.104747 2.151901 2.146424 1.906217 1.698662 2.261563 2.570739 1.686246 0.499136 0.312207 
1.615212 1.276591 0.753125 0.445376 0.205355 0.110411 0.192673 0.242284 0.334816 0.710585 
1.211344 1.791028 2.530937 2.677301 2.390950 2.011606 1.804675 1.860308 2.046125 2.237975 
2.347666 2.468693 2.574125 2.603875 2.571931 2.485489 2.361479 2.264504 2.315879 2.518916 
2.680732 2.606288 2.351960 2.025942 1.913889 2.185065 1.957867 1.077604 0.673306 0.796096 
0.800684 0.729351 0.723287 0.488037 0.263645 0.258576 0.380185 0.423097 0.390196 0.464690 
0.945799 1.801823 2.594459 2.736559 2.612512 2.397904 2.220136 2.100641 2.018070 2.115819 
2.354710 2.511423 2.622686 2.673373 2.623671 2.467838 2.292166 2.195855 2.235493 2.293052 
1.988491 1.250865 0.628023 0.702781 0.934175 0.959561 0.523645 0.115677 0.111028 0.543392 
1.084245 0.967310 0.973362 0.891373 0.753754 0.634747 0.597391 0.539618 0.436602 0.372412 
0.679513 1.571051 2.591484 2.899274 2.840467 2.520593 1.840352 0.968498 0.364580 0.778696 
1.616324 2.182342 2.471488 2.555935 2.507246 2.444026 2.375700 2.322884 2.303510 2.034590 
1.087738 0.419320 0.203987 0.195694 0.033664 0.006162 0.253986 0.379593 0.450819 0.439527 
1.078756 0.956348 1.009649 1.065914 0.999540 0.734620 0.606607 0.542212 0.400971 0.264410 
0.364654 0.968803 2.078154 2.530336 2.357091 1.724064 0.652188 0.084096 -0.061985 0.172208 
0.648501 1.115720 1.257765 1.211052 1.320419 1.703012 2.033770 2.114343 1.971451 1.609170 
1.155040 1.038982 0.914276 0.877236 0.777575 0.699257 0.689497 0.788466 0.947891 1.065695 
1.135080 1.156548 1.391665 1.468432 1.269287 0.939912 0.653115 0.518820 0.483598 0.442254 
0.411399 0.538349 1.355401 1.877218 1.789633 1.377604 0.929509 0.790336 0.710541 0.661673 
0.688896 0.764266 0.540680 0.308949 0.271732 0.435166 0.769532 0.944747 0.707351 0.448746 
0.552941 1.010746 1.207826 1.337966 1.408755 1.247820 1.088792 1.242577 1.460162 1.666472 
1.695422 1.806744 2.048111 2.075895 1.730665 1.256600 0.756538 0.513339 0.459063 0.356827 
0.159713 0.094606 0.324559 0.447095 0.365305 0.135712 0.315702 0.595021 0.572768 0.443497 
0.383522 0.350253 0.292101 0.213995 0.250628 0.232292 0.218316 0.314429 0.398113 0.372416 
0.311073 0.326597 0.647077 1.275313 1.607401 1.469341 1.304201 1.618967 1.883905 2.046939 
1.940780 2.175937 2.350518 2.332296 1.951538 1.460851 1.009086 0.791006 0.703590 0.658764 
0.656462 0.553384 0.445433 0.365495 0.293964 0.239503 0.295445 0.285769 0.238056 0.235057 
0.286364 0.345895 0.368169 0.348453 0.421650 0.456914 0.359238 0.290356 0.401281 0.526807 
0.477582 0.316097 0.267462 0.555121 1.004599 1.308007 1.573715 2.015172 2.261587 2.285676 
1.818199 2.119514 2.381914 2.421360 2.225329 1.974500 1.694900 1.457845 1.222061 0.986859 
0.939130 0.781796 0.644181 0.601033 0.733080 0.800023 0.815328 0.735049 0.618381 0.524198 
0.407853 0.334953 0.483273 0.589643 0.535322 0.373438 0.316892 0.365985 0.516008 0.610857 
0.683914 0.729024 0.745387 0.855188 1.157737 1.574971 2.089478 2.505561 2.610007 2.441409 
1.442667 1.786378 2.323685 2.583571 2.590961 2.488464 2.344426 2.129742 1.756779 1.352316 
1.039770 0.881523 0.776274 0.695130 0.712924 0.729576 0.695710 0.775526 0.799585 0.695052 
0.579811 0.528168 0.589916 0.678015 0.612737 0.571221 0.524852 0.457396 0.594433 0.887723 
1.237326 1.508577 1.625931 1.685044 1.892061 2.155408 2.535798 2.790460 2.639180 2.291434 
1.644258 1.844249 2.343492 2.727926 2.847514 2.790264 2.705388 2.531623 2.201894 1.828021 
1.580780 1.429105 1.270108 1.099429 0.979587 0.859035 0.776384 0.788987 0.880808 0.957660 
0.976303 0.832036 0.633016 0.557574 0.506783 0.502182 0.502911 0.430975 0.649175 1.207116 
1.830872 2.158900 2.332726 2.419300 2.546814 2.696993 2.896989 2.917470 2.298876 1.696365 
1.839817 2.088621 2.428012 2.697001 2.796125 2.772943 2.689298 2.556790 2.398466 2.245791 
2.183948 2.113197 1.966238 1.831854 1.702866 1.577667 1.513088 1.497409 1.475425 1.447341 
1.390517 1.126367 0.869190 0.680525 0.465398 0.301230 0.126217 0.102141 0.413046 1.175212 
2.025246 2.360564 2.360817 2.199875 2.290673 2.620912 2.976720 2.913081 2.240262 1.768058 
1.948736 2.278358 2.560447 2.618983 2.499561 2.371445 2.370489 2.350612 2.246689 2.116284 
2.058105 2.027078 2.027854 2.049913 2.025409 1.966415 1.958681 1.992166 1.988953 2.000938 
1.975842 1.895893 1.813948 1.736122 1.522348 1.292983 1.114740 0.987253 1.034631 1.502047 
2.174814 2.330992 1.732348 0.925093 0.858494 1.690335 2.617221 2.852556 2.546618 2.378239 
1.938516 2.337646 2.621644 2.639214 2.484902 2.278714 2.056067 1.727681 1.525451 1.457873 
1.561762 1.561035 1.426348 1.239673 1.074034 0.929801 0.883645 0.943597 1.119566 1.306310 
1.493669 1.683202 1.875927 2.005164 1.962047 1.750413 1.567148 1.370223 1.338774 1.657336 
2.036401 2.017411 1.691895 1.458031 1.438516 1.700135 2.318699 2.673619 2.664107 2.656242 
1.118907 1.217580 1.589833 1.951777 2.062311 1.848551 1.392710 1.104324 0.915900 0.837960 
0.836049 0.677158 0.416140 0.266397 0.196467 0.158293 0.173434 0.236477 0.299842 0.296739 
0.239248 0.218561 0.291567 0.365936 0.328861 0.205169 0.180969 0.311240 0.501549 0.708340 
0.786006 0.705951 0.584120 0.648401 0.914823 1.321937 1.638078 1.702440 1.583593 1.923681 
0.837378 1.550602 2.089729 3.022742 3.471344 3.259885 3.217326 3.795809 4.321485 4.520635 
4.632291 4.763260 4.771353 4.672985 4.458814 4.121487 4.161882 4.829766 5.518810 5.809829 
5.620505 5.231237 4.801959 4.499494 4.765262 5.298655 5.735543 6.047545 5.675505 4.740060 
3.647870 2.711862 1.857237 2.352963 3.748805 4.324893 3.719594 2.709272 1.550678 0.532815 
0.509993 1.426298 2.262099 3.054667 3.683867 3.868959 4.260243 4.749480 4.924987 4.893500 
5.137472 5.410259 5.299809 5.007916 4.534842 4.024596 4.017652 5.234815 6.307446 6.565437 
6.083513 5.364479 4.575975 3.988982 4.275414 5.222857 6.018786 6.342853 5.659187 4.655583 
3.693569 2.726434 1.682039 1.115744 2.467557 3.920806 3.564034 2.556109 1.415287 0.506342 
0.462731 1.745321 2.676462 3.197888 3.763576 4.156719 4.537968 4.813391 4.785124 4.837105 
5.372252 5.681641 5.312035 4.829728 4.294292 3.631914 3.111391 3.965385 5.631955 6.215402 
5.608507 4.839463 4.089198 3.244599 3.053101 3.778346 4.870033 5.632902 5.286335 4.530108 
3.636516 2.549989 1.435988 0.587000 1.537476 3.160251 3.425828 2.562548 1.426067 0.526794 
0.396506 2.018754 3.071504 3.478670 3.777429 3.867521 4.102343 4.474917 4.622174 4.797473 
5.365394 5.679254 5.161714 4.675620 4.017716 3.133827 2.419729 2.551905 4.463439 5.478295 
5.039162 4.536665 3.845473 2.887160 2.669780 3.431985 4.513711 5.521604 5.267821 4.475043 
3.579006 2.514315 1.389558 0.553926 1.446941 3.024978 3.351151 2.544287 1.420643 0.536949 
0.327368 2.108758 3.187445 3.308509 3.255749 3.125787 3.280727 3.906570 4.318043 4.392061 
4.562035 4.862691 4.820621 4.535740 3.920232 3.013570 2.261157 2.214667 3.809489 4.928595 
4.746415 4.396153 3.849869 3.196863 3.135846 3.520159 4.490965 5.349915 5.130423 4.385264 
3.506764 2.453773 1.417729 0.595154 1.562660 2.999473 3.282987 2.523272 1.409407 0.535986 
0.310393 2.025004 2.963002 2.757533 2.525675 2.375770 2.751256 3.638910 4.145398 3.929688 
3.625824 3.709923 4.121682 4.251337 3.825558 3.137399 2.451567 2.528617 3.812023 4.495044 
4.526112 4.361174 4.098947 3.864823 3.599298 3.374177 3.751123 4.825490 4.873816 4.300945 
3.533129 2.518101 1.506558 0.637055 1.580651 2.909431 3.218716 2.510786 1.403655 0.530967 
0.311603 1.992514 2.849208 2.415484 2.026632 2.006742 2.677718 3.791649 4.191773 3.753154 
3.201855 3.077807 3.620782 3.988711 3.659138 2.991642 2.435877 2.943604 3.927329 4.322157 
4.444985 4.459417 4.473526 4.338147 3.780905 3.151313 2.864061 4.238564 4.707714 4.229673 
3.463514 2.419259 1.471904 0.500389 1.261292 2.712975 3.160223 2.513102 1.408995 0.527564 
0.279266 1.953539 2.831368 2.376314 1.870275 2.089088 3.145468 4.085183 4.216434 3.794949 
3.153661 2.978930 3.495147 3.822687 3.496864 2.872600 2.382534 2.986079 4.055282 4.486440 
4.736262 4.769439 4.542746 4.235093 3.583502 2.745029 1.985500 2.788826 4.465758 4.173694 
3.354306 2.269995 1.376796 0.324135 0.684843 2.254546 3.014192 2.477206 1.396563 0.524984 
0.233590 1.896803 2.815159 2.373817 1.715684 2.047606 3.172592 3.790278 3.741215 3.457479 
2.996310 2.960912 3.355757 3.576426 3.278887 2.740285 2.304681 2.679125 4.054092 4.849764 
5.191413 5.005094 4.152184 3.936902 3.305844 2.316370 1.374492 0.987055 3.598204 4.066277 
3.302799 2.191432 1.312566 0.349335 0.424406 1.803315 2.831022 2.418919 1.379296 0.524449 
0.235776 1.897586 2.831055 2.341742 1.601117 1.189693 2.404525 3.135057 3.117443 2.883638 
2.579983 2.564149 2.937417 3.206822 2.868079 2.321416 1.935135 1.873382 2.869920 4.104228 
4.748483 4.807879 4.075170 3.990821 3.495817 2.484841 1.405727 0.985687 3.577148 4.023920 
3.276533 2.190256 1.316958 0.376106 0.430626 1.777873 2.823008 2.406987 1.372929 0.522929 
0.266102 1.943598 2.886903 2.232054 1.425621 0.621650 1.494435 2.325993 2.351493 2.151275 
1.955477 1.942222 2.348495 2.546303 2.110148 1.469411 1.158166 1.203759 1.213401 2.211096 
3.457634 4.123421 3.886728 3.878909 3.338391 2.472880 1.620784 1.836552 4.010596 4.017650 
3.258153 2.191237 1.336755 0.378439 0.498699 2.101021 2.972188 2.437232 1.377132 0.519877 
0.301372 1.970804 2.947360 2.180475 1.369631 0.507169 1.108503 1.942993 1.829636 1.707120 
1.821102 1.982466 2.374621 2.506564 1.801896 1.002418 0.502168 0.798038 0.747207 1.099171 
2.189566 3.624304 3.904953 3.894154 3.388577 2.679335 2.148431 3.354011 4.317040 4.084449 
3.325716 2.283224 1.360472 0.408550 0.734807 2.451142 3.119288 2.457758 1.387577 0.517582 
0.334834 1.976344 2.963608 2.165700 1.362501 0.592766 1.349260 1.966668 1.566410 1.327571 
1.977350 2.290455 2.606969 2.448573 1.706167 0.814119 0.155826 0.428183 0.558883 0.825356 
1.433347 3.350701 3.913996 3.724300 3.228462 2.621370 2.509207 3.729866 4.438112 4.178842 
3.438295 2.346668 1.391962 0.503488 1.022895 2.625528 3.171030 2.455571 1.397681 0.517240 
0.380671 1.993123 2.845055 2.094947 1.533761 1.180044 2.167698 2.217843 1.501422 0.948100 
1.937611 2.522901 2.663574 2.401814 1.739606 0.812608 0.066186 0.276015 0.495654 0.746464 
1.309608 3.232108 3.733354 3.430174 2.969743 2.363073 2.592105 3.987433 4.535354 4.217509 
3.461898 2.408244 1.454479 0.551985 1.090300 2.572324 3.120652 2.444896 1.408800 0.519036 
0.420935 2.035703 2.833043 2.257613 2.103362 2.581404 2.924153 2.403330 1.487506 0.701869 
1.632063 2.626605 2.862885 2.613052 1.803806 0.850694 0.122913 0.338330 0.547193 0.811540 
1.448795 3.195926 3.549459 3.166402 2.612106 2.198931 2.802042 4.332400 4.624161 4.169336 
3.358617 2.294625 1.382916 0.391058 0.810459 2.112152 2.908360 2.412165 1.417444 0.520451 
0.423784 2.050298 2.970493 2.623497 2.914627 3.475672 3.324373 2.493928 1.456329 0.502582 
0.950777 2.332427 2.903780 2.797363 1.684096 0.904546 0.327587 0.468596 0.566444 0.876883 
1.719999 3.164787 3.300000 2.917639 2.428556 2.308304 3.214593 4.625656 4.691920 4.138640 
3.259476 2.189628 1.290584 0.312604 0.492420 1.362713 2.582806 2.348779 1.404029 0.521474 
0.397301 2.088841 3.344007 3.271252 3.557959 3.871131 3.441803 2.482341 1.389177 0.325798 
0.525729 1.755135 2.998191 3.047053 2.078986 1.252131 0.837368 0.771094 0.655542 1.049131 
2.327564 3.429481 3.305782 2.875615 2.561113 2.621202 3.465908 4.599405 4.655607 4.137041 
3.244095 2.174804 1.265309 0.357720 0.423161 1.052904 2.362016 2.303442 1.381527 0.523021 
0.354657 2.039515 3.629108 3.945004 3.897377 3.967952 3.450052 2.458949 1.394866 0.259038 
0.416499 1.714290 3.429516 3.618367 2.941028 2.166323 1.614025 1.331601 1.209695 1.768695 
3.229152 3.815891 3.507215 3.073320 2.846311 2.955406 3.551350 4.447305 4.599079 4.164393 
3.324798 2.250748 1.308412 0.374864 0.544372 1.199871 2.435659 2.341411 1.377998 0.523307 
0.337688 1.826791 3.710708 4.502254 4.138171 3.983085 3.505380 2.445567 1.373181 0.235366 
0.392707 2.509780 4.107633 4.308882 4.028303 3.545398 3.121024 2.874208 2.942231 3.429069 
4.085227 4.214251 3.820878 3.366533 3.113619 3.156319 3.611954 4.362622 4.555831 4.192754 
3.419829 2.343716 1.380759 0.442617 0.819908 1.625933 2.686219 2.444378 1.399198 0.522952 
0.338701 1.534796 3.265028 4.449490 4.347817 4.054204 3.554069 2.498407 1.343542 0.374158 
0.828616 3.422330 4.575414 4.578624 4.488944 4.332622 4.285410 4.236629 3.997478 3.959225 
4.269768 4.396484 4.071341 3.632742 3.316735 3.292872 3.789477 4.517876 4.609998 4.217340 
3.498646 2.500171 1.523232 0.621706 1.128623 2.056810 2.918243 2.544108 1.428605 0.524828 
0.447092 1.390547 2.750260 3.833114 4.125321 3.991062 3.344741 2.300649 1.416412 0.806446 
2.155364 4.409825 4.851770 4.704204 4.638370 4.514297 4.378761 4.123295 3.564275 3.071368 
3.069982 3.878205 4.108377 3.832022 3.532054 3.482712 4.132020 4.837492 4.714537 4.216632 
3.495637 2.518950 1.556201 0.658651 1.204773 2.067049 2.913388 2.538799 1.419876 0.525964 
0.657911 1.048571 2.060051 2.514735 2.787674 2.783958 2.418489 1.780563 1.335072 1.640712 
3.656755 4.969783 5.183711 5.073271 4.961629 4.847115 4.568627 4.206338 3.534263 2.744292 
2.155280 3.125192 4.211897 4.162449 3.835891 3.844091 4.703492 5.289069 4.888864 4.243034 
3.440407 2.425751 1.452084 0.527831 1.037837 1.794032 2.829528 2.491753 1.383457 0.522103 
0.756854 0.502677 1.359937 1.449802 1.334507 1.483709 1.553756 1.228087 1.052553 2.073969 
4.152474 5.309621 5.423258 5.316548 5.316665 5.404671 4.583843 4.025507 3.190594 2.326300 
1.671104 2.293139 4.490911 4.594391 4.165604 4.288720 5.342384 5.815006 5.175227 4.363998 
3.448988 2.377164 1.383175 0.429202 0.804749 1.912248 2.948257 2.489651 1.363507 0.512824 
0.770197 0.400802 1.090810 1.032576 0.920064 0.763924 1.033709 0.958872 0.923264 1.657696 
3.651307 4.866199 5.026280 4.991333 5.311235 5.648013 4.633876 4.013566 3.422576 2.652720 
2.218314 3.733253 4.873086 4.729871 4.257061 4.401244 5.444888 5.842729 5.168266 4.361500 
3.451421 2.342103 1.327828 0.372885 0.732938 2.434894 3.086959 2.413103 1.310692 0.504299 
0.658219 0.427958 0.881528 0.776810 0.710552 0.435343 0.568355 0.707571 0.889570 1.166911 
2.370716 4.263520 4.688948 4.454853 4.604486 4.823578 4.467328 4.012535 3.590229 3.247307 
3.785954 4.903725 5.072048 4.649205 4.223823 4.281648 4.827057 5.054905 4.707980 4.220504 
3.469548 2.386943 1.380673 0.437925 1.038864 2.954681 3.171610 2.299248 1.237377 0.486350 
0.524564 0.588304 0.841405 0.687959 0.554210 0.288257 0.399752 0.550417 0.802667 0.823595 
1.102895 3.422944 4.334528 4.300420 4.403016 4.282070 4.047421 3.878845 3.899815 4.110954 
4.797174 5.259576 5.094870 4.672447 4.351197 4.435160 4.683256 4.848147 4.788617 4.315676 
3.575409 2.626642 1.567320 0.850523 2.184534 3.215090 2.980322 2.029056 1.132999 0.475508 
0.433149 0.775801 1.030457 0.799820 0.582363 0.256816 0.362136 0.553812 0.808593 0.687893 
0.702770 2.845031 3.867659 3.767727 3.600473 3.322727 3.062853 2.855358 3.322560 3.929963 
4.506890 4.791753 4.715998 4.500112 4.335634 4.504652 4.764862 4.934488 4.960280 4.362347 
3.347438 2.397086 1.665432 1.786372 2.441033 2.790254 2.355022 1.527631 0.872489 0.442061 
0.396804 0.861426 1.353293 1.065763 0.698071 0.275607 0.362742 0.773651 0.880620 0.615926 
0.525094 2.526813 3.750890 3.862803 3.633140 3.139607 2.516598 1.882586 2.063735 3.023397 
3.670360 3.817624 3.814106 3.911701 4.088523 4.317957 4.462948 4.507572 4.449491 3.832542 
2.700191 1.747064 1.272090 1.688481 1.678891 1.604790 1.583624 1.085360 0.675709 0.374470 
0.454973 0.964553 1.591180 1.261109 0.791936 0.366461 0.568980 1.064090 0.959456 0.508805 
0.407940 2.194505 3.542789 3.847731 3.831636 3.068124 2.025494 1.266078 0.743572 1.606213 
2.669710 2.879438 2.727306 2.736931 3.137276 3.662752 3.684982 3.549592 3.466945 2.969550 
1.982064 1.198754 0.563757 1.197856 1.089561 0.520612 0.884851 0.917052 0.649199 0.389644 
0.531935 1.097922 1.787786 1.602501 1.067609 0.669225 0.962336 1.220358 0.986460 0.431066 
0.372700 1.605056 3.008578 3.404001 3.355947 2.677595 1.649030 1.051580 0.337245 0.647543 
1.821322 2.072180 1.782500 1.596053 1.811808 2.579877 2.765640 2.459140 2.180334 1.877700 
1.319932 0.925718 0.475622 1.163635 1.004722 0.367763 0.731493 1.092753 0.843836 0.429263 
0.538110 1.157208 1.914804 1.945876 1.467643 1.169216 1.366649 1.261838 0.940703 0.409035 
0.433927 0.905967 2.304252 2.657054 2.349518 1.862195 1.237698 0.864429 0.292384 0.574036 
1.344621 1.477795 1.160737 0.914073 1.026880 1.375911 1.652573 1.480467 1.199101 1.015437 
0.835080 0.760099 0.677002 1.257392 1.044916 0.421061 1.048363 1.674752 1.186185 0.494424 
0.557608 1.147571 1.981376 2.257761 2.049632 1.911875 1.800868 1.459606 1.051780 0.650106 
0.575325 0.452730 1.513795 1.699586 1.415078 0.879840 0.758113 0.730008 0.399524 0.630476 
0.912092 0.939987 0.768612 0.557046 0.718571 0.779592 0.863773 0.787982 0.716561 0.668367 
0.563004 0.616272 0.654965 1.286243 1.177327 0.859496 1.970914 2.172304 1.376566 0.516710 
0.601040 1.144271 2.030866 2.767843 2.926435 2.746766 2.388709 1.986853 1.516937 0.963178 
0.656334 0.505385 1.187715 1.290029 1.100209 0.450714 0.417576 0.654364 0.605884 0.680459 
0.668417 0.603322 0.673635 0.448217 0.593556 0.681260 0.637138 0.450095 0.501922 0.633655 
0.705700 0.781808 0.684800 1.307136 1.527302 2.225317 2.844464 2.465154 1.432658 0.519358 
0.625457 1.155787 2.095722 2.999398 3.582927 3.581104 3.241207 2.857969 2.300621 1.512838 
0.991715 0.847035 1.301769 1.255247 1.013629 0.439566 0.465819 0.796706 0.865272 0.812753 
0.681899 0.452909 0.620818 0.536773 0.827318 0.799649 0.602622 0.335477 0.543239 0.900996 
1.076507 1.137270 1.183215 1.901950 2.536042 3.644068 3.390191 2.571552 1.419758 0.519356 
0.626067 1.238710 2.101221 3.068363 4.027931 4.248964 4.002783 3.603748 2.976465 2.233939 
1.601659 1.460349 1.788582 1.734994 1.255419 0.738952 0.762057 1.098111 1.265762 1.123968 
0.817167 0.461277 0.737085 1.071684 1.354598 1.093801 0.714438 0.382251 0.777487 1.340199 
1.730333 2.063118 2.350053 3.353623 4.316862 4.378143 3.648985 2.614671 1.385836 0.518650 
0.653048 1.400325 2.231242 3.502388 4.467646 4.549484 4.186766 4.017457 3.600791 3.007654 
2.421765 2.534693 2.861233 2.737288 2.038296 1.538591 1.471157 1.795183 1.860885 1.575439 
1.170114 0.970756 1.639888 2.327592 2.187155 1.521105 0.985332 0.492274 0.920487 1.906801 
3.116908 3.443073 3.236040 4.051522 4.796790 4.518249 3.691394 2.578274 1.373717 0.518897 
0.754822 1.663716 2.771666 4.188291 4.680172 4.364205 3.874434 4.121906 4.450374 4.420065 
4.261952 4.344958 4.309303 3.947109 3.184696 2.578133 2.425228 2.767628 2.853459 2.594066 
2.324039 2.716580 3.560441 3.476146 2.916739 2.090483 1.277768 0.572805 0.928870 2.775486 
4.068021 3.994675 3.437179 3.544583 4.441040 4.481067 3.727672 2.577471 1.364375 0.515316 
0.962989 2.046696 3.318259 4.461997 4.456955 3.925266 3.461728 4.188265 5.449311 5.920103 
5.704973 5.365373 4.939114 4.393262 3.666968 3.216626 3.328570 3.697007 3.705692 3.557983 
3.425172 3.722036 4.391212 4.045612 3.295107 2.430385 1.543093 0.927980 1.547615 3.647454 
4.460552 4.275959 3.586443 3.149379 3.776458 4.178186 3.627910 2.547757 1.368155 0.520555 
1.244294 2.513602 4.021470 4.705540 4.405079 3.731775 3.296017 4.646698 6.214242 6.753654 
6.406546 6.033164 5.430291 4.763941 3.885857 3.478044 3.752896 4.260556 4.289195 4.158222 
4.113872 4.482364 4.932302 4.664227 4.044829 3.117104 2.165166 2.156566 3.707206 4.664694 
4.767639 4.429294 3.919985 3.725580 4.429609 4.276525 3.595785 2.612112 1.462206 0.539702 
1.725581 3.388851 4.790136 5.192710 4.977646 4.251244 3.913811 5.365572 6.398966 6.782634 
6.672626 6.407910 5.782845 5.274191 4.415489 3.752891 3.950762 4.387113 4.514985 4.321318 
4.211520 4.389941 4.658079 4.666920 4.396931 3.787606 3.376741 3.956672 4.829675 5.140732 
5.065086 4.830840 4.774597 5.023404 5.048910 4.706464 3.929705 2.903329 1.902805 0.545503 
0.928958 0.694468 0.847218 1.028608 0.931507 0.730586 0.613228 0.646911 0.774284 1.016568 
1.334017 1.670061 1.983935 2.339973 2.780525 3.063143 3.085989 2.893967 2.632845 2.467938 
2.456675 2.535820 2.618186 2.673208 2.678679 2.638802 2.605527 2.649654 2.697363 2.668149 
2.664027 2.644480 2.541996 2.370842 2.003924 1.768022 1.768993 1.746336 1.473986 1.398955 
1.554440 1.731795 2.474640 2.860797 2.757801 2.632168 2.639530 2.746988 2.819903 2.853610 
2.925781 3.124607 3.386348 3.541257 3.641416 3.712317 3.743186 3.754311 3.679981 3.572313 
3.438964 3.264044 3.058687 2.883819 2.758794 2.637229 2.511891 2.433204 2.394149 2.361911 
2.311232 2.248361 2.211779 2.245967 2.213850 2.430275 2.826590 3.101479 2.983144 2.359142 
1.973745 2.477983 3.432900 3.817313 3.774119 3.840622 3.958574 4.000787 3.977045 3.889914 
3.731455 3.480843 3.232008 3.140974 3.152124 3.196091 3.226775 3.214438 3.164215 3.137081 
3.146845 3.029097 2.750060 2.416775 2.182148 2.054461 1.966178 1.949101 1.977602 1.927830 
1.775093 1.525105 1.359195 1.359118 1.601359 2.529989 3.460929 3.868943 3.942886 3.350867 
2.076836 2.727802 3.767314 4.115718 4.025877 3.961420 3.946874 3.936274 3.917655 3.920359 
3.895871 3.674171 3.142298 2.632146 2.377219 2.298239 2.297561 2.349731 2.504314 2.895085 
3.343772 3.552365 3.389766 2.814451 2.477167 2.600168 2.838310 3.109094 3.223885 3.243692 
3.181222 2.716873 1.990373 1.797397 2.258263 3.437452 4.153892 4.393755 4.357657 3.705376 
1.966657 2.526571 3.308558 3.495771 3.383078 3.254586 3.160241 3.136442 3.153451 3.194452 
3.273630 3.293818 3.177465 2.794834 2.169832 1.686178 1.512058 1.667638 2.385471 3.411050 
4.044894 4.411796 4.620889 4.629595 4.571691 4.575020 4.588119 4.595483 4.509589 4.462333 
4.471762 4.424707 4.126139 3.781751 3.522423 3.885813 4.295013 4.463452 4.366630 3.661763 
1.889429 2.312812 2.789684 2.684221 2.466307 2.318007 2.279379 2.345352 2.417885 2.441220 
2.476063 2.443187 2.484014 2.702471 2.878608 2.608960 2.274073 2.603835 3.411914 4.024019 
4.176519 4.155510 4.135194 4.138172 4.120171 4.062944 4.014041 4.034129 4.024405 4.127847 
4.181427 4.048388 3.822944 3.544298 3.208041 3.477063 3.980545 4.272967 4.189686 3.490972 
1.839571 2.192713 2.709975 2.386727 1.814411 1.537131 1.715473 2.166807 2.378654 2.283000 
2.109272 1.974761 2.245409 2.909833 3.572134 3.863411 3.840799 3.999215 4.174770 4.010765 
3.621041 3.345298 3.259009 3.262591 3.297791 3.294218 3.247964 3.233196 3.256814 3.459464 
3.641053 3.486223 3.174112 2.856109 2.565911 2.865309 3.550938 4.024665 4.021595 3.368833 
1.727525 2.089542 3.061301 3.068727 2.323172 2.040168 2.821458 3.523986 3.669208 3.386568 
2.995375 2.833968 3.241450 3.826102 4.127911 4.238698 4.298960 4.357528 4.157215 3.586821 
2.935764 2.523915 2.368036 2.350105 2.370200 2.376899 2.359100 2.408247 2.537799 2.883900 
3.037214 2.636916 2.215521 1.966573 1.813088 2.253953 3.166410 3.792331 3.886314 3.290739 
1.656536 2.087994 3.333933 3.646722 3.244982 3.079210 3.442168 3.786420 3.948866 3.847877 
3.568275 3.320677 3.331217 3.391914 3.396662 3.426660 3.495670 3.563393 3.519025 3.109275 
2.381565 1.691061 1.365854 1.267266 1.235099 1.204161 1.188630 1.268618 1.692285 2.673970 
2.820225 1.940318 1.249162 1.046221 1.071677 1.747573 2.920971 3.687751 3.824846 3.235394 
1.765619 2.248885 3.110371 3.167970 2.908377 2.799387 2.833705 3.121834 3.399085 3.422759 
3.114182 2.670188 2.448951 2.397236 2.389732 2.386878 2.447124 2.547291 2.695665 2.643528 
2.158814 1.414310 0.890376 0.598283 0.448478 0.340985 0.318589 0.648919 1.985262 3.340775 
3.365647 2.107183 0.839152 0.556476 0.770855 1.752612 3.052426 3.839300 3.905958 3.235934 
1.913326 2.333027 2.758283 2.539762 2.274486 2.187497 2.172763 2.491734 2.828363 2.889336 
2.522079 1.978006 1.657192 1.616159 1.655353 1.613933 1.587491 1.648850 1.871387 2.049535 
2.070464 1.876136 1.712026 1.581257 1.603494 1.649680 1.723073 2.459015 3.455009 4.131154 
4.193966 3.181328 1.444725 0.830577 1.012683 2.260142 3.616411 4.184834 4.095296 3.304736 
2.008848 2.354408 2.493334 1.933575 1.533821 1.419938 1.535609 2.152502 2.662832 2.650500 
2.181324 1.627588 1.383378 1.508477 1.783226 1.805521 1.582761 1.360272 1.383739 1.587873 
1.899217 2.199630 2.598707 2.893217 3.193000 3.281566 3.266772 3.483287 3.879464 4.385511 
4.743249 4.617492 3.279616 2.037892 2.117080 3.233518 4.073719 4.316371 4.146435 3.365437 
2.103468 2.545556 2.869926 1.937144 0.954497 0.811137 1.579696 3.012946 3.398876 3.138297 
2.362667 1.701995 1.541174 1.688206 1.917011 2.038599 1.863016 1.443501 1.329871 1.480152 
1.810983 2.275668 2.764033 2.999418 3.073346 3.044793 3.053805 3.320431 3.795446 4.294831 
4.644801 4.702852 4.373180 3.626433 3.113893 3.448130 3.936731 4.114751 4.014136 3.342308 
2.188048 2.723339 3.338609 3.113507 2.437140 2.581173 3.452662 4.046047 4.006945 3.629315 
2.654010 1.688728 1.272485 1.157892 1.123223 1.130295 1.102631 0.970707 0.992098 1.181482 
1.559819 2.108064 2.554908 2.702193 2.787431 2.772921 2.954349 3.452113 3.879522 4.170886 
4.304898 4.135304 3.737995 3.285318 2.816491 2.991426 3.481834 3.767745 3.829402 3.289917 
2.135628 2.554569 3.017826 3.205937 3.373765 3.704849 4.098732 4.285399 4.128699 3.728238 
2.682117 1.602786 0.981073 0.667551 0.423253 0.330940 0.341412 0.475474 0.788661 1.094655 
1.515017 2.051671 2.396806 2.489021 2.653030 2.831244 3.388720 3.935803 4.164225 4.251605 
4.144470 3.598285 2.915987 2.498516 2.178491 2.390308 2.961938 3.406972 3.598721 3.176787 
1.973186 2.214359 2.583005 2.780052 3.062860 3.433769 3.780833 3.950133 3.881399 3.529162 
2.507639 1.598003 1.037448 0.727170 0.519563 0.432071 0.419667 0.590521 0.859262 1.104314 
1.587904 2.281179 2.726476 2.840379 3.000990 3.240499 3.836782 4.285282 4.458801 4.524621 
4.239701 3.145647 2.068878 1.645763 1.494879 1.825979 2.555473 3.213562 3.437856 3.000542 
1.900248 2.136231 2.593709 2.726203 2.860246 2.995606 3.113505 3.237871 3.223388 2.977318 
2.177615 1.619583 1.446387 1.224616 0.915777 0.686023 0.551033 0.525810 0.670211 1.066348 
1.958786 2.813177 3.272132 3.426742 3.591514 3.839433 4.245703 4.511440 4.629962 4.709065 
4.481082 3.104130 1.279369 0.833635 0.878196 1.446376 2.526443 3.315667 3.412236 2.881335 
1.942294 2.334421 2.916735 2.728674 2.441516 2.275313 2.222587 2.225103 2.224049 2.123353 
1.756847 1.710189 2.212188 2.497913 2.226922 1.776401 1.458560 1.291994 1.412991 1.915061 
2.673920 3.218707 3.492128 3.660010 3.910593 4.198119 4.477075 4.646568 4.722994 4.781817 
4.724349 4.023786 2.019948 0.930831 1.005059 1.976602 3.117822 3.671663 3.548573 2.900450 
1.926711 2.388545 3.169550 2.959799 2.246722 1.659089 1.414851 1.278871 1.229590 1.162484 
1.140419 1.618899 2.431159 2.706509 2.689438 2.632920 2.612238 2.645753 2.824035 3.150134 
3.542292 3.782981 3.841336 3.888123 4.083944 4.341584 4.562542 4.697233 4.739084 4.761035 
4.755996 4.636198 4.010082 3.016131 2.671092 3.212564 3.820828 4.034674 3.800180 3.095303 
1.837892 2.319830 3.268261 3.483272 2.870935 2.038206 1.418554 0.693561 0.291690 0.322778 
0.706579 1.720921 2.343501 2.545704 2.730602 2.988581 3.202024 3.309222 3.379775 3.492156 
3.627709 3.750571 3.886706 4.092396 4.368761 4.610577 4.761213 4.830977 4.863881 4.871667 
4.767593 4.459930 4.059784 3.713850 3.291517 3.481505 3.746545 3.824700 3.695979 3.199253 
2.044775 2.521334 3.156874 3.430440 3.278001 2.766739 2.214951 1.604235 0.922836 0.771620 
1.267901 1.944640 2.333561 2.556160 2.805538 3.011100 3.107562 3.109850 3.079498 3.059618 
3.063739 3.190867 3.553466 4.150628 4.662846 4.947797 5.010359 4.960339 4.929424 4.924814 
4.768705 4.214900 3.451845 3.003812 2.731378 2.863716 3.115769 3.261407 3.272427 2.987353 
2.227572 2.636863 2.756601 2.859929 2.807151 2.474895 1.966197 1.696406 1.557207 1.604267 
2.108117 2.522510 2.597690 2.526726 2.436548 2.340696 2.263171 2.232420 2.220970 2.222150 
2.288304 2.556257 3.203605 3.822412 4.183623 4.337286 4.345300 4.252056 4.196394 4.207189 
4.152323 3.607156 2.689013 2.112496 1.940217 2.152394 2.576202 2.931768 2.915147 2.580396 
1.819388 1.964355 1.982709 2.073448 2.040464 1.859587 1.474644 1.301363 1.503455 1.965569 
2.538272 2.779904 2.825592 2.678665 2.269564 1.725013 1.360967 1.219494 1.180069 1.183797 
1.302055 1.875816 2.884078 3.250830 3.300690 3.313044 3.272383 3.214335 3.208572 3.248115 
3.265342 2.850211 1.881746 1.232996 1.167418 1.647992 2.509044 2.991740 2.723365 2.248935 
1.263935 1.121252 1.176788 1.275126 1.231579 1.204770 1.102041 1.036451 1.281571 1.810395 
2.350817 2.750938 2.991791 2.957261 2.637657 1.897086 1.078796 0.605837 0.476775 0.578514 
1.066523 1.929610 2.309234 2.348306 2.364875 2.376385 2.344944 2.298764 2.286628 2.305368 
2.336681 2.194083 1.362645 0.720949 0.832807 1.871052 2.872552 3.055783 2.625644 2.074292 
1.115724 0.793949 0.759010 0.745358 0.654683 0.596575 0.637694 0.819356 1.134855 1.419020 
1.775174 2.452330 2.940735 2.920580 2.464266 1.852506 1.409785 1.192965 1.133411 1.195356 
1.338133 1.462456 1.498260 1.479508 1.460123 1.439943 1.412909 1.381529 1.357513 1.355275 
1.375809 1.379079 1.260381 1.075985 1.229749 2.332290 3.314694 2.986107 2.243576 1.785596 
1.383018 1.008906 0.779650 0.641985 0.469591 0.336961 0.365549 0.646282 0.821627 0.909752 
1.312442 2.105561 2.641263 2.662315 2.290045 1.681648 1.190549 0.999283 1.003788 1.069181 
1.119284 1.152559 1.118446 1.013321 0.879785 0.739424 0.642047 0.612449 0.674824 0.865748 
1.049396 1.056652 0.933832 1.100463 1.863350 2.837509 3.041642 2.486473 1.560592 1.079695 
1.382412 1.095371 0.951260 0.799747 0.672436 0.555853 0.444658 0.547903 0.863147 1.127585 
1.478025 2.059153 2.636138 2.572769 2.053104 1.651312 1.497116 1.530194 1.646668 1.812391 
2.109071 2.499637 2.637880 2.473870 2.157524 1.849957 1.627957 1.573499 1.759888 2.091358 
2.264645 2.100969 1.886502 1.904454 2.157176 2.315233 2.094747 1.747336 1.106034 0.733167 
1.181521 0.995840 0.943785 0.602547 0.407076 0.352611 0.258857 0.512708 0.996341 1.266531 
1.492822 2.191891 3.225423 3.422296 2.772802 2.108891 1.846567 1.780177 1.769127 1.898391 
2.377728 2.964887 3.223232 3.210069 3.082980 2.929064 2.829993 2.753487 2.660539 2.446419 
2.053729 1.718834 1.581764 1.520526 1.675204 1.684090 1.319878 0.972692 0.819643 0.770423 
1.292895 1.198343 1.277784 0.747995 0.107218 0.071256 0.262898 0.652494 0.958491 1.120861 
1.255889 2.026360 3.157950 3.673181 3.465915 2.655196 1.799911 1.452166 1.417589 1.444894 
1.875357 2.401896 2.607950 2.591291 2.591115 2.707987 2.877205 2.914132 2.742768 2.297077 
1.514521 0.908761 0.717810 0.767861 0.979188 1.002429 0.662516 0.298553 0.183562 0.426936 
1.168744 1.013990 1.099937 1.001281 0.568558 0.391591 0.419839 0.491388 0.549039 0.629685 
0.812186 1.599553 2.575433 3.019785 3.077099 2.632624 1.401745 0.732367 0.663705 0.729803 
1.197874 1.647757 1.687117 1.628314 1.677940 1.937997 2.261456 2.311562 2.111218 1.805284 
1.231156 0.609619 0.357270 0.315630 0.359690 0.393108 0.411757 0.412346 0.311846 0.580743 
0.966892 0.694296 0.836303 0.925348 0.763196 0.579147 0.494529 0.386125 0.238974 0.227723 
0.538208 1.231855 1.798643 2.159336 2.254388 2.146231 1.399075 0.295256 0.040081 0.346598 
0.919525 1.113506 0.967120 0.839460 0.917636 1.235897 1.506647 1.539529 1.285294 1.047113 
0.847824 0.513846 0.345801 0.309170 0.308285 0.323902 0.532727 1.089332 1.136909 1.076966 
1.354295 1.177150 1.406505 1.447616 1.190965 0.899893 0.684605 0.518824 0.358073 0.314571 
0.492343 0.738858 1.011779 1.292503 1.364074 1.425362 1.292167 0.951167 0.752234 0.849248 
1.025416 0.891972 0.658287 0.641761 0.651555 0.810975 0.991993 0.973821 0.671842 0.386040 
0.332584 0.319588 0.448948 0.531576 0.523564 0.559087 1.086583 1.750431 1.741123 1.481850 
1.668412 1.657170 1.947758 2.062061 1.671761 1.156144 0.746550 0.473621 0.229017 -0.013713 
-0.109788 0.180459 0.431617 0.507559 0.466990 0.525974 0.575827 0.673116 0.797560 0.890070 
0.969598 0.864431 0.549257 0.473966 0.564930 0.739066 0.763709 0.609517 0.403361 0.243879 
0.259265 0.450177 0.611404 0.717325 0.949478 1.247385 1.823898 2.318592 2.257111 1.865330 
1.704679 1.741328 2.217183 2.542459 2.353315 1.902866 1.412941 1.074893 0.825297 0.568167 
0.340457 0.341855 0.403519 0.294086 0.058147 0.041471 0.124786 0.290127 0.477925 0.595877 
0.746788 0.761470 0.527488 0.385822 0.494884 0.621024 0.651992 0.554718 0.485147 0.595046 
0.552526 0.456288 0.691435 1.244573 1.940468 2.528705 3.009287 3.182051 2.885704 2.282434 
1.638158 1.826390 2.543695 3.152325 3.270294 3.127525 2.780680 2.255093 1.674698 1.266575 
1.042517 0.960860 0.823263 0.574872 0.320859 0.245551 0.289662 0.356720 0.383251 0.324366 
0.298174 0.286746 0.260384 0.256948 0.204175 0.098272 0.114784 0.344525 0.720934 1.272182 
1.697618 1.990206 2.437612 2.960662 3.403298 3.661630 3.834243 3.761819 3.141537 2.425812 
1.882780 2.177567 2.964268 3.609726 3.832898 3.919445 3.853269 3.434079 2.721812 2.074820 
1.690348 1.638621 1.611077 1.391887 1.112420 0.925235 0.862863 0.900564 0.890294 0.688395 
0.450093 0.457085 0.704802 0.946789 0.901680 0.759103 0.806632 1.020599 1.306690 1.977431 
2.663815 2.905117 2.925764 2.910954 2.973773 3.176223 3.523837 3.603247 2.869425 2.068641 
2.172837 2.636145 3.112037 3.355039 3.401067 3.467376 3.543512 3.513711 3.354286 3.125293 
2.990180 2.971584 2.949006 2.844766 2.630403 2.377038 2.191473 2.136979 2.144581 2.065677 
1.940607 1.893215 1.808754 1.620730 1.216872 0.926470 0.885529 0.959603 1.289488 2.165690 
2.724654 2.693336 2.393805 2.206067 2.266555 2.609015 3.083618 3.210522 2.620435 1.748326 
2.079392 2.350673 2.440767 2.426466 2.426009 2.477026 2.536157 2.533089 2.492734 2.443273 
2.460684 2.460298 2.441060 2.422938 2.394058 2.337198 2.278019 2.250825 2.255418 2.262535 
2.251988 2.228119 2.175626 2.018519 1.597402 0.926556 0.510972 0.656617 1.333040 2.040449 
2.354463 2.289798 1.899664 1.498981 1.559392 2.064182 2.468566 2.530955 2.203656 1.643276 
1.550442 1.491643 1.503093 1.510491 1.524794 1.532967 1.540181 1.512668 1.495386 1.480894 
1.477370 1.461858 1.464239 1.474966 1.494086 1.505275 1.492579 1.482498 1.501058 1.514446 
1.514292 1.497701 1.479210 1.442458 1.350251 1.196037 1.025081 0.997350 1.190983 1.431913 
1.536783 1.510603 1.411517 1.241635 1.222576 1.398095 1.554967 1.585672 1.478488 1.307514 
0.790863 0.627686 0.640616 0.645486 0.638274 0.610869 0.569762 0.543313 0.544515 0.554762 
0.546770 0.530865 0.522448 0.517280 0.520244 0.509115 0.498992 0.512598 0.538030 0.551074 
0.547672 0.549572 0.560457 0.571879 0.566793 0.552136 0.534351 0.540585 0.580973 0.629760 
0.635735 0.618955 0.601353 0.607296 0.627372 0.648117 0.679841 0.703128 0.687845 0.790840 
