-12.823659 -12.622476 -12.832168 -13.785143 -12.579325 -10.888099 -12.014815 -13.035845 -13.741400 -13.671311 
-12.364812 -11.524671 -12.863483 -13.740915 -11.962729 -12.971395 -13.498308 -13.533753 -13.310222 -14.458552 
-14.912533 -15.062291 -14.876436 -16.009148 -16.255959 -15.129424 -16.239061 -14.088380 -13.589001 -15.857452 
-17.591026 -16.853912 -15.452153 -15.762818 -16.489824 -15.688973 -17.178356 -16.153181 -14.933843 -15.788634 
-16.911526 -17.142454 -15.244205 -14.161371 -15.845971 -16.290831 -16.335581 -16.517303 -15.957292 -15.423558 
-15.548296 -16.304852 -15.179653 -14.443302 -15.927464 -16.106041 -16.635841 -16.851841 -16.183676 -13.567084 
-11.790292 -13.634670 -16.787151 -14.669492 -12.710013 -14.151055 -16.191191 -16.045279 -14.830188 -15.292805 
-15.352770 -14.852651 -15.034842 -15.445687 -14.755836 -14.979751 -14.314766 -13.061973 -13.054908 -9.761746 
-12.570203 -14.339705 -16.051344 -16.135103 -15.378987 -14.792747 -15.627892 -15.875690 -15.860780 -15.679997 
-15.357077 -15.520769 -15.833261 -15.876574 -15.377115 -15.847434 -16.224163 -16.702425 -16.972378 -17.245050 
-17.181772 -17.141958 -17.077335 -17.237415 -17.302059 -17.387568 -17.532391 -17.409798 -17.633976 -18.520695 
-18.026943 -17.467299 -16.870817 -16.476097 -16.833666 -16.882719 -17.009235 -17.028488 -17.067368 -17.351410 
-17.261545 -16.909903 -16.953375 -16.886164 -16.727705 -16.338547 -16.257738 -16.191145 -16.291882 -16.200081 
-15.911027 -16.185139 -16.435526 -16.376114 -16.653143 -16.281368 -16.190428 -16.431450 -16.219334 -16.063402 
-15.625160 -16.928995 -17.164644 -15.978439 -15.340789 -15.701465 -15.682572 -15.554385 -16.116953 -16.431917 
-16.385782 -16.283648 -16.503046 -16.590519 -16.487841 -16.050114 -15.280159 -14.348893 -14.390583 -10.694818 
-13.459569 -18.528158 -17.029045 -16.777060 -16.519526 -16.633575 -16.972483 -16.877943 -16.884348 -17.022099 
-17.063025 -17.279282 -16.991426 -16.834406 -16.700062 -16.783764 -16.745489 -17.088783 -17.171764 -16.966976 
-16.541397 -16.525412 -16.462561 -16.394529 -16.359356 -16.696966 -17.115501 -17.732559 -18.438396 -17.265676 
-16.581461 -17.269632 -16.357244 -16.611002 -16.714115 -16.174791 -16.009403 -16.234215 -17.413261 -17.495352 
-16.983746 -16.671844 -16.821453 -16.535069 -16.741926 -16.982275 -16.858597 -17.076607 -17.113091 -16.963079 
-16.688560 -16.075598 -16.480484 -17.865402 -16.679319 -16.591436 -17.186295 -17.121286 -16.910583 -17.649889 
-18.345829 -17.404242 -16.731068 -16.346325 -16.904314 -16.302483 -16.034388 -15.727957 -16.449472 -16.892191 
-16.755707 -16.748293 -17.008255 -16.631662 -16.319168 -16.056690 -15.836594 -15.786803 -16.065357 -15.820542 
-14.353306 -20.750397 -17.243954 -17.069918 -17.033072 -17.054544 -17.474058 -17.112122 -17.028673 -16.962200 
-17.067684 -17.141100 -16.161991 -16.420128 -16.574913 -17.702097 -17.142147 -17.407259 -17.186052 -16.981678 
-17.132744 -16.942844 -16.777122 -16.982391 -17.266573 -17.476431 -17.219421 -17.233250 -17.272232 -17.344904 
-16.934105 -17.019655 -17.320446 -17.440153 -17.250937 -17.560526 -16.903990 -16.508965 -17.168287 -17.305862 
-17.211292 -17.049482 -17.206509 -17.445526 -17.879335 -17.796625 -17.421795 -16.604910 -16.502855 -16.955641 
-16.417519 -16.009417 -17.007629 -18.179649 -17.373133 -17.783171 -15.725240 -16.314863 -16.340658 -17.301502 
-17.925608 -17.890722 -17.124823 -16.936909 -16.727890 -16.790289 -16.425640 -16.807516 -17.116524 -17.036564 
-17.880539 -17.115129 -17.371447 -16.633326 -16.650444 -16.358154 -16.069107 -16.161213 -16.950588 -15.733957 
-14.432987 -20.690228 -17.933054 -17.913599 -17.451941 -17.347940 -17.367714 -16.850569 -16.993618 -16.917011 
-16.992033 -17.048384 -16.598024 -16.888863 -17.294233 -18.139389 -17.531155 -16.994442 -17.485714 -17.468121 
-16.709576 -17.112955 -17.375040 -17.377596 -17.609367 -17.774918 -18.135239 -17.573526 -17.524521 -17.471365 
-17.413301 -18.264402 -16.995367 -18.008533 -17.883295 -19.367044 -18.247467 -17.361013 -17.812641 -18.431377 
-17.652657 -17.760700 -17.560211 -17.408354 -17.290434 -17.014288 -16.902670 -17.255772 -19.155678 -19.420366 
-19.771061 -18.846403 -20.495472 -19.933676 -19.844591 -19.407701 -17.273291 -17.317827 -17.808458 -17.386292 
-18.625977 -18.709133 -18.217440 -20.188190 -20.593834 -19.250004 -19.923212 -20.216324 -22.383867 -18.013842 
-22.218966 -17.377613 -19.627193 -17.409506 -17.803726 -17.295553 -16.697781 -16.693003 -17.152367 -15.595966 
-14.699744 -21.155807 -17.947323 -17.882883 -17.512701 -17.442261 -17.433050 -16.960789 -17.488188 -17.486334 
-17.028290 -16.854548 -17.138433 -16.781952 -17.343967 -17.866714 -17.289633 -16.834610 -16.519451 -16.437807 
-16.996946 -18.002842 -18.282295 -18.593140 -18.991386 -19.021786 -19.956388 -18.606491 -18.450052 -17.978540 
-17.718512 -17.780861 -16.985498 -17.886486 -18.563229 -21.016344 -19.241699 -19.259420 -19.220394 -18.967287 
-19.125507 -18.797691 -18.373140 -17.538429 -17.453384 -16.125483 -15.814704 -17.124693 -23.306890 -17.896481 
-20.215679 -20.193504 -24.950357 -21.516617 -18.763426 -23.593098 -20.037153 -18.461395 -20.985376 -20.543192 
-17.957047 -18.408140 -18.433357 -16.130379 -27.816757 -17.674683 -25.920008 -21.530371 -24.236732 -16.396694 
-24.558247 -17.885099 -20.758770 -17.619854 -18.173145 -17.174120 -16.765038 -16.958641 -17.383339 -15.486676 
-14.989972 -21.533239 -17.910654 -18.036860 -17.763880 -18.260569 -18.365404 -18.588957 -18.274574 -17.544779 
-17.678185 -18.342356 -18.964766 -18.261818 -18.274878 -17.736917 -17.050282 -16.541998 -16.402765 -16.559134 
-16.595079 -18.020208 -18.850222 -19.493176 -19.122017 -18.073997 -17.707531 -16.729111 -16.553572 -16.448967 
-16.162155 -16.037094 -16.996964 -17.113979 -17.542551 -17.562071 -17.266367 -16.846636 -16.801962 -17.311689 
-17.703697 -16.953772 -16.421000 -16.293802 -17.081072 -17.271954 -16.603781 -17.114996 -24.827663 -19.321260 
-19.946545 -20.124109 -20.950787 -16.862070 -15.288436 -20.078642 -22.604868 -17.730371 -19.115377 -17.641485 
-16.209377 -16.221424 -17.544014 -16.750130 -31.248091 -21.982805 -34.510094 -21.118219 -18.750748 -16.157164 
-21.724489 -18.158880 -20.159710 -17.827530 -18.406221 -17.165857 -16.971689 -17.224201 -17.670998 -15.189045 
-15.212461 -21.724289 -17.765585 -17.912607 -17.102785 -16.697662 -15.535118 -16.543980 -14.861997 -16.313864 
-18.354738 -18.086346 -18.267414 -17.354034 -17.898565 -17.921133 -17.747667 -17.488272 -17.312004 -17.045158 
-16.455078 -18.150450 -18.694620 -19.472576 -18.767246 -17.767218 -17.531633 -17.475769 -17.606714 -17.408146 
-16.822937 -16.054644 -17.374815 -16.822662 -16.895414 -16.314625 -16.559654 -15.880278 -15.785246 -15.851022 
-15.546635 -15.902965 -16.070433 -16.037271 -15.986362 -16.597822 -17.591379 -17.731567 -22.586918 -18.303339 
-19.339817 -21.568190 -22.780504 -23.187670 -21.639563 -18.055098 -18.618080 -18.394516 -20.382498 -20.412052 
-20.110910 -18.558884 -18.278730 -16.632250 -35.450272 -18.441847 -35.804379 -18.835766 -17.159704 -16.731161 
-18.069124 -18.147617 -19.162003 -17.775242 -18.164440 -17.384518 -17.416573 -17.413013 -17.923962 -15.218516 
-14.426150 -20.567774 -17.461292 -17.522774 -16.816454 -16.912897 -15.704271 -15.897349 -16.781776 -16.409908 
-17.998280 -18.224642 -17.975273 -17.332117 -17.094763 -16.973627 -16.728535 -17.088860 -16.578320 -17.302576 
-17.219948 -18.907953 -19.632774 -17.827358 -19.498838 -18.455046 -19.124777 -19.462147 -18.922201 -18.118195 
-17.343523 -17.294739 -20.518291 -16.939827 -17.616369 -17.336306 -16.892136 -16.362179 -16.003691 -16.059706 
-15.927171 -16.848780 -16.799717 -16.711279 -19.325197 -17.738724 -17.874247 -17.526560 -19.271656 -18.122187 
-18.250452 -18.161978 -17.217869 -16.327579 -16.237791 -16.369427 -17.576231 -17.920721 -18.314589 -17.447054 
-17.100786 -16.553892 -16.912325 -16.172655 -24.720869 -18.220142 -29.259062 -17.899462 -16.255287 -15.730590 
-16.905502 -17.712456 -18.406282 -17.198040 -17.841272 -17.558683 -17.428602 -17.492180 -17.785267 -14.785061 
-13.825928 -20.273748 -17.390717 -17.323606 -16.638727 -17.390863 -16.769602 -17.585131 -19.605017 -17.823517 
-17.798300 -17.887768 -17.662153 -17.227909 -17.482397 -16.240377 -16.435392 -16.696587 -16.334295 -16.818090 
-17.577745 -18.045580 -17.776697 -17.434368 -18.351170 -16.771881 -17.929251 -17.895370 -18.305494 -19.595261 
-20.203686 -20.722944 -26.853422 -20.985920 -22.515276 -19.443462 -16.883047 -16.468744 -15.997604 -16.362143 
-17.861563 -18.330524 -17.526340 -17.295630 -18.280718 -18.236542 -19.139097 -19.694048 -19.057369 -17.490005 
-17.780342 -16.439188 -16.181156 -15.929901 -15.742542 -15.640056 -16.073412 -17.009207 -16.766420 -16.330837 
-16.611744 -16.115160 -16.173883 -16.377432 -16.865721 -18.068344 -20.251684 -17.745682 -16.608459 -16.391312 
-17.410248 -17.504253 -17.704025 -17.411114 -17.949678 -17.976641 -17.655161 -17.762888 -17.632189 -14.413102 
-13.890225 -20.260704 -17.724720 -17.587336 -17.113955 -17.971743 -18.381372 -18.685085 -19.619253 -20.490980 
-18.581934 -18.784803 -18.308575 -18.654547 -20.544458 -17.011793 -18.098316 -17.662235 -17.959099 -17.345058 
-17.075495 -20.713814 -16.764605 -17.632126 -16.980032 -18.694889 -18.139193 -17.624023 -19.579964 -20.484505 
-18.278885 -18.877085 -26.813210 -18.316233 -24.588419 -22.266953 -16.467468 -16.347748 -16.109190 -16.704521 
-18.306107 -18.183104 -17.437712 -17.864668 -17.937208 -18.575905 -18.821709 -18.529783 -17.904898 -17.503742 
-17.612957 -16.373360 -16.855312 -18.031740 -18.300455 -17.409376 -16.471581 -16.739716 -17.164198 -17.167856 
-19.387718 -18.075024 -16.859503 -16.973722 -18.388655 -17.279812 -17.553160 -18.583380 -17.347166 -16.601055 
-17.830559 -17.806242 -17.988787 -17.827129 -17.777748 -17.906612 -17.498491 -17.591446 -18.011900 -14.421319 
-14.298708 -20.479233 -18.000996 -17.630215 -16.985718 -16.970417 -17.456902 -17.049871 -17.004984 -17.347702 
-18.086275 -18.772139 -18.439785 -18.593477 -21.138884 -18.140070 -18.480810 -17.778551 -18.517319 -17.672487 
-16.922205 -20.090803 -15.903412 -18.351162 -17.589819 -18.625828 -18.154472 -18.144241 -20.342007 -19.940037 
-22.395363 -23.643160 -26.187460 -23.122625 -25.975296 -20.992302 -17.293470 -16.547041 -17.016243 -17.449011 
-17.576542 -17.624260 -16.999107 -17.070829 -17.146746 -17.827505 -18.399021 -19.537138 -18.525146 -19.383175 
-17.200642 -16.192999 -16.288576 -17.263367 -16.835466 -18.306433 -17.895418 -17.189968 -17.705404 -17.405897 
-17.691685 -17.228859 -17.142498 -17.859493 -17.432762 -17.117788 -17.577639 -18.744295 -17.613789 -16.681469 
-17.800346 -18.135660 -18.057264 -17.620522 -17.890411 -17.567842 -16.897440 -17.270897 -17.591560 -14.926146 
-14.530776 -21.562243 -17.707462 -17.792309 -17.310196 -17.401728 -18.278700 -17.919548 -17.462620 -19.212849 
-17.136358 -17.392298 -16.841063 -17.819660 -18.511868 -17.872847 -17.700064 -17.577724 -18.414305 -17.362616 
-17.379896 -20.705502 -17.101759 -19.730574 -17.146334 -17.401951 -18.065653 -17.901415 -18.080256 -17.481102 
-17.373934 -17.748589 -17.618793 -17.430611 -19.257074 -17.854095 -17.932919 -15.820422 -16.684566 -16.570921 
-18.330940 -18.192795 -17.379705 -16.917683 -16.944286 -16.781395 -17.308573 -17.684248 -17.335594 -18.404089 
-18.829962 -17.424067 -17.784201 -18.012587 -17.371759 -19.237017 -18.550526 -18.103632 -18.854029 -17.881361 
-17.302860 -16.874525 -16.924080 -16.904541 -18.628761 -17.192104 -17.439573 -17.681036 -17.576351 -16.383923 
-17.219547 -17.351973 -18.015644 -17.710766 -17.890354 -17.623522 -17.268541 -17.327469 -17.717337 -14.827194 
-14.563708 -21.363470 -17.583855 -18.704000 -17.720909 -17.591209 -16.857225 -15.887610 -16.237623 -19.343460 
-18.356014 -18.763468 -18.339558 -18.266619 -17.921524 -17.485462 -17.220055 -16.940624 -17.484953 -16.638723 
-16.434378 -19.631548 -16.990219 -19.771421 -18.871780 -20.731354 -18.716593 -18.377600 -17.670570 -17.530939 
-17.365868 -17.253162 -17.287884 -17.193590 -16.889904 -16.518581 -19.974831 -16.526035 -16.754150 -15.828275 
-17.472822 -17.804323 -17.289116 -16.536570 -16.254459 -16.217131 -15.846492 -15.279966 -16.389141 -17.364607 
-18.808598 -16.368160 -17.527233 -16.869738 -17.101965 -20.986950 -17.555626 -17.955429 -19.351877 -18.484385 
-16.994549 -17.202980 -16.976261 -16.648327 -16.928316 -16.966768 -17.640940 -17.448570 -16.516613 -15.838078 
-17.228046 -16.959103 -18.272987 -17.817888 -17.702322 -17.601089 -17.401026 -17.304689 -17.727768 -14.927683 
-14.630664 -20.756453 -18.187393 -19.810722 -17.825871 -18.005070 -15.948519 -15.345595 -14.928555 -16.543507 
-19.252876 -18.096931 -18.043022 -17.688904 -17.135864 -17.563398 -17.271847 -17.173504 -17.347473 -17.298323 
-17.761066 -24.279787 -17.468365 -21.263426 -19.098156 -19.983875 -18.671755 -17.607922 -17.029406 -17.282692 
-16.791672 -16.738880 -16.865656 -16.383280 -16.112780 -16.570158 -19.437223 -16.802347 -16.543066 -18.097557 
-17.452374 -17.702353 -17.852858 -16.976347 -17.382334 -17.908100 -17.484589 -16.512209 -16.175028 -16.562492 
-20.171507 -18.630272 -18.534746 -16.855253 -17.046419 -18.828039 -17.680138 -17.271992 -17.585464 -18.466717 
-16.413277 -16.592060 -16.899231 -16.950417 -16.762306 -16.265980 -16.441076 -17.409420 -16.722759 -15.953943 
-17.559772 -17.414686 -17.738449 -17.228193 -16.815390 -17.112831 -16.951096 -17.017813 -16.872551 -14.862532 
-14.620210 -20.681835 -17.636633 -17.573790 -15.529338 -16.131233 -16.280851 -16.312845 -14.100936 -15.800259 
-18.415089 -18.310810 -17.491198 -17.143587 -17.600431 -18.151213 -17.600149 -17.408855 -17.047211 -17.463285 
-17.685883 -18.488655 -17.322706 -19.678858 -17.753040 -18.447218 -17.979687 -17.154209 -17.298941 -17.182301 
-16.508440 -17.032892 -17.126650 -16.922171 -17.654417 -17.784136 -17.221081 -17.590046 -16.741299 -18.101768 
-17.104576 -17.888483 -18.770859 -18.040461 -18.084688 -19.187077 -17.148581 -19.331785 -15.625734 -16.592236 
-16.871855 -17.082077 -17.898653 -17.495089 -16.932865 -16.485485 -16.959898 -15.976451 -16.431675 -16.474855 
-16.025080 -16.316046 -16.616699 -17.248348 -14.804429 -16.026068 -17.807903 -19.333475 -15.921086 -16.332565 
-17.313063 -17.440668 -18.548918 -17.090467 -16.793144 -16.717684 -16.608202 -16.800474 -17.175243 -14.599732 
-14.544692 -20.820107 -17.112141 -17.420300 -15.161946 -15.631516 -16.201683 -16.779255 -17.664309 -17.578512 
-17.657793 -16.999664 -16.768148 -17.082623 -17.201639 -17.875118 -18.114376 -18.106215 -17.622242 -17.930378 
-18.277859 -18.193851 -17.539673 -17.790621 -17.668840 -18.186871 -17.442850 -17.298878 -17.266264 -17.137636 
-17.190714 -17.420424 -17.421856 -17.628771 -17.680445 -20.355175 -18.053638 -18.388945 -17.413715 -17.603531 
-17.883158 -19.530985 -17.994127 -19.430773 -19.566624 -24.456421 -20.603987 -25.506741 -18.031652 -19.304296 
-22.110176 -22.385872 -22.491653 -21.210363 -18.711231 -17.543112 -16.802816 -15.753723 -16.006811 -15.969966 
-16.192095 -16.680500 -16.735905 -16.966183 -20.302645 -15.986393 -21.300512 -20.474512 -17.378393 -16.995235 
-17.290329 -17.368408 -18.024725 -17.425947 -17.512850 -17.527946 -17.181787 -17.159208 -17.533627 -14.538983 
-14.505868 -20.581360 -16.874186 -18.066319 -15.065619 -16.344515 -17.288340 -16.238865 -16.636185 -16.724909 
-16.113012 -16.159290 -17.039791 -17.354507 -17.299839 -17.725365 -18.054884 -17.919891 -17.837608 -17.779430 
-18.093891 -17.594347 -17.240540 -16.949829 -17.259630 -17.506371 -17.156807 -17.510054 -17.498436 -17.710033 
-17.758057 -17.797590 -18.272558 -18.304537 -17.859486 -19.231661 -18.114676 -18.415619 -17.663086 -17.072113 
-17.252075 -19.113798 -17.248676 -19.310616 -17.831545 -20.651052 -15.801304 -27.165119 -21.340010 -17.283012 
-22.701923 -30.780460 -38.219177 -29.013844 -27.749537 -19.220072 -15.788204 -17.395439 -15.805652 -16.352728 
-16.223392 -16.451315 -15.678639 -17.693111 -28.671310 -16.256315 -25.913689 -22.543039 -16.457287 -16.164244 
-17.072634 -17.205038 -17.339188 -17.457760 -17.366756 -17.912685 -17.609159 -17.399809 -17.765013 -14.777088 
-14.252261 -21.010324 -17.451569 -19.622374 -17.535290 -17.495266 -18.071682 -18.076088 -17.817106 -16.983641 
-16.487020 -16.147182 -17.060101 -17.405163 -17.676455 -18.110062 -17.508486 -17.461693 -17.787334 -17.009945 
-16.808067 -16.552605 -16.961391 -16.286043 -16.833765 -17.435854 -17.403584 -17.703074 -18.078081 -17.809843 
-17.655838 -17.827461 -18.325516 -17.996431 -18.237656 -18.606482 -17.926859 -18.025337 -17.337255 -17.217779 
-17.420557 -18.476141 -16.846914 -18.483244 -20.264294 -20.621004 -15.267135 -24.906349 -26.142029 -20.894922 
-16.036135 -17.247623 -25.796707 -15.754857 -20.237495 -18.119434 -17.550936 -17.634966 -15.561143 -16.792673 
-16.352890 -16.423168 -16.017363 -17.330225 -30.163452 -16.321383 -27.213272 -28.445938 -16.806004 -16.432314 
-16.929285 -17.184841 -18.023651 -17.846972 -17.454884 -17.678272 -17.255140 -17.408066 -17.769341 -15.042050 
-13.857211 -21.729868 -17.444880 -19.216650 -17.557022 -17.440302 -18.717176 -17.418884 -15.717464 -15.315682 
-15.280592 -16.776459 -17.151257 -17.316814 -17.669958 -17.971701 -17.578407 -17.480370 -17.344627 -16.445526 
-16.678778 -16.336044 -17.563663 -16.810644 -15.825552 -16.708572 -17.318596 -17.987194 -18.302382 -18.113203 
-17.896984 -17.670216 -17.766315 -17.519953 -17.266397 -17.633234 -18.159193 -18.313560 -17.980875 -18.177309 
-17.730852 -18.105379 -17.210423 -17.891424 -17.920107 -22.549511 -23.159536 -25.109701 -19.938171 -21.732487 
-29.750139 -35.358898 -36.011017 -33.655884 -27.395964 -23.560547 -20.186672 -17.013935 -16.544552 -16.745253 
-16.691833 -17.024149 -16.825071 -16.467810 -26.897755 -15.332122 -20.366446 -28.821428 -17.221254 -16.546417 
-17.046093 -17.269978 -17.863163 -17.943657 -17.896509 -17.575071 -17.160770 -17.189095 -17.625896 -15.506963 
-13.751395 -21.812489 -17.299063 -18.343294 -17.838299 -17.295250 -17.759136 -16.538292 -15.340727 -15.307730 
-15.464762 -17.368481 -16.958118 -17.062674 -17.349119 -17.296059 -17.325279 -17.469177 -16.500547 -16.207161 
-16.223900 -17.653320 -17.972281 -17.003246 -15.864375 -16.986176 -17.485407 -17.801577 -17.868988 -17.879967 
-17.513510 -17.182779 -17.361141 -17.041376 -16.075743 -16.657825 -16.897745 -17.387102 -17.744375 -18.345407 
-18.056541 -17.770672 -17.197489 -17.364029 -17.485960 -18.344292 -17.622839 -17.514330 -17.468273 -17.695986 
-17.593718 -17.628328 -18.045643 -17.184740 -16.800774 -17.779558 -17.002670 -15.966204 -15.828320 -16.259527 
-16.629496 -17.171837 -16.494093 -16.612391 -21.293976 -17.120630 -19.545444 -26.529541 -16.609224 -16.256922 
-16.892656 -17.365189 -18.066841 -18.115444 -17.693230 -17.416267 -17.360756 -17.114100 -17.708309 -14.424335 
-14.587088 -21.690325 -17.706535 -18.920216 -17.311253 -17.113415 -17.095110 -16.597273 -16.332239 -16.242838 
-16.560051 -16.691286 -16.175251 -15.832379 -16.535513 -16.545952 -16.973852 -17.404636 -16.550194 -16.212868 
-16.886044 -17.925190 -18.008942 -17.034250 -16.708294 -17.054092 -17.699148 -17.786583 -17.900824 -17.825008 
-17.492210 -17.497995 -17.050247 -16.816668 -15.738378 -15.097794 -14.128872 -14.375993 -15.768107 -17.160425 
-17.839033 -17.639015 -17.137503 -16.757607 -16.634178 -17.599409 -17.095676 -17.204865 -17.052114 -16.847635 
-16.469437 -16.228621 -16.071295 -16.162197 -16.490841 -16.669153 -16.101540 -15.982945 -15.895442 -15.766165 
-16.141359 -17.746511 -17.132402 -17.141079 -20.432291 -17.074314 -18.796278 -25.607546 -18.981318 -16.674204 
-17.155664 -17.859318 -18.113888 -18.235907 -17.758612 -17.529270 -17.864233 -17.445076 -17.793943 -13.586098 
-15.322176 -21.258541 -17.741789 -18.898714 -17.177662 -17.067257 -17.354202 -18.225037 -15.718153 -15.592816 
-16.335958 -17.245163 -16.277237 -15.945430 -17.162071 -17.467464 -17.461864 -17.354879 -17.335739 -16.977367 
-18.090586 -17.392826 -16.947586 -16.542204 -17.043724 -16.643990 -17.247364 -17.052141 -16.331308 -16.410824 
-16.405870 -16.366398 -16.316317 -16.572594 -16.165382 -15.674355 -13.500508 -13.293611 -15.684324 -17.278805 
-18.076088 -18.292330 -17.281919 -17.050652 -16.763748 -18.002327 -17.476715 -17.011362 -16.784338 -16.786610 
-16.844837 -16.693283 -16.431597 -16.300390 -16.037102 -15.943879 -16.898891 -17.396408 -18.005522 -17.684958 
-17.302217 -18.569288 -16.796537 -15.992201 -23.992580 -16.641165 -19.346954 -24.014406 -18.636240 -16.670986 
-17.707333 -17.976974 -18.283274 -18.034561 -17.735199 -17.655577 -17.859241 -17.292154 -17.969030 -14.954916 
-14.636490 -21.231928 -17.500832 -18.138693 -17.440632 -17.182657 -17.362158 -17.408329 -14.964988 -15.119207 
-16.283926 -17.507990 -16.383085 -16.275970 -17.125658 -19.438358 -17.704636 -17.227736 -17.250311 -16.942810 
-17.289116 -16.968729 -16.350565 -16.258129 -16.866707 -16.444527 -17.026712 -16.632057 -16.534668 -16.840059 
-16.741217 -16.664637 -16.238825 -16.682062 -16.720915 -16.159330 -14.607192 -14.771279 -16.879841 -17.116047 
-17.317072 -17.572813 -17.231165 -17.582104 -17.248468 -18.226055 -17.923096 -17.881681 -17.622976 -18.379868 
-17.801075 -17.107819 -16.228651 -16.382055 -17.244417 -16.332767 -16.125059 -16.682907 -17.209217 -17.241547 
-17.580076 -19.610073 -16.644199 -17.674799 -22.669300 -16.112738 -19.540354 -22.548304 -18.987465 -16.948057 
-18.198053 -17.781208 -18.431492 -17.967381 -17.707140 -17.636370 -17.866127 -17.439810 -17.816101 -16.030685 
-13.771767 -21.218401 -17.717510 -17.515669 -17.620853 -17.340738 -16.398697 -17.625925 -18.819283 -15.438520 
-22.255184 -20.441492 -19.014116 -16.461447 -17.223396 -20.095806 -17.853840 -17.150631 -17.240307 -16.420462 
-16.785984 -16.328598 -16.414064 -16.130247 -16.034563 -16.332306 -16.892857 -17.173248 -18.512655 -17.559959 
-16.107132 -14.951615 -14.781301 -16.603926 -16.370491 -15.953462 -15.869724 -16.614359 -16.572025 -16.419155 
-16.647539 -17.095926 -17.622330 -17.857954 -17.449623 -19.003368 -18.152927 -17.839251 -17.840488 -17.802546 
-17.896404 -17.506102 -16.820910 -17.161150 -17.383543 -17.579229 -17.421806 -17.882570 -18.674202 -17.330473 
-19.696995 -18.658642 -17.050611 -16.806141 -20.585215 -16.915234 -18.259314 -19.413473 -17.125124 -16.683527 
-18.058468 -18.035662 -18.600849 -18.432749 -18.064743 -17.714432 -17.549587 -16.626871 -17.678108 -15.622164 
-14.081187 -21.381048 -17.935732 -17.789062 -17.899572 -17.078997 -16.334873 -16.908119 -24.848164 -15.423173 
-24.462923 -18.151960 -17.562065 -16.258894 -16.348299 -17.715622 -17.762533 -17.255173 -17.405687 -16.919243 
-16.731367 -16.131983 -16.542353 -16.265442 -15.617743 -15.351637 -15.418077 -14.391283 -14.091096 -7.452680 
-4.649695 -6.818456 -11.202810 -14.595969 -16.234653 -15.623597 -16.310785 -16.558468 -15.826477 -15.931725 
-16.745632 -17.266018 -17.731979 -17.849905 -17.856091 -17.944254 -17.128073 -17.358723 -17.462626 -18.006256 
-17.080690 -16.984257 -17.641621 -17.505728 -17.588385 -18.071281 -17.761511 -18.741489 -18.407337 -17.672018 
-19.710247 -19.798054 -17.027012 -15.950742 -17.293165 -16.226263 -16.024519 -16.914238 -16.678890 -17.022787 
-17.615671 -18.183334 -18.723162 -18.802160 -18.213396 -17.960949 -17.667513 -16.539913 -17.400373 -15.691999 
-14.857147 -20.347816 -17.805897 -17.456051 -17.357019 -16.807228 -15.975863 -16.582033 -19.239565 -17.938963 
-23.502199 -20.686514 -17.987509 -16.344063 -16.371284 -17.468430 -18.116684 -17.204762 -17.313068 -17.317184 
-16.893244 -16.208355 -16.793381 -16.026144 -15.384872 -14.625832 -13.622743 -11.878175 -13.075628 -16.618404 
-5.379031 -12.503515 -13.873290 -13.758532 -14.416124 -15.154011 -16.095020 -16.107113 -15.829840 -16.207220 
-17.216871 -18.266325 -18.330856 -17.823338 -17.450193 -17.714943 -17.848053 -18.186836 -18.465691 -17.809481 
-17.811481 -17.853167 -18.453012 -17.530344 -17.538651 -18.135206 -17.118340 -17.542618 -16.626213 -16.792671 
-17.786142 -18.684296 -17.413401 -16.805695 -17.260435 -16.469198 -16.523104 -16.979130 -17.408611 -17.327044 
-17.660906 -18.448494 -18.758545 -18.517998 -18.155796 -17.892250 -17.818506 -17.937773 -18.013805 -15.891089 
-13.958879 -19.449606 -17.687258 -17.511003 -16.995941 -16.863825 -15.894247 -16.043036 -16.829052 -17.350630 
-17.734169 -17.562607 -16.935867 -17.028811 -16.513035 -18.369728 -17.371943 -16.724724 -16.813290 -16.830551 
-16.716757 -16.445385 -16.782764 -16.027519 -15.583711 -15.346118 -14.487075 -11.239563 -13.958156 -37.867180 
-7.877387 -24.423904 -22.912008 -17.120480 -14.673914 -14.707728 -15.534785 -16.173128 -16.349743 -17.033773 
-17.755848 -17.973639 -17.949944 -17.931850 -17.566330 -17.889961 -17.714354 -17.323576 -17.542353 -18.281214 
-18.803745 -17.817310 -20.621593 -18.523378 -18.672144 -18.100019 -16.359056 -16.033415 -15.871078 -16.255129 
-17.612877 -17.998003 -17.030291 -16.722897 -16.303383 -16.222155 -16.584055 -16.615671 -17.139341 -17.293470 
-17.830093 -18.383282 -18.458317 -18.202684 -18.026604 -17.721317 -17.463074 -18.666100 -18.008560 -15.269521 
-13.397299 -22.390127 -17.798470 -17.972485 -16.895332 -16.902792 -15.958071 -16.415407 -18.353716 -17.742615 
-17.671476 -16.748436 -19.019442 -15.619708 -16.288202 -18.147570 -16.726542 -16.463463 -16.373955 -16.482637 
-16.691076 -16.599367 -16.904713 -15.982776 -15.992070 -15.783875 -15.474299 -14.240864 -14.509125 -23.473604 
0.753457 -21.055647 -14.439510 -17.086040 -16.230272 -16.263618 -15.856526 -16.285820 -16.541185 -17.123255 
-17.192902 -16.966038 -17.179058 -17.689388 -17.855898 -17.858715 -17.100740 -16.760744 -16.816444 -17.070198 
-17.199795 -17.583052 -19.030355 -18.184822 -18.564775 -16.985806 -15.922401 -15.728484 -15.944558 -16.454912 
-17.257828 -17.199213 -16.605324 -16.655296 -17.254730 -17.033367 -17.121149 -16.739592 -17.377260 -17.330420 
-17.743025 -17.995478 -18.043406 -17.987375 -17.842438 -17.573706 -17.046637 -18.525013 -17.579195 -15.271717 
-13.937668 -22.298700 -17.909454 -18.605648 -16.864691 -16.897591 -16.014023 -17.154119 -17.488239 -17.870867 
-18.447739 -16.890745 -18.258827 -15.160456 -15.744817 -16.245419 -16.027020 -16.154751 -16.272625 -16.361635 
-16.647240 -16.597311 -16.903173 -16.283600 -16.370670 -16.186275 -16.352146 -15.695457 -17.111197 -11.631964 
-16.262089 -15.408036 -11.676218 -16.887634 -16.642019 -15.623230 -15.808692 -16.341568 -16.479895 -17.016811 
-16.834303 -16.683792 -17.068565 -17.190397 -17.412956 -17.186855 -17.041458 -16.557056 -19.317734 -18.997648 
-17.579025 -19.279654 -18.607471 -17.863955 -17.828960 -16.459795 -15.928609 -15.890534 -16.268639 -16.165606 
-15.962029 -15.947018 -16.103687 -16.477161 -16.433441 -17.009161 -17.492531 -16.251118 -16.710295 -16.853765 
-17.553072 -18.022503 -17.898996 -17.921808 -17.818138 -17.315107 -16.614357 -17.607529 -17.167603 -15.195564 
-15.228226 -22.376371 -17.494526 -18.435774 -16.736439 -16.850290 -16.053812 -16.832897 -19.159481 -18.135662 
-18.137829 -16.655315 -16.873817 -16.583384 -18.279322 -18.111513 -16.768702 -16.660114 -16.391941 -16.235836 
-16.877872 -17.178139 -16.494312 -16.598837 -16.595121 -16.132153 -16.061281 -15.761586 -15.020754 -15.380023 
-15.179766 -15.090212 -17.731861 -15.983891 -16.060785 -15.905012 -16.314133 -16.338957 -16.683996 -17.344751 
-17.308155 -17.495289 -17.867180 -18.463243 -18.226124 -17.599092 -17.241661 -17.337099 -20.168919 -19.703417 
-18.150227 -19.325317 -20.702906 -18.058893 -17.173386 -16.494513 -16.266844 -16.629669 -16.935043 -16.764992 
-17.692480 -16.999992 -17.093472 -16.611881 -15.753320 -16.461708 -17.656803 -17.105122 -17.449244 -17.041470 
-17.652237 -18.238880 -18.142101 -18.289686 -17.921465 -17.193689 -16.186470 -16.496305 -16.527985 -15.203944 
-15.376182 -22.577389 -17.465714 -19.043966 -17.044601 -16.947678 -16.049820 -16.976458 -18.578732 -18.611870 
-17.682695 -16.637543 -16.778643 -16.619949 -17.119286 -16.543499 -16.166220 -16.189302 -16.080261 -16.105326 
-16.870323 -17.024454 -16.306028 -16.700962 -16.744473 -16.373531 -16.604773 -15.900947 -15.195024 -14.998893 
-15.434392 -16.556755 -16.224918 -15.609293 -16.212734 -16.063530 -16.131716 -15.675689 -16.335318 -17.634302 
-17.986605 -18.410070 -18.424212 -18.464458 -18.168854 -17.665838 -17.249176 -17.525549 -18.535963 -19.581060 
-18.308319 -18.707153 -18.910435 -17.512489 -17.026024 -16.664179 -16.522074 -16.346050 -16.151344 -16.493416 
-17.567970 -16.919891 -16.018505 -15.334135 -18.163620 -15.251029 -19.244987 -17.299337 -17.032406 -16.861668 
-17.722929 -18.506960 -18.383839 -18.239489 -17.938553 -17.525143 -16.888681 -16.336006 -16.125168 -15.616663 
-14.753116 -22.260691 -18.192261 -19.118780 -17.438911 -16.789829 -16.219746 -17.507540 -18.078901 -18.868574 
-20.894341 -23.005484 -20.819132 -17.435383 -17.672966 -16.017593 -16.565584 -16.730755 -16.160448 -17.083664 
-17.173883 -16.770792 -17.058107 -16.785599 -17.077747 -16.864611 -16.833933 -15.997306 -16.281197 -15.943175 
-15.977344 -16.092361 -16.107866 -16.035746 -15.835855 -13.719721 -13.249177 -14.402993 -16.565727 -16.988209 
-17.956299 -18.362495 -18.244701 -17.615423 -17.593414 -18.107946 -17.342524 -17.351353 -17.834427 -19.421984 
-18.133690 -17.697096 -17.295595 -16.669920 -16.944551 -16.950481 -16.498198 -16.568075 -16.039358 -16.994974 
-16.989574 -16.799911 -15.538036 -15.346253 -25.157871 -15.455158 -26.328196 -19.164047 -17.881411 -16.946180 
-17.356201 -18.029320 -18.292887 -17.934826 -18.026556 -17.603512 -17.685232 -17.701925 -17.877438 -15.489508 
-14.720155 -22.097780 -18.099714 -18.553040 -17.318327 -17.201683 -16.176931 -17.236498 -18.370451 -19.871046 
-19.430679 -16.871054 -21.160278 -16.966869 -17.339201 -16.949701 -16.310102 -16.131090 -16.607323 -16.499050 
-16.037823 -16.190399 -17.124063 -16.788042 -17.318909 -16.741608 -16.790192 -16.345551 -16.184412 -15.965906 
-15.921476 -16.091837 -15.885379 -16.077631 -15.450896 -13.155133 -12.726029 -14.858533 -16.704180 -16.933075 
-18.161434 -18.682800 -17.937279 -17.801640 -17.591349 -18.198130 -17.310198 -17.472050 -17.264494 -18.026108 
-17.281780 -16.739161 -16.642347 -16.663891 -16.555614 -16.386843 -16.074358 -17.081741 -16.317661 -17.021938 
-16.210688 -16.597311 -15.211455 -15.790586 -27.381002 -17.051205 -30.855131 -22.417879 -18.856234 -16.540548 
-17.134237 -17.598803 -18.288364 -17.847139 -17.812471 -17.459078 -17.570374 -17.893417 -18.330072 -14.988802 
-15.181876 -23.173836 -17.963451 -19.532707 -17.463867 -17.430042 -16.546696 -17.196335 -19.179531 -18.676420 
-20.969641 -17.038549 -21.170174 -17.125977 -16.154976 -16.417612 -17.879988 -18.737192 -18.662365 -19.341347 
-16.724621 -16.188543 -17.235065 -17.328886 -17.327496 -16.921766 -16.532963 -16.460814 -16.727160 -16.261181 
-16.511604 -16.526014 -16.336712 -16.605339 -16.132004 -15.523389 -14.222262 -15.059509 -16.718834 -17.855297 
-18.113211 -18.501013 -18.188904 -17.949972 -17.906515 -18.110945 -17.624651 -17.669090 -18.020247 -19.215195 
-17.012503 -16.685862 -16.942713 -17.798893 -17.472254 -17.268812 -16.465946 -18.083073 -16.843349 -17.123671 
-16.690180 -16.653921 -15.665441 -15.048446 -30.818178 -15.736701 -27.166201 -22.722897 -18.663349 -16.592129 
-17.708128 -17.962355 -18.547670 -18.151577 -17.977015 -17.676458 -17.411486 -17.268042 -17.569298 -13.655907 
-15.964225 -24.250921 -18.053389 -20.084528 -17.883459 -17.924109 -16.955961 -18.396488 -17.590197 -17.923862 
-18.711853 -20.051311 -21.294146 -18.312529 -17.163118 -16.571938 -16.270039 -16.405861 -16.499718 -17.246502 
-15.823283 -16.190266 -17.206642 -17.370066 -17.465532 -17.199932 -16.881746 -16.805466 -17.171154 -17.035475 
-17.042189 -16.775173 -16.906721 -16.934881 -16.866175 -17.048992 -16.884529 -17.193115 -17.552401 -17.795540 
-17.739117 -18.280300 -18.065126 -17.716171 -17.833775 -18.038694 -17.906429 -17.793848 -17.605938 -19.079363 
-17.424974 -17.184486 -17.568518 -18.216217 -18.001139 -18.122770 -17.244669 -17.797796 -17.204426 -17.359531 
-17.584209 -16.887550 -16.094519 -15.144270 -23.421989 -15.336331 -23.091089 -23.205988 -18.779491 -16.883156 
-17.892159 -17.845915 -18.178997 -17.990276 -18.163704 -17.846565 -17.635855 -17.157623 -17.128311 -13.633377 
-16.051435 -23.861374 -18.272558 -19.960264 -17.951517 -17.452715 -17.013672 -17.189150 -16.944359 -17.392487 
-18.656225 -19.592184 -19.280708 -17.481173 -16.080004 -15.331638 -16.762894 -16.556368 -18.908241 -17.943872 
-15.989173 -15.960395 -16.779078 -17.057405 -17.529249 -17.494169 -17.139551 -17.210304 -17.920479 -17.827003 
-17.730644 -17.616068 -17.606373 -17.434589 -17.500204 -17.077486 -16.813370 -16.661156 -17.342697 -17.981733 
-17.945501 -18.051250 -18.020380 -17.923979 -17.664545 -18.163763 -17.748859 -17.752459 -17.745592 -19.160437 
-17.264549 -17.763004 -18.430418 -18.122524 -17.868092 -17.443874 -17.197916 -16.740789 -16.034618 -15.885660 
-17.394567 -17.395157 -16.709909 -16.062239 -17.885725 -17.277138 -18.575859 -20.020920 -17.251371 -16.318922 
-17.807514 -17.714794 -17.755920 -18.093462 -17.948124 -17.853149 -17.625439 -16.483967 -16.449575 -14.097553 
-16.088406 -22.394827 -18.438120 -19.284847 -17.988062 -17.542858 -17.347841 -17.029783 -16.989025 -17.431717 
-17.984680 -18.394505 -19.139202 -17.766092 -18.338633 -18.037868 -26.627167 -16.997459 -26.845749 -18.823851 
-16.138416 -15.883290 -16.825415 -16.780712 -17.304464 -17.265829 -17.102125 -17.216917 -17.869064 -17.574081 
-17.869354 -17.860100 -17.796738 -18.112535 -17.792545 -17.003105 -16.683931 -17.135302 -17.546970 -18.326046 
-18.326862 -18.555479 -18.161591 -17.940340 -17.734640 -17.902899 -17.626743 -17.754457 -17.917553 -18.360540 
-17.064114 -17.369276 -18.403454 -18.082466 -17.441288 -16.962917 -16.791964 -16.209278 -15.698358 -15.541899 
-17.026146 -17.770605 -16.800594 -16.082140 -15.896412 -16.787956 -16.713234 -16.819235 -17.386051 -16.642891 
-17.574366 -17.499069 -17.903793 -17.512354 -17.474342 -17.493986 -17.453581 -16.619911 -14.989276 -14.070032 
-15.811118 -22.044769 -18.360640 -18.780010 -18.134087 -17.729160 -17.451647 -17.115318 -17.267975 -18.249346 
-20.547932 -16.543615 -16.660082 -16.859623 -15.969027 -15.388053 -27.982977 -15.705870 -27.624851 -17.314636 
-16.649378 -16.309996 -17.245481 -17.514912 -17.490997 -17.590862 -17.818348 -17.562954 -17.339499 -17.365047 
-17.687771 -17.917894 -17.760111 -17.630404 -16.533741 -16.544744 -17.365025 -17.789141 -17.817785 -18.658817 
-18.604927 -18.685003 -18.332674 -17.987024 -18.048285 -18.025118 -17.706507 -17.985332 -18.169559 -18.298573 
-18.034395 -17.591810 -18.027815 -17.623312 -16.613367 -16.396929 -16.927906 -16.925652 -16.214466 -15.827031 
-16.866890 -18.778048 -16.600231 -16.069954 -15.448204 -16.604923 -16.658140 -16.282339 -17.414124 -17.016821 
-18.042326 -18.112352 -17.935995 -16.810568 -16.902700 -16.931957 -17.269985 -16.605164 -16.003847 -14.162516 
-16.090637 -23.245087 -18.316330 -20.143692 -17.735983 -17.996859 -17.284803 -17.547655 -17.193300 -16.513386 
-17.531641 -15.924437 -16.455528 -18.279835 -18.492235 -18.898304 -26.894588 -15.643880 -25.888676 -18.729765 
-17.667282 -16.214006 -17.131952 -17.636908 -17.494440 -17.626032 -17.252983 -17.215899 -16.585024 -17.432278 
-18.131430 -17.880316 -17.438152 -16.861118 -16.138014 -17.367668 -17.412586 -17.699680 -17.936253 -17.890730 
-17.988089 -18.037106 -17.896948 -17.852650 -18.057514 -18.359365 -18.080561 -18.324759 -18.542339 -18.602463 
-17.507565 -17.247074 -17.544214 -18.142109 -17.243416 -16.431082 -16.935560 -17.925636 -17.142803 -16.208263 
-16.447147 -18.613602 -16.338024 -16.559435 -15.800530 -16.606979 -16.645210 -16.873264 -16.710606 -16.802414 
-17.312988 -16.816603 -16.765194 -16.340551 -16.512476 -17.170229 -17.533175 -16.781021 -16.516226 -15.365782 
-16.685749 -23.382370 -17.566435 -20.142714 -17.510918 -17.746504 -17.541553 -18.063749 -17.330740 -18.110401 
-17.006952 -16.912575 -17.311241 -17.424837 -17.019016 -17.322666 -22.847174 -18.353054 -25.191793 -19.119631 
-16.986431 -17.031719 -17.639164 -17.974325 -18.050320 -18.275473 -19.962454 -18.831917 -18.500996 -16.635113 
-16.955816 -17.379333 -17.673809 -16.558500 -17.964285 -18.710720 -17.262712 -16.965488 -17.471964 -17.180441 
-17.257284 -17.659748 -17.581472 -17.726801 -17.807383 -18.049875 -17.732697 -18.093584 -18.245022 -18.295130 
-17.572010 -16.236977 -16.864281 -17.770895 -16.534950 -15.745052 -17.113226 -17.415001 -17.136311 -16.154186 
-16.503918 -16.876232 -16.269852 -16.657574 -15.779771 -16.715797 -16.501211 -17.303875 -17.316113 -16.844713 
-17.901560 -17.181015 -17.246086 -16.784338 -17.017630 -17.674030 -17.401068 -16.622984 -16.175518 -14.620832 
-16.966925 -19.303646 -17.997229 -19.355913 -17.909489 -18.474405 -18.351774 -18.106489 -17.371300 -19.424889 
-17.734489 -18.125813 -18.007305 -18.223907 -17.339560 -17.109983 -16.424635 -16.038795 -17.149189 -16.075577 
-16.284554 -18.661716 -17.358568 -17.472719 -18.691359 -19.831488 -16.612038 -17.048557 -24.506765 -17.923065 
-18.158333 -19.225451 -17.050638 -17.435976 -18.830534 -17.507755 -16.721697 -16.180063 -16.327223 -16.492371 
-16.716461 -16.693584 -16.389116 -16.725300 -17.027884 -17.428345 -17.198942 -17.919445 -18.511637 -18.653458 
-17.916410 -15.895148 -17.286812 -18.067482 -16.307755 -16.193439 -17.777058 -17.997738 -17.925943 -16.718506 
-17.059732 -16.619041 -16.372866 -15.571417 -16.543749 -17.269464 -17.481302 -18.444084 -17.065798 -16.397982 
-18.402794 -17.862848 -17.879852 -17.392349 -17.600742 -17.786591 -17.054638 -16.147478 -15.010450 -15.115787 
-21.415749 -20.448204 -17.704819 -18.671240 -18.371489 -19.890404 -18.712898 -18.419598 -18.972792 -18.481691 
-17.358479 -15.753263 -15.316287 -15.066519 -14.374114 -14.801743 -16.019196 -15.258778 -15.207461 -15.978902 
-18.468100 -21.325462 -17.518517 -19.910057 -19.049133 -19.122017 -17.165405 -17.339733 -21.490929 -18.547184 
-18.350210 -17.600855 -16.715990 -17.283821 -17.647253 -17.851353 -16.954548 -16.805828 -16.991238 -16.983984 
-17.318443 -16.917677 -16.623682 -16.536711 -16.882572 -17.240757 -16.982338 -17.719124 -17.972641 -19.330719 
-17.014465 -16.353901 -17.371037 -18.053585 -17.355330 -17.190016 -17.790167 -17.626520 -17.542862 -16.676579 
-16.293447 -16.179373 -15.364203 -14.997540 -17.031025 -17.026361 -17.956804 -18.681524 -16.992985 -16.471706 
-17.876642 -17.572435 -18.404125 -17.893711 -17.568565 -17.385012 -16.722937 -16.472275 -16.818464 -15.426926 
-17.099964 -15.887424 -17.006845 -17.915928 -18.623423 -18.331461 -18.587166 -17.194380 -15.754658 -14.768055 
-13.791395 -14.191900 -13.735236 -13.660236 -13.278760 -12.928067 -17.575783 -16.604198 -15.671790 -16.540506 
-18.703983 -20.785500 -20.927435 -21.694069 -20.846027 -19.679371 -18.559040 -17.803970 -17.956499 -16.456820 
-16.530169 -16.249056 -16.963095 -16.352053 -16.739992 -16.392595 -16.391603 -16.473061 -16.649281 -16.749184 
-16.705402 -16.470381 -15.909337 -15.693674 -16.326267 -16.932096 -16.725698 -16.898781 -17.388784 -21.133904 
-16.071917 -16.900808 -16.475143 -16.274742 -17.157598 -16.547035 -16.920782 -16.898697 -16.866173 -16.445374 
-16.102638 -15.835123 -14.104444 -15.300076 -21.407837 -17.331467 -18.703972 -17.753906 -16.124462 -15.739624 
-16.710514 -16.767641 -17.711218 -17.163624 -16.961649 -17.129242 -16.782486 -16.812109 -17.001900 -15.884064 
-14.475964 -14.745904 -15.161151 -17.209497 -16.848776 -17.601570 -18.159363 -13.802567 -14.500479 -11.988194 
-10.795407 -13.047965 -13.189478 -12.167726 -11.934323 -13.264680 -14.394711 -17.822927 -16.075724 -16.621799 
-17.365015 -17.621777 -17.963209 -18.284544 -19.011436 -19.822763 -17.887518 -17.003906 -17.912266 -17.349360 
-16.225342 -16.876656 -14.696018 -15.628277 -16.467604 -16.763035 -16.664097 -17.149836 -17.403320 -17.374023 
-17.353458 -16.628498 -15.793317 -15.400617 -15.771275 -16.130165 -16.563160 -16.713320 -17.215633 -19.502718 
-15.797004 -17.201998 -16.229967 -16.372477 -16.198854 -15.949265 -17.293398 -17.138269 -16.907555 -16.747162 
-16.532814 -15.630156 -15.200426 -15.595654 -16.946947 -17.426046 -18.662075 -18.762550 -16.337809 -15.701247 
-16.745312 -17.259436 -17.204153 -17.107912 -17.154716 -18.770721 -16.857132 -16.642202 -15.948956 -11.809300 
-11.896551 -13.650970 -12.826164 -18.716938 -15.786449 -16.920752 -19.543015 -13.246617 -12.856624 -12.956889 
-12.168454 -13.949286 -13.554787 -13.086489 -13.658087 -14.642688 -13.576816 -19.233847 -18.715227 -16.668207 
-16.890516 -16.417532 -17.053501 -17.799591 -18.485558 -19.195099 -18.765076 -17.411709 -17.574539 -17.558186 
-15.965438 -16.130861 -14.330940 -18.780823 -22.504574 -28.953108 -29.237957 -24.365118 -18.993355 -17.968159 
-17.329678 -17.247023 -16.367638 -16.309053 -15.709077 -16.097366 -16.464977 -16.637768 -17.017281 -18.389380 
-16.576769 -16.705631 -17.249599 -17.316032 -16.005890 -15.727099 -16.469442 -16.573664 -16.336981 -16.308590 
-16.516697 -15.696804 -14.845170 -14.595347 -20.826454 -18.817427 -28.158270 -21.646610 -18.750235 -16.685711 
-16.760708 -16.801737 -15.642003 -15.816525 -16.109419 -18.695564 -17.047937 -16.645536 -15.683730 -9.807164 
-10.900025 -14.242865 -12.409079 -22.643444 -17.136854 -17.234560 -16.359991 -12.195281 -12.339531 -12.637014 
-13.777733 -15.671794 -14.840876 -15.607136 -13.464682 -14.152321 -14.510151 -19.135086 -19.944981 -17.002407 
-16.798565 -17.227287 -17.318609 -17.886780 -18.690939 -19.047153 -18.322908 -18.126728 -17.114258 -17.065851 
-16.202044 -15.895607 -19.883141 -22.155436 -17.369722 -16.193716 -19.564695 -15.438012 -16.342871 -16.766342 
-17.409163 -17.161581 -17.362949 -17.482002 -16.170485 -16.146687 -16.129108 -16.338202 -16.269775 -16.274097 
-16.068712 -16.737280 -16.879913 -17.501722 -16.435823 -15.375751 -16.300293 -16.175280 -17.060228 -17.589979 
-16.714193 -15.788457 -14.774714 -14.316585 -39.424232 -15.177047 -38.137165 -15.993722 -16.120934 -16.251596 
-16.548748 -16.985519 -17.066540 -16.200157 -17.529827 -18.569279 -17.797016 -16.889341 -16.509382 -10.547346 
-10.334819 -14.944738 -13.057649 -13.760702 -14.954885 -12.561306 -12.202866 -12.439109 -13.803011 -12.750177 
-12.672776 -14.627673 -16.060337 -15.307356 -14.440219 -15.456439 -15.670830 -17.974401 -24.062931 -18.939184 
-17.864323 -18.738035 -16.990656 -17.653765 -18.428040 -18.247238 -18.326376 -18.296780 -16.390430 -16.713339 
-16.147789 -16.694942 -18.213175 -20.806993 -26.751637 -31.219172 -30.558361 -25.069813 -19.827921 -17.541443 
-20.554941 -20.055407 -18.322289 -17.582907 -16.155663 -16.777679 -16.178766 -15.989930 -16.247499 -15.612417 
-15.217052 -15.726516 -17.633839 -17.461723 -16.241531 -15.089130 -17.105944 -16.413393 -17.330421 -17.594116 
-16.741468 -16.156580 -15.814615 -14.947821 -35.696327 -18.443419 -42.813263 -21.476757 -19.275557 -17.011045 
-16.589195 -16.460705 -17.623102 -16.705881 -17.616447 -18.727446 -18.002426 -17.588312 -16.733892 -15.559136 
-10.838799 -14.057798 -12.052008 -11.964369 -10.871072 -10.472540 -11.684157 -11.491516 -12.904423 -11.778190 
-12.885700 -13.747669 -14.153317 -15.577322 -14.283619 -15.295787 -14.850049 -16.330236 -16.725260 -19.149040 
-19.253754 -17.591564 -18.025368 -18.155613 -18.758465 -19.105038 -18.138224 -18.187525 -17.589981 -18.606081 
-18.501444 -18.534483 -18.537306 -19.009661 -19.368193 -19.225145 -19.348080 -17.176151 -16.356249 -17.276480 
-17.656267 -17.309603 -16.996540 -16.928934 -16.972576 -18.205675 -18.196901 -17.896564 -18.128700 -17.108065 
-16.497723 -17.009422 -17.345009 -17.352493 -16.613564 -16.438126 -18.749453 -17.536995 -18.466286 -18.084885 
-17.482138 -16.741663 -16.422247 -16.244530 -21.689600 -17.130846 -22.496449 -16.337023 -16.088497 -15.866264 
-16.392328 -16.726538 -18.702616 -17.774738 -18.096239 -17.769068 -15.809584 -14.052606 -14.278966 -14.417303 
-11.599271 -14.392984 -11.776068 -12.315378 -9.956040 -9.607388 -10.891689 -11.603299 -14.000360 -12.260250 
-12.456114 -13.642595 -12.346267 -13.039599 -14.514318 -15.224543 -16.441000 -15.691530 -14.908006 -14.438591 
-14.259107 -17.374968 -18.414459 -18.718037 -17.977945 -18.101435 -17.499126 -17.756380 -17.350264 -16.571581 
-16.761105 -17.706804 -18.849751 -19.957964 -19.738962 -19.517582 -20.126852 -19.484442 -19.162823 -18.802767 
-18.303589 -18.443438 -18.207909 -18.398476 -17.471413 -17.369780 -17.587976 -17.112484 -17.148432 -16.835665 
-17.065674 -17.324612 -18.222088 -17.658184 -20.438803 -20.547489 -20.319780 -17.557947 -17.650269 -19.834990 
-16.967068 -17.551136 -18.391598 -19.107695 -20.286659 -18.658485 -18.499081 -16.502523 -16.521324 -16.173660 
-16.683460 -16.948599 -17.978064 -17.345024 -17.545130 -16.028690 -15.280474 -12.890483 -12.500556 -12.352756 
-12.966635 -15.181355 -13.568975 -13.349519 -13.528225 -13.118774 -12.471578 -11.833547 -12.159396 -13.461162 
-13.064447 -13.153878 -11.192595 -12.830928 -15.755251 -16.747955 -15.591507 -14.991584 -14.255862 -12.931588 
-13.518761 -23.638573 -18.570528 -18.419287 -17.068686 -19.341415 -17.543783 -16.567743 -16.333038 -16.620083 
-16.673550 -16.519762 -17.852341 -17.868042 -17.723593 -16.266123 -16.189075 -16.260729 -16.378477 -16.303862 
-16.394747 -16.963291 -17.007147 -17.153479 -15.937020 -18.074543 -16.256281 -15.917426 -15.678922 -15.626267 
-16.064447 -16.509560 -19.243780 -17.941288 -18.574593 -17.066847 -17.362265 -16.429047 -16.452774 -20.299971 
-16.703768 -16.700504 -16.852184 -17.645168 -15.802924 -15.653535 -16.769495 -16.847609 -16.380997 -16.276741 
-16.519781 -17.144001 -18.053320 -17.565102 -15.890589 -15.572504 -13.430119 -12.284659 -11.985911 -9.452644 
-13.641270 -15.473556 -14.411019 -15.429766 -14.806063 -14.220876 -14.071934 -12.623167 -13.097804 -12.982002 
-11.870797 -13.021268 -13.828975 -14.277864 -14.367110 -15.122244 -14.798408 -14.113930 -14.244483 -14.221221 
-15.412636 -20.781116 -17.980402 -18.066288 -17.804836 -19.447001 -16.982407 -17.270977 -17.404615 -17.649864 
-17.193020 -17.448112 -17.925470 -18.343527 -18.084505 -16.802404 -17.488680 -16.702311 -16.818647 -16.781591 
-16.818064 -17.169186 -18.513489 -16.979420 -16.252981 -17.487793 -16.518898 -16.590874 -16.506981 -16.606844 
-17.862801 -18.151291 -18.134253 -17.777971 -19.059233 -19.172503 -19.220640 -17.348618 -16.907721 -20.038336 
-18.854259 -19.325500 -20.407215 -22.058304 -15.367414 -17.821102 -17.426914 -16.835955 -16.506203 -15.748291 
-16.366823 -16.924126 -17.374395 -17.054115 -15.726959 -13.759019 -11.865227 -11.726014 -10.728839 -8.518928 
-13.022700 -16.252460 -16.292881 -16.640871 -15.788926 -15.277536 -15.277968 -14.123081 -13.178183 -12.423947 
-12.364842 -12.405970 -12.576891 -12.493147 -12.307362 -13.184954 -14.740039 -14.434176 -13.457999 -13.475913 
-13.572325 -18.682831 -18.055565 -18.328043 -18.313406 -17.873447 -17.351166 -18.133728 -18.189154 -19.067579 
-19.185198 -17.515244 -17.777899 -17.676075 -17.976290 -16.912649 -17.757376 -17.254204 -16.949974 -17.056337 
-17.134647 -17.457544 -18.151550 -16.659077 -17.457550 -17.439795 -16.747656 -16.883379 -16.842573 -16.810097 
-16.639576 -17.153862 -17.159988 -17.160820 -17.574635 -17.747335 -17.546268 -17.264341 -16.910025 -18.371016 
-17.217102 -16.955027 -17.694298 -16.745598 -16.884130 -17.701040 -17.087448 -16.401642 -15.599674 -15.795781 
-16.684788 -16.377842 -16.475140 -16.678268 -15.337990 -12.861478 -12.940735 -13.165161 -11.663455 -8.310192 
-12.970500 -16.663912 -16.373226 -16.132803 -14.955514 -15.548998 -14.984446 -12.986320 -11.601192 -10.516841 
-10.147727 -10.657989 -10.838391 -10.799757 -10.426152 -11.609735 -12.429698 -13.213748 -12.533986 -13.382783 
-13.212444 -16.267088 -17.477364 -18.442005 -17.889961 -17.808294 -17.703339 -17.711494 -16.653204 -16.728481 
-18.102875 -17.727930 -17.805471 -17.894470 -17.943346 -17.233597 -17.336170 -16.658676 -17.151363 -17.413952 
-17.440559 -17.367119 -17.408974 -17.118711 -17.368885 -17.237679 -17.053196 -17.239420 -17.348619 -17.553406 
-16.968899 -16.996717 -16.839502 -16.590958 -16.622799 -16.677984 -16.906553 -17.136065 -17.191563 -17.368637 
-17.207531 -17.263578 -16.836447 -16.591347 -16.483105 -14.934096 -14.347354 -15.132258 -15.748055 -16.168726 
-16.676735 -15.939551 -15.975846 -14.739574 -13.327493 -12.895127 -12.366276 -11.741566 -13.246041 -9.973402 
-10.696435 -14.694237 -15.144348 -15.327705 -14.634171 -14.411420 -13.682341 -12.714748 -10.681342 -8.920849 
-8.881956 -9.584118 -10.664335 -11.398797 -12.242134 -11.666921 -10.956264 -12.029233 -13.073720 -14.311401 
-14.029881 -16.368122 -17.647982 -18.211758 -17.969238 -19.228188 -17.662510 -17.551443 -16.038361 -16.470245 
-16.695982 -16.337431 -18.460649 -16.883060 -18.508656 -16.973663 -16.512217 -15.963794 -16.341387 -17.029636 
-16.927641 -17.050291 -17.322397 -17.871965 -18.048695 -17.523279 -17.218191 -17.271378 -17.215242 -17.528622 
-17.070469 -16.318211 -16.603622 -16.758907 -17.034695 -17.300074 -17.217220 -16.861055 -16.937489 -17.318707 
-17.824385 -17.678764 -16.856724 -16.739174 -15.032434 -13.234246 -12.870434 -12.105406 -14.187172 -14.849645 
-15.575019 -15.656233 -14.916519 -14.235959 -12.869473 -11.840976 -11.383173 -14.253687 -15.326303 -12.376543 
-9.645940 -13.966948 -14.480187 -16.579758 -14.477633 -14.084598 -15.286201 -13.298656 -10.282860 -8.523973 
-8.532945 -9.121035 -10.274279 -12.363248 -14.091016 -11.432318 -11.452630 -12.212834 -12.198693 -13.395618 
-13.456861 -13.946555 -17.862829 -18.119970 -17.449308 -18.291250 -17.505308 -17.878881 -16.588902 -16.032330 
-16.499365 -17.347771 -18.753891 -18.054090 -20.228672 -17.548512 -17.269482 -17.340042 -17.152061 -17.403904 
-16.840338 -17.330212 -17.653276 -18.180601 -17.752527 -17.508909 -17.267656 -17.519066 -17.940517 -18.009008 
-17.858419 -17.543499 -17.440586 -17.675446 -17.589754 -17.827604 -17.764114 -17.473707 -17.527016 -17.742155 
-17.972977 -17.927528 -17.385942 -15.340063 -13.717749 -13.396563 -11.766475 -11.832970 -13.404552 -13.058137 
-13.677619 -12.867907 -12.726201 -13.270489 -13.298040 -12.867518 -12.129790 -12.828538 -13.314222 -13.549219 
-10.489101 -13.740790 -14.114222 -16.402729 -15.548658 -15.576701 -16.930389 -14.356112 -11.775094 -9.936904 
-10.080733 -12.199889 -14.231951 -14.414147 -14.542282 -12.339902 -11.705306 -11.659863 -11.748575 -12.621697 
-12.154525 -12.865659 -18.979944 -18.111263 -17.634605 -17.807676 -17.590288 -18.280403 -17.513908 -16.876036 
-18.350197 -21.498955 -18.679033 -17.876726 -18.643826 -16.641375 -16.728422 -18.098003 -18.221773 -17.187916 
-17.148108 -17.420378 -17.713964 -18.052505 -18.252228 -18.426380 -18.719519 -19.105728 -19.511192 -18.754612 
-18.846634 -18.637098 -18.290640 -18.303799 -18.078218 -18.596899 -18.266520 -17.858479 -17.663164 -16.981150 
-16.466087 -16.439238 -13.899509 -13.508551 -12.376505 -11.384819 -12.857382 -12.175031 -11.583536 -11.958679 
-12.358426 -12.360457 -11.709480 -13.395880 -13.107603 -11.248549 -12.671854 -10.014603 -9.343460 -12.550762 
-13.242001 -14.332735 -13.955939 -16.705864 -15.861231 -16.369986 -16.585831 -15.743916 -13.667768 -13.191495 
-13.628874 -13.486016 -15.693503 -13.518506 -15.170603 -13.913574 -12.452298 -11.672887 -10.645146 -11.687195 
-11.682226 -13.766353 -18.889696 -17.170534 -17.205050 -16.915056 -16.341566 -16.572920 -17.081495 -17.509476 
-17.572863 -18.927309 -16.917320 -16.966251 -18.560719 -15.755282 -15.375770 -14.082500 -17.024330 -17.536692 
-17.913908 -18.146553 -18.426928 -18.475624 -19.097115 -19.111998 -17.877831 -16.738533 -18.310389 -18.099730 
-18.219986 -19.084520 -18.411667 -18.407522 -18.560352 -18.523848 -18.490118 -18.669838 -19.569380 -17.509825 
-15.858096 -15.808935 -12.430666 -10.918146 -10.386574 -11.493782 -13.215728 -11.430430 -10.062635 -11.645440 
-11.740932 -12.830826 -13.703674 -15.464696 -12.456806 -11.377802 -15.042686 -9.724579 -10.586626 -8.707959 
-13.542769 -15.709149 -15.870188 -15.774483 -15.840565 -16.138985 -14.639428 -16.396395 -15.636733 -14.747089 
-13.685943 -12.930977 -15.711537 -15.643741 -13.713225 -14.285962 -11.412215 -8.801476 -7.743455 -8.668552 
-11.325098 -13.039761 -15.728792 -16.487574 -17.398098 -16.631729 -16.557091 -16.564898 -17.307404 -16.961617 
-16.729733 -20.774153 -15.852961 -15.517618 -18.241264 -12.683814 -13.119238 -12.903865 -18.218525 -17.771757 
-18.245586 -17.405771 -17.201122 -17.356037 -17.508253 -17.441582 -16.005026 -15.623631 -14.275770 -16.929079 
-17.773161 -17.990402 -18.463621 -18.829403 -18.751842 -18.225559 -17.863041 -16.888445 -15.250348 -17.010353 
-15.248669 -15.608920 -14.122811 -12.278750 -11.724534 -12.539012 -12.012413 -12.685473 -12.110276 -10.492961 
-10.061023 -12.110443 -15.980593 -15.870605 -14.155454 -14.837113 -16.143982 -13.911421 -12.412614 -7.451967 
-11.192025 -13.465900 -15.216525 -14.783729 -13.056446 -13.436997 -13.604628 -15.498030 -15.777689 -14.963475 
-14.444647 -13.192971 -14.916791 -14.463828 -15.025689 -14.081876 -12.330990 -10.068799 -8.967822 -10.360422 
-10.843056 -11.058889 -15.432262 -17.274780 -18.093208 -17.243366 -17.361765 -16.543369 -16.268362 -16.613995 
-17.148312 -20.686134 -15.892767 -15.214817 -17.961452 -14.978271 -10.975517 -12.971957 -19.173111 -18.978907 
-18.962126 -19.140415 -17.050589 -17.189352 -17.426826 -15.872144 -15.348104 -14.241891 -13.643346 -14.346818 
-16.288139 -17.138025 -17.892994 -18.739658 -17.687605 -16.365761 -14.343023 -14.751860 -14.145669 -16.991251 
-14.268440 -15.362882 -12.210079 -11.839402 -11.286863 -13.514066 -13.326634 -13.080753 -12.284529 -11.460806 
-11.478743 -14.901987 -13.616265 -13.936438 -15.372568 -16.380301 -16.488321 -16.209551 -13.957792 -8.936362 
-10.248444 -13.781679 -14.658987 -15.705151 -12.477355 -12.665203 -14.874951 -16.292643 -16.552986 -15.833218 
-14.624390 -14.415061 -14.647375 -16.349442 -15.595354 -15.149759 -11.965826 -8.683260 -7.539484 -9.167363 
-11.698773 -10.845001 -15.259794 -16.912659 -18.786478 -17.662022 -18.067213 -17.582687 -17.008078 -17.172594 
-17.785736 -18.310810 -17.447504 -16.206293 -16.021711 -15.436998 -10.022078 -19.022188 -17.422453 -17.976019 
-16.381762 -18.283983 -17.419939 -15.928664 -17.333735 -13.836160 -12.782393 -11.328289 -12.449792 -12.179188 
-13.381777 -17.144897 -17.356220 -17.606905 -16.150888 -15.109025 -12.413301 -12.408494 -12.351781 -15.982663 
-14.694270 -15.124187 -12.713578 -12.842154 -12.450895 -14.426807 -14.497419 -15.619925 -15.468482 -12.931048 
-11.221019 -13.441837 -13.770183 -14.242084 -16.378330 -17.307892 -16.730455 -15.640349 -15.236687 -12.349300 
-11.306465 -14.716401 -14.938961 -15.713852 -13.329251 -12.899620 -16.154793 -15.967059 -15.755027 -15.962862 
-15.299953 -15.425237 -15.880110 -16.510090 -15.345667 -13.605494 -12.335093 -11.463570 -10.188282 -9.463587 
-10.657351 -11.930683 -15.960784 -16.048965 -17.618280 -17.833778 -18.259214 -17.938780 -16.417425 -16.313990 
-16.576708 -16.529718 -16.200048 -15.954511 -13.677377 -14.512166 -14.301922 -13.107408 -14.330516 -17.094828 
-14.655589 -14.614752 -16.100367 -14.446131 -14.108097 -12.282376 -12.177549 -10.933946 -12.753181 -13.164182 
-13.033846 -15.205483 -15.041031 -16.327307 -15.195981 -14.001801 -12.407033 -12.563636 -12.744555 -13.561240 
-12.888257 -13.150192 -13.530072 -13.943718 -13.834282 -14.016447 -14.035772 -14.448289 -14.711823 -13.332673 
-12.921325 -12.784883 -13.211444 -14.859576 -16.406889 -16.346786 -15.644403 -14.832606 -13.939518 -10.508776 
-15.296698 -16.668043 -15.781437 -16.390789 -16.619579 -17.512747 -16.963314 -16.174528 -16.095785 -16.095379 
-16.475540 -15.874151 -17.588099 -18.075178 -15.620386 -15.006011 -13.099712 -12.500509 -11.413113 -11.384599 
-12.150175 -13.920503 -15.068851 -15.910684 -17.287334 -16.890482 -15.944201 -15.646655 -16.185308 -16.413118 
-16.229448 -15.174372 -13.743483 -15.089644 -13.787499 -14.274052 -14.915511 -13.814821 -14.965260 -14.220389 
-13.111121 -14.206509 -13.858100 -13.568698 -12.356533 -11.867371 -13.354804 -12.825334 -12.975445 -13.668225 
-12.071598 -11.908170 -14.375145 -15.818931 -14.832568 -14.063458 -11.852945 -12.127121 -11.826672 -12.365566 
-12.913398 -12.947936 -13.798217 -14.195770 -15.442246 -14.677880 -15.666583 -15.685825 -14.588328 -14.219602 
-14.813366 -14.601073 -15.424937 -17.194145 -16.732262 -16.822742 -18.894308 -14.431121 -16.261686 -10.048832 
-16.339985 -15.790556 -16.709095 -17.019745 -16.378721 -16.105452 -15.198421 -15.283314 -16.311501 -16.137068 
-16.528284 -17.040955 -16.923994 -16.877037 -14.911441 -15.195242 -12.913453 -12.757094 -13.280156 -13.118767 
-25.296925 -11.373066 -20.578985 -14.464798 -16.443638 -13.970558 -13.571871 -12.499732 -14.263635 -13.226042 
-13.516567 -14.461777 -13.713086 -13.352701 -12.610643 -11.800273 -13.170987 -14.539425 -13.639112 -12.712304 
-12.673466 -13.256707 -14.138869 -13.543441 -13.028225 -14.351838 -13.567249 -14.888115 -14.852570 -13.067603 
-11.387346 -11.140206 -15.562837 -16.729481 -13.895113 -13.038397 -11.730374 -12.216124 -12.682628 -12.730641 
-12.797406 -12.228267 -13.554857 -13.730129 -16.151814 -16.920567 -16.748207 -16.649920 -14.966398 -15.615523 
-16.062687 -15.900996 -15.506478 -15.544192 -16.291468 -16.552313 -18.423759 -15.383721 -15.764895 -11.169077 
-14.444952 -15.942273 -17.539190 -16.394699 -15.594787 -14.922419 -15.627333 -15.823948 -17.323195 -17.590113 
-16.678331 -17.102365 -17.513372 -16.350147 -15.147945 -13.975893 -14.933799 -13.570147 -16.274315 -14.526896 
-22.984528 -10.028236 -24.562183 -14.727708 -13.222723 -12.570660 -12.201458 -12.787333 -12.523455 -14.101943 
-16.802465 -10.968824 -10.789586 -13.310283 -12.041821 -11.714631 -11.994487 -12.983050 -12.491921 -13.542860 
-13.497671 -13.693131 -13.953073 -13.879879 -14.508323 -13.874005 -11.547709 -10.882664 -13.219174 -13.939319 
-12.225507 -12.370529 -13.090912 -11.198070 -12.755115 -12.608229 -10.942753 -12.723141 -13.293650 -13.001664 
-13.788350 -14.414771 -15.399188 -15.176167 -16.494457 -13.971695 -15.381001 -16.347452 -16.568867 -16.933134 
-16.621756 -16.882208 -15.892165 -16.196594 -16.666126 -17.345203 -18.014675 -15.571817 -14.976673 -12.114470 
-13.587854 -16.344511 -15.350801 -14.481135 -15.095216 -15.369832 -15.978976 -16.977076 -16.730104 -17.244078 
-16.517923 -17.452639 -16.553082 -15.657165 -15.277302 -15.130737 -15.892534 -15.489944 -18.697906 -15.718036 
-18.158121 -15.535971 -14.876911 -14.179077 -14.125994 -13.612197 -12.834720 -14.008775 -12.742257 -9.847048 
-9.150020 -9.206903 -11.187472 -11.518966 -10.722231 -11.665668 -12.950408 -10.982306 -9.954126 -10.971798 
-12.807702 -14.454376 -14.832733 -15.148835 -15.632262 -12.962481 -10.333273 -11.670375 -12.880512 -13.109432 
-14.564517 -13.113124 -12.560121 -10.555872 -10.666891 -11.369884 -12.306923 -14.516512 -14.541878 -16.317478 
-15.937479 -16.026077 -12.751756 -13.404260 -13.181618 -13.690638 -15.269718 -16.261288 -16.579653 -16.723425 
-16.814585 -16.056362 -16.768003 -15.415811 -16.165770 -17.123634 -17.283499 -15.393732 -14.308234 -11.915948 
-15.177915 -17.833273 -15.218260 -15.776233 -14.336373 -17.250633 -17.335882 -17.902714 -17.132896 -17.027889 
-17.642191 -17.859261 -17.315868 -16.611185 -16.587406 -17.546396 -17.482653 -19.454485 -17.989368 -16.875557 
-16.764391 -16.942207 -15.991268 -15.118803 -14.264552 -16.235592 -17.647696 -16.514223 -16.885237 -18.721817 
-15.116020 -12.009582 -12.145324 -10.945362 -10.061334 -9.973063 -10.882449 -10.170979 -11.320310 -13.101392 
-13.564787 -13.724431 -13.912466 -13.805027 -13.627295 -14.690503 -14.605932 -13.585460 -12.760548 -13.420352 
-12.368674 -10.698348 -11.823764 -12.181800 -11.309423 -12.362595 -13.096219 -15.279829 -15.825048 -19.460342 
-16.783100 -16.513769 -13.997993 -12.590925 -13.232165 -15.170049 -15.784019 -14.926839 -15.104794 -15.695745 
-15.620264 -15.876882 -14.628748 -15.935577 -16.860533 -17.136349 -15.770292 -15.646757 -14.578031 -11.943996 
-15.036103 -16.190195 -15.745090 -16.202791 -16.732351 -17.625462 -17.113708 -16.698366 -17.095882 -17.632530 
-17.186960 -17.254303 -17.702688 -17.950354 -18.467205 -18.575548 -18.072994 -18.061079 -17.441715 -18.349483 
-17.819544 -17.379929 -16.598446 -15.885219 -15.021895 -15.997277 -16.043856 -15.695991 -13.150377 -13.786989 
-13.719212 -11.711619 -13.738848 -12.406572 -10.979406 -12.475845 -12.514219 -12.733818 -14.494866 -12.714567 
-13.208074 -13.040562 -11.996095 -13.502167 -13.109389 -14.221487 -15.195430 -12.617164 -12.381684 -12.624978 
-12.098275 -11.696326 -13.337612 -12.671994 -13.374967 -14.171022 -16.080137 -17.339972 -17.867321 -17.612356 
-17.418156 -16.774660 -16.511341 -16.157345 -16.288433 -16.797073 -16.443245 -16.267323 -16.819101 -17.900417 
-17.004723 -16.347630 -15.092406 -15.764290 -16.528486 -16.455292 -15.291368 -15.252725 -14.890722 -12.074652 
-13.597403 -14.177944 -15.063630 -16.653650 -21.170073 -17.468367 -17.842735 -17.025146 -17.101675 -16.915524 
-16.566912 -16.893040 -17.689180 -18.416054 -19.189842 -17.618118 -18.085804 -17.666378 -17.614664 -17.952343 
-17.845287 -16.858072 -16.258953 -15.914454 -16.855043 -16.492697 -16.585752 -16.723272 -16.105715 -14.349444 
-14.880233 -14.138438 -13.097762 -13.781246 -13.832936 -15.251982 -16.248861 -15.791791 -16.633829 -14.887218 
-13.432268 -11.771833 -10.772889 -13.201928 -13.894427 -14.631687 -15.033310 -15.035807 -13.069538 -12.078833 
-12.293028 -11.441403 -11.509855 -11.132152 -12.097584 -13.826649 -17.027473 -17.756323 -17.923433 -17.294493 
-16.097113 -16.187256 -16.499304 -16.489439 -18.668242 -18.389563 -17.560154 -18.812590 -18.996727 -18.216267 
-16.636827 -17.249058 -14.781322 -16.342430 -16.117523 -15.780144 -14.423212 -14.602589 -14.425518 -12.414562 
-13.511353 -13.796640 -15.604765 -16.489538 -16.632215 -15.552964 -17.423094 -16.312296 -16.381325 -15.395500 
-15.898599 -16.848642 -18.787125 -18.973785 -18.341278 -18.699701 -18.484722 -17.849867 -17.693886 -17.819725 
-16.943533 -16.135170 -14.165563 -14.485143 -15.398138 -16.871609 -16.978970 -16.709105 -16.554625 -15.413614 
-14.763998 -14.906771 -12.439861 -14.811463 -15.633126 -17.172646 -16.290874 -16.884785 -16.701925 -16.723389 
-14.276331 -12.299848 -11.390662 -14.080953 -15.657149 -18.157351 -16.059830 -16.323666 -15.586885 -11.879327 
-11.991257 -12.860421 -11.616526 -11.554577 -12.462622 -15.444144 -17.251644 -17.564281 -16.374029 -16.580477 
-16.322857 -17.283503 -17.523796 -18.127068 -19.394745 -17.304487 -17.910166 -17.766970 -18.245024 -18.729445 
-17.225857 -16.441118 -16.296602 -16.830349 -16.151661 -16.454071 -13.924605 -13.847067 -14.876762 -12.414580 
-13.284165 -15.883101 -17.972071 -16.638353 -18.418615 -17.502501 -19.424673 -15.685336 -16.951002 -16.658182 
-16.490803 -17.507170 -18.574186 -18.006790 -17.990120 -18.143017 -16.846128 -17.259943 -17.315182 -17.300901 
-16.628101 -16.042948 -14.491326 -14.160829 -15.478027 -16.934917 -16.261286 -16.492683 -17.075068 -16.040522 
-15.562333 -16.061853 -16.213799 -15.818645 -16.055283 -16.725716 -17.657412 -17.145601 -16.836210 -16.970169 
-15.289547 -14.787420 -14.961880 -15.804656 -15.834066 -18.321480 -17.439236 -15.491323 -15.880376 -14.729565 
-14.599020 -15.035753 -15.558558 -15.668710 -16.432928 -15.312685 -14.910939 -16.026546 -16.314085 -16.325356 
-17.255669 -17.296118 -17.957607 -17.515495 -18.062101 -17.500114 -18.361172 -18.455715 -17.485819 -18.250790 
-17.353916 -16.969799 -17.282583 -16.316185 -15.865967 -15.266482 -14.764687 -14.156485 -12.927416 -11.274830 
-14.698527 -16.071695 -17.698437 -16.412064 -16.533220 -14.603681 -14.627829 -19.040943 -16.996201 -18.024094 
-18.364826 -20.050858 -18.393795 -18.108736 -17.056082 -16.853106 -16.386831 -16.916233 -16.622540 -16.350412 
-16.468805 -16.620495 -15.011947 -14.920571 -17.474442 -15.907460 -16.006212 -16.409029 -16.778368 -16.859583 
-15.840550 -16.180170 -16.477762 -16.352966 -16.776472 -16.640501 -17.095310 -17.050858 -16.245924 -16.350246 
-16.438494 -17.731014 -16.988331 -18.349501 -18.249878 -16.479923 -14.787625 -14.796498 -14.116161 -17.730619 
-17.745911 -16.831335 -16.585392 -16.961920 -17.976933 -15.637723 -15.320806 -14.758332 -15.573047 -16.236259 
-17.319544 -17.039522 -17.169371 -18.068050 -17.018484 -16.287069 -17.235611 -16.451387 -16.693493 -16.861071 
-23.103634 -16.548321 -22.143488 -17.579647 -17.002264 -17.140009 -16.002825 -14.834644 -12.410137 -11.202179 
-14.056358 -16.870550 -17.318632 -16.171970 -15.472426 -14.392300 -15.670995 -21.375946 -16.478302 -17.352575 
-20.393009 -18.992384 -17.584106 -17.268497 -16.527292 -17.842445 -17.509626 -17.344185 -16.236801 -16.850086 
-15.948393 -16.746111 -16.659128 -16.611345 -18.290827 -16.872772 -16.269432 -17.053875 -16.992958 -16.869915 
-16.689955 -16.960684 -17.010353 -17.847015 -17.298035 -15.766228 -16.070303 -16.951296 -17.097237 -17.023432 
-17.172422 -17.763666 -17.876278 -18.110250 -17.503729 -17.960625 -21.570215 -14.856380 -18.388691 -16.539757 
-17.451725 -17.077305 -15.415771 -14.974480 -13.732943 -13.657225 -15.780116 -14.493936 -18.804222 -17.465994 
-17.522600 -18.421696 -16.154696 -20.849522 -16.690708 -18.063179 -18.072531 -17.188889 -18.058098 -17.762297 
-23.416603 -16.391792 -22.506086 -17.274267 -16.357885 -16.430571 -15.673384 -14.970599 -12.376682 -10.302022 
-13.193169 -16.981487 -17.155191 -16.076878 -16.568636 -14.923700 -16.483231 -15.699698 -21.539400 -16.126831 
-17.759851 -19.083977 -17.699787 -15.949894 -16.248304 -16.767244 -14.086630 -14.563856 -15.898620 -16.320330 
-16.822979 -16.913996 -17.319437 -17.999853 -18.167561 -17.054108 -17.043554 -17.235140 -17.199900 -17.702684 
-17.273882 -17.597401 -17.450085 -17.827549 -17.842461 -17.169622 -16.723656 -17.565081 -17.529863 -16.913622 
-16.980022 -17.038877 -17.014090 -17.313116 -16.251747 -16.985268 -19.431023 -13.953626 -16.016811 -15.728325 
-15.051750 -14.418919 -15.401050 -13.808914 -12.919086 -19.275965 -15.344053 -17.280394 -19.193106 -18.153088 
-16.944265 -18.645554 -17.583651 -27.052364 -17.048618 -20.867947 -16.687721 -17.135525 -16.963619 -15.668725 
-16.459766 -16.615398 -18.016760 -15.474957 -15.056439 -14.104774 -17.637115 -14.612722 -16.140676 -8.789600 
-13.479984 -16.033091 -15.951291 -15.471157 -15.722532 -20.390593 -14.772693 -16.276220 -19.622780 -17.467297 
-15.652899 -16.162325 -16.914221 -15.429032 -15.759241 -15.242992 -15.837949 -15.591509 -15.255893 -16.594433 
-17.051743 -18.307592 -18.101213 -17.688612 -17.214899 -16.787615 -17.203041 -17.189520 -17.014587 -17.146704 
-16.408443 -16.330893 -17.794594 -17.628872 -17.805979 -17.838434 -16.657656 -17.262980 -16.788717 -17.339664 
-17.140982 -17.095839 -17.017326 -16.990625 -17.148167 -16.869959 -17.101110 -17.004818 -16.710913 -14.976256 
-14.346672 -14.317222 -15.496918 -11.496615 -11.625943 -21.015474 -15.997031 -18.180519 -16.367495 -18.435017 
-18.927572 -19.586205 -18.632721 -24.948252 -17.109228 -22.926516 -15.282496 -19.959623 -14.806279 -20.899971 
-15.403613 -14.821435 -17.694569 -14.673110 -14.937802 -14.414672 -23.312233 -15.318598 -18.499859 -11.214970 
-13.516160 -19.189220 -16.046188 -16.075140 -15.665064 -16.199173 -16.998631 -16.640329 -17.584852 -16.279970 
-14.963014 -18.754959 -17.567356 -15.614858 -15.702116 -15.334480 -15.757741 -17.001986 -17.719645 -17.135828 
-16.634237 -17.428005 -17.072874 -17.684187 -16.890760 -17.360476 -16.747229 -16.049667 -15.574148 -16.303926 
-16.073034 -16.403858 -17.056927 -18.046471 -17.703884 -17.533684 -18.111900 -18.327829 -17.284948 -17.727039 
-17.440220 -17.610304 -18.040606 -17.433233 -16.974863 -16.200493 -16.487160 -16.412134 -14.802793 -14.488861 
-14.580363 -12.988006 -13.193875 -14.492464 -13.963957 -13.123315 -13.823011 -14.394625 -15.411719 -16.407011 
-16.950422 -16.830540 -16.359037 -19.141182 -17.062834 -17.804300 -23.193243 -20.255354 -12.719997 -23.024809 
-15.342274 -16.481218 -20.109800 -16.331364 -17.316509 -15.380515 -21.269014 -15.084547 -18.703154 -13.288239 
-13.538311 -16.765278 -15.477019 -16.693153 -16.764681 -15.847493 -15.953667 -16.960384 -17.945980 -15.714905 
-14.385982 -19.309208 -16.129803 -15.050428 -15.387842 -15.359287 -16.632557 -17.405275 -16.967850 -16.133602 
-16.218082 -15.568060 -15.294194 -15.876996 -15.825663 -15.919798 -15.566701 -15.041179 -15.640804 -17.057062 
-16.885475 -16.994268 -17.163027 -16.863003 -16.624109 -17.242214 -17.353945 -16.761440 -17.364326 -17.531931 
-17.384966 -17.100645 -16.031384 -15.473702 -15.105247 -15.629227 -14.548451 -14.483987 -12.837976 -13.431101 
-13.679924 -16.156876 -14.257854 -14.492729 -13.315041 -12.601830 -12.719546 -15.068871 -16.842049 -17.397600 
-16.421614 -16.591051 -15.920458 -18.290915 -17.173189 -17.159260 -14.301100 -14.228416 -14.059243 -14.989578 
-16.043478 -16.301807 -16.011681 -17.144011 -17.304134 -18.082325 -18.361629 -15.745555 -17.809105 -13.083005 
-19.170017 -17.840992 -16.952040 -17.084110 -17.911470 -18.403402 -16.701431 -17.637865 -16.638662 -17.233953 
-16.208153 -19.755409 -16.725168 -15.349266 -14.798640 -16.221722 -15.444602 -19.000780 -17.954052 -16.495953 
-17.798767 -15.821878 -17.845142 -16.994141 -17.452250 -16.798067 -15.442147 -16.590969 -17.739477 -17.525391 
-16.588253 -16.686222 -16.823353 -16.285351 -15.820079 -17.045959 -16.703489 -16.667067 -17.792099 -17.449999 
-16.605497 -16.907631 -16.921440 -15.896471 -14.987179 -16.194172 -14.837297 -13.980323 -13.968711 -15.727833 
-14.565900 -15.080523 -14.497618 -15.466644 -15.111079 -13.558023 -17.578815 -17.551193 -17.000387 -16.332529 
-16.262510 -17.913767 -17.053709 -18.616751 -17.813677 -18.147602 -16.403412 -17.912392 -17.379417 -18.302406 
-18.389507 -16.841879 -18.510481 -18.487026 -17.512186 -17.597031 -17.316055 -17.155136 -17.808764 -13.942524 
-12.454288 -15.165618 -15.407149 -17.968388 -16.375446 -16.444445 -16.195368 -17.042850 -17.458145 -18.366970 
-17.578232 -18.633581 -17.533613 -16.650917 -15.138881 -14.997286 -15.378349 -17.735958 -16.610863 -16.372431 
-17.996649 -16.048309 -16.266636 -15.457260 -15.170168 -14.645042 -14.746247 -15.001438 -14.186454 -14.208709 
-13.931188 -13.025083 -12.552006 -13.513398 -14.483993 -16.027912 -15.395046 -15.536830 -15.788655 -14.842762 
-15.379124 -15.821418 -16.147650 -16.028629 -15.879429 -15.982906 -14.224790 -14.184486 -16.067806 -15.971424 
-15.182924 -16.502956 -15.514970 -15.253972 -15.899031 -17.213934 -17.687943 -17.245028 -17.367346 -17.592522 
-18.021112 -18.806040 -18.566332 -17.919096 -16.455044 -16.736019 -17.669306 -18.621603 -17.940540 -18.084284 
-17.944765 -18.623924 -18.108118 -17.852074 -17.623606 -17.302231 -16.938766 -16.519524 -16.098577 -13.684146 
-13.611590 -15.275437 -15.364757 -17.558315 -16.635128 -16.519413 -15.022505 -15.554662 -16.271343 -17.302731 
-18.280331 -17.828918 -17.209709 -16.348988 -14.536292 -17.326653 -17.223761 -14.355275 -13.086882 -15.644097 
-16.342497 -14.849007 -14.219076 -13.467432 -12.363172 -12.461336 -13.436035 -13.430939 -11.373996 -11.549147 
-12.670531 -11.258537 -11.918141 -13.194630 -14.992072 -16.474329 -16.101124 -16.085623 -13.571058 -12.989714 
-13.756811 -14.889334 -14.151885 -16.271744 -15.432700 -15.614331 -16.886116 -17.139736 -14.964799 -13.457232 
-15.800376 -15.859406 -14.371806 -14.462331 -15.207824 -17.623217 -17.137272 -16.900143 -17.386568 -18.117783 
-19.077738 -17.233181 -16.182451 -16.068077 -16.060633 -16.393833 -15.140811 -13.855578 -15.936660 -17.560514 
-17.723711 -18.359787 -18.278135 -18.469124 -18.288656 -18.587776 -18.895891 -18.684853 -16.482805 -13.600985 
-12.287878 -12.535994 -14.164697 -15.057193 -15.488800 -15.090900 -15.161380 -14.844913 -15.191415 -15.428190 
-15.864145 -15.606520 -14.918918 -14.240907 -14.458484 -15.207312 -15.131889 -15.351598 -15.342882 -15.154344 
-15.379706 -15.614294 -15.833094 -16.219252 -16.272093 -15.984566 -15.648060 -15.253170 -14.425456 -14.520352 
-14.497014 -14.874840 -15.055155 -15.294382 -15.513161 -15.083846 -15.167975 -14.903651 -13.625849 -12.873193 
-13.189569 -16.748421 -18.363882 -17.820511 -17.379105 -16.401131 -15.933641 -15.752637 -15.337881 -15.663221 
-16.053673 -15.746049 -15.952622 -17.206329 -16.180367 -18.357956 -15.410208 -15.125071 -15.766734 -15.924266 
-15.825850 -16.036781 -15.142041 -15.395563 -15.116418 -15.154731 -15.767103 -15.499749 -14.382117 -14.990848 
-15.771430 -16.102724 -14.792989 -16.197828 -14.099900 -15.147409 -14.625755 -14.921305 -14.564206 -13.923180 
-14.333122 -15.195204 -16.336996 -16.367233 -16.702978 -16.617172 -15.411085 -15.505440 -14.861835 -14.859238 
-15.224994 -15.888640 -15.076547 -18.592211 -19.975565 -17.944311 -20.105700 -17.286148 -14.283318 -14.186150 
-14.957110 -15.036034 -15.016389 -15.936211 -15.662074 -15.516152 -15.549644 -15.267303 -14.224310 -15.771979 
-15.812892 -19.050421 -17.083782 -19.401096 -15.566038 -15.400552 -15.141582 -15.107822 -14.862667 -14.103072 
-14.219398 -16.304882 -15.829477 -17.404367 -17.049021 -16.208939 -15.375367 -14.886474 -14.737123 -15.588987 
-16.595316 -15.583895 -15.540847 -21.982658 -24.364864 -16.247204 -16.178871 -27.752119 -14.965231 -14.548167 
-14.867912 -15.364084 -16.084183 -18.417145 -19.142485 -18.006460 -18.289255 -16.371695 -15.273120 -16.324785 
-16.678843 -17.377747 -17.654936 -16.913918 -17.932455 -17.841835 -14.587476 -16.200655 -15.012756 -14.577829 
-14.148877 -16.678865 -16.245995 -16.397190 -15.590979 -14.947474 -14.967234 -15.159080 -14.237894 -15.079212 
-15.310532 -14.170928 -15.040167 -17.684946 -20.722464 -24.049891 -26.027420 -20.261440 -18.595264 -16.154711 
-16.643629 -14.974196 -16.669127 -17.548061 -16.992723 -16.492355 -16.260895 -17.040401 -17.596884 -16.328838 
-16.217228 -16.565756 -18.231667 -16.980078 -17.358654 -17.165167 -14.765412 -15.846709 -15.023424 -15.732745 
-14.686182 -17.112949 -15.322975 -16.509085 -16.241299 -15.194769 -15.253816 -14.362644 -13.787077 -15.635047 
-15.661180 -15.578657 -14.009387 -15.099542 -13.979016 -16.508163 -17.397261 -16.766651 -16.849787 -16.165991 
-15.520662 -14.598492 -16.561594 -16.928946 -15.197407 -16.875927 -17.131435 -15.502427 -17.776869 -18.355822 
-15.783484 -17.737770 -16.701426 -16.832266 -16.044886 -14.713393 -15.719276 -16.103691 -14.363863 -15.576111 
-14.896405 -15.968961 -15.533698 -19.161173 -18.492989 -19.455830 -18.821812 -18.395338 -16.323872 -16.112595 
-16.911142 -17.506678 -15.699135 -15.508859 -15.894217 -17.263447 -17.750830 -16.486488 -16.310057 -14.366889 
-14.481164 -14.281803 -15.687644 -17.834244 -16.692905 -14.453978 -15.037363 -14.888832 -12.616966 -17.439302 
-16.379154 -17.399261 -16.245646 -18.688934 -16.014153 -15.389365 -15.609158 -16.425991 -14.008491 -15.110729 
-14.632216 -15.660277 -15.698192 -15.860278 -16.757250 -18.189257 -16.563347 -15.803983 -15.073450 -15.175374 
-16.917728 -16.872684 -15.585997 -15.582492 -15.924763 -15.307631 -16.212345 -16.431906 -15.221055 -13.779923 
-15.924606 -16.634756 -17.013405 -15.669539 -17.220524 -17.107761 -17.802526 -16.372566 -14.610782 -14.363255 
-15.093198 -18.234797 -18.222736 -17.278627 -15.563521 -15.808917 -15.593096 -15.651619 -14.139977 -14.750465 
-14.514660 -16.495068 -16.066004 -15.896436 -16.804567 -17.331123 -16.184122 -15.948059 -15.883815 -16.051783 
-16.464924 -16.839045 -16.167795 -15.264755 -16.702545 -17.078566 -17.997257 -17.615332 -16.758036 -15.386647 
-15.523874 -16.477833 -19.931911 -16.781975 -21.755337 -19.887041 -15.057142 -28.518370 -14.447888 -14.734241 
-15.904843 -17.721352 -16.207609 -16.556601 -18.038670 -16.487551 -15.576233 -15.227309 -14.356665 -14.667089 
-14.629740 -17.149364 -15.623588 -15.371433 -15.569900 -17.005053 -15.520156 -15.685289 -15.039092 -15.954887 
-15.368935 -16.264585 -16.373663 -15.414193 -15.341341 -15.777133 -16.204115 -16.116131 -16.355742 -15.682262 
-15.186363 -15.875367 -16.717939 -17.956537 -20.217688 -24.170086 -21.119425 -20.199314 -18.306841 -15.636712 
-16.804949 -17.487831 -16.893126 -15.595422 -20.118397 -17.461643 -15.376018 -15.486752 -14.863779 -14.620979 
-14.575968 -16.620930 -15.053449 -18.549347 -14.924926 -15.106272 -15.571979 -15.653958 -15.165033 -16.692778 
-16.030958 -15.926837 -15.441833 -14.725512 -13.972906 -13.205758 -13.978234 -15.068628 -15.552468 -15.058824 
-15.627989 -16.134876 -15.468858 -16.026705 -15.564370 -17.349085 -17.442093 -17.943935 -17.381353 -15.471495 
-16.298395 -15.642125 -16.193821 -16.116800 -18.765821 -17.288061 -14.840027 -15.320424 -14.894674 -14.606518 
-14.809516 -16.457554 -14.974066 -18.857494 -15.371868 -18.189198 -17.207302 -19.089437 -17.685436 -15.798749 
-17.489895 -15.228786 -14.469199 -14.148592 -14.554564 -13.511964 -12.891850 -12.912058 -13.310703 -15.106238 
-16.065825 -17.231394 -17.137289 -18.045250 -16.613111 -17.168850 -15.813329 -14.900431 -15.156851 -15.901824 
-15.118665 -16.992422 -16.123358 -16.146955 -18.847321 -17.529446 -14.737578 -15.388229 -14.752845 -14.781820 
-14.628465 -16.000736 -15.359458 -16.357433 -15.360315 -14.308633 -17.296385 -18.130901 -19.907043 -16.382078 
-16.780785 -16.842905 -16.680107 -18.774467 -26.356419 -21.582691 -31.236265 -17.682104 -15.229142 -15.262615 
-16.502758 -16.507732 -16.077480 -15.842275 -15.607139 -16.268906 -14.703183 -15.088209 -14.460301 -17.889631 
-15.002680 -16.605705 -18.358595 -15.911623 -17.981863 -15.863347 -14.318015 -15.413964 -14.575490 -14.701124 
-14.939073 -15.801749 -15.580733 -15.958426 -16.969490 -17.403835 -20.143084 -23.191208 -25.545794 -17.569399 
-16.768768 -14.173513 -11.985160 -11.838899 -20.949966 -4.688581 -12.291363 -11.708414 -12.459912 -13.786639 
-16.162247 -16.336285 -15.748317 -15.446028 -15.604876 -15.792802 -15.503715 -16.084003 -14.863357 -13.006526 
-14.629146 -16.443302 -15.745291 -18.130108 -16.479383 -15.493075 -14.494201 -15.422142 -14.390809 -14.602023 
-14.562922 -15.741303 -14.216890 -16.148672 -18.006998 -16.567537 -19.659996 -16.438494 -8.903734 -32.716583 
-16.844769 -15.012757 -13.469441 -16.018723 -21.276146 -17.046877 -19.568588 -17.614393 -13.520589 -14.025088 
-15.817648 -15.956484 -15.464993 -15.557586 -15.799589 -16.553150 -16.153553 -16.323511 -17.610209 -14.212679 
-15.053278 -17.788391 -16.661081 -17.355278 -15.452636 -15.519414 -15.154331 -15.283161 -14.439411 -14.422005 
-15.109845 -16.033278 -14.544615 -16.860554 -16.695040 -15.012895 -19.697479 -21.574572 -17.054766 -28.705612 
-18.595343 -16.708731 -14.808857 -15.585819 -16.427082 -12.335699 -15.917820 -12.837950 -13.676067 -14.728923 
-16.289923 -15.840471 -15.701819 -16.084332 -16.870033 -17.322803 -17.047939 -14.623856 -18.167700 -16.590490 
-17.525942 -17.462669 -18.447653 -16.315918 -15.529483 -15.703293 -15.382803 -15.251451 -14.471395 -14.345934 
-14.861616 -16.623631 -15.261962 -17.738649 -18.761810 -20.463112 -22.874672 -18.374807 -13.807051 -29.829550 
-17.297829 -17.135000 -16.507807 -16.446951 -15.335564 -14.338814 -12.393064 -13.096466 -14.085865 -16.156006 
-16.892057 -15.944066 -15.953791 -16.432314 -16.855253 -16.613829 -15.623050 -14.310446 -18.422251 -17.422745 
-17.210684 -16.495268 -16.848270 -16.657869 -18.533566 -16.592911 -15.577964 -15.205304 -14.988554 -14.580510 
-15.496511 -16.621452 -15.926906 -18.419622 -17.887049 -27.186878 -26.700754 -22.469822 -19.543001 -30.813936 
-17.194439 -17.419434 -16.816559 -18.471218 -18.591593 -17.754066 -17.120647 -16.925770 -17.105469 -17.384838 
-16.939827 -15.658865 -15.816179 -16.286455 -16.408707 -16.276817 -15.824970 -14.465360 -18.360279 -18.673994 
-17.078585 -15.958321 -16.330614 -15.927191 -18.332018 -16.913557 -16.296398 -15.346482 -14.910263 -14.386366 
-15.800791 -16.786533 -15.541939 -19.512018 -17.781803 -20.626081 -23.244358 -23.916887 -19.831764 -20.158899 
-19.983711 -17.152649 -16.647533 -15.764945 -16.145147 -15.921087 -15.328720 -15.536982 -15.907457 -15.803059 
-15.476390 -14.919330 -14.930377 -15.671317 -16.087605 -16.165253 -15.810946 -15.070602 -15.977567 -18.922825 
-17.013996 -16.166828 -19.585976 -16.661320 -17.830860 -16.448353 -14.528985 -14.413661 -14.559620 -14.225025 
-15.426682 -17.052835 -15.183315 -16.577946 -16.933413 -18.322279 -16.052258 -19.650690 -19.208265 -16.882753 
-20.699909 -16.181587 -15.918836 -15.456853 -15.443811 -15.803237 -16.880165 -18.155170 -18.036160 -20.550446 
-19.637451 -18.361765 -15.467571 -14.998014 -15.431776 -16.147848 -15.751921 -14.886875 -15.570252 -17.522881 
-18.450478 -16.781660 -17.432503 -17.831450 -16.128780 -15.811540 -14.112962 -14.402867 -15.042616 -14.568651 
-15.207288 -17.172253 -15.702484 -16.257299 -17.225447 -17.442167 -14.739195 -17.830526 -17.190811 -16.934536 
-18.320948 -16.420551 -16.086769 -17.783117 -17.473221 -18.070992 -17.600721 -15.447941 -14.133820 -13.283383 
-19.243361 -16.737886 -16.050835 -15.442238 -16.052593 -16.650446 -16.258032 -17.951616 -21.704382 -19.858902 
-17.699778 -16.596939 -15.766418 -19.366621 -14.973736 -15.586457 -14.252044 -14.088981 -14.696418 -15.262145 
-14.005264 -15.352407 -15.320474 -16.225729 -17.437794 -16.554811 -14.441523 -15.318744 -17.101862 -16.627399 
-16.210421 -15.794403 -15.462912 -15.268406 -14.577744 -15.435657 -15.623359 -15.034331 -17.038691 -17.307596 
-16.120504 -18.444496 -15.845852 -14.941982 -15.687461 -16.343472 -16.196568 -15.897727 -18.709770 -16.120510 
-16.036579 -18.422169 -17.753712 -17.418137 -15.881692 -15.661955 -14.394977 -14.685380 -15.527662 -15.620764 
-10.562562 -13.427121 -15.116525 -15.355473 -14.814330 -15.403278 -15.654320 -15.803245 -17.055704 -17.011824 
-16.527876 -15.180743 -14.562342 -14.156628 -14.757385 -15.412473 -22.030554 -21.169968 -17.866617 -18.688681 
-16.230244 -24.139263 -15.099517 -14.942491 -15.802844 -16.173145 -17.055561 -15.982374 -18.302002 -17.127996 
-16.351713 -20.902887 -17.340889 -17.816618 -17.320848 -16.561308 -14.331035 -14.821860 -15.429962 -15.617606 
-10.992113 -15.061634 -17.501417 -17.303907 -17.289131 -16.394047 -16.477371 -16.944431 -16.823912 -17.398073 
-16.069983 -15.054631 -15.468594 -14.570936 -14.485682 -16.252691 -18.289991 -21.538969 -19.924742 -18.819389 
-16.689974 -16.640133 -15.412409 -13.952626 -15.693259 -16.425913 -15.464923 -15.096368 -16.795469 -18.862041 
-14.933159 -20.871721 -17.047712 -16.484825 -18.727821 -16.277266 -14.710188 -14.793487 -15.188890 -15.079272 
-13.051585 -12.826430 -14.866534 -14.785319 -14.196975 -13.920962 -15.897962 -16.606636 -17.315077 -16.360596 
-16.443058 -16.703808 -17.054335 -16.001947 -15.154677 -15.916947 -17.052059 -16.750481 -16.545267 -16.579100 
-16.033197 -13.953826 -15.832665 -17.521269 -16.393026 -16.878262 -16.512459 -17.389198 -18.998735 -21.588579 
-14.580755 -15.828794 -22.273157 -16.184383 -17.224173 -15.568349 -14.366625 -14.945931 -15.158679 -14.079864 
-14.325711 -15.091702 -15.557624 -14.987197 -14.397627 -13.685651 -14.782634 -15.851903 -16.006830 -16.061281 
-17.112488 -16.361416 -15.739615 -15.501190 -15.883749 -15.909510 -16.362120 -16.171619 -16.052105 -16.148722 
-16.365520 -15.597817 -16.209780 -17.420719 -17.988571 -18.487434 -18.154257 -18.792170 -19.193577 -20.032501 
-19.971630 -17.010225 -16.708218 -20.399740 -16.083210 -14.864292 -13.905354 -14.127922 -13.241422 -11.157346 
-14.593169 -15.425649 -15.738135 -14.570992 -13.758913 -12.312561 -12.682959 -13.180024 -14.826511 -16.179916 
-17.976635 -17.411448 -16.001314 -15.778693 -16.162830 -16.056824 -15.930706 -15.713738 -15.975528 -16.856672 
-16.468309 -15.714584 -15.625918 -15.988069 -16.707048 -16.640688 -16.537481 -16.490805 -15.873368 -15.011700 
-15.435747 -16.907887 -16.975502 -16.408943 -16.087498 -14.433404 -14.416968 -13.532691 -13.523015 -11.339443 
-13.250512 -15.079038 -15.183312 -13.542536 -11.287982 -10.438190 -12.211782 -13.608308 -13.851733 -15.274342 
-16.051556 -17.125500 -15.885395 -16.494347 -16.260752 -16.171190 -15.053264 -15.792185 -15.997242 -16.299086 
-16.473114 -15.704624 -15.384510 -15.615711 -15.959432 -15.967299 -16.077774 -15.884063 -15.035948 -14.528205 
-14.863043 -16.479843 -15.325194 -15.761350 -14.888037 -15.769735 -13.683400 -12.252386 -12.689815 -13.090300 
-14.229172 -14.908388 -15.055223 -15.105151 -14.049351 -13.451210 -13.754903 -14.775631 -13.200341 -13.616176 
-15.029180 -15.675209 -16.037004 -15.474426 -16.324673 -16.021221 -16.171658 -17.005760 -16.235407 -15.507509 
-16.079956 -15.198657 -15.248153 -15.997275 -16.279623 -15.930132 -15.308619 -15.157425 -15.127254 -14.785437 
-14.503133 -13.303091 -11.780784 -13.729069 -12.574441 -13.223553 -12.288594 -12.662451 -11.113588 -12.966238 
-13.880414 -14.873369 -14.876851 -15.581319 -16.461172 -15.764352 -14.858935 -14.186936 -12.042372 -10.370064 
-13.466489 -15.171542 -16.179996 -14.818958 -15.289924 -15.426186 -15.360562 -14.697857 -12.185328 -17.017139 
-15.717945 -15.435640 -16.024164 -16.019411 -15.111809 -15.420270 -15.298496 -15.167019 -15.988037 -16.489914 
-15.059998 -13.976016 -12.712832 -13.823277 -11.962946 -12.651801 -14.907028 -14.223738 -13.577810 -11.625543 
-13.476322 -15.422870 -15.796282 -15.186074 -17.400049 -16.115286 -15.712868 -14.092436 -12.853666 -11.374747 
-14.056763 -15.234909 -15.111946 -15.604848 -14.862924 -15.806224 -15.174217 -14.335441 -13.375013 -16.569901 
-16.628441 -15.647949 -15.328832 -15.073229 -15.555354 -16.463211 -15.663624 -15.394025 -15.430140 -15.247757 
-14.433620 -14.362129 -13.955163 -14.537551 -14.282161 -14.853664 -15.480076 -15.538960 -15.259053 -12.268630 
-15.102941 -16.618118 -16.463549 -15.553329 -16.350561 -16.415985 -15.835337 -14.675668 -13.862784 -13.135222 
-12.937278 -15.009462 -15.159960 -15.173866 -15.996440 -15.288155 -14.792939 -15.408282 -15.695498 -15.509650 
-15.398887 -14.822306 -14.623354 -14.381936 -14.942846 -14.726468 -16.260382 -15.022090 -14.562640 -13.606632 
-13.689791 -15.285865 -16.377247 -15.848663 -16.098972 -16.636560 -16.677433 -16.179909 -14.917639 -12.898717 
-14.606001 -15.570500 -15.506201 -15.289015 -16.096352 -16.709835 -16.288759 -16.105272 -15.394258 -15.885297 
-13.890816 -15.239098 -15.968695 -13.405408 -12.270828 -9.300442 -12.111617 -12.852149 -14.200114 -14.416611 
-15.096224 -14.216898 -13.563535 -12.217406 -14.224031 -14.433987 -14.622554 -13.848288 -14.351220 -15.304781 
-15.292593 -16.279615 -15.955273 -16.400660 -17.172453 -16.434944 -16.120832 -15.570712 -15.043063 -13.365256 
-14.673145 -16.044527 -15.916102 -15.917352 -15.711334 -16.075853 -16.045269 -16.355869 -16.501881 -16.743355 
-16.900089 -16.177965 -16.367088 -15.049991 -14.711726 -12.187628 -13.670059 -13.213678 -13.993225 -14.557438 
-14.567266 -13.400888 -14.083040 -12.818074 -13.566639 -13.249786 -13.392841 -14.168632 -15.467669 -16.744270 
-17.337820 -17.302347 -16.606525 -17.303352 -17.394585 -17.147255 -15.917621 -15.598904 -15.267737 -14.226907 
-14.506362 -16.542290 -16.761673 -15.857848 -15.254090 -15.940064 -15.867527 -15.751134 -16.039845 -15.716611 
-16.664198 -16.647268 -16.502338 -15.876584 -16.019976 -15.892697 -15.305117 -15.244447 -15.018167 -14.876291 
-14.254375 -14.130530 -16.264380 -15.619184 -14.568162 -13.627867 -13.052192 -15.717108 -17.402308 -16.848379 
-17.320034 -18.486391 -19.762884 -19.854815 -17.823711 -14.892449 -17.305906 -17.234385 -14.598681 -14.672290 
-15.195352 -16.508190 -15.255574 -15.376416 -15.416972 -17.632151 -15.656570 -15.400105 -15.592715 -15.953768 
-16.194687 -16.299114 -16.830923 -17.095703 -17.313442 -16.682602 -16.245068 -16.661589 -16.925714 -17.022102 
-16.942327 -16.614250 -16.769028 -17.003828 -15.756649 -15.818338 -16.050455 -16.081671 -16.273611 -16.391338 
-16.465191 -15.799520 -15.182759 -15.746669 -17.099224 -19.765442 -14.706467 -15.372546 -14.824798 -13.484294 
-14.959489 -15.873690 -15.479370 -18.134279 -15.786463 -20.670782 -16.504156 -14.766335 -15.795427 -16.952024 
-16.779003 -16.725365 -16.319254 -16.690216 -16.913513 -17.876158 -18.910772 -18.743467 -18.595060 -18.371372 
-18.464867 -18.034060 -16.627630 -16.450123 -14.977942 -15.711238 -13.975551 -15.276993 -17.348629 -16.117786 
-15.410340 -14.807715 -15.658104 -16.716837 -18.079056 -28.141016 -19.913687 -16.109413 -17.474112 -12.620545 
-14.802771 -15.821898 -14.935683 -20.004225 -18.663898 -13.995276 -21.191540 -15.203636 -15.781970 -15.634180 
-15.656898 -14.730251 -14.412065 -15.736670 -15.571980 -15.447336 -16.196918 -15.882533 -15.393689 -16.648052 
-16.284683 -15.491923 -15.326918 -15.207092 -15.222363 -15.993833 -15.092381 -16.462217 -17.109293 -15.463181 
-14.901164 -15.262840 -17.937901 -18.423677 -16.297321 -14.737070 -18.627293 -13.294813 -13.565755 -13.942050 
-16.352299 -18.503216 -15.252754 -17.732023 -26.244869 -16.130802 -17.333788 -19.053448 -15.601597 -14.889068 
-13.736096 -14.480714 -13.578732 -13.077987 -13.929480 -14.766448 -15.633194 -16.164225 -15.603178 -15.226976 
-15.710964 -15.450231 -14.911676 -14.069972 -13.981401 -14.741146 -15.776403 -15.996395 -16.607023 -15.698625 
-14.990318 -15.878025 -15.619847 -16.456598 -19.807981 -17.638561 -13.995997 -13.100294 -14.259750 -15.963243 
-15.572414 -18.397688 -16.540735 -14.354268 -19.530830 -16.296886 -16.690096 -17.036180 -18.472246 -17.794785 
-14.180449 -12.687974 -11.881860 -10.604631 -10.701785 -10.912034 -11.911939 -12.112426 -12.216186 -12.670309 
-14.474350 -15.294893 -15.437884 -15.515871 -15.343632 -15.559257 -15.736918 -16.108160 -15.184941 -15.665677 
-14.959166 -15.467613 -15.331234 -15.388990 -15.229917 -13.402926 -14.135342 -14.068080 -14.311460 -16.013060 
-15.303714 -12.228093 -12.395554 -13.408665 -15.139708 -15.781968 -15.834562 -14.954142 -15.591464 -16.498854 
-15.649731 -14.766248 -15.056141 -15.625624 -15.062879 -14.697571 -14.964374 -14.434660 -13.887296 -12.532821 
-13.523149 -12.367379 -12.877721 -13.297810 -13.928376 -14.443383 -15.757006 -14.778289 -14.814208 -15.372162 
-16.226074 -14.570363 -15.754878 -16.825043 -15.556683 -14.568369 -14.798375 -14.509447 -13.409801 -14.613799 
-14.064784 -13.474975 -13.302389 -13.281578 -13.494738 -13.447852 -13.324921 -12.138704 -13.002352 -13.692211 
-12.714067 -14.048477 -15.001187 -13.743050 -14.086286 -13.290037 -13.613894 -13.534179 -13.479709 -13.573522 
-13.937070 -14.218597 -14.869117 -14.746184 -13.484614 -13.711794 -16.100790 -15.426027 -14.435514 -14.344951 
-15.023254 -16.444672 -15.157682 -16.617025 -16.506939 -16.226236 -14.979220 -15.029943 -14.453382 -13.650301 
-13.904436 -15.307599 -14.024094 -12.306812 -12.777773 -12.780641 -11.942908 -12.614583 -11.741211 -12.841969 
-13.253027 -13.619777 -14.184726 -15.028274 -15.748491 -15.852012 -15.031866 -14.485030 -14.264119 -13.795939 
-13.888770 -15.265704 -14.388741 -14.239264 -13.811408 -11.328364 -10.290668 -10.664638 -13.005117 -12.691446 
-13.056964 -13.296832 -14.827830 -16.226212 -16.208059 -13.708383 -14.342875 -14.587354 -13.893600 -13.474392 
-15.328348 -14.989577 -14.020007 -13.686238 -13.466670 -14.250545 -12.755234 -11.037483 -12.452414 -14.052183 
-13.877652 -12.897782 -15.110224 -16.518515 -17.598421 -15.159106 -14.156088 -13.041599 -13.095239 -12.951934 
-14.736199 -14.193244 -14.241797 -13.471951 -13.630513 -16.411701 -12.843680 -11.734473 -13.592038 -13.536634 
-13.667960 -14.263352 -14.716254 -15.325957 -16.867689 -18.364674 -18.266376 -17.284391 -15.085776 -13.704643 
-14.888357 -16.092949 -14.937464 -16.110838 -16.201862 -15.903846 -14.009638 -11.775798 -12.751367 -12.800621 
-12.844995 -14.213849 -13.940142 -14.676009 -15.340219 -16.114134 -15.348085 -15.240918 -14.366598 -14.526330 
-14.756095 -15.871569 -14.674953 -13.405093 -14.518715 -14.403721 -17.334753 -17.990667 -15.364661 -14.461948 
-14.444827 -15.494952 -14.902286 -15.894332 -15.715328 -16.058210 -15.627338 -14.295691 -14.229041 -14.432859 
-15.226697 -14.640586 -13.666849 -14.130183 -14.881630 -13.206457 -13.784610 -14.995673 -15.132090 -14.599342 
-15.140200 -14.848038 -14.937618 -16.375769 -15.591531 -15.390099 -15.442436 -14.091482 -14.399573 -14.885382 
-13.773090 -13.229485 -13.993497 -14.582623 -14.319254 -12.677944 -12.790356 -14.615562 -15.884303 -15.581830 
-15.109291 -14.475744 -15.523154 -14.603288 -15.117738 -14.959986 -15.729381 -14.567396 -16.374907 -15.414852 
-14.115083 -14.566641 -13.523138 -14.823858 -15.588293 -15.614800 -16.472126 -14.864735 -14.188229 -15.461220 
-13.892896 -13.841668 -15.078612 -15.560538 -14.444762 -14.131075 -14.028773 -15.239225 -15.571543 -15.134614 
-13.930529 -13.888066 -13.423259 -14.622447 -14.113503 -14.443401 -12.882135 -14.557071 -15.555618 -14.829363 
-15.882998 -15.508897 -15.824327 -13.961178 -15.092029 -14.896599 -12.769899 -14.127981 -14.535167 -14.851664 
-14.638880 -14.545419 -14.151217 -15.239927 -13.693241 -13.592253 -16.198053 -16.590826 -13.479936 -13.720594 
-15.281845 -14.955874 -16.273829 -18.232420 -17.041594 -16.518570 -15.582996 -13.495882 -13.716629 -13.733308 
-14.312489 -14.797089 -14.616539 -14.692160 -14.023490 -13.545710 -13.861658 -14.452843 -15.096985 -15.575303 
-14.295391 -14.108395 -14.423939 -15.586398 -15.185255 -14.233217 -14.735781 -13.467416 -13.894794 -13.534230 
-14.838381 -15.775154 -14.557808 -13.866693 -14.787152 -13.848974 -13.663101 -14.601844 -14.949581 -14.482350 
-14.198416 -14.005142 -13.529902 -13.725387 -14.527725 -12.536556 -15.358816 -13.291948 -13.749428 -14.138314 
-14.042180 -14.913148 -15.727701 -14.906722 -14.267021 -14.377286 -14.589107 -15.127501 -15.956876 -15.567178 
-14.782903 -13.860493 -13.266893 -12.893559 -12.509326 -14.115486 -14.506869 -13.721039 -14.400991 -14.583737 
-15.067253 -15.561037 -14.944406 -13.930901 -13.676430 -15.152649 -14.923623 -14.853801 -15.542826 -14.528506 
-14.694946 -15.645152 -13.689708 -13.524291 -13.099701 -14.902692 -13.108528 -14.356327 -13.727583 -14.763453 
-14.012842 -15.529754 -15.423453 -15.569424 -15.028368 -15.278359 -15.372410 -15.430437 -15.557224 -16.038292 
-15.812938 -15.801189 -15.617219 -15.887625 -15.527176 -15.076731 -15.162329 -15.707158 -14.527786 -16.670486 
