0.266528 -1.080634 -0.652803 -0.787249 -0.987328 -1.058997 -1.103564 -1.131369 -1.211264 -1.289331 
-1.308731 -1.307606 -1.188463 -1.087947 -1.023810 -0.963475 -0.846138 -0.711615 -0.577395 -0.101429 
-0.438136 -1.576523 -1.010125 -0.913656 -1.024814 -1.043604 -1.013360 -0.953949 -0.914349 -0.870558 
-0.843789 -0.779224 -0.630232 -0.492703 -0.586487 -0.653803 -0.660277 -0.758834 -0.948718 -0.882251 
-0.663817 -1.660047 -1.188877 -1.019520 -1.018615 -1.000353 -0.894644 -0.817846 -0.841290 -0.921620 
-1.005498 -1.112593 -1.142848 -1.117246 -1.162533 -1.102474 -0.805932 -0.856990 -1.342135 -1.142638 
-0.676983 -1.632676 -1.120773 -0.945217 -0.888799 -0.563641 -0.050118 0.274195 0.185314 -0.245623 
-0.645407 -0.828697 -0.965693 -1.049933 -1.178750 -1.120992 -0.712347 -0.865044 -1.405182 -1.096281 
-0.661858 -1.450628 -0.704079 -0.445695 -0.363388 0.232900 0.984788 1.281278 1.100426 0.507373 
-0.128879 -0.442449 -0.635583 -0.765004 -0.961666 -0.987325 -0.478333 -0.707242 -1.258920 -0.994193 
-0.648231 -1.378613 -0.572366 -0.492611 -0.321696 0.464270 1.519915 1.805622 1.418816 0.719215 
-0.041823 -0.357021 -0.437015 -0.507292 -0.881482 -1.010902 -0.650197 -0.863533 -1.351540 -1.003154 
-0.530563 -1.241906 -0.675409 -1.046231 -0.782621 0.074338 1.202160 1.541275 0.783436 0.077720 
-0.363041 -0.482266 -0.568863 -0.688556 -1.179906 -1.275407 -0.841829 -0.925973 -1.339645 -0.978228 
-0.602177 -1.435840 -1.148884 -1.647737 -1.227682 -0.650077 -0.594641 -0.769382 -1.068710 -0.974586 
-0.813040 -0.750036 -0.770019 -0.914985 -1.403001 -1.476619 -0.942549 -0.897885 -1.263204 -0.976443 
-0.471210 -1.263295 -1.035883 -1.388651 -1.140795 -0.671128 -0.906130 -1.417362 -1.392767 -1.173371 
-0.979390 -0.842928 -0.711913 -0.788720 -1.179360 -1.295714 -0.793112 -0.735287 -1.138374 -0.968650 
-0.185421 -1.003159 -0.895999 -1.118746 -1.097228 -0.827685 -1.003144 -1.218628 -1.250371 -1.154586 
-1.004664 -0.933857 -0.813611 -0.816605 -1.034034 -1.134979 -0.731899 -0.696881 -1.108907 -0.976164 
0.611003 -0.413878 -0.750031 -1.096819 -1.012246 -0.783696 -0.647072 -0.545095 -0.741643 -0.887680 
-0.858980 -0.821585 -0.731152 -0.740865 -0.906850 -1.076663 -0.872728 -0.870950 -1.232839 -0.995249 
1.034896 -0.185491 -0.332537 -0.789205 -0.787395 -0.749391 -0.549661 -0.445902 -0.602399 -0.673530 
-0.630879 -0.545795 -0.477342 -0.484572 -0.620666 -0.860578 -0.829892 -0.895186 -1.255508 -0.984465 
-0.101413 -1.009175 -0.504085 -0.632786 -0.661777 -0.742255 -0.647505 -0.491196 -0.452074 -0.422692 
-0.396440 -0.342607 -0.303270 -0.345296 -0.510241 -0.819856 -0.764105 -0.849765 -1.087404 -0.885676 
-0.237648 -0.839750 -0.165847 -0.124735 -0.294326 -0.498338 -0.419774 -0.150527 0.042717 0.091899 
-0.019221 -0.180941 -0.286899 -0.370083 -0.449829 -0.614618 -0.521438 -0.627378 -0.745300 -0.633436 
-0.354396 -1.235685 -0.607484 -0.180056 0.052400 0.097548 0.475441 1.021629 1.287977 1.199974 
0.911097 0.529415 0.178121 -0.036001 -0.077811 -0.129646 -0.135069 -0.288188 -0.399869 -0.400090 
-0.378768 -1.408521 -0.970853 -0.719617 -0.219988 -0.026375 0.525604 1.023865 1.020040 0.791260 
0.584314 0.519033 0.259734 -0.130016 -0.394352 -0.441937 -0.323768 -0.473662 -0.719084 -0.828190 
-0.265726 -1.082040 -0.567303 -0.440581 -0.097865 0.207270 0.578697 1.131214 0.958249 0.691537 
0.642959 0.873010 1.002594 0.653423 0.143114 -0.083791 -0.122396 -0.428411 -0.866685 -1.039117 
0.279595 -0.486615 -0.049608 0.024386 0.410848 0.854461 1.174325 1.293470 1.318157 1.359208 
1.539799 1.717112 1.886589 1.709037 1.197013 0.898287 0.646212 0.238602 -0.367387 -0.775812 
0.313653 -0.463300 0.064609 0.358367 0.747561 1.124443 1.173985 1.068146 0.984625 1.013764 
1.133629 1.306162 1.404789 1.377747 1.063407 0.859861 0.690306 0.338530 -0.223412 -0.700861 
0.040240 -0.111834 0.265552 0.475437 0.579638 0.641576 0.710567 0.727911 0.739963 0.753993 
0.727249 0.690117 0.665164 0.684121 0.718841 0.845582 0.908940 0.758019 0.250712 -0.100012 
-0.831601 -1.383257 -1.312264 -1.155582 -1.082654 -1.060213 -1.065436 -1.096721 -1.082526 -1.019311 
-0.972410 -0.938876 -0.935408 -0.964391 -1.012917 -1.018553 -1.041958 -1.142278 -1.373776 -1.018853 
-0.393531 -0.940455 -0.924010 -0.854548 -0.839816 -0.783289 -0.712995 -0.652699 -0.606457 -0.563590 
-0.541554 -0.573285 -0.606256 -0.633220 -0.597010 -0.622836 -0.669619 -0.747307 -0.842018 -0.371505 
0.864655 0.565691 0.694868 0.795788 0.743240 0.781346 0.827995 0.881073 0.887237 0.845938 
0.748920 0.613973 0.464776 0.366496 0.428938 0.566043 0.643703 0.699178 0.711650 0.743741 
1.704672 1.620013 1.831229 1.889824 1.796031 1.794671 1.767073 1.733575 1.743822 1.743853 
1.691379 1.590331 1.457489 1.351193 1.368220 1.458234 1.559347 1.662306 1.744507 1.494119 
1.997941 2.043285 2.317386 2.320262 2.264269 2.110469 1.716407 1.413178 1.480519 1.861713 
2.193309 2.290817 2.242553 2.119356 2.091806 2.143985 2.228341 2.363476 2.458553 1.953190 
1.947710 1.951200 2.037088 1.929422 1.952144 1.627370 0.770076 0.178739 0.318724 1.203657 
2.231200 2.722384 2.830705 2.712577 2.644110 2.686935 2.762749 2.880897 2.891568 2.199618 
1.763219 1.583007 1.403017 1.241737 1.421130 0.978512 -0.465734 -1.645458 -1.198139 0.472332 
2.107203 2.959478 3.151473 3.011845 2.924935 3.010478 3.147969 3.271221 3.179332 2.329496 
1.540831 1.278172 1.128500 1.176682 1.515246 1.040411 -0.670537 -1.893208 -1.208676 0.698984 
2.314404 3.116590 3.273352 3.099862 3.008226 3.104949 3.326579 3.513648 3.332867 2.364097 
1.659941 1.637457 1.879658 2.008335 2.266060 1.989179 0.989469 0.403901 0.709657 1.651956 
2.517707 3.051507 3.205780 3.075138 2.989981 3.066404 3.294437 3.498052 3.306955 2.340737 
1.902300 2.295132 2.872638 3.065431 3.161782 2.929540 2.390077 2.007275 1.915333 2.038303 
2.377515 2.760106 2.953178 2.917340 2.874766 2.936829 3.180705 3.393178 3.220641 2.304932 
1.734829 2.303085 3.304800 3.681461 3.759224 3.559962 3.113981 2.717324 2.419597 2.212286 
2.306464 2.598548 2.759168 2.740764 2.683465 2.784774 3.143678 3.405694 3.160909 2.219127 
0.779959 1.480194 3.103117 3.970076 4.153435 3.975284 3.545346 3.136534 2.919310 2.828586 
2.846327 2.954873 2.976408 2.906431 2.854301 3.032667 3.376335 3.475316 3.014928 2.025599 
0.239335 0.599104 2.253785 3.734579 4.220177 4.088092 3.657579 3.343919 3.352533 3.437875 
3.477378 3.513052 3.495927 3.412320 3.391891 3.536436 3.689906 3.512662 2.880924 1.860603 
0.659628 0.483379 1.268555 2.589940 3.411482 3.600252 3.368513 3.219296 3.349222 3.526261 
3.629420 3.700436 3.713487 3.700117 3.743739 3.829341 3.832421 3.560102 2.883578 1.799726 
1.012899 0.467793 0.469867 0.997540 1.891382 2.502222 2.553179 2.341634 2.224779 2.267235 
2.475131 2.846389 3.226615 3.477537 3.593489 3.636588 3.655201 3.433586 2.740243 1.656020 
1.394157 1.010657 0.886651 0.741748 0.932807 1.350777 1.166135 0.576503 0.101966 0.032219 
0.426011 1.115914 1.858389 2.362576 2.521694 2.620331 2.828476 2.779164 2.231339 1.456443 
1.701313 1.660292 1.752690 1.436116 1.152733 0.934678 0.431557 -0.322360 -0.520910 -0.259871 
0.088999 0.364835 0.701995 1.147376 1.423782 1.628715 1.898934 2.061752 1.909589 1.554765 
1.432468 1.341511 1.470058 1.284611 0.976408 0.610449 0.073780 -0.367072 -0.461843 -0.262344 
-0.145089 -0.154528 -0.170802 0.127767 0.636343 0.911346 1.072893 1.245385 1.379769 1.431162 
0.561606 0.201693 0.195922 0.145329 -0.131250 -0.574670 -0.899657 -1.069414 -1.140421 -1.198848 
-1.323927 -1.491279 -1.532109 -1.279704 -0.768971 -0.361825 -0.125962 0.036536 0.350825 0.896677 
0.900023 0.829617 0.838585 0.619699 0.207852 -0.116871 -0.288800 -0.326964 -0.329401 -0.403951 
-0.528302 -0.646916 -0.673093 -0.499158 -0.131138 0.276267 0.552345 0.716231 1.087393 1.321575 
1.727586 1.709823 0.970042 0.647427 0.490511 0.425224 0.400765 0.394389 0.381350 0.380348 
0.364241 0.295441 0.326100 0.524248 0.859905 0.912581 0.819905 1.325964 2.327117 3.404307 
1.687093 1.772746 0.483256 0.004953 -0.170116 -0.218703 -0.218086 -0.227058 -0.294583 -0.352953 
-0.410355 -0.514562 -0.482862 -0.196570 0.370835 0.551956 0.298776 0.925670 2.274106 3.490349 
1.810064 1.908436 0.508261 0.032102 -0.142398 -0.180388 -0.099378 -0.075255 -0.283364 -0.464803 
-0.538322 -0.608736 -0.596529 -0.342810 0.388406 0.944421 0.459202 0.846772 2.240132 3.474000 
1.814337 1.834854 0.658358 0.342881 0.140510 0.078572 0.328296 0.622539 0.244024 -0.226743 
-0.396619 -0.454571 -0.494678 -0.330420 0.517173 1.526675 0.885375 0.860690 2.214003 3.468543 
1.701240 1.623973 0.834246 0.919855 0.522977 0.344241 0.870997 1.724754 1.316956 0.341164 
-0.094157 -0.264003 -0.400678 -0.305071 0.636656 1.891997 1.368537 0.926028 2.205089 3.476556 
1.446400 1.126133 0.854721 1.559091 0.901966 0.458370 1.241314 2.507511 2.458798 1.099154 
0.257237 -0.113252 -0.385521 -0.321013 0.690851 2.071483 1.584627 0.986019 2.209790 3.485944 
1.106768 0.506280 0.656178 1.959450 1.286547 0.453909 1.302734 2.745368 2.861782 1.728194 
0.503115 -0.044738 -0.421086 -0.358379 0.726626 2.181937 1.651021 1.007552 2.207377 3.494037 
0.874842 0.090996 0.431197 2.063910 1.687797 0.470214 1.105223 2.403173 2.458324 1.617707 
0.520438 -0.053062 -0.452369 -0.366858 0.785803 2.303003 1.785187 1.047292 2.210193 3.504877 
0.925607 0.061485 0.426207 2.009637 1.748872 0.277192 0.479745 1.328053 1.411787 1.031977 
0.298944 -0.189845 -0.509687 -0.370680 0.858801 2.421323 1.992365 1.109192 2.226676 3.517447 
1.244032 0.287361 0.534155 1.800189 1.188877 -0.089976 -0.225578 0.109204 0.345543 0.344687 
-0.095680 -0.488585 -0.679653 -0.458557 0.848136 2.458456 2.040700 1.123169 2.233186 3.526331 
1.713812 0.767220 0.640223 1.375664 0.511728 -0.395350 -0.591622 -0.524987 -0.306111 -0.217079 
-0.513450 -0.816024 -0.879219 -0.575343 0.747661 2.323043 1.711346 1.033230 2.212563 3.531239 
2.110715 1.520830 0.830812 0.928467 0.108783 -0.495120 -0.642729 -0.644489 -0.495357 -0.437787 
-0.657890 -0.854634 -0.814737 -0.494261 0.661387 1.949942 1.084247 0.868385 2.174659 3.530639 
2.166931 2.055261 1.081721 0.726377 0.012724 -0.448293 -0.558258 -0.533377 -0.440947 -0.409563 
-0.557531 -0.660450 -0.572461 -0.321669 0.446574 1.200882 0.433534 0.739576 2.162222 3.524583 
1.882010 2.010891 1.068485 0.781265 0.133670 -0.307358 -0.401522 -0.342769 -0.271747 -0.238955 
-0.358583 -0.449228 -0.365208 -0.193687 0.194062 0.377206 0.053925 0.728122 2.182519 3.517857 
1.432749 1.493256 0.709153 0.787061 0.305297 -0.147762 -0.292379 -0.226074 -0.154517 -0.057416 
-0.111525 -0.209676 -0.180147 -0.104723 0.024563 -0.082694 -0.115337 0.718270 2.205103 3.525625 
1.096979 0.887125 0.417703 0.610187 0.329554 -0.079679 -0.235341 -0.179792 -0.065861 0.081813 
0.080866 0.021413 0.046443 0.004788 -0.033775 -0.234262 -0.166159 0.724393 2.230764 3.542591 
0.818792 0.479658 0.126958 0.179161 0.092741 -0.086570 -0.158621 -0.085980 0.018588 0.102314 
0.112445 0.162514 0.262704 0.087569 -0.135593 -0.393254 -0.260449 0.707318 2.234972 3.551090 
0.494352 0.141497 -0.183200 -0.278894 -0.285226 -0.258317 -0.209872 -0.150422 -0.127194 -0.129573 
-0.081707 0.095840 0.296580 0.031896 -0.348266 -0.627664 -0.418318 0.648731 2.221374 3.559589 
0.359605 -0.018831 -0.301197 -0.479321 -0.475104 -0.353186 -0.233480 -0.182709 -0.239003 -0.300989 
-0.224258 -0.010907 0.179124 -0.078895 -0.447737 -0.641927 -0.390221 0.636987 2.115459 3.497076 
1.326679 1.079770 0.930962 0.817241 0.821369 0.909486 1.002201 1.022995 0.961145 0.902319 
0.948721 1.086230 1.170712 1.025521 0.831684 0.746929 0.904938 1.533796 2.450241 3.317981 
2.592985 2.747414 2.712073 2.673062 2.653691 2.642146 2.644257 2.642730 2.618882 2.586706 
2.565340 2.555990 2.562618 2.574575 2.568471 2.551088 2.580009 2.663771 2.661972 2.471987 
1.396358 1.204034 1.254043 1.276310 1.281677 1.253963 1.224714 1.199020 1.190078 1.205470 
1.227180 1.259429 1.305995 1.330085 1.283864 1.223597 1.227165 1.253624 1.152846 1.321272 
0.658399 0.238317 0.251370 0.221745 0.223225 0.247395 0.306584 0.344633 0.350164 0.355491 
0.351534 0.345147 0.379851 0.436675 0.410052 0.324370 0.312913 0.315107 0.201290 0.667826 
0.465035 -0.007976 -0.027072 -0.070636 -0.080132 0.054493 0.330184 0.504380 0.442693 0.233174 
0.009849 -0.147138 -0.210798 -0.185940 -0.173660 -0.172574 -0.113324 -0.087988 -0.204778 0.375741 
0.487453 0.072542 0.119281 0.127037 0.103874 0.372423 0.879658 1.182266 1.046999 0.572845 
0.061225 -0.271652 -0.431369 -0.441188 -0.433609 -0.413063 -0.338636 -0.284879 -0.379850 0.258288 
0.601236 0.302470 0.475596 0.496053 0.414974 0.823514 1.563326 1.940599 1.726120 1.030638 
0.252020 -0.237550 -0.439589 -0.446478 -0.465607 -0.507358 -0.479661 -0.430336 -0.483550 0.198722 
0.716251 0.485216 0.629712 0.533843 0.408787 0.904526 1.787879 2.293467 2.039176 1.172127 
0.271566 -0.250396 -0.436523 -0.433706 -0.476504 -0.571390 -0.586196 -0.541630 -0.555128 0.174830 
0.698787 0.357400 0.304164 0.110495 0.035050 0.420196 0.978896 1.339328 1.307044 0.781683 
0.165793 -0.254372 -0.440103 -0.462975 -0.524285 -0.613388 -0.619082 -0.555867 -0.548083 0.188218 
0.571469 0.004731 -0.280967 -0.483052 -0.441801 -0.192080 -0.060896 0.021554 0.284957 0.325380 
0.094087 -0.206802 -0.396044 -0.444909 -0.512527 -0.593418 -0.586681 -0.510647 -0.502119 0.206581 
0.658025 -0.023861 -0.493554 -0.777992 -0.723092 -0.499898 -0.406268 -0.284136 -0.021894 0.139546 
0.044972 -0.178808 -0.347091 -0.393285 -0.438164 -0.513413 -0.528158 -0.453415 -0.450143 0.231679 
1.077920 0.375899 -0.343909 -0.806079 -0.846014 -0.681740 -0.542652 -0.379581 -0.224630 -0.131487 
-0.172246 -0.309508 -0.413153 -0.428254 -0.444000 -0.513713 -0.542440 -0.446291 -0.403715 0.287618 
1.604998 1.046044 0.145481 -0.549603 -0.798017 -0.746894 -0.614995 -0.475860 -0.431943 -0.448694 
-0.485504 -0.544688 -0.581083 -0.570472 -0.583640 -0.651949 -0.632306 -0.478707 -0.369211 0.357834 
1.441792 1.153759 0.612306 -0.061844 -0.465904 -0.580937 -0.525555 -0.433983 -0.434289 -0.488286 
-0.550873 -0.617367 -0.670065 -0.685249 -0.720782 -0.756505 -0.681999 -0.513335 -0.355204 0.422420 
1.098541 1.019154 1.017545 0.595821 0.151274 -0.117292 -0.135509 -0.012723 0.074322 0.068234 
-0.048665 -0.237644 -0.431905 -0.554054 -0.615055 -0.627164 -0.574833 -0.462198 -0.287502 0.513142 
0.902354 0.810312 1.054080 1.039150 0.751530 0.515743 0.554376 0.805154 1.017982 1.048737 
0.887170 0.598157 0.281690 0.064179 -0.033662 -0.101747 -0.159999 -0.154389 -0.026608 0.664087 
0.713711 0.415891 0.541048 0.728288 0.853353 0.925288 1.164924 1.501211 1.690803 1.652553 
1.475935 1.223991 0.907388 0.629506 0.460712 0.345260 0.229973 0.163821 0.150668 0.657021 
0.757417 0.428798 0.448693 0.559917 0.747395 0.982017 1.283956 1.565076 1.586777 1.452577 
1.378482 1.393186 1.298495 1.010485 0.722577 0.543468 0.450273 0.346558 0.190898 0.553984 
1.102626 0.892259 0.909542 0.967839 1.130287 1.333585 1.508728 1.619241 1.656377 1.669483 
1.727184 1.816183 1.834576 1.644781 1.310704 1.039633 0.892251 0.732971 0.464799 0.663274 
1.325152 1.176903 1.250055 1.330784 1.544048 1.777506 1.882611 1.890412 1.904008 1.968436 
2.075067 2.166700 2.167353 2.019845 1.716074 1.396458 1.186978 0.986213 0.693146 0.823010 
1.133171 0.843692 0.943393 1.048292 1.187311 1.286487 1.327463 1.327398 1.322145 1.333973 
1.356899 1.381490 1.388919 1.340736 1.204974 1.031549 0.896919 0.744628 0.566792 0.892480 
-1.784401 -3.917523 -3.106630 -1.538542 -0.225739 0.492069 0.841047 0.910690 0.775090 0.910045 
1.258648 1.473668 1.469599 1.200354 0.445903 0.062366 0.463172 0.216474 -1.334089 -3.007786 
-1.823866 -4.702210 -3.729357 -2.747298 -1.261535 -0.267711 0.428387 0.617882 0.577659 0.912998 
1.427730 1.643340 1.818723 1.472458 0.469959 -0.046735 0.670804 0.838016 -1.648093 -3.548403 
-1.593670 -4.592688 -4.092143 -2.580173 -1.211996 -0.220250 0.702874 0.776557 0.545539 0.815767 
1.147865 1.252653 1.760130 1.706187 0.349573 -0.531178 0.764026 1.582039 -2.229729 -4.165389 
-1.516429 -4.486259 -3.960383 -2.322139 -1.304144 -0.227857 1.080355 0.614587 0.284644 0.598875 
0.563610 0.723401 1.545789 1.623544 -0.291568 -1.503561 0.270155 1.601450 -2.778582 -4.362776 
-1.459631 -3.982390 -3.020236 -1.824673 -1.981101 -0.264371 1.483058 -0.564609 -1.227234 -0.666662 
-0.393950 0.353755 1.518991 1.669879 -0.772755 -2.257511 -0.227094 0.997737 -2.789521 -4.193899 
-1.346495 -3.161846 -1.833432 -1.711318 -3.261780 -0.374721 1.702709 -1.941319 -3.727615 -2.484264 
-1.447953 -0.104860 1.608658 2.167035 -0.916021 -2.729834 -0.577413 1.085088 -2.471203 -4.056572 
-1.198124 -2.431818 -1.042182 -2.573601 -4.128018 -0.406357 2.185282 -2.536013 -5.169337 -3.505356 
-2.060053 -0.387571 1.732380 2.481304 -1.243443 -3.117873 -0.998249 1.222089 -2.101959 -3.999442 
-1.134115 -2.137170 -0.992307 -3.310680 -4.852856 -0.713048 1.944444 -2.160260 -4.443232 -3.039732 
-1.833750 -0.155805 1.928389 2.875958 -1.058888 -3.196635 -1.234862 1.305403 -1.655491 -3.817275 
-1.141376 -2.261511 -1.287076 -3.166327 -4.840204 -0.764579 1.749696 -0.397958 -2.052968 -1.797458 
-1.013039 0.423821 2.196513 2.848415 -0.558259 -3.064015 -1.296467 1.425129 -1.270461 -3.771471 
-1.166292 -2.803562 -2.326743 -2.715263 -3.401612 -0.318927 2.211478 1.490218 -0.072219 -0.883819 
-0.314734 0.970215 2.309367 2.207125 -0.212102 -2.792784 -1.227317 1.595779 -1.078197 -3.894485 
-1.323294 -3.291654 -3.058761 -2.487879 -1.614134 0.073673 2.466994 2.750171 0.993814 -0.202821 
0.103467 1.348723 2.077020 1.295545 -0.452762 -2.836757 -1.413766 1.449314 -1.296865 -4.110689 
-1.586275 -3.968824 -3.641775 -2.658390 -1.409491 0.238087 2.662801 4.071253 2.568695 0.965099 
1.223606 2.223907 2.337836 1.136466 -0.291655 -2.319939 -1.183488 1.052606 -1.821509 -4.333046 
-1.716669 -4.270852 -4.117541 -2.861948 -1.428376 0.296899 2.851195 4.922277 4.160000 2.719899 
2.428271 2.883099 2.848120 1.385260 0.412234 -0.891196 0.057255 1.156813 -2.178076 -4.486342 
-1.448281 -4.285704 -4.460791 -2.907483 -1.401511 0.347771 2.890422 4.877750 4.986491 3.797767 
3.139518 2.993405 3.124153 2.556464 2.553632 1.876716 1.917077 1.561135 -2.014839 -4.466636 
-1.238075 -4.170332 -4.325344 -2.837610 -1.465440 0.321179 2.530311 3.978831 3.908813 2.699684 
2.162276 2.132488 2.618298 3.065078 3.521950 3.394435 3.076294 1.811519 -1.660111 -4.401096 
-1.141771 -3.753630 -3.705221 -2.311378 -1.075594 0.334175 1.743388 2.418283 1.615260 0.396166 
0.537601 1.093457 1.826504 2.679961 3.461945 3.686641 3.867859 1.929265 -1.422538 -4.438441 
-1.060008 -3.326432 -3.254931 -2.054577 -0.770353 0.556329 1.568477 1.591649 0.721538 0.026177 
0.345774 1.061861 1.529303 2.343265 3.417755 4.309832 5.017160 2.412768 -1.376695 -4.514076 
-0.858998 -2.801450 -2.932940 -1.844279 -0.716660 0.493593 1.363110 1.399704 0.753656 0.433953 
0.662707 1.035414 1.249111 1.813563 3.022787 4.492011 5.316797 2.436105 -1.791975 -4.488152 
-0.724338 -2.408553 -2.654105 -1.558604 -0.544405 0.473901 1.222562 1.335448 0.986105 0.783487 
0.716310 0.749615 0.858588 1.264368 2.050262 3.515953 4.296639 1.440675 -2.215048 -4.203034 
-1.860157 -3.244622 -3.607905 -2.527959 -1.845359 -1.317116 -1.114947 -1.274720 -1.371879 -1.481022 
-1.468530 -1.416103 -1.441567 -1.212820 -0.782375 -0.069807 0.298752 -1.402997 -3.363589 -4.125771 
-0.031277 -0.186517 -0.095474 -0.336321 -0.457158 -0.499890 -0.527727 -0.508585 -0.474714 -0.461453 
-0.441599 -0.449541 -0.515067 -0.594174 -0.497626 -0.310302 -0.348611 -0.563344 0.105964 1.272533 
0.008108 -0.081567 -0.373123 -0.765712 -0.890981 -0.888370 -0.864156 -0.813850 -0.798995 -0.866727 
-0.917421 -0.960229 -1.033651 -1.137094 -1.030637 -0.709361 -0.628862 -1.068050 -0.435250 0.961256 
0.150091 0.098945 -0.212648 -0.640311 -0.772727 -0.810298 -0.852289 -0.768546 -0.708033 -0.869725 
-0.976129 -1.001662 -1.054137 -1.231310 -1.178166 -0.664932 -0.389124 -1.009852 -0.476695 0.967753 
0.276084 0.034051 -0.216306 -0.607224 -0.581282 -0.634513 -0.669614 -0.574509 -0.387647 -0.536242 
-0.797905 -0.796705 -0.822410 -1.076796 -1.105595 -0.294996 -0.144288 -0.867087 -0.523129 0.902158 
0.320165 0.153332 -0.263905 -0.462393 -0.255453 -0.475775 -0.543542 0.175775 0.111662 -0.121700 
-0.487521 -0.626882 -0.720778 -1.056941 -1.119407 -0.307480 0.301476 -0.736565 -0.539873 0.877753 
0.297774 -0.062599 -0.485786 -0.251427 0.034881 -0.356088 -0.519868 0.472886 1.118726 0.221555 
-0.238819 -0.516445 -0.716291 -1.142581 -1.248786 -0.346993 0.394746 -0.657788 -0.552718 0.867565 
0.211576 -0.425286 -0.888217 -0.301997 0.197877 -0.269218 -0.551175 0.373557 1.079342 0.723547 
-0.076116 -0.435869 -0.733927 -1.238299 -1.349768 -0.393194 0.393125 -0.628818 -0.585234 0.856076 
0.110289 -0.701847 -1.229007 -0.456990 0.476491 -0.054696 -0.323922 0.460072 0.896702 0.479783 
-0.135674 -0.417892 -0.743403 -1.282594 -1.422153 -0.380861 0.450816 -0.578165 -0.576972 0.863320 
0.180136 -0.567424 -0.976855 -0.252409 0.875400 -0.098577 -0.500563 0.050927 0.130778 -0.004505 
-0.298491 -0.502658 -0.820072 -1.330587 -1.459875 -0.356226 0.615383 -0.506792 -0.537481 0.875348 
0.413769 -0.371578 -0.637966 -0.114360 0.362130 -0.321821 -0.855686 -0.820601 -0.646262 -0.462669 
-0.553147 -0.709420 -0.990099 -1.430831 -1.525120 -0.356582 0.730286 -0.530750 -0.536878 0.878796 
0.562805 -0.319902 -0.473589 -0.151836 -0.238265 -0.538781 -0.825915 -0.904492 -0.882877 -0.812869 
-0.815615 -1.010017 -1.238738 -1.566243 -1.535686 -0.314063 0.568946 -0.673233 -0.592294 0.874425 
0.628908 0.109494 -0.212943 -0.268476 -0.446319 -0.682508 -0.779348 -0.868165 -0.880130 -0.771449 
-0.775616 -0.892349 -1.048123 -1.262097 -1.119472 -0.147182 0.051305 -0.959891 -0.672423 0.867359 
0.521645 0.331723 0.109234 -0.283976 -0.452433 -0.664888 -0.701283 -0.709280 -0.736330 -0.656505 
-0.636527 -0.693972 -0.777049 -0.945631 -0.879793 -0.221076 -0.528157 -1.201043 -0.682842 0.875720 
0.496085 0.320234 0.183072 -0.170998 -0.331918 -0.471231 -0.508963 -0.461403 -0.468140 -0.437298 
-0.490603 -0.650490 -0.710847 -0.862558 -0.794215 -0.632972 -0.737455 -1.226204 -0.629266 0.912546 
0.237732 0.105898 -0.248126 -0.236889 -0.291858 -0.354322 -0.419173 -0.374589 -0.393480 -0.336282 
-0.337372 -0.456460 -0.430382 -0.519951 -0.519326 -0.510227 -0.767423 -1.279765 -0.651008 0.932781 
0.111889 -0.374001 -0.351043 -0.245585 -0.265948 -0.428282 -0.544717 -0.583881 -0.629287 -0.550450 
-0.503341 -0.523191 -0.382695 -0.356672 -0.340778 -0.407618 -0.805146 -1.329712 -0.695028 0.903620 
0.080344 -0.459473 -0.459225 -0.494814 -0.452246 -0.432413 -0.486746 -0.496305 -0.529265 -0.462928 
-0.470417 -0.526398 -0.382822 -0.309491 -0.312932 -0.460713 -0.894419 -1.383528 -0.706188 0.904564 
-0.150086 -0.637059 -0.638682 -0.722957 -0.712863 -0.703748 -0.725925 -0.728619 -0.742302 -0.781161 
-0.753488 -0.697495 -0.460981 -0.421685 -0.502509 -0.683320 -1.091444 -1.479794 -0.652313 0.931432 
-0.161412 -0.794110 -0.798610 -0.909920 -0.962618 -1.007839 -1.033487 -1.000648 -1.040344 -1.051149 
-1.068165 -1.025486 -0.803537 -0.767192 -0.876850 -0.973912 -1.232358 -1.361091 -0.536436 0.877792 
0.381923 -0.121900 -0.182649 -0.268076 -0.288561 -0.299529 -0.265057 -0.236461 -0.283759 -0.309141 
-0.313190 -0.303706 -0.255399 -0.216804 -0.247068 -0.296654 -0.392583 -0.256284 0.448865 1.305184 
-2.469669 -1.174402 1.094003 1.566850 1.511818 1.364475 1.360905 1.479718 1.294559 1.529666 
1.282587 0.561835 -0.301682 -0.207867 0.681469 -0.470848 -1.114767 -1.067491 -1.275058 -0.764875 
-3.545069 -2.498185 0.959695 2.229739 2.053493 1.666427 1.788559 2.309954 2.039269 1.997359 
1.048296 -0.315130 -1.711760 -1.419897 0.445831 -1.102192 -2.041818 -2.117685 -2.525665 -1.216383 
-3.411778 -2.374662 0.349943 1.777668 2.151648 1.668215 1.877244 2.570500 2.329367 2.164409 
1.280044 -0.240918 -1.957101 -1.797956 0.243426 -0.918505 -2.062348 -2.239625 -2.808955 -1.333067 
-3.440491 -2.373049 -0.484662 1.218334 2.267508 1.546771 1.016269 1.467910 1.538708 1.582107 
1.624160 0.003263 -2.043623 -2.157103 -0.683730 -1.151828 -2.117663 -2.578248 -3.108118 -1.521504 
-3.610829 -2.491075 -1.506264 -0.421853 1.324293 0.083711 -1.409547 -0.994196 0.475080 1.467845 
1.926693 0.191922 -2.182296 -2.582294 -1.751633 -1.293627 -1.883322 -2.691118 -3.267879 -1.633757 
-3.622799 -2.751585 -2.433431 -1.440992 0.800632 -1.582650 -3.391557 -2.759728 -1.010213 0.664945 
2.260811 0.613949 -2.200535 -2.993077 -2.251404 -1.351294 -1.625464 -2.532108 -3.233705 -1.640059 
-3.453998 -3.148507 -3.190770 -2.166044 0.853527 -2.137259 -3.544675 -3.083066 -1.674233 -0.166952 
2.325478 0.799105 -2.237328 -3.135252 -2.337605 -1.260647 -1.251394 -2.325421 -3.202544 -1.638901 
-3.266950 -3.698441 -3.693243 -2.665721 1.287798 -1.325379 -2.721790 -1.859833 -0.939079 0.425698 
2.749423 0.805778 -2.284541 -3.016174 -2.225712 -1.134385 -0.882582 -2.023778 -3.080683 -1.615447 
-3.102582 -3.306801 -3.193557 -2.092818 1.839015 0.952976 -1.693061 -1.042828 0.273530 1.701214 
2.845720 0.553576 -2.290028 -2.762414 -1.968942 -0.995027 -0.605269 -1.736281 -2.913544 -1.566966 
-3.022290 -2.397228 -2.128189 -0.346096 3.751787 2.839553 0.162035 -0.415220 0.469952 1.908091 
2.055324 -0.120284 -2.397817 -2.652116 -1.846748 -0.975614 -0.616161 -1.648105 -2.812900 -1.500977 
-3.118788 -1.928970 -0.981407 1.667356 4.662891 3.846200 1.093853 0.155618 1.083805 2.244402 
1.172649 -0.858527 -2.679153 -2.808535 -2.013740 -1.154416 -1.034097 -1.801413 -2.781683 -1.404278 
-3.309779 -2.067074 -0.093720 3.756309 5.403331 4.659673 2.194203 1.428723 2.716873 2.781883 
1.238486 -0.355301 -1.927990 -2.269684 -1.598357 -1.118453 -1.510955 -2.028891 -2.816925 -1.363015 
-3.282374 -2.275169 -0.166451 4.597986 6.117753 5.279799 3.054038 2.185082 3.419780 3.190473 
1.664395 1.189585 -0.160128 -0.649282 -0.146617 -0.743123 -1.715156 -2.226035 -2.819171 -1.399765 
-3.266138 -2.342161 -0.697301 3.301072 6.160431 5.509478 3.660172 2.551188 3.367441 3.367759 
2.255591 2.688450 1.222126 0.953781 0.768564 -0.837407 -2.100139 -2.383908 -2.829036 -1.483688 
-3.332549 -1.961712 -0.829072 1.873253 4.743399 4.798269 3.188571 1.813302 1.857234 2.360210 
2.378601 3.478302 2.075809 1.877244 1.151018 -1.132630 -2.409315 -2.548214 -2.950187 -1.663772 
-3.278726 -0.960059 0.105585 1.665245 4.243653 3.580623 2.001190 0.521386 0.069087 0.789807 
1.753052 2.936777 2.248936 2.267232 1.001073 -1.375685 -2.368078 -2.527687 -3.048512 -1.797014 
-3.282419 -0.323452 1.037217 2.307498 3.753083 2.866277 1.390657 0.307480 0.142348 0.735748 
1.072628 1.953015 2.109252 2.119757 0.358339 -1.880327 -2.426342 -2.575995 -3.141323 -1.849789 
-3.177789 -0.699149 0.821445 1.325164 2.062209 1.825390 1.441572 1.083148 0.950284 1.421961 
1.343604 1.645793 2.138416 1.802748 -0.207337 -2.371001 -2.597237 -2.657410 -3.046508 -1.721074 
-2.498741 -0.793311 0.728208 0.630385 0.460722 0.666112 1.020953 1.118506 1.028462 0.589742 
0.383889 0.897658 1.941480 1.671952 -0.207504 -2.319719 -2.676974 -2.670968 -2.919755 -1.781743 
-0.765202 0.821095 2.343439 2.099075 1.389389 1.444463 1.908478 2.175882 2.381743 1.922757 
1.444613 2.062512 3.134338 2.692443 1.183397 -0.417002 -0.875529 -0.759931 -0.695780 -0.219990 
1.355794 1.551085 1.818296 1.864521 1.887866 1.929692 1.937579 1.899729 1.907347 2.010630 
2.146591 2.224146 2.214826 2.150555 2.054981 1.962721 1.875932 1.663009 1.501177 1.699271 
1.070103 1.328296 1.658530 1.692447 1.703559 1.825545 1.961732 2.005136 2.018967 2.053481 
2.063116 1.998969 1.880364 1.800216 1.810439 1.868460 1.886564 1.693809 1.596033 1.859301 
1.188161 1.578619 1.962423 1.985990 1.938936 1.991861 2.125352 2.205799 2.161673 1.985577 
1.757837 1.579118 1.419656 1.287398 1.358604 1.695921 1.983516 1.916589 1.839409 1.987050 
1.724737 2.163210 2.451857 2.438437 2.358757 2.250247 2.212539 2.232581 2.189244 1.979942 
1.714070 1.592620 1.586218 1.552565 1.603094 1.884945 2.154137 2.166462 2.080937 2.098485 
1.966477 2.422758 2.637841 2.623532 2.524398 2.272686 2.019544 1.911576 1.966581 1.952065 
1.860602 1.847351 1.946429 2.037779 2.120931 2.244903 2.337376 2.268774 2.157582 2.120782 
1.911635 2.312623 2.459876 2.461251 2.362231 1.841174 1.046573 0.612937 0.930769 1.475784 
1.810841 2.019517 2.208300 2.331000 2.433178 2.514624 2.515977 2.399972 2.245271 2.151738 
1.688748 1.918343 1.876865 1.821070 1.829905 1.202140 -0.281261 -1.337083 -0.716771 0.724105 
1.750817 2.200722 2.390759 2.481120 2.572572 2.632364 2.621713 2.479262 2.289932 2.162948 
1.440488 1.357396 0.956490 0.759285 1.048755 1.072892 0.288600 -0.653087 -0.216365 1.075792 
2.074094 2.398175 2.505764 2.559047 2.620077 2.645773 2.633867 2.484096 2.270422 2.127239 
1.520809 1.437738 0.861737 0.581622 1.000363 1.454338 1.542476 1.386114 1.547933 1.920230 
2.210307 2.316353 2.370374 2.391677 2.403291 2.413344 2.443994 2.353415 2.166337 2.060244 
1.842316 2.123966 2.121540 2.039090 2.066475 1.951751 1.700704 1.527444 1.539392 1.662427 
1.779498 1.795865 1.787500 1.763881 1.739129 1.799083 2.002990 2.114317 2.043271 2.009586 
1.854595 2.311458 2.535497 2.587083 2.566892 2.312678 1.905333 1.511695 1.393619 1.393039 
1.218347 0.911616 0.665458 0.546380 0.536405 0.805306 1.411450 1.817863 1.860607 1.907261 
1.292598 1.898060 2.391535 2.600721 2.655405 2.560398 2.378969 2.160668 1.987856 1.822088 
1.459593 0.849228 0.334357 0.129565 0.176509 0.655642 1.472995 1.703378 1.557364 1.664792 
0.740934 1.177306 1.908049 2.317343 2.469886 2.478489 2.462041 2.439235 2.430056 2.399663 
2.326986 2.193066 2.048807 1.944367 1.889261 1.928255 2.007370 1.730744 1.302907 1.430969 
0.362384 0.399070 1.034408 1.589156 1.940317 2.116152 2.219746 2.286999 2.369270 2.423887 
2.463047 2.491663 2.493683 2.459496 2.380851 2.279356 2.174345 1.858594 1.397018 1.413959 
0.434168 0.205337 0.344019 0.606937 1.098653 1.550836 1.768757 1.773265 1.772403 1.813194 
1.925626 2.088076 2.215588 2.284854 2.285662 2.257905 2.200178 2.001336 1.557242 1.468222 
1.037283 1.075556 1.072519 0.974028 1.145820 1.424489 1.350813 0.966951 0.724059 0.804476 
1.149166 1.555601 1.848948 2.038405 2.140587 2.183387 2.171695 2.008742 1.621462 1.567004 
1.466088 1.748852 1.905807 1.894731 1.867598 1.780620 1.487748 0.938800 0.679838 0.862749 
1.209907 1.439655 1.544983 1.636309 1.685914 1.692351 1.675812 1.550158 1.295696 1.453733 
0.890480 0.787714 0.822059 0.827402 0.840046 0.840384 0.820316 0.800595 0.774380 0.743633 
0.713398 0.658157 0.592590 0.595669 0.599381 0.562242 0.519918 0.422995 0.380354 0.969807 
-0.120095 -0.643624 -0.688717 -0.686941 -0.702004 -0.769627 -0.823161 -0.839195 -0.850452 -0.886147 
-0.909291 -0.916745 -0.913322 -0.850609 -0.810190 -0.859571 -0.938075 -0.989503 -0.825118 0.239316 
1.908402 1.942192 1.924726 1.897623 1.867096 1.848985 1.838495 1.837836 1.842243 1.839805 
1.839881 1.852745 1.865646 1.879631 1.873165 1.848873 1.831609 1.829395 1.837207 1.989857 
-1.033062 -0.656785 -1.018482 -0.961570 -0.853882 -0.826533 -0.823473 -0.921948 -0.926572 -0.814885 
-0.702448 -0.603303 -0.559276 -0.610514 -0.755367 -0.705372 -0.688541 -0.807092 -1.248883 -0.464781 
-1.879424 -1.136136 -1.789360 -2.029007 -1.947752 -1.833000 -1.672744 -1.576750 -1.510626 -1.442407 
-1.347787 -1.313813 -1.262954 -1.310980 -1.331907 -1.344321 -1.339788 -1.590190 -1.856480 -0.170268 
-1.048166 -0.065904 -0.594478 -0.819452 -0.860613 -0.759948 -0.561413 -0.441301 -0.485355 -0.627497 
-0.788296 -0.918427 -1.018137 -1.123946 -1.059460 -0.704044 -0.407134 -0.480084 -0.554463 0.832104 
-0.096156 0.923210 0.396151 0.181790 0.163205 0.460876 0.941752 1.308830 1.050441 0.474986 
-0.055721 -0.338856 -0.408528 -0.448569 -0.397420 -0.094413 0.310621 0.304966 0.182555 1.524588 
0.825093 2.109993 1.905885 1.682154 1.478411 1.761874 2.023863 1.967493 1.840401 1.357665 
0.636281 0.234893 0.094668 0.071834 0.127847 0.382828 0.871743 1.008897 1.022049 2.146246 
1.117705 2.619108 2.474712 2.168726 2.216475 2.023883 1.119548 0.698687 0.766940 0.973298 
1.208776 1.115081 1.101676 1.045007 1.062187 1.182252 1.582684 1.811519 1.829170 2.643756 
0.994457 2.262052 1.270579 0.829028 0.990998 0.770074 -0.814796 -2.326576 -1.721671 -0.448873 
1.025718 1.703949 1.954501 1.927262 1.910834 1.935384 2.245858 2.363563 2.234367 2.927873 
0.467646 1.233882 -0.337579 -0.421437 0.313423 -0.051318 -2.508280 -4.024441 -2.992645 -0.953361 
1.161136 2.138485 2.395442 2.256694 2.182485 2.261661 2.677207 2.827662 2.545897 3.034451 
0.285685 0.925640 -0.510165 -0.457022 0.439232 0.386964 -1.373656 -1.845837 -1.127415 0.303133 
1.702725 2.406723 2.562073 2.275251 2.081054 2.169560 2.754042 3.119077 2.654742 3.026177 
1.150308 2.039686 1.102903 0.841159 1.261374 1.024830 -0.056024 -0.245057 0.100435 0.891811 
1.488158 1.772445 1.919647 1.782210 1.572846 1.746131 2.291061 2.695630 2.374295 2.989789 
1.757477 3.334765 2.401201 2.007164 2.070778 1.659622 0.953079 0.745562 0.616509 0.302545 
0.428198 0.796625 1.109264 1.059935 0.902549 1.106565 2.043190 2.638294 2.456302 3.114267 
0.523185 2.915687 3.068895 2.778364 2.656882 2.315368 1.913873 1.630603 1.236698 0.825150 
0.658153 0.713610 0.763008 0.728393 0.584417 1.047791 2.134729 2.631694 2.329129 2.896877 
-0.803600 1.307153 3.010871 3.759134 3.709278 3.225371 2.775281 2.399735 2.176701 1.943766 
1.820828 1.834000 1.852087 1.710742 1.516157 1.840122 2.549234 2.592997 2.035337 2.582966 
-0.793074 0.633111 1.337530 3.475444 4.083361 3.690137 3.178610 3.179659 3.568513 3.767306 
3.625618 3.351295 3.008486 2.676017 2.554147 2.815466 3.178613 2.795240 2.105104 2.483739 
-0.808538 -0.052763 -0.479452 0.474641 2.319283 3.011389 3.089892 3.373051 3.742601 3.956813 
4.069655 3.983891 3.684079 3.458946 3.522464 3.701253 3.783902 3.388047 2.429965 2.364504 
-0.202185 0.205222 -0.610974 -0.754201 0.061710 1.297516 1.404732 0.500545 -0.211740 -0.368529 
0.302532 1.518138 2.875802 3.581254 3.810021 3.761731 3.755193 3.313652 2.028648 1.966565 
0.735429 1.666754 0.982907 0.352805 0.436042 0.581481 0.153892 -1.063979 -1.461253 -1.149713 
-0.545943 -0.052188 0.416868 1.081361 1.308644 1.650744 2.212451 2.277879 1.579050 2.159439 
0.967471 2.040301 1.612975 0.890029 0.411392 0.020067 -0.685092 -1.357156 -1.589728 -1.269527 
-0.965017 -0.825606 -0.928496 -0.699400 -0.092818 0.295874 0.674831 0.992266 0.956004 2.245759 
-0.688908 -0.225374 -0.851897 -1.095582 -1.270539 -1.827266 -2.306023 -2.645234 -2.832189 -2.845681 
-2.860620 -3.051170 -3.156302 -2.945294 -2.419318 -2.010263 -1.704738 -1.558396 -1.285366 1.237814 
-0.197363 0.102118 -0.410438 -0.845128 -1.242579 -1.549800 -1.780902 -1.839552 -1.839658 -1.938810 
-2.116443 -2.330971 -2.425444 -2.273531 -1.919379 -1.421621 -1.050030 -0.960711 -0.578266 1.145196 
-2.482610 -1.579825 -0.973558 -1.155160 -1.474813 -1.298575 -1.005841 -0.940907 -1.005664 -1.010918 
-1.048393 -1.190494 -1.323018 -1.382234 -1.257241 -0.908031 -0.561074 -0.659535 -0.880606 -0.496171 
-2.314657 -0.422264 0.386075 0.110056 -0.324867 -0.146094 0.248884 0.390280 0.175963 -0.306932 
-0.844714 -1.203871 -1.395238 -1.543425 -1.327977 -0.561833 0.432477 0.577508 0.148377 0.082804 
-0.896001 2.097127 2.715442 2.377818 1.831540 1.396138 1.172837 0.997212 0.694647 0.170219 
-0.372817 -0.446391 -0.262892 -0.463094 -0.315590 0.631240 1.993571 2.127100 1.561223 0.775941 
-0.006749 2.522588 2.646564 2.359128 2.144166 1.712283 1.278651 0.998059 0.908098 0.833316 
0.740105 0.951753 1.626397 1.886887 1.785397 2.317450 2.845938 2.774856 2.089092 0.847584 
-0.477331 1.319544 1.161294 0.949484 1.150599 1.089803 0.075809 -0.877848 -0.353369 0.656103 
1.185054 1.530018 2.408766 3.140849 3.204802 3.482792 3.519367 3.195391 2.379053 0.907524 
-1.039236 0.534324 -0.011528 -0.477533 -0.091723 0.147921 -1.869448 -3.924105 -2.494752 -0.023838 
1.284379 1.851839 2.507144 2.993659 3.091081 3.238091 3.160643 3.030361 2.388787 0.860285 
-1.332914 0.135755 -1.113644 -1.891962 -1.077564 0.034569 -1.400062 -3.729502 -2.442310 -0.130171 
1.316900 1.796092 1.990541 2.015307 1.826932 1.882143 2.012201 2.255209 1.880623 0.533882 
-1.383740 0.276327 -1.271376 -2.057638 -1.232701 0.460411 -0.053077 -2.016931 -1.514673 -0.144996 
0.800737 0.914802 0.995448 0.851508 0.473319 0.394779 0.778159 1.489163 1.447038 0.267601 
-0.167351 2.532660 1.829189 1.334757 1.472222 1.682860 0.678025 -0.344717 -0.423409 -0.224531 
-0.088331 -0.291411 -0.395553 -0.554241 -0.814447 -0.706599 0.069091 1.239021 1.331239 0.194275 
0.305305 3.034138 3.568924 3.942035 3.691457 2.800415 1.313827 0.245114 -0.217537 -0.490518 
-0.767195 -1.246799 -1.573620 -1.776798 -1.960403 -1.796486 -0.539333 0.939147 0.975588 0.030975 
-1.129296 1.343784 2.062376 2.705949 3.110674 3.013508 2.483918 1.631961 1.140001 0.774086 
-0.044839 -1.022250 -1.803524 -2.268938 -2.398384 -1.938911 -0.205325 1.047873 0.478726 -0.335879 
-3.197330 -0.589235 0.581646 1.197033 1.662251 2.059067 2.470205 2.645060 2.645941 2.613208 
2.436848 1.859497 1.376706 1.118515 0.878243 0.827516 1.737476 1.317566 -0.054810 -0.778343 
-3.716457 -1.759255 -0.239380 0.362137 0.768976 1.179349 1.474702 1.618757 1.689075 1.796902 
2.133517 2.557273 2.849458 2.856222 2.515261 2.061945 1.844103 1.255209 -0.070967 -0.790006 
-3.123087 -1.721629 -1.173185 -0.675471 0.243699 0.809205 0.969696 0.902024 0.827792 0.794111 
0.940842 1.201737 1.401840 1.601718 1.613665 1.540319 1.581647 1.287671 0.245605 -0.854144 
-2.477491 -1.019115 -1.104902 -1.259856 -0.431003 0.429000 0.346716 -0.284126 -0.701095 -0.785538 
-0.422505 0.117790 0.475521 0.806944 0.934429 0.963463 0.990204 0.710614 -0.296355 -1.340109 
-2.058641 -0.419372 -0.550199 -0.786931 -0.590076 -0.264155 -0.496388 -1.326166 -1.858167 -1.839297 
-1.385842 -0.816337 -0.466870 -0.201984 -0.232705 -0.351266 -0.382400 -0.577419 -1.318665 -1.915125 
-2.306833 -1.024812 -1.244617 -1.362643 -1.341593 -1.322459 -1.373898 -1.852433 -2.096491 -1.937871 
-1.738398 -1.653267 -1.716058 -1.577672 -1.586974 -1.680432 -1.686629 -1.826969 -2.381147 -2.395243 
-3.695749 -2.912153 -3.265394 -3.395677 -3.491823 -3.577639 -3.661573 -3.774411 -3.898747 -4.027328 
-4.050704 -4.049314 -4.084421 -3.804633 -3.531324 -3.467059 -3.499192 -3.654604 -3.847559 -2.867894 
-2.875751 -1.794962 -2.001736 -2.050729 -2.092592 -2.261073 -2.452025 -2.577113 -2.627448 -2.673772 
-2.703146 -2.806386 -2.893110 -2.656596 -2.298416 -1.987649 -1.943306 -2.146569 -2.428216 -2.047873 
-0.207999 0.832840 0.667847 0.603144 0.624755 0.638411 0.633541 0.620178 0.624286 0.602973 
0.565771 0.542300 0.525519 0.543143 0.614165 0.786623 0.916149 0.921212 0.794547 0.184660 
2.515290 1.306361 0.582370 0.382180 0.268313 0.315512 0.370554 0.355352 0.302378 0.318247 
0.351669 0.340293 0.334876 0.302339 0.318085 0.347473 0.475367 0.743121 0.893943 1.203358 
2.734813 0.986834 0.125372 -0.025000 -0.219081 -0.142308 -0.057065 -0.072078 -0.122406 -0.092521 
-0.102670 -0.154080 -0.165999 -0.225373 -0.256555 -0.182240 0.055226 0.458380 0.653100 1.179723 
2.677621 0.926021 0.126299 -0.077624 -0.308418 -0.165591 -0.044557 -0.082220 -0.122533 -0.139981 
-0.244721 -0.295644 -0.270968 -0.316712 -0.391623 -0.322211 0.073775 0.577360 0.779644 1.323224 
2.697955 1.008402 0.288089 0.034338 -0.221124 0.063498 0.266028 0.178937 0.085463 -0.022872 
-0.204067 -0.217009 -0.151736 -0.185570 -0.282262 -0.211651 0.365690 0.870219 0.955009 1.426160 
2.729802 1.084214 0.565194 0.257164 -0.027961 0.442773 0.845869 0.729425 0.358709 0.119980 
-0.017118 -0.027717 0.057014 0.031097 -0.141039 -0.057680 0.672824 1.108430 1.019078 1.455223 
2.739930 1.204908 0.953294 0.490347 0.113282 0.759869 1.536430 1.356786 0.445733 0.083102 
0.095693 0.138481 0.237016 0.237676 -0.087475 -0.052248 0.668335 1.103436 1.054022 1.485131 
2.740679 1.346501 1.336762 0.613228 0.062854 0.837128 1.975866 1.893747 0.513112 -0.016959 
0.105102 0.199851 0.322134 0.397544 -0.073037 -0.172951 0.514386 1.036777 1.076176 1.532314 
2.731751 1.414416 1.479025 0.542456 -0.057535 0.655553 1.730340 1.777464 0.553612 0.023108 
0.094110 0.164821 0.294215 0.376411 -0.102593 -0.272233 0.354023 0.928605 1.074591 1.547040 
2.725602 1.404650 1.295791 0.467837 -0.022172 0.459644 1.085731 1.006956 0.365811 0.000648 
-0.013438 0.027881 0.138143 0.197201 -0.187724 -0.346341 0.212250 0.795190 1.026485 1.505480 
2.731683 1.342391 0.862784 0.250688 0.040904 0.353963 0.619845 0.459862 0.066083 -0.178321 
-0.198498 -0.133376 -0.113050 -0.076774 -0.355604 -0.468630 0.061965 0.681134 0.935048 1.411735 
2.721473 1.194977 0.484885 -0.026001 -0.109444 0.211081 0.428318 0.326408 -0.043535 -0.285243 
-0.308993 -0.256275 -0.356841 -0.360912 -0.503485 -0.531957 0.026566 0.649016 0.804852 1.274405 
2.712181 0.991617 0.208810 -0.140144 -0.179283 0.087800 0.338261 0.319082 0.008993 -0.227352 
-0.302372 -0.265994 -0.386885 -0.410934 -0.412122 -0.339406 0.158349 0.682286 0.659332 1.109480 
2.648620 0.855710 0.063833 -0.161450 -0.200115 0.023069 0.230744 0.226064 0.021987 -0.164927 
-0.254672 -0.217765 -0.301831 -0.290026 -0.196416 -0.082190 0.216206 0.595466 0.595251 1.074480 
2.591808 0.833062 -0.014365 -0.264222 -0.253478 0.001674 0.133491 0.154981 0.034592 -0.075974 
-0.156083 -0.134980 -0.212819 -0.212080 -0.141723 -0.069700 0.139996 0.486310 0.714419 1.284541 
2.584982 0.906527 -0.022916 -0.361766 -0.280040 0.008282 0.121635 0.175837 0.085570 -0.040013 
-0.140364 -0.120592 -0.152599 -0.150315 -0.112429 -0.070538 0.141749 0.510822 0.938359 1.597116 
2.625748 1.010387 0.026551 -0.306685 -0.150414 0.068183 0.192027 0.214328 0.091225 -0.085224 
-0.198034 -0.176753 -0.156004 -0.144780 -0.152597 -0.125263 0.106828 0.557342 1.072348 1.761447 
2.698334 1.119156 0.066589 -0.280704 -0.153080 0.020590 0.143446 0.192521 0.051098 -0.088875 
-0.193600 -0.192106 -0.172127 -0.217258 -0.277581 -0.279636 -0.047402 0.401972 0.986733 1.704826 
2.746387 1.116629 0.016313 -0.413295 -0.422030 -0.300689 -0.176359 -0.154756 -0.181520 -0.250333 
-0.362692 -0.376585 -0.310660 -0.351686 -0.434573 -0.469743 -0.276834 0.146604 0.660733 1.467640 
2.658456 1.082729 0.040550 -0.393785 -0.469041 -0.363478 -0.250241 -0.231710 -0.221778 -0.294101 
-0.402243 -0.393816 -0.309896 -0.316448 -0.375759 -0.405929 -0.239428 0.074876 0.460738 1.224693 
1.967540 1.174156 0.556831 0.265044 0.174239 0.222173 0.318681 0.358441 0.358187 0.299287 
0.221092 0.226629 0.306801 0.317926 0.262388 0.239877 0.374445 0.598568 0.816157 1.303463 
-1.055032 -1.402003 -0.438396 0.691555 1.367788 1.694359 1.786174 1.733049 1.701942 1.859317 
2.000232 2.025591 2.000675 1.839275 1.517860 1.471799 1.585610 1.181156 0.164651 -0.571550 
-1.520201 -1.672839 -0.713144 0.316669 1.141018 1.652685 1.870731 1.801913 1.768729 1.964812 
2.123639 2.180830 2.235516 2.073506 1.723119 1.674557 1.945923 1.655626 0.108564 -0.593890 
-1.495101 -1.650787 -0.774421 0.335234 1.077009 1.679656 1.955127 1.773772 1.696193 1.858545 
1.931948 2.033236 2.194388 2.025826 1.511588 1.461597 2.005849 1.802032 -0.350098 -0.965659 
-1.422821 -1.549502 -0.635916 0.409308 0.941841 1.653610 1.904477 1.364871 1.244091 1.451384 
1.592464 1.841948 2.046358 1.842894 1.082790 1.018609 1.723596 1.482617 -0.670098 -1.196925 
-1.301717 -1.259339 -0.312282 0.264721 0.512081 1.558189 1.657547 0.406596 0.210454 0.774235 
1.240971 1.775551 2.052985 1.818657 0.832580 0.744197 1.361268 1.134097 -0.644976 -1.217581 
-1.205819 -0.951423 -0.049652 -0.324929 -0.132904 1.410439 1.014405 -0.933872 -0.989899 0.132055 
0.989935 1.727895 2.188546 1.934592 0.636482 0.602695 1.423739 1.335557 -0.494414 -1.218834 
-1.154904 -0.758715 -0.219653 -1.048850 -0.543280 1.320925 0.664266 -1.842573 -1.633651 -0.158098 
0.934927 1.728209 2.334999 2.047359 0.433824 0.492431 1.433381 1.579230 -0.281518 -1.236223 
-1.172781 -0.768728 -0.626831 -1.296603 -0.804532 1.240645 0.985698 -1.239479 -1.112435 0.122360 
1.128520 1.882842 2.468740 2.286900 0.532040 0.465394 1.401768 1.824964 -0.056035 -1.200740 
-1.201360 -0.866182 -0.657546 -0.996178 -0.684147 1.322248 1.634070 0.469360 0.176894 0.756091 
1.482579 2.095601 2.535470 2.357495 0.816444 0.526291 1.385085 2.009664 0.142484 -1.153245 
-1.179238 -1.036169 -0.486507 -0.162970 0.195308 1.682723 2.238003 1.539672 0.952754 1.088667 
1.653411 2.190822 2.411813 2.150205 1.041603 0.636936 1.429404 2.105775 0.217405 -1.114049 
-1.172212 -1.168069 -0.576183 0.398387 1.205868 2.048762 2.539978 2.003120 1.221020 1.210486 
1.673186 2.137082 2.107841 1.822437 1.065680 0.632734 1.359412 2.021378 0.107148 -1.072154 
-1.307311 -1.394670 -0.725939 0.447361 1.425928 2.253332 2.783302 2.553053 1.768309 1.552655 
1.940297 2.302623 2.087296 1.716338 1.218928 0.754484 1.358529 1.743745 -0.101031 -0.986233 
-1.433596 -1.538082 -0.823121 0.395230 1.401485 2.329373 2.973672 3.053396 2.494671 2.155270 
2.312414 2.569458 2.444428 2.034070 1.776479 1.439610 1.784754 1.656067 -0.206349 -0.966653 
-1.432133 -1.619126 -0.960654 0.342218 1.350019 2.258099 2.921674 3.148471 2.913835 2.517018 
2.487281 2.648634 2.718899 2.595308 2.587708 2.407567 2.291006 1.732279 -0.175942 -1.128160 
-1.343951 -1.598034 -1.025081 0.316094 1.267257 2.054740 2.616692 2.792027 2.547945 2.128823 
2.168967 2.400932 2.639553 2.773334 2.885220 2.785510 2.519843 1.707072 -0.120466 -1.442717 
-1.252871 -1.411926 -0.899249 0.462339 1.285369 1.827054 2.141999 2.119055 1.684686 1.413033 
1.710224 2.120030 2.435427 2.673598 2.894262 2.919010 2.770978 1.621902 -0.106314 -1.642159 
-1.142716 -1.291236 -0.843778 0.497411 1.379125 1.859333 2.039095 1.761800 1.457766 1.342223 
1.683510 2.101989 2.333252 2.525478 2.835417 3.029061 3.004048 1.779692 -0.099349 -1.640882 
-1.101851 -1.255083 -0.899878 0.394633 1.313645 1.918130 2.080507 1.904753 1.744868 1.703840 
1.855228 2.114860 2.232513 2.397238 2.736386 3.007395 3.047961 1.747577 -0.100511 -1.451245 
-1.098977 -1.164735 -0.863686 0.362563 1.204178 1.806607 2.001863 1.907203 1.814620 1.747397 
1.790159 1.948828 2.086844 2.212184 2.423676 2.664612 2.652187 1.448531 -0.114668 -0.926934 
-1.081690 -1.010371 -0.807682 -0.049506 0.432574 0.760333 0.799901 0.688106 0.653906 0.599387 
0.649202 0.755811 0.829605 0.924438 1.051861 1.184559 1.139107 0.339217 -0.459627 -0.800848 
0.244144 0.058136 -0.195664 -0.309036 -0.372613 -0.383132 -0.349613 -0.300202 -0.292775 -0.316325 
-0.367715 -0.434823 -0.482309 -0.457328 -0.320344 -0.179345 -0.082681 0.097817 0.321819 0.255746 
0.538115 0.209952 -0.105673 -0.227640 -0.328867 -0.390790 -0.383713 -0.328160 -0.354806 -0.486464 
-0.658715 -0.785855 -0.813518 -0.759437 -0.595747 -0.378107 -0.174941 0.081021 0.317325 0.225132 
0.820108 0.568686 0.246490 0.110222 -0.016120 -0.154002 -0.271217 -0.299811 -0.348370 -0.442570 
-0.509980 -0.497132 -0.393717 -0.289725 -0.200581 -0.122561 0.009937 0.218421 0.364874 0.233753 
0.677391 0.450399 0.165282 0.043453 -0.058464 -0.159216 -0.316507 -0.405076 -0.402837 -0.322283 
-0.185195 -0.045912 0.083532 0.185682 0.220666 0.149854 0.116954 0.156061 0.220413 0.153464 
0.304769 -0.005320 -0.215789 -0.296397 -0.311301 -0.289706 -0.334121 -0.361942 -0.352545 -0.219320 
-0.031417 0.105728 0.181220 0.210014 0.212056 0.195655 0.206384 0.147239 0.105656 0.073748 
0.056893 -0.369352 -0.589269 -0.652501 -0.546072 -0.321697 -0.126313 0.004247 -0.038883 -0.032157 
0.048646 0.068873 0.063616 0.024654 -0.012355 0.045113 0.177280 0.139152 0.076217 0.050600 
0.053367 -0.429813 -0.643533 -0.701848 -0.496141 0.100719 1.036712 1.740980 1.435534 0.747792 
0.289232 0.007283 -0.135983 -0.231360 -0.296230 -0.193756 -0.000006 0.011843 -0.025903 -0.007516 
0.255547 -0.076149 -0.123502 -0.132162 0.027285 0.688154 2.004588 3.174392 2.740772 1.403310 
0.330407 -0.171179 -0.389691 -0.519206 -0.610625 -0.485942 -0.252540 -0.164969 -0.142133 -0.064360 
0.457676 0.441688 0.837984 1.045414 0.908560 0.811752 1.206769 1.730334 1.452084 0.609805 
-0.109943 -0.499361 -0.703412 -0.830054 -0.902602 -0.745682 -0.476546 -0.320636 -0.216793 -0.086203 
0.481497 0.516370 0.824573 1.088011 0.959225 0.625521 0.481029 0.467104 0.294116 -0.008559 
-0.345586 -0.614137 -0.818494 -0.922603 -0.929795 -0.737314 -0.473713 -0.323734 -0.194820 -0.067678 
0.228450 0.032406 0.110786 0.269467 0.317575 0.329605 0.372886 0.437520 0.324667 0.142134 
-0.014918 -0.175119 -0.313319 -0.364107 -0.321925 -0.194669 -0.153356 -0.202830 -0.158087 -0.062851 
0.271298 -0.171004 -0.292256 -0.197194 -0.104520 -0.001486 0.132027 0.296707 0.373012 0.411505 
0.553605 0.823142 1.023578 1.092229 1.104344 0.948101 0.450741 0.077594 -0.006641 0.016382 
0.606518 0.095061 -0.350936 -0.450031 -0.444625 -0.390842 -0.302106 -0.166347 -0.029879 0.132921 
0.379981 0.728395 1.017868 1.155311 1.134313 0.863152 0.401370 0.190725 0.278746 0.257072 
1.072596 0.752489 0.111167 -0.286114 -0.436820 -0.470698 -0.497069 -0.495233 -0.492325 -0.441107 
-0.344517 -0.207651 -0.088491 0.011290 0.074043 0.041818 -0.010579 0.161906 0.479711 0.504832 
1.398815 1.417932 0.966158 0.478978 0.070828 -0.217474 -0.407575 -0.506219 -0.595507 -0.617241 
-0.588997 -0.541391 -0.495061 -0.429178 -0.357322 -0.309968 -0.246075 -0.031345 0.365490 0.515600 
1.219631 1.363009 1.330693 1.219783 0.842997 0.296897 -0.040130 -0.060656 -0.043873 -0.070052 
-0.181211 -0.351607 -0.475069 -0.523822 -0.535343 -0.537040 -0.494776 -0.299093 0.139507 0.375549 
0.571158 0.316347 0.205737 0.218779 0.124616 -0.003627 0.112607 0.576114 0.854513 0.713486 
0.327508 -0.045263 -0.290874 -0.455576 -0.588564 -0.674441 -0.668746 -0.483296 -0.059177 0.169824 
0.297799 -0.079458 -0.230864 -0.269107 -0.295811 -0.284377 -0.109798 0.154480 0.315928 0.237150 
0.047686 -0.081823 -0.114183 -0.167956 -0.261473 -0.321306 -0.294560 -0.122735 0.211953 0.278394 
1.103467 1.113715 1.053037 1.011920 0.952627 0.963093 1.028925 1.103690 1.146975 1.159486 
1.146609 1.175572 1.234551 1.211151 1.143493 1.138959 1.193934 1.310641 1.410624 0.981496 
1.305984 1.734585 1.756068 1.767077 1.783234 1.825537 1.869276 1.890017 1.897596 1.904042 
1.904266 1.901906 1.901387 1.864044 1.834749 1.862802 1.906911 1.954990 1.905173 1.232374 
-0.530184 0.456284 1.770149 2.187499 2.351612 2.375230 2.396558 2.436980 2.389112 2.466154 
2.481140 2.250461 1.648308 1.147521 1.232855 1.088637 0.612726 -0.480059 -0.655120 -0.456460 
-1.065105 0.006562 2.074137 2.641729 2.787369 2.761974 2.843353 2.976826 2.953711 3.068641 
3.039661 2.662145 1.790856 1.109766 1.231178 1.114489 0.592357 -0.992247 -1.121622 -0.714583 
-1.123608 -0.108853 1.883668 2.470731 2.688478 2.599692 2.667186 2.937287 3.054047 3.150250 
3.072893 2.663876 1.760494 0.971604 0.850968 0.803981 0.720377 -0.999649 -1.154023 -0.714031 
-1.050538 -0.091356 1.382879 1.920462 2.403682 2.127264 1.824591 2.008497 2.551144 2.807690 
2.855060 2.531794 1.715364 0.813594 0.208710 0.113437 0.697074 -0.939947 -1.170796 -0.751017 
-0.844723 0.043756 0.694822 0.894639 2.087012 1.473912 0.503183 0.359382 1.424138 2.318480 
2.650264 2.466941 1.728317 0.728191 -0.280960 -0.341813 0.517787 -0.849528 -1.155577 -0.779220 
-0.418413 0.428481 0.010063 -0.094751 1.971506 0.839460 -0.690506 -0.719583 0.067463 1.576552 
2.584009 2.570372 1.766408 0.649924 -0.524803 -0.536047 0.530459 -0.792551 -1.148607 -0.796681 
0.143793 0.799688 -0.488926 -0.685976 1.947427 0.644596 -1.127330 -0.986767 -0.474977 0.754090 
2.600101 2.699253 1.788073 0.598308 -0.669585 -0.614674 0.667561 -0.749663 -1.156882 -0.805310 
0.527509 0.916609 -0.702088 -0.881965 1.781588 1.041259 -0.579390 -0.648838 -0.229225 0.817639 
2.713058 2.752030 1.752537 0.550343 -0.801053 -0.704130 0.677145 -0.718274 -1.160527 -0.808799 
0.543980 1.007236 -0.574051 -0.738451 1.880360 2.061311 0.907586 0.519626 0.778041 1.590048 
2.917732 2.786946 1.733012 0.513674 -0.910814 -0.784732 0.553351 -0.698916 -1.157019 -0.806485 
0.258718 1.172241 -0.053169 -0.010642 2.781545 3.013199 2.346187 1.841666 1.770553 2.412652 
3.136367 2.804798 1.732734 0.508474 -0.959007 -0.837734 0.452848 -0.723316 -1.166719 -0.800226 
-0.206200 1.073211 0.686358 1.228370 3.649081 3.713542 3.173292 2.646011 2.555888 3.099623 
3.325858 2.821120 1.749254 0.551795 -0.876261 -0.787092 0.546965 -0.779906 -1.175542 -0.780739 
-0.768065 0.387202 1.147424 2.308247 4.012835 4.084826 3.664073 3.240887 3.200931 3.532785 
3.510554 2.894417 1.820796 0.688055 -0.491721 -0.468376 0.717544 -0.859178 -1.191978 -0.764308 
-1.075320 -0.231795 1.090515 2.692591 4.061979 4.179484 3.926679 3.587096 3.546189 3.704963 
3.604319 3.120763 2.200993 1.284820 0.580444 0.436304 0.823172 -0.920267 -1.222115 -0.776677 
-1.000584 -0.294062 0.895612 2.302267 3.862121 4.028810 3.850243 3.518002 3.406333 3.502318 
3.532413 3.368134 2.734497 2.213756 1.809641 1.474351 0.804115 -0.984574 -1.269530 -0.823385 
-0.641273 0.284521 1.006155 1.744888 3.377704 3.660683 3.525675 3.133690 2.923125 2.997933 
3.185191 3.260082 2.920762 2.742545 2.429548 1.878746 0.751538 -1.044198 -1.328299 -0.883491 
-0.217602 1.253149 1.429712 1.706986 3.006264 3.257925 3.058913 2.595436 2.305347 2.368491 
2.637514 2.818852 2.802907 2.900796 2.576041 1.880679 0.688450 -1.120497 -1.379790 -0.928756 
0.225618 1.937216 2.130003 2.361090 2.939023 2.984852 2.761516 2.314149 2.137032 2.218106 
2.295248 2.357340 2.592506 2.941604 2.620126 1.802012 0.604596 -1.177353 -1.375450 -0.928876 
0.711733 2.264774 2.681940 2.862185 2.951962 2.888599 2.765245 2.572260 2.538985 2.526287 
2.351059 2.244552 2.559627 3.057180 2.734474 1.762338 0.565276 -1.171660 -1.323880 -0.885137 
1.022818 2.310148 2.821790 2.920185 2.725508 2.574906 2.578103 2.673508 2.787330 2.617377 
2.298490 2.216124 2.603504 3.067565 2.741420 1.692779 0.505760 -1.044603 -1.206166 -0.864614 
0.757930 1.496210 1.877811 1.888372 1.639188 1.477301 1.509513 1.672339 1.795952 1.665864 
1.424758 1.412770 1.727839 1.949452 1.690844 0.973972 0.184247 -0.706369 -0.838754 -0.631474 
-0.436729 -0.305107 0.745486 1.279948 1.535604 1.594854 1.568839 1.546738 1.600540 1.668000 
1.676350 1.667641 1.619943 1.531603 1.471227 1.482684 1.414762 1.099691 0.721501 0.338360 
-0.778672 -0.542965 0.786838 1.453513 1.826943 1.932177 1.889903 1.841220 1.907820 1.986510 
2.009616 2.036005 1.993879 1.871398 1.794600 1.827006 1.765705 1.292492 0.732319 0.309072 
-0.797137 -0.554458 0.780801 1.427700 1.834122 1.964901 1.876521 1.799825 1.870007 1.942728 
2.001113 2.065813 2.016966 1.853236 1.760137 1.836838 1.788058 1.163872 0.550860 0.146830 
-0.795069 -0.550043 0.724823 1.267117 1.657567 1.813842 1.588663 1.389029 1.513216 1.664478 
1.839311 1.945935 1.870199 1.654630 1.539918 1.670750 1.538057 0.819564 0.338627 0.008607 
-0.773402 -0.497393 0.624992 0.943395 1.370540 1.605034 1.065721 0.594448 0.886520 1.327867 
1.646121 1.824473 1.737421 1.463798 1.328520 1.526463 1.311722 0.591074 0.258693 -0.048582 
-0.725150 -0.419970 0.422276 0.465082 1.079864 1.423375 0.478579 -0.335031 0.305489 1.142588 
1.554908 1.756776 1.691030 1.310371 1.156404 1.460888 1.309300 0.618990 0.270194 -0.082059 
-0.675817 -0.385036 0.116801 0.070000 0.916740 1.364465 0.165412 -0.894992 0.029310 1.132405 
1.572056 1.776072 1.728608 1.228100 1.061014 1.467912 1.436688 0.781823 0.330618 -0.117941 
-0.659154 -0.400337 -0.070089 -0.037579 0.898690 1.419406 0.360701 -0.591206 0.251730 1.270965 
1.683273 1.869556 1.831749 1.302841 1.095743 1.504525 1.553077 0.972493 0.425147 -0.126834 
-0.667264 -0.440046 0.028080 0.185231 1.019222 1.557215 0.962143 0.368689 0.818223 1.498667 
1.846505 1.995572 1.925916 1.472097 1.241447 1.573338 1.646151 1.142722 0.521732 -0.085599 
-0.689139 -0.506872 0.314192 0.689186 1.327381 1.752971 1.491341 1.087484 1.227517 1.658963 
1.978582 2.070374 1.957335 1.632720 1.421926 1.651620 1.720216 1.245190 0.581108 -0.006619 
-0.717175 -0.536027 0.561052 1.184212 1.688535 1.965476 1.801044 1.398275 1.386097 1.726076 
2.030590 2.080216 1.955148 1.767132 1.589411 1.705648 1.746779 1.245825 0.603788 0.113589 
-0.763530 -0.550427 0.673599 1.404760 1.904127 2.144047 2.025159 1.618618 1.518176 1.788085 
2.073254 2.084329 1.939992 1.830217 1.683427 1.692498 1.700441 1.175697 0.626810 0.256167 
-0.764990 -0.504497 0.752021 1.487632 2.000192 2.269080 2.225971 1.894538 1.742960 1.897433 
2.104378 2.127352 2.008479 1.942331 1.820963 1.762419 1.713046 1.193279 0.657367 0.304893 
-0.734028 -0.481554 0.803286 1.548509 2.047204 2.287190 2.300807 2.085097 1.916793 1.939788 
2.086112 2.155065 2.130527 2.124208 2.049283 1.941286 1.781654 1.254601 0.648950 0.156614 
-0.711780 -0.481444 0.817595 1.591479 2.005239 2.167929 2.178595 1.993734 1.817081 1.824656 
1.996664 2.136265 2.191390 2.217485 2.166454 2.059368 1.802323 1.258564 0.557323 -0.120408 
-0.693252 -0.477912 0.795249 1.581802 1.894360 1.969149 1.917675 1.715506 1.580191 1.680512 
1.926116 2.113779 2.198194 2.250019 2.246788 2.171746 1.859258 1.244152 0.484169 -0.309631 
-0.662018 -0.489483 0.755009 1.571732 1.883202 1.936949 1.820037 1.612877 1.568695 1.724448 
1.961690 2.116910 2.170021 2.242112 2.321540 2.313205 1.981519 1.322152 0.536988 -0.277379 
-0.645449 -0.487906 0.753059 1.613951 2.000772 2.100594 1.997437 1.849490 1.843120 1.939128 
2.101756 2.206048 2.224261 2.311719 2.428034 2.430059 2.093390 1.446586 0.746136 -0.011676 
-0.544883 -0.379498 0.756848 1.588716 1.994629 2.125905 2.045702 1.941174 1.925484 1.975804 
2.080170 2.161810 2.170376 2.226626 2.324921 2.321794 1.995164 1.415125 0.907472 0.317251 
-0.210310 -0.096626 0.589659 1.085696 1.327634 1.410704 1.353913 1.293136 1.277666 1.301529 
1.373349 1.425994 1.437902 1.468974 1.522988 1.495452 1.270675 0.945322 0.701105 0.415914 
-0.183568 0.264985 0.455886 0.327983 0.162994 0.257463 0.397266 0.403950 0.397497 0.514822 
0.643443 0.650153 0.560634 0.493175 0.544321 0.654716 0.742174 0.560078 0.566055 0.921937 
-0.023660 0.654420 1.115355 0.990778 0.747969 0.896633 1.204719 1.336583 1.250485 1.014331 
0.689459 0.384209 0.151804 0.050095 0.282489 0.771530 1.237435 1.143002 1.212303 1.535913 
0.922890 2.174740 2.680501 2.535217 2.147313 1.909657 1.870614 1.835298 1.630343 1.179976 
0.702096 0.529265 0.490531 0.306255 0.463803 1.336233 2.166298 2.204780 2.156863 1.976967 
1.899087 2.898495 3.135000 2.990270 2.694578 2.286395 1.945650 1.772734 1.692311 1.529723 
1.327293 1.450733 1.793540 1.900061 1.910125 2.376950 2.761080 2.789999 2.595706 2.082389 
1.786466 2.407600 2.474067 2.396709 2.248774 1.851333 1.228871 0.773110 1.002359 1.472948 
1.794067 2.061646 2.575891 2.945496 3.082355 3.232178 3.283094 3.110269 2.752639 2.105049 
1.348121 1.657120 1.482401 1.364090 1.392777 0.871414 -0.593490 -1.638077 -0.899611 0.742604 
1.786433 2.323754 2.804863 3.104730 3.225640 3.323664 3.319954 3.163267 2.813640 2.113402 
0.964078 0.967068 0.401690 0.072813 0.441738 0.452388 -1.404997 -3.295354 -2.269097 0.332986 
1.954168 2.431866 2.621319 2.708227 2.714075 2.777679 2.844771 2.813948 2.568172 1.957925 
0.785531 0.674647 -0.252644 -0.701001 -0.072009 0.864813 0.527826 -1.126329 -0.739471 1.005388 
2.106565 2.125581 2.126569 2.104297 2.005356 2.007744 2.179583 2.347447 2.257746 1.764826 
1.482705 2.096658 1.435577 1.086959 1.494652 1.875839 1.838886 1.350437 1.119213 1.309827 
1.358198 1.268877 1.178269 1.091389 0.992215 1.079669 1.486570 1.929756 2.012801 1.641656 
1.995278 3.047180 3.589569 3.748906 3.457348 2.701899 1.829372 1.121165 0.750831 0.659816 
0.544315 0.253549 -0.019570 -0.198449 -0.275149 -0.051969 0.741255 1.543797 1.779110 1.526521 
1.272849 2.269083 2.868139 3.272152 3.341130 3.048671 2.544952 1.739215 1.405982 1.172834 
0.556203 -0.244328 -0.916478 -1.265468 -1.298297 -0.797069 0.493279 1.384889 1.419155 1.241471 
-0.294483 0.945081 1.880089 2.396753 2.643463 2.753895 2.843644 2.835705 2.726904 2.584507 
2.252224 1.452985 0.729247 0.420104 0.346489 0.800009 1.848073 1.628675 1.006857 0.844735 
-0.959467 -0.275732 0.875009 1.442395 1.698529 1.899349 2.127171 2.329473 2.509053 2.670410 
2.921284 3.203112 3.311412 3.229097 2.983781 2.632561 2.275589 1.705000 0.911785 0.767637 
-0.908000 -0.860731 -0.230834 0.379414 0.853889 1.251675 1.472096 1.548051 1.605007 1.680954 
1.861131 2.109492 2.297085 2.407764 2.371324 2.219139 2.096316 1.830876 1.283195 0.920346 
-0.397400 -0.451194 -0.613150 -0.538084 0.094865 0.706535 0.814107 0.510093 0.278091 0.267999 
0.572282 0.994116 1.319437 1.573702 1.698140 1.743988 1.748679 1.592879 1.136199 0.804410 
0.398822 0.823953 0.708068 0.497329 0.505832 0.727975 0.311426 -0.522613 -1.038332 -0.950138 
-0.391157 0.214077 0.589415 0.863234 0.985524 1.010199 1.018831 0.868489 0.628787 0.670979 
0.459037 0.740555 0.701446 0.667725 0.580172 0.455168 0.302734 -0.446646 -0.688007 -0.381270 
-0.017069 0.032056 -0.026646 0.026475 -0.008711 -0.127407 -0.200534 -0.309141 -0.347989 0.223072 
-0.816752 -1.216963 -1.458408 -1.532730 -1.611758 -1.643271 -1.592242 -1.473128 -1.507655 -1.654717 
-1.781419 -1.871079 -1.953462 -1.850870 -1.741286 -1.777517 -1.871532 -1.994919 -1.735808 -0.499973 
-1.544549 -1.877886 -2.028839 -2.034269 -2.141592 -2.375342 -2.516162 -2.544618 -2.559456 -2.619463 
-2.675918 -2.699654 -2.671998 -2.483800 -2.238844 -2.164376 -2.286002 -2.416391 -2.150458 -0.848684 
2.396533 2.902909 2.900339 2.865955 2.859151 2.878268 2.881633 2.879712 2.894460 2.901190 
2.882364 2.849643 2.833889 2.838777 2.883081 2.952265 2.948606 2.864347 2.804138 2.301409 
