-3274 -2740 -5629 2934 -563 -4988 -2001 2519 2094 -2812 2682 -8563 -2643 -7383 5477 -6686 -3411 -639 -3418 1082
1187 715 -760 2988 531 -5693 3029 -1321 3800 11484 -11084 -1641 -3086 -659 -4907 -2077 -7372 -9793 -4120 -9232
3345 -3803 2209 -5895 3757 6273 -2987 -6503 -1874 -9059 -6264 -9835 -14181 -2774 -2184 -444 -3070 -3121 1436 -16280
2985 -4550 -6075 -1479 -3924 -2402 -8736 3297 3453 -10109 -7822 -1390 -4738 -4780 1924 5833 1820 -10217 -1254 4509
-4793 -9854 2315 -330 -7424 -2453 -2768 668 -5010 332 8504 4942 -8226 -3487 -931 -1848 538 -11368 -6606 -15400
-936 -8369 1532 830 1709 -8430 845 9393 277 -3056 -4883 -1715 2865 -599 -344 -301 335 -8938 -1413 514
-1407 -3951 4330 2533 11167 -4842 -9368 -2687 -5606 -566 -3883 -8021 -9285 1645 -7072 -6594 -3836 3551 -392 936
1755 2928 1152 1624 3214 -15472 -10874 6506 -3019 7102 -734 -6689 -339 -2373 3731 183 -8266 1708 2089 -820
-8327 -2847 -5022 -6717 -13895 -6103 -5773 -9185 -3784 244 -10283 -4409 -269 -5544 -4304 -340 -2761 169 -5292 -2254
292 -3471 -4358 -2639 -6927 -13744 903 -8395 -1198 -4644 -9930 -749 -2404 -3203 -9223 -9035 -6938 -6092 1225 -9739
-1980 -1187 -2925 2466 -5291 -6106 -1720 -3219 -7950 -3177 -5794 -11655 -8585 -9565 1379 1906 62 -2868 1441 -16046
-3880 4243 -7992 -6846 3936 -8090 -3166 5159 -11989 6641 -2460 -3922 558 -3143 2432 4325 5487 -6941 -7671 -6370
-8321 -12473 -5743 -11617 -4170 -5580 -1864 2313 -3714 -1989 -885 -9027 -2242 -6749 -174 4694
