5 12 8 6 34 0 -15 -84 -19 -9 0 1 17 -17 -7 -4 1 4 5 0
-2 2 -7 -2 -4 -1 -1 -3 -61 -95 5 63 -24 1 20 23 3 2 9 -3
-14 -1 -3 -6 -3 0 0 -1 -1 -1 -1 1 0 -1 0 -1 0 -1 -11 -1
1 -1 2 2 -17 -5 20 18 20 -26 -57 -23 -14 -38 -29 -10 -30 -29 9 82
26 -2 -1 -1 -3 -2 -2 -2 -1 0 -5 14 -57 -3 103 -76 8 7 -50 16
12 -19 0 44 -49 14 11 -31 3 0 -1 0 -7 -1 -1 -3 0 -7 33 -48
-3 66 -82 3 35 -37 -31 5 -3 -44 27 8 -38 37 3 -35 94 -1 -23 -17
10 -13 -27 -1 -4 -1 4 9 -27 0 34 -1 -11 -8 -2 1 -8 -8 -1 22
-4 -8 -1 -5 -2 -4 0 -2 0 -3 0 -29 -9 1 -15 5 3 3 3 -5
2 14 4 6 -9 22 -1 12 6 0 -1 -1 -2 -9 1 1 0 0 -2 2
1 -3 -9 1 -3 -3 -2 -19 -10 -10 -22 -36 -19 31 91 42 5 -1 -3 1
-8 -2 -4 -1 0 1 0 -2 1 -4 -2 2 0 -1 -1 -11 5 -1 28 28
12 -103 79 1 12 11 -8 -15 3 -5 -7 1 2 0 1 -3 -3 0 -2 -1
-1 -16 1 12 -54 24 12 -8 -6 1 -3 -18 -4 -11 -46 29 -21 7 89 -10
2 19 -9 25 -16 30 -18 -73 -14 20 -10 -4 18 -33 -1 -35 5 -15 3 -1
-23 9 5 -17 6 -4 54 74 22 6 -60 0 -12 -3 -9 1 -5 0 2 -13
-2 -2 5 1 -1 -1 0 -2 -3 -1 1 -1 0 -30 25 -8 -57 37 -3 -50
15 4 -14 1 0 -11 16 -1 -13 3 2 -26 2 4 -28 35 -1 -26 9 10
9 -3 -12 13 21 -44 4 -5 -1 -16 -1 91 -1 -49 22 10 -11 -23 -1 -1
-1 -2 -3 0 -2 0 0 1 2 0 -1 -3 -1 -2 -1 -1 -4 -7 -1 27
-12 -9 -7 0 1 -35 -6 9 -21 12 0 9 0 -1 -8 -1 -5 7 -22 -2
14 37 14 33 33 -10 18 -42 1 -13 -26 1 31 -17 -20 4 30 2 -120 5
42 -9 33 -53 -13 -14 -48 -11 30 -47 8 -4 3 1 13 -1 -28 -37 -26 3
-13 6 19 80 11 -38 -105 -37 15 -6 -4 -1 -14 1 -5 1 0 -11 -9 -7
-4 10 2 -1 -1 3 -6 16 -3 -16 49 2 -25 -50 -31 0 -4 -6 7 1
-14 6 4 -9 -9 -21 -6 8 10 14 -4 -7 -5 0 -2 -1 1 -24 -1 9
8 4 49 -127 3 30 27 -34 0 14 5 -14 -3 1 1 -46 0 58 19 -13
-2 -1 1 -3 -3 0 -1 0 0 5 18 2 21 -90 20 6 13 5 -3 -14
-2 -6 -25 -15 16 46 16 2 4 6 -4 -8 0 -3 -2 -2 2 0 0 0
-5 -2 -2 -3 0 -10 -15 11 9 -38 28 8 -34 21 -1 1 -1 0 -15 0
-3 -1 11 -21 -64 -23 -11 52 0 -1 -2 3 -1 0 2 -1 -5 1 -3 -2
1 -2 -4 52 4 -27 13 -4 -7 -10 1 -2 -21 6 11 -34 14 11 -33 -31
-62 -39 12 24 15 3 13 12 1 -18 32 2 -32 61 3 -37 37 3 12 3
-4 -3 3 -21 -36 -32 -2 -4 -4 1 -19 -4 9 7 3 21 -26 0 41 -19
-2 19 -46 13 -1 -1 -1 0 -2 -2 3 2 2 -8 -18 -2 -1 48 3 -4
-31 -24 0 -3 -4 -2 -6 -3 3 1 -1 4 0 -8 1 -15 6 -8 4 12
-2 26 -48 0 23 -52 -5 3 -26 5 50 65 -8 -22 -23 0 14 -10 -1 -1
-1 -2 -6 -1 -1 2 0 -1 -4 -1 -1 -10 0 2 3 -1 0 3 -10 0
15 -14 0 3 -18 -2 0 -4 -1 -14 -3 -6 -2 17 -6 -45 -19 6 15 -4
6 9 1 0 1 3 0 -9 0 0 -2 0 1 -1 1 0 -9 -1 0 1
-1 -107 4 38 56 -14 -27 11 -9 -8 0 -1 0 -1 -2 -1 0 0 0 -3
-2 5 -9 -7 6 -9 -2 6 26 7 -83 22 61 -82 -17 -13 11 -1 -2 -2
1 -4 -1 3 0 0 -36 40 -7 -82 77 -29 -52 58 3 -1 -5 2 -1 -7
5 -2 -9 3 0 4 1 -6 -21 26 3 -4 -11 -54 27 106 -24 -51 46 5
-4 -4 -84 72 23 -30 -13 -3 2 9 -2 -2 -4 -2 -4 -10 0 -1 15 -7
48 114 55 0 -127 -5 -11 13 -9 -36 -10 10 -68 55 25 -9 -7 -6 -24 9
10 -45 22 27 -50 -5 14 33 88 -3 -16 -57 -5 6 -2 8 -6 -4 0 -17
10 -6 -11 -13 -2 1 0 -8 0 15 -10 -1 2 -15 0 0 2 -1 -5 0
-1 -2 1 0 -1 1 1 12 -1 -8 -10 -9 10 8 -44 -13 -18 40 -1 -7
-5 -4 0 8 -8 -8 12 -4 -6 5 0 -2 -2 1 -10 0 2 1 -1 -2
1 12 -4 -5 4 -1 -7 -8 0 -1 0 0 -2 -2 -1 -2 -1 1 -1 0
0 15 -2 -7 -15 -14 -1 -5 -2 -6 -13 21 0 1 -7 -2 -7 1 -9 -8
-2 -15 37 0 -39 -52 -25 17 13 17 8 -9 0 31 -20 -2 53 -46 -8 41
-12 -14 0 -2 -3 -3 -16 0 -4 13 3 -3 114 -30 -26 -47 8 -5 -19 14
0 -1 1 -1 -6 0 -1 -3 -1 1 -6 3 4 -31 0 -19 67 -16 1 1
-1 0 3 1 -4 -10 -5 -3 3 -2 -17 39 4 -53 -21 23 -1 5 -9 1
25 -44 -3 -5 -16 -1 -3 -1 -3 2 -3 -3 -7 -7 -1 -1 -1 -1 -1 -1
1 -1 0 0 0 -1 1 -8 -2 3 0 -3
