-589 46 1556 -1850 -3328 972 -379 -931 -2213 -262 -1691 -1148 -624 -889 -917 -269 -920 -649 -1965 129
-397 -1975 -1906 -2486 -1728 -663 -1814 -1439 -1469 214 -532 -1224 523 -119 -1458 -1246 -926 -1197 -1380 204
-1543 -455 -1401 253 423 -1547 -864 -510 -281 -2101 -24 199 -1436 -329 458 263 33 423 -35 -918
-3869 -1502 52 -869 -1027 -1544 -2662 548 -905 -1349 -1104 1476 375 -460 -534 -1046 -563 -1147 155 -424
-1341 1065 -2699 -1974 -1395 1135 -3034 -576 -2012 544 -2759 -322 132 -271 -977 1315 -2310 -364 -1761 -1709
147 1181 -1113 -709 -264 -189 -466 -276 -1517 -424 -550 -560 -917 -3052 -1071 -1185 362 -1022 -240 303
-216 229 -2523 -1312 -1988 314 -2642 -511 -259 -520 -782 525 -406 -3587 1363 -1755 520 1417 -1050 -444
-535 -2770 -1485 84 -570 -1945 -148 -84 -2715 -1236 -2450 1545 -17 -562 -1985 -756 -473 -1168 504 -2078
-1016 -2918 -930 -1163 -345 -1721 2157 -101 -93 -1886 279 -1011 -894 -659 -1742 -2040 -970 182 -1531 -261
-1253 -1598 -2570 -768 135 -408 -1254 140 -1300 -810 -2406 107 -1965 423 -894 -1687 -807 -276 738 -696
-1978 -12 304 -984 -1117 -1799 349 -390 -673 -1122 1573 -1851 882 -3319 -582 -626 -464 8 -1282 -2471
315 -2457 -1021 127 1379 -1100 -1697 -1700 -939 195 -869 387 -990 344 -794 -941 349 -1156 -215 110
-1709 -2237 -3477 -1827 -1511 -249 -1785 -302 -841 -554 -1859 -2106 76 -958 -1626 -2033
