-774 1672 -1269 -903 -306 -813 257 2777 -975 -468 -872 -906 -225 -1197 -123 -317 -29 -691 -269 -454
2068 1036 -1213 -1304 -19 -954 -563 -832 -400 386 956 439 -736 -1077 -399 -1768 -635 -496 -566 -472
286 1103 -118 211 -104 -621 -1539 897 -1064 55 -150 1157 954 -436 -1116 -740 -460 425 -339 -389
-154 181 -858 -322 1066 -1531 -750 -559 -1602 -1083 866 306 997 1455 -1184 -202 -812 2332 -1001 -398
-966 -1288 -870 472 91 109 -630 -404 -926 -767 -50 -465 -1045 866 -1141 -695 867 616 -1914 -898
-617 -842 -2012 832 -149 -338 -440 1310 -4376 -1005 2034 -2084 -1114 -1545 -228 -863 135 -922 -1054 -1404
-560 -363 1767 -1891 -929 -1141 -867 -620 -785 1475 -1603 -719 -3321 -1014 -725 -374 -933 -166 -784 187
-354 -1405 -367 558 -265 1088 -848 -1276 152 545 1240 -2342 -592 1095 877 -636 -763 1937 833 -1073
63 -830 390 133 -339 829 -1062 -583 449 208 615 -1012 -622 184 -45 -3739 -1714 444 58 75
-1028 -304 1283 -360 -454 -1528 -204 -328 672 51 -808 395 -311 -1142 1181 -791 -1089 1630 -1281 -1177
-660 -1214 16 -1104 318 801 -738 -1376 -715 -585 -986 102 -613 -694 -81 2396 -4691 742 500 269
-700 -651 -427 -705 -183 643 -538 -725 -884 221 -279 -171 2449 130 477 -51 -847 -317 -870 887
387 -483 379 -2453 -809 -1022 4053 -835 -670 1993 -1182 -1365 -2087 1464 -666 1909
