-728 -1395 -1584 186 2395 -3518 -5297 -3086 -1838 173 -3854 -641 -1791 -1611 -1838 -1947 -5470 -2007 -5292 -7523
-1581 1767 2762 -2587 -3654 -1922 -216 14 2006 -3617 -1548 368 -3077 -3017 -2416 1730 -3223 1355 -1802 -6258
-2523 -320 -2567 -807 1067 124 -4258 515 -1106 -1442 -359 -2683 -1213 -3106 933 -2601 -749 2543 -2742 -6035
-548 -3006 -3636 -1078 528 -920 4878 1017 -545 -4353 -3797 -693 -503 -2262 -4453 -3870 -1057 -3267 -1071 3252
-942 -1882 -1722 -1165 -3174 2207 -3292 -4913 -1912 -1675 -4234 -4279 379 407 -368 -2587 -139 -270 628 -6864
682 -6668 -895 -1055 -921 -2703 -5652 2581 -3767 507 -3303 -2845 -3464 1745 -1454 -3164 -1190 -1085 -1204 1046
-2065 -5568 2499 544 -4646 -2700 2765 1055 -394 -3904 -610 -3186 1819 963 -4390 -5096 -3918 -330 -3972 1938
2599 -3110 -4277 -3706 -2691 1664 1772 -997 2380 -2916 -479 -3259 -3120 -3423 -1513 -5104 -5293 -701 -2996 -2010
-1241 -3125 -2672 -518 -4092 -1179 -172 -314 -3702 -524 1552 -4023 -3308 -5593 -3132 -3299 2932 1192 -4516 -1445
-6113 -1762 -91 597 -3523 -3649 -1921 -1803 -361 -2798 -3282 -1313 -1176 -1081 -1004 -4095 -2932 -2511 557 -4119
-635 -812 -3567 -3605 -1905 -1082 -3452 -2863 -507 -4666 -1184 -1518 -833 -2714 -2115 -212 -960 -1891 -3194 -2961
-4330 -1604 -3326 -2232 -3844 5344 -2603 -2287 -1792 -1985 -2496 -1083 -3073 -1493 -2294 -3899 980 -5643 -4470 -4617
688 824 -3253 2591 -1875 -4344 -1600 -2961 -1526 -3464 -715 -1970 -2771 -4063 131 -2243
