-881 3824 -1979 1243 2039 -1335 647 510 2672 1219 -1931 -529 2774 -183 -1058 -829 -1441 1939 825 300
-2482 437 -2208 -2717 -1625 -4997 1978 480 2636 -864 -1415 -2899 -2087 -1634 -1430 1990 -1497 1459 -1062 -742
-3781 -107 454 -3148 465 2411 -1887 -2325 572 -1099 -2740 -2225 775 482 -574 1355 459 -928 -2271 -2132
-1310 -937 -1832 4460 894 1262 -1227 -2487 1237 -149 2108 -833 -1783 -261 -181 -993 -1313 -2485 -914 -2932
-1100 1125 40 -404 1096 -3744 -293 -669 -2564 1413 -1860 225 -2253 1124 486 -2855 -1806 -303 -204 -1765
-1845 -485 107 -3203 -267 2045 630 -565 7125 -1129 -3827 -710 141 -1660 -2282 26 -425 -3415 -421 -2418
1813 -73 -682 1690 -1058 -107 -3596 -892 -390 -1573 1985 -371 586 647 -2248 707 -748 -691 -125 2072
-286 -2496 2274 1618 1239 1745 692 334 -2548 1495 -1451 -3501 373 -1015 534 -56 104 -1802 -2340 2692
-3385 1535 -95 379 -3185 -998 -1412 -2815 -1526 -168 -498 -520 1644 -1954 -539 -451 -2092 2804 -1875 912
-1136 -3242 1906 -12 -196 -3119 -174 -1325 1195 -2945 -1109 3485 109 2660 275 -3288 -1842 -324 -648 -313
404 -46 284 1017 -1998 -3729 -1901 2156 -1449 -423 -1929 -853 -1329 -1507 1170 -3333 883 2290 1603 -1818
-1154 1698 -1672 -2516 21 -1594 -3340 2392 -810 -2076 635 1748 -596 -1244 -3798 -617 1569 -2151 546 -2563
-2321 641 -99 -3541 -148 -2570 608 658 -3071 -1900 512 -474 -148 -4176 -2202 -864
