34 -24 -15 -7 -10 -6 17 -28 -2 -4 37 22 5 15 -3 -11 17 24 -17 4
-15 2 -9 15 -10 12 64 -24 -7 5 90 -39 -4 16 -4 17 -19 19 15 2
12 8 -2 -7 2 29 32 -10 -19 -16 2 9 -35 6 9 -28 4 -6 2 15
-3 22 29 21 -12 -29 -4 -19 -1 2 3 -19 0 1 -20 42 -1 -7 1 25
-25 7 -34 -4 -16 5 -19 20 13 2 37 10 -35 -23 -11 -25 -13 4 -12 -37
-23 16 5 9 4 -6 -9 -1 9 -12 -2 -28 -7 -8 -3 -17 -4 -10 -4 56
-25 -8 13 22 -17 17 -27 7 -4 25 -5 -17 -9 0 5 -12 18 22 -15 -12
-21 -13 -39 -2 2 3 -1 -7 -8 19 -5 -4 24 -32 -10 -23 9 -8 -5 -2
-1 -1 -4 -19 9 -26 32 -3 12 -17 15 -9 4 -5 12 -27 -20 -4 -7 -19
-19 3 1 15 -18 12 4 4 4 4 9 -18 -6 -2 14 15 7 -3 30 5
-5 -4 -6 21 19 -24 -18 -7 -1 13 -6 -32 -3 29 0 -9 6 -3 2 15
-5 2 8 15 19 0 0 14 6 4 -3 3 3 -3 -21 4 -7 10 -18 -21
41 4 -18 -29 18 -36 3 22 -12 3 6 10 -2 -7 15 -4 30 -26 -10 -16
-1 -18 8 -7 6 35 -24 25 -18 -8 -9 2 8 -8 -3 -1 -20 -21 5 -16
-26 6 -3 17 20 43 -25 18 30 20 17 -3 28 -21 -11 19 -9 -15 -9 -26
13 -3 -14 -21 -15 -13 10 -8 20 -10 20 12 -16 -22 10 16 0 29 21 -14
5 1 -11 7 11 -7 20 1 -8 22 -15 -1 -31 -15 -8 -13 -11 3 7 12
7 -8 -18 4 7 -25 -5 20 -15 3 25 -15 5 4 -19 -13 -33 -8 -10 -2
-2 -8 18 8 -37 0 -31 -4 18 28 5 -9 -21 -2 0 -3 10 -6 10 2
5 16 1 -14 -11 -22 -6 -12 7 -20 9 5 5 -45 -10 -19 -3 14 -17 -6
-12 -20 -14 -5 -7 -18 -21 -22 -22 1 45 -18 14 -5 -19 -5 -14 1 -8 -3
-4 -28 6 3 -9 6 2 21 -17 -19 -1 -12 29 2 8 19 -22 -15 -2 -2
23 7 -9 -17 24 -15 3 -22 -25 -9 -2 5 11 -19 -1 -38 2 13 -30 -16
13 -21 13 -12 -18 18 -6 -36 -5 1 23 4 -23 6 -6 26 21 9 -2 -26
-9 2 -4 5 -16 9 11 -7 -16 -18 14 -8 -9 0 -8 -23 5 -26 -5 -21
13 2 -7 -2 -18 -4 25 22 31 -4 -10 -5 0 -24 -36 12 13 -12 -11 11
-10 15 -13 -20 -12 -24 -10 -10 6 -1 -14 -15 -10 14 7 -17 6 5 -22 -5
-6 18 -10 -15 -8 -1 9 11 -9 17 -27 -7 17 30 1 28 -2 -5 -29 12
-12 -30 -22 -32 -16 0 18 -1 6 2 -12 21 4 -8 -6 -20 6 -2 -37 -3
-17 12 -37 -12 26 17 43 -9 15 20 -12 5 -18 -3 -15 1 -12 -17 23 2
14 -21 -13 -27 -1 -6 -22 8 -3 -35 -2 -3 5 2 1 21 16 27 15 -18
4 14 -21 -20 -15 -7 -3 -21 31 -19 -16 5 2 5 13 5 -8 -1 1 1
-16 -56 2 3 -2 4 -13 -22 5 -21 -1 -25 1 2 20 -16 6 0 -6 -13
-15 7 -18 11 14 -4 -16 -4 1 -14 -14 25 0 -6 14 -8 18 -7 2 -1
32 22 -33 -8 -14 -23 -23 -24 3 2 -7 -24 -4 -17 2 -15 34 -1 10 -7
-4 0 -8 -28 -12 -5 -7 -15 20 -24 -25 21 -8 -14 -1 -3 6 -2 -1 -17
33 12 6 7 19 -10 11 23 10 -2 -31 -9 17 -9 16 4 -3 27 -12 0
-27 -24 -11 21 -9 -12 -18 36 11 16 16 11 17 4 -5 -26 0 15 16 7
-7 -13 18 -22 5 16 4 -48 -2 -10 -22 -18 13 -14 -19 24 -12 45 8 -14
3 7 -44 -6 14 8 2 8 10 -2 -13 16 -22 10 -15 -22 -35 -23 -8 -4
-2 -2 18 -2 2 41 12 -7 -15 6 26 9 0 -10 -34 -11 12 -21 -3 -6
4 -4 -11 24 -28 15 -20 -13 -15 21 -23 -4 4 16 -22 10 -11 14 8 -21
9 3 -12 -14 23 3 -10 8 -15 6 -12 -10 19 -6 -3 -2 8 15 1 -19
-9 -3 13 14 21 -22 6 11 -14 12 -10 0 -6 -10 -3 -7 0 15 -3 -13
2 -9 19 6 -11 -19 -5 -9 -15 -6 4 27 18 3 14 -7 -7 12 -14 14
8 2 -18 2 9 -22 10 -6 -8 -8 -7 -30 -9 15 2 -19 2 -17 -12 -16
-9 -20 -16 14 14 5 -32 -14 31 0 -25 23 -1 -17 -11 17 14 -18 -23 -27
-14 -33 12 10 17 -12 -13 -24 9 -15 13 10 5 8 33 -23 -11 3 -7 -13
-29 12 12 14 -42 8 -7 -9 -23 -19 31 -17 -17 -11 14 20 10 -4 -15 -8
18 -9 -37 3 -24 -5 -3 4 -26 -8 -23 -6 11 30 -2 25 10 5 -19 20
17 2 -27 -4 15 19 5 -8 32 -14 -26 1 -24 30 -31 5 -2 -11 4 2
11 -7 18 -19 -16 -44 -9 2 -14 1 -2 7 0 -31 -15 20 -12 -16 2 16
1 -1 2 -2 -3 -10 -5 -18 21 1 -14 10 -29 -3 -13 -14 16 0 -12 -21
-2 -31 -5 9 3 1 -1 23 -10 0 -9 -3 -7 -10 11 -2 -8 -11 4 -2
-3 13 33 -5 -5 -17 -1 -2 -1 7 -6 40 -9 27 -1 7 8 -13 28 5
6 -7 -2 -4 -9 15 1 9 7 7 -3 24 -2 -7 5 -24 20 -7 31 2
-10 -6 11 -4 -11 -15 -2 5 9 -5 -14 17 2 1 23 10 13 5 -7 3
18 1 -8 -4 -2 28 2 -40 31 -2 -18 -17 32 -21 -4 -17 -16 -27 5 -19
-6 -28 11 4 24 -14 -13 11 16 -8 -21 -34 -14 -6 -4 -2 12 -19 -1 -33
2 8 -25 -4 -1 6 -13 1 -15 -49 30 -32 11 27 -30 -33 -5 -25 -17 18
-8 -12 14 22 11 -25 -1 -36 -6 0 -35 8 -9 -37 -36 -11 -8 19 2 5
-19 -12 -13 4 -17 -5 24 10 11 26 2 1 3 4 10 11 -4 4 -34 4
-7 -8 -10 23 -25 -30 27 0 5 9 -4 -17 8 -14 -6 -6 7 10 -9 16
-41 1 -38 16 8 19 37 0 18 -10 -10 -6 11 -1 -26 13 7 -17 44 32
44 -7 0 8 -23 6 3 4 -27 41 -12 13 -18 28 -2 -34 -20 -18 -9 9
-14 -9 24 9 -4 -10 -18 0 -18 22 -20 14 7 -8 18 6 -7 -22 5 -4
-25 -9 22 -42 0 -14 15 -8 -10 9 -17 1 17 19 4 0 -4 -10 -2 -4
-16 5 3 10 8 -2 11 2 26 3 -25 12 4 11 -21 -7 -14 25 -6 21
-21 -8 -15 5 6 37 12 -2 7 -3 -30 -30 -29 4 3 17 9 -26 -19 2
23 29 -31 -7 29 3 -12 -26 0 22 31 -21 -38 -21 5 -4 1 8 10 -1
3 -5 -20 -1 -1 13 32 7 -17 -9 -1 35 33 5 3 -22 6 10 29 -10
0 30 5 -33 -3 1 -13 -6 -21 1 30 -5 2 1 -11 0 -11 6 -29 22
-22 -33 -5 5 0 -9 -10 15 -10 -4 3 -15 -2 27 7 -14 46 31 21 -8
-12 47 23 4 10 2 5 24 -5 -5 -11 -21 -15 0 9 12 1 17 -7 -2
9 -4 -28 4 -12 5 -3 -1 -11 27 -1 -6 3 2 0 -20 4 5 -19 -1
-16 20 -12 -14 4 -7 5 -4 18 2 3 7 2 -6 5 -18 -28 6 -30 -9
11 37 -22 25 -8 -1 -4 3 40 -23 -22 2 -6 29 -5 21 6 0 -2 -9
-4 -7 10 8 17 -17 26 -6 16 -26 -2 4 2 7 -11 20 28 -2 7 3
0 -15 -20 19 -45 36 -32 10 -33 -5 -38 -6 25 -5 -37 15 16 40 5 15
-35 -8 -1 -15 7 32 26 -29 2 46 -14 -7 -9 -7 50 31 -9 -9 -9 30
11 -11 -3 -25 3 34 -18 30 4 -18 2 -15 -19 -31 13 -5 2 -5 -24 38
-6 2 -19 -11 -21 2 31 0 -10 -3 27 -25 -1 -30 -10 9 6 2 -3 -19
-10 -22 4 -13 -1 0 17 -15 9 -1 -4 -3 -17 25 6 11 27 7 22 17
23 22 4 -7 -11 -16 -17 -9 12 -8 -2 2 -17 15 -29 -15 2 30 -19 -1
11 -10 -1 2 -13 -11 -27 2 -27 -16 12 15 3 -9 -9 4 -2 -16 14 -1
-16 33 -3 0 31 -14 -4 -35 0 10 2 8 2 -31 10 20 3 -7 -6 -29
12 10 -25 12 -21 -11 -9 -17 15 -4 -2 4 9 -6 -8 10 -4 -2 16 -1
-21 -5 -12 15 1 24 24 -7 0 -5 2 -24 22 -6 0 16 4 9 -3 -1
0 3 -10 -6 11 -14 -18 12 17 10 39 -8 -15 1 -17 -4 18 -26 -8 0
21 25 13 6 -20 12 13 7 -35 -8 31 35 -13 -35 1 -9 -11 12 15 -1
9 7 -2 -9 -4 6 -37 -18 35 1 9 7 8 1 2 -15 19 25 3 3
-14 9 -9 18 -3 -9 15 -3 5 -1 -2 -4 12 11 -4 33 -22 -6 -21 -10
14 6 -1 22 15 14 -15 -5 -9 2 -5 9 -7 16 2 13 -1 33 3 9
-3 -4 10 6 -5 5 11 5 12 24 -4 -4 8 -1 -4 -6 -3 2 0 -8
16 -5 -4 -6 5 19 -4 -2 -4 0 2 -7 13 -18 -11 -9 14 -18 19 18
0 12 7 -14 1 0 7 -1 -1 16 5 11 5 -3 15 -7 -1 0 8 3
0 -25 -22 -46 -39 -4 -30 -10 -8 -37 6 13 9 35 3 -17 -11 -33 15 -11
-15 36 51 -2 -1 -14 7 -26 -18 -15 -52 8 -14 18 20 -12 -5 -12 26 -17
-12 -38 10 -13 -5 -21 2 -1 71 -22 -38 15 -36 -35 -4 -35 36 11 19 13
12 -41 20 36 -31 -5 13 -16 -17 -20 -18 -10 15 2 -21 -25 -11 -2 -28 36
-6 14 6 11 31 -3 2 -4 46 -21 -1 14 -31 -20 -13 -21 -26 14 -13 7
-6 5 10 -4 -55 11 -27 11 9 66 25 15 -19 -12 7 -46 22 -2 -28 -38
-11 -17 9 22 21 2 -14 -19 -3 2 -17 9 29 -2 14 -21 2 2 -19 -16
-3 -3 11 -6 5 -20 -6 13 -22 -10 11 11 -18 34 -7 -22 2 -9 -19 -3
-14 -6 1 15 -4 -3 15 -16 -15 -5 -6 -9 -24 26 13 -3 -10 -10 13 -16
7 24 -18 -11 -6 4 2 -13 6 8 3 -7 19 -12 -17 0 9 5 9 -6
0 -1 -15 -8 -5 -11 -14 1 5 -4 13 -17 20 -25 11 -10 -7 -15 -12 -19
13 3 -26 -7 0 -23 3 17 -5 -8 -3 -17 5 10 -2 2 12 3 -14 -9
-5 -8 13 -1 1 20 8 12 -19 -9 6 -13 -27 -7 2 14 -21 -8 -18 21
-4 -5 -16 23 6 3 7 15 -19 23 3 8 3 0 7 -11 -21 -11 14 -19
1 -24 12 -6 4 -3 -5 5 1 -14 -2 -10 14 17 -28 7 -11 33 -10 -3
30 -15 6 -1 1 2 -3 23 3 -3 2 -10 10 7 1 4 -13 -3 -5 -7
20 1 10 35 -5 5 3 -9 5 -12 25 11 -23 -3 -16 19 -12 -9 9 -6
-8 -12 -19 -30 23 9 -7 -13 -12 9 19 2 0 -9 -9 -8 -18 -4 0 4
-25 -3 -4 34 -6 9 -30 10 2 16 -7 4 10 -8 -4 -3 -2 8 -4 -11
11 28 22 -3 24 -29 12 -26 7 11 17 -7 13 -38 10 -27 -7 14 11 -12
9 -10 5 -23 -4 9 -20 7 2 -6 -17 -12 -3 -10 8 -19 0 4 0 -6
-36 14 -17 2 -5 27 5 19 10 -9 4 22 15 -5 -9 -9 3 16 2 10
-7 -15 -12 7 3 0 -6 17 -10 -2 18 31 12 13 -18 4 -3 0 6 27
30 -7 -14 9 -14 -4 -17 9 9 6 40 -19 3 1 -2 6 17 -10 16 4
-8 -12 -12 -8 7 -24 13 -3 -10 -7 -16 1 0 -1 12 -16 3 -15 -3 20
11 9 12 -31 7 -7 -1 -2 -16 -20 -12 2 -3 -8 14 -3 -33 3 -28 -22
6 -5 -16 -7 -16 -6 27 -16 4 -19 4 -7 28 5 -17 2 16 6 4 -7
25 -21 -17 1 19 3 -17 -2 -2 -24 -2 0 5 -15 3 37 13 1 15 -3
-19 -11 -1 1 13 -11 0 -21 -36 -5 -3 13 -16 -4 0 9 19 -27 5 -13
3 -18 -5 -19 -16 -4 -1 -30 -27 -3 7 4 -14 -3 10 -6 -2 -10 3 0
-14 -5 7 15 -5 -10 -29 -4 -8 -1 -13 12 1 -6 -17 29 21 12 1 16
-8 12 -4 2 9 10 2 28 -15 38 -1 -31 12 -18 -12 21 -10 -13 5 4
-12 -54 22 -17 -1 -23 -18 -16 -14 11 -3 2 -17 -16 22 13 -18 -16 -23 2
13 -17 20 -6 -10 17 -1 -30 -6 0 -29 -3 -9 11 -7 -8 -7 -18 1 -3
-8 27 18 -14 9 0 5 -9 -10 13 5 -4 -10 15 21 -36 3 10 -13 -1
6 -15 -9 8 1 7 -2 7 22 8 -28 0 -9 25 6 0 -13 36 9 -16
1 8 12 18 -22 -6 18 -21 3 5 5 -5 31 -2 27 -18 11 -3 -14 -3
5 8 7 -9 -25 -6 -9 24 -9 -17 -7 14 -27 -34 19 1 -4 12 21 -5
-12 4 5 -30 10 -5 2 -2 -2 -42 -18 -8 2 13 3 0 -17 -45 -43 -11
-5 5 -31 -8 -1 -1 8 8 -18 5 -1 8 -5 -16 -9 12 2 -6 -15 -2
-15 -2 -13 -21 -30 -12 6 16 2 -13 34 63 34 15 -24 -28 4 -7 -4 -9
5 -15 7 -1 11 7 37 9 11 -10 12 26 0 -23 22 -5 10 10 -13 -10
-5 24 -30 -34 -19 -58 8 16 1 -4 19 3 -21 -47 29 4 0 4 -5 20
-15 -9 -5 26 -28 -2 25 27 -12 9 0 4 -3 -14 20 -12 23 14 26 4
30 5 -21 -19 7 -13 -8 -11 5 -12 -25 -11 -5 -20 -24 12 -13 23 -1 -12
-5 3 -20 -18 8 17 -8 -8 -10 -15 -34 4 -22 -3 -2 4 0 -15 -14 20
8 6 -3 -24 -12 -4 -9 -8 18 0 -6 3 8 12 7 7 -7 -15 17 -6
13 -19 10 6 -11 -15 -5 -28 6 0 -8 19 -28 14 32 10 1 23 -35 14
-13 3 -6 6 -12 -8 -20 19 -33 -28 -19 -3 16 1 2 21 -6 -3 10 2
-10 8 26 9 -18 -7 14 -17 35 -3 -10 14 -29 -18 -9 17 -12 6 8 5
15 16 41 11 -7 -10 4 13 3 10 -12 13 -4 8 -8 4 20 -9 -26 -14
-25 -9 -15 7 3 0 -7 4 -10 -5 28 -15 -5 -21 -23 -3 -2 11 -11 0
-2 31 6 8 -15 -28 -3 6 -5 5 4 2 1 -25 -5 5 -8 13 10 -5
-3 -24 -3 -4 -15 -1 8 -18 -27 -11 -4 -7 8 9 13 5 6 -19 -3 9
15 41 -22 -25 -6 19 -3 1 -19 20 9 21 -2 0 -2 8 -15 -13 8 1
-15 -43 9 -10 -3 -46 13 9 13 -2 -8 13 -18 3 -5 -15 1 -2 15 -16
20 -2 -12 -7 17 -18 -14 -6 4 1 -18 29 7 16 19 -18 -11 -29 0 -13
-17 22 -7 3 -32 -2 11 -10 -10 -9 5 15 -18 36 37 9 -10 -3 -35 21
4 7 15 13 -1 -12 -10 8 -8 -3 6 -13 20 22 -7 -3 47 1 11 -34
-19 2 -11 -40 -33 2 15 5 10 -20 13 1 6 -1 4 3 2 9 -8 -24
-4 -15 24 -14 -22 -16 -13 -4 -31 -6 -4 3 27 -9 2 -13 -15 -21 -9 -17
3 -23 -4 6 -15 17 6 -11 -22 -10 30 2 -10 0 4 -1 -16 -9 14 5
-25 21 19 2 -20 -5 25 -17 10 3 9 -8 1 7 20 25 2 2 -8 18
0 16 12 8 11 13 3 11 -1 2 -1 -15 -33 -7 20 4 5 10 8 -22
-3 -20 7 -12 -2 19 18 6 -61 -16 -5 -11 4 4 32 -2 2 -7 -19 5
7 4 -10 6 15 9 31 -28 -46 -12 -3 25 -10 -14 -14 -12 3 -29 6 2
12 22 -13 17 0 10 8 1 1 10 2 17 -3 9 -10 11 -23 0 -3 21
8 -12 8 -10 -2 10 2 14 2 -3 18 10 -2 -19 -27 -3 -1 1 -11 -17
26 4 -1 4 -5 -23 -7 9 0 -15 0 -9 2 -8 -8 12 5 -11 -9 1
-10 -26 -2 -1 -18 56 11 31 -14 -1 3 -18 22 -9 -16 -10 3 -12 -4 -16
3 -1 16 20 -18 -4 -24 -15 -4 -22 32 0 4 -3 58 -25 -3 11 -24 -22
-12 11 7 -30 -4 -11 15 13 4 6 -7 12 -5 21 -19 -14 14 0 -22 2
-4 -20 7 15 14 4 -1 -2 19 5 1 -19 -7 0 -7 -18 -12 34 -4 -15
-13 -10 9 16 -14 3 -22 12 -3 -5 7 -24 17 -17 -19 13 0 -3 -3 10
-15 -28 21 14 1 -21 -2 1 -21 -3 5 -1 4 2 -9 -17 4 13 -11 7
42 8 -4 8 4 29 -10 -11 -18 2 -18 21 -14 -5 -11 7 -10 6 -8 11
-4 10 -11 16 11 -32 -8 18 -11 -17 -2 6 12 -17 2 -3 -14 -30 -12 -26
-11 -6 22 -5 8 -10 -19 -6 -14 10 10 -7 -4 -15 -4 9 -7 8 5 8
11 -10 7 3 -34 13 -22 -4 -4 -6 -21 -15 -24 -57 22 -7 0 5 -26 6
21 -6 12 -14 -10 -9 -5 -5 -13 -1 -14 -5 12 -20 12 -6 11 21 2 -1
-21 0 3 7 10 -10 3 -7 7 2 -9 -18 -12 -3 -16 7 -16 7 -2 20
-5 2 -18 9 -13 5 -1 -10 -22 4 -4 2 8 0 12 -10 20 -26 11 -4
17 5 -24 24 -11 -5 -7 -14 9 -14 -5 3 -21 0 10 -8 4 -6 -16 8
0 -10 11 7 -22 18 -15 -26 -15 -4 8 -16 12 -4 -15 31 13 3 7 17
-8 16 4 21 11 -21 -3 29 -14 19 14 -8 -13 -19 6 -15 -20 -1 -24 -7
0 -21 -18 2 -6 -5 -8 -10 -7 -1 11 -33 -18 -3 3 -20 -7 -16 -15 7
20 -19 9 -8 -4 -24 -22 3 -17 10 1 -12 15 -7 -9 -1 -11 -29 1 17
-8 -22 -1 5 -28 -20 6 4 -2 1 -4 9 30 -15 3 -8 9 3 -11 8
0 12 2 -7 21 -22 0 25 -24 -9 -25 7 25 5 -5 2 4 -10 2 -7
3 -21 29 -21 48 -2 -8 8 0 -22 25 -24 2 -27 8 4 -19 2 -13 30
-26 -7 5 6 9 -33 9 -14 -7 0 -22 10 9 5 -17 4 -28 -20 -3 3
-1 0 -13 -10 -4 -1 27 5 -23 -12 10 15 7 3 -24 7 0 24 17 6
9 -11 11 -4 -27 2 -7 -12 -19 -24 -12 25 -24 -12 15 -22 1 14 13 21
18 5 0 -22 8 12 26 -15 -24 -3 -6 3 16 3 -3 -12 -15 -16 -30 3
15 21 -11 23 5 21 18 -11 0 -27 -6 -16 -28 11 -28 -12 -11 -12 -4 0
-1 -8 5 13 -2 -17 -15 -14 -15 4 17 1 18 10 14 1 24 -23 -9 9
18 44 20 -2 -23 -13 23 13 -14 -7 0 2 3 0 4 -31 -18 -13 -7 -9
11 9 -19 -13 27 -4 5 -20 -25 20 -45 -2 -18 -44 11 10 -43 -12 18 13
25 1 -11 46 -6 -3 -30 -22 12 -10 -12 24 13 12 -6 -20 53 -5 -50 -3
4 -1 -11 -6 26 -36 -4 8 -6 -24 -15 4 -13 2 -21 -13 8 18 -16 -21
12 -18 -27 -2 21 -23 4 8 1 2 2 9 -18 4 -11 12 5 6 -13 -1
22 15 -3 3 21 -5 -10 1 -7 4 -11 -14 18 -19 -11 -34 16 -9 -2 25
-29 -14 35 22 -22 17 13 12 5 -7 -4 5 17 -15 37 0 19 6 -18 -1
-1 6 -10 -1 0 -10 -9 -8 -16 -7 -13 0 12 8 -8 -14 -9 -2 -15 -7
0 1 -8 9 6 16 -9 5 -4 -6 6 6 6 -4 -9 5 15 -8 -9 -14
7 4 -16 -12 -23 -2 -11 -20 23 -11 -1 -1 -6 14 8 7 -8 16 -3 12
-10 20 15 16 3 -23 -2 27 8 -12 14 13 -6 0 15 19 -15 1 12 -8
-23 6 7 4 -21 22 -22 2 -4 -35 11 3 4 -5 -4 -1 13 -9 7 3
-1 22 -3 -22 13 0 -8 -4 -16 -2 -6 6 -17 -2 -6 -38 -7 -2 12 -17
-10 -11 -3 28 11 -9 -2 4 -6 -19 40 3 -7 8 -1 -15 29 0 -2 12
-12 -1 -10 30 -12 3 -10 12 -14 -2 16 -21 15 10 -1 -2 -10 -5 -15 -22
-12 4 19 11 27 -4 -7 -38 18 4 -2 -28 -4 -26 -26 13 10 2 34 -8
2 -5 -12 -22 -10 -13 9 -2 -14 12 5 -6 33 19 -8 -26 1 -5 -14 -14
-8 4 3 -25 -11 -6 -16 12 31 33 -14 13 29 10 14 -7 46 -19 6 -19
-22 20 68 7 16 -16 -11 34 -4 27 4 2 -6 -1 -31 -18 -8 6 -16 18
4 -23 11 11 13 -9 -26 -1 -25 1 -10 -23 29 -26 -21 40 4 -22 9 -9
-11 12 5 21 -1 28 -3 -10 3 3 -5 -11 -21 -7 -24 44 6 0 -13 -2
-37 -10 26 3 6 -39 1 -26 9 7 -27 22 6 5 12 -21 -4 -9 1 -14
-22 -8 4 12 8 -18 29 6 21 14 4 13 -3 -6 10 5 -6 -11 1 2
-24 -46 -9 11 -4 -21 -21 -11 42 -6 0 0 -18 11 -17 -18 -4 -11 -7 2
-15 -12 20 -10 10 16 -2 15 18 10 26 32 -23 26 -5 -29 -23 -15 -6 6
26 -25 -14 3 -5 8 12 -18 -43 -12 12 -1 11 -19 13 -18 16 -5 0 -10
-8 -5 -23 22 -14 22 4 10 8 11 -6 7 -10 -15 -8 -1 40 5 10 -19
-1 -3 -24 -13 17 15 -5 0 35 29 -1 -8 6 -6 -25 1 -10 -11 6 6
-5 -1 -18 26 -1 -11 8 25 -35 -27 -10 -1 17 20 8 -22 -4 -4 21 7
-11 -14 9 -1 18 4 -24 -5 -45 -5 7 17 1 -21 -27 -1 32 15 -21 15
2 -18 -8 -14 2 -8 -9 25 0 14 -19 7 -25 15 11 9 12 6 -2 8
-10 2 -1 -3 -18 7 -22 15 -14 -15 -21 -5 -21 4 16 31 5 -17 2 24
-11 -24 -20 3 3 -9 -27 2 -12 33 -12 -24 12 -10 -8 -11 -1 -7 -1 -3
-16 -4 -13 -3 -27 -4 -5 10 0 -34 -15 13 -2 5 3 -8 -7 -14 -21 2
-20 -9 2 24 3 -1 -5 18 -18 39 14 -17 8 -20 -6 -13 -10 10 -7 0
22 4 29 -15 -7 -15 -2 -7 -11 -16 -24 24 -5 9 -44 36 10 17 -11 29
-13 -17 31 -6 -13 0 -26 -7 8 3 10 10 8 2 -2 1 -9 -1 11 -2
-4 10 10 -16 27 -15 16 -20 -3 33 -1 -32 -13 10 8 4 -8 -33 -9 -6
-14 -13 -7 26 4 -12 13 4 -5 29 25 -6 -4 -12 -14 -18 -2 16 8 16
-19 -10 -2 -19 0 -14 28 5 -20 3 13 -26 -9 3 8 9 -3 -21 -12 5
16 17 21 -9 -13 6 -7 6 -2 -19 6 -64 5 -9 -13 18 -19 15 -17 -15
1 0 -13 5 -6 -1 12 -11 -1 -9 18 -26 -3 11 13 -13 -21 9 -7 -26
0 9 53 -10 -11 -2 18 -11 -6 13 1 -15 -15 -16 -5 42 7 -4 -15 -8
1 -11 -3 13 -21 11 5 8 -12 9 -10 -7 11 -2 7 -26 4 -8 -12 56
20 -12 6 -2 -5 -13 -19 17 -14 -23 24 15 -10 -6 -7 9 -17 15 -12 -12
7 15 6 -3 5 23 -11 -13 -8 -11 15 -10 -9 -16 -2 10 -5 -30 0 -18
-1 -7 1 -26 35 -8 -12 -1 2 -2 7 -2 -31 -28 36 -14 -8 -4 4 16
-6 3 -1 -7 26 10 -3 10 9 19 -7 -7 14 -7 -7 7 -7 -2 -9 11
14 17 1 -22 -14 15 3 0 -7 3 -28 -2 -28 14 -7 -4 3 6 -2 -11
-6 -25 0 -6 -4 -19 -10 12 -3 6 -6 -10 5 -80 -10 2 -2 -12 -5 127
4 -3 0 7 4 -1 -15 11 9 -13 -3 -6 1 -43 4 -5 10 3 8 8
-2 -7 7 20 25 31 9 -12 6 6 -6 4 -34 1 -4 -2 1 15 -12 -5
-10 -15 18 3 9 2 -7 5 10 -12 -10 -11 0 -14 -29 11 9 -24 0 15
24 -51 8 8 -1 -7 17 -18 0 38 16 -19 23 -20 6 -8 -9 -8 -15 32
-16 -8 12 -17 5 5 -5 14 26 -9 -8 -22 -20 -10 -36 -3 12 4 -22 15
27 -10 -7 6 2 -5 -3 12 32 -9 29 26 14 -6 8 -6 3 -15 -1 -16
0 1 10 1 -1 -4 -8 -2 -29 10 15 -7 -1 -19 3 5 -1 -30 22 0
-11 3 -14 -2 -14 -4 31 3 23 5 12 12 -10 -20 -27 -7 -10 20 21 -3
-14 -31 -26 20 3 4 34 -3 0 2 7 -28 10 -13 -14 -16 -28 -12 -5 -8
5 -8 2 -15 -4 6 -3 -9 19 -2 -11 -6 5 35 -16 -15 -14 -4 15 25
-34 -3 31 -9 -14 -23 2 13 4 -7 53 6 4 -3 6 1 -7 -6 -16 5
6 -4 -1 -2 -13 -19 -7 4 5 19 7 3 27 -2 -3 4 -26 30 0 -6
-14 -8 -15 5 18 5 -14 5 -2 4 -5 6 -7 14 4 1 38 -7 -22 -31
5 -3 13 13 33 -3 22 14 -5 21 9 -9 8 4 -7 -38 34 -11 18 6
19 -4 -4 -12 -9 12 -32 22 -10 -27 -16 18 13 23 2 13 -21 30 -16 14
-24 -5 34 14 9 -5 -12 -1 29 15 -10 -28 -12 6 -17 0 -42 -3 -4 -1
-29 19 7 6 17 14 -13 17 -5 -28 2 24 -12 4 -23 10 1 22 20 -31
-10 -38 -11 -25 -7 14 -40 -9 -7 26 20 13 -12 17 20 4 24 52 -16 25
-7 -12 -5 -23 -14 -12 -7 -14 -20 3 3 -30 19 -1 29 -17 0 14 5 1
1 -11 -24 -16 2 -13 7 -11 2 -1 0 -2 5 35 -16 1 -5 -2 -8 -7
-20 18 13 4 21 14 -35 5 -8 18 2 4 29 -13 -9 -15 19 -28 0 -8
-10 -13 10 26 -12 -15 4 8 -12 21 31 -32 -9 6 -21 -1 -17 -23 -24 9
-2 -4 -4 -15 -15 -7 -28 -4 -8 -4 -15 4 -8 8 -6 18 0 -6 31 3
-35 -24 -10 25 25 0 -7 3 28 6 10 -16 14 -18 -2 -13 -26 5 7 25
7 -41 -11 -8 -13 -9 -1 1 -7 7 -1 11 10 -7 11 4 0 -6 9 3
23 -3 -23 29 2 -2 -20 -8 -22 -9 34 -5 -9 7 -19 28 -6 12 -16 -22
-7 -11 1 -1 -17 -7 -36 -4 23 -3 -13 -12 -13 -13 5 -14 -6 25 0 9
-2 10 -7 -11 -3 -9 8 -1 22 1 -12 48 31 3 -25 -2 -15 5 -16 -4
-7 -20 13 35 20 3 -13 -50 2 -4 -12 0 -37 17 6 -3 16 -42 -2 -19
-21 -10 -10 -6 0 -22 -19 2 10 -14 -3 38 -11 12 15 -24 0 -33 -8 -16
6 6 12 -18 -18 -5 -4 13 -4 5 8 -1 -16 7 -6 8 -1 35 -16 9
-9 -1 -16 18 3 7 -9 15 35 -9 38 -6 -6 -6 -9 -4 -1 -9 15 7
-22 -13 -10 -20 -36 1 0 -23 4 -8 -10 -12 6 10 -14 12 4 31 -18 5
6 -11 19 15 -3 17 22 28 18 -1 -19 15 5 -1 -26 12 18 22 1 -16
5 7 -11 -10 -1 18 17 -24 -19 -31 12 1 10 10 -10 -2 0 -16 -18 -8
-45 -6 -2 -1 -16 -7 -2 19 10 27 -17 1 -3 -2 20 56 17 -13 3 -12
-22 -1 6 -4 7 1 9 -7 20 19 -29 14 -6 25 -32 16 1 -11 12 32
37 60 5 -9 29 9 -24 10 19 6 6 -23 -9 -12 36 -35 -1 0 -15 -19
-10 10 8 2 -17 22 -6 -3 16 24 -27 28 -4 -11 3 -6 0 8 30 -6
23 0 -6 -6 -6 2 -12 8 -24 36 16 22 15 6 -31 -4 0 28 -29 -7
-35 5 7 11 3 8 29 5 -3 -13 -20 9 -9 3 1 -22 13 -7 -6 3
10 -10 -24 8 16 -1 5 -12 -21 -36 21 -11 -14 16 18 -8 -15 -39 -5 4
-6 16 -2 -23 -5 -19 -1 14 -13 -23 19 7 1 1 -1 20 -6 29 -29 13
-10 16 -2 9 17 8 -3 -10 -13 -5 -6 -13 6 5 -10 8 1 7 -11 -10
3 6 -8 -15 19 0 12 3 -8 13 -9 11 1 -14 -17 3 -25 2 -5 -6
11 -2 5 13 16 -15 17 0 -13 -37 -13 -7 20 0 1 -21 -12 -5 -8 23
-12 -27 -9 -28 8 1 -17 8 13 -6 -1 -15 -6 -5 -24 55 -9 -25 -12 -6
-10 -14 -19 -11 -12 -8 -11 -20 -9 -5 -25 -22 33 20 5 15 -22 -1 -1 -3
-9 7 -16 -5 4 27 -3 -39 -20 -12 -6 -10 -2 2 -22 -7 -13 -5 -15 15
11 -17 1 -20 17 -18 -19 -6 9 -5 0 -25 8 18 -9 0 4 -43 -7 3
14 -7 -6 -18 8 -10 -10 21 -23 -5 -16 -12 -1 -4 -46 26 -10 -20 -20 1
-15 9 20 -4 23 -24 -32 -25 38 42 0 1 -4 2 -13 -2 -25 4 7 -20
3 8 16 14 2 0 -12 -23 0 8 -26 6 -4 -5 -2 -21 1 -8 -19 -5
-10 -8 -38 16 -1 16 -8 18 -12 4 -15 -15 8 -9 3 -12 -29 13 -19 -20
-17 23 -9 1 -12 -18 -1 1 36 -24 -16 -25 4 27 -2 14 29 -17 -11 -20
-1 -20 3 -28 -18 3 17 8 -27 -23 3 13 9 11 -13 -20 10 -10 -25 13
-6 37 -28 31 -6 -13 -3 -8 -14 -8 7 16 -16 2 -14 4 43 1 1 -14
-7 16 6 9 -22 -8 12 21 25 13 -18 12 -4 4 -18 14 -5 -4 6 11
-22 20 -21 20 -28 2 32 -3 -10 9 1 3 38 -26 -16 16 29 -49 -21 21
-19 6 -1 -9 1 -16 6 -22 2 -4 -25 -8 6 -23 12 -13 -12 15 9 2
10 16 -8 -45 -20 -2 -44 24 -33 -9 -23 39 -24 -1 -38 0 -1 -4 -3 -8
-35 -16 9 -3 -10 6 -15 21 -11 4 8 0 8 28 12 8 11 10 -2 9
-2 4 8 -23 0 -22 -25 -31 19 0 -3 -15 -25 -9 12 11 -16 2 -7 23
-19 -5 -37 3 -8 25 1 -3 29 -19 -14 12 2 40 -3 4 -3 -11 16 -10
8 -9 -9 8 -2 -5 4 -23 9 19 -51 31 -23 22 3 5 -27 -4 -15 -17
-6 14 12 -8 2 39 -5 8 -14 3 18 -13 -23 -20 19 5 -9 1 32 5
-7 20 -11 42 20 -4 -11 -21 -9 7 9 -18 6 8 -30 -22 -11 -19 9 8
7 -13 -3 -6 -12 -32 13 5 -3 19 -4 -16 -10 -1 0 17 17 -11 10 -14
-18 -1 -7 -18 -1 -31 -16 11 5 21 2 0 -10 12 34 6 15 -5 23 -14
-39 -4 -7 -10 -4 14 -6 4 -5 -10 33 -4 -13 17 -5 21 -12 -7 1 5
6 6 -20 -11 -21 -1 -2 -2 3 2 3 -33 -13 4 -4 -16 -4 -4 -8 -10
24 5 -8 24 9 -9 0 11 -17 3 -16 -25 3 -4 6 1 17 -11 -12 -4
-17 -7 -8 6 25 -18 -30 3 10 6 15 9 4 -5 1 -7 -12 -15 19 28
-22 -6 -23 15 24 -17 -14 -6 -16 11 -11 15 -18 11 6 -5 7 -5 8 3
-3 11 -2 -13 15 16 6 -21 -26 6 -41 13 -7 -25 1 2 -12 12 13 -15
-6 12 22 -1 6 5 -10 7 13 -17 11 9 7 12 -8 12 14 23 23 -5
-10 -11 -8 7 2 2 -4 -6 0 8 -1 14 3 3 -12 8 -17 13 -19 10
4 -3 -5 17 -1 3 18 -16 25 15 -1 20 7 3 7 -6 -12 4 15 -8
-16 -29 38 16 -8 15 -6 5 -20 -17 -13 10 4 9 25 -33 17 -8 -2 3
2 -30 -21 -19 6 20 -29 -34 -8 4 -26 -27 3 0 -17 14 8 -6 -6 -9
31 34 -12 -27 10 3 -1 23 -2 11 7 -6 9 0 -16 3 10 -15 -4 16
-17 18 -4 -11 12 11 0 -11 24 -34 22 -21 -4 14 -31 -15 -7 -38 -6 2
-9 6 1 -11 -11 -25 -28 1 0 -1 -1 -18 2 7 -16 -17 13 12 3 -14
14 28 -11 -13 30 14 9 -20 0 -2 5 4 -1 -21 0 27 28 4 17 14
-22 -14 -17 2 34 -1 2 16 16 11 -24 19 -38 -11 7 8 19 -17 32 22
12 20 13 9 17 11 3 4 -15 -12 -9 -8 -2 18 15 1 -17 -3 -39 35
-11 2 15 8 -14 -19 -2 13 40 -10 -4 -4 -18 16 -4 0 -27 -8 4 -10
14 19 14 -35 38 6 21 -2 5 4 -1 17 -5 0 -5 17 17 -18 2 34
3 -19 15 -2 -11 6 -14 -5 -9 12 20 -15 -3 -12 -6 -12 -13 -14 3 6
4 -4 0 -12 -9 -26 4 -3 1 14 -2 -4 -2 -25 4 3 12 -9 37 4
-8 -16 -8 -8 -8 -1 19 -6 2 9 13 2 10 12 -19 -11 -1 -5 6 -6
-10 -1 7 -15 -16 16 -5 11 -4 -28 2 7 -7 -9 10 -12 -12 -7 6 10
-28 29 -3 -7 0 -8 -13 2 -4 -13 -2 -11 8 16 -11 9 -4 2 2 -3
-6 13 0 -11 -9 -1 -7 8 3 6 -13 -28 3 -1 1 17 -26 -2 -11 -2
10 -8 3 3 26 17 -2 -6 -17 0 -12 -8 0 -1 2 6 13 4 -4 5
-7 33 12 -21 6 10 0 2 -9 -5 -7 -18 13 -12 -20 0 -7 0 -30 0
2 21 -12 21 -8 -6 -12 -1 -8 -7 -1 -6 5 11 32 7 3 8 -6 1
1 2 -5 3 0 8 5 7 8 -1 13 33 -24 -24 -5 -25 -6 -5 -16 -9
-12 10 10 -1 -2 -3 -4 3 -24 19 3 1 16 10 7 0 0 0 -18 0
-31 21 24 -9 -20 12 -35 10 -7 -5 27 9 -13 10 0 -8 9 -17 15 -4
26 36 0 9 -12 -3 9 -7 1 -12 6 -9 -8 -20 -17 -4 4 14 13 -7
20 13 3 -13 -11 -1 -21 -5 5 26 -15 -16 -1 -3 2 -4 32 16 21 -10
-35 20 -12 15 -23 -12 -21 10 45 9 -9 -7 6 -12 6 -30 -10 5 15 13
-8 6 2 -19 8 0 21 20 -4 -15 -7 -20 3 -7 -17 -15 -27 11 -11 9
-36 -14 -4 40 7 17 30 -28 3 5 7 2 1 -14 7 -10 5 30 -3 12
-29 -17 -25 -19 3 19 7 8 -24 13 -37 13 -16 1 9 -20 19 35 -2 -8
-43 -38 -20 27 -36 -12 10 10 6 -8 -14 12 10 -16 -38 -14 -33 13 10 -8
-1 -31 -22 5 4 5 -19 14 -28 7 27 24 0 -7 39 -16 3 -41 10 -13
11 -7 21 12 -13 -2 -5 -25 13 -7 14 1 -15 -3 12 2 -16 -13 24 5
19 -9 15 -24 -23 8 16 8 -6 27 -13 5 -11 -15 -3 12 -1 -14 -34 -11
-5 30 -21 4 18 3 -19 26 -17 -16 -5 -9 25 -1 31 38 -11 35 -6 1
-7 -13 -11 -3 -2 25 -27 -17 -20 7 1 -18 -18 -23 -21 -3 -28 -3 -18 -15
-23 8 8 -21 -3 -1 27 3 -2 -8 -4 30 4 6 -13 -36 8 -1 -85 -8
-9 -10 6 12 -5 -35 1 -22 -20 12 -5 -28 -4 -16 19 -10 23 -34 -10 -15
35 27 -18 6 -7 -17 -15 26 -7 -13 28 -12 -2 -4 -7 -23 -13 -9 -15 5
4 -19 -1 -8 17 -2 -23 -36 14 11 -16 -2 -9 21 -35 -2 22 -11 -31 -2
-11 32 23 3 5 -20 39 27 15 10 17 0 -2 -5 0 -6 16 20 -8 -25
-2 -12 54 -9 -5 4 13 -19 7 12 18 -24 -23 -9 24 -2 -38 -6 -17 7
8 -7 9 19 -2 13 10 17 13 -5 -13 15 -12 12 3 -4 15 -4 -6 -6
-3 -8 -13 17 12 0 -14 -12 -6 -11 -4 -15 -11 33 0 11 1 -22 -25 -11
-21 -32 -18 -12 -25 -7 9 4 -13 -4 16 0 6 -6 4 3 5 4 2 -10
12 4 -3 -15 -24 -14 4 -8 -20 -3 -7 -15 1 6 0 -20 -6 -5 -19 12
-21 2 33 -1 -10 6 1 -6 10 -13 3 5 -35 3 -8 -4 3 7 15 -16
-32 -3 6 5 -45 -17 -13 0 -3 -18 -18 -10 7 0 -12 -4 -4 -3 2 17
-24 10 11 -7 -1 -13 -13 4 -24 18 1 -4 -22 -6 -16 6 -15 -26 -20 -18
22 -6 39 5 12 -10 -3 -9 -18 -10 8 4 14 -6 -9 12 -17 3 -9 -22
-8 9 -2 -6 15 -6 -9 10 28 -23 -42 1 -37 5 -3 -6 2 -2 10 -21
22 5 5 19 19 -17 9 -35 26 3 -10 -20 10 11 1 11 2 13 -17 -1
-10 -4 -5 -22 -8 4 -15 -25 10 -9 -3 1 -38 -11 17 -2 -3 -2 -20 -4
-12 11 19 24 -11 -17 0 -21 -15 -11 26 9 23 9 -8 -18 2 9 3 -4
-11 -26 -14 -7 2 1 2 5 -10 -4 0 6 -26 1 -48 33 0 -11 14 -3
-27 0 -2 -5 -29 -32 44 -5 -13 24 12 -14 -15 10 11 -5 24 -2 -13 -6
-12 -3 -10 15 -12 34 -19 22 1 5 -12 -11 -7 -9 4 0 -14 -3 -6 30
11 -23 19 -11 5 12 -9 -8 -22 -14 -34 4 17 1 -10 5 8 -11 -24 24
13 10 14 11 12 -1 -16 -7 -13 6 11 -5 8 -11 11 4 36 -4 -7 3
-11 5 -1 -4 2 6 7 -16 -34 25 -21 1 2 39 0 -23 -5 26 -12 -31
-18 -26 -5 9 50 2 13 9 -11 18 -1 -6 -9 -7 8 4 6 11 27 2
-42 12 -18 31 -15 -12 39 -5 -26 -8 -15 -13 -36 16 -17 -21 18 -8 -15 -7
-27 6 19 -14 8 11 13 13 -25 12 2 -20 -25 10 -19 22 -40 -44 -24 7
10 -36 -12 1 -25 3 37 1 -1 21 27 1 1 32 -9 -22 59 -18 -25 7
31 0 -8 -35 27 14 22 -37 24 1 3 -9 -14 8 -24 -2 27 -12 -12 -34
17 -15 -4 5 4 -6 -12 -19 -4 -18 15 4 -13 6 51 21 23 0 -17 -4
-23 10 -21 21 12 17 -6 3 -1 -9 -25 -13 5 9 -36 -6 8 2 -3 -20
-15 12 -5 10 3 -9 15 -22 -60 -21 -11 -20 7 8 -11 -4 6 12 -6 31
8 -4 10 22 -11 12 -14 1 -15 20 -18 6 16 -8 9 -37 -1 6 -12 -2
8 -8 11 -19 -9 26 16 15 8 12 -9 4 -4 7 39 7 22 3 19 -14
-7 -2 -20 -14 -13 -27 -19 23 14 -14 -14 20 -4 -4 -5 3 -21 4 1 2
3 -13 -2 -24 6 -1 -2 -58 -14 -8 -11 12 -26 0 -8 -2 -13 4 7 -20
3 6 54 -11 -12 1 -1 20 -4 3 7 4 -14 -18 -20 -4 20 15 -12 13
-13 -10 -12 -13 -3 15 2 -17 -8 -29 6 -6 -12 8 13 -3 8 -15 -17 8
-17 -11 -6 -10 6 -8 38 1 -22 -16 16 0 -1 5 16 8 -3 11 -16 -1
13 -15 -14 9 4 1 -49 -11 3 -6 -8 8 -14 -3 19 -11 20 0 -2 5
13 0 36 -18 -38 -39 -13 3 1 8 1 2 -22 6 1 -13 -14 -9 -6 0
18 -15 -5 -12 -10 1 0 -1 15 -11 -2 15 -24 7 -14 -5 -5 -3 8 7
-13 -16 3 -13 -12 -6 12 -13 23 -17 7 21 -41 -26 -20 -3 -19 -16 -15 -13
-23 -15 -9 -18 -17 -18 4 6 -5 -6 6 0 -26 8 -9 4 -22 18 4 -6
-16 -5 -6 2 25 5 2 -21 -16 -12 -26 -7 41 -27 32 -26 -2 -27 -10 -19
-27 -25 3 24 18 -11 -9 -6 -15 -4 6 10 43 -6 22 1 -20 -1 -7 -17
28 -12 7 -12 15 -10 3 14 -7 -7 3 -42 -13 -25 -4 -3 12 0 -1 -3
-7 -15 -13 21 -13 3 3 6 8 -10 -4 -7 -19 10 9 36 29 2 -26 5
23 -3 -25 -33 20 -6 -5 10 -14 -7 -22 -8 -17 8 14 -16 -7 17 -13 8
8 -2 -17 -22 -8 19 -12 -33 -20 -2 10 1 24 -23 -25 11 -1 -30 50 24
27 -8 -26 6 6 -14 3 -7 -2 -17 -7 -30 12 3 -14 -21 -10 8 -1 -37
12 -11 29 -14 12 -17 -24 -20 14 10 -9 -4 12 19 1 -17 14 -8 -16 6
-1 32 17 14 -10 -24 1 6 11 -8 27 4 10 -14 -12 12 -22 -3 -5 4
-16 9 -2 -5 -2 -7 -3 2 -23 -1 -16 25 -6 -10 18 -13 -26 -15 11 15
-8 4 8 -11 -19 -12 -6 -3 -25 -8 -2 24 -9 14 4 11 -24 0 4 -21
-1 -7 10 -16 3 14 10 -1 -15 0 -17 -1
