-820 1635 633 2163 704 -350 -1169 17 3050 -923 2845 -1103 -3399 2744 -1817 3760 -1558 -1923 1219 -2166
-618 -1613 1078 1080 -496 -4059 -2346 -773 2763 -2611 -271 -2051 3546 -391 1756 -2823 -2316 -3423 -6402 3424
1047 1404 967 -126 1898 72 -2503 -213 3089 2136 -2065 1811 132 372 2390 3388 -449 -1200 -3681 2236
841 -3499 -784 2415 1692 64 842 17 -1810 2947 -2150 -6154 -943 1299 -6196 -3978 517 -2071 1343 -1565
285 1133 1291 -1849 2159 2070 2483 -651 482 1484 -547 2742 89 354 3041 -300 1184 526 -690 -1835
-3115 123 1689 -2840 -326 816 1027 438 -2908 -2041 -2223 171 -388 -2747 -2287 667 -1520 2689 -1087 220
759 2757 114 -483 1223 3412 684 1335 -3751 -168 53 -2223 -3107 1472 -1871 -2401 442 -1320 -3648 -2195
-2940 422 1562 1985 -962 -2212 -832 -30 -1230 1258 -1685 2281 834 289 -3498 -3069 4970 -657 -4251 -4894
-1577 -982 -88 984 -41 1289 2881 -404 -1427 1947 -604 343 -27 -1954 -148 -695 -3782 -4927 -3522 1595
-1194 -1957 276 1838 878 646 1040 -3413 -458 -1991 -2612 -2008 -483 -1545 77 -512 -156 -1631 -789 -1474
575 2194 821 -2159 -859 -731 -3330 658 -1910 -255 -1450 -3520 -3431 -1167 687 1815 703 -3910 -333 1209
2227 -487 700 474 280 543 777 -4905 -4464 202 210 1207 892 3286 -741 1268 -21 815 295 -167
-4884 -661 -1778 -651 1812 -251 395 621 1237 2840 824 2382 -239 -3375 597 679
