2 -28 29 9 4 9 -23 -23 -17 -35 -5 13 -18 9 -19 -22 5 -26 -16 -30
-5 8 -1 13 -7 -18 -15 -18 24 1 -1 -9 -19 17 10 -11 -6 9 4 -3
-4 -2 -12 -26 -5 5 23 -19 14 -10 3 -15 -7 -15 5 9 -14 -18 0 -11
7 -20 -5 -20 -7 17 27 23 -5 -11 -7 -5 -16 -10 -10 -2 23 -28 0 -18
-27 -12 8 -11 -4 20 -18 19 -11 -21 0 -13 17 48 0 10 17 -8 -4 15
2 -35 -20 13 6 4 -23 2 -3 14 -2 -6 -21 -27 -2 -25 -30 7 1 10
-20 -19 -11 1 -17 -13 -22 40 -2 15 -6 17 -2 5 2 -14 -10 -1 -1 10
-4 -19 -5 16 -8 -14 4 -13 -7 8 -9 0 5 -6 -1 -14 11 4 7 -14
28 10 -16 10 -20 -14 7 4 10 -24 4 -13 7 -4 0 -3 1 13 -14 12
-17 9 -8 -9 10 -14 -2 -2 8 -16 0 -15 -14 -3 15 -14 -3 -5 7 -6
-7 8 -19 -8 -5 -12 18 -19 -5 9 3 -13 3 -3 11 -7 -4 -16 -4 6
-4 0 -5 -2 -9 -9 -23 1 1 -15 -2 -25 -18 -45 -7 0 0 -3 3 -5
1 -7 -14 12 18 11 -6 6 15 7 -12 25 6 2 8 -21 -14 -16 -14 -42
5 5 27 -8 22 -13 -45 -16 -4 4 -35 -9 2 5 2 -24 9 13 30 -13
4 7 3 -16 17 -42 -11 -20 57 -31 -37 -13 -28 -13 14 -7 -8 16 -3 -30
-27 30 -16 13 -8 6 -26 8 -4 -22 -7 -1 33 14 10 -13 -8 -20 18 -26
-36 -33 5 -47 -22 1 -18 -13 -4 21 -6 21 -39 5 13 19 -41 -10 -20 6
-15 -2 -7 30 7 -26 -37 -29 7 18 -44 28 -11 -40 -10 16 -10 10 2 -16
-4 2 -13 -4 5 11 15 -30 9 -6 -27 2 -26 -11 -22 -22 -19 5 -19 -1
-18 -1 -11 25 9 -5 11 -16 -5 64 -15 8 -15 -23 17 -16 -6 -20 -19 19
-11 -15 5 1 -3 16 -7 19 -15 -6 -3 -14 9 -14 -66 7 -3 0 -4 -8
13 9 -19 8 33 -23 3 -13 -20 -2 0 1 6 2 12 -12 -7 17 1 -2
-4 6 -4 -18 -3 -7 -14 16 6 -10 -8 -2 -14 5 -1 -12 16 -8 17 -8
-7 -7 -11 -8 5 2 -1 0 2 11 5 -7 -2 14 -1 2 3 -5 -4 12
19 49 -4 4 -5 15 -1 -2 -17 -23 12 -1 3 -4 -4 -4 -3 21 6 12
18 -5 -5 4 2 -6 0 0 -10 7 12 0 -39 -20 -24 -3 -23 7 -2 -33
-18 9 -49 -17 -31 -37 -12 6 -19 -27 -7 -27 -3 10 -25 -38 -20 12 4 -53
51 -16 -46 1 -14 -12 10 -40 -3 -11 2 -7 -29 -13 -21 12 3 -18 7 27
-48 -30 -14 8 -14 -29 2 -28 -17 32 -15 -15 -35 29 2 -10 -17 -35 30 -3
30 -42 -21 -7 15 20 16 3 -25 -6 -15 11 -12 32 -6 -13 13 -15 -12 -31
6 6 -6 14 25 50 -9 0 -34 -19 22 25 -2 -35 -31 15 19 -28 -55 10
-14 -8 2 3 9 3 9 37 -33 12 28 -30 -10 7 -2 -28 20 -9 10 -22
-10 -36 -1 -9 -10 110 -8 -18 -15 -13 -25 17 -7 -61 -10 -4 -11 -3 -11 -2
15 -17 2 -16 54 -63 -19 -25 20 -36 -1 -20 -6 4 0 1 -17 17 17 -11
-4 17 -12 -7 8 -13 2 19 8 -8 -2 -2 -32 5 2 31 12 1 28 3
-4 -38 -5 -5 1 -3 0 -16 -58 2 -6 0 10 23 -24 -15 -13 -1 -19 2
-4 -13 7 -2 6 -9 20 -82 9 -10 2 -7 -7 -14 3 0 -5 -18 -6 -9
-17 -31 1 -15 -18 17 -12 -2 -6 -3 3 -16 -21 -3 -14 -22 -15 10 -25 3
-3 15 11 -10 -15 17 -13 -17 6 6 -17 -12 -40 3 13 33 -4 -27 -33 56
-12 8 47 9 22 13 -21 16 20 18 -27 -16 -24 -7 -3 23 40 28 -25 -31
14 43 -42 -26 3 1 -13 23 2 17 -15 -9 -25 -31 -14 -14 -15 -6 50 -16
-20 -4 1 7 32 -1 -3 -23 -12 -14 -43 -18 -19 -18 13 8 -6 -51 -12 13
-1 -13 46 19 -5 -15 -16 58 -4 1 -32 -19 -12 -5 -8 -34 -20 -3 -5 -12
-12 -15 -3 -13 12 -41 3 -7 -10 12 -22 26 -25 15 2 -8 -31 -3 3 -17
-10 -12 7 -1 33 8 8 -14 -17 -2 19 -19 -6 -19 -28 9 7 -5 -21 -10
1 -1 -2 10 -3 17 1 -18 5 1 22 16 12 -26 -31 4 -15 -1 2 12
-40 -11 -11 -28 4 22 -8 -18 -17 -12 7 -10 -13 18 20 11 6 -4 -6 -9
3 5 -20 1 -3 17 -2 -3 -2 -3 -11 2 17 -28 7 39 7 -21 4 -4
-29 -8 -11 9 5 -13 12 -17 -12 63 -12 -13 0 1 -25 -26 17 25 -7 0
-5 -17 -12 3 -16 -10 2 11 -6 -14 13 19 2 -3 -4 20 -16 10 -9 50
-1 -18 -9 14 -17 -5 30 -2 0 5 -3 1 -16 -5 7 -4 -5 6 -18 -21
-6 9 -8 -11 -17 -1 -8 -12 7 28 -3 -13 26 -14 -2 -16 10 12 1 -5
-19 -12 9 -7 -15 -4 37 -32 26 -8 -9 14 -15 -4 -36 33 -7 -7 17 13
-24 -27 4 0 0 32 -2 -8 -2 29 1 -6 -21 -18 38 -25 9 -3 -1 -15
20 -26 22 -10 -10 -15 -8 -5 15 -5 -27 -17 -29 -1 -11 11 -11 -23 8 -6
-7 2 8 -14 3 0 -13 -20 17 -7 -36 3 4 -21 -26 -30 7 -7 21 -20
12 6 -21 9 -8 21 -8 9 -18 -1 -5 11 -21 -4 21 -30 13 -41 -13 -11
-2 32 -18 4 -19 6 -12 -29 -5 28 -7 -2 4 15 8 24 -3 2 -9 12
21 -17 0 -8 1 13 8 1 13 1 5 -3 3 -4 9 -10 5 5 5 9
-4 8 12 5 15 -4 -4 5 -13 -9 -1 3 5 -3 2 3 9 -6 5 0
-7 0 0 -1 7 6 0 11 9 11 13 5 -5 3 -4 -8 -5 0 -9 9
13 4 -6 -3 3 16 15 -5 6 0 8 -2 5 4 2 -5 0 4 8 -6
10 2 -3 -9 2 18 7 -17 3 -1 0 1 -1 26 -17 -15 12 20 11 17
-15 5 -1 -3 -7 4 6 9 3 11 8 -3 1 -3 -1 7 18 -5 -2 2
-1 6 0 -8 2 -12 22 -2 -9 9 -4 -6 3 -24 0 -7 -11 -12 1 9
10 3 10 -2 -4 30 9 -13 19 -1 8 -12 -22 -7 3 7 4 -1 5 -6
-3 -3 -6 -6 -5 7 1 -5 2 3 2 -18 3 2 -2 1 -7 -2 -8 -11
-60 2 -6 -1 6 -2 -8 -1 -67 -10 1 6 4 12 -16 -7 0 -8 -9 6
1 2 10 10 6 7 20 -10 15 -9 -12 3 9 1 -6 -1 0 -6 3 -10
-9 -10 53 21 -8 34 -2 -3 4 -8 0 -3 -2 8 -1 -6 17 0 43 7
-8 4 -9 11 -8 18 -7 -8 -19 -5 -47 -25 -6 -10 -17 -39 22 -7 -7 -16
0 -15 -5 1 -30 37 -1 30 1 -19 -8 10 -6 -2 -33 -31 22 2 -14 -11
-14 9 -8 -9 25 -27 -20 -22 -27 -32 26 -26 0 -15 11 -28 -27 -3 -19 -28
-47 -23 5 -16 -15 33 -9 15 -9 -25 6 1 -35 -13 12 35 12 -21 -17 21
-39 -36 -30 22 26 -32 13 -1 -1 -7 11 0 -31 13 4 25 -27 7 -8 -15
-3 -1 3 18 -20 -17 -21 7 -16 -2 -12 11 -27 -7 2 25 52 -35 10 17
-11 49 -5 -11 -31 -23 16 -9 15 -16 -20 -8 -25 -12 -23 -8 -16 -10 2 -22
-37 10 -17 -6 -16 -15 25 -15 1 30 3 -14 -10 27 5 2 4 -8 -31 -4
-25 36 -27 -24 42 -13 -31 11 8 -47 -29 5 2 -27 33 -10 -8 49 -37 -1
-25 -59 -42 -7 4 2 -17 -8 -41 -19 -9 -4 85 -29 -48 15 11 -39 29 -7
15 -26 -39 -3 -15 -31 14 22 21 6 11 -9 3 -13 -14 -1 21 -8 -1 -21
-4 -13 -34 -16 -35 -14 4 -22 34 -13 27 23 -1 26 -18 0 31 27 2 -7
13 8 -7 -1 40 9 -2 14 -8 -24 6 13 -13 15 -16 21 14 13 25 -30
-5 26 -33 -27 -1 -16 -17 -35 -10 -10 3 -37 -2 -6 -10 0 -25 24 23 5
22 42 -24 -15 -32 -9 3 -19 -9 -11 -26 3 33 14 -28 -27 -9 41 8 38
-20 -42 -4 25 -41 -26 -39 -24 -11 8 -5 -16 -12 -8 10 -7 67 -18 -18 -6
0 -39 -11 -35 -4 -31 -21 -40 -38 36 20 21 -11 -3 13 7 -6 -9 15 3
-25 -6 2 -6 -4 1 9 -20 -18 -1 2 7 -19 13 -23 3 -3 -16 5 0
-14 -37 -21 6 -12 28 -4 12 -14 13 -26 -6 35 -25 38 -3 -15 -26 -15 -6
16 20 1 -19 4 -5 15 6 -12 -38 -1 -15 -8 -9 16 -7 -2 14 -35 -15
-10 9 -5 4 -2 15 7 -3 1 -20 4 -9 18 -15 11 5 33 -9 3 -14
12 7 5 -7 -14 3 12 -8 19 15 8 -13 -12 -1 -2 -1 0 0 17 -18
-4 -9 2 -4 -8 6 -2 -3 -8 26 6 -9 11 -6 17 9 -1 -20 -8 8
2 6 -14 -8 -23 -4 0 -10 -16 3 26 4 -4 -8 23 -17 -1 -6 -23 23
3 -3 11 -4 18 -18 -15 -11 8 15 -14 -12 -1 -11 8 26 8 23 22 20
-6 -8 8 2 -18 1 -24 11 -4 -2 14 -7 7 -2 19 3 -12 -23 7 -4
5 16 26 -7 -3 -14 2 -23 -9 9 -15 -2 -8 13 -7 9 -21 8 3 -12
-10 -28 -5 10 -18 -9 7 -35 19 -10 -6 3 46 10 -9 -19 15 14 -14 1
-6 -25 10 -16 -1 -19 -5 36 -15 -15 -6 -16 12 -13 -1 9 -11 10 -32 -17
19 7 -2 -6 -2 7 -7 3 10 16 -8 4 -19 -8 -7 -5 -14 -5 -9 18
1 7 15 4 5 1 21 10 0 10 -8 6 -16 -10 3 30 -15 3 -9 -16
-11 -12 17 34 -5 3 -1 14 4 5 -11 -3 -3 -20 3 -9 1 -6 6 5
27 -12 10 -3 -13 -21 -10 -23 4 17 -9 10 11 3 -11 -22 -8 0 -8 21
0 -10 3 2 22 -23 -9 -8 -1 18 26 7 -17 -13 -11 -6 34 1 -13 3
38 1 2 -4 7 -10 11 -14 1 -9 32 -3 27 -10 -2 0 5 -9 -2 -14
2 -5 -5 14 5 -3 3 -16 -2 28 -6 -16 8 -8 -9 -8 -8 -4 -27 6
1 8 -22 -18 -2 -6 -7 -5 8 19 0 -4 13 -2 18 31 -6 -13 -22 -14
-1 -32 6 -6 19 -11 5 12 2 1 -4 -8 15 5 -21 -19 0 19 -18 1
-1 -16 10 -5 -12 16 -2 -20 -6 2 -10 -6 -4 14 14 18 -8 -21 -9 6
5 5 2 -2 1 14 -5 -16 -2 13 -6 -2 -2 -4 -17 -7 -2 7 -5 7
1 -31 4 5 -1 -16 -9 -9 12 3 10 -6 -10 -7 -21 15 -1 -15 1 4
1 0 -4 -8 -1 -16 -11 2 -8 -4 0 7 -1 0 -9 -11 16 1 9 1
-5 7 -10 10 -8 13 -13 -9 5 -4 -3 5 -5 -11 -15 -17 -5 2 10 -13
5 -15 2 -13 7 1 5 8 -5 2 -1 -3 9 -8 8 10 0 -4 7 14
7 15 -5 -7 -4 5 6 2 7 9 1 0 -14 -5 3 5 -19 19 7 -9
-9 12 -5 -16 -8 1 -7 -15 0 12 43 6 -7 5 -16 -25 -20 -26 9 -13
-32 28 -17 -9 -5 -12 5 22 -36 26 -3 -16 31 -9 -7 -23 -1 7 -9 4
-5 1 23 0 -22 -12 -21 1 -5 5 -27 1 11 3 -4 13 -4 -2 4 -8
10 35 -9 -4 -1 -8 0 5 -10 -7 -1 -1 0 -3 -9 -6 16 -10 -10 -21
-4 6 -8 30 5 -23 -8 20 -13 -6 -10 2 14 14 -6 -15 -8 -2 -5 8
-21 14 8 -4 0 -25 -6 4 17 -10 21 13 8 -11 -13 1 0 10 16 -6
-16 17 -6 -4 -11 1 -9 -17 -27 -6 -36 -8 -4 -4 -16 0 -14 1 1 -2
-4 7 -11 -6 -14 1 -12 61 -3 2 -9 -8 -5 -9 -1 15 5 -2 -13 8
27 -9 10 -5 -3 9 -14 1 -12 13 -2 -6 13 -7 4 12 2 -14 -10 -7
-10 -3 -15 -5 -10 -5 1 10 4 -4 -15 -1 -60 -8 8 5 -3 3 -1 -2
-2 14 -4 8 8 4 4 15 6 -1 -6 -3 -6 6 -6 -1 -5 -8 -9 -8
4 3 -5 8 13 1 -1 8 10 -8 9 2 -6 -20 14 3 -4 -17 17 12
-10 -5 -7 -10 -4 22 -7 -7 -5 0 -22 2 -14 -127 16 -7 -14 -3 -6 -4
0 26 -21 1 -7 24 3 -26 -22 -4 24 -5 -10 19 6 -3 3 36 -3 3
-25 -9 -9 -18 -5 -2 9 -4 15 -15 -5 -15 -18 9 -28 -9 -19 23 -10 18
9 -20 -6 17 -8 -27 -19 -8 -7 -22 -5 7 -2 7 7 23 14 7 4 -7
-7 -17 -1 -16 6 1 18 -28 -23 23 8 -9 -9 -21 15 5 -19 -10 -1 -10
-11 33 -16 17 -11 -8 -12 21 0 -22 -9 -4 10 4 45 -11 2 -24 9 -3
0 -25 16 4 -7 -23 8 8 -4 6 5 5 3 12 10 -3 -6 -13 9 -2
-10 42 -23 17 -2 -17 19 3 1 22 -13 -24 3 -22 2 -5 2 -7 -8 1
5 17 -17 -27 4 -14 0 -15 -19 0 2 -11 3 -14 -19 -9 30 -3 26 -62
-32 4 -17 -12 -7 -22 -10 -11 -12 -23 -23 -3 -11 -24 -15 -7 -14 -3 21 5
-11 7 -9 -11 5 0 32 -12 -8 -22 -15 -21 -2 3 -17 -2 -12 -10 7 -17
-5 -17 18 -18 -4 1 -23 -4 -1 15 -11 -21 -8 7 -37 16 -3 -18 -9 -19
1 -7 6 -8 -20 95 -6 -9 -17 -14 6 44 17 38 -4 -55 -7 -7 35 1
-25 -2 3 -17 -11 -16 1 6 -17 -6 -22 -4 -27 -5 2 -15 1 -25 -18 -19
-14 64 45 0 -65 2 0 18 19 -7 39 -2 7 0 -7 0 16 3 -12 2
-12 -1 4 -56 -24 -16 31 27 -14 -21 -9 -9 -18 -15 2 -26 -22 41 -8 -29
-14 -1 9 10 7 -9 4 -44 -11 6 5 -20 32 -25 -8 -14 -11 -6 34 12
-21 -17 -18 12 11 -27 -3 -2 -22 -24 -1 -19 -10 -22 -35 -16 -5 -19 -11 -6
-15 -1 -9 122 -28 -6 7 11 3 7 14 -36 -9 29 -24 -13 -9 15 -18 -11
12 37 -11 65 0 5 9 -6 -14 -12 2 35 17 -7 -76 -6 -22 10 -15 17
-23 9 -33 -10 -7 3 27 13 -19 -16 -3 -3 -25 43 -16 19 -19 -9 -12 2
18 -22 -19 8 30 -35 -14 4 19 36 -12 -31 -2 -8 7 7 -16 -18 -3 5
1 20 -15 4 -19 -24 -20 -15 0 17 -1 7 -10 4 39 -11 7 11 9 -41
7 -7 -28 -27 3 -17 -15 -13 2 8 2 -9 12 12 -16 8 -21 -10 7 -10
-12 -8 4 -7 37 21 17 -3 -8 -2 67 -22 -28 -8 11 -5 -31 -2 13 -1
-3 7 13 -3 -17 3 4 -23 -19 8 -6 10 -25 -11 -21 -10 0 -12 7 -3
-2 -5 8 2 5 8 1 3 -50 -1 3 -10 -2 7 1 20 -18 17 -39 6
-7 -10 -13 -6 -2 -35 -19 -17 -12 -15 -16 -24 -22 -16 17 -11 -13 14 -9 -3
44 0 4 -22 -13 40 -4 -9 11 -48 26 0 3 29 6 15 28 -21 17 -15
54 -21 -5 -19 -7 17 9 -3 -10 -4 -1 -9 -11 27 -3 -29 10 9 7 1
11 -26 3 -8 -14 23 -54 -14 8 -1 3 -50 -3 7 10 -1 -10 -4 -24 32
-25 29 -12 -25 -4 22 18 -47 -16 -22 -17 3 -12 -22 -20 -6 -15 -6 20 -37
24 -47 -25 -30 18 -26 -14 47 -28 -10 21 10 0 9 15 -5 -10 7 6 14
-5 -6 -14 -13 -4 11 16 5 7 -23 -8 -1 14 8 -12 51 -19 25 15 12
5 20 -7 7 16 -5 11 8 26 6 -17 -18 -8 -13 -6 -9 -9 -14 -9 -2
0 0 -26 -9 -8 -11 14 -20 13 -6 -7 0 3 -4 -6 -24 10 -2 -9 -9
40 7 3 7 -2 -6 3 -18 37 0 0 -4 -2 -2 -20 10 -18 -17 5 -1
-12 0 1 11 7 -11 18 17 -16 -5 -19 -10 14 -1 19 -11 -4 -7 -10 6
23 -23 -78 34 1 2 -16 -9 21 17 24 4 -15 -17 -10 -10 -16 -13 -66 -3
9 -64 9 -13 -15 2 10 -24 -3 -3 -4 -10 8 2 8 -14 -11 10 7 1
0 -4 10 -12 8 2 6 4 8 -6 -6 -6 11 -7 -6 -8 4 1 12 7
6 1 -11 -3 15 4 -1 8 1 9 -5 -6 -2 -11 -4 2 5 3 -3 1
6 -2 -4 1 5 3 -9 2 -5 -8 4 1 7 1 -1 4 14 3 -5 10
2 -2 3 -5 4 -3 -8 0 -1 6 2 -2 12 -13 0 -2 -2 -2 9 4
-5 -10 7 11 -1 -7 0 2 -3 -15 -4 3 -3 1 0 2 -3 -1 1 3
5 -3 -1 -4 2 -5 1 1 -5 -8 -2 -3 2 -6 8 -5 -28 -27 -30 9
-5 20 45 20 -9 -9 1 7 -6 -11 -28 -2 -20 -2 8 -14 -26 -26 -15 -1
-35 13 2 -10 37 -5 -23 -16 13 15 -12 -8 -33 7 -18 -5 18 11 -13 20
15 3 4 -29 -4 -19 -21 11 -10 -17 19 7 -8 -15 -66 -15 24 17 -11 4
-26 -12 -32 -8 12 -19 -20 -24 20 -2 -109 -42 22 16 3 -8 -47 -15 -10 -13
-1 -14 22 -6 15 3 -2 -30 -26 51 -21 4 44 -8 -7 -20 7 -9 23 -30
41 23 51 15 5 -15 -19 -21 -5 -2 -16 -22 -37 7 18 -23 -30 -14 9 17
-4 -8 24 -6 -28 -23 -9 -11 9 -1 7 -7 -6 -28 -6 -3 0 17 11 9
15 -8 -2 -5 -27 19 23 5 0 20 5 -20 42 8 -34 -24 -38 -14 3 -18
-32 -30 22 26 -17 8 -17 25 -5 30 -13 -17 -15 -6 -6 -10 -1 5 -1 12
15 28 1 -1 -1 -12 -7 0 -15 8 -7 17 6 22 32 1 -8 -23 -34 -14
-14 17 5 7 -1 -32 -20 -41 -17 3 -7 -7 -8 -33 8 -17 13 -19 1 -2
18 -20 -20 2 13 3 -9 -38 6 -16 -6 -4 -36 1 18 -12 -9 17 -33 -10
0 -28 -1 26 -13 -6 18 25 -13 -1 -14 -6 -2 -15 14 0 8 14 -2 -23
41 -18 -14 -30 -22 10 25 -8 13 -12 -4 -16 -22 -6 9 26 7 7 -1 -27
39 -11 -3 -1 -43 -7 2 -15 -9 -6 -3 -33 20 -10 11 5 4 -25 13 11
3 -11 -7 -1 9 -7 0 0 0 9 -21 -2 -5 21 -2 -1 -2 -26 2 -7
-13 -1 -8 -12 -5 -15 -8 19 17 0 2 -19 17 12 -11 -3 15 -6 6 27
2 9 1 -17 -17 6 2 35 6 -17 12 -2 8 15 -6 3 -10 3 8 -1
-1 9 -22 -38 10 -1 -28 23 26 13 -5 7 -8 8 -11 1 -12 7 4 17
23 -19 -10 -20 -28 0 -21 11 -39 1 -11 54 -9 -21 56 29 -27 -17 -29 -2
-37 -12 2 -13 -13 0 -23 15 51 16 -10 -20 -12 2 -30 10 -1 -28 24 -39
-16 9 -15 -11 -24 1 -1 -25 -34 -9 7 66 -3 -23 -10 -19 20 12 24 -6
-5 -8 2 -4 -4 -17 -11 16 14 -27 -17 2 10 1 -2 10 -6 0 -23 -7
-2 15 38 24 1 14 -6 -3 12 -20 18 12 -7 0 10 11 -20 -2 -6 2
14 4 -6 -10 29 5 -3 1 12 -9 -15 3 -1 -18 -1 1 -16 -5 7 12
-1 7 -19 -10 -12 14 -16 10 7 2 2 7 0 -10 -2 -2 -13 7 0 4
-24 -3 5 62 12 2 -2 12 -10 3 12 1 -30 -3 -2 9 18 -2 3 -18
-8 -8 5 7 -17 0 0 -7 -3 -11 10 -24 -4 -14 -14 4 -3 -2 -17 26
-3 -3 2 -11 -10 1 4 0 12 -5 -9 -11 12 -2 2 -13 -110 0 -18 1
9 -2 -18 -7 3 6 -15 -7 -16 -5 -3 13 0 -13 -17 -3 8 -6 -12 -1
-1 10 28 -2 -14 -7 6 -4 -3 12 -64 -22 10 -6 -26 1 14 -4 18 -9
2 -17 11 2 -6 -5 61 -3 2 -75 -5 -8 11 0 -9 12 -9 4 -14 10
-19 14 2 -20 2 6 -3 -4 0 5 -3 -4 -15 -23 21 3 -17 13 -13 4
12 -9 -14 7 16 -16 -4 -18 -18 9 -20 4 3 -7 8 3 -7 0 5 -22
11 -8 -1 2 4 11 -17 -8 -4 -2 0 18 -6 3 20 19 11 10 -15 -3
-8 6 -1 -22 3 -14 -11 -1 -11 -4 -27 11 -10 -3 1 1 -26 -14 -4 12
-8 17 -9 2 -17 -10 1 -8 -14 10 11 -4 2 23 10 0 1 -2 5 -6
5 -3 -6 6 -17 -6 19 -1 0 26 10 -15 -2 -1 10 -8 -11 2 -9 20
2 -15 1 -2 -18 -21 -18 14 -16 -3 -22 1 27 3 -17 16 17 -47 15 -1
1 -4 2 -14 7 -8 -30 -14 0 31 -37 -5 4 -8 -19 29 11 3 9 -4
-38 40 -5 -8 -5 24 13 15 14 -18 15 -4 -7 -4 -24 17 0 -10 4 3
-12 1 -28 9 -24 -25 51 25 1 8 -14 -3 -19 4 -11 10 -12 16 9 6
17 -2 -40 -2 14 6 -17 -15 -1 6 25 27 0 -11 14 -3 4 -14 -9 13
-6 26 -11 -6 -12 -14 -28 -4 -1 -23 12 -14 0 -22 -11 -9 -37 -9 -10 -5
8 5 -4 -1 3 21 24 -3 12 -12 -31 14 1 -12 7 -10 -27 8 -3 -29
-12 -18 25 -17 -18 -9 38 20 -20 -7 -1 18 -3 21 2 26 -10 4 22 3
26 10 -4 -29 -11 -17 -36 -31 -9 -7 11 -8 -13 -42 -7 5 -3 -4 -23 -9
-17 -16 -36 18 -23 -24 4 -3 -22 -8 -33 18 -22 -20 -23 2 -10 4 3 9
10 18 -8 -1 84 0 6 -6 6 33 -16 -17 15 -4 -3 13 -14 -3 33 8
-13 -7 13 -8 1 -26 -17 28 -25 -10 -7 5 -20 -31 -25 -36 -7 5 7 -15
-11 -16 37 -1 -12 -15 -3 -20 -29 -6 -4 7 -2 15 -27 15 -40 -21 -41 0
9 -21 3 5 -8 5 -7 -7 6 -6 13 -5 10 -7 12 -12 7 8 -8 -13
1 23 17 1 -1 17 -11 -13 -7 -10 -4 1 -22 5 2 7 -3 6 -14 17
-16 21 -24 8 23 17 3 0 -2 -1 -3 -3 1 -6 7 6 -4 -11 0 -16
18 -14 -2 -15 -15 16 21 12 5 9 -5 1 -13 -17 13 -2 -8 20 6 25
15 2 -1 -6 -6 -5 -1 2 5 0 -16 -15 13 -10 2 -4 -11 -9 16 15
-2 -7 4 -5 1 -16 -23 1 4 -6 -4 -12 16 -2 -11 -19 13 18 5 -18
-11 -23 2 -7 0 -7 3 -6 13 -36 -19 15 -4 -9 -3 -5 -34 -16 -50 -15
-7 5 -31 12 -9 -19 35 25 12 -6 -15 13 10 -33 -5 -34 23 -1 -9 -13
-14 2 -24 14 -23 -14 -22 -25 -23 43 1 1 -3 -20 27 -4 -20 -10 -12 16
-8 -10 -6 -2 -16 21 -36 -2 -11 -15 -10 7 -10 -14 5 -27 -22 -1 -10 4
1 -2 -20 -16 6 -14 -17 -12 -1 -14 -8 15 -17 -16 30 -11 -9 -10 -3 16
13 -2 -5 4 -8 -14 -21 8 0 16 -4 29 15 -15 7 -5 6 -17 -18 2
-10 11 15 -6 -2 -11 -14 -16 10 2 0 18 -47 -1 -10 18 -1 -35 -24 -8
2 -4 -11 22 2 8 -15 -13 5 13 -21 -12 1 2 -16 -10 -15 -30 -16 -12
17 -15 5 -11 -1 -1 -1 8 -1 8 10 9 8 24 -7 -8 7 8 -11 13
-3 -6 9 12 -11 6 1 9 -14 -1 4 3 -16 -7 7 7 -1 -2 -15 -35
-10 -7 15 21 -11 4 2 5 3 12 8 8 -7 2 15 -2 19 -2 -6 0
20 -7 -3 7 -27 17 -13 4 7 5 3 12 -8 14 -9 6 -5 -6 -6 4
4 22 -16 -17 -28 0 11 -7 5 0 -13 12 -1 16 -6 6 18 4 15 -19
-24 -8 29 -2 -4 12 -15 3 8 -1 29 -23 -31 30 -51 -27 -19 -3 -18 -21
-36 -24 25 -18 -23 39 -7 -11 -61 4 -31 -33 37 -34 -4 -32 -12 -9 9 -47
-6 44 -28 -4 8 -3 -6 15 -15 -13 15 23 -4 -46 -21 -3 -3 -37 24 7
-14 9 -57 -7 6 -18 3 -1 -10 -52 -7 -22 23 -7 -12 -10 -32 3 -12 75
93 -8 -16 26 -9 -11 -22 -20 0 33 30 5 0 8 4 13 16 -28 -16 5
8 13 7 -16 -2 -34 4 -6 28 -20 -53 -38 -13 3 -19 -37 13 -21 17 23
12 -18 17 -16 -2 -16 -17 22 -71 -19 -18 -22 -2 -25 30 -3 -9 2 9 -15
2 -5 -6 -17 7 1 -2 -12 -20 -12 -12 -14 -4 -5 -1 16 -10 21 41 6
8 -1 -15 -12 -6 40 -24 -22 -21 14 -19 -27 18 0 -15 8 -1 10 32 -5
-12 -19 -14 -7 -1 9 -4 -14 -5 -16 1 -7 4 -14 -2 -13 15 2 -4 -5
-4 -13 0 5 1 -18 36 -33 -14 -5 -5 -11 -2 5 3 -15 -10 4 -26 15
-4 -29 -10 -11 -8 -19 1 -3 -27 -19 25 -8 -15 9 2 3 7 25 16 -16
-5 -1 -14 -15 24 37 0 -10 0 32 -7 13 -5 -4 -14 -5 -18 -44 8 -34
-6 -26 -1 7 -12 11 18 15 9 -2 8 3 6 17 6 6 -11 7 2 5
-5 14 -3 -3 -4 7 -4 4 -16 -11 7 23 -16 -8 7 3 -15 -22 11 3
2 9 9 -15 2 4 -7 -6 6 0 0 3 0 -5 -6 -11 -14 -1 13 1
-6 17 -4 16 -5 -2 12 -2 -10 2 -3 3 5 -5 0 -4 11 -17 -6 17
-2 10 1 -10 -1 12 9 5 4 -15 8 8 4 -4 6 -11 -3 -5 1 4
5 11 10 -3 7 -3 -2 1 5 8 17 -9 9 -1 -9 7 -3 7 3 -3
-6 1 2 -4 13 -2 -1 6 7 16 -10 1 -7 3 -5 6 25 7 -3 -23
1 -38 -9 1 -13 0 -4 2 -3 -7 -11 -16 -11 47 -12 5 30 9 -5 -18
0 -21 -4 -10 -5 -24 3 -11 21 -10 -20 0 -5 -20 13 -9 -3 3 -2 -32
6 5 -10 -17 -20 -9 -12 -3 7 -6 -17 16 1 0 0 6 -16 -10 1 1
3 0 24 15 -11 0 33 18 -21 1 -5 0 12 6 -6 6 -19 -3 19 -8
-20 -12 12 -17 2 -14 -9 5 8 21 21 30 -9 -5 7 2 5 -9 6 -4
6 -20 -16 2 7 5 -14 6 -24 -8 -17 13 -5 -8 -3 2 2 7 4 -11
2 -106 -18 4 1 2 -5 -5 4 10 -7 -1 5 -5 -3 -1 4 2 13 -10
-4 2 16 3 -3 -4 -18 -12 -2 -2 -6 -14 5 11 -2 7 3 -9 0 1
-13 4 -8 -2 4 3 -3 6 0 1 -8 0 -3 11 2 -8 -3 4 4 19
15 -2 -3 1 -1 3 5 -13 6 10 -1 1 25 19 -2 7 9 0 -8 6
4 11 -2 -3 -1 7 7 7 -5 -2 1 3 3 20 7 0 7 4 7 4
-1 -20 24 -25 7 4 1 -4 1 12 5 0 -5 -7 4 -7 0 9 -6 -4
4 3 4 11 52 -18 19 -18 -15 -28 0 19 25 22 -35 11 -33 -9 15 -2
-3 -1 -5 -1 57 -11 -31 0 -14 12 54 -3 29 -14 -16 13 17 9 -20 -47
41 17 -3 7 -14 -57 18 0 18 -48 38 2 -8 -25 -33 9 -11 -17 24 26
-32 -2 -30 -4 2 -38 40 -51 -16 -16 -21 -18 -2 -22 -20 -34 25 38 -53 16
-15 -15 17 22 -6 7 -8 -47 -11 -5 -31 -20 40 3 16 -31 -16 -14 16 11
-26 1 15 17 0 13 7 6 28 -6 -14 13 -27 4 -5 28 -49 -23 13 8
-5 20 7 -19 -40 -2 6 22 -48 -15 -7 36 -13 2 13 -15 7 27 -6 -21
13 -5 -2 10 -11 -17 8 15 15 0 4 -15 7 0 38 -8 -12 6 -21 -27
37 0 19 -19 -13 4 11 -6 -3 -2 -1 -5 -35 1 -28 5 -1 31 -11 -7
-4 5 48 13 -5 7 -22 -13 5 -10 -10 -1 4 -26 7 -21 -3 0 -53 8
9 -2 -5 8 -1 1 25 -2 -16 12 -20 18 22 4 -4 -23 -3 -6 -14 3
-5 -19 -13 -11 -6 -12 -8 14 -23 1 -6 3 -14 -8 -5 -6 21 -3 10 -19
18 -3 3 1 7 5 -12 8 0 15 -4 13 6 14 29 -4 -18 29 -9 -23
0 18 -5 -20 3 3 -5 -11 -10 20 31 -8 -21 -6 -9 -4 -15 -14 -18 -6
6 -11 -18 8 33 -36 7 -25 -1 -14 17 -23 18 -7 -30 -30 -9 -16 30 15
-15 -12 13 8 12 -13 10 -4 -13 -15 -7 -19 -21 -16 -17 -19 -8 70 -7 -7
-10 -6 -7 50 5 -8 -10 3 2 20 18 15 10 28 6 7 7 -2 -7 -23
-20 -23 -5 4 2 28 -7 7 28 -10 11 25 1 -16 -5 18 -28 -13 -8 0
-17 -1 -3 10 10 4 5 -7 11 -17 16 3 -14 12 16 -14 -32 -21 -6 -12
20 -3 -18 4 -18 -11 -19 -7 -4 3 -6 -6 -2 -18 22 -6 -9 0 15 9
-10 -27 -10 15 0 -13 -5 7 -5 -1 4 -5 -6 47 11 -37 7 -10 15 -7
-16 -5 -17 1 8 -7 7 -12 -7 -19 12 9 -15 -3 -10 -5 5 -2 -8 -24
5 -3 -1 4 -16 4 9 -9 49 0 -2 -6 5 -4 -8 1 22 4 23 -5
19 10 -9 -4 7 -8 0 8 -6 3 8 1 -9 1 19 -23 11 -12 -1 16
21 -5 -11 6 17 -12 -1 -10 -3 -16 -62 7 -12 38 5 -5 -1 -29 -10 9
3 20 -15 -14 14 -17 -39 -2 -15 10 -7 2 0 -1 -10 3 -14 -44 -5 -10
8 -51 -15 -77 14 11 -5 7 -23 56 28 5 -22 -17 7 -13 30 5 19 4
16 -19 20 20 23 -4 90 -8 -19 10 -17 25 -8 -19 -12 -13 -2 8 9 -16
-5 -35 -15 3 -19 10 -16 6 11 1 -13 -46 -11 -16 9 -5 -1 8 -13 -13
-12 4 -17 -11 -30 3 -18 -1 3 12 -11 -10 -1 -13 -21 -28 3 8 5 4
-14 -22 -4 19 -10 -46 -2 -8 2 -30 -12 7 -33 -50 -10 0 17 30 9 -11
-23 -67 -45 -9 9 -40 -12 -1 -48 -21 -6 -26 -29 -26 -13 -14 7 -14 -4 -4
0 -4 -19 -11 5 -23 2 1 -2 16 5 4 -28 -7 4 12 7 -13 1 17
-3 -3 6 6 4 11 -10 -2 4 6 13 -12 -23 -11 -13 6 -1 8 2 0
9 2 7 8 -6 1 4 10 -7 10 -6 15 -4 -1 9 -10 3 4 -3 3
8 15 -9 -6 3 9 5 -6 10 2 2 1 -1 -5 -7 4 -3 -7 -9 13
-4 -10 4 8 2 1 -1 4 -7 3 12 10 2 9 -7 19 6 0 -5 1
-1 -101 7 7 0 -5 4 -68 0 -10 -1 14 13 5 -6 -2 -4 -8 0 14
3 -6 5 -6 4 15 -8 -6 18 4 1 -8 3 5 -12 0 4 -8 -5 6
-4 1 -8 0 -4 -39 7 5 -6 5 -4 -7 -16 13 2 6 0 -15 3 -20
-3 5 -2 -19 -11 7 0 -3 -5 -11 18 -23 -13 1 -5 -11 -2 3 5 -3
4 5 9 -7 -8 -1 -13 -4 8 -8 4 -7 -6 -12 1 -4 -17 -10 -10 -16
-19 -12 -2 -18 -11 -2 -6 0 -20 -20 -14 3 0 -4 -4 -7 -9 -3 3 3
-9 2 -13 -24 -7 1 5 3 0 2 -10 0 8 -17 4 9 2 53 -12 -16
22 0 3 4 0 -4 -10 6 2 -8 -7 -7 6 -8 0 6 -10 14 -12 -3
6 -4 -1 -10 -11 14 32 4 15 -1 -18 5 4 0 -3 13 5 -7 -11 -2
-22 -7 -6 -3 -3 -3 2 2 12 8 -8 -37 -18 -1 9 13 -15 16 1 0
-9 -5 10 9 -6 17 -28 -24 4 0 -1 -12 -7 -24 4 -5 5 24 -17 -16
16 -12 2 -12 4 7 -1 -11 5 -8 3 -12 6 -1 -7 8 3 7 -2 16
-2 -10 24 14 -6 7 6 29 -1 -8 0 -5 -14 -9 0 -8 -5 -32 -19 -21
9 22 13 24 -4 -3 -23 -17 -27 -19 -15 -16 -19 11 -17 -18 -10 -37 1 -12
-7 18 10 9 8 2 -3 -19 -15 -6 -3 4 -11 4 -19 19 2 14 6 -14
5 -4 -2 13 -16 -11 4 7 6 5 -8 3 -39 0 -14 -1 35 -8 -15 -2
-5 -17 5 -6 -9 18 9 4 3 4 9 6 -4 -11 -3 -16 -22 -3 2 -1
-4 -1 -7 6 -6 6 -37 10 4 -15 -18 12 14 1 14 -23 1 11 7 -14
-26 -26 -12 -10 -12 9 5 -14 -4 15 -9 13 10 15 32 -1 7 26 3 -14
-5 6 -6 17 -10 -3 -9 -12 -1 13 4 -5 17 2 -7 -21 -19 -6 0 -20
-24 -21 -23 -9 -3 3 0 4 -8 -4 -24 -6 -20 -12 -15 17 -1 -16 -9 3
-1 11 4 6 19 -23 1 2 12 -12 -31 13 4 -18 8 11 2 -10 -10 3
12 -13 -11 -6 21 34 4 -14 8 -12 -19 -4 -3 -16 5 -9 5 19 -12 7
9 -24 7 -25 -1 0 -8 0 -4 2 -1 -31 4 -13 5 -8 0 -13 20 3
-7 5 9 -23 -15 5 4 -7 -4 8 -4 -1 14 13 -15 -8 4 -15 -11 -8
-4 -1 -3 -3 7 -21 3 -25 10 24 18 -14 -19 2 -14 -8 9 -14 15 -5
-2 15 -6 10 -1 8 -2 -13 -11 -1 -3 -16 -10 -7 7 -11 -6 26 18 -37
-3 4 -4 -4 0 2 -12 -11 -14 11 -12 12 -13 11 -6 26 -3 15 12 8
17 -22 0 -7 -14 -26 5 8 -19 -21 -10 -3 -12 28 7 -27 -17 25 -7 9
-3 -24 1 -7 -10 1 -4 -5 -4 7 5 8 -13 -8 2 -10 -4 -5 3 -2
-10 -23 -2 5 -13 4 4 -10 -3 -4 -4 -1 10 -9 -6 9 8 7 8 -17
-6 -2 -11 -1 8 -9 -10 -14 -8 -2 -3 10 -4 10 3 -1 -10 -9 -20 22
15 16 -1 5 11 -5 -3 8 16 -24 -4 -8 21 -6 7 15 2 -5 -15 -4
5 -19 4 -10 5 3 11 -2 6 -21 -11 11 0 17 1 -26 -6 10 7 -17
-2 13 -42 -15 -8 -4 -15 1 -11 3 -5 11 1 6 1 26 10 12 5 -7
12 -4 -13 -43 -3 4 -22 -5 -3 30 47 -22 -16 -37 -4 6 -12 -10 -13 -20
2 5 -17 -23 3 0 3 15 -28 -26 -18 3 2 -7 -5 -16 -13 1 4 -4
-8 1 -14 -23 2 9 28 -14 4 -17 -25 -4 -7 -7 18 2 -11 -19 -27 0
6 6 -8 2 -9 -21 8 5 -9 -22 -7 -1 -20 -8 -3 -31 24 5 21 -18
-32 1 7 -1 -25 10 -4 -22 -24 -11 -21 -10 -15 4 42 -22 -15 -20 -13 6
-8 -26 -19 35 -18 -8 3 -20 7 -13 -34 10 -36 -3 55 8 19 25 0 1
-29 11 -8 -18 4 3 -18 -26 54 -12 -25 -23 -16 -23 -13 -29 -1 -4 -28 -33
-5 -21 -23 11 26 -42 -12 -20 -32 -10 -27 39 10 -14 17 32 16 -2 -54 -7
13 -19 70 -24 -36 -25 18 -7 1 -17 -3 20 15 -2 -82 -27 -6 -16 -10 4
-19 -33 -22 -3 2 19 -12 50 -7 -20 -19 -12 -6 -27 -38 59 42 -19 -31 -55
-22 26 2 -17 6 -26 -39 35 -5 64 4 8 -48 18 0 -25 17 5 16 11
-22 -7 -8 -43 -41 10 33 -5 -3 5 -10 2 -12 -3 -18 51 -11 1 -51 4
-10 -28 -16 -10 -6 -17 -21 -9 10 -11 -10 -5 -13 -42 -12 -4 38 13 -7 -8
-25 0 24 -10 -33 -11 -4 -11 -13 -21 35 2 -14 -9 -18 -6 1 -8 -22 -29
23 41 4 -12 15 18 0 -6 2 -12 -6 -27 12 10 -13 -4 -1 -3 0 15
-18 42 9 -15 14 -11 6 -8 -33 13 19 -7 -20 -8 -13 -18 -10 45 -13 18
-15 -20 -4 -5 11 1 -4 3 -16 -8 3 -16 -22 -12 -16 19 35 -10 -18 -4
-11 39 -7 11 -40 -39 1 9 0 13 14 34 -10 21 -15 -31 0 -10 17 -11
11 -16 23 -9 2 1 -9 -5 8 -4 0 11 -18 1 -14 8 9 10 -8 -12
-7 8 2 -31 10 -9 -3 3 -35 4 -7 1 -12 -7 -12 -8 -2 8 -5 -20
1 17 7 -15 -3 8 1 1 5 -2 -7 11 16 10 -4 2 7 -6 11 -16
-4 -2 0 3 15 -23 -10 11 4 22 -8 4 -1 -15 4 -7 -5 -18 13 18
-2 -16 0 12 16 7 -2 7 4 -12 0 14 6 23 -2 -5 2 -24 -3 -19
-18 12 -4 12 -14 0 14 3 -15 -36 18 -27 6 5 10 4 -17 5 -17 -2
14 -8 -10 -4 -12 -4 -14 -12 9 -7 -31 -6 -41 4 -20 -17 -1 -11 -2 -10
9 -10 -7 30 3 -16 -27 -1 -15 -31 -9 -42 12 3 0 -35 -18 -14 16 -16
-15 -13 -8 9 -16 4 16 42 -8 2 -19 -23 23 12 -29 -6 -9 -3 -13 -16
34 -16 13 6 1 -16 -6 -13 -9 1 18 -21 9 -15 26 -25 17 -3 21 -20
-15 20 -8 -31 -17 6 4 14 -13 -8 22 31 -11 -31 -13 33 4 -19 30 -9
-3 -1 -13 -4 -13 33 -6 -33 10 22 25 -63 6 11 -8 7 -24 -35 -16 -12
-19 -42 13 0 13 -17 33 -4 -32 8 -19 4 3 21 3 -5 8 7 7 -5
5 15 0 -5 16 9 1 -1 10 0 -2 2 -3 8 9 3 2 -2 3 32
22 9 16 13 -10 -4 6 9 -1 10 5 5 7 5 16 3 -1 16 11 2
2 8 6 8 2 -9 0 27 5 -7 -13 6 6 7 7 17 -8 3 -2 4
0 4 -4 10 0 -8 -7 0 4 14 -6 5 1 1 6 9 7 6 -13 -2
12 -5 0 2 3 4 -7 7 -8 -5 6 -7 6 6 4 -3 -16 5 3 -10
10 6 3 6 7 4 17 0 5 -4 -3 5 10 5 -7 -12 1 6 0 4
0 -3 12 4 1 -7 -6 -3 -13 -8 -5 12 -6 -9 5 -27 -11 -14 -12 6
-12 10 5 1 -22 0 11 10 19 -16 -10 -12 -3 1 7 -8 -15 -1 -12 -9
-13 -7 23 -11 4 -5 -13 6 5 1 -3 6 -7 -2 0 1 -8 6 -2 -2
-42 -1 -11 -8 2 -5 4 -1 67 -2 -4 -4 2 -11 -14 -6 5 6 -3 -9
-8 -7 -8 9 -6 -7 -6 5 -17 -14 -16 2 17 5 8 5 -3 -5 3 -2
-9 12 31 -27 5 15 -15 -1 8 -2 12 -2 -10 -15 2 12 -3 4 -103 3
10 42 -7 11 -4 -1 -9 21 5 -36 -18 -16 49 7 36 3 17 -14 -18 -7
-40 8 49 -8 2 -29 -17 1 -17 25 -31 20 -3 -3 -3 -5 31 -7 -12 -13
-2 -12 0 -1 4 40 -16 2 2 19 47 14 -20 15 4 8 -24 22 -33 -18
-23 51 -4 -19 16 12 -23 26 14 -11 -12 -29 4 35 2 39 32 11 -12 -9
5 28 -18 -2 2 20 -1 14 -24 -12 22 -12 -3 -17 -2 10 -19 -19 6 -16
-5 24 -5 -7 -22 0 -9 28 25 -40 2 -23 4 5 -8 -30 -11 20 -25 -35
-25 -51 -7 -39 -18 14 28 0 22 4 -7 -17 -19 -11 12 41 -25 -42 -16 0
3 7 -9 -18 -3 -27 -7 5 -39 -7 -9 -5 -2 2 -14 16 -1 14 -15 21
40 15 -9 -43 16 4 -21 -34 -29 -49 -25 0 15 -28 -14 12 -31 12 15 -8
-14 -38 -7 11 -8 -10 -26 24 -15 -17 7 -3 -5 31 -38 -15 -1 -43 1 -9
-19 -14 11 -6 8 12 -16 -32 -18 -9 18 5 28 -12 49 -22 -28 -39 -21 -17
-18 26 5 -4 5 7 4 -8 -5 -23 30 1 -1 21 39 12 35 -2 -24 1
20 -11 -11 6 -15 -16 32 -5 1 -12 -35 17 -23 16 8 9 -20 1 24 12
-30 12 12 -11 -8 -6 22 -2 -19 10 -11 -36 -1 3 15 -24 -26 5 34 18
-14 12 -5 -11 25 -29 -6 7 19 29 8 -11 23 32 -29 -34 -18 -57 16 -40
13 16 13 10 -12 0 26 -12 6 -20 25 -5 -3 4 -16 -7 -19 -24 48 -8
10 -7 -40 -16 2 -26 -26 -3 -6 8 -2 5 -3 2 23 -23 -22 -8 32 31
-7 1 -1 17 -22 1 10 -3 -12 -2 10 -13 31 -17 5 0 -50 8 -4 -33
-6 15 -38 -11 12 -15 -1 16 -20 -12 -8 -10 1 36 -50 8 -29 -12 -9 -21
-12 -24 -12 36 4 -1 43 40 -4 2 -23 -17
