0.003345 -0.077534 0.072859 0.182699 0.572366 0.076168 -0.195937 -0.540007 -0.238486 -0.015234
0.078742 0.102486 -0.253614 -0.152967 0.063351 0.155278 0.007886 0.010224 0.058623 0.151286
0.000176 -0.310977 -0.847623 -0.167465 0.243739 0.572786 0.164103 -0.043153 0.017978 -0.011701
-0.119453 -0.019160 0.197197 -0.007170 0.027920 -0.169146 -0.150551 -0.194466 -0.072229 0.389562
0.222096 -0.021537 -0.169567 0.002221 0.065190 -0.019528 -0.121554 0.049115 0.118823 0.161477
0.165154 -0.130064 -0.203816 -0.064086 0.007991 -0.014984 0.102486 0.104167 -0.202555 -0.364347
-0.084311 0.189528 0.269373 -0.004442 -0.217054 -0.113990 0.368340 0.781645 0.026226 -0.271895
-0.797614 0.153597 0.037900 -0.039266 0.004340 0.073017 0.081526 -0.127858 -0.088408 -0.045517
0.126912 0.009666 -0.076221 -0.058728 0.022049 0.092663 0.157590 -0.043285 -0.139624 -0.027394
-0.005745 0.150446 -0.047828 -0.351740 -0.957305 -0.071651 0.011340 0.742983 0.051348 -0.039214
0.329257 0.081159 0.256136 -0.460582 -0.453858 -0.242688 0.254455 0.323164 0.098966 0.000503
-0.030205 -0.113990 0.090141 0.206548 0.124496 -0.060199 -0.194466 0.082104 -0.158640 0.103326
-0.216003 0.177446 0.340814 0.198143 0.148239 -0.447555 0.070180 -0.239957 -0.002687 0.003002
0.729956 0.406161 0.097601 0.194676 -0.308876 0.030993 0.143617 0.173034 -0.096287 -0.171878
-0.054736 0.009403 -0.133531 -0.029995 0.455332 -0.636781 0.236910 -0.701144 0.929837 -0.242844
0.221276 -0.259962 0.055148 0.054977 -0.152576 0.073207 -0.090382 -0.037773 0.022310 0.131807
0.100881 -0.082108 -0.467885 0.550964 -0.138654 0.592503 -0.921164 0.174259 -0.234399 0.403294
-0.046332 -0.163874 -0.306978 0.127813 0.242616 0.416076 -0.174145 -0.200164 -0.182589 0.113205
0.126557 -0.104818 0.012853 0.044392 0.170036 0.042851 0.021397 -0.027003 0.003791 -0.080910
0.138312 -0.063050 0.027574 0.002858 -0.103277 -0.002789 0.061681 0.047502 -0.266124 0.124161
0.013616 0.070126 -0.091751 -0.017246 0.046988 -0.088670 0.096145 -0.504860 0.623543 -0.283698
0.686080 -0.836716 0.200963 -0.155772 0.213630 -0.092094 0.171520 0.394850 -0.052894 -0.182361
-0.384579 0.123134 0.137627 -0.031782 -0.111950 -0.028387 -0.154859 0.111494 -0.114803 0.046503
-0.004904 0.181676 0.060882 -0.077715 0.602545 -0.820283 0.156228 -0.666451 0.808871 -0.205299
0.132834 -0.223216 0.118341 0.133062 -0.075033 0.053151 0.508968 -0.597067 0.024963 -0.208837
0.310402 -0.141735 0.141164 -0.238736 -0.002824 -0.169922 0.254712 0.006983 0.028943 -0.050640
0.059285 0.042909 -0.004754 -0.042024 0.106872 -0.981418 0.678776 -0.201875 0.692470 -0.357647
-0.016062 0.069156 -0.095004 -0.556898 0.636781 -0.069213 0.129753 -0.301501 0.202788 0.121422
0.015263 0.007945 -0.117884 -0.251060 -0.113377 0.093349 0.057972 0.091409 0.090349 0.077968
-0.042117 0.016633 -0.069913 0.052310 0.016272 -0.124411 -0.075979 0.632495 0.238081 -0.685799
1.116214 0.055194 -1.686652 0.767347 0.435586 -0.554129 -0.024067 -0.063051 -0.081001 -0.018062
0.097311 0.118941 0.019517 -0.068073 -0.094576 0.082194 0.106609 -0.003509 0.068719 0.214014
0.183284 -0.003052 -0.033887 0.015613 0.008080 -0.137041 -0.120035 0.084084 -0.086471 -0.083835
0.129681 0.113571 0.103427 -0.537422 -0.058973 0.181792 -1.068478 0.310678 1.401831 -0.599080
-0.091940 0.277860 0.133858 -0.003251 -0.095918 0.118742 0.028691 -0.124609 0.038412 0.077172
-0.030009 0.064691 -0.082990 0.043733 0.058178 0.077670 0.171350 -0.031873 0.070658 0.010138
0.030332 0.060017 -0.031177 0.061509 0.066482 0.247230 -0.011953 -0.024377 0.008037 -0.304711
-0.109294 0.218390 -0.251407 0.009087 0.525488 -0.055492 -0.224953 -0.167870 -0.021506 -0.015688
0.180699 -0.101438 -0.126797 0.189450 0.007484 -0.147483 0.074885 -0.007272 0.040202 0.111283
0.004553 0.026926 0.148875 -0.020909 -0.088559 0.080902 0.125504 0.133958 0.173439 0.126996
0.063846 0.160312 0.005740 0.021705 0.063349 0.145096 -0.000659 -0.066133 0.266523 0.027970
-0.050072 0.180400 0.008807 -0.065736 0.056984 0.012207 0.066034 -0.035130 0.025683 0.311673
-0.054498 -0.039034 0.059122 0.348270 -0.100046 -0.385265 0.593908 -0.176024 -0.656362 0.555322
0.121427 -0.267318 -0.569378 -0.308452 0.034247 -0.420976 -0.066979 0.061446 0.030548 0.203499
0.119281 -0.096741 -0.009785 -0.153294 0.098313 0.177173 -0.022103 0.088703 0.047031 -0.133375
-0.463144 -0.299832 0.012537 -0.333380 -0.165059 0.034217 0.046332 0.150382 0.064533 -0.663964
-0.454757 -0.045546 -0.432159 -0.231455 0.001405 -0.020574 0.037188 0.106991 -0.000366 0.026544
0.006145 -0.029500 0.066222 0.013592 0.022496 -0.038527 -0.003260 0.065697 -0.043798 0.025001
0.128599 -0.007601 -0.000870 -0.032820 -0.068610 0.100759 0.008969 0.040333 0.001280 0.010003
0.066047 0.060223 -0.024083 0.042837 0.002610 0.036169 0.080142 0.042226 0.024112 -0.043012
0.067328 0.028364 0.077229 0.044177 -0.554002 -0.426801 -0.053700 -0.506476 -0.392787 -0.020065
-0.003691 0.082762 0.073327 0.155507 0.110486 0.043886 0.130696 0.053467 0.012289 -0.090742
-0.098371 -0.097032 0.079792 0.064533 -0.042779 0.085500 0.053117 -0.003578 0.095285 0.013665
-0.038294 0.154226 0.081714 0.052214 0.132793 0.005795 0.023472 0.004874 -0.017065 -0.005981
-0.086781 -0.102740 -0.036722 -0.090392 -0.016832 0.092722 0.044410 0.100061 0.117941 -0.008620
-0.071929 -0.087597 0.067736 -0.097207 0.017458 0.038527 0.027403 -0.086723 0.163428 0.109496
0.045313 0.102099 0.125687 0.044497 0.026238 -0.023166 0.007637 0.030839 -0.014269 -0.059582
0.131395 0.067503 0.028917 -0.028801 -0.077812 -0.032092 -0.408692 0.579541 -0.347617 0.561783
-1.211816 0.848594 -0.127262 0.594069 -0.518465 -0.000302 -0.111792 0.179862 -0.096187 -0.085559
-0.028789 -0.112262 0.165199 0.137890 0.608598 -0.487793 0.337931 -0.714067 1.071908 -0.821688
-0.046513 -0.625818 0.484027 0.230713 -0.315061 0.092756 -0.256946 0.049304 0.094841 -0.029445
0.310487 -0.154975 -0.037432 0.253986 -0.073922 -0.083137 0.207036 0.136006 0.176499 -0.146769
-0.005936 -0.077286 -0.012006 0.055593 -0.044831 0.056030 -0.040661 -0.150804 0.218337 -0.038576
-0.104124 0.225736 -0.260309 -0.169234 0.011376 0.157531 0.160356 -0.329859 0.100088 -0.596760
0.696310 -0.191566 0.594069 -1.088589 0.537568 -0.082936 0.583845 -0.417301 -0.316676 0.370755
-0.002415 0.219413 0.016177 -0.193987 0.081523 -0.323940 0.246453 0.030386 -0.032118 -0.116635
0.021171 -0.103451 -0.014470 -0.079236 0.181611 0.087510 0.442862 -0.567164 0.088249 -0.707610
1.314056 -0.638732 0.114348 -0.500977 0.447435 -0.089998 -0.058485 0.222911 -0.178517 0.087308
-0.094841 0.190221 -0.061445 -0.038407 0.104931 -0.173405 -0.018817 0.151881 -0.013200 0.066826
-0.121948 0.280084 -0.124034 0.011502 0.312371 -0.385822 -0.120469 -0.183225 0.372101 0.207844
0.046210 -0.137150 -0.078025 0.143943 -0.156589 0.355688 -0.210669 -0.146769 -0.237305 0.148383
0.096994 -0.009316 -0.096254 0.196543 -0.020213 -0.127464 -0.176230 -0.020196 0.173270 0.005507
-0.109117 -0.137609 -0.198475 -0.073127 0.029220 0.076038 0.154987 0.097297 0.065232 0.167160
0.084683 -0.044017 -0.236406 -0.334320 -0.084065 0.164161 0.068408 0.166190 0.109382 0.227408
0.246815 0.106471 -0.135316 -0.316325 -0.218587 -0.177657 0.007349 0.040379 0.082477 -0.008783
0.017697 -0.050589 -0.060998 -0.106735 -0.031535 0.022538 -0.066996 0.109382 0.108323 0.183303
-0.031954 -0.076744 -0.156928 -0.106118 -0.004278 0.078067 -0.083845 -0.089843 0.119879 0.042363
-0.023288 -0.087814 -0.045517 0.021468 -0.198299 -0.230055 -0.116968 0.146166 0.425531 0.346317
-0.058969 -0.205708 -0.196005 -0.178892 0.132934 0.333967 0.145901 0.208531 -0.218764 -0.194594
-0.344200 0.031932 -0.029948 -0.075553 0.086491 0.032947 0.111146 0.031734 0.008430 -0.037534
-0.092445 -0.062101 -0.100649 -0.046620 0.022847 -0.138491 -0.171659 0.171571 0.103825 0.181362
-0.011931 -0.246462 -0.422002 -0.202180 -0.144225 0.332556 0.303446 0.315267 -0.084330 -0.218940
-0.479516 -0.204473 0.263928 1.045126 0.650645 -0.086623 -0.495394 -0.019848 0.167513 0.179333
0.042849 -0.219116 -0.263928 -0.163367 0.104530 0.140520 0.042562 0.035527 -0.258635 -0.129582
-0.008341 0.409300 -0.037865 -0.025912 -0.187713 0.295684 -0.004160 0.230055 0.235347 -0.172012
-0.406124 -0.203944 0.199886 0.548673 0.268868 0.145989 0.072598 -0.015547 -0.058749 -0.132405
-0.000089 -0.095974 -0.042694 0.011975 0.134753 0.179502 -0.537499 -0.449260 0.385224 -0.009367
0.287153 -0.627754 0.451277 -0.014654 0.074183 -0.018908 -0.082881 -0.146854 0.147106 0.012235
-0.026188 0.068448 -0.176225 -0.259673 0.507246 0.586912 -0.580357 -0.088491 -0.357492 0.503716
-0.364551 0.001662 0.533465 -0.353458 0.295977 -0.661537 0.405141 -0.289170 0.140930 -0.091894
0.314381 -0.370350 0.004644 0.033247 0.316146 -0.159586 0.055716 -0.004518 0.013354 -0.100214
0.088617 0.087356 -0.165510 -0.061074 -0.009738 0.121895 -0.027874 0.034508 0.064131 -0.127190
0.102294 -0.064729 0.366568 -0.277069 -0.112252 0.064855 0.102231 0.190217 -0.015339 -0.113828
-0.667588 0.828938 -0.402116 0.333037 -0.835493 0.686748 0.160972 -0.272783 0.411696 -0.292700
0.520355 -0.670613 0.080423 -0.125299 0.183410 -0.072608 -0.120193 -0.020815 -0.009194 -0.060727
0.064666 0.146098 0.003762 0.137274 -0.272279 0.051336 0.100970 0.598005 -0.725573 0.325978
-0.180385 0.809273 -0.658512 -0.085465 -0.153787 0.334298 0.109290 0.161729 -0.410939 0.044592
-0.203831 0.157947 -0.078406 0.165132 -0.220218 0.081369 -0.169670 0.226269 0.097945 -0.037249
0.028646 -0.009706 0.472706 -0.480774 0.529431 -0.601535 0.435142 -0.591955 0.676664 -0.422032
0.113323 0.149249 -0.251228 -0.078343 -0.414469 0.381695 0.020043 0.215050 -0.226269 -0.029607
-0.000715 0.029465 -0.001360 -0.113450 -0.008721 0.107840 -0.050769 0.053038 0.049542 -0.041093
0.099617 0.064489 -0.207395 0.261506 0.003706 -0.042889 0.216976 0.008649 -0.003515 0.071542
0.048168 -0.047768 0.066663 -0.005475 -0.108044 -0.013084 -0.075888 0.150623 -0.089593 -0.101657
0.260442 -0.204911 -0.006708 0.146454 -0.126318 0.026568 -0.026634 0.090480 0.024993 0.037057
0.231523 0.005217 0.043400 0.147341 -0.053667 0.134745 -0.082674 -0.063558 0.141841 -0.095891
-0.014038 0.063248 -0.030781 -0.026900 0.006448 0.032555 -0.066264 -0.059832 -0.051627 0.033708
0.043377 0.024261 -0.011443 0.052425 -0.001867 0.005500 0.128003 0.005722 0.008266 0.094916
0.004918 0.022642 -0.000515 0.020214 -0.041359 -0.154349 0.075179 -0.050917 0.019149 0.084537
0.023529 0.140333 -0.029850 0.026390 0.281021 0.020635 -0.006293 0.219992 0.036591 -0.030670
0.044686 0.084094 -0.080368 -0.086710 -0.053623 0.019959 -0.041359 -0.000742 -0.098198 -0.107601
0.035948 -0.028076 0.040428 0.029384 0.008327 -0.062582 -0.028830 -0.096335 -0.052558 -0.005771
0.022975 -0.064800 0.032755 0.001129 0.043289 0.039009 0.007108 -0.076154 0.042025 -0.013129
-0.065953 0.084227 0.032954 0.014736 0.095803 0.072828 0.020757 0.043444 0.071542 0.187170
0.094383 0.004557 0.230991 0.043777 -0.070876 -0.074469 -0.009824 -0.100948 -0.004818 0.040783
0.038432 0.023552 0.070610 -0.016799 0.006459 -0.032577 0.046837 0.064135 0.027876 -0.029717
-0.026412 -0.032577 -0.162605 -0.133234 -0.008799 0.106151 -0.094818 -0.045440 0.054060 0.046797
-0.005065 0.139087 -0.015564 -0.091040 0.040625 -0.063105 -0.237097 0.121848 0.134298 0.004386
0.112270 -0.119613 -0.092743 0.109078 -0.061828 0.065340 0.045014 0.032165 0.015324 -0.020672
-0.099979 -0.016481 0.083644 0.138555 0.084070 -0.021310 0.081196 0.133979 -0.067096 -0.004629
0.164202 -0.009824 0.115143 0.098702 -0.014965 -0.014792 -0.061083 0.045307 -0.096946 0.011300
0.172183 -0.147494 0.030249 0.133553 -0.097744 0.006777 -0.031180 -0.001177 0.056667 -0.029345
-0.022507 0.013049 0.038789 0.026857 -0.066404 0.262850 -0.098542 -0.199000 0.297542 -0.032111
-0.090188 0.023545 0.002715 -0.019940 -0.029158 -0.030595 0.008301 0.031313 0.052996 0.047356
0.005371 0.074386 0.122380 0.437587 -0.005810 -0.553369 0.867512 0.052437 -1.121211 0.518039
0.145472 -0.678941 0.159626 0.047941 -0.133766 0.272428 -0.026338 -0.104395 0.149622 -0.080877
-0.088752 0.229648 0.044855 -0.075184 0.228158 0.003927 -0.148665 0.075237 -0.113121 -0.094020
0.005650 0.008028 0.037618 0.125253 0.079334 0.045733 0.038257 -0.021722 -0.007808 -0.018264
-0.001709 -0.036129 0.141322 0.047489 0.025075 0.133021 0.039933 0.004007 0.283282 0.079387
-0.120783 0.368629 0.002574 -0.092157 0.086411 -0.045653 -0.157604 -0.825371 0.133447 0.818560
-1.450678 0.016255 1.377463 -0.839844 0.003608 0.770034 0.001776 -0.177784 -0.054064 0.031822
-0.195159 -0.017007 0.006123 -0.062325 0.009206 -0.046657 -0.057128 0.038338 -0.063760 -0.095951
-0.038997 0.070159 0.081213 0.079972 -0.045338 0.060502 -0.009003 -0.059998 0.197951 0.035371
-0.020652 0.027401 0.040490 -0.034576 -0.084393 -0.047626 -0.007034 -0.081290 0.065040 -0.005939
-0.020633 -0.000517 -0.067871 0.022378 0.022669 -0.070315 -0.031512 -0.006574 -0.011111 -0.000386
-0.045881 0.003900 -0.037213 -0.029029 0.033238 0.112938 0.064807 -0.039714 -0.010355 -0.009473
0.024182 0.012420 0.013468 -0.024337 -0.105957 -0.096416 0.024123 -0.042235 -0.063760 0.093701
-0.007272 -0.048014 0.162891 0.156841 -0.046501 0.031357 -0.019431 -0.036321 -0.017007 -0.058641
-0.043438 0.034595 0.099674 -0.060153 0.001651 0.036437 0.024065 -0.064575 -0.020323 -0.054607
0.035952 0.148619 0.032966 -0.031007 0.032345 -0.031725 0.098820 0.145438 0.038279 -0.013923
-0.070935 -0.002567 -0.019450 0.055460 -0.008455 0.132485 0.139853 0.004892 0.123642 0.162270
-0.028506 0.009444 -0.062131 -0.042623 0.094166 -0.000639 0.004465 0.125348 -0.018131 0.013332
0.048053 -0.049294 -0.019208 0.081213 -0.123642 -0.069035 -0.139776 -0.117902 -0.210672 -0.086255
-0.222773 -0.143266 0.169251 0.157539 -0.020924 0.185075 0.168786 0.011606 0.006530 -0.024472
-0.097114 0.029010 0.013051 0.070741 -0.083850 -0.099363 -0.044640 0.062092 0.052397 0.068337
0.021121 0.051876 -0.005980 -0.047248 -0.079224 -0.008756 0.035236 0.070346 0.105015 0.604508
0.973406 0.791650 0.178222 -0.015967 0.263883 -0.640186 -1.402890 -0.717601 0.075101 0.062016
-0.038644 -0.071777 -0.064330 0.012496 0.022741 0.054443 0.100471 0.100976 0.120077 -0.011139
-0.001209 -0.020626 -0.012980 -0.012117 0.015220 0.092814 0.021152 -0.043251 0.016587 -0.092140
-0.185795 -0.012759 0.020637 0.082211 0.014105 -0.440591 -0.998987 -0.697406 -0.170060 -0.021710
-0.217939 0.412991 1.196899 0.527430 0.055873 0.066560 0.078761 -0.004825 -0.042557 -0.040222
0.006711 -0.015231 -0.034942 0.094749 0.099798 0.000250 0.093234 0.151211 -0.034332 -0.028715
0.039822 -0.062437 0.048889 0.038413 0.003697 0.000317 -0.033322 -0.032964 -0.020910 0.057472
0.056294 -0.361830 -0.361830 -0.228710 0.090878 0.150959 -0.002446 0.166694 0.154998 -0.002861
0.085787 0.088859 0.010592 0.000774 -0.003721 -0.032333 -0.105015 -0.066939 -0.078172 0.098620
0.098704 -0.017576 0.069799 0.108633 -0.067317 -0.018933 0.066392 -0.072240 0.036309 0.086040
-0.018302 0.102743 0.184281 -0.002193 0.107960 0.143470 -0.018638 -0.018123 0.098283 0.095086
-0.104762 0.113766 0.074007 -0.029283 0.023540 0.023519 0.107034 0.096937 -0.040327 0.166442
0.157354 -0.049562 -0.042599 0.006427 -0.041042 0.328340 0.394815 0.347020 -0.134971 -0.195220
-0.158953 -0.158616 -0.186973 -0.163917 0.015248 -0.124025 -0.126718 0.092416 -0.238025 -0.168400
0.054354 -0.153639 0.057510 -0.034929 0.068372 -0.023812 0.002504 0.142314 -0.096825 -0.029289
0.061038 -0.109451 -0.053054 0.037969 0.087310 -0.059785 0.165800 0.275715 0.012463 0.178519
0.222800 -0.052869 0.021723 -0.037319 -0.004488 0.471594 0.023696 0.017163 0.324360 0.148905
-0.028105 -0.005344 0.158188 -0.070739 -0.015550 0.102674 -0.023150 -0.045720 0.015898 0.010055
-0.015051 -0.032028 0.046185 -0.011076 -0.018335 0.061873 -0.005129 0.032863 0.011511 -0.099889
0.124304 -0.022825 -0.179447 0.157631 -0.001835 -0.137486 0.104716 -0.026620 0.056768 -0.042448
0.003162 0.039431 -0.086196 0.013229 0.085685 -0.121240 0.015410 -0.108522 0.027618 0.143335
-0.131731 0.412552 0.089074 0.021920 0.361308 0.020818 -0.006388 -0.059506 0.006028 0.004827
-0.096732 0.015318 0.042378 -0.055979 -0.006324 0.042309 -0.030357 -0.006893 0.063869 -0.068650
0.001240 -0.071389 0.015933 -0.022419 0.029475 -0.058485 -0.030473 0.072364 -0.085964 -0.015445
0.103695 -0.052776 -0.017047 0.072317 -0.090605 0.020911 0.140178 -0.104252 0.029103 0.114835
-0.056953 0.007038 -0.019298 0.073895 0.027339 -0.096454 0.081508 -0.001883 0.093808 -0.095897
-0.016141 0.014262 -0.018219 0.009208 0.020841 -0.074592 -0.011714 -0.038944 0.047113 -0.008767
0.040847 -0.007723 0.011929 0.042239 -0.033165 -0.009405 -0.016153 -0.022907 0.031147 0.058509
0.005435 0.000292 0.028493 -0.001252 -0.064251 -0.069689 -0.065817 0.101706 0.077910 0.034975
0.092657 0.054333 0.020957 -0.075213 -0.064991 -0.085567 -0.002357 0.071168 0.053202 0.005998
0.019749 0.006726 -0.021305 -0.045372 -0.069515 0.019554 0.036041 0.018336 -0.013703 -0.034953
-0.024361 -0.029602 -0.074256 -0.065034 0.011800 0.026122 0.014801 -0.009891 -0.014225 0.000646
0.023121 0.006808 0.027601 -0.017694 -0.080086 -0.110928 -0.041457 -0.034953 -0.037302 0.049678
0.078824 0.074256 0.009989 0.029059 0.020011 -0.010370 -0.041261 -0.035301 -0.008733 -0.043218
-0.047373 -0.037128 -0.018869 0.011006 0.025774 -0.004690 -0.010756 0.017281 0.072516 0.040935
0.012224 0.040543 0.041805 -0.017281 -0.037454 -0.035823 -0.024252 -0.070950 -0.057726 0.161302
0.011908 0.113364 -0.034801 -0.297373 -0.159214 -0.017748 -0.274579 -0.120150 0.011876 -0.029211
-0.008613 -0.038738 -0.033800 -0.026536 -0.041196 0.020674 0.028254 -0.032147 -0.032169 0.012561
0.001608 -0.113016 -0.048069 0.029515 0.049156 0.068079 0.015291 -0.010728 -0.010250 -0.056551
-0.099879 -0.109101 -0.020272 -0.059901 -0.051636 0.019488 -0.010962 -0.027340 -0.010625 -0.138507
-0.129024 -0.060249 -0.140161 -0.101097 -0.055768 -0.050940 0.014964 -0.008260 -0.028102 -0.007874
0.003942 0.018216 0.042044 -0.302420 -0.165130 -0.252132 0.177832 0.577695 0.425615 0.053550
0.366801 0.183401 -0.026431 0.042937 0.476416 -0.003232 0.278781 -0.030165 0.073367 -0.358183
-0.498071 0.114935 0.084817 -0.009855 0.059708 0.042408 -0.149720 0.066522 -0.013418 -0.197884
0.055912 -0.034225 -0.491102 0.135906 -0.457001 0.141755 -0.180212 0.393778 0.388302 -0.039639
0.032110 0.073989 0.142377 -0.608339 0.327069 -0.159303 0.496578 -0.396018 0.088488 0.207592
-0.206596 0.278283 -0.606348 0.383074 -0.201369 0.138892 0.020753 0.062975 -0.058836 0.034412
-0.127691 0.028671 0.013325 0.045146 0.164281 -0.199502 -0.070691 0.138270 -0.043311 0.035034
0.281768 -0.334288 0.017610 -0.336777 0.183696 0.145115 0.023662 -0.275047 0.035843 -0.501307
0.628750 -0.542627 0.143124 0.429621 0.061294 -0.111948 -0.026945 -0.286995 0.562539 -0.361668
0.203734 -0.469696 0.387057 -0.088986 -0.017750 0.101867 0.059179 -0.107467 0.096329 0.146982
-0.001715 -0.150840 -0.144244 -0.025762 0.160921 0.022760 0.536653 -0.625265 0.496827 -0.120162
-0.367891 0.047324 -0.116055 0.098320 -0.398756 0.630243 -0.572994 0.057779 -0.469447 0.527692
-0.072807 -0.074113 0.096391 0.005258 -0.072122 0.212446 -0.063379 0.238955 -0.175482 -0.112695
-0.341008 0.384817 -0.360423 1.042440 -1.015060 0.470940 -1.005104 0.971749 0.017330 0.111139
-0.121344 0.228003 -0.787057 0.618793 0.274798 0.303672 -0.559055 0.101431 0.025467 0.016459
0.001123 -0.025778 -0.126074 0.082016 0.105538 -0.150093 -0.014231 0.019684 -0.002671 -0.216407
-0.167027 -0.141522 -0.232904 -0.314952 -0.270021 0.024066 -0.047237 0.184934 0.075591 -0.191880
-0.119165 0.176903 -0.028190 0.007448 0.149228 0.105599 -0.034458 0.171151 0.332534 0.047020
0.064901 0.214345 0.083296 0.144670 0.049164 0.012834 0.140980 -0.163988 -0.106304 -0.062404
-0.208376 -0.109940 -0.097297 0.135119 0.153243 -0.044253 0.175492 0.200671 -0.051796 0.029710
0.003105 0.070110 0.055621 -0.042923 0.026671 0.056761 -0.033264 0.056218 0.038121 -0.018464
-0.164096 0.003666 0.045637 -0.220314 0.111677 0.211089 -0.212283 0.042679 0.137398 0.147383
0.033834 0.002581 0.083025 0.054916 0.005742 0.056218 -0.062079 -0.032613 0.077381 0.113305
0.012305 -0.045121 0.176469 -0.029357 -0.194484 -0.139135 -0.073420 0.070490 -0.020173 -0.104459
0.060939 -0.040074 -0.167569 0.180376 0.064249 -0.044931 0.030361 -0.011558 -0.041838 0.057955
0.029059 -0.011728 0.008499 0.090188 0.021014 0.120468 0.025233 -0.039288 0.144561 0.172236
-0.003690 0.097134 0.081505 0.002340 0.106956 0.036113 -0.051904 0.199043 0.001637 -0.133708
0.094366 -0.020783 -0.147274 0.010595 -0.047563 0.007068 0.064141 0.153677 0.096265 0.102018
0.077761 0.149987 0.080583 0.056978 -0.068699 0.191880 0.114173 -0.001103 0.030768 0.070110
0.024758 -0.057412 -0.023564 0.066474 -0.030822 0.011070 0.030035 -0.024107 -0.007902 -0.034729
0.373203 0.024962 -0.132527 -0.299289 -0.741219 0.777009 -0.027993 0.546708 -0.555525 -0.105490
0.113530 0.060882 0.172986 -0.119301 -0.094922 0.065777 -0.078388 -0.058872 -0.441412 0.024363
0.275947 0.172597 0.729289 -0.840809 0.262072 -0.903053 0.446340 -0.191011 0.433631 -0.039810
0.014799 -0.123450 0.075665 -0.029906 -0.263239 0.044446 -0.308107 0.344415 0.031949 0.197624
0.269204 -0.210591 0.127211 -0.266092 0.083057 0.094727 0.051773 -0.073396 0.015650 -0.105166
-0.109964 0.070543 -0.090318 0.058969 0.054172 -0.306810 0.220058 -0.336116 0.189714 0.168966
-0.039097 0.214611 -0.173115 -0.251309 0.143420 0.058289 -0.003459 0.975671 -1.078892 0.468903
-0.913946 0.429222 0.233284 -0.171170 0.181285 -0.164168 0.198661 -0.102378 -0.178821 0.121894
-0.167669 -0.050087 -0.017360 0.093690 -0.017701 -0.070608 -0.027345 0.139400 -0.048336 0.047137
0.154961 0.039324 -0.253125 0.039745 -0.691424 0.762486 -0.416774 0.832510 -0.431297 0.463457
-0.194382 -0.190103 -0.343637 0.049114 0.071580 0.247030 0.083121 -0.333263 -0.132268 0.111131
-0.104907 0.198402 -0.177006 0.152757 -0.065356 -0.018787 0.112882 0.492504 -0.559156 -0.083705
-0.521810 0.435447 0.017020 -0.095765 -0.054787 0.348565 -0.250531 0.234322 0.054107 0.289433
-0.195808 -0.220836 -0.205015 0.014969 0.293324 0.071451 0.077999 -0.062179 0.091874 -0.123904
-0.026324 0.030587 -0.072164 -0.041399 -0.052906 0.017892 0.026868 -0.015432 0.115650 0.158258
-0.061053 -0.150880 -0.075563 -0.999473 0.195640 0.864209 -1.922214 0.230071 1.602501 -0.838632
0.320943 0.963566 -0.015440 0.045221 0.096221 -0.079375 -0.135140 0.046420 -0.025608 -0.031725
0.041409 0.031572 0.079744 0.012227 0.075932 0.138337 0.207199 -0.018522 -0.084294 -0.036429
-0.047188 -0.018768 0.055212 0.056073 0.031633 -0.020459 0.108026 0.080359 -0.072796 0.674349
0.157643 -0.768295 1.548396 0.088474 -1.707760 0.549415 0.150388 -0.721076 -0.070398 0.035384
0.113867 -0.158873 -0.077285 0.061176 -0.014187 0.039011 0.095115 0.005772 -0.087060 0.033109
-0.132066 0.071813 0.329796 -0.125733 0.041501 0.113929 0.037351 0.042301 0.022626 0.076178
0.176949 0.106981 -0.023548 -0.120692 -0.018460 -0.099603 0.026868 0.114420 -0.469241 0.080236
0.466535 -0.695991 -0.069230 0.397920 0.084540 -0.067693 0.013219 -0.002329 -0.054659 0.080974
0.033877 -0.102370 0.086200 0.052199 0.058102 0.089520 0.014502 -0.012596 0.203387 -0.061760
-0.053060 0.123889 0.125426 0.107965 0.132435 0.136493 0.096898 0.127147 0.115404 0.034492
0.097144 0.131082 -0.027345 -0.147929 0.222201 0.052722 -0.111346 0.210642 0.108088 0.048203
0.058409 0.015555 0.106182 0.066648 -0.000104 0.200927 0.016554 -0.009753 0.046112 0.298563
0.077715 -0.466781 0.442188 0.114052 -0.764852 0.210273 0.259460 -0.319467 0.067408 -0.825101
0.379905 0.151381 0.511215 -0.904903 -0.180642 0.275437 0.524273 -0.028581 0.009590 -0.092256
-0.155855 0.266006 -0.032979 0.022082 -0.077625 0.084820 0.023895 0.653891 -0.361768 -0.404087
-0.327671 0.662596 0.253431 -0.283659 -0.312919 0.042047 0.052657 0.146182 -0.183544 0.509280
-0.330814 0.116317 -0.497189 0.201802 -0.189710 0.027613 0.089656 0.335409 -0.450517 0.213046
0.044768 0.134817 -0.112085 -0.087480 0.068980 -0.022066 -0.134333 0.069585 -0.021371 -0.095823
0.004103 0.114141 -0.117949 -0.162264 0.314370 0.193942 -0.371683 0.153679 0.042712 0.202890
-0.233360 0.413760 -0.722568 0.353062 0.180884 0.570703 -0.746751 -0.250771 0.340246 -0.098543
-0.099148 -0.023245 -0.035246 0.406747 -0.348951 0.460432 -0.232634 0.341697 -0.455112 -0.010255
-0.083550 0.031860 -0.080709 0.077263 0.023306 -0.003115 -0.067227 0.056405 -0.389578 0.524273
-0.155492 -0.397316 -0.480745 0.838644 0.215586 -0.261411 0.231546 -0.273744 0.154888 -0.024545
0.242912 -0.321383 0.265280 -0.026903 0.183907 -0.249562 0.162264 -0.030500 -0.114624 -0.129859
0.302521 -0.104468 0.050450 -0.052173 0.133366 0.301312 -0.708059 0.496705 -0.203494 0.752071
-0.753038 0.294783 -0.613264 0.624388 0.310985 -0.395139 0.090623 -0.311469 0.216069 -0.076900
0.080044 -0.309050 0.302763 -0.081313 -0.008728 -0.008713 -0.064869 -0.029366 -0.056647 0.047730
0.041684 0.099752 0.244087 0.214546 0.041243 -0.239841 -0.193497 0.259966 -0.019710 0.024141
-0.307971 -0.075700 0.062868 0.165433 -0.041220 -0.226547 -0.252765 0.074362 0.117797 0.148723
-0.289877 -0.307602 -0.092133 0.174295 0.155001 -0.242241 0.058206 0.015417 0.265874 -0.081009
0.004056 0.120659 0.052713 -0.054790 -0.103949 0.034227 0.024141 -0.075377 0.159709 -0.061068
-0.084563 -0.113458 0.112166 0.172541 -0.013663 -0.081470 -0.013444 -0.000347 -0.069053 0.101365
-0.020483 -0.026749 0.158878 0.050636 -0.064438 -0.130814 -0.049898 -0.236702 -0.252211 0.195159
0.426137 0.294308 -0.133122 -0.216946 -0.096195 0.384779 0.325327 -0.350068 -0.410259 -0.086825
0.508115 0.034758 -0.194236 -0.325142 0.094487 -0.070946 -0.072885 -0.096656 0.001107 0.179742
0.059868 0.043805 -0.041266 -0.085855 -0.148539 -0.042120 -0.092594 -0.169033 -0.037827 0.169218
0.175865 0.195898 -0.444601 -0.435369 0.163586 0.394380 0.120382 -0.340836 -0.146231 0.015486
0.630343 -0.128690 -0.547996 -0.131737 0.331050 0.993335 0.383671 0.090425 -0.481158 -0.146046
0.019502 0.152878 0.126567 -0.065592 -0.283230 -0.204206 0.099057 0.157863 0.073485 -0.048559
0.134506 -0.143184 0.246672 -0.299662 0.088163 -0.087978 0.157770 0.068176 0.212145 0.457894
-0.085024 -0.047774 -0.493714 -0.308525 -0.069561 0.353945 0.449770 -0.055437 -0.027372 0.133399
-0.010115 -0.074823 -0.042974 0.024510 0.013698 -0.037989 0.201842 0.080204 0.008281 0.342120
0.147521 0.027267 0.068701 0.150077 0.118016 0.009340 0.031182 -0.017628 -0.163711 0.071151
0.058955 -0.083932 0.060553 0.040954 -0.118549 -0.040661 -0.034457 -0.308675 -0.267561 -0.080098
-0.136124 -0.291207 -0.127922 0.049289 0.033046 0.043111 -0.170101 -0.029744 -0.066411 -0.199392
-0.086648 -0.047558 0.154657 0.034484 -0.024258 0.185333 -0.053869 -0.031262 0.074453 -0.037865
-0.060925 0.006487 -0.012495 0.063375 -0.052564 -0.025643 -0.030623 0.064494 0.044522 0.040289
0.125153 -0.063322 -0.018174 0.233264 -0.086755 -0.059488 0.133674 -0.101134 -0.063908 0.109389
0.098205 -0.083932 -0.012768 0.082068 0.022621 -0.133674 0.060233 -0.010412 0.156042 0.077595
-0.035016 0.199712 -0.122597 -0.132715 0.055653 -0.187889 -0.110348 -0.093518 -0.056399 0.053949
-0.155829 -0.031954 0.085956 -0.020544 0.027906 0.108750 0.037013 0.010671 0.063375 0.059434
0.019239 0.012136 0.149012 -0.006371 -0.016669 0.070512 0.093518 -0.005978 0.060979 0.159450
-0.037439 -0.020024 0.036614 0.001080 -0.075305 0.068701 -0.017095 -0.130265 0.091175 0.071044
-0.116525 0.032273 0.028253 0.251371 -0.137828 -0.160622 0.292698 0.001212 -0.180114 0.208446
-0.012415 -0.134419 0.103637 0.053842 -0.083826 0.106726 0.132076 0.090802 0.039436 0.057624
-0.067583 -0.016203 -0.043377 -0.016137 -0.018839 0.054694 0.028306 -0.020517 0.019638 0.016762
-0.039602 0.372213 0.242297 0.110986 -0.530822 -0.494158 -0.046427 0.113079 0.203442 0.079703
-0.014421 0.072779 -0.055842 -0.002348 -0.007902 -0.064460 -0.081347 0.042392 0.025318 -0.534807
-0.305262 -0.011937 0.567485 0.506114 0.001935 -0.120850 -0.225759 -0.092157 -0.078756 0.117064
0.027771 0.159207 -0.188896 0.037186 -0.054895 0.063214 0.054696 0.227153 0.076963 -0.066851
-0.352486 -0.088470 0.065356 0.110986 -0.013263 0.037286 0.008363 0.091310 -0.041520 -0.037834
0.015754 -0.020947 -0.044957 0.016626 0.088670 0.129717 -0.059678 -0.215796 -0.188199 0.102717
0.100824 0.043264 -0.072579 -0.104710 0.583027 0.389747 -0.078906 -0.714935 -0.242895 -0.169767
0.024060 0.306458 0.027398 0.085780 -0.067299 0.012279 -0.116765 0.011507 -0.045779 0.083439
0.001139 -0.050412 -0.073277 0.019602 0.060325 -0.024446 -0.077063 -0.006432 0.032031 0.098284
0.212807 -0.744824 -0.389947 -0.166280 0.485391 0.618495 0.050088 -0.248673 -0.205833 0.307056
0.095295 -0.492564 -0.484594 -0.558319 0.194176 0.089965 0.541183 0.130514 -0.124536 -0.090762
0.061969 0.202744 0.131908 -0.081596 -0.019988 -0.076714 0.047124 -0.062766 0.227751 0.515280
-0.051209 0.252260 -0.505715 0.154923 -0.525242 0.071633 -0.134997 0.035941 0.251463 0.250267
0.453510 -0.352686 0.056440 -0.282148 0.031956 0.040723 0.030287 0.114274 -0.087374 -0.111684
-0.081496 0.031408 -0.025306 -0.010455 -0.057874 0.015664 -0.017269 -0.072137 0.224428 0.303546
-0.067096 0.123763 0.229254 0.119453 -0.044817 0.107474 -0.107043 -0.335952 0.026631 0.072784
-0.013036 0.139707 0.061494 -0.108508 -0.031716 0.075283 -0.100837 -0.154445 0.024671 -0.063088
-0.093856 0.023960 -0.007159 0.000721 0.101872 0.202536 0.188402 0.012228 0.097045 0.173147
0.141345 0.016580 -0.079549 0.156513 0.014759 -0.121694 -0.015083 -0.025209 -0.071233 -0.087349
0.065415 -0.025403 -0.027019 0.203398 0.030359 -0.016095 0.044062 -0.031027 0.015621 0.111697
-0.054857 0.010084 0.127727 -0.095063 -0.030380 0.072482 -0.128158 0.129710 -0.005683 -0.007622
0.021557 0.095580 -0.008112 -0.018390 -0.087091 -0.049643 0.004527 -0.025683 -0.046239 0.024046
0.255110 0.217878 -0.016020 0.118850 0.130399 -0.050332 0.007353 0.009529 -0.058391 -0.035336
0.019489 0.013122 -0.068949 0.029174 0.019909 0.121953 -0.067613 0.029325 -0.017787 -0.028204
-0.017280 0.024541 -0.020318 0.072568 0.106267 -0.027062 0.084979 0.107646 0.009448 -0.017011
-0.032147 -0.020146 -0.000523 0.001957 0.117816 -0.027019 -0.014221 0.150136 0.035465 0.017356
0.130399 0.040852 0.009475 -0.093770 0.143930 -0.043265 -0.158409 0.022150 -0.093512 -0.148239
0.125831 0.097907 -0.035939 0.078429 0.163322 -0.036952 -0.001406 0.019133 -0.054168 0.070672
0.008996 0.032578 0.030251 -0.091960 -0.078688 0.055762 -0.010940 0.010929 0.040710 0.039293
-0.030301 0.005399 0.053463 0.027168 -0.042373 -0.015532 0.086544 -0.031963 0.107199 0.091285
-0.016513 0.063709 0.039484 0.003549 -0.165458 -0.095482 -0.039593 -0.031773 0.059621 0.023639
0.000184 0.015464 0.049812 0.035451 -0.008549 -0.041065 -0.014973 -0.032781 0.037114 0.036432
0.017167 0.002020 -0.002291 0.017017 -0.173524 -0.160117 -0.145075 0.046951 0.083546 -0.011336
0.060330 0.093901 -0.006959 0.110305 0.054826 0.114883 0.023966 -0.061202 -0.007739 0.014674
-0.073137 -0.039266 -0.172216 -0.153468 -0.147473 -0.053627 0.016091 -0.010709 0.066543 0.280341
0.192053 0.176684 0.226932 0.145838 0.274455 0.354023 0.331569 0.009449 0.168183 0.214288
0.018366 -0.062455 -0.026841 0.044062 0.009353 0.029075 -0.008747 0.071775 0.036596 0.126764
0.139080 0.192707 -0.109978 -0.107907 -0.003876 -0.032263 -0.111722 -0.003336 -0.083219 -0.295600
-0.232818 -0.133304 -0.233036 -0.223880 -0.043544 -0.226060 -0.158155 -0.016935 -0.185404 -0.179409
0.048667 -0.083165 -0.050983 0.032726 0.012214 0.036923 0.067851 0.157610 0.138753 0.007650
0.058695 0.038285 -0.170472 -0.222572 -0.168183 -0.120878 -0.068232 0.066870 0.036923 0.100168
0.073137 0.065344 0.251347 0.139298 0.135265 0.016213 -0.058368 0.011050 -0.116736 -0.154449
-0.117281 -0.207422 -0.056679 -0.027658 0.017630 0.017753 0.016976 0.070957 0.061910 -0.065180
-0.145293 -0.124802 0.027351 0.099542 0.046273 -0.018069 -0.095664 -0.018322 -0.001563 -0.018901
0.053142 -0.108560 -0.285561 0.000612 -0.126176 -0.295843 -0.129547 0.310172 0.225718 0.205995
0.059548 0.010062 -0.011937 -0.019280 -0.090439 -0.067007 -0.012527 0.069241 0.085508 -0.001401
0.076658 0.022251 -0.002467 0.041932 0.010378 0.007222 0.015445 0.047959 -0.087910 -0.123563
-0.048338 0.151967 0.079229 -0.029437 -0.032366 0.000720 -0.065954 -0.035210 -0.019502 -0.155423
0.139493 0.139915 0.083401 -0.067766 -0.264658 -0.177843 -0.040247 -0.115556 -0.004027 0.009198
0.008892 0.076700 0.065364 0.126007 0.141685 0.106032 0.178349 0.015530 -0.027709 0.082642
-0.070884 -0.010188 0.001518 0.013928 0.044798 0.055544 0.046189 0.009814 -0.002708 0.004820
-0.045472 -0.053690 0.061402 0.540104 0.764642 0.463909 -0.071348 -0.032471 0.034283 -0.512458
-0.765316 -0.594384 0.059253 0.247969 0.017521 -0.031165 -0.055671 -0.034852 -0.126766 -0.084876
-0.057230 0.077838 0.219480 0.057230 -0.069452 0.185935 -0.029690 -0.042817 -0.035021 -0.083949
0.050909 0.151293 0.077374 0.030280 0.073455 0.008281 -0.067218 0.020861 0.002299 -0.051288
0.080619 0.123563 -0.056050 0.146995 0.197566 -0.068904 0.134773 0.078428 0.078765 0.285055
0.005642 0.026339 0.166717 0.048675 -0.088584 0.038245 0.000594 -0.848927 -1.209671 -0.848253
0.023136 -0.027077 0.065701 0.766664 1.043796 0.864436 0.020884 0.011045 0.002749 -0.004169
0.040829 0.007295 -0.006222 -0.001397 -0.016350 -0.043913 0.029516 -0.046863 0.024286 0.247522
0.131538 -0.081792 0.094531 -0.046394 0.005037 0.020415 0.005275 0.001927 0.037309 -0.012084
-0.009973 -0.027002 -0.010182 0.019644 0.020163 0.016635 0.009294 0.016166 0.022292 -0.004672
-0.023012 -0.023532 0.041298 0.022174 0.015856 0.008104 -0.009554 -0.013836 -0.019359 -0.065803
-0.032851 0.085949 -0.052562 0.084675 -0.075155 -0.437924 -0.249266 0.028577 -0.258517 -0.086351
0.027337 0.031762 0.023867 0.000781 0.008959 0.005091 0.000558 -0.017448 -0.010936 -0.025828
0.006817 -0.021135 -0.011774 0.024135 -0.023867 0.009847 0.006784 -0.030136 -0.000761 0.028376
0.007647 0.007769 0.044181 0.015210 -0.015051 -0.014012 -0.009202 0.067780 0.023281 0.031996
-0.010501 -0.035633 -0.022862 -0.008217 -0.000574 0.039689 0.021403 -0.006625 -0.017465 -0.004509
0.026214 -0.033806 -0.001459 0.018839 -0.009730 0.002029 0.011699 -0.015311 -0.009914 -0.028476
-0.025594 -0.006172 -0.013777 -0.038717 0.034209 0.007186 -0.006042 0.017649 -0.003700 -0.017021
0.014909 0.001720 0.008749 0.008192 -0.027890 -0.011925 0.006038 -0.076764 -0.044047 0.025275
-0.040259 -0.064127 -0.016107 0.004714 -0.011548 0.002378 0.012948 -0.034058 0.010383 -0.013937
-0.062920 -0.047366 -0.096274 -0.065534 -0.030739 -0.097078 -0.003453 0.007911 0.002625 0.038416
-0.062068 0.054249 0.073821 0.051772 -0.436711 -0.482947 0.001662 0.369689 0.258375 0.078484
0.093297 0.011486 0.024028 -0.101116 -0.190673 0.071781 -0.057697 0.056386 0.026785 0.001217
-0.078921 -0.009173 0.423890 0.324037 -0.014254 -0.467405 -0.310826 -0.031593 -0.037153 -0.028242
-0.006757 0.153179 -0.050315 0.041719 -0.141135 -0.004617 -0.102281 -0.183873 -0.071102 0.135501
0.393390 0.345600 -0.027392 -0.172509 -0.169303 0.039412 -0.090091 -0.039096 0.253129 0.184456
0.099367 -0.045021 -0.153956 -0.179988 0.049441 0.005527 -0.035842 -0.266145 -0.230789 0.016901
0.130353 0.197666 0.088197 -0.053375 -0.115589 -0.046260 -0.038173 0.482947 0.658564 0.044050
-0.485278 -0.550940 -0.049028 -0.009750 -0.066585 0.031884 -0.036935 0.055317 -0.016683 0.017958
-0.135307 -0.016804 -0.060951 0.051772 0.226321 0.153665 0.032394 -0.045993 -0.149197 -0.174257
0.015408 0.025158 0.221270 -0.028654 -0.686149 -0.699748 0.022778 0.492660 0.448756 0.056434
0.209225 0.100630 -0.276830 -0.682653 0.046867 0.123165 0.465851 -0.064594 -0.072267 -0.023203
0.065031 0.197375 0.128799 -0.059786 -0.118211 -0.066585 0.042496 -0.098445 0.116074 0.048737
-0.022972 -0.272362 0.371243 0.143952 0.021843 -0.249633 -0.049052 -0.262843 -0.069402 0.173383
0.788722 0.310049 -0.156385 -0.117726 0.205340 0.161241 0.174257 0.115783 -0.017290 -0.106361
-0.137929 -0.093928 -0.155996 -0.021041 0.003647 0.071568 0.008716 -0.014080 0.027381 0.011501
-0.051551 -0.075628 -0.088657 -0.019993 -0.061748 -0.057877 0.079829 0.137093 0.152483 -0.022211
-0.183357 -0.089696 0.020901 -0.005689 0.026413 0.046736 -0.041000 -0.049758 -0.055092 -0.071662
-0.075769 0.024950 0.021138 0.026130 0.001803 0.027782 -0.044045 -0.002489 -0.015638 0.043361
-0.036704 -0.071190 -0.020890 -0.113772 -0.192893 -0.047067 0.157581 0.204317 0.096352 0.103197
0.068641 0.128218 -0.023876 -0.072229 -0.068216 -0.037767 -0.027711 -0.031559 0.096352 0.077469
0.074259 -0.091112 -0.135299 -0.084739 0.054903 0.044093 0.076855 -0.093850 -0.236041 -0.016110
0.015366 0.004907 0.084550 0.104991 0.486434 0.260779 0.022495 0.068782 0.007713 -0.000745
0.002953 0.042346 -0.004320 0.044399 0.008096 0.031441 -0.045509 0.024123 0.030733 0.004334
0.022920 -0.022211 -0.031842 -0.014162 0.045485 0.290425 0.075580 0.030001 -0.014162 0.070576
-0.096116 -0.352740 -0.111978 0.018057 0.096022 0.042535 -0.008391 0.173726 0.101026 0.110090
0.222823 0.217725 -0.044352 -0.034202 -0.063212 0.042417 0.084220 0.045509 0.013844 0.045981
-0.002675 0.075769 0.037554 0.027853 0.089176 0.008090 0.029883 -0.026720 -0.007754 0.073692
-0.032338 0.063212 0.027452 0.138792 0.191854 0.218858 0.012746 0.317995 0.224523 0.078885
0.048483 0.098099 -0.044187 -0.102536 -0.056131 -0.032456 -0.097910 -0.025115 -0.031893 -0.011713
-0.008754 -0.010299 -0.004598 0.048158 0.141499 0.170401 -0.009620 0.091216 -0.070488 0.028297
0.049956 -0.002949 0.008079 -0.058522 -0.120052 -0.038088 0.054043 -0.035342 -0.051918 0.044791
0.038579 0.055351 -0.101220 -0.043287 0.162554 -0.006792 -0.101940 -0.055024 0.036323 0.105405
0.082650 -0.036388 0.058849 0.033544 0.164123 0.193156 0.120641 -0.056953 -0.026057 -0.079315
-0.284045 -0.269136 -0.182824 -0.030945 -0.077027 -0.075588 0.040115 0.024635 0.034263 0.012906
0.058489 0.068134 0.124237 0.338709 0.250959 0.011010 0.051199 0.042077 -0.181255 -0.198125
-0.160462 -0.213818 -0.350217 -0.151569 -0.247166 -0.460854 -0.310723 -0.080492 -0.202702 -0.141107
0.003271 0.022771 -0.013470 0.045706 0.055089 0.058261 0.018881 -0.048583 -0.016012 0.015824
-0.066074 0.010585 -0.073104 -0.114952 -0.092851 0.014876 0.101024 0.066957 0.067807 0.313077
0.148692 0.112336 0.387881 0.387096 0.094028 0.292676 0.276983 -0.016192 0.099128 0.079969
0.002272 -0.103640 0.000563 -0.062511 -0.104817 -0.115279 -0.068003 -0.107105 -0.102070 0.008925
0.006457 -0.017589 0.137968 0.188579 0.133064 0.163600 0.275414 0.143853 -0.075850 0.002287
0.112794 -0.085004 -0.128029 -0.147123 -0.099978 -0.059895 -0.056724 -0.122668 -0.042339 0.010626
0.049172 0.150000 0.108021 -0.054207 -0.141499 -0.154838 0.234612 0.226765 0.194725 -0.066859
-0.168439 -0.141630 0.002689 -0.029553 -0.061613 -0.034599 0.368801 -0.430477 -0.034160 0.369302
-0.265507 0.043499 -0.043060 -0.061049 0.034849 -0.011031 -0.026560 0.040114 0.018365 0.027344
-0.028911 -0.019775 0.018412 0.038767 -0.332447 0.426716 0.033282 -0.252971 0.307376 -0.001976
-0.105363 0.003843 0.074462 -0.282806 0.203455 0.060297 -0.178509 0.171614 0.001646 -0.075089
0.125796 0.005422 -0.169232 0.165973 -0.009723 -0.166725 0.051992 -0.019618 0.050738 0.007976
-0.062710 -0.005829 -0.037262 -0.049955 -0.004666 0.025604 -0.001544 0.059419 0.016798 -0.006601
0.033878 -0.018772 -0.031136 0.021342 -0.030509 0.031731 0.012504 -0.037137 0.028911 -0.074337
0.013014 0.015787 -0.040992 -0.025730 -0.026466 0.065123 -0.061018 -0.046445 0.485634 -0.076781
-0.014855 0.491150 -0.006127 0.027109 -0.002292 -0.027861 -0.020997 -0.058134 -0.010389 0.036698
-0.013985 0.046570 0.053371 -0.092263 0.044753 0.000307 -0.039801 0.012285 -0.054844 -0.014361
0.047542 -0.011674 -0.028769 0.006436 0.076468 -0.049140 0.050613 -0.027140 -0.031606 -0.031339
0.003328 -0.019712 -0.008971 0.019493 0.059388 0.031245 0.062961 0.057132 0.019853 0.117899
0.006229 -0.117397 0.060830 0.159078 -0.136013 0.060109 -0.125169 0.193928 0.012732 -0.013617
0.004521 -0.015630 0.092012 -0.101539 -0.086747 0.063117 -0.021844 0.009872 -0.040647 -0.016688
0.040208 -0.059795 -0.020637 0.032687 -0.018349 0.036949 -0.197885 0.688169 -0.014506 0.557135
-0.422947 -0.441389 -0.206499 -0.273229 0.226882 -0.130063 0.038127 0.089540 0.014248 0.147655
-0.082260 0.076254 -0.127151 -0.025357 0.225790 -0.867248 0.042313 -0.860939 0.478515 0.338746
0.409844 0.248478 -0.229673 0.332922 -0.005558 0.098397 -0.418094 0.270075 -0.244475 0.026192
-0.221786 0.040372 0.163428 -0.386549 0.130306 -0.252118 0.295796 0.033577 -0.009926 0.039067
-0.125331 -0.005782 0.149839 -0.029604 -0.120781 0.108285 -0.150931 0.066730 0.013520 -0.161244
0.299193 0.063940 -0.179079 0.145472 -0.390674 0.212930 -0.165855 0.062726 0.131519 0.242776
-0.656138 0.371990 -0.921603 0.675551 0.208926 0.050472 0.133581 -0.129456 -0.007462 0.224456
-0.148990 0.425374 -0.516855 0.248478 -0.345055 0.100884 -0.112652 -0.086142 0.044891 0.041615
-0.042980 0.153722 -0.071098 0.051625 -0.052049 -0.078741 -0.311811 0.452308 -0.246295 1.094858
-0.505693 -0.512002 -0.095060 -0.080925 0.232949 0.114169 0.272744 -0.388490 0.364953 -0.663418
0.304774 0.042465 -0.094999 0.004474 -0.179928 0.054476 0.070309 0.000566 0.245324 -0.124118
0.065881 -0.120417 0.100520 -0.585283 0.493074 -0.343842 0.556165 -0.333893 0.327584 0.102825
0.295311 -0.451580 0.231978 -0.387762 0.158575 0.275413 0.495744 -0.513943 0.077771 -0.171436
0.087841 0.043708 -0.019579 0.040584 -0.097244 -0.069157 -0.156270 0.178958 -0.031272 0.071583
-0.133283 -0.288573 -0.068710 0.174570 0.369388 0.028501 -0.040980 -0.189976 0.001751 0.055769
-0.075797 0.014526 0.022438 -0.061227 -0.013744 0.056341 -0.012468 -0.036204 0.087637 0.248430
-0.009023 -0.222372 -0.376079 0.077821 0.126592 0.108105 -0.031538 0.036314 -0.019477 -0.100886
-0.195434 -0.072848 0.146223 0.060171 0.098157 -0.057398 0.205646 0.175539 -0.023835 -0.274312
-0.275720 -0.071043 0.082223 0.108897 0.106080 0.011197 -0.052072 -0.059423 0.024033 0.011653
-0.026300 0.050575 0.008242 0.008468 -0.074036 0.044039 0.151505 0.082839 -0.088165 -0.180997
-0.050091 0.047406 0.155995 0.196314 0.601796 0.159693 -0.222020 -0.727508 -0.245789 0.116820
0.257233 -0.085040 -0.065233 -0.096308 0.006261 0.052644 0.015010 -0.098685 0.014581 0.058894
0.080551 0.051015 0.005450 0.025442 -0.014206 -0.072760 -0.031252 0.035962 0.015483 -0.014129
-0.287165 -0.661307 -0.131170 0.360056 0.666589 0.130642 -0.236810 -0.325371 0.038647 -0.350197
-0.074300 0.068182 0.098157 -0.208815 -0.452491 -0.016385 0.509537 0.370092 0.078922 -0.037040
-0.115500 -0.011741 0.120254 0.146664 0.029315 -0.038030 -0.086229 0.131610 0.536299 0.415870
0.166031 -0.444040 -0.199484 -0.284348 0.027202 -0.207054 0.207054 0.153706 -0.081167 -0.132754
0.185750 0.228359 0.009618 -0.270086 0.014548 0.062812 -0.016363 0.010944 -0.039725 -0.048682
0.006289 0.000378 -0.040451 0.021271 0.025734 0.079525 0.012983 -0.076990 -0.192348 -0.059200
0.031016 0.063510 0.143754 -0.550001 -1.187894 -0.654457 0.269592 0.141050 0.297988 0.446559
0.639921 0.637217 0.084850 0.102259 0.028227 -0.104710 -0.102090 -0.039551 0.054087 0.011082
0.044622 0.096597 0.170882 0.005052 0.028903 0.038432 0.042552 -0.022945 -0.058693 0.038072
-0.007585 0.001837 -0.052946 0.065665 -0.004038 -0.042742 -0.066637 -0.115274 0.008213 0.196067
1.031041 0.548987 -0.242210 -0.111555 -0.219899 -0.402275 -0.627414 -0.514506 0.017578 -0.097273
-0.114260 0.109696 0.057510 0.000852 0.039530 -0.055904 -0.027699 0.080286 0.053327 -0.032347
0.084596 -0.036424 -0.057003 -0.012465 -0.039847 0.018751 0.067609 0.064525 0.012053 -0.000149
-0.022163 -0.003077 -0.028924 0.001997 0.026685 -0.137162 -0.329933 -0.251675 -0.287508 -0.402275
-0.388415 0.373541 0.634513 0.448249 0.064398 0.023621 -0.098963 0.056665 0.067356 -0.098963
-0.048214 0.020314 -0.058566 0.118147 0.085441 -0.051763 0.076779 0.068032 -0.065243 0.013765
0.075722 0.016511 -0.002424 0.015635 -0.039995 0.035854 0.025163 0.011103 0.078469 0.183390
0.150261 -0.039213 0.122119 0.083455 -0.072173 -0.005921 0.030952 -0.016374 -0.101921 -0.022332
0.131162 0.144937 -0.025417 0.154656 0.028882 -0.099893 -0.024762 0.075638 -0.012032 0.084343
0.327060 0.182376 0.376921 0.580425 0.584820 -0.538845 -0.837002 -0.670684 
