-8143 -6073 1974 1714 -103 -1404 418 2870 1601 -6092 2392 -4635 -2965 2741 -3473 -3138 -3912 2760 -1793 -6531
-8294 -5763 -6674 -541 -13363 -4033 4463 3724 -2453 -3474 49 -7135 412 3947 -4491 3603 -88 276 -721 6778
-4254 2850 581 -7693 3934 -621 -1858 1528 -8142 268 -3620 -5951 -1375 4332 1539 -2845 2010 -6514 -1651 2297
7811 -3045 1544 1215 1661 279 -3622 734 3480 2490 -1081 -1443 -2041 -9498 -742 -2639 6487 -2910 -3993 2027
-1184 3577 2450 6426 6344 -1950 -1496 -1348 -4754 -2740 7539 -7428 -4396 -1167 529 3581 -1024 -760 7866 -4573
-5684 -3997 -4665 -2152 -5456 -233 -1288 -2485 7531 4114 -3033 295 -11152 -3810 -814 3778 -2235 -7080 3024 -6487
-5472 -4757 -7162 -3669 -3353 -71 -3590 -726 -8885 -2911 -1800 -2410 -5616 612 -2796 -2405 457 2758 -2505 -3797
-1329 -1422 5910 -7762 -2973 1655 -5941 -3218 2428 1819 473 -2481 -1587 -2291 -3873 546 -1928 -5720 3074 1936
-570 -1889 1227 559 -1083 306 3571 2693 265 -993 -14082 5437 -3964 1577 -1138 -2713 3212 1994 -2454 -3672
339 -6807 -715 -3384 164 4192 2888 -6221 -2642 -814 -3783 -1322 4498 10211 3072 -4335 -2263 -1962 -695 1347
955 -4922 -358 -3784 -2392 -1752 -6852 -3016 -3589 -1134 -2535 -1749 -1007 -5067 -1135 -1382 10222 3560 -3517 4628
-4433 -5579 -4584 7359 1819 4303 -4186 -7234 2192 7051 1821 -1558 -1057 4415 -2731 3490 -4734 -13646 302 2445
-6355 -3138 -3007 -320 -8251 1780 -28533 -3451 -1965 2925 -8769 2295 -1890 -5788 -9638 -6328
