-2.383560 -0.666342 2.012015 -9.074533 1.035133 8.759663 -2.413473 -0.352063 4.540415 -5.299250
-0.847785 4.826946 -15.075940 -0.630919 12.462525 -5.648755 -0.797406 6.631147 -4.549861 0.152318
5.661349 -10.277333 1.116999 10.919666 -3.328168 -1.383063 4.556158 -2.478014 -3.179421 -2.407653
-3.605982 -5.145121 -4.287601 -3.032104 -3.909413 -3.623573 1.778805 1.944812 2.350485 2.414249
2.728673 3.289360 2.058048 3.045296 3.201409 0.721746 1.367635 0.234306 1.571021 2.253739
1.245603 -0.096815 1.159851 -0.223725 1.560365 -0.658575 -2.427410 8.932615 1.268191 -9.084229
5.107510 -1.255557 -2.440044 5.060131 -0.689767 -4.501052 12.053345 0.518411 -14.934018 6.513102
-1.520882 -5.543402 6.159335 -0.276380 -5.366518 11.510060 1.704083 -11.251052 5.619209 -1.431651
-4.390501 -1.422463 8.913903 -7.146646 -5.991361 25.219242 -16.968060 -4.298735 11.355824 -9.158692
-5.424167 9.618419 -7.331730 -13.349958 28.610466 -17.935276 -5.451034 15.606794 -5.277891 -2.974784
5.056983 0.327816 -8.448207 16.669537 -9.737827 -4.898766 8.639262 -4.301720 -2.622730 -0.202882
4.076214 -0.363977 0.566051 -1.768405 2.701864 -0.014573 -7.719613 0.845443 -0.262031 0.498222
0.012257 -0.842213 -2.504837 1.446216 2.120471 -7.583954 2.304579 1.526965 1.394537 0.587046
-0.192687 -2.210910 -2.314269 -2.525831 -9.702810 2.882649 4.212512 2.208750 5.939539 8.327654
5.560310 3.287502 4.437999 2.913398 -4.386752 -5.219517 -3.556549 -6.083031 -7.799809 -5.452692
-2.823715 -3.464304 -1.907673 1.311926 1.541257 1.776993 -0.256396 -0.737958 -0.184009 -0.762941
-0.962805 -1.029426 0.161170 1.849112 3.881592 -3.787013 -8.253449 -1.486238 2.862457 0.819361
4.972143 -1.680222 -2.930013 -0.410163 -4.412391 -10.592827 -3.800524 1.836566 -1.200572 1.546074
3.893173 2.044060 4.644013 -2.609603 -8.021828 -1.131085 -1.447635 -5.871607 0.279152 0.242765
7.547303 2.869634 0.242419 1.884061 1.152830 -2.139785 -8.570197 -3.491664 3.132269 11.998277
6.308771 -1.203283 -1.221944 -1.538489 -2.564148 -11.323719 -5.014948 3.737712 9.919312 6.170542
-1.101685 -0.295292 -0.653132 -2.630498 -8.017282 -4.511794 4.319284 -7.657907 2.815499 16.390171
-26.459131 14.416354 1.691173 -3.772737 -0.596517 7.745355 -14.066564 4.013218 20.187893 -37.152718
14.054071 5.446733 -6.318086 3.650935 4.462948 -5.321808 1.997240 12.954730 -22.886274 8.438689
1.378080 0.260391 -0.199685 -1.570091 -1.986186 -0.476218 0.605112 1.414379 3.039834 3.577904
4.584838 6.283823 -1.212819 -3.261290 -4.318398 -5.308031 -6.872066 -8.048553 -4.896261 -6.688673
-8.443022 4.155766 4.986228 4.193829 3.598665 6.263062 5.249207 0.991363 2.150548 1.498290
-0.682249 -5.489001 -2.138370 -1.952302 -1.685887 -2.197574 2.027012 8.322306 3.543746 -2.965808
-10.414160 -5.246549 -0.940206 -1.161514 -1.781740 3.893328 10.149154 5.556662 -4.006096 -8.982001
-5.559481 -0.402442 0.643837 -0.643132 4.724995 10.470544 6.501097 2.162650 10.894885 4.952456
-2.526763 -14.709650 -5.247893 -3.462314 6.644740 0.712029 4.454878 9.443616 4.988738 -5.976120
-24.464252 -13.289480 3.415666 15.145031 7.878319 0.981550 5.965753 1.522537 -4.053188 -16.088356
-9.039334 2.474932 11.941873 5.154597 -0.926176 -0.183371 0.479571 -0.624776 1.750315 2.098809
0.901059 1.552522 2.211833 -0.662059 -0.961496 -1.973225 -0.967775 3.902497 2.477128 -0.191220
-2.236950 -0.791174 1.064317 3.178824 -0.554136 1.495224 9.556878 3.933892 1.130248 2.384510
-0.670300 2.978056 0.565147 -4.960245 0.511456 -0.011782 -1.308468 -4.231639 -0.499922 6.357004
7.979663 1.915374 -5.889297 0.556397 -1.627431 -1.497778 -6.242464 -3.760750 6.449273 5.571128
1.398350 -4.193460 0.171314 -0.850305 -1.080182 -4.339817 -2.795109 3.235772 -2.563033 -9.698506
-5.581548 2.130199 14.907616 6.009350 -0.928580 -2.682566 -1.235591 -3.067587 -11.183228 -6.260997
8.440268 21.279339 12.693115 -4.340925 -12.441467 -6.683766 -5.792933 -11.314085 -7.504138 8.893233
16.961061 11.555667 -2.435951 -6.422052 -2.898983 -0.622077 0.732648 0.525609 0.923662 1.920395
2.085770 -0.019170 1.460167 1.517856 3.627984 2.969049 2.560100 4.740736 4.435627 4.133081
3.920273 3.743361 2.576766 -2.825469 -3.651059 -3.366461 -5.850924 -7.291862 -6.168854 -4.061290
-4.538184 -4.086930 
