-1.462530 -1.224054 -2.514838 1.310870 -0.251438 -2.228613 -0.893788 1.125281 0.935391 -1.256421
1.198301 -3.825615 -1.180995 -3.298652 2.447121 -2.987241 -1.523747 -0.285679 -1.527296 0.483205
0.530185 0.319292 -0.339392 1.335091 0.237017 -2.543545 1.353083 -0.590203 1.697614 5.130888
-4.952023 -0.733020 -1.378594 -0.294335 -2.192274 -0.928036 -3.293574 -4.375474 -1.840796 -4.124435
1.494447 -1.698989 0.986974 -2.633550 1.678463 2.802536 -1.334525 -2.905410 -0.837064 -4.047526
-2.798598 -4.393840 -6.335616 -1.239540 -0.975947 -0.198387 -1.371405 -1.394589 0.641689 -7.273402
1.333404 -2.032974 -2.714224 -0.660575 -1.753265 -1.073227 -3.902923 1.473056 1.542594 -4.516542
-3.494478 -0.621015 -2.116934 -2.135655 0.859555 2.606079 0.813271 -4.564597 -0.560408 2.014374
-2.141303 -4.402710 1.034366 -0.147558 -3.316995 -1.095778 -1.236698 0.298664 -2.238415 0.148546
3.799321 2.208055 -3.675308 -1.558000 -0.415816 -0.825499 0.240394 -5.078779 -2.951254 -6.880288
-0.418324 -3.739019 0.684447 0.370789 0.763320 -3.766287 0.377577 4.196576 0.123942 -1.365118
-2.181512 -0.766217 1.279994 -0.267549 -0.153741 -0.134688 0.149877 -3.993478 -0.631411 0.229420
-0.628720 -1.765043 1.934349 1.131857 4.989166 -2.163225 -4.185472 -1.200652 -2.504678 -0.252955
-1.734984 -3.583523 -4.148217 0.734888 -3.159527 -2.945962 -1.713837 1.586304 -0.175036 0.418250
0.784277 1.308046 0.514777 0.725599 1.435932 -6.912378 -4.858132 2.906635 -1.349033 3.173098
-0.328122 -2.988530 -0.151416 -1.060367 1.666882 0.081721 -3.693126 0.763202 0.933199 -0.366135
-3.720415 -1.272083 -2.243721 -3.001168 -6.207989 -2.726626 -2.579354 -4.103689 -1.690472 0.109071
-4.594277 -1.969975 -0.120056 -2.477110 -1.922994 -0.152010 -1.233482 0.075684 -2.364391 -1.007033
0.130238 -1.550761 -1.947188 -1.178898 -3.094858 -6.140403 0.403620 -3.750865 -0.535120 -2.075032
-4.436257 -0.334751 -1.074258 -1.431019 -4.120494 -4.036711 -3.099765 -2.721741 0.547301 -4.351213
-0.884541 -0.530244 -1.306667 1.101814 -2.364057 -2.728214 -0.768499 -1.438010 -3.551683 -1.419521
-2.588815 -5.207073 -3.835741 -4.273345 0.616247 0.851690 0.027816 -1.281482 0.643818 -7.169024
-1.733409 1.895468 -3.570824 -3.058441 1.758574 -3.614463 -1.414339 2.305077 -5.356210 2.967013
-1.099275 -1.752264 0.249412 -1.404302 1.086597 1.932474 2.451240 -3.101137 -3.427186 -2.845912
-3.717430 -5.572715 -2.566012 -5.190078 -1.863215 -2.492927 -0.832849 1.033487 -1.659380 -0.888829
-0.395459 -4.032950 -1.001556 -3.015201 -0.077583 2.096943 
