1.138353 0.480948 -0.836590 -0.697617 -2.505228 -0.289803 -1.375779 -0.794130 -0.193315 0.026394
1.420428 -0.159728 -1.415253 0.585404 -1.797327 -1.519769 0.528978 -1.895212 -1.890260 -1.007526
-0.030942 -1.218157 0.276967 0.242470 0.926137 -1.968553 -2.474318 -1.468647 -1.296174 -1.305412
-0.136543 0.725973 0.635497 -1.536141 0.749052 -0.713439 -1.975014 1.316145 -2.958111 1.197783
-0.142606 -0.286974 -0.132825 -1.909840 0.272133 -1.100304 -0.298909 -0.586136 -1.773182 -0.383676
-1.465700 0.993355 -0.738317 1.607278 -0.798256 1.298771 1.192328 1.486772 -0.755243 1.988354
0.649080 1.239537 0.481608 0.521757 -0.600706 0.885906 -0.001562 0.471754 -0.944690 -0.173505
-3.691002 -0.455714 -0.463105 0.369958 -1.638866 1.420456 -0.926022 0.240828 -1.003174 0.840100
0.410975 -2.587181 0.819948 0.021050 1.058617 -2.352791 -0.409333 -2.800664 -1.423310 -0.271716
-1.222534 0.025261 0.517713 1.355756 0.427530 -1.250327 -1.809955 0.733258 -4.844112 -0.261055
1.641320 1.817269 -0.471810 -0.096180 0.028845 0.303491 -1.000337 -0.862945 -1.049490 -1.362526
-2.243088 -1.527746 0.132579 1.747144 -0.656415 -0.313002 -1.977102 -0.667369 -0.908253 0.752960
0.798952 1.815935 1.615955 -0.947270 1.087337 1.367350 -1.760578 -0.278713 1.126795 -0.789596
-0.297096 -0.662280 0.396401 2.430719 -0.728345 -2.081249 -0.152931 -0.159127 0.341037 1.836715
1.345764 0.081554 1.782214 -0.861993 -1.640971 -0.962406 0.268368 -1.621286 -0.444611 -0.730299
0.361832 2.093766 0.749781 -3.080721 -1.693475 -3.879623 -2.634535 0.966820 1.068485 0.738831
-0.656513 -2.353276 1.328971 -1.734234 0.960156 -1.122032 1.621807 -0.140418 1.036747 -2.310528
-2.786225 0.088935 0.217234 0.363590 -3.133999 -3.615250 -1.108369 -0.700968 1.121042 -1.544357
-1.813294 -0.117152 1.579255 -0.194864 -0.848785 1.715800 -2.162225 -1.059507 0.110340 0.919306
0.059809 -1.317563 1.749678 1.948747 -0.269183 2.741874 0.959290 1.100904 -3.726092 1.772458
1.465890 1.048137 0.327853 -0.529769 -2.221038 2.842475 -3.095861 1.227596 -3.092342 2.002387
-1.544765 -1.924131 -1.596033 0.357800 1.926748 -1.787529 -1.818110 0.860240 -1.130024 3.397930
-2.885403 -1.030980 0.336934 -2.039747 0.260316 0.456486 -1.372717 -2.282546 -0.007707 0.129345
1.915896 -0.573617 0.437040 -1.347126 0.058630 0.938911 0.780552 0.316675 0.724114 -0.620179
0.646364 0.182046 -0.682547 -2.601449 -0.812308 1.318404 -2.562092 1.684102 0.277418 -0.530526
1.108393 -0.397586 0.546658 -0.050417 -1.113898 0.864938 
