-0.924768 -0.383921 0.650622 -2.176549 -1.488737 -2.656688 -1.788682 -1.285601 0.426223 -1.299184
-0.307147 -1.463675 -1.310682 -2.155001 -0.020776 -1.965568 -0.715342 -1.320538 -2.773669 -1.134188
-1.763633 -1.931604 -1.622424 -1.769923 -1.501954 0.883055 -1.764299 -1.016627 -1.637509 -0.314396
0.663978 -1.503062 -0.927575 -1.534186 -0.587143 -0.483105 -1.388973 -0.124955 -1.588633 -3.355555
-2.702808 0.652288 -1.648860 -2.147536 -1.194849 -1.783332 -1.602929 -1.853127 0.123944 -1.485582
0.639380 -2.493464 1.356877 1.278952 -0.502269 2.128932 -2.254313 -1.175332 -2.538445 -0.848136
-0.039758 -1.701157 0.178103 -0.741703 -2.881708 -0.200038 0.465220 -2.217704 0.318520 -1.450338
0.418056 -0.610013 -0.612924 -1.800519 -0.601237 -0.218864 -0.593049 -1.313500 -2.510308 -1.401405
0.108536 -2.006783 0.356141 -1.087753 -1.944897 0.020811 -1.020394 -1.690512 0.195398 -0.853079
-0.332708 -0.365426 -0.043320 -0.660515 -0.277937 -0.438955 1.017844 -0.465167 -0.438456 -0.350251
-3.418746 -1.084385 -1.689182 -0.943971 -0.605430 -2.033678 -1.400856 -0.576333 -2.551646 -0.207153
0.370468 -0.947141 -2.240129 0.280579 -0.303620 -1.157484 -2.070857 -0.191249 -0.976039 -1.127889
-1.030107 -0.697018 -1.224787 -0.970566 -2.381556 -0.611941 -0.170229 -1.236462 -0.048485 1.512165
-1.059403 0.241721 -1.002960 -2.177127 -0.888153 -0.020567 -1.353764 -2.520373 -2.169717 -1.161714
-0.444253 0.007676 0.831798 -0.474067 -0.115770 -0.438129 0.663586 -2.500478 -0.342310 -2.273297
-0.299830 -1.171696 0.285160 -1.736576 0.003341 -0.806083 -1.347228 -0.575523 0.320959 -1.170304
1.119580 -1.995480 -2.689524 0.435500 -1.658224 -0.397524 -2.499402 -1.925043 0.738734 0.100038
-0.451835 -2.170594 -3.200625 -1.538351 -0.592324 -0.052827 0.881743 -2.833704 0.013894 0.302972
-1.100634 0.321644 -0.477240 -0.540430 0.908843 -0.276260 -0.516606 -1.531100 0.055092 -3.122503
0.399821 -2.034042 -0.364529 -2.009891 -0.846610 -3.160441 0.576400 -1.806684 -2.571456 -2.308336
-2.512822 -0.236709 0.011485 -2.026913 -0.964656 0.482192 -2.052722 -1.720560 0.668041 -0.249317
-0.003122 -1.760363 -0.579384 1.378513 -0.409104 -2.657439 -1.307768 0.159068 -0.056942 -0.980471
-0.563979 -0.646288 0.558547 0.403966 0.689559 -1.556139 0.115956 -1.479971 -1.213882 -0.245083
0.856027 -1.171905 -2.142595 -2.937201 0.036734 -0.519478 -2.491214 -0.057394 -1.577513 -1.355708
-1.747231 -1.107789 -1.354222 0.467182 -1.202109 -0.347505 -1.060684 -2.391766 -1.145897 -1.201654
-1.064052 -1.063204 0.532144 -1.257954 -0.534859 -1.229208 
