0.673646 0.610626 1.635147 1.472448 0.021844 0.793525 -1.021469 0.562238 0.305089 1.567951
1.208872 0.152595 -0.214937 1.621382 0.786244 2.122897 0.345338 0.799131 0.033771 0.743691
1.802419 -2.876452 0.381544 0.909827 -0.057779 1.879845 1.148154 0.126266 -0.182000 1.750790
1.121492 -0.612855 1.991393 1.302877 0.903288 1.093015 1.446100 1.538087 2.182162 1.421510
1.460724 -0.827178 1.097149 1.342586 0.256983 2.147047 0.314776 0.638436 1.648115 1.446162
-0.086773 -0.124414 -0.945010 -0.070073 2.090903 0.156995 0.947323 0.611444 -0.174239 0.951713
0.300473 1.042623 0.864708 0.058143 1.789693 2.512306 0.162448 1.243022 0.206307 0.881650
-0.329091 0.451406 1.740043 -0.528443 1.155988 -3.347183 2.375613 0.121267 1.186112 1.249610
1.456006 0.614587 1.405161 1.840619 0.254802 0.186395 0.751393 -2.577568 1.835759 0.014784
0.314057 0.607985 1.511147 0.204269 1.512638 2.083138 0.964706 0.055205 -0.028495 1.186998
1.107992 0.692031 1.876151 1.133280 0.945089 0.967892 0.436726 0.445868 1.501849 0.557100
0.318216 1.052290 1.900218 0.290260 1.194737 1.988770 0.444584 1.690820 -1.042768 1.353848
0.831709 0.675363 0.363039 0.342152 0.033324 0.666502 2.027208 0.829604 1.428745 0.132939
0.167145 1.631008 1.397098 -0.114315 2.140009 2.205784 0.133512 0.010605 0.690841 1.588644
1.670238 0.008703 1.661604 0.722104 0.133010 0.713873 1.176283 -0.096285 -0.065591 0.042346
-0.105786 -4.511372 1.062675 -0.547957 2.196977 0.882334 1.414387 0.104275 -0.619012 1.972700
0.371375 1.235407 -0.632123 0.620100 1.982581 -0.424451 0.589143 1.864593 0.494096 0.098251
0.972391 1.514140 0.648187 1.336736 0.424936 -5.037226 0.181692 0.100516 -0.316788 0.334528
-0.003454 0.882912 1.001635 0.532525 1.201120 -0.083781 1.087957 0.058255 0.152398 0.462221
2.373132 0.683136 1.136146 0.730947 -0.527622 1.092071 1.503285 0.791278 0.397041 1.820589
1.950017 1.144723 0.555455 0.013226 0.719061 0.087934 1.807783 0.189675 0.200596 0.354025
0.463147 0.753597 1.494078 0.697301 -0.475867 0.409449 -0.208456 -0.342123 0.804963 0.141923
0.534096 0.153743 1.044203 1.815707 -1.739516 -0.217881 -0.292396 1.128264 0.811879 -0.730934
1.552392 0.548078 -0.978878 -0.222217 -1.981732 0.758324 2.546287 1.056356 -0.707067 0.571750
-0.702280 1.579067 -0.443814 0.520505 1.095633 1.556773 1.170531 0.231914 0.707632 1.298539
3.537174 0.948127 0.282010 1.016913 1.763435 1.947151 
