0.270898 0.112295 -0.149212 -0.226263 -0.246458 -0.124644 0.120592 -0.209412 0.152300 -0.343189
-0.152685 -0.272441 -0.175453 0.155258 0.359396 0.269869 -0.509123 -0.009173 -0.128117 0.022334
-0.118920 -0.262279 0.268325 0.302284 -0.010709 0.084189 -0.211727 0.187287 0.019681 -0.142524
0.010130 -0.270898 0.161818 -0.311031 0.244014 0.169793 -0.308201 0.164005 -0.288134 0.246586
0.394641 -0.165677 -0.121428 -0.229736 -0.255205 -0.104320 -0.053575 -0.121042 -0.138922 0.030502
0.014656 -0.161304 -0.132233 -0.131333 0.186644 0.020806 -0.183171 0.219831 -0.056662 -0.037721
-0.221632 -0.043831 0.172109 0.263952 -0.325185 0.273300 0.171987 -0.140707 -0.020711 0.132700
0.041048 -0.254297 0.038166 0.341198 -0.211274 0.076118 0.261130 -0.079001 -0.112309 0.145938
0.066830 -0.172948 -0.131419 -0.139853 0.202520 0.215117 -0.070674 0.094801 0.094587 -0.128536
0.212021 0.037365 0.102061 -0.207431 -0.026770 -0.057329 0.036298 0.137931 -0.055995 0.180741
-0.261984 0.061653 -0.146045 -0.231878 -0.000218 0.002199 -0.170706 -0.013552 -0.262838 -0.070247
-0.178926 -0.202840 -0.075905 0.259635 -0.251095 0.021178 0.059731 -0.071528 -0.274795 -0.234440
-0.143162 -0.027624 0.283122 0.190456 0.058824 0.228675 -0.177218 0.279492 -0.338720 -0.161679
-0.138446 -0.116352 0.132757 -0.165946 0.180739 -0.282772 -0.163101 0.179886 -0.105826 0.000329
-0.000973 -0.017567 0.025556 -0.213359 -0.039756 0.131240 0.000812 -0.272531 -0.060831 -0.093119
-0.312548 -0.227014 0.287324 0.173342 0.397512 0.310841 -0.068322 -0.031648 0.129248 0.072542
-0.221704 -0.200652 0.172489 -0.216014 -0.009791 0.124791 -0.049310 -0.127826 0.002686 0.144420
-0.128869 -0.263427 -0.137688 -0.215825 -0.280686 0.006810 -0.000458 0.012025 -0.072068 -0.112559
-0.074723 -0.132852 0.102128 -0.107154 -0.120524 -0.136076 0.165187 0.062680 -0.081503 -0.188799
0.032573 0.226825 -0.356438 0.027388 0.087542 0.174833 -0.130309 0.082274 0.280184 -0.208695
-0.133570 0.084971 0.192767 -0.092621 -0.311036 -0.064527 0.070610 -0.191388 -0.077947 0.169189
0.030743 0.220485 -0.028924 -0.136956 0.194398 0.045872 0.233403 0.316053 -0.093060 0.099080
-0.159532 0.241806 -0.311789 -0.321571 0.268896 -0.089172 -0.305267 0.242307 -0.110368 0.000681
-0.133570 0.085347 -0.063524 -0.324832 0.282441 0.214590 -0.164925 0.043489 -0.330351 -0.077759
0.083654 0.038942 -0.257859 0.248578 -0.103658 -0.319816 0.251212 -0.127675 -0.122659 -0.164297
-0.287458 0.120652 0.232650 0.326839 -0.306772 0.237040 0.203390 0.017823 -0.271108 -0.277784
0.139488 0.056689 -0.424902 -0.332625 -0.284937 -0.055020 -0.057643 -0.065810 -0.000528 -0.116300
0.001114 -0.043575 -0.511695 -0.164405 0.268485 -0.269439 0.348124 0.119578 -0.068552 0.185388
-0.264908 -0.198502 0.361477 -0.288037 0.043545 -0.250125 -0.293521 0.157610 -0.123274 -0.182407
0.013278 0.154510 0.158325 -0.309735 -0.333818 0.096807 -0.059491 -0.308066 -0.263716 0.027421
0.231646 -0.209828 -0.020133 0.193495 -0.226996 0.157133 -0.086495 0.176208 -0.144495 -0.165597
0.166551 0.006535 -0.291614 -0.014597 0.321896 0.064141 -0.189799 0.119519 0.258947 -0.128758
-0.346934 0.171947 0.206600 -0.299920 0.194137 0.037262 -0.159991 0.243786 -0.162727 0.268104
-0.371455 -0.174683 -0.159282 -0.169313 0.122906 0.014350 -0.219874 -0.153101 -0.116219 -0.306404
-0.234464 0.199913 -0.073055 0.272157 0.082073 -0.181472 -0.141854 -0.250473 0.059984 -0.041340
-0.309241 -0.338625 -0.209538 -0.064999 -0.246015 -0.028675 0.176000 -0.162423 -0.258782 0.108214
-0.394354 0.162220 -0.237301 0.056438 -0.073105 -0.052537 0.219671 -0.024748 -0.149149 0.081009
0.199406 0.118043 0.138713 -0.191199 0.054056 -0.013299 0.001490 -0.085872 -0.154013 -0.166678
-0.180965 -0.099450 0.064442 -0.240544 -0.055913 -0.209582 0.035115 -0.022501 0.131598 -0.216339
0.311050 -0.001026 -0.047605 0.028053 -0.189754 0.178455 -0.194185 -0.345611 0.096372 -0.244586
0.508225 -0.152202 0.118416 0.083744 0.277818 -0.063417 0.018887 -0.167045 -0.023719 -0.233509
-0.103129 0.028164 -0.285129 0.160288 -0.124730 0.012434 0.189864 -0.085627 0.059153 -0.234617
0.259651 -0.233287 0.246580 0.016076 -0.297314 -0.277153 -0.087732 -0.105566 -0.041595 0.278704
0.055248 -0.157076 0.066353 0.141789 0.093714 -0.315924 0.263196 -0.072944 0.303074 0.201606
0.190751 -0.190308 0.048712 -0.369759 -0.193520 0.188314 0.124176 0.167267 0.074327 -0.103373
-0.281223 0.070455 -0.069114 -0.106352 -0.210718 -0.031330 -0.201185 0.039224 -0.228195 -0.161564
-0.007839 -0.048186 0.162060 0.204959 -0.220053 0.037015 0.046200 0.020444 0.158088 0.101288
-0.040217 0.008310 0.191752 -0.190560 0.221642 -0.107444 -0.036940 -0.105856 -0.362451 0.232763
0.330278 0.228593 0.188078 -0.277648 -0.065341 0.043966 0.079640 0.156996 -0.253617 -0.204363
0.185098 0.137632 0.178545 -0.074675 0.025918 -0.303863 -0.094883 0.084903 0.090265 0.003767
0.174076 -0.228195 0.010228 -0.199894 -0.169905 0.007050 0.186687 -0.246864 0.100195 -0.154514
-0.043072 -0.101486 -0.019579 0.130973 0.212277 0.273487 -0.242161 -0.228353 0.125924 0.176623
-0.184970 -0.104748 0.096092 -0.035757 0.637244 -0.235360 -0.248550 -0.005056 0.101347 -0.081613
0.293272 0.061983 -0.203106 0.155601 -0.201767 0.317179 -0.101811 0.171265 -0.246695 0.019373
-0.056676 0.093825 -0.531724 0.194656 -0.134374 0.073267 -0.310790 -0.234948 -0.159105 0.097277
-0.017904 0.100471 -0.079346 0.149419 0.095216 -0.113661 -0.113558 0.334697 -0.189813 0.145297
-0.225261 -0.833446 -0.226704 0.106242 0.026560 -0.163124 0.031764 0.231444 -0.041090 -0.013126
-0.067754 0.020790 0.147048 0.330782 -0.124069 0.187752 -0.167645 0.233430 -0.053164 -0.280116
-0.270287 -0.008118 -0.120512 -0.057799 0.217682 -0.129113 0.109567 0.192887 -0.272521 -0.151674
0.054588 -0.157928 0.240355 0.157482 -0.111298 -0.176804 -0.001371 0.124980 0.305581 0.267384
-0.196573 0.136596 -0.290615 -0.339535 -0.146983 -0.002754 0.140281 -0.122746 -0.150110 -0.225612
-0.248843 -0.061485 0.223155 0.273861 0.164295 -0.017675 -0.271181 -0.040096 -0.305358 -0.310272
0.116380 -0.309602 -0.004513 -0.270958 0.076730 -0.246833 0.227846 -0.232537 -0.004782 -0.215225
-0.146089 0.160944 0.027657 -0.045290 0.095159 0.162954 -0.183728 -0.037053 0.141287 0.012565
-0.152393 -0.122241 0.179887 -0.103026 -0.328090 0.210141 0.216273 0.190108 -0.086673 -0.160467
0.047220 -0.162307 -0.162103 -0.198387 -0.000354 -0.239781 0.206972 -0.172221 0.267582 0.153824
-0.241621 0.077525 0.201964 -0.032579 0.028107 0.216273 -0.484469 -0.048498 -0.225472 -0.068480
0.217500 -0.230991 0.065976 -0.118153 -0.120606 0.081409 0.186224 -0.380012 -0.107421 0.068582
-0.218318 -0.224450 0.019713 0.247754 -0.235080 -0.141457 -0.026549 0.074255 -0.235080 0.341786
0.135222 -0.256339 -0.028031 0.024696 0.020506 -0.106706 0.173959 -0.014807 -0.231400 -0.426005
0.075430 -0.312145 -0.061990 0.221179 0.060268 0.223015 -0.185136 -0.058506 0.093669 0.089558
-0.186310 0.332099 0.373208 0.308022 -0.312426 0.002425 -0.361463 0.060158 0.267647 -0.238577
0.158268 -0.112462 -0.147551 0.228447 0.344432 0.329457 -0.318592 -0.152102 -0.306260 0.368804
0.082805 -0.221546 0.213765 -0.032905 0.258397 -0.182787 0.122445 0.394056 0.160618 0.279686
-0.080896 0.221840 -0.269115 0.128318 -0.207305 -0.393175 0.049624 -0.019343 -0.314481 0.214793
0.138448 0.169573 -0.257370 -0.170748 0.257810 0.065370 0.365574 0.216114 -0.363518 0.338853
-0.001688 0.117674 -0.146303 -0.166637 0.322116 0.141458 0.282916 -0.191889 -0.264117 0.224599
-0.089773 -0.049314 -0.261239 -0.116229 0.147555 0.265888 0.122317 -0.118221 -0.278950 -0.154751
0.221831 -0.275629 -0.135047 0.054268 -0.134051 -0.162167 -0.262788 0.159400 0.168255 -0.037138
-0.203677 -0.159510 -0.067247 0.092264 -0.546387 -0.089164 -0.104772 -0.138257 -0.127963 -0.084294
-0.328762 -0.215632 -0.181539 0.003094 -0.258582 -0.172572 -0.085345 0.022595 -0.049259 -0.171244
-0.359092 0.199250 -0.048290 0.230908 0.213861 0.005158 -0.163495 -0.146449 -0.007060 -0.115676
-0.016535 -0.260796 -0.006258 0.261460 -0.338060 0.037249 -0.309501 0.115786 -0.115786 -0.288469
0.019759 0.068686 -0.316973 -0.159575 -0.011826 -0.083417 0.005478 -0.019085 -0.075251 0.115296
-0.117837 0.220550 -0.038654 -0.124854 -0.272936 0.191031 -0.231802 0.112997 0.149171 0.209420
-0.090253 -0.125821 0.160664 -0.049996 -0.143485 -0.336572 0.098298 0.053081 -0.260353 -0.232891
0.005546 0.003715 -0.137194 -0.053777 -0.019705 0.201919 -0.392950 0.021384 -0.163084 -0.302697
-0.165020 -0.198774 -0.235915 0.041920 0.238335 -0.300520 -0.084808 -0.386417 0.286970 -0.207605
-0.299552 0.034419 -0.343831 -0.211961 0.296406 -0.359559 0.183530 0.292293 -0.304875 0.079485
0.306811 -0.437229 0.203976 -0.287211 -0.353994 0.026253 -0.312621 -0.133000 0.025910 -0.312621
-0.183359 -0.263961 -0.280815 -0.078903 0.013592 0.333009 0.223592 -0.069286 0.018706 -0.137825
-0.122262 -0.128718 0.274155 -0.260562 -0.032298 0.157262 0.023226 -0.017339 0.321863 0.170582
0.239766 -0.133679 -0.128310 0.250776 0.203747 -0.180368 -0.384116 -0.038908 -0.335727 0.002430
-0.177650 -0.316155 -0.341980 -0.087602 -0.336815 0.142310 0.260970 -0.369436 -0.182815 0.118592
-0.329747 0.325125 -0.293048 0.337358 0.277145 -0.048456 0.277553 0.357747 -0.275378 -0.249417
-0.281359 -0.023922 -0.167184 0.333824 0.005535 -0.125592 -0.062184 0.313980 0.272660 0.175611
-0.161539 0.104267 -0.151362 -0.241061 0.183590 -0.119732 0.084761 -0.055376 0.008693 0.273189
-0.003296 0.233678 0.259819 0.168823 -0.280972 -0.175907 0.185585 -0.076629 -0.190973 -0.291947
-0.056623 0.178002 -0.295140 0.180397 -0.074533 0.024495 0.303322 -0.064157 -0.056125 -0.035745
0.295739 -0.252236 0.232480 0.243057 0.160242 0.182891 -0.091845 -0.147470 0.168224 -0.073037
-0.000932 -0.245651 -0.194366 0.090498 -0.175408 0.067250 -0.079572 -0.182093 0.193867 0.288954
-0.089899 0.324674 0.117438 0.203844 -0.121329 -0.225296 -0.015765 0.162636 0.148069 0.268799
0.134499 0.171916 -0.303122 0.054329 0.199749 0.118666 0.223787 -0.042807 -0.170845 -0.163786
-0.094819 -0.139843 0.280831 -0.028522 0.008716 0.083181 0.126202 -0.153103 0.115519 0.098634
-0.014809 0.091909 0.214248 0.091957 0.219590 -0.171036 -0.151576 -0.079461 -0.006373 0.082609
-0.263852 -0.169701 -0.071925 -0.007119 0.185345 0.211005 -0.119907 -0.126584 -0.036153 0.217873
-0.211768 0.585701 0.172085 -0.292469 -0.216347 0.090955 -0.121337 0.127633 -0.050891 -0.197650
0.173135 -0.041400 0.019662 -0.381946 -0.177809 0.155392 -0.196315 -0.052322 -0.128587 0.124485
-0.058189 -0.226649 -0.218064 -0.037513 0.235807 0.039683 0.129255 0.182388 -0.123804 -0.017070
-0.223767 0.041590 0.027317 -0.181314 0.222512 0.178491 0.247398 -0.255972 -0.143880 -0.072410
0.378103 0.092434 0.210382 0.202645 -0.067914 -0.045407 -0.197626 -0.136456 0.282322 0.070058
-0.180791 -0.173681 -0.219375 -0.038662 -0.073979 0.260782 0.138338 -0.042819 -0.370783 -0.034637
0.191247 0.214774 -0.213101 -0.180268 0.049406 0.107492 0.011711 -0.238406 0.381240 0.157787
-0.076070 0.282741 -0.068594 0.349871 0.000942 0.115020 0.256809 -0.588485 0.233596 -0.031474
0.056778 0.273748 0.197626 -0.075025 0.063941 0.257227 0.125895 -0.022194 -0.110524 0.138965
-0.122549 -0.256600 0.282973 0.118501 0.061868 -0.033744 -0.034989 -0.242494 -0.212358 0.295743
-0.241855 -0.318983 -0.311322 -0.017510 0.028029 -0.176475 0.228192 0.070679 0.006568 0.185286
-0.169452 -0.107839 0.317451 0.146722 0.063465 -0.344778 -0.041278 0.165238 -0.205079 -0.274034
-0.087663 -0.021708 0.215678 -0.026513 0.284761 0.129164 0.167281 0.169835 0.244154 0.289613
-0.018564 0.125397 -0.224489 0.094495 -0.147105 -0.297530 0.089578 -0.089451 -0.186435 -0.323836
0.036234 0.110520 -0.140720 -0.115437 -0.338648 0.134719 -0.114415 -0.051812 0.040863 0.193714
0.268416 -0.171495 -0.290890 0.244792 -0.336861 -0.243898 0.027966 0.022508 -0.306247 0.250365
-0.031821 0.051675 -0.137100 -0.298636 0.104753 0.023597 0.289022 -0.029268 0.216917 0.109159
-0.137200 0.064194 -0.072406 -0.037930 -0.081719 0.149919 -0.091433 0.170249 0.251968 -0.081068
-0.084774 0.028416 0.178160 -0.130691 0.166743 -0.231338 -0.022621 -0.183067 0.242153 0.031897
0.030044 -0.252569 0.106756 0.070553 0.048371 -0.272398 -0.111563 -0.159433 -0.070052 0.174455
-0.317263 -0.234142 0.160534 0.170549 -0.063092 -0.292827 -0.316262 0.025738 -0.019003 0.035852
0.095389 -0.107958 0.230937 0.256374 0.195485 0.015360 -0.003242 0.019679 0.156829 -0.321069
0.205337 -0.373531 0.185844 0.247879 0.230230 0.118540 -0.232601 -0.017600 0.185580 0.333755
0.341657 -0.191244 -0.011599 -0.307939 -0.397239 0.187819 0.121042 -0.143565 -0.238001 0.172014
-0.329803 0.141325 -0.234708 0.202176 -0.014645 0.193878 0.082583 -0.167009 -0.132698 -0.232469
-0.265397 -0.007783 -0.185844 -0.300300 0.236947 0.194668 0.216400 -0.146989 0.027396 -0.377219
-0.148701 -0.050050 -0.243006 -0.376165 0.327696 -0.290817 -0.127232 -0.329540 -0.084756 -0.063847
-0.079092 0.331120 0.107805 -0.198751 0.336125 -0.321374 0.133752 0.223645 -0.027264 -0.354565
0.039151 0.238923 -0.017485 0.412517 -0.155313 0.007448 0.030500 0.057698 -0.146314 -0.252130
0.285950 -0.109445 -0.151829 -0.108501 0.076786 -0.101607 -0.142757 -0.005861 -0.031607 -0.122000
0.096309 0.041913 0.038973 -0.156764 -0.221648 0.074209 0.080632 0.000959 0.207277 -0.213519
0.253581 0.209019 -0.162861 0.147257 0.072431 -0.114670 -0.237324 -0.120331 0.013653 -0.122944
0.168812 -0.172151 -0.164458 0.149507 -0.022172 -0.048916 0.136443 -0.011757 -0.038683 0.068512
-0.181440 -0.035363 0.145007 0.221793 -0.094857 0.263451 -0.187101 -0.119388 -0.007802 -0.028377
0.224115 -0.208148 0.140725 0.345753 -0.255033 -0.173022 -0.247920 0.067351 0.223548 0.019209
-0.121872 -0.207415 0.119899 0.249316 0.147988 0.076141 0.042568 0.035923 0.122801 -0.127095
-0.027856 -0.281815 -0.062561 0.117810 0.015365 -0.150889 -0.209272 -0.280190 0.130809 -0.142416
0.302475 -0.237012 -0.216468 -0.150773 -0.441757 -0.265797 -0.088328 -0.000999 0.048314 0.111020
0.200218 -0.195692 0.046079 0.245834 -0.248387 -0.010707 0.275315 0.155532 0.200799 -0.299457
-0.321975 0.273458 -0.301779 0.109975 -0.157969 0.145550 -0.103243 -0.043845 -0.177933 -0.131854
-0.118448 -0.156577 -0.054726 0.309903 0.084382 -0.137077 -0.155532 0.176308 -0.043381 0.200335
0.009300 -0.026435 0.122735 -0.159139 -0.165900 0.062355 0.247965 0.078945 -0.479705 -0.076345
-0.081858 -0.267312 -0.119718 -0.161843 -0.159971 0.105833 -0.008152 0.113373 -0.282498 0.092727
0.018241 0.215306 0.000074 0.242141 -0.197311 0.286658 -0.402736 -0.127519 0.156747 -0.072705
-0.009491 -0.280833 -0.239645 -0.309125 -0.208025 0.251710 0.161219 0.110877 -0.168812 0.061263
0.168188 -0.068284 -0.225083 0.157579 0.161531 -0.274385 -0.146449 -0.025639 0.184622 -0.248174
0.119198 0.159035 -0.115974 0.144577 0.224875 0.088775 -0.260239 0.185350 0.261903 0.248174
0.004707 0.265856 -0.303508 -0.153834 -0.034714 0.098968 -0.043964 -0.153793 0.066746 -0.085839
0.086035 0.064690 -0.020774 -0.168676 0.174420 -0.181862 -0.299230 -0.319074 -0.081662 0.165934
-0.053690 -0.234084 0.144132 0.051667 0.197006 -0.053527 0.088320 0.260978 -0.186431 -0.144654
-0.009645 0.075721 -0.193090 0.209801 -0.236042 -0.073567 -0.455373 0.256800 -0.131468 0.135385
-0.162409 -0.286436 -0.021395 -0.265808 -0.231342 -0.186693 -0.404196 -0.308630 0.212803 0.073241
-0.024675 0.386702 -0.285914 -0.328474 0.239045 -0.275208 -0.166326 0.054474 -0.128661 0.026405
-0.254972 -0.299491 -0.104443 0.148832 0.278864 -0.216459 0.179643 0.296358 -0.189695 -0.124222
0.185652 -0.276396 0.200671 -0.260494 0.296842 -0.357169 0.043889 -0.345558 0.062284 0.198147
-0.146906 -0.012905 0.078565 0.226039 0.120971 -0.090239 -0.033508 0.260746 -0.172400 0.056951
-0.012676 -0.018852 0.345053 0.295327 -0.145013 -0.267057 -0.185652 0.036853 -0.092132 -0.142111
-0.250271 -0.253552 -0.307948 -0.249640 -0.323093 -0.087525 0.312239 0.060485 -0.059886 -0.178963
0.110180 -0.163061 0.018064 -0.045372 -0.224903 -0.006381 -0.330918 -0.061211 -0.329404 -0.212787
0.259484 -0.281444 0.034770 -0.216195 0.172527 -0.309967 0.321326 -0.140470 -0.009119 0.135421
-0.153722 -0.295832 -0.118194 -0.286240 -0.040465 0.141487 -0.254299 0.269769 0.251658 -0.224870
-0.016813 0.083194 -0.286181 0.055274 0.248262 -0.163842 0.043484 -0.112812 -0.157805 0.109605
0.034523 0.169407 -0.230529 0.193743 0.162710 0.294670 -0.113378 -0.156862 -0.248640 -0.254299
0.022579 0.183273 0.104134 -0.277880 -0.472755 -0.186857 -0.005695 0.002840 -0.206760 0.179783
-0.180537 -0.141110 0.126112 -0.174878 -0.119792 0.003537 0.038484 0.221286 0.100456 -0.014137
-0.272032 0.052963 -0.137620 -0.144694 -0.126206 -0.176387 -0.102437 0.105172 -0.269391 -0.232039
0.212796 -0.061547 0.264486 -0.249394 -0.033815 0.152334 0.213362 -0.077441 0.069211 -0.053407
0.229688 0.177246 -0.134764 -0.033437 -0.155801 -0.170538 -0.018903 -0.224403 0.171351 -0.189950
0.129885 -0.092891 0.014406 -0.217898 -0.180498 0.149094 0.279081 0.193100 0.192694 -0.031048
0.008912 0.176941 -0.059099 -0.177449 0.208345 -0.049774 0.046674 -0.199300 -0.254689 0.095991
-0.158342 0.245136 -0.065552 -0.154683 0.111998 -0.090096 0.220337 -0.266885 0.253266 0.135882
0.009642 -0.041008 -0.195946 -0.239038 0.146959 0.002762 -0.113726 0.120738 0.176128 -0.214646
-0.170030 -0.188120 -0.276235 -0.189848 -0.048351 0.003241 0.196454 -0.196454 0.140455 0.207227
-0.124804 -0.299407 -0.224206 0.094431 0.140188 0.248007 0.170534 0.245389 -0.233488 -0.328216
-0.136618 0.177318 0.016497 -0.042782 0.248007 0.055397 -0.300607 0.085684 0.332501 -0.097406
-0.068904 0.220517 0.162085 0.060246 -0.230037 -0.146852 0.244913 0.294895 0.315364 -0.270142
-0.193145 -0.008977 -0.059443 -0.006318 -0.036564 0.100440 0.332977 -0.222778 -0.166369 -0.271570
0.050488 -0.053017 0.210639 0.025199 0.166726 -0.323694 0.061050 -0.207426 0.000350 -0.002308
-0.148995 0.055308 -0.015076 0.318696 0.265858 -0.155421 -0.126741 0.051708 0.221350 -0.251101
0.088718 0.366774 0.160062 0.171367 -0.300607 -0.054237 0.191947 -0.186210 -0.190111 -0.264343
-0.173360 0.294632 0.031379 0.234283 0.171295 0.042680 0.185866 -0.293026 0.125402 0.222695
-0.319644 0.229120 -0.001395 0.187587 -0.123567 0.029572 -0.107963 -0.273981 -0.205715 -0.141006
-0.340755 -0.266638 -0.307482 -0.246904 0.201814 0.221318 0.101768 0.064537 0.119551 -0.274898
-0.094941 -0.134466 -0.039238 0.015618 -0.105496 -0.101825 -0.298992 -0.049392 -0.141350 -0.312760
-0.091270 0.229809 0.027134 0.072740 -0.128615 0.216614 0.270998 0.274669 0.268473 -0.244609
0.148693 -0.139973 -0.292338 0.051457 0.123337 -0.222581 0.032039 -0.142039 0.155577 0.305188
-0.258007 0.287768 -0.097016 -0.310265 0.058116 0.104457 -0.055421 -0.148454 0.291987 -0.031665
-0.264803 0.300188 -0.098891 0.080671 -0.043353 0.173411 -0.131581 0.268553 -0.229652 -0.153141
-0.161460 0.051350 0.304641 0.338854 -0.011563 0.284722 0.057852 0.043968 -0.196025 0.017400
-0.012676 0.211491 -0.201063 0.083835 0.248868 -0.109202 -0.123028 -0.016975 0.003790 0.011863
0.144587 0.260116 0.077390 -0.100707 -0.030991 -0.076980 -0.209616 -0.254961 -0.314483 -0.047190
-0.142361 -0.179855 -0.015803 0.163686 -0.043909 -0.226840 0.150914 -0.096020 -0.192744 -0.351977
0.033393 0.145876 0.252149 -0.100707 -0.164188 0.222490 0.272330 -0.260857 0.142936 -0.307123
0.067894 -0.116511 0.130053 0.179234 -0.109459 -0.179234 -0.237160 0.091027 0.203871 -0.290197
0.016856 -0.144816 -0.009198 -0.233963 -0.268192 -0.058021 -0.255779 0.081624 0.301105 0.044338
0.341541 0.189296 0.206692 -0.091968 -0.108236 0.039143 -0.177165 -0.055435 0.151587 0.139550
0.167949 0.196536 0.147637 -0.148296 0.018396 0.025625 -0.260105 0.118392 -0.028564 -0.199734
-0.252018 0.309380 0.185628 0.042552 -0.137199 -0.135319 -0.150552 -0.192775 -0.229261 -0.016304
-0.215908 -0.161649 -0.074806 0.338155 0.033265 0.014552 0.015704 0.102782 -0.006087 0.224500
-0.122843 -0.054844 -0.089954 0.043738 -0.260209 0.111054 0.226892 0.046130 -0.001660 -0.197335
0.070263 0.210149 0.209978 0.182641 -0.378609 -0.135059 0.121220 0.122160 0.102597 -0.115069
-0.158380 0.094994 0.187938 -0.128481 0.061507 0.032654 0.014565 -0.206903 0.065693 0.178028
-0.155134 -0.105587 0.053391 -0.166496 0.000430 0.373142 -0.122245 0.011148 0.345977 -0.086964
0.000101 0.025884 -0.068426 0.103964 -0.218008 -0.217837 -0.128481 -0.160089 0.223646 -0.143260
0.226209 0.134034 -0.065009 -0.063771 0.107979 0.062233 -0.170084 -0.182983 0.115069 -0.157868
-0.202119 0.001337 0.078760 -0.027620 0.264604 -0.069077 -0.195238 -0.362729 -0.092994 -0.249286
0.260269 0.361862 0.059756 0.093789 -0.041042 -0.302322 0.137649 0.345387 -0.286715 -0.082373
0.191625 0.254922 0.184110 -0.310126 -0.140684 0.100798 -0.411575 0.319953 0.040681 -0.329491
0.328046 0.134109 -0.409262 0.320242 -0.165468 -0.141696 -0.218793 0.148126 -0.332381 0.193504
0.025687 -0.259257 0.252321 -0.004932 0.175295 -0.173416 0.305791 -0.246540 -0.198995 -0.227753
-0.045919 -0.060587 0.257379 -0.222840 -0.279200 0.038368 0.302900 -0.267928 0.033256 0.304056
0.313883 0.188446 -0.009827 0.222551 -0.255500 0.127027 0.296539 -0.167422 -0.159827 0.020199
0.076281 0.176448 -0.114367 0.199124 0.056358 0.086683 -0.258013 0.241502 0.303804 -0.129667
0.073860 -0.129887 0.265498 0.185584 -0.057514 0.267700 0.155094 -0.008393 0.089050 0.138143
-0.010058 0.306005 0.126475 0.103359 0.069016 0.039819 0.129667 -0.076281 0.098406 -0.100332
-0.086133 0.024849 -0.171165 0.562257 0.343871 0.191528 -0.201325 -0.169844 -0.007774 0.118770
0.235998 0.311509 -0.002664 -0.077162 0.065274 -0.431269 0.072649 0.002110 -0.104845 -0.049120
-0.163019 0.265938 0.095379 0.092132 0.015383 -0.241722 -0.184264 0.169404 0.227853 0.054129
-0.075685 0.285034 0.082609 0.208955 0.153298 -0.151983 -0.301863 0.187744 0.332014 -0.066876
0.082390 -0.059075 -0.170740 0.218947 0.377592 0.094223 -0.183362 -0.223855 0.134366 -0.161186
0.006130 0.256987 0.166884 0.178366 -0.160748 -0.145585 0.089533 0.081733 0.233497 -0.193529
0.195106 -0.212461 -0.016708 0.100270 -0.031291 -0.214740 0.019611 0.816187 -0.047155 -0.095888
0.263297 0.193003 -0.111226 0.029209 0.202469 0.142868 -0.059820 -0.148477 -0.065430 -0.411249
0.006009 0.145059 -0.221576 -0.079585 0.139099 -0.143657 0.092996 -0.168899 -0.046542 0.022833
-0.004158 -0.134979 -0.145059 0.232971 -0.287473 0.064752 -0.332908 -0.257604 -0.307947 -0.160564
-0.160003 -0.074743 -0.126278 0.358149 -0.040982 -0.282845 0.213010 0.197445 0.032341 0.043822
-0.033410 0.323372 0.328140 0.266719 -0.105173 0.345248 -0.182300 0.069765 0.025364 0.039615
-0.267700 -0.238112 0.065558 0.013681 -0.152431 0.283126 0.158601 0.206139 0.098652 0.247507
-0.119967 0.236289 -0.362637 0.236990 -0.149205 0.117163 -0.172764 0.168978 0.225351 -0.181739
-0.300655 0.160424 0.152851 0.140862 0.215675 0.266158 0.091501 -0.070922 -0.051430 0.156497
0.049081 -0.200951 -0.341882 -0.319445 -0.381427 -0.265737 -0.133710 0.230679 0.227516 0.087472
-0.396507 -0.046713 0.094376 -0.259186 -0.374211 -0.183052 -0.059508 -0.219155 0.203321 0.209401
-0.074488 -0.338994 -0.120535 0.017118 0.298457 0.205854 -0.281735 0.157589 -0.140488 -0.346342
-0.247912 0.193186 0.112871 -0.122182 -0.200280 -0.029548 -0.170130 -0.121422 -0.065050 0.126426
-0.114392 0.327846 0.112301 -0.021646 0.171017 -0.052255 0.059698 -0.157209 -0.313658 -0.140361
-0.103877 0.342288 0.146188 -0.153029 -0.174691 0.207881 -0.081392 -0.070750 -0.007043 -0.293390
-0.207248 -0.062770 -0.093299 -0.241198 0.224349 0.156069 -0.331393 -0.176591 0.189512 -0.145555
0.163797 0.081202 0.095307 0.056269 0.192321 -0.013029 -0.121921 0.140573 -0.753361 -0.222346
-0.241567 0.214271 -0.210859 -0.093829 0.038555 0.116689 -0.091497 0.024993 -0.887565 -0.147624
-0.227578 -0.100880 0.063917 -0.150468 -0.208585 0.144781 -0.485863 -0.074779 0.126811 -0.305029
-0.207675 -0.459023 -0.473125 -0.098208 -0.032072 -0.225190 0.230194 -0.231217 -0.081262 -0.173896
-0.318222 0.045436 -0.332553 0.043389 0.221891 0.063349 -0.004482 -0.071708 -0.243842 0.015055
0.170712 0.320042 0.156950 0.322544 -0.122489 0.142620 0.089507 0.241112 -0.009063 -0.154903
0.330050 0.364398 0.067273 0.091213 -0.105714 -0.142847 0.142560 -0.273561 -0.176274 0.329980
-0.017700 -0.001859 0.172283 -0.146276 0.250444 0.220996 -0.115039 0.087793 0.452450 0.243838
-0.211914 0.255260 -0.069629 -0.355850 0.188246 0.227051 0.129694 -0.159073 -0.032320 0.110842
0.034453 0.160449 -0.210263 0.232142 -0.021742 0.026352 -0.091095 -0.005324 -0.269984 0.157284
-0.133134 0.247967 -0.135749 -0.344842 -0.159348 0.180815 0.179989 -0.266544 0.209162 0.292551
0.163752 -0.061166 0.263929 0.225537 0.375390 -0.369611 0.288148 -0.327778 -0.097081 -0.057175
0.283744 -0.024993 0.208749 0.310440 -0.349245 0.065879 0.364106 0.042108 0.172146 0.314568
0.026613 0.074916 0.298650 -0.186055 0.145779 0.079982 -0.115318 0.216198 -0.093471 0.254954
0.207079 -0.082452 -0.079855 -0.219365 -0.406813 -0.276106 -0.238489 0.001300 0.018080 -0.068900
0.069280 0.092077 -0.211765 0.001340 -0.075359 0.069976 -0.564370 -0.282438 0.208346 -0.047780
-0.128807 -0.448862 0.131847 0.098030 -0.154645 -0.149072 0.089734 -0.335380 -0.195174 -0.395667
-0.249888 -0.043949 -0.231523 0.289024 -0.123298 -0.334367 -0.227217 -0.300170 -0.034038 0.105376
-0.165157 0.185041 -0.343486 -0.383762 -0.075296 -0.337913 0.056203 -0.260401 0.183522 0.021262
-0.218985 -0.278892 -0.260147 0.428850 -0.268184 0.262431 -0.191418 0.214626 -0.241603 -0.052020
-0.073145 -0.123777 -0.171086 0.129232 0.029109 -0.079047 -0.069972 0.041259 -0.269175 -0.061740
0.208477 0.188443 -0.015732 0.111280 -0.309839 0.028787 -0.205700 -0.002529 0.299326 0.177434
0.283061 0.211452 0.271159 -0.090651 -0.063376 -0.019340 0.011462 -0.100420 -0.076022 0.068484
0.019253 -0.272547 -0.308054 0.106817 0.159184 -0.245967 -0.068782 -0.098734 -0.301310 -0.187252
0.180607 0.038011 -0.250133 0.021001 -0.206692 -0.072550 -0.112371 -0.125166 -0.053161 -0.184575
-0.182591 0.218593 0.298731 0.259059 -0.296549 -0.243190 -0.049466 0.091246 -0.209960 0.137589
-0.150317 0.015039 -0.112412 0.050028 -0.267374 -0.047845 0.174100 0.232443 -0.183018 0.103308
0.196211 -0.116407 0.094296 0.243034 0.070513 -0.233000 -0.010626 0.155891 0.192494 0.086214
0.243219 -0.261986 -0.323487 0.028916 -0.098384 -0.253439 0.028893 -0.184691 0.087561 -0.263101
-0.233186 0.203829 0.103494 0.101914 0.074740 0.612415 -0.155891 0.073300 -0.182089 -0.103401
0.023597 -0.054534 -0.268117 -0.286698 0.149109 0.184319 -0.125512 -0.279451 0.098849 0.135359
-0.243405 -0.029752 0.230213 0.137868 -0.096898 0.120774 -0.048217 0.204758 -0.119194 -0.100056
0.080454 0.170291 0.136057 0.112597 0.161021 -0.197878 -0.146644 0.038099 0.090836 -0.109133
-0.380856 0.053260 -0.240616 -0.018772 -0.378242 0.205981 0.180234 -0.314723 -0.042216 0.273160
0.093711 0.200623 -0.351318 -0.267148 -0.039406 -0.265319 0.080641 -0.273683 -0.427646 -0.075021
-0.317075 0.070643 -0.071558 -0.302698 0.151218 0.132529 -0.175006 0.055122 -0.367002 -0.068682
-0.029293 0.092469 -0.053325 -0.194349 0.315245 -0.066395 0.229899 -0.157361 -0.239571 0.049796
-0.295379 0.102206 0.070773 0.039634 0.075282 -0.103513 0.040386 -0.404643 0.128019 -0.020667
0.041595 -0.640424 -0.223495 0.000524 -0.118674 -0.046725 -0.154676 0.169351 0.100900 -0.165249
-0.158504 -0.010322 -0.085678 -0.007759 0.272712 0.028620 -0.161695 0.186487 -0.072279 0.264144
0.200159 -0.219299 -0.410526 -0.214924 0.001059 -0.023698 -0.045824 -0.031537 0.036345 -0.046713
0.049766 -0.099259 -0.362947 0.068953 0.096160 -0.116303 0.110926 0.126694 -0.011883 0.204898
-0.182020 0.173179 -0.206539 0.199976 -0.107189 -0.231149 0.496568 0.103087 0.114936 -0.185302
0.196330 -0.212919 -0.030192 0.081713 -0.142007 -0.183296 0.197971 -0.105913 0.106733 0.233701
0.084630 0.028894 -0.220758 0.077201 -0.105457 0.061433 0.208544 -0.180835 0.210732 0.135535
0.102422 0.204340 -0.122826 -0.214013 -0.259758 0.149225 0.034107 0.135622 0.010196 -0.064133
-0.312556 0.237188 0.028994 -0.139350 -0.248876 0.111843 -0.185700 -0.108417 -0.015555 -0.160812
-0.088013 -0.264796 -0.107712 -0.154061 -0.263587 0.029674 -0.463897 -0.138746 0.049624 -0.037835
0.075822 -0.228724 -0.084588 0.168369 0.110231 -0.064083 -0.300465 -0.230135 -0.213812 -0.234568
-0.345404 0.155573 0.129577 0.103581 -0.093051 -0.169679 0.091338 0.195473 0.253712 0.188420
-0.188924 -0.085444 -0.117284 -0.092245 0.085746 -0.015781 0.201720 0.054410 0.026953 0.064688
0.243636 0.136328 0.204038 0.174717 0.100131 -0.141397 0.219416 -0.129263 0.095067 0.025898
0.005870 -0.177097 -0.221823 -0.270761 0.035625 0.172986 0.633379 0.107903 0.034898 -0.225634
0.177699 -0.153030 0.059066 0.198157 -0.034697 0.144004 -0.116427 -0.185321 -0.004676 0.061623
-0.349983 -0.311274 -0.020269 -0.037405 0.101034 0.004262 -0.052247 0.004992 0.046907 -0.127458
-0.090905 0.041617 0.145609 -0.033770 0.015769 0.051645 0.023754 -0.025797 -0.182011 0.091507
-0.026675 0.276577 0.227238 -0.655842 0.050241 -0.150322 -0.240074 -0.198959 -0.160551 -0.080727
0.142199 0.164663 -0.245088 0.106599 -0.036076 0.298839 -0.028179 -0.049514 -0.191136 0.228062
-0.220331 0.261427 -0.189305 0.099434 0.288281 -0.189509 0.199885 0.232944 -0.117489 0.118303
0.012455 0.084633 0.291740 -0.146785 -0.327139 0.096433 0.199783 -0.284619 -0.294385 0.149837
0.042596 0.337718 -0.061593 0.060321 -0.164790 0.212803 0.119626 -0.001947 -0.171504 0.244337
0.169876 0.076495 -0.046004 -0.142208 0.169063 -0.191136 -0.291740 -0.059660 0.494778 -0.270175
0.191645 0.124813 0.190628 0.097857 0.013135 -0.143429 -0.161027 -0.052438 -0.180964 -0.027745
-0.090940 0.133155 0.084582 -0.259596 0.251865 0.076597 0.234368 -0.254713 0.092364 0.048089
-0.263461 0.120643 -0.278315 -0.159764 0.191310 -0.041722 -0.233879 -0.022896 0.029320 0.187409
-0.077677 0.205726 -0.137970 -0.045877 -0.148825 -0.171636 -0.022875 -0.201146 -0.041934 -0.019366
0.083783 0.097690 0.154845 -0.105322 -0.184526 -0.156202 0.091754 0.055375 0.105661 0.267799
-0.035447 0.122621 0.207761 -0.039538 -0.044393 0.070172 0.088786 0.128727 0.184526 -0.229300
-0.271022 0.165869 -0.107696 -0.246260 -0.250839 0.040111 -0.147553 0.169431 -0.063219 0.188426
0.207591 0.292222 0.129660 0.237441 0.008745 -0.022514 -0.130169 0.126522 -0.104389 -0.143567
-0.060632 0.274075 -0.171636 -0.123724 0.174350 -0.177572 -0.242574 -0.076623 0.154022 -0.067024
-0.216608 0.123506 -0.309598 0.276974 -0.084945 0.030766 -0.079508 0.085888 -0.233031 0.349102
0.086721 -0.063085 -0.766116 -0.106972 -0.162567 -0.103199 -0.138376 -0.013795 0.237691 0.092546
-0.085223 0.089994 -0.087497 -0.023123 0.133382 -0.340447 0.053902 -0.304049 -0.157240 0.278749
0.198298 0.239023 -0.229036 -0.234806 0.071463 -0.052044 0.368632 0.009467 0.237025 0.230367
-0.108803 0.077732 0.080007 0.033623 -0.229480 0.239023 -0.272535 -0.080895 -0.304715 0.121953
0.207397 -0.264323 -0.028463 0.110079 0.179988 0.204290 0.048881 0.002433 0.074958 -0.067135
0.122489 0.055687 0.147051 0.234815 0.176800 0.161237 -0.278645 -0.212795 0.251754 -0.012552
-0.122595 0.163566 -0.155202 0.280338 -0.195538 -0.082207 -0.530610 -0.235662 0.064050 0.081360
-0.081254 0.032237 0.141546 0.051240 0.124924 0.113702 0.000383 0.094381 0.130959 -0.214700
-0.034857 -0.267634 0.009184 0.006690 0.147686 -0.183469 -0.167695 0.395311 0.097610 -0.205066
0.366092 0.296219 0.101739 -0.124501 -0.037848 -0.161660 -0.184951 -0.097399 -0.074902 -0.242861
-0.273351 0.008483 0.012307 0.212265 -0.066644 0.185587 -0.075801 0.023026 0.221688 0.182728
0.092740 -0.142710 0.005164 -0.115290 -0.323316 -0.278960 -0.196878 -0.167700 0.071766 0.106323
-0.389041 -0.196583 -0.167995 -0.188626 0.217657 0.010509 -0.145522 -0.209994 0.195994 0.222520
0.020741 -0.144048 -0.135501 -0.391988 -0.133954 -0.258918 0.017886 0.020170 -0.283676 0.156943
-0.397588 0.293991 0.081861 0.066793 0.326853 0.394641 0.216920 0.240351 -0.177868 0.376957
0.074971 0.073903 0.150311 0.147585 0.230182 0.019305 0.367231 -0.176984 0.288391 -0.396704
0.176395 0.165195 -0.154585 -0.044172 -0.233424 0.368410 -0.099692 -0.153995 0.231803 0.164606
0.037228 0.250666 -0.119807 -0.165932 0.023541 0.085397 0.335106 -0.362515 -0.139144 0.114130
-0.332184 -0.095920 0.228660 -0.005157 0.313507 -0.348192 0.193040 0.342323 -0.174496 0.269749
0.032651 -0.268148 -0.149950 0.134474 -0.476530 0.219188 0.251206 -0.215853 -0.352195 -0.295897
-0.342323 0.310305 0.122868 -0.143146 -0.203446 0.135475 0.208515 -0.006666 0.136009 -0.000141
0.223590 0.271217 0.117532 0.185169 -0.011165 0.036487 -0.214919 -0.207048 0.145947 0.217587
0.309771 0.195975 0.140878 0.156220 0.285224 0.005149 -0.209983 -0.190772 -0.015784 0.120266
0.152084 -0.076976 0.042757 0.280955 -0.246536 0.130405 -0.070706 -0.317776 0.268415 -0.282823
-0.060100 -0.116131 0.226536 0.003856 -0.121624 0.167220 -0.073758 0.025441 -0.011812 -0.265118
0.150818 0.175163 0.208999 0.073655 0.306587 -0.066795 -0.054932 -0.131940 -0.020915 -0.161031
-0.042450 -0.121211 0.164744 0.276053 -0.195073 -0.184654 -0.225711 0.139780 -0.123275 -0.372403
0.142462 -0.367451 0.248612 0.186614 -0.084900 -0.214570 0.087272 0.196620 0.255421 0.318760
0.102540 -0.305969 -0.135550 0.079638 -0.310508 -0.275640 0.196311 0.109142 0.192288 -0.180528
0.082063 -0.269038 -0.227155 -0.015010 0.189502 0.075151 -0.046937 -0.257484 -0.199715 -0.278941
-0.278941 0.137820 -0.218696 0.231282 -0.203429 -0.081495 -0.063893 0.087804 0.135343 0.017172
0.245421 0.030255 -0.073536 -0.268881 -0.057182 0.020499 0.215759 0.009700 -0.256700 -0.002910
0.233466 -0.006757 -0.399035 -0.084138 -0.190833 -0.070265 -0.262565 -0.248128 0.187337 0.246775
0.104496 0.290085 0.020062 0.167261 0.139065 -0.126207 -0.201209 -0.011553 0.165795 0.265272
-0.177863 -0.091074 -0.345801 0.203916 0.213052 0.260986 0.467835 -0.003519 0.184630 0.010708
-0.235722 -0.153388 0.116620 -0.217789 -0.215872 -0.091807 0.024376 -0.013140 0.236173 0.228391
0.223090 -0.251963 -0.304521 0.209668 -0.153952 -0.056816 0.077991 0.198841 0.199630 0.282415
-0.250923 0.205919 0.025665 0.094962 0.276469 -0.047033 0.200786 -0.302970 -0.121582 0.196608
-0.118956 -0.030425 0.633156 0.010602 0.146829 -0.129639 -0.111435 -0.297717 -0.058821 0.210097
0.118120 0.309655 0.155185 0.014720 -0.160557 0.048973 -0.026307 0.071743 0.112509 0.083919
-0.433564 -0.123074 0.067685 -0.270500 -0.157215 -0.103556 -0.120269 0.355494 -0.247103 -0.011035
-0.219289 -0.016623 0.167242 -0.040975 0.288884 0.322308 0.168794 0.208784 -0.252355 -0.863786
-0.232062 0.249490 -0.192072 -0.003432 -0.138354 -0.160318 0.018921 -0.001438 0.226213 -0.043303
0.116449 0.371490 0.071863 0.198399 -0.266129 0.178611 0.049553 -0.091093 -0.161084 -0.031681
0.014046 -0.226232 0.095590 0.237994 0.004724 0.005369 -0.212857 -0.220582 -0.337388 -0.156472
0.137215 -0.257827 -0.146094 -0.337850 -0.163505 -0.213779 -0.164197 -0.133871 -0.159008 -0.273047
-0.291266 -0.109080 -0.187835 -0.049496 -0.061170 -0.275353 0.197521 -0.252061 -0.322398 0.001455
-0.332084 -0.229461 -0.361142 0.143788 -0.185414 0.118766 -0.360219 0.244220 -0.237532 0.031738
0.287345 0.090343 -0.047305 0.086480 0.179533 -0.336466 -0.278351 0.059008 -0.223926 0.213203
0.142289 -0.273508 0.270510 -0.462842 0.192563 0.121303 -0.001302 0.161199 -0.247397 0.158190
0.023749 -0.116930 -0.027276 0.027948 0.295017 -0.066089 0.038243 0.035593 0.039201 -0.120518
-0.072450 -0.151178 -0.088880 0.008465 0.299094 -0.186077 -0.236959 -0.155336 -0.237285 -0.019285
0.105025 0.120600 0.294691 -0.247886 0.285232 0.007981 -0.087494 0.036592 0.176619 -0.006763
-0.278382 0.096463 0.008893 0.138050 -0.106819 -0.128020 -0.216900 0.032820 -0.114076 0.034044
-0.113506 -0.218531 0.099644 0.188361 0.019040 0.283764 -0.062501 -0.003486 0.108695 0.104944
-0.209072 0.146775 -0.234676 0.034472 0.235655 0.186730 -0.134625 0.394987 0.073183 -0.093854
0.001366 -0.015207 -0.343064 0.028719 -0.283215 0.291479 0.269443 0.187183 -0.156758 -0.073558
-0.124642 -0.270945 -0.281963 -0.369357 0.352830 -0.010533 -0.355334 -0.303499 0.378372 -0.263182
0.254293 0.120573 -0.100102 -0.114876 0.023054 -0.092652 -0.172533 0.198827 -0.186181 0.002146
-0.296988 -0.208718 -0.099413 0.207090 -0.081259 0.091525 -0.221865 0.164896 -0.085954 0.070491
-0.229627 0.324283 -0.227499 0.226748 0.031505 -0.362345 -0.275453 0.198576 0.095031 0.028782
0.233383 -0.539887 0.099852 0.335050 0.206715 -0.011941 0.174912 0.339808 -0.069427 -0.168527
0.288724 -0.158886 -0.144362 -0.104422 -0.042445 -0.289225 -0.234833 0.204434 0.057635 -0.218334
0.044610 0.135611 0.141714 0.297440 -0.046193 -0.026119 0.156066 0.112783 0.233025 0.174373
-0.320042 -0.104590 -0.299474 -0.050713 0.017926 -0.269188 0.216865 -0.178329 0.055968 0.212457
0.175729 0.231443 0.004828 0.222741 -0.097414 -0.001835 -0.068427 -0.077129 0.057211 0.237319
-0.280941 -0.199235 -0.021119 -0.017474 0.137532 0.282975 0.214831 -0.161151 -0.051193 -0.161038
0.024749 0.083288 0.297666 -0.317330 -0.322302 -0.121372 0.130639 -0.232573 0.163072 0.249298
-0.220255 -0.236189 -0.302413 0.076959 0.119451 -0.345808 -0.023562 -0.028379 0.067806 0.282523
-0.097173 0.072226 -0.296311 -0.090491 -0.296747 -0.188390 -0.276993 0.179239 0.236613 0.201898
-0.102329 -0.056902 -0.051019 0.088748 0.315194 0.365741 0.018755 0.170960 0.304155 0.227898
0.110971 0.029068 -0.222524 -0.098480 0.176334 -0.083374 -0.421226 -0.393629 -0.232982 0.246490
-0.052544 0.308512 0.031501 -0.352668 0.138133 -0.017230 0.320132 -0.351797 -0.256803 -0.378523
-0.042558 -0.305607 -0.113659 0.048368 -0.032572 -0.093033 -0.231384 0.379394 -0.240971 -0.195798
0.119396 -0.226300 0.013817 -0.350344 -0.266099 0.134066 -0.012610 -0.079234 -0.168926 -0.201898
-0.235451 0.149317 0.323037 -0.104217 -0.049190 -0.083076 0.328718 0.200572 -0.248669 -0.300017
0.144627 0.163462 0.124783 0.341723 -0.317955 -0.000339 -0.011253 -0.090532 0.140703 -0.292617
-0.100342 0.100230 0.022325 -0.171983 0.025786 -0.059084 -0.311901 -0.152587 0.177252 -0.192051
-0.193396 0.298223 0.081451 0.102136 0.280285 -0.006510 -0.301586 -0.279388 -0.055973 -0.098044
0.183418 -0.191603 0.107125 0.010854 -0.045266 0.101912 0.041034 -0.247996 -0.003567 0.180055
-0.154717 0.293738 -0.076798 0.069006 0.059476 0.122540 0.005066 -0.245754 -0.274231 -0.183643
-0.207411 0.103537 -0.179943 0.190594 0.140367 0.008079 0.054347 0.024118 0.000019 -0.165104
0.215358 0.210322 -0.275247 0.157440 -0.199702 -0.147915 -0.222913 0.123062 0.140251 0.278750
-0.030437 -0.072644 -0.270648 -0.039032 0.164666 0.232328 0.350135 -0.153937 -0.260795 0.046668
-0.168608 0.074231 -0.117587 -0.176929 0.004752 -0.322763 -0.143207 0.041331 -0.310501 -0.287947
-0.135324 0.243058 -0.023485 -0.112058 0.228825 -0.022855 0.149886 0.060764 0.099413 -0.297801
0.261233 -0.241306 0.036322 -0.271524 0.199921 0.141017 -0.289042 0.057480 -0.012454 0.257948
0.138390 -0.010429 0.048776 0.164228 -0.003918 -0.295830 0.020255 -0.228387 -0.239116 -0.240649
-0.026865 -0.101767 -0.245864 -0.292498 0.287370 -0.222181 -0.232069 0.055820 -0.611852 -0.270035
0.122383 0.103888 -0.003895 -0.271989 0.053317 0.024644 -0.317646 -0.100714 -0.774948 -0.075505
-0.253189 0.205823 0.013085 0.289080 -0.302020 0.169932 -0.361594 -0.227430 0.022493 -0.445827
-0.173228 -0.257584 -0.337666 -0.016084 0.314716 0.244033 0.268082 0.056003 0.066227 0.170908
0.095587 0.082769 -0.082585 -0.002203 -0.141488 0.198010 -0.237929 0.041873 -0.092718 -0.062137
-0.316425 0.239150 0.011155 0.350118 0.219251 0.108954 0.244033 -0.333516 -0.166025 -0.065556
0.179576 0.430934 -0.298846 0.036379 -0.336201 -0.211682 
