0.048352 0.025762 0.062494 0.024291 -0.025418 0.014563 0.020755 0.004866 -0.001532 -0.023220
0.112299 -0.012929 -0.026928 -0.071018 -0.009661 0.027540 0.033751 0.030827 0.045485 -0.104501
0.010139 0.039064 0.118567 0.042657 -0.005538 -0.088371 0.020487 0.002676 -0.058328 0.033980
0.066393 0.036560 0.022494 0.033732 0.026297 0.026641 0.002195 0.052786 0.022016 -0.015595
-0.093799 -0.023507 0.013598 0.010645 -0.000513 -0.013703 0.026775 0.011324 0.003476 0.004341
-0.027406 -0.004317 0.003247 -0.004869 -0.006574 0.079045 0.011849 -0.015318 0.009288 -0.000580
0.026622 0.053588 0.043880 -0.010664 -0.024386 -0.062532 -0.016837 -0.068801 -0.022322 -0.002862
-0.029871 -0.010043 -0.031190 -0.055499 -0.009833 -0.023335 -0.007157 -0.014869 -0.013875 0.007965
0.005423 -0.006455 -0.045332 -0.051983 -0.021500 -0.055805 -0.018462 0.013139 0.010712 0.013225
-0.020067 -0.028610 -0.026508 -0.026488 0.005643 -0.050798 0.001173 -0.004876 -0.023029 -0.020124
0.042351 -0.019016 -0.011324 -0.071438 -0.024080 -0.003144 -0.015442 -0.013330 0.080115 -0.037802
0.068648 0.036503 -0.009565 0.023354 -0.033846 0.001713 -0.048122 0.007253 0.007138 0.004704
0.012642 0.034553 0.004522 -0.014869 0.006665 -0.014725 0.007453 0.047282 -0.012231 -0.007028
-0.027291 -0.032107 0.012518 0.016226 0.004030 0.030100 -0.028954 0.039522 0.072432 0.130722
0.129805 0.004993 0.005910 0.004694 0.034859 0.034496 0.063220 -0.017602 0.007625 -0.018098
-0.005170 -0.014792 -0.008524 0.002728 -0.009742 -0.008008 -0.037764 -0.028132 -0.024348 0.000597
0.001893 -0.008270 -0.017649 0.033846 -0.008796 0.009365 -0.015098 0.005996 0.016226 0.017917
0.019561 -0.031859 0.023851 -0.015452 -0.018548 0.035662 -0.018853 0.003457 0.026049 0.011601
-0.020392 -0.009307 -0.024959 -0.034477 -0.199982 -0.065170 -0.011467 0.009159 -0.002606 0.063412
0.045485 0.009384 0.017860 0.046785 0.021997 0.052403 0.046211 0.026832 -0.008275 0.061118
0.009259 0.019092 0.014076 0.034706 0.004950 -0.004076 -0.004312 -0.002186 0.032184 0.017172
0.022590 0.014716 0.013053 0.002544 0.028476 -0.014668 -0.047893 -0.046402 -0.017563 -0.018959
-0.013617 -0.061806 -0.032031 -0.003688 -0.013120 0.008901 0.039599 0.034114 0.001570 0.056455
0.032566 0.019322 0.046823 0.010444 -0.010100 -0.076102 -0.032031 0.023067 -0.042313 -0.025590
-0.003177 -0.025189 -0.020908 -0.002559 0.022609 0.036675 -0.017229 -0.098003 -0.062456 -0.007023
-0.012537 -0.022915 0.010253 -0.000277 0.015786 -0.026202 -0.044491 -0.027043 0.001134 0.019150
0.022379 -0.061118 0.141577 -0.015088 0.009484 -0.126976 0.013435 0.050034 0.038185 0.060048
-0.027329 -0.023469 -0.050531 -0.003533 -0.016617 -0.019169 -0.011056 -0.012107 -0.007625 -0.045218
-0.023545 -0.007344 0.020621 -0.016292 0.027425 0.029202 0.020010 0.041663 -0.030540 0.039637
-0.015366 -0.002530 0.024749 0.006254 0.022590 0.023908 0.016359 -0.019092 -0.006527 -0.021405
-0.004011 0.007530 -0.004572 0.012461 0.016560 0.012977 0.112757 0.255481 0.092958 -0.003930
-0.125141 -0.022265 0.002544 0.024157 0.013808 -0.067693 -0.143488 -0.105495 -0.075528 -0.066775
-0.110387 -0.077707 -0.053130 -0.083708 0.013024 0.029967 -0.017439 0.063488 0.159313 0.103813
-0.040554 -0.052098 -0.033560 0.017984 -0.084243 0.023985 0.020029 0.104119 0.040898 -0.026890
0.006746 0.010253 -0.000253 -0.014152 -0.021844 0.027024 0.007468 0.026985 0.045676 -0.008261
0.009842 0.010311 0.010645 -0.016742 -0.009350 -0.003017 -0.019723 -0.019427 -0.017496 -0.022781
0.029852 0.056226 0.050263 -0.041051 0.000418 -0.013932 -0.033445 -0.034229 -0.037305 -0.003600
0.012680 0.003784 -0.030731 -0.074038 -0.038605 -0.033865 -0.033560 -0.034974 -0.002247 -0.013263
-0.030655 -0.023622 -0.023545 -0.055041 0.002231 0.018653 -0.017831 0.013655 0.015528 0.011209
0.004950 -0.020373 -0.013655 0.008294 0.005170 0.003927 -0.020220 0.033483 0.003794 0.000563
-0.078013 0.046402 -0.019073 0.008978 -0.017764 -0.015920 0.003648 0.009584 0.011400 0.056035
-0.002785 0.001540 -0.038567 0.001327 -0.008161 0.018519 0.002561 0.015862 -0.003593 0.027559
0.022609 0.013837 0.018404 -0.107712 -0.188821 -0.143030 -0.052289 -0.124683 -0.096857 -0.011209
0.006727 -0.041013 -0.006584 0.108247 0.016312 0.027406 -0.051601 -0.012384 0.020564 0.032260
0.019742 0.039522 0.044874 0.034611 -0.004319 -0.002170 -0.018433 -0.013894 0.004078 -0.011515
-0.000038 0.022876 -0.024692 -0.057946 -0.084396 -0.079427 -0.023125 -0.006312 -0.021061 0.056111
0.083479 0.072356 -0.006178 -0.053741 -0.035146 -0.017449 0.010635 0.013684 -0.029756 0.005389
-0.004489 -0.025953 0.026087 0.021768 -0.020812 0.001033 0.003187 0.068266 0.042810 0.033120
-0.000013 0.010530 -0.016961 -0.012508 -0.015366 -0.017430 0.014028 0.035490 0.032164 -0.011964
-0.011677 -0.026068 0.013646 0.012738 0.005394 -0.028189 -0.016283 -0.022494 0.062724 0.019666
-0.016063 0.022513 0.001831 0.029489 -0.076751 0.022322 -0.044835 -0.009814 -0.003378 0.023048
0.036426 0.037076 0.043039 0.004494 0.018825 0.010387 0.006426 -0.004329 0.020335 0.007592
-0.001001 0.012547 0.008605 0.077630 0.021615 -0.009823 -0.034076 -0.008184 -0.011362 0.029623
-0.028056 -0.006355 -0.076369 -0.033407 -0.034229 -0.016178 0.004018 -0.008409 -0.054659 -0.035681
-0.065667 -0.159160 -0.082867 -0.003932 -0.010960 -0.031343 0.000927 -0.053168 -0.026737 0.012480
0.014219 -0.055652 -0.030311 -0.034534 -0.056149 -0.030980 -0.024673 -0.033388 0.014658 0.059322
0.025093 0.024195 0.013053 0.046555 0.024768 0.036293 0.013550 0.004228 0.007339 -0.038930
-0.039255 -0.065093 -0.003273 -0.003392 -0.000067 -0.011333 -0.002653 0.019969 0.004768 0.012202
0.000468 0.017470 0.013203 0.001035 0.019744 0.027212 0.007912 0.036251 0.014251 -0.027062
-0.072652 -0.008581 -0.033369 -0.032508 -0.028952 -0.014467 -0.020998 -0.049183 0.015009 0.040537
-0.007584 -0.030300 0.009638 -0.074710 -0.046189 0.032714 -0.109071 -0.197480 0.037655 -0.047311
-0.010845 -0.006625 -0.005797 -0.000752 -0.006911 0.002357 0.012240 -0.024517 -0.015655 0.015824
-0.018734 -0.080624 -0.089458 -0.007126 -0.142533 -0.270843 -0.038703 -0.040499 -0.097992 -0.028447
0.003932 -0.013606 -0.028727 0.023936 -0.127112 -0.110269 0.045477 -0.075646 -0.059963 -0.018182
-0.015852 -0.020811 0.000712 0.008539 -0.050456 -0.026725 -0.010995 -0.035951 0.064529 -0.043007
-0.055808 0.137068 0.027249 0.017761 0.046600 -0.047461 -0.045103 -0.025471 0.001442 0.023525
-0.022327 0.003357 0.012043 -0.029645 -0.019202 0.009011 -0.105028 -0.109745 -0.028203 -0.126513
-0.136095 -0.108921 -0.115659 -0.123968 -0.049108 -0.001414 -0.006298 0.028877 0.021466 0.049146
0.050156 -0.001716 0.001311 0.035802 0.016226 -0.002410 0.000761 0.016544 -0.035989 -0.006976
-0.003034 -0.028971 -0.009900 -0.004438 0.005479 0.015037 0.000804 0.000033 0.032134 -0.004405
-0.007612 0.026706 -0.003037 -0.004110 0.013540 0.010593 0.000439 0.014598 -0.012951 -0.015515
0.013306 -0.075608 -0.036663 -0.029308 0.017508 -0.022664 -0.026238 -0.003635 -0.048397 -0.049370
-0.014139 -0.006227 -0.008155 -0.005011 0.010883 -0.010275 0.005048 0.009947 -0.006536 -0.001061
0.012614 0.003357 -0.001725 -0.013194 0.010967 -0.009264 -0.020268 0.005502 -0.019351 -0.000868
0.010144 -0.003727 0.011987 0.010527 -0.005947 -0.004513 0.007182 -0.049033 -0.038141 -0.013681
0.012455 0.045590 -0.003682 -0.020437 -0.011828 -0.008623 -0.010780 0.019557 0.011435 0.000981
0.046563 0.010518 -0.025153 0.017789 -0.001421 -0.015777 -0.014242 -0.007491 -0.080250 0.011079
-0.039376 -0.014944 -0.019239 -0.017152 0.004295 -0.026070 -0.000301 -0.003921 -0.033275 -0.024835
0.001083 0.008038 0.010696 0.009367 -0.008323 -0.009507 0.048097 -0.012314 0.063107 0.038403
-0.012726 -0.014467 0.129957 0.109520 0.022757 0.222633 0.286713 0.188347 0.116856 0.105927
0.081972 -0.015926 -0.026519 -0.018734 -0.028727 -0.000045 -0.026819 -0.027212 -0.036737 -0.018107
-0.094773 0.008623 -0.006190 -0.102558 0.130406 0.070481 -0.067748 0.001241 -0.021279 -0.001901
-0.017265 0.002254 0.006574 0.013091 0.028409 -0.024311 -0.012492 0.043456 0.013016 0.007598
-0.002905 -0.014691 -0.012389 -0.031404 0.001057 0.002242 -0.012801 -0.010817 -0.016666 -0.000790
0.036064 0.006078 -0.056070 -0.054797 -0.048809 -0.049595 0.057006 0.081448 0.055658 0.026107
0.076544 0.068048 0.058091 0.038478 0.016525 -0.055359 -0.022495 -0.011931 -0.045814 -0.033949
-0.006302 -0.026613 -0.020717 -0.001525 -0.009694 0.035147 -0.012371 -0.079351 -0.025808 0.006892
-0.048472 -0.038852 -0.005376 -0.022159 -0.013737 -0.020437 -0.029233 -0.008150 -0.001815 -0.044841
0.011304 0.016291 -0.001455 -0.010845 -0.016553 -0.002863 0.037018 0.046563 -0.000896 -0.035689
0.012324 -0.056968 -0.052776 -0.030206 -0.027417 -0.006728 -0.000309 0.011201 0.029532 0.021036
0.011978 0.033051 0.008384 0.018883 0.047723 0.040013 -0.039489 -0.020418 -0.008263 -0.041697
-0.054648 -0.009456 -0.046301 -0.077405 -0.014598 -0.005455 -0.014467 -0.023132 0.006171 -0.021971
0.001091 -0.021298 -0.003189 -0.031366 -0.004232 0.034585 0.006737 0.017293 0.020661 0.003750
0.019042 0.041285 0.009456 -0.012165 -0.008515 0.029981 0.004024 0.000154 0.009956 -0.005221
-0.002538 -0.010649 -0.009465 0.002751 -0.002410 -0.008880 0.013980 -0.005905 0.005778 0.008183
-0.018565 -0.007500 0.002608 -0.013035 0.083768 -0.009619 0.000671 0.126738 -0.034978 -0.011107
0.033668 -0.061872 -0.017817 0.006316 0.012417 -0.013278 -0.004089 -0.003158 -0.012745 -0.007930
-0.024348 -0.010387 -0.021335 -0.025228 -0.025059 -0.031441 0.009966 -0.003794 -0.051129 -0.018715
0.028578 -0.034417 -0.007654 -0.010930 0.011500 -0.000304 -0.001466 0.041173 0.025228 -0.002344
0.033275 -0.040312 -0.010115 0.011744 -0.153313 -0.064941 0.019838 -0.082196 -0.065764 -0.036925
-0.044392 -0.007921 0.016600 0.008076 0.025939 -0.012324 -0.013999 -0.004988 -0.074972 0.033125
0.000945 0.009657 0.011753 -0.031067 -0.016684 -0.050792 -0.044092 -0.020811 -0.014186 0.003252
-0.029925 0.001853 -0.001877 -0.028147 0.002180 0.013615 0.014710 0.016095 -0.002461 0.004461
-0.008993 -0.010836 0.005619 0.001275 0.008483 0.020437 0.019080 0.002796 0.003633 -0.028054
-0.006415 0.006658 -0.048434 -0.021429 0.057829 0.045253 -0.005020 0.077405 0.032789 -0.018481
-0.003610 -0.011716 -0.025696 -0.002204 0.004382 -0.006241 0.013362 -0.017798 -0.025471 0.019707
-0.023656 -0.008651 -0.002254 0.002139 0.019370 0.009470 0.000417 0.022458 0.008585 -0.004552
0.019819 0.049782 -0.025696 -0.016787 -0.002015 -0.041734 0.012258 0.007102 0.005895 -0.006475
0.024460 -0.033650 -0.000832 0.075571 -0.007767 -0.010658 0.037224 -0.028858 0.017152 -0.013035
-0.001067 -0.002615 -0.012146 -0.006569 -0.014102 -0.022458 -0.009629 -0.000158 0.042520 0.003186
0.002084 0.073288 -0.016722 -0.020680 0.013026 -0.027885 0.015580 0.017302 0.016067 0.048322
-0.003233 -0.061984 0.009648 -0.017920 -0.019108 -0.015337 -0.036906 0.007818 0.006031 -0.045852
-0.029008 0.027941 -0.061872 -0.023506 0.023450 -0.021129 0.021822 0.010705 -0.001681 -0.010602
0.019819 -0.016179 -0.022720 -0.012820 -0.005998 0.045028 0.002674 0.021859 0.033257 -0.024666
0.015328 0.010087 -0.008342 -0.030562 -0.024161 0.005657 -0.011931 -0.001933 0.004209 -0.018200
-0.036438 -0.012118 0.008636 0.063395 0.013737 0.005015 -0.035622 0.031368 -0.020672 -0.059770
0.075139 0.009482 0.015624 -0.042273 0.041554 0.076517 0.158187 0.022919 0.051830 -0.106597
-0.001528 -0.016118 0.010965 -0.000906 0.007490 -0.006902 -0.059650 -0.021316 0.099586 0.020418
0.100185 0.030484 0.062376 0.127389 -0.019818 0.051441 0.062496 0.090778 -0.005898 -0.016268
-0.011332 -0.037450 -0.103661 0.060249 -0.053089 -0.036641 -0.033315 0.030484 -0.081131 0.044970
0.047336 0.236322 0.066750 0.010037 0.087782 0.050033 0.040745 -0.044071 -0.025855 0.051531
-0.052429 0.001173 0.068188 -0.029510 0.004599 -0.035113 -0.021556 0.016463 -0.072023 -0.084606
0.028866 -0.000043 0.012508 -0.011430 0.107436 0.084007 -0.184072 -0.024747 -0.010156 -0.394989
0.041255 0.053898 -0.242674 -0.006629 -0.026754 0.050662 -0.049164 -0.029570 0.010411 -0.002131
-0.066930 -0.000053 -0.005228 0.005265 0.038318 -0.036701 0.025795 -0.012898 -0.011317 0.015759
0.035892 0.004737 0.007449 0.023668 -0.007864 -0.196176 -0.039697 -0.007894 -0.049583 0.010194
-0.010868 -0.063814 -0.002118 0.025151 0.078614 -0.006891 -0.003511 -0.003290 0.002193 0.011692
0.007100 0.003035 0.023159 0.038318 0.020897 0.016942 -0.011976 0.049404 -0.002702 0.010598
0.011242 -0.007056 -0.084187 0.053418 -0.014853 -0.077356 -0.000620 0.013954 0.037809 -0.090299
-0.042513 0.224338 -0.201209 0.016298 0.101264 -0.125591 -0.009250 0.005468 -0.014785 -0.024357
-0.087782 -0.063634 0.027818 -0.049493 0.014268 -0.025241 -0.021077 0.001187 -0.010351 0.031727
0.025631 -0.000030 -0.046198 -0.020732 0.010628 -0.002857 0.012328 -0.006999 -0.073881 0.006160
-0.013197 -0.026110 -0.004696 -0.037120 -0.021451 -0.006269 -0.132302 -0.028282 -0.017422 0.029630
-0.017287 -0.055575 -0.048385 -0.044700 -0.108454 -0.107256 -0.023938 -0.120318 -0.013946 0.036611
-0.068728 -0.019579 -0.029870 -0.007441 -0.041015 -0.058212 0.043591 0.003839 -0.032896 -0.006977
0.032746 0.059859 0.112589 -0.015699 -0.486546 -0.011310 -0.012231 -0.270117 0.118161 -0.020013
-0.065971 0.021751 -0.056744 -0.064653 0.099346 -0.020582 -0.036701 0.067649 0.009452 -0.002421
-0.073042 0.041644 -0.253100 -0.012898 -0.005629 -0.065192 -0.059859 -0.008651 -0.020028 0.000754
-0.057792 -0.069327 0.109473 -0.028911 -0.050063 0.009115 0.003779 0.001353 0.004060 -0.165018
0.076517 -0.003766 -0.085086 0.028851 -0.027293 0.017766 -0.006501 -0.046438 -0.018320 -0.077955
-0.039217 -0.003322 0.064114 -0.005262 0.013789 0.006265 0.008561 -0.008344 0.011901 0.013137
-0.052160 0.055965 -0.031967 -0.009205 0.039427 -0.081970 -0.071963 -0.083767 0.001829 0.078554
0.107915 -0.145844 -0.013377 -0.012621 0.029855 0.023219 -0.068248 -0.056115 0.008711 0.008898
0.007917 0.007872 -0.018365 -0.020672 -0.007179 -0.031667 -0.003895 0.002887 0.032117 -0.035502
-0.010441 -0.033435 0.046617 -0.025436 -0.269637 0.221702 -0.019294 -0.217867 0.173527 -0.013092
0.024088 -0.005565 -0.043412 0.042573 -0.027338 0.010359 0.061657 -0.033046 -0.003103 -0.002406
0.019519 -0.007007 -0.091557 -0.036701 -0.065372 -0.110551 0.093115 -0.026050 0.026155 0.057912
-0.012306 0.019264 -0.006123 0.037899 -0.033165 -0.004236 -0.002230 -0.055635 -0.011108 0.014950
-0.037480 -0.026185 -0.000212 -0.004764 -0.019279 0.001480 -0.004490 -0.062616 -0.004097 0.061717
-0.106417 -0.018770 0.008935 -0.032416 -0.036161 -0.014748 0.032386 0.024118 -0.056354 0.123434
0.022530 0.027293 -0.022904 -0.024058 0.011287 -0.044850 0.029361 0.005587 -0.023279 0.035922
-0.078015 -0.032686 0.013003 -0.021241 -0.040206 -0.060668 -0.052819 -0.072383 -0.029840 -0.020867
0.044041 0.003414 0.005865 0.030349 0.011467 -0.049254 0.010089 0.005149 0.009370 0.019848
-0.006475 0.016718 -0.036101 0.007127 -0.091797 -0.031907 0.010718 0.050063 -0.077236 0.020762
0.021077 0.013946 0.018515 -0.051381 -0.007224 0.003917 0.025391 -0.016463 -0.025930 0.024582
-0.006258 0.014995 0.003342 0.015804 0.019534 0.038828 -0.002054 0.026035 0.069447 0.031907
0.005546 -0.002547 -0.001206 0.020657 -0.037270 -0.021286 -0.033016 -0.034544 -0.022335 0.010089
-0.006310 0.049943 -0.005647 -0.002122 0.038738 -0.008246 0.022275 -0.063754 -0.001618 0.009827
-0.059949 0.066211 0.109473 -0.089400 -0.028222 0.046527 -0.050242 -0.092096 0.001942 0.006250
0.023923 0.047157 -0.047726 -0.023878 -0.014530 -0.000492 -0.027338 0.001698 0.025286 -0.019159
-0.037659 -0.013137 -0.008291 0.026095 0.016133 -0.000878 -0.088201 0.012081 -0.017467 -0.062556
0.007707 -0.002022 -0.027129 0.035502 -0.024911 -0.000293 0.071843 -0.061298 0.027773 0.060848
-0.012890 -0.083648 -0.088201 -0.025391 -0.092755 0.001306 0.005670 -0.020178 -0.043591 -0.011774
0.010456 0.043891 -0.077116 -0.038049 -0.020103 -0.045179 -0.083707 0.008876 -0.014388 0.040685
0.039187 0.007164 -0.037240 0.058661 -0.017616 -0.026979 0.052280 0.000930 0.050332 0.003011
0.002659 -0.290489 0.142488 -0.013669 -0.205524 0.106657 -0.049344 0.033285 -0.050153 -0.061477
0.198094 -0.058242 0.038558 0.034693 -0.104380 -0.010508 -0.000634 -0.014044 -0.018156 0.000308
0.013340 0.011842 0.076877 0.004322 -0.026484 0.021661 -0.003857 0.041075 0.115585 0.107436
0.017137 0.107915 -0.026095 -0.062676 -0.003200 0.041674 -0.070765 0.013085 -0.014216 -0.039277
-0.023294 -0.019309 0.045149 0.055875 0.012643 0.025256 0.037839 0.040266 -0.009415 -0.010868
-0.008097 -0.013714 -0.022230 -0.044460 -0.011482 -0.024911 -0.156150 -0.020403 0.024956 -0.056684
-0.006542 0.031278 -0.007127 0.043771 0.047726 0.084367 0.012793 0.106117 -0.007576 0.085565
0.003118 -0.028701 -0.014163 0.079154 0.031727 0.027263 0.100065 -0.048115 -0.007688 -0.027685
-0.016317 0.036114 -0.010063 0.041648 0.063442 0.096419 0.112793 -0.015176 0.000375 -0.040850
0.041078 0.138409 0.067835 0.027228 -0.106745 -0.034659 -0.004240 -0.031350 0.023705 -0.007210
-0.004504 -0.005188 0.019341 0.048951 0.049008 0.030666 -0.013564 0.064926 0.001388 -0.095962
0.071487 0.000915 -0.002287 0.027342 0.025602 0.025745 0.030837 0.022636 0.084438 0.070916
0.003345 0.085236 0.039651 -0.026829 -0.054656 0.019754 -0.005634 -0.070517 -0.074054 -0.022464
-0.027585 -0.022065 -0.022022 0.050606 -0.003059 -0.014470 0.156780 -0.036514 -0.018599 0.147880
-0.015575 0.001369 0.020311 0.008800 0.012024 0.060133 -0.016788 0.019255 0.063728 0.028655
-0.032919 -0.016075 -0.002986 0.036685 0.036742 0.055455 -0.041477 0.006433 -0.001208 -0.037797
-0.103493 -0.022821 -0.010861 -0.013857 0.044330 -0.055426 -0.084609 0.023263 -0.011154 -0.025203
-0.068235 0.048266 0.052631 -0.162942 -0.013721 0.034003 -0.116102 0.004632 -0.014620 0.002471
0.034745 -0.010797 0.000443 0.018856 -0.016460 0.013357 -0.011025 0.000198 0.004625 0.018613
0.011660 0.026672 0.012601 0.018399 0.012865 0.010597 0.020339 0.008479 0.000131 0.013593
0.010904 0.016089 0.035144 0.035658 0.003758 0.005067 0.008515 0.024019 0.023206 -0.004896
0.011624 -0.007538 -0.002307 -0.022322 -0.078675 -0.043103 -0.062187 -0.205845 -0.068862 -0.012174
-0.041078 -0.024932 0.014805 0.029582 0.009956 -0.005413 0.010583 -0.007281 0.007017 -0.013307
-0.016873 0.018813 0.020254 0.013992 0.020739 0.033747 0.012758 -0.002642 0.004767 0.000261
-0.005199 -0.001633 -0.006946 -0.012552 0.006636 -0.009856 -0.004357 0.012452 -0.012851 0.020025
0.027842 0.041734 0.093623 0.201053 0.096076 -0.057994 -0.112108 -0.076393 0.010640 0.000440
0.002134 -0.009171 0.018499 0.005363 -0.015960 0.015219 -0.002947 0.006825 -0.002849 0.013956
0.041277 0.036485 -0.050292 -0.031293 -0.069490 -0.075652 0.014720 0.005441 0.026915 -0.004261
0.009720 0.084552 -0.020482 0.008522 0.068976 -0.003494 -0.030580 0.010248 0.032805 -0.064241
0.000448 0.018185 -0.016617 0.031322 -0.000723 0.026743 0.071144 0.030380 0.034517 0.143316
0.041049 -0.004389 0.061788 0.011246 0.003502 0.020282 0.043132 0.118099 0.106061 -0.025203
0.002118 -0.010968 -0.043759 -0.035629 0.030095 -0.006982 -0.102124 0.013336 0.003527 -0.044843
0.017672 -0.019926 -0.035629 -0.003477 0.014577 0.024076 0.025303 0.005399 0.009592 -0.007285
0.000110 -0.006190 0.009435 0.000887 0.035087 0.010833 -0.011204 0.033689 -0.003061 -0.027571
0.004874 -0.049721 0.044815 0.144571 0.050463 -0.080900 -0.149135 -0.066694 0.005908 0.055655
0.052831 -0.026201 0.058536 0.064983 -0.015262 0.041934 0.027699 -0.012088 -0.026501 0.003288
-0.007510 -0.011418 0.042133 -0.005812 0.017857 0.044159 0.028056 0.045442 0.082498 0.022735
0.075366 0.124374 -0.036228 0.044330 0.058479 -0.026458 -0.033718 -0.037455 -0.003523 -0.051119
-0.032149 0.004835 -0.045414 -0.019498 -0.003122 -0.014049 0.033661 0.060304 0.023263 0.012937
-0.027656 0.080273 -0.010576 -0.012052 -0.013265 0.014620 0.048010 0.017629 0.044558 0.037426
0.020482 0.046384 -0.000599 -0.013208 0.029981 -0.020382 -0.031864 -0.016902 0.011232 0.074396
0.003719 -0.038739 -0.064184 -0.006311 -0.032178 -0.101211 -0.029111 -0.036656 -0.032006 -0.034659
0.021523 0.063899 0.031379 0.058878 0.056197 0.001408 0.030666 -0.012416 -0.011546 0.005908
0.023705 -0.007859 0.037683 0.059905 -0.008529 -0.001139 -0.003186 0.006632 -0.010269 -0.019384
-0.006051 -0.007445 -0.004668 -0.020225 -0.006344 0.022521 0.017815 0.002371 -0.006465 0.004835
0.013472 -0.003010 0.004432 0.017344 0.021894 0.005242 0.044644 0.079075 0.059392 -0.000044
0.131335 0.036057 0.000672 0.063385 0.007545 0.005085 0.003733 0.000025 -0.003446 -0.000166
-0.010712 -0.000996 0.029781 0.003293 -0.019426 -0.027328 0.002858 0.023862 -0.007000 0.022336
0.029197 -0.015590 0.041021 0.003421 -0.001214 -0.008044 -0.013600 0.013764 0.005983 0.020724
0.030209 0.028598 0.006276 -0.002410 0.001239 0.014591 -0.054400 -0.006764 0.005709 -0.032320
-0.021694 -0.013956 0.000519 -0.014377 0.018884 0.060875 0.026957 -0.001255 -0.032206 0.006743
0.075480 0.065382 0.030238 -0.017472 -0.043046 -0.083354 -0.050320 -0.178802 -0.126542 0.010462
-0.008180 0.024975 0.048780 0.053087 0.081471 0.008515 -0.020582 0.007723 -0.018214 0.008394
-0.009057 0.019683 0.033804 -0.007256 0.004211 0.031778 0.013614 -0.008793 -0.000019 0.028712
0.015632 0.083068 0.070973 0.022308 0.084324 0.042076 0.010191 0.037598 -0.015390 -0.005627
0.044815 -0.014691 -0.000570 0.010697 -0.016388 -0.021880 -0.000831 -0.028483 0.007124 0.029325
-0.027457 -0.007452 0.020254 -0.020211 0.013621 0.020268 0.010212 -0.007035 0.012138 0.026672
-0.017444 0.026544 0.023163 -0.009635 -0.059449 -0.036342 -0.001084 -0.170701 0.031094 0.015290
-0.068634 -0.013942 0.042447 0.062073 0.021566 0.005548 0.060989 0.003698 -0.052631 -0.030979
-0.008729 0.010990 0.020553 0.003976 0.001441 0.025987 -0.010334 -0.014156 -0.004618 -0.015604
-0.003680 0.066466 0.083639 0.036086 0.214746 0.116672 -0.014078 0.119468 0.044273 0.007745
0.054485 0.041449 0.024048 0.024875 0.078504 0.060076 0.089744 0.064698 -0.018143 -0.037911
-0.022464 0.016973 -0.081813 0.011296 -0.010277 -0.031521 0.019655 0.021466 0.064755 0.033832
0.050263 0.108343 0.053287 0.044986 0.062986 0.029268 -0.012937 0.025388 0.024304 -0.010177
0.085293 0.024119 -0.018727 0.079018 0.005338 -0.001751 0.032862 0.010868 0.031065 0.045899
0.002246 0.008865 0.014327 0.025388 -0.036415 -0.042698 -0.064804 -0.043422 0.090068 0.019869
-0.080857 -0.044244 -0.062238 0.005514 0.051646 0.007878 -0.115595 -0.008018 -0.033159 -0.041415
0.001520 -0.055067 0.021464 0.025543 0.007735 -0.045100 -0.052830 -0.051218 -0.099081 0.037402
0.042863 -0.047896 -0.101779 0.038027 -0.148161 -0.103160 -0.014795 -0.057337 -0.060988 0.024458
-0.053060 0.009186 -0.028586 -0.084410 0.163425 0.014606 -0.052074 -0.006456 -0.048817 0.002632
-0.115069 -0.044639 -0.250664 -0.172109 0.000195 0.000345 -0.067962 -0.028422 0.072041 0.091055
-0.002385 -0.087634 0.008138 -0.043784 -0.007401 -0.004176 -0.021793 -0.010189 0.103424 -0.008462
-0.014408 0.057041 -0.025149 -0.020445 -0.013857 -0.021333 0.085989 0.094279 -0.036744 0.069146
0.005551 -0.152635 -0.010921 -0.011267 -0.094739 -0.089147 0.174215 0.025395 -0.194215 0.142240
-0.023866 -0.079805 0.031349 -0.040297 0.055692 -0.078028 -0.015691 0.096647 0.052074 -0.007735
-0.033751 -0.012278 0.000656 0.065890 -0.062304 0.018339 -0.088160 -0.072173 -0.025839 0.012130
-0.020083 0.031053 -0.087831 -0.021579 0.031136 0.101910 -0.059179 0.083884 0.035790 -0.041646
0.068357 0.012665 -0.047995 -0.019622 -0.005600 0.024951 0.011826 -0.020116 -0.019968 -0.005341
-0.002276 0.008072 -0.013981 -0.031053 0.011538 0.030724 0.003544 -0.021201 -0.006332 -0.096779
-0.054771 -0.065331 -0.156320 -0.111779 -0.080791 -0.125595 -0.075397 -0.100989 -0.016489 -0.008536
0.017369 -0.029820 -0.047172 0.003273 -0.011925 0.032271 0.008010 -0.016094 -0.002866 -0.015058
0.014581 0.031761 0.032945 -0.034014 -0.003534 0.012048 0.001028 -0.000396 -0.020099 -0.052271
0.001627 -0.030017 -0.035692 -0.020066 -0.036350 0.037994 -0.086515 -0.054146 -0.006596 -0.107174
-0.084410 -0.028520 -0.018570 -0.014729 -0.040297 -0.068949 -0.116516 0.090726 0.041021 -0.067831
0.036843 0.000836 -0.029705 0.059508 -0.009976 0.023882 0.110266 -0.003010 0.016037 0.043619
0.038948 -0.006912 0.018241 0.056811 0.097502 -0.145925 0.065659 -0.016012 0.012476 0.025214
0.081778 -0.051843 -0.098818 0.055692 -0.088686 -0.176452 0.120858 -0.026777 -0.040462 0.015157
0.095134 0.009754 -0.045363 0.310271 -0.008327 -0.068160 0.098489 0.069804 -0.037369 0.009589
0.073883 0.055133 -0.029162 -0.053521 0.008594 -0.010905 -0.017270 -0.007179 -0.061975 0.035428
0.033060 -0.114542 0.099871 -0.008520 -0.012319 0.061942 0.033373 0.010239 -0.071120 -0.051185
0.029442 0.079147 0.093884 -0.015395 0.043916 0.010444 -0.090002 -0.081120 -0.110990 0.009474
0.118950 -0.015239 -0.015107 0.008890 -0.051054 -0.060923 0.034968 -0.102897 -0.212637 -0.098160
-0.173425 -0.039113 -0.113161 -0.085265 0.093489 0.128424 0.071054 0.023438 0.172373 -0.021481
0.100924 0.122700 0.036580 -0.003896 0.013487 -0.004642 -0.022007 0.080002 0.039014 0.052271
0.036382 -0.007212 0.003166 0.009721 -0.012550 -0.113753 0.092765 0.080397 0.012541 0.022649
-0.008281 0.026530 0.001660 -0.009992 -0.009869 -0.024721 -0.020560 -0.005457 0.048949 0.029392
-0.147767 -0.160662 -0.118819 -0.037369 0.054607 -0.089805 -0.003232 0.064048 -0.020708 0.046251
0.050593 0.119542 0.208031 0.096252 0.162899 0.142767 0.162899 0.208558 -0.019523 0.004844
-0.021168 -0.026218 -0.154346 -0.025741 0.024244 -0.016555 0.000966 -0.050758 -0.102963 0.005938
-0.043521 -0.150793 0.050758 -0.039376 -0.047337 0.033570 -0.026070 -0.044179 0.050725 -0.122437
-0.111055 -0.079410 -0.008578 0.014507 0.014088 0.060330 0.022599 0.016974 0.036711 -0.014129
0.028668 0.061120 -0.023833 0.054179 0.009137 -0.017287 -0.019293 -0.002506 0.002366 -0.002588
-0.001028 0.029787 0.017089 0.013627 0.024622 0.017928 -0.007253 0.053192 0.032994 -0.021695
0.008471 -0.000465 0.072041 0.034803 -0.012706 0.092831 0.079278 -0.074804 0.011719 0.026366
-0.001864 -0.034113 -0.048981 -0.056876 -0.040100 0.084476 -0.014170 -0.023208 0.026020 -0.002673
-0.019293 -0.011415 -0.016053 0.003242 0.022583 0.033586 0.093226 0.026892 0.066482 0.148425
0.115003 0.143030 -0.062699 -0.076186 0.013512 -0.014499 0.048587 0.026464 0.010346 -0.004634
-0.031629 -0.075923 -0.065462 0.020708 -0.025856 0.016563 -0.099805 0.035100 0.152504 0.072962
0.188294 0.141188 0.113490 -0.035823 0.050528 -0.009540 -0.085265 -0.094213 -0.146319 0.051876
-0.053126 -0.110003 -0.019688 -0.020000 0.013199 -0.038784 -0.058159 -0.021152 -0.025149 0.030494
0.029951 -0.029047 -0.034672 0.027813 -0.036284 0.001021 -0.070989 -0.024441 0.083949 -0.002218
-0.027731 0.021004 -0.026234 -0.093950 -0.137635 -0.037797 0.020905 0.103818 -0.001237 -0.017023
0.027336 -0.011086 0.040790 0.013117 0.052172 0.101187 -0.142109 0.074015 -0.033422 -0.022221
0.046810 0.000809 -0.090529 -0.080199 0.011933 -0.012262 -0.005662 -0.010041 0.001196 0.002200
-0.008179 -0.003226 -0.007961 -0.054146 0.082502 0.023849 -0.037896 0.040494 0.010255 -0.032336
-0.141582 0.044968 0.035001 -0.184610 0.235006 -0.007846 -0.026103 0.023603 0.013865 0.046152
-0.017435 0.019721 0.076120 -0.009564 0.028011 -0.024951 0.012385 -0.012106 0.038751 0.005300
-0.025987 -0.008602 -0.009836 0.009433 -0.011053 0.020165 0.019721 0.009893 0.015576 0.041448
0.137240 -0.013701 -0.072304 -0.045100 0.012689 0.091121 0.152898 0.112174 0.016176 -0.037369
-0.097634 -0.117569 -0.041251 -0.031613 0.110397 0.130924 0.114740 0.110266 0.107634 0.137372
-0.075594 0.037304 0.040725 0.051120 0.007488 0.055199 0.133951 0.120398 -0.079936 0.068620
-0.028438 0.068949 -0.052699 0.017780 -0.062699 -0.069146 -0.043619 -0.116450 -0.089936 -0.003518
-0.121121 0.098752 0.052699 0.013405 0.006304 0.220269 -0.084805 0.114674 0.048554 0.006090
-0.013100 0.015788 -0.015615 -0.005309 0.006617 -0.016868 -0.008426 -0.043636 -0.015701 0.010444
0.015701 -0.028975 -0.056152 -0.018964 -0.047198 -0.047545 -0.006928 0.000808 -0.007094 0.005210
-0.024750 0.013179 0.025554 -0.007929 0.022638 0.005135 -0.003864 0.006176 -0.010499 0.007847
0.012470 0.017688 0.028328 0.032033 0.013281 0.010948 -0.010002 0.005939 -0.019563 -0.019895
-0.014787 -0.024104 -0.026153 0.013084 -0.011500 0.045685 -0.002631 0.031860 -0.044960 0.012107
0.017546 -0.023268 0.007882 -0.003860 0.012075 0.022243 -0.067156 -0.049500 0.058391 -0.013597
-0.019311 0.008923 0.002284 0.001092 0.003496 0.016048 -0.044455 0.000646 0.016821 -0.044708
0.005904 0.017735 -0.027840 -0.010546 0.018901 0.107008 0.123781 0.122079 -0.028912 -0.027083
0.047545 -0.033420 -0.095973 -0.018460 -0.198000 -0.094460 -0.023126 -0.076047 -0.109152 -0.061985
0.037078 -0.003104 0.044045 0.002390 -0.030614 0.049058 0.008560 -0.036479 0.021187 -0.011871
-0.043131 0.001177 -0.004848 -0.032758 0.015473 0.003472 -0.036479 -0.001330 -0.014188 0.022874
0.035028 -0.001129 -0.034745 0.015819 -0.001924 -0.008773 0.028281 0.009025 -0.004379 0.006601
0.014724 0.025932 0.023836 0.006341 -0.012533 -0.005482 0.003513 0.017435 0.000173 -0.025128
-0.013352 0.014062 -0.001732 -0.019390 -0.005774 -0.003831 -0.033988 -0.034461 0.057035 0.042847
-0.015977 -0.017640 0.015890 -0.011847 0.006901 0.004446 -0.002526 -0.029984 -0.015741 -0.020257
-0.017624 -0.009490 -0.010688 0.001397 0.004367 -0.004331 -0.008765 -0.005876 -0.000409 -0.003673
-0.011130 -0.000505 -0.000072 0.008071 0.004185 -0.018129 -0.013344 -0.000299 -0.021881 -0.030299
-0.024513 0.010026 -0.015315 0.004304 0.014952 -0.018807 0.017924 0.008521 0.034335 0.018271
0.017451 0.014700 -0.010917 -0.045496 0.004934 -0.003230 -0.015717 -0.033673 -0.012367 0.007985
0.004721 0.000403 -0.000625 -0.021581 0.007256 -0.014014 -0.007137 -0.003340 -0.022417 0.011658
-0.017025 -0.157643 -0.094838 -0.015410 -0.036825 -0.131916 -0.046820 0.028139 -0.094838 -0.025475
0.045590 -0.277199 -0.054040 0.046189 -0.062900 -0.036762 -0.038276 -0.016537 -0.008087 -0.041208
-0.037204 0.016253 -0.031560 -0.031860 -0.010113 -0.015394 0.016694 -0.017057 -0.044329 -0.062458
-0.027556 -0.008355 -0.025633 -0.032506 -0.007362 0.041618 0.059999 -0.042910 0.104801 0.035564
-0.029873 0.055144 0.049500 0.030126 -0.029574 -0.036605 -0.006353 -0.031781 -0.029195 -0.001368
-0.029731 -0.033073 0.000076 0.016553 0.012422 -0.016757 -0.019374 0.006191 -0.010791 0.006653
0.012856 -0.045937 -0.028108 0.005320 -0.060756 -0.042343 0.009214 -0.000517 0.001847 -0.005561
-0.000108 0.051455 0.047734 -0.007488 0.068417 0.062994 -0.008883 0.011311 0.041082 0.000381
-0.026342 -0.052401 -0.001742 -0.003955 -0.044834 0.001703 -0.006207 -0.043352 -0.008686 0.014212
0.026169 -0.155877 -0.135195 0.035470 -0.068922 -0.052558 0.005525 0.006440 -0.028250 -0.035375
0.013463 -0.001976 -0.017593 0.008300 0.035816 -0.010081 0.016395 0.032474 0.005076 0.005663
0.004178 0.031544 0.013006 -0.054986 -0.013281 -0.017971 -0.008938 0.054292 -0.030488 -0.027209
0.042595 0.022685 0.020525 0.048617 0.005403 0.026011 -0.004497 0.036100 0.075795 0.020399
-0.008418 -0.022196 -0.006306 0.033673 -0.078506 -0.051770 0.058958 -0.088280 -0.085442 0.017956
-0.083362 -0.032916 -0.028927 0.001271 0.004544 -0.025065 -0.013478 -0.018192 0.002759 0.035501
0.018381 -0.013652 0.015812 -0.012470 0.013676 0.046820 -0.001668 -0.005415 0.011122 -0.005021
0.022559 0.009664 0.011405 -0.022401 -0.026957 0.007468 -0.028313 -0.039032 -0.014984 0.008678
0.019406 0.011737 -0.008639 0.019422 0.017167 -0.016095 0.004871 0.017577 -0.004245 0.032411
0.057161 0.014133 0.062553 0.089604 -0.029337 -0.019264 0.022795 -0.002087 0.017404 0.009143
0.007114 0.036037 0.002300 -0.009269 -0.014464 -0.008000 -0.008670 -0.041775 -0.026200 0.012399
-0.020210 -0.008781 0.005470 -0.011445 0.003539 -0.013187 -0.029243 -0.028518 -0.003935 -0.027193
-0.004749 0.030331 0.021408 0.002631 -0.028407 -0.017104 0.040357 -0.031544 -0.053031 0.034051
-0.049153 -0.024182 0.001009 -0.038780 -0.057950 -0.039127 -0.010609 -0.018586 -0.032538 0.018350
-0.006428 -0.039947 0.009088 -0.036321 -0.026642 -0.000215 -0.029274 -0.019816 -0.022291 -0.017719
0.005860 -0.014566 0.017057 0.021171 0.000840 -0.022732 0.006203 0.008300 -0.001445 0.009135
0.009435 0.008036 -0.019296 -0.006727 -0.023836 -0.015031 0.001590 -0.032632 -0.020336 0.013187
0.038023 0.013904 0.009143 -0.014298 0.009853 -0.018397 -0.015362 0.011445 0.054040 0.013108
-0.023583 0.064886 0.007275 -0.042059 -0.002635 0.030331 0.004312 -0.005112 0.014779 0.008718
-0.009656 -0.042437 0.009222 -0.021975 -0.026784 -0.001936 -0.003439 0.002920 0.006065 -0.026106
-0.016505 -0.009246 -0.005679 0.005604 0.000739 -0.016584 -0.082037 -0.101963 -0.026452 -0.375569
-0.095658 -0.052054 -0.166849 -0.082542 -0.002875 -0.036983 -0.014070 0.030993 0.015473 -0.008670
0.044455 0.006124 -0.000940 0.007870 0.016899 0.005691 -0.005778 0.014748 0.004355 0.000595
-0.000083 0.004576 -0.029022 0.019958 0.033137 -0.006381 0.030504 0.062301 -0.010152 0.021014
0.009577 -0.010956 -0.012083 -0.001542 -0.002804 -0.074534 -0.032664 -0.024104 -0.057823 -0.012667
0.021581 0.014748 -0.006077 -0.000156 0.003171 -0.003580 0.026579 0.004107 0.006645 -0.002038
0.119178 0.090235 0.031119 0.287036 0.220322 0.009498 0.074281 0.062301 -0.014480 0.014598
-0.005801 -0.002745 0.041302 -0.001897 -0.005636 0.035943 -0.000767 -0.056468 0.028281 0.070183
0.008655 0.138221 0.101333 0.012336 0.050351 0.044991 0.011211 0.013866 0.013487 -0.023315
-0.052102 -0.039285 -0.023895 0.011501 0.001564 0.008765 0.009516 0.012498 -0.035419 0.063522
0.009881 -0.027256 -0.107892 -0.046720 0.007992 0.007134 0.010126 0.002227 -0.191874 -0.081008
0.021382 0.012788 0.013516 -0.013695 -0.010706 -0.018155 0.007078 -0.023836 0.020624 0.005331
-0.053173 0.007174 -0.017040 -0.051270 -0.019851 0.010438 0.007305 0.020668 -0.000170 0.056266
0.039196 -0.041158 -0.016386 0.001141 0.016624 -0.038869 0.009256 0.054719 0.097721 0.006412
-0.010542 -0.028772 0.004297 0.018245 -0.009546 -0.009940 -0.015130 0.051864 -0.031107 0.003974
-0.017769 0.021010 0.011070 0.041426 0.023166 0.017873 0.036103 0.007412 -0.008758 0.021174
0.006858 -0.021159 0.016847 -0.009331 -0.025843 0.007450 -0.000280 0.023226 0.005810 -0.025575
0.030452 0.061083 0.022557 0.018051 0.053292 -0.013903 -0.043062 0.007379 0.020654 -0.012520
0.013360 0.033069 0.023241 0.107952 -0.004896 0.010617 0.017159 0.003022 0.011873 0.027984
-0.004732 0.029055 0.033397 0.010810 -0.010825 -0.019122 -0.023999 0.012996 0.012156 0.015018
-0.006301 -0.003294 -0.022824 0.004985 -0.000491 -0.004171 -0.015330 -0.012156 -0.017159 -0.004951
-0.000658 -0.007658 0.001629 -0.013561 -0.006197 0.019286 -0.009791 0.021010 0.018007 -0.004784
0.018408 -0.021233 0.005684 -0.026349 0.001354 0.063046 0.021501 -0.015657 -0.083685 -0.002327
0.015122 0.011137 0.006937 -0.020624 -0.032415 -0.009494 0.010498 -0.009702 0.005431 -0.009799
-0.019271 0.000626 0.025174 0.011100 0.015583 0.024609 0.010357 0.026765 -0.013605 -0.014691
-0.010037 -0.001377 -0.004903 -0.001648 0.007643 0.046184 0.006721 -0.028311 -0.025456 -0.032177
-0.026869 -0.043210 -0.010713 -0.021189 -0.062094 -0.011925 -0.029858 -0.060845 -0.021858 0.037530
0.061619 0.077975 0.072146 0.135965 0.087016 0.008884 -0.012594 0.028609 -0.054362 -0.049039
-0.008788 0.037501 0.013754 0.004602 0.031701 -0.007345 -0.037441 0.064414 -0.003327 -0.022408
0.042288 0.038571 0.032148 0.004253 0.027419 -0.013903 0.030304 -0.034527 -0.012081 0.027151
-0.015174 -0.019821 0.008044 0.022810 -0.029545 0.008000 0.015583 -0.003866 0.015568 -0.002976
-0.043181 -0.024163 -0.053857 -0.036370 -0.007985 -0.021516 -0.015434 0.004070 -0.000661 0.013159
0.013033 0.001225 0.043567 0.015070 0.025516 0.037768 0.044995 0.014356 0.032772 -0.007977
-0.031583 -0.022438 -0.000703 -0.013747 -0.014156 0.004048 0.055939 0.006669 -0.009606 -0.030839
-0.010163 -0.004163 0.001920 -0.009055 0.011643 0.031077 0.009427 -0.002206 -0.010780 -0.022200
0.007446 0.085291 -0.000267 -0.036668 -0.066020 0.002859 -0.008156 -0.016877 -0.014208 -0.024594
-0.037947 -0.024505 -0.020059 0.003095 0.011769 0.036311 0.029531 0.013434 0.001791 0.008550
0.003331 -0.015085 -0.009189 -0.010364 0.014929 -0.028371 -0.027479 -0.013070 -0.021100 -0.023969
-0.027716 -0.037917 -0.017695 0.020103 0.019256 0.026765 0.002602 0.033069 0.018022 -0.005372
-0.049188 -0.032594 -0.017695 -0.051061 -0.028326 -0.092904 -0.280020 -0.156188 0.002866 0.113721
0.025323 0.042764 0.041961 0.047433 0.014691 0.049634 0.013791 -0.000851 -0.014126 0.004951
0.008208 0.004442 0.007866 -0.017605 -0.162254 -0.075774 -0.044905 -0.154641 -0.077202 -0.028088
0.028787 -0.001887 0.002541 -0.011873 -0.003227 0.015301 0.057961 0.035270 -0.017754 -0.012542
0.010245 -0.032237 -0.023434 -0.024832 0.025754 -0.010178 0.018037 -0.009687 -0.018379 0.015598
0.032058 0.020966 -0.006457 -0.037292 0.005583 0.022557 -0.003002 -0.038452 -0.003403 0.013092
-0.048534 -0.022572 0.036579 0.014639 0.039344 -0.000510 0.002981 0.006234 -0.001892 0.012312
0.009167 -0.006710 0.026200 0.004275 -0.010498 -0.024564 0.021308 -0.053887 -0.037530 -0.016104
-0.026125 0.004673 -0.009323 -0.015196 -0.008758 -0.004219 -0.019717 -0.008580 -0.019509 0.007602
0.034973 0.015211 -0.000861 -0.007015 0.011553 0.011613 0.034854 -0.006974 0.036608 0.007420
-0.015301 0.053262 0.056444 0.035924 -0.017011 0.013167 -0.023494 -0.044995 -0.082614 -0.041634
-0.034348 0.002273 -0.008580 -0.014884 -0.009405 -0.000976 0.014996 0.002437 0.011063 0.020044
0.082376 0.041367 0.108368 0.226133 0.134776 0.010936 0.059091 0.022557 0.016282 -0.020103
-0.018988 0.004461 0.059180 0.045143 -0.024757 -0.019970 -0.004996 -0.029813 -0.047998 -0.030319
0.006267 -0.009606 0.005810 0.031701 0.002857 0.012602 -0.022497 -0.021293 -0.007267 0.036460
0.017457 0.022943 0.032058 0.059596 0.050080 -0.017070 -0.055671 -0.010423 -0.037352 -0.065723
-0.049337 0.017011 0.046630 0.033962 0.009160 -0.010148 0.009212 -0.009821 -0.026914 -0.002663
0.007784 -0.014780 -0.007858 -0.029084 -0.031255 -0.023806 0.014550 -0.005888 -0.011509 0.017903
-0.003039 0.010758 0.005992 -0.004227 -0.000967 0.003595 -0.002987 -0.009777 -0.006650 0.009472
0.018364 0.017040 0.044935 -0.030661 0.044935 -0.021382 -0.016059 0.052905 -0.000196 0.021204
-0.039642 -0.061024 -0.033605 0.009777 0.040891 -0.003626 -0.016386 -0.003591 -0.002383 -0.003658
-0.019657 -0.011553 -0.009331 0.013821 0.002338 -0.014438 -0.002489 -0.011985 -0.035151 -0.074823
-0.014854 -0.050586 -0.029040 -0.000249 -0.052727 -0.001133 0.003459 -0.041961 -0.021590 -0.004427
0.096829 0.077975 0.082079 0.046006 0.058556 0.010416 0.024386 0.042616 0.032742 0.033634
0.033069 0.047374 0.005989 -0.000726 0.008996 -0.024386 -0.001409 0.020445 -0.003483 0.038393
0.031047 0.017516 0.048355 0.026601 -0.028698 -0.053976 -0.036608 0.016505 -0.002046 0.012579
-0.024133 0.029575 -0.028609 -0.002816 -0.016906 0.018274 0.003386 -0.004152 -0.002591 -0.011568
0.003223 0.023553 0.035732 0.022936 0.038358 0.028655 0.075026 0.026845 0.000790 0.027388
0.023872 -0.039776 0.042855 -0.019254 -0.028414 0.016146 -0.007967 0.027026 0.076776 0.028867
-0.023298 -0.072129 -0.038720 -0.029515 -0.076535 -0.057341 0.014479 0.018651 -0.006081 0.026467
0.016327 -0.012117 0.024445 0.033409 0.003923 -0.006357 -0.021095 -0.025879 0.005594 -0.016372
0.000462 0.038720 0.065067 0.006021 0.022997 0.017413 -0.010932 -0.016418 -0.047593 0.001809
-0.019330 -0.021397 0.057522 -0.006455 0.013445 0.064825 0.024355 -0.014645 -0.020401 0.006387
0.032171 -0.027478 -0.009522 0.038177 -0.016372 0.000954 0.024008 0.022529 0.000625 0.042523
-0.002993 0.024536 0.025818 -0.014660 -0.021684 -0.022604 -0.029304 -0.008865 -0.009884 -0.033801
0.004387 -0.001711 -0.037000 -0.067843 0.022650 0.031326 -0.141481 0.053478 -0.040169 -0.056194
0.045390 0.014954 -0.013973 -0.012849 -0.007439 -0.021729 0.005127 0.001394 -0.004580 0.026301
0.034374 0.014916 0.007454 0.023238 -0.004832 0.026769 0.016387 0.003144 0.021533 0.031115
-0.013264 -0.002852 -0.002426 0.012562 -0.006843 -0.012766 0.010246 0.003589 -0.009280 -0.006504
-0.004248 -0.005330 0.008337 0.000399 -0.000709 -0.021005 0.004018 -0.005942 -0.006006 -0.006496
0.010759 -0.024868 0.035521 0.005044 -0.017745 0.018787 0.000765 0.038811 -0.006598 0.019903
-0.017263 -0.219464 -0.018515 -0.023751 -0.144137 0.000223 -0.002876 -0.005693 -0.023736 -0.022046
0.019586 0.011981 -0.016101 0.040591 0.014795 0.015920 0.017821 0.011453 0.027961 0.031900
0.000473 0.006149 -0.000588 -0.007662 0.002329 -0.007062 -0.000499 0.002399 0.015935 -0.001701
-0.004576 -0.006907 -0.006760 -0.011951 -0.043881 -0.045390 -0.024566 -0.009076 0.006945 0.020944
0.116251 0.037664 -0.018213 -0.036276 -0.003950 -0.006213 0.043971 0.034948 -0.000432 0.026015
0.014697 -0.028489 -0.030496 -0.001434 -0.019270 0.004387 0.006689 0.017972 0.056073 0.049615
-0.027101 -0.033861 -0.014856 -0.234071 0.069775 -0.065187 -0.076656 0.098264 -0.016659 0.017640
-0.072974 -0.014705 0.033590 -0.115044 -0.005677 0.036728 -0.028897 0.007503 -0.009152 -0.019390
0.007854 -0.060540 0.049766 -0.040772 -0.051003 -0.020386 -0.020944 0.013415 -0.050701 -0.028022
-0.010389 -0.007673 -0.031688 0.023781 0.062290 0.044213 -0.013400 0.033348 0.007530 -0.017006
-0.001597 0.001884 -0.002624 0.000700 0.008216 0.009831 -0.030692 -0.013573 -0.033077 -0.016025
-0.025547 -0.034706 -0.076776 -0.039746 0.002616 -0.015557 -0.001601 0.042040 0.028972 0.018379
0.044364 0.023827 -0.005911 -0.029606 0.011415 -0.038117 -0.003878 0.105447 0.036125 0.066395
0.075267 0.070197 0.008873 0.007092 0.000207 -0.000745 0.039656 -0.004380 0.000258 0.031205
0.003665 0.009439 0.009167 0.015120 0.003569 0.017670 -0.002073 -0.000476 -0.012321 -0.015723
0.010782 0.032262 0.004399 -0.043881 0.117820 -0.061415 0.009499 0.144982 -0.012162 -0.002731
0.015210 -0.005689 -0.042221 -0.066093 -0.012170 0.007552 -0.035491 0.003714 -0.093556 -0.195683
-0.109974 -0.014192 -0.000478 -0.057612 -0.041617 0.018590 -0.028655 -0.018379 0.013120 0.014441
0.003874 0.051908 0.026890 0.025954 0.070258 0.022484 -0.005840 -0.038026 -0.016659 -0.061083
-0.167314 -0.109732 -0.024702 -0.019254 -0.025049 0.030345 -0.064041 0.008495 0.019119 -0.141964
0.032171 0.001709 -0.063075 0.022333 -0.029727 -0.007530 0.008752 -0.014607 0.035159 -0.000766
0.014290 0.039173 0.022574 0.012102 -0.002409 0.024083 -0.007715 -0.007696 0.012374 -0.008352
0.016191 0.004606 -0.025441 -0.051516 -0.036547 -0.008073 -0.006922 -0.010789 -0.023978 0.012509
-0.003550 0.003854 -0.001969 -0.000765 0.019647 0.021367 0.018289 0.004844 -0.001589 0.019752
0.007009 0.025788 0.012230 0.018259 0.080458 -0.010887 -0.002279 0.023510 0.001441 -0.013664
-0.021035 -0.015588 -0.007771 -0.005994 -0.012094 -0.022438 -0.012434 -0.013083 0.030707 0.031930
0.026105 -0.002714 -0.007334 -0.014403 -0.001874 -0.023902 -0.011476 0.019345 0.005496 0.002007
-0.014358 -0.036638 -0.000747 -0.016961 -0.060902 -0.006330 0.005308 0.032413 0.022469 0.013377
-0.002194 0.023449 0.035008 0.011181 0.028097 0.081786 0.161037 0.107559 0.040682 0.120476
0.071767 -0.016976 0.005515 0.005847 0.001150 0.011740 0.025079 0.081364 0.213911 0.132548
0.039414 0.070982 0.069654 -0.006798 -0.029033 -0.004497 0.025471 -0.017459 0.009801 0.014818
0.026860 0.026241 0.008299 -0.005021 0.007635 0.008541 0.046144 0.006345 -0.003348 0.021608
-0.002196 -0.030466 -0.059966 -0.037724 0.036095 0.015588 0.000449 0.049434 0.016387 0.001979
0.006760 0.021216 -0.014199 0.004855 -0.015920 -0.032805 -0.001739 0.016614 -0.018907 -0.008224
-0.026905 -0.012864 -0.008088 -0.020447 -0.010691 -0.006523 0.017097 0.002148 0.008978 0.001001
-0.004361 0.005594 0.032594 0.008118 0.005300 0.007405 0.007507 -0.006390 -0.084381 -0.004338
-0.139187 -0.041949 -0.004753 -0.053719 0.024823 0.003582 0.049011 0.011536 0.008526 0.043428
0.023057 0.009823 0.003335 -0.000230 -0.010729 -0.005942 -0.009891 -0.009469 0.008450 0.015980
-0.002771 -0.003816 0.000761 -0.011083 -0.015180 -0.029591 -0.014984 0.063437 0.026467 -0.006466
0.039656 0.026588 0.006440 -0.009952 0.038569 0.039444 -0.004855 -0.030843 -0.044696 -0.027931
-0.022016 0.009401 0.000904 0.005896 0.018440 -0.039837 -0.019873 -0.009454 -0.029938 -0.007809
-0.001449 0.003533 0.012125 -0.009552 0.042221 0.040108 0.002986 0.053599 0.029289 0.005059
0.009001 -0.011461 -0.001316 0.043911 -0.012457 -0.006658 -0.003878 -0.032805 0.017489 0.018198
0.020748 -0.009944 0.051758 0.048981 0.009031 0.052240 -0.000564 0.026181 -0.009269 -0.042795
-0.062144 0.002700 -0.051638 -0.031924 -0.012423 -0.028334 -0.050826 0.032350 -0.027786 0.012656
0.028861 0.076138 0.012484 -0.037603 -0.051354 -0.002596 0.086969 0.033323 0.027239 0.033546
0.012636 -0.012950 -0.029287 0.015181 -0.021702 0.071920 0.047906 0.015718 0.053341 0.018426
-0.049407 0.015982 0.055005 0.034804 0.002672 -0.024196 0.044782 0.001507 -0.025596 0.047987
0.008620 -0.014451 0.040462 -0.139945 0.065592 -0.009264 -0.315749 0.392982 -0.025859 -0.041071
0.058534 -0.018203 -0.001140 0.072082 0.023284 -0.118122 0.186431 0.027056 -0.048879 0.066119
0.025920 -0.034459 0.005765 0.025738 0.031579 0.003506 0.006201 -0.028881 -0.004652 0.011054
-0.041984 0.039915 -0.011824 -0.101653 -0.089078 -0.037562 -0.047946 0.049001 -0.030808 -0.013680
-0.006171 -0.014816 0.065024 0.102545 -0.003879 0.010567 0.046730 -0.002918 -0.164446 0.071108
0.016905 -0.253767 0.238515 -0.016824 -0.117878 0.061049 0.047825 -0.031275 -0.006465 -0.015647
-0.040280 0.122908 -0.007185 -0.026569 0.031924 0.010425 -0.010729 0.047987 -0.001716 0.029855
-0.016509 0.018761 0.013853 0.010496 0.010902 0.001607 -0.009887 -0.046486 -0.016580 -0.016276
-0.065957 0.000675 -0.008174 -0.017635 0.004226 -0.014887 -0.016347 -0.006257 0.046567 -0.019815
0.000509 0.011905 -0.004964 0.069770 0.035879 0.009867 0.008909 -0.032208 -0.006085 -0.003362
0.074110 0.022919 -0.013214 0.028151 0.011693 -0.022959 0.081614 0.029855 -0.031620 0.035595
-0.001569 0.002766 -0.023547 0.007073 -0.005202 -0.014451 0.009112 0.004873 0.008052 0.016155
0.009203 0.031173 0.033526 0.005654 0.073988 0.033242 0.022837 0.054558 0.042714 -0.049204
-0.028760 0.010719 0.018335 -0.017138 0.033911 -0.022209 -0.052084 -0.044133 0.037522 -0.005400
0.001420 0.065105 0.002137 0.011571 0.046648 0.082912 0.033283 -0.028658 0.063482 0.017503
0.034358 0.060927 -0.006014 -0.006125 0.040888 -0.011114 -0.015830 -0.056181 0.033546 -0.026955
0.188216 0.018152 -0.017493 0.032715 0.015404 0.030423 -0.013366 -0.002766 -0.020475 -0.005461
0.054274 -0.047216 0.027786 -0.018690 0.003382 -0.148626 -0.067255 0.102789 -0.367021 -0.059913
-0.007885 -0.108792 -0.079992 -0.004287 -0.041111 0.009619 0.002490 -0.036061 0.066160 -0.023588
0.024440 0.011632 0.079505 0.053707 -0.013305 0.077964 0.004003 -0.032654 0.078653 0.061698
-0.021762 0.021235 -0.058452 -0.035676 0.018173 0.018953 0.036183 0.007535 -0.021418 0.030261
-0.023770 -0.030585 0.001598 0.013011 -0.021377 0.049366 -0.017899 -0.068837 0.009370 -0.026894
0.014451 0.027279 0.006470 0.040361 -0.010618 -0.027604 -0.137511 -0.037197 0.031153 -0.048393
-0.026184 0.053382 -0.052327 -0.085265 0.001734 -0.032735 -0.002495 0.050664 0.027523 0.002377
0.025636 0.025150 -0.007758 0.035453 0.039205 0.004710 0.009766 -0.042227 -0.045999 -0.013112
-0.059994 -0.067255 0.020018 0.019684 -0.024014 -0.018882 0.003871 0.000368 0.023730 0.013599
-0.026346 0.033404 0.004921 -0.033810 0.061089 -0.008447 -0.012615 -0.046324 0.044945 0.003128
-0.022655 0.009766 0.018446 -0.070135 0.000384 0.003395 -0.035514 -0.077842 -0.020546 -0.079911
-0.104655 -0.088348 0.018010 -0.026894 0.007631 -0.042024 -0.034439 -0.009000 0.002510 -0.013700
0.019957 0.022412 0.030281 -0.013974 0.026508 -0.045026 0.037623 0.001090 0.055816 -0.030666
-0.036487 0.023284 -0.000100 -0.010709 0.020170 -0.008929 -0.044417 -0.011946 -0.027786 -0.017503
-0.013792 -0.018031 -0.010455 -0.023588 0.038475 0.000833 -0.003755 -0.031376 -0.006389 -0.021418
-0.019968 0.013315 0.046648 0.037887 -0.008174 0.031295 0.031315 -0.032248 -0.041902 -0.014806
-0.032593 -0.033222 -0.000109 -0.050461 -0.032167 -0.012473 -0.050908 -0.063523 -0.005136 -0.071108
-0.120393 -0.026366 -0.005567 -0.077477 -0.024318 0.015789 0.000356 0.012930 0.020850 0.026204
0.009249 0.040564 0.048677 0.027360 0.019846 0.023020 0.010339 0.001799 0.007540 -0.013619
-0.077842 -0.028354 -0.029571 0.002156 -0.053179 0.015962 0.018984 -0.031579 0.041294 0.006424
-0.004518 -0.000669 -0.012636 0.000270 -0.010770 -0.065146 0.103275 -0.001023 0.006156 0.052165
0.064253 -0.074029 -0.032755 -0.013680 -0.016114 0.031315 -0.022797 -0.032918 0.018984 -0.023142
0.043484 -0.014349 0.020028 0.042349 0.035960 0.021539 0.004563 -0.015658 -0.013802 -0.037440
-0.013224 0.006171 -0.012392 -0.000542 0.021702 -0.004371 -0.001079 0.001896 -0.037887 -0.051557
-0.004561 -0.046851 -0.007575 -0.015526 -0.033141 -0.045959 -0.020515 -0.019106 -0.057682 -0.006201
-0.032492 -0.048677 0.025474 -0.076422 -0.061738 0.000964 0.026995 -0.006982 0.012636 -0.024622
-0.063401 0.076585 0.053260 0.024359 0.010577 -0.032248 -0.025494 -0.004723 -0.015191 0.036061
0.040381 -0.039428 -0.023750 0.006764 -0.017980 -0.031173 -0.009745 -0.023344 -0.000059 -0.005897
-0.020951 -0.012960 -0.031640 0.007839 0.010121 -0.075935 0.018386 0.103762 0.031275 0.037542
0.113984 -0.018761 -0.032471 -0.001514 0.042673 -0.084373 -0.017737 -0.035615 -0.040381 0.000192
-0.032776 0.013873 0.006272 0.014988 0.029814 0.018162 0.019521 0.010425 -0.000960 0.001036
-0.070662 -0.082507 -0.013295 -0.135970 -0.087861 -0.028354 -0.074110 -0.076260 -0.015394 -0.016986
-0.027888 0.003123 -0.002723 -0.075165 0.054315 0.006115 0.081696 0.043728 -0.042795 -0.069932
-0.022675 -0.005664 -0.033445 0.014958 0.007494 -0.011591 0.002639 -0.006166 -0.014106 -0.044093
-0.005649 -0.016956 -0.116256 -0.023872 -0.014461 -0.038941 0.031843 -0.037420 0.020444 -0.011135
-0.048109 -0.029835 -0.031782 -0.014055 -0.006460 -0.059629 0.020951 0.007885 0.009446 0.035696
-0.099868 -0.043931 0.024115 0.015921 -0.028890 -0.033579 -0.059613 0.007991 0.058104 0.038053
0.009338 0.008368 0.031855 0.004170 0.008179 0.023312 0.032286 -0.133994 0.002033 -0.006626
-0.032097 -0.043335 0.015806 0.029753 0.006377 0.004898 0.021560 0.019566 0.004625 0.004588
0.001918 -0.011939 -0.020603 0.000378 -0.008381 -0.035870 -0.016466 0.007674 0.036140 -0.014647
0.021479 0.022597 0.010113 0.008583 0.068776 0.033256 0.016844 0.019619 0.032151 0.036786
0.006852 0.044575 0.029375 0.087317 -0.018097 -0.035277 -0.015941 -0.034550 -0.000898 0.005498
-0.006003 0.027812 0.087802 0.029052 -0.001411 -0.062416 -0.009190 0.009379 0.030992 0.015873
0.009911 0.025710 0.007499 0.028809 0.028136 0.041368 0.028917 0.091414 0.016924 0.001907
0.045707 -0.019835 -0.019902 0.064356 -0.009513 0.003399 0.091737 0.053980 -0.014095 0.104565
0.046893 -0.006431 -0.023595 -0.006269 0.033687 0.062523 0.016574 0.021600 0.116207 -0.013017
0.002239 -0.007182 -0.024942 0.007863 0.020078 0.002714 -0.005996 0.037218 -0.011521 -0.007243
-0.022826 -0.019916 0.042176 0.060367 0.050962 0.037595 0.018137 0.047189 -0.008644 0.029753
0.023136 0.001493 -0.001198 -0.007088 0.018663 0.018690 0.021075 0.014809 0.017100 0.021492
0.004356 0.008045 0.013920 -0.005720 0.026492 0.020078 -0.002008 -0.007559 0.004662 0.010450
-0.041745 0.001531 -0.018514 -0.112650 -0.035062 -0.017005 -0.008375 -0.015348 -0.008947 -0.000933
0.018447 -0.005558 -0.040883 -0.016385 0.010389 -0.027597 -0.021317 0.016830 0.027893 0.023689
0.017827 0.036598 0.020846 0.011642 0.013637 0.024201 0.006552 0.000822 0.003840 0.001826
0.018151 0.004969 -0.001012 -0.015361 -0.016305 -0.058211 -0.041988 -0.035196 -0.097558 -0.112003
-0.114698 -0.036274 -0.168705 -0.108823 -0.008051 -0.014256 -0.001540 0.002934 0.037972 0.019835
0.034577 0.009203 -0.007182 0.013118 0.001258 0.014836 -0.016924 -0.060799 -0.050612 -0.041260
-0.100846 -0.064841 0.024403 0.028675 0.015307 -0.016844 0.010423 0.038269 0.009493 -0.053684
-0.015038 0.010140 -0.030345 -0.014472 -0.013798 -0.018110 0.025602 0.012788 0.002634 -0.016574
-0.009709 0.008098 -0.003564 -0.047836 -0.046273 -0.015793 0.012060 -0.002892 -0.012990 0.033660
0.037757 0.036059 -0.016210 0.003466 -0.000274 -0.017207 -0.088395 -0.083005 0.043039 -0.012740
-0.001006 0.018420 -0.044009 -0.019404 -0.013017 -0.005447 0.027920 0.037703 0.082520 0.046839
0.076483 0.201692 0.058050 0.036086 0.040667 0.033714 -0.012714 -0.010948 -0.006027 0.004258
0.007108 -0.004871 0.004733 0.043605 0.004467 -0.075675 -0.057672 -0.067267 -0.110171 -0.233924
-0.111895 -0.082251 -0.166442 -0.115129 -0.023837 0.008671 0.013475 -0.047459 -0.017693 -0.027650
-0.015173 -0.034819 -0.024955 -0.018353 -0.006801 -0.031585 -0.020536 -0.008375 -0.023783 0.015307
0.003387 -0.001683 0.037864 0.016143 0.004750 0.017154 0.051258 -0.011299 -0.004433 -0.053280
-0.059667 -0.009729 0.001481 -0.011366 0.013765 -0.015806 -0.009385 0.006734 -0.005535 -0.013717
0.005535 0.007957 0.015024 -0.033579 0.086131 0.014243 -0.006660 -0.022180 0.001187 0.000625
0.009614 0.031262 0.022004 -0.023177 0.006478 0.011285 -0.004174 0.008644 0.018097 0.009217
0.006589 0.002355 0.018568 0.022193 -0.033741 -0.039374 -0.020886 0.002774 -0.047378 0.002513
-0.009190 -0.051878 0.010544 0.011959 0.009971 -0.006252 0.005245 -0.011272 -0.011171 -0.012100
-0.105697 -0.059128 0.006070 0.041557 0.013138 0.014310 0.019080 -0.005848 0.003002 0.056541
0.023352 -0.002286 0.013973 0.041988 -0.002105 -0.006781 -0.004544 0.027920 0.071579 0.059074
-0.016749 -0.010591 -0.008826 0.013879 0.013064 0.013677 0.004177 0.020509 0.015523 0.003108
-0.001380 0.000205 -0.022463 0.016884 0.004588 0.009439 0.057241 0.007964 -0.023864 -0.009958
0.035978 0.014809 0.019458 0.008826 0.023163 0.051932 0.028486 -0.000598 -0.020010 0.001218
-0.008745 -0.011770 -0.009062 0.043200 0.037730 0.038457 0.044575 0.089365 0.074543 0.055409
0.055085 0.041610 0.014768 0.054007 0.029375 0.013960 0.012552 0.011002 -0.006839 -0.027233
-0.001123 0.031396 -0.014310 -0.007209 -0.028324 -0.028863 -0.038781 0.037056 0.050612 0.007687
0.036032 0.088449 0.057241 0.000306 -0.027704 -0.018407 -0.052148 -0.092761 -0.084514 -0.112111
-0.253112 -0.178623 -0.021061 -0.027260 -0.030292 0.025589 0.020630 0.031208 0.019822 -0.003249
0.012902 0.008536 -0.010200 0.001861 0.016305 0.015927 0.020913 0.020374 0.086563 0.055166
0.016547 0.037837 0.029833 0.006485 0.000886 0.006316 0.031235 0.040290 0.031882 0.002245
0.024066 0.005814 -0.015186 -0.015887 -0.024753 -0.002949 0.001205 -0.024228 -0.015712 -0.006485
0.000683 -0.001459 0.011696 0.021452 0.021452 0.028216 0.022395 -0.009412 0.005983 0.001556
0.005211 0.002857 0.010221 -0.000527 0.003554 0.005562 0.008193 -0.025737 -0.008469 0.030480
-0.016790 -0.004393 -0.000191 -0.023365 0.057403 0.026141 0.008530 -0.026680 -0.032367 -0.036652
-0.046677 -0.073465 -0.094270 -0.073573 -0.023999 -0.037218 -0.024107 -0.014944 0.004501 -0.006599
-0.035628 -0.024794 -0.018420 -0.001465 -0.017558 -0.002833 0.018865 0.033094 0.028809 -0.007923
0.060314 -0.017625 -0.007155 -0.019256 0.006145 0.091683 0.084838 0.115022 0.090659 0.121705
0.106344 -0.021061 -0.048968 -0.007223 0.088395 0.217646 0.111141 0.081927 0.185091 0.101277
-0.008860 0.020037 0.023392 -0.007499 0.012175 0.028621 -0.010935 -0.024511 -0.011366 -0.040317
-0.028243 -0.006232 -0.003756 -0.027677 0.000150 0.004723 0.022058 0.003347 0.003049 -0.028621
-0.016574 -0.002639 0.003332 -0.006724 -0.003330 -0.005454 -0.021385 -0.003220 -0.008941 -0.004170
-0.031208 -0.031559 0.017489 0.008277 0.115306 -0.012156 -0.015604 0.020352 -0.024940 0.031208
0.054147 -0.000939 0.025174 0.058004 -0.123897 0.040325 0.099761 0.033020 -0.043948 -0.031500
0.041874 -0.047046 -0.004471 0.017445 0.027818 -0.098417 -0.003373 -0.003850 -0.052189 -0.018935
-0.063643 -0.053738 0.114021 -0.023494 -0.032494 -0.003163 -0.036877 0.004098 -0.016188 0.067734
0.019388 -0.070014 0.031530 0.055695 -0.020309 0.022822 -0.051663 0.051634 0.198002 -0.460290
0.132547 0.124482 -0.113319 0.116884 -0.042108 -0.046841 -0.005943 0.082053 -0.006852 -0.061481
-0.004270 0.016349 -0.048624 0.022208 0.052247 -0.028534 0.001631 -0.032085 -0.088774 -0.002834
0.044737 -0.033546 0.200456 -0.021887 0.030624 0.196950 0.043656 0.041494 0.119339 -0.109462
-0.005943 0.001654 -0.034510 0.015195 0.039624 -0.095553 0.003985 0.020922 -0.030653 -0.015984
0.009628 -0.123313 0.011462 0.130209 -0.205599 0.002002 0.030945 -0.175326 -0.022339 0.060137
0.009373 0.051984 0.102507 -0.093800 0.073812 0.057039 0.010454 0.028739 0.009541 -0.017313
-0.022091 0.012368 0.070072 0.036234 0.021799 0.029879 0.016627 -0.006670 -0.035942 0.019432
0.004694 0.112384 0.023333 -0.019724 0.039419 -0.017576 -0.011272 -0.007802 0.002592 0.018555
-0.046783 0.012368 -0.013193 -0.005271 -0.002478 0.045585 0.043978 -0.035650 -0.002184 0.063176
-0.027585 -0.030331 0.086962 -0.050874 0.039302 0.016554 0.027862 -0.028271 0.004621 -0.017372
0.024750 0.027833 0.008270 -0.015838 -0.006914 -0.007912 0.033254 0.004602 0.006651 -0.023698
-0.001733 -0.001703 -0.012061 0.003435 0.013310 0.013055 -0.002422 0.000614 -0.000781 0.009336
0.004873 -0.076968 -0.051400 0.015955 -0.052802 0.002150 -0.018906 0.009606 -0.011820 -0.005267
-0.064520 -0.056952 0.003046 -0.011550 0.034013 -0.014172 -0.026679 -0.013369 0.003123 -0.071825
-0.035650 -0.013003 -0.030098 -0.121676 -0.046432 -0.013895 -0.018146 0.025276 -0.033370 0.027994
-0.021390 0.066858 0.342237 0.010096 0.057302 0.091579 0.018585 0.005669 -0.038747 -0.024838
0.045673 0.058822 -0.059903 0.030974 0.010381 0.022559 0.076501 0.058676 0.056017 -0.034831
0.379874 0.055082 0.019826 0.045848 0.069195 -0.012112 -0.003539 0.028827 0.066449 -0.007145
0.019198 0.058588 0.014391 0.013296 -0.036117 -0.042575 0.029528 -0.016159 -0.061364 -0.005735
-0.008810 -0.060195 0.031500 -0.083397 -0.027073 0.040939 0.056017 0.027380 0.024429 0.047718
0.008145 -0.019198 -0.042721 -0.030010 -0.014917 -0.015458 -0.022077 0.013011 -0.025437 -0.003536
0.005815 0.041728 -0.039682 -0.059815 0.083455 -0.058647 -0.054059 0.029192 0.105137 0.104728
-0.034978 0.035679 0.032377 0.019783 -0.034919 -0.026766 -0.025189 0.022033 0.013106 -0.003251
0.016422 0.030711 -0.040851 0.166794 0.015838 -0.053738 0.071884 0.052247 -0.063117 -0.017416
-0.018409 -0.010235 0.128690 0.109287 0.020382 0.129157 -0.021317 -0.013011 -0.010673 0.019447
-0.099118 0.025831 -0.021346 -0.071592 0.007934 -0.004365 -0.099527 -0.071533 0.075741 -0.028301
-0.045965 0.057302 0.058208 -0.093157 -0.005183 0.039887 -0.011111 -0.011462 -0.037169 0.067267
0.018453 0.029922 0.037111 0.062007 -0.010783 0.000186 0.025758 -0.096839 -0.046491 -0.009431
0.012507 -0.110923 0.059903 0.062182 -0.061364 -0.064111 -0.061832 -0.079014 -0.017109 -0.008233
-0.015341 -0.006776 0.087897 0.017153 0.049004 -0.071007 -0.024370 -0.018614 0.051487 0.085384
0.031383 0.051575 -0.005713 0.003883 0.077085 0.074572 -0.025568 -0.000594 0.022617 -0.025057
-0.055608 -0.044562 0.004558 0.036351 -0.052218 -0.034773 -0.015210 -0.061598 -0.001046 -0.021302
0.040325 0.008715 -0.016159 0.110572 -0.022339 -0.011740 0.020265 0.010644 0.002445 0.007327
0.010658 0.045263 0.185612 -0.009621 -0.009745 0.020206 0.016335 -0.006177 -0.013697 -0.003147
0.000802 0.079481 -0.009402 -0.000187 0.008197 -0.024765 -0.027672 -0.008211 -0.014158 -0.083689
-0.074455 0.026854 0.001834 0.015122 -0.019154 0.096722 0.096663 0.022778 0.051750 -0.027994
-0.028096 -0.000323 0.037666 -0.030244 0.068903 -0.024911 -0.009227 0.138858 -0.016977 0.026752
0.084858 0.044796 -0.000482 0.044036 -0.000567 0.024341 0.060371 0.154638 -0.009015 -0.006852
0.027278 0.055725 -0.053971 -0.041640 -0.003194 -0.010191 0.008357 -0.073754 0.031559 0.068553
0.040705 -0.020104 -0.047075 0.015078 0.015969 -0.059202 0.055549 -0.018672 -0.028432 0.019593
-0.006250 -0.043773 -0.018088 0.078196 -0.025729 0.013442 0.044854 0.007393 0.007919 -0.067618
-0.061715 -0.005154 0.025189 -0.012434 0.008671 0.071884 0.053124 0.024356 0.019607 -0.013106
-0.008065 0.010257 0.018029 0.020499 -0.018804 -0.015137 -0.037812 -0.025641 0.006849 -0.011754
0.063643 -0.057186 0.014939 0.015692 -0.034043 -0.006202 -0.019929 0.018804 0.018570 -0.035094
0.071533 0.009365 -0.041377 0.062124 0.014976 0.074046 -0.025042 -0.015736 -0.049471 0.289873
0.016188 0.020206 0.074631 -0.015750 0.051546 -0.058004 -0.032932 0.082462 0.045263 0.004453
-0.002000 0.007214 0.022310 -0.000580 -0.017737 -0.019768 0.010826 -0.002080 -0.052393 0.031383
0.007108 0.013843 -0.016963 0.082579 0.065221 0.108352 0.157677 0.040909 -0.059173 0.086553
0.008080 0.031997 0.027555 0.053358 0.088364 0.033546 -0.014355 -0.003872 -0.077202 -0.029922
0.025700 0.015706 0.038747 0.060429 0.068845 0.021054 -0.025437 -0.060838 -0.035241 0.045293
0.023523 0.023713 0.040267 0.026679 -0.072176 0.012550 0.035767 0.018336 -0.021127 0.017752
-0.024590 0.052364 0.049910 -0.006692 0.002051 0.062942 0.043043 -0.009994 -0.011075 0.025685
0.044796 -0.093507 0.018789 -0.032581 0.020338 0.005830 0.099207 0.031866 0.075891 0.037779
-0.028619 0.049965 0.048466 0.044913 0.060346 -0.030145 -0.219622 0.007026 0.033976 0.415705
0.096210 -0.021013 -0.054295 0.003869 0.053656 0.003775 0.034281 -0.024982 -0.233612 -0.064565
-0.056016 0.046328 -0.022706 0.114141 0.061179 0.041471 0.120359 -0.056960 0.097653 0.011145
0.015295 -0.021846 0.009195 -0.103094 0.006867 -0.090103 -0.105259 -0.098819 0.018112 -0.002715
-0.016627 -0.011846 -0.118805 0.000328 0.043719 0.080276 0.023539 -0.022998 -0.012137 0.010166
0.109644 -0.030950 0.051852 0.079610 0.178762 -0.026245 -0.015656 -0.060624 -0.047466 -0.022651
-0.091990 0.007751 0.006707 0.015933 -0.031950 -0.024316 0.018417 -0.012651 -0.021998 0.084051
-0.004934 -0.017862 -0.114363 -0.022470 0.040305 0.084218 0.031339 -0.016238 -0.135237 0.001540
-0.074003 -0.021596 -0.044191 0.005173 -0.052851 0.059569 -0.018140 -0.106980 -0.044691 0.028757
-0.017238 -0.115030 0.002640 0.003966 -0.012248 -0.011686 -0.146008 -0.045107 -0.000492 0.131906
-0.004542 -0.000078 -0.019569 -0.006575 -0.034476 0.080887 -0.037945 0.001473 -0.082941 0.026190
0.034448 0.006495 0.042248 0.042858 0.064010 0.034253 -0.025593 -0.031311 -0.043303 0.021748
0.009167 0.019361 0.011617 -0.049631 0.008848 -0.010659 0.021138 -0.018001 -0.000685 0.001214
-0.014157 0.022082 0.006200 0.026467 0.059402 -0.105148 -0.026106 -0.002491 0.036335 0.037529
0.024732 -0.069784 -0.031866 0.025093 0.110644 0.086994 0.004282 0.015545 0.011304 -0.003959
0.009021 0.007509 -0.005378 0.006270 -0.013164 0.002946 0.023983 0.010826 -0.001708 -0.045329
-0.003584 -0.027342 0.065398 -0.002798 0.023067 0.045384 0.018279 -0.040582 -0.216402 -0.050325
0.077834 0.107479 0.118472 0.021804 0.003298 -0.021193 0.041887 -0.048910 0.001750 -0.043663
-0.044413 -0.085772 0.009930 -0.004552 0.031283 -0.002111 -0.040138 -0.004400 0.112254 0.037473
0.068063 -0.019569 0.029673 0.047300 0.049854 0.015864 -0.015406 -0.126910 0.195195 0.005579
0.019972 -0.064288 -0.060180 0.077112 -0.002431 -0.036058 0.086439 0.047883 0.112365 0.016433
-0.027605 -0.088770 -0.022276 0.064621 -0.091324 -0.133794 -0.017682 0.084440 -0.099041 -0.056432
0.016683 0.000969 -0.069728 -0.014629 0.015767 0.035447 0.001335 -0.008785 -0.006638 -0.002481
-0.020305 -0.055599 -0.003931 0.042387 -0.036058 0.048993 0.011082 -0.026495 -0.034531 0.010055
-0.029202 -0.027050 -0.200191 -0.241162 -0.116362 -0.006953 -0.013942 -0.029812 0.035780 -0.005201
0.032061 -0.074170 -0.140567 -0.076612 0.009341 0.012005 -0.007349 -0.040666 -0.277803 -0.014066
0.152892 0.596910 0.213626 0.062511 -0.078777 0.051463 0.016350 0.012977 -0.019195 0.006731
0.020985 -0.047661 -0.015336 -0.005399 -0.005850 0.020347 -0.018959 0.013997 -0.009181 0.005003
0.024372 -0.015767 -0.009348 -0.013116 0.011985 -0.027592 0.013143 -0.101928 0.121914 0.025121
0.013726 -0.103982 -0.028355 -0.021526 -0.032144 -0.023469 -0.001434 -0.069784 -0.028952 0.028341
0.022373 0.014080 0.026218 -0.132129 -0.004056 -0.006339 -0.004875 -0.091657 -0.043830 0.078666
-0.058903 -0.157888 -0.137014 -0.164106 0.019903 -0.050936 0.014434 -0.075169 -0.018501 -0.076224
0.044080 -0.023442 0.026911 0.054156 -0.058403 -0.062400 0.000453 0.009452 0.016738 -0.012602
0.029535 -0.064676 0.047966 -0.102094 0.017904 0.022623 0.076224 -0.042970 -0.020138 0.014198
-0.049520 -0.006579 0.044274 0.054406 0.014309 0.019819 -0.025121 0.003360 0.023150 -0.018043
0.014323 -0.002838 -0.016225 0.005423 -0.004878 -0.027300 -0.020374 -0.028383 -0.031922 -0.035891
0.001435 -0.039139 -0.005083 0.016391 0.028050 -0.013581 -0.070672 -0.041471 -0.024441 -0.051325
-0.020263 -0.001018 0.016322 0.006030 0.041054 0.028244 -0.020888 -0.053462 -0.035308 -0.054683
0.002342 -0.007411 -0.055322 0.029202 -0.058514 0.015850 -0.022803 -0.043469 -0.058236 0.042498
0.048077 0.030145 0.067619 0.077056 0.045634 -0.039750 -0.057626 -0.042747 -0.052268 -0.067508
-0.021471 -0.031034 -0.108867 -0.054878 0.046772 -0.024594 0.051130 -0.007141 0.077778 0.009528
-0.034920 -0.033365 -0.015808 -0.026315 -0.015364 0.003409 0.029923 -0.011929 0.020583 -0.000843
0.060069 0.042914 0.034059 0.148228 0.047161 0.044191 -0.077556 -0.013310 -0.115696 -0.403492
-0.225285 0.045329 0.136903 0.127798 0.048077 0.048688 0.026481 -0.030506 -0.030340 -0.045967
0.007495 0.044607 -0.014517 0.008265 0.010805 -0.013948 0.016086 0.008161 0.023733 -0.070395
0.005121 -0.048021 -0.002465 -0.013983 -0.051991 0.025621 -0.022664 -0.001004 -0.053046 -0.066120
-0.040749 -0.004299 0.005989 -0.051158 -0.048715 0.005683 0.046300 -0.020069 0.019556 0.030367
-0.024594 -0.006308 0.035614 0.011103 -0.068007 -0.037446 -0.000315 -0.044746 -0.050298 0.026814
0.048327 0.003699 0.008216 -0.004202 -0.018348 -0.042636 0.037418 -0.017238 0.003945 0.015836
-0.009327 0.096154 -0.001388 -0.166660 -0.029701 0.010562 0.092101 -0.010964 -0.037584 -0.030867
0.009896 -0.006711 -0.030423 0.015669 0.198748 0.084163 -0.004160 -0.049798 -0.025746 0.007259
-0.014136 0.006225 0.036863 0.028646 0.037113 0.022914 0.020388 0.023261 -0.013817 -0.053129
-0.063511 -0.044691 0.031422 -0.064343 -0.007585 0.004150 -0.027161 -0.003917 -0.114807 -0.018570
-0.092434 -0.122580 -0.132017 -0.012984 0.022276 0.020430 -0.085772 -0.103871 -0.089548 -0.156111
-0.228283 -0.162662 -0.002783 0.004681 -0.011513 -0.056404 -0.027897 -0.039639 0.056044 -0.041554
-0.071061 0.046412 -0.009112 -0.031811 0.053351 0.045329 0.102205 0.075835 0.142899 0.007238
0.037196 0.008654 0.031256 -0.032893 0.016919 0.020777 0.069728 0.020652 -0.064288 -0.030312
-0.011721 -0.016169 -0.046541 0.050704 0.111372 0.248177 -0.283182 0.077154 0.210944 0.174498
0.122909 0.227594 0.072238 0.072369 0.004033 0.028154 -0.094853 0.104292 -0.329854 0.023205
-0.119435 0.155619 -0.004523 0.053555 -0.690649 0.028826 -0.149064 0.326446 -0.100425 0.004273
-0.052900 0.037102 0.178169 0.126383 -0.063880 0.228381 -0.199932 0.135560 -0.039888 -0.115174
0.073942 -0.078793 -0.298390 -0.221432 -0.034316 -0.025450 0.076630 0.106390 0.009628 -0.038216
-0.185773 -0.075581 0.186559 -0.170827 0.310189 -0.185510 0.128350 0.312024 0.109077 0.184855
-0.357648 -0.023484 -0.223399 0.609890 0.050999 -0.051654 -0.002089 -0.067780 -0.012004 -0.185379
-0.064634 -0.048377 -0.240442 -0.118058 -0.053490 0.025090 -0.047689 -0.146179 -0.028957 -0.088363
-0.160339 -0.167680 -0.066993 0.007661 0.133987 0.047099 0.180660 -0.271645 -0.094853 0.029646
-0.213697 -0.179217 0.026122 -0.071123 -0.132807 -0.000618 -0.107504 0.094066 -0.151030 -0.020583
-0.309402 0.063913 -0.009513 -0.035398 -0.017306 -0.134118 0.034709 -0.022222 0.101801 -0.027351
0.033759 0.101605 0.039593 0.070074 -0.152604 0.107504 0.004494 -0.155226 0.056178 -0.028875
-0.017387 0.001424 0.161256 0.188788 0.118517 -0.033021 0.135560 0.028072 0.005637 -0.050966
-0.006055 -0.000340 0.087970 -0.022877 0.004871 0.010160 -0.048279 -0.139887 -0.156668 -0.093476
0.160863 0.197572 0.119631 0.051556 -0.422675 -0.072041 0.006428 -0.001186 -0.056341 0.086987
0.022681 0.025942 -0.126383 0.003331 -0.034906 0.014692 -0.000277 -0.018043 0.109012 0.066076
0.161519 0.022156 0.167680 0.016330 0.092100 0.057292 0.073090 0.019534 -0.123040 -0.020141
0.091379 0.219859 0.128218 0.243982 0.076367 0.081874 -0.073745 -0.476689 -0.161519 -0.160732
-0.108750 -0.117206 -0.037790 -0.116223 -0.047754 0.088298 -0.131103 -0.101211 -0.011570 -0.149326
-0.131627 -0.031563 -0.318580 -0.082791 0.010488 0.141066 0.029695 0.106390 -0.063454 -0.107242
-0.015011 0.157848 0.033857 -0.030121 0.059160 -0.007227 -0.216319 0.256306 0.086069 0.002376
0.147359 -0.177251 -0.151686 -0.197834 0.172662 0.104685 -0.170171 0.078006 -0.094722 -0.085020
-0.080497 0.123171 0.120418 -0.105013 -0.105734 -0.171745 0.104817 -0.012307 -0.077875 -0.137265
-0.029433 -0.356599 -0.233101 -0.062634 0.059193 0.211731 0.011857 0.018223 -0.002017 -0.055161
0.146573 -0.024860 -0.052834 0.020288 -0.099179 -0.069026 0.156406 -0.016494 -0.061913 -0.712150
-0.044345 0.011431 -0.013479 -0.007956 -0.106324 -0.240442 -0.014044 -0.005592 0.113404 0.012127
0.066895 -0.348209 -0.057128 0.090330 -0.261943 -0.011045 -0.151161 0.274791 -0.271120 0.132479
-0.267843 0.101605 -0.022156 -0.051228 -0.058603 -0.008833 -0.024582 -0.247522 -0.154701 -0.021058
-0.042182 -0.075515 -0.208191 -0.097344 0.036086 -0.022156 -0.017994 -0.116485 -0.151293 -0.082726
-0.067256 0.035463 -0.134511 -0.098851 -0.289737 0.017863 -0.025745 0.200980 0.005646 0.003007
0.100687 -0.044313 0.047361 -0.083775 0.012602 0.010587 -0.137265 -0.172138 -0.044870 0.436310
0.082398 -0.143689 -1.064029 -0.126121 -0.075908 0.306256 -0.137002 -0.110388 -0.035922 -0.099376
-0.132545 -0.320939 -0.112289 -0.126449 -0.029859 -0.016347 0.050311 0.125924 0.140149 0.023992
-0.287115 -0.043034 -0.002050 0.001156 0.035037 -0.075712 0.117796 -0.283706 -0.003919 -0.051359
-0.028498 0.197834 -0.118910 0.120746 0.092165 -0.305731 -0.009489 -0.072303 0.734699 -0.014151
0.003757 -0.203471 -0.137789 -0.001203 0.052965 0.099441 -0.052015 -0.176989 -0.024975 -0.218810
0.141460 0.077941 -0.012102 -0.020616 -0.021648 -0.057980 -0.120352 -0.089805 0.101539 0.199538
0.137396 -0.026057 0.004564 -0.032038 -0.018256 -0.213566 -0.057718 -0.013446 -0.011881 -0.008833
0.001160 0.000829 0.023484 -0.050114 -0.264434 -0.012914 -0.151161 0.053588 -0.159683 -0.028777
-0.006330 0.042576 0.072762 -0.203865 0.048016 0.079120 0.168860 0.088625 -0.017764 -0.057062
0.012701 0.019944 0.390686 0.019633 -0.148539 -0.316744 -0.111568 0.087511 -0.015192 0.124416
0.083971 -0.003349 0.258141 -0.037921 0.063224 0.086134 -0.026548 -0.212780 -0.090395 -0.134184
0.097606 -0.183282 0.074466 0.002305 0.169778 0.100687 0.088494 0.008571 0.157848 -0.139231
0.092231 -0.126514 0.263779 -0.044214 -0.095246 -0.309402 -0.174235 -0.117140 0.241098 0.064011
-0.032432 0.010488 -0.018289 -0.020632 -0.104489 -0.110913 -0.030531 -0.015560 -0.113994 -0.018879
0.054604 0.099048 -0.055719 -0.019829 0.091575 0.039560 -0.044477 0.015904 -0.040740 0.096426
-0.052179 -0.132086 -0.275840 -0.038708 -0.064076 -0.021878 -0.050212 -0.053326 -0.174498 -0.069747
0.024221 0.044673 0.045853 -0.185379 -0.161387 0.250013 -0.148015 0.037692 -0.009243 -0.061225
-0.150899 -0.118124 -0.031530 -0.172400 -0.070337 -0.096033 -0.027597 -0.106455 -0.029449 0.022894
-0.056767 0.064371 -0.121467 -0.057489 -0.029056 0.133463 0.018928 -0.061356 0.037528 -0.118976
0.158634 0.379673 -0.342178 -0.110323 -0.021517 0.270858 0.008350 -0.070074 0.062241 0.047787
0.390424 -0.060340 -0.090985 -0.084627 -0.016445 0.057161 0.004330 0.057521 0.128546 -0.004384
0.041363 0.038413 0.051032 0.003255 0.001330 -0.136085 -0.034414 -0.084889 -0.239525 -0.101015
-0.202554 0.150637 -0.223268 0.059816 -0.055358 0.086921 0.039593 -0.428968 -0.237427 -0.194950
0.248571 0.148146 -0.078137 -0.043002 -0.077678 -0.156406 -0.343489 -0.171089 -0.099704 -0.101277
-0.026499 -0.080563 -0.036774 -0.060111 0.034316 -0.133397 -0.074139 0.059586 -0.057357 -0.123433
0.100490 -0.048639 0.097672 0.133463 -0.068698 0.218810 0.001927 0.385966 0.207142 -0.004949
0.038020 -0.040970 -0.013725 0.050507 -0.160470 0.045165 0.015822 -0.072696 0.023766 0.022418
0.033304 -0.044909 -0.001791 -0.053064 -0.030125 0.000141 -0.047208 -0.029478 -0.023891 -0.039556
-0.010652 0.036699 -0.025329 -0.040705 -0.048034 -0.005232 0.003162 -0.009521 0.019059 -0.016589
0.022526 -0.020856 0.000833 0.000630 -0.022921 -0.007450 -0.071171 -0.017353 -0.043220 -0.114032
0.046058 -0.027790 -0.005838 0.008600 -0.010275 -0.005452 -0.036107 -0.028993 0.018916 -0.079471
-0.015556 -0.014056 -0.041460 -0.029891 -0.084716 -0.028490 0.014209 -0.285117 0.035316 -0.017712
-0.153911 -0.009112 0.000758 -0.017604 0.013042 -0.015188 0.083854 -0.056837 -0.048789 0.004509
-0.066573 0.015071 -0.006871 -0.028005 0.012188 -0.028562 -0.044262 -0.004219 -0.000712 -0.026891
-0.036161 -0.021664 0.004230 -0.042214 -0.025149 0.011847 -0.035191 -0.031274 -0.015089 0.002385
-0.062872 -0.049579 0.093626 -0.051160 -0.047496 0.010832 -0.006880 -0.022329 0.005299 -0.027430
0.004679 0.009476 -0.091901 0.028364 -0.002165 -0.054286 -0.018035 0.001472 -0.014559 -0.002073
0.016284 -0.006781 0.016580 0.007881 0.028185 0.011227 -0.002349 -0.025688 -0.006911 -0.003799
-0.050406 -0.013598 0.008614 -0.018161 -0.007118 0.010554 -0.009485 -0.004129 -0.036394 0.014820
-0.019760 -0.005596 -0.000613 -0.025364 0.011946 -0.010347 0.004989 0.012278 -0.015853 -0.022041
0.005897 -0.003842 -0.002195 -0.015296 0.077674 0.030574 -0.035550 0.015628 0.067651 -0.007859
0.099230 0.057950 0.008937 -0.008784 0.003617 0.031634 0.050477 -0.035550 -0.015700 0.021197
-0.021808 -0.004891 -0.013509 -0.018044 -0.001549 0.001251 -0.034526 -0.009395 -0.002966 -0.023029
0.010033 0.002396 0.000158 -0.005196 0.018251 -0.011066 0.011497 0.007257 0.007783 0.000020
-0.027825 -0.006732 0.040130 -0.018916 -0.041927 0.007464 -0.013589 -0.033538 0.024448 -0.013356
0.041783 0.029999 0.039699 0.012880 -0.000071 -0.014730 0.005780 0.011910 -0.011613 0.029909
0.088380 -0.025239 0.000764 -0.011937 -0.006099 0.016841 0.043831 0.005438 -0.016787 0.008290
0.283249 -0.171444 0.009781 0.086009 -0.073147 0.003413 0.018628 0.003094 0.047675 0.057914
-0.037939 0.038011 0.022059 -0.003094 0.041999 0.058561 0.008133 -0.001899 0.179923 0.012718
0.022472 0.075447 0.019652 -0.017865 0.000294 -0.000078 0.028167 0.035442 -0.043184 -0.000812
0.024466 -0.022095 -0.036897 -0.017972 -0.021880 0.019059 -0.143996 0.021718 0.006889 -0.061184
0.006691 -0.030897 -0.004361 0.014631 0.007536 0.068046 0.012260 -0.024915 -0.040813 0.010679
-0.005403 -0.005870 -0.001710 0.009548 -0.027556 0.009628 -0.009673 -0.054573 0.007495 0.010607
0.000625 0.008313 0.005865 -0.020173 -0.036232 -0.017981 -0.016634 0.054070 -0.011560 -0.030035
0.033215 -0.035226 -0.010958 0.032891 0.003265 0.004922 0.011775 -0.001979 0.019832 0.034598
-0.001129 0.054142 0.039520 0.015718 0.023371 0.063699 -0.029568 -0.052489 0.010167 -0.054932
-0.025382 -0.038586 -0.042502 -0.016688 -0.022652 0.016984 0.033520 0.010554 -0.019221 -0.024323
0.013095 -0.001464 -0.030394 0.029281 -0.020460 -0.035208 -0.026963 0.023496 0.033700 -0.018574
0.028364 -0.035137 -0.065746 0.019993 -0.024269 -0.063806 -0.020838 -0.018332 -0.064884 -0.030107
-0.006795 -0.022724 -0.012916 0.000348 -0.006552 0.002236 0.004019 -0.000333 0.056046 0.018395
0.030089 -0.020335 0.036933 0.003555 -0.030502 -0.006880 0.067579 -0.010419 0.021179 0.022939
-0.007904 -0.032873 -0.034113 0.012323 0.001452 -0.034436 -0.012790 -0.014559 0.008052 0.005416
0.033538 -0.010446 0.023299 -0.006435 0.002351 0.002116 0.013419 -0.020981 0.031239 0.012772
0.003954 0.065100 0.005142 -0.049364 -0.005151 -0.051663 -0.058166 0.012305 0.031993 0.022903
-0.013383 0.017371 -0.001037 0.001498 -0.014847 -0.007702 0.010859 0.009494 -0.029514 -0.040310
0.084500 -0.031706 0.019203 0.014937 -0.002342 0.003467 -0.001448 -0.014434 -0.031634 0.010149
-0.015467 0.015592 -0.006557 0.001325 -0.001028 0.014748 0.025185 -0.020281 -0.035604 0.013428
-0.016410 0.010895 -0.029819 -0.016553 0.005178 -0.010033 0.002508 -0.021915 -0.005901 0.017353
0.022400 0.020622 0.006135 -0.023424 -0.006274 -0.015107 0.024017 -0.010787 -0.037149 0.015682
-0.014775 -0.004662 -0.011604 -0.001575 -0.024790 0.011003 -0.021610 -0.037652 -0.021520 0.015601
0.051519 0.002508 -0.012655 0.080836 0.059423 0.008896 0.033538 0.034436 0.032730 0.009772
0.002755 -0.007419 0.018098 -0.014128 -0.001061 -0.004814 -0.041855 -0.029119 0.005470 -0.026388
-0.000209 0.025185 -0.011739 -0.011685 -0.015503 -0.049472 -0.041424 -0.002382 -0.029424 -0.016814
-0.002430 -0.000564 -0.020622 0.000118 -0.039376 -0.010778 -0.000611 0.010607 0.015485 0.018952
0.037005 0.040849 0.022975 0.010239 0.015691 0.037903 0.014685 0.011766 0.037580 -0.004751
0.005950 0.011048 -0.012125 -0.027287 -0.012359 -0.011353 -0.009646 -0.031364 0.045160 -0.002735
-0.019167 0.035011 -0.014290 0.035280 -0.002591 -0.004069 0.033861 0.135086 -0.089889 0.035011
0.079974 -0.022347 0.028472 0.031939 0.025796 -0.042681 0.072285 0.007127 -0.048430 0.040562
0.019454 0.001173 0.013895 -0.007630 0.008986 0.014631 -0.000738 0.010518 -0.029837 -0.000879
-0.009296 -0.004275 -0.009557 -0.030376 0.078105 -0.008034 -0.024592 -0.034131 -0.025724 0.023119
-0.005488 -0.051519 -0.000596 -0.091039 -0.059711 0.002690 -0.006655 -0.007468 0.014434 0.062513
0.011838 0.014003 0.052669 -0.035191 0.016473 0.037436 -0.004583 0.028472 -0.007419 -0.040993
0.007823 0.008667 -0.051591 0.011802 -0.025077 -0.037939 -0.015035 0.013113 -0.007226 -0.025472
0.032747 0.002508 -0.019544 0.014074 0.009610 -0.031310 -0.041496 0.006364 -0.020047 -0.115038
0.025706 -0.059459 -0.039735 -0.023155 0.014856 0.064768 0.035946 0.043960 0.031226 -0.022856
-0.051055 -0.014411 -0.032740 -0.133098 -0.306327 -0.198994 0.069280 0.210036 0.183440 -0.003050
-0.058089 -0.022292 0.077294 0.303953 0.148177 0.058475 -0.276407 -0.081331 0.004382 0.007001
-0.018240 0.026729 0.048442 -0.021654 -0.024117 0.108817 -0.003133 0.078007 -0.072486 0.045919
0.007480 -0.003840 -0.013550 0.051411 -0.026433 -0.026685 -0.016044 -0.047611 -0.015702 0.048828
0.115763 0.000453 0.022782 -0.106324 0.037133 0.027338 0.004816 0.023717 -0.074385 0.118316
0.000050 0.083587 -0.135235 -0.032206 0.017008 -0.002464 0.013402 -0.071061 -0.085843 -0.049274
-0.001867 -0.161712 -0.093501 -0.028881 0.004404 -0.004341 0.017379 0.004705 0.039508 0.002690
0.058772 0.026255 0.024192 0.003579 0.023568 -0.025987 -0.048472 -0.008051 0.000588 0.012281
-0.026522 0.015057 -0.036926 -0.015628 0.065540 0.047968 -0.042803 -0.016622 -0.064887 -0.028585
0.038083 -0.038380 -0.035649 -0.027887 0.052746 0.045296 0.011049 -0.151620 -0.057110 0.038172
-0.002905 -0.009602 0.023539 -0.110955 0.041853 0.002469 0.034076 0.023108 -0.011101 -0.008192
-0.000935 -0.007955 0.075869 0.015494 0.044020 0.068508 0.057704 -0.000962 -0.006527 -0.006649
-0.004979 0.074742 0.012022 0.017676 -0.025423 -0.022203 0.016355 -0.011821 0.001590 0.131317
0.013780 0.010463 -0.017261 0.017632 0.105018 -0.084121 -0.025676 -0.048739 0.012459 0.010968
-0.006282 -0.015910 -0.055626 -0.034135 -0.004245 0.033957 0.016237 -0.038083 -0.050847 -0.016192
-0.013825 0.035916 -0.009506 0.003130 0.016429 -0.001592 -0.022232 0.026997 0.010790 0.013009
-0.062037 -0.014567 0.019962 -0.005755 0.003664 0.012259 0.062334 -0.038113 -0.034462 -0.132979
-0.064234 -0.027857 0.013513 0.040042 -0.011702 -0.172873 -0.148533 -0.068449 -0.292555 -0.193889
0.011992 0.012296 -0.014456 0.031820 -0.076701 -0.015539 -0.020912 0.049541 -0.011257 0.037074
-0.015361 -0.030351 -0.066608 0.062512 -0.002684 0.022307 0.057704 0.022856 -0.015071 0.088752
0.000810 -0.017988 0.030870 0.037668 -0.078778 0.012237 0.030930 -0.013320 0.058475 -0.090117
-0.016340 -0.119800 0.094629 0.003822 0.089880 -0.049897 -0.050461 -0.018611 0.070705 -0.020377
-0.014025 0.012734 -0.011213 -0.068271 -0.057852 0.002944 0.005651 0.022811 0.115229 0.008423
-0.054587 0.062453 -0.019650 0.027679 -0.020437 0.010077 0.023449 0.014329 0.091245 0.065421
0.024800 -0.017557 -0.016355 0.023583 0.059217 0.033868 -0.039686 -0.048413 0.072901 -0.049570
0.050342 -0.011450 -0.015643 -0.079135 -0.039686 0.023939 -0.135829 -0.067914 -0.015969 -0.028199
-0.078956 -0.016756 -0.052717 -0.005391 0.024370 0.040398 -0.048680 0.023642 -0.022930 -0.025141
0.028599 0.014760 0.023064 -0.036243 -0.087802 -0.044465 0.019487 -0.048591 -0.006668 0.017023
0.006979 0.037786 0.012385 0.092254 -0.096410 0.006627 -0.057614 -0.047196 -0.007844 -0.073020
-0.003937 -0.008868 0.070645 0.071358 -0.009944 -0.008667 0.026195 -0.005658 0.045059 0.001239
0.046632 0.377329 0.168480 0.041586 -0.273795 -0.058535 0.026002 0.037430 -0.068983 -0.128705
-0.179285 -0.139272 -0.033512 0.028035 -0.005818 0.012734 -0.000355 0.001527 0.090236 0.318438
0.206474 -0.144496 -0.349308 -0.136897 -0.014203 -0.097894 -0.108580 0.033838 -0.058980 -0.052064
-0.065480 -0.014656 -0.076701 -0.013973 -0.072248 -0.066193 -0.026180 -0.112676 -0.058268 -0.047255
0.072248 -0.026729 0.031968 -0.034076 -0.006426 -0.093382 -0.053132 0.015346 0.007131 0.002753
-0.023360 0.007480 0.043842 -0.019398 0.024013 0.100506 0.130961 -0.039360 0.018478 -0.046810
0.002145 -0.020926 -0.018967 0.004259 -0.011480 0.006334 0.004133 -0.067202 -0.012712 -0.038588
-0.017795 -0.034046 -0.036124 -0.014181 -0.022158 -0.033007 -0.011643 -0.048353 -0.044079 -0.018685
-0.057644 0.015316 0.011420 0.012118 0.024444 -0.088633 -0.030989 0.023731 0.030841 0.025854
-0.019576 0.031553 -0.013624 -0.009892 0.049927 0.059128 0.034907 0.045177 0.048650 0.017097
0.085012 0.083706 0.030277 -0.011984 0.038885 0.012452 0.093204 0.058060 -0.049570 -0.034343
-0.053400 0.001513 0.090830 0.010708 0.013491 -0.049333 -0.023568 -0.152095 -0.102050 -0.159813
0.036926 -0.025186 -0.053340 -0.028881 -0.006330 0.014203 -0.110420 -0.335060 -0.176554 0.084003
0.006441 0.001120 0.037875 -0.020362 -0.056308 -0.027575 -0.006256 0.015940 -0.022529 0.027368
0.004645 -0.000323 -0.040873 -0.008512 -0.075988 0.079550 0.017231 0.019457 0.010203 -0.040962
0.019709 -0.022989 -0.024162 0.017008 0.007053 0.078244 -0.035560 0.031731 -0.042714 -0.021669
-0.052272 -0.033660 -0.011383 0.038855 0.065480 0.018863 -0.069695 0.059692 -0.024652 0.061919
0.009714 -0.003601 -0.005165 0.044109 -0.029119 -0.025394 -0.050461 0.004289 -0.008608 -0.018671
-0.041467 0.040695 0.008081 0.040962 0.001393 0.023346 -0.010203 -0.028095 -0.029475 -0.116772
-0.044317 0.147227 -0.011873 0.136185 -0.085190 -0.013684 0.016622 0.013810 -0.053637 0.002720
-0.050936 0.022470 -0.034046 -0.057763 -0.017958 0.018314 0.015494 0.009053 -0.011673 0.016904
0.014426 -0.028778 0.020912 0.013506 0.023227 0.027798 -0.035857 0.035619 0.033512 -0.023895
-0.007658 -0.066727 -0.015494 -0.037519 -0.033898 -0.093264 -0.002991 -0.078956 0.052628 -0.093442
-0.020763 -0.024948 -0.040102 -0.017825 -0.089286 -0.136897 -0.082697 -0.008237 -0.017127 0.002889
0.022069 0.029505 0.026670 0.012504 0.047671 -0.032295 -0.042120 -0.001057 -0.041319 -0.035441
-0.010612 -0.042239 0.007948 -0.025973 -0.037341 0.043723 -0.016786 0.024815 0.001676 0.030514
0.029624 0.047404 0.046424 -0.084062 0.010359 -0.000310 0.025290 -0.004894 -0.032740 -0.037341
0.012340 -0.008881 0.007413 -0.027444 -0.054703 -0.063130 0.009480 -0.050421 -0.023760 0.050605
-0.001078 -0.011949 0.051019 0.028549 0.052309 -0.021987 0.027766 -0.028065 0.000284 -0.008956
-0.012030 -0.034374 -0.076253 -0.042132 -0.092277 -0.352532 -0.146520 -0.009543 0.031795 -0.012905
0.019167 -0.017083 0.008380 0.008064 -0.007920 0.003580 -0.004826 -0.055025 -0.013756 -0.004754
-0.074872 -0.046645 0.004556 -0.041603 -0.009048 0.019765 0.013595 -0.000608 -0.020030 0.051756
-0.026085 -0.007143 0.011437 -0.008680 0.049086 0.036699 -0.019386 0.025556 -0.021204 -0.045333
-0.019811 0.006688 0.021239 -0.000028 -0.010343 -0.000098 0.002645 -0.010263 0.028871 -0.019455
-0.019236 0.002956 -0.054565 0.023921 -0.071648 -0.064005 0.036607 -0.073306 -0.073260 0.014217
-0.077358 0.012766 0.054611 -0.021366 -0.021331 -0.005813 -0.032923 0.021515 0.024336 -0.074825
0.012007 0.034512 -0.028641 0.023495 0.043284 -0.045287 -0.062807 0.019627 -0.020180 0.012709
0.038817 -0.000189 0.009578 -0.030644 -0.023219 0.015483 0.000408 -0.010234 -0.011218 -0.043652
-0.030851 -0.006130 0.034397 -0.000236 0.041488 -0.000594 0.039301 0.005816 -0.002345 0.000572
0.012421 -0.007868 0.001856 0.015333 0.026638 0.004564 -0.002930 0.000945 0.004291 -0.001354
-0.013503 0.004196 0.017889 0.018994 0.008093 -0.039439 -0.027190 -0.051434 -0.037182 -0.015771
-0.039945 -0.046898 0.113919 -0.041396 0.017555 0.031519 0.023541 -0.030483 -0.017820 -0.016830
-0.008421 0.001646 -0.021412 0.008219 -0.008432 0.000681 -0.002779 -0.019858 -0.009123 0.015978
0.017221 -0.003430 -0.002652 -0.007005 -0.008104 0.002659 -0.012835 -0.006170 -0.013330 -0.027651
-0.011103 -0.023495 0.017578 -0.022874 -0.025026 -0.029838 0.039439 0.007719 0.021619 -0.013480
-0.057696 -0.077404 -0.042662 -0.022240 -0.003839 -0.015506 -0.025809 -0.057696 0.056683 0.002792
-0.002630 -0.022977 -0.038011 0.015218 -0.017716 -0.055072 -0.000833 -0.030690 0.022471 0.028203
0.017406 -0.008179 -0.063360 -0.010781 0.025372 -0.000519 -0.039186 -0.015184 0.000680 -0.036768
-0.026108 -0.051526 0.010499 -0.015518 -0.027490 -0.011253 0.009060 0.014309 -0.012283 -0.022816
-0.029263 0.050789 0.003278 -0.017970 0.055072 0.007327 -0.003206 -0.015840 0.003413 0.030460
-0.003520 -0.007949 -0.016968 -0.018764 0.015978 0.003456 -0.013066 -0.020801 0.028273 0.017003
-0.018419 0.068793 0.013457 -0.041096 -0.046829 -0.044182 -0.002970 -0.011494 -0.026546 -0.043353
-0.039853 -0.022310 -0.016128 -0.031634 -0.027812 -0.021043 -0.047842 -0.031795 0.003085 -0.073168
-0.004982 -0.038771 0.042869 -0.029239 -0.024934 -0.015149 -0.030414 0.047244 0.071234 0.021596
-0.032969 -0.020744 -0.008162 -0.036998 -0.049638 0.007742 -0.052355 -0.061886 -0.008720 0.025303
0.046185 0.022033 -0.000390 -0.030045 -0.011880 -0.045770 -0.023449 -0.050973 0.021838 -0.005123
-0.038817 -0.037367 -0.012835 -0.079246 -0.027283 -0.092415 -0.071234 0.006026 0.011615 0.011184
0.002875 -0.005433 0.007828 -0.001904 0.063360 -0.013480 -0.030068 -0.088133 -0.031127 -0.169451
-0.463780 -0.262281 -0.131785 -0.212919 -0.193948 0.015161 0.019501 0.012789 0.004691 0.047428
0.020422 -0.035502 0.049776 -0.011891 0.012260 0.013538 0.004219 -0.043099 -0.037804 -0.039715
-0.051572 -0.031565 -0.114011 -0.020191 -0.034282 -0.061748 -0.021078 -0.027006 -0.029608 -0.055946
-0.061472 -0.038886 0.024313 0.007793 -0.006297 -0.018580 0.012812 0.039416 -0.007488 -0.000385
-0.043928 0.014585 -0.009238 -0.011362 0.001237 0.026707 0.015529 0.029239 -0.015276 -0.015000
0.000902 -0.023184 -0.008628 -0.017636 -0.055532 -0.048809 0.009445 -0.000445 0.017739 0.014562
0.011995 0.015380 0.021999 0.026085 0.013584 0.001009 0.043629 0.024336 0.009071 0.036929
0.034765 0.007649 0.013825 0.003131 -0.033706 -0.035709 -0.027835 -0.008835 -0.015633 -0.017728
0.016139 0.027006 0.000468 0.001204 0.012858 -0.004504 -0.012421 -0.027881 -0.032048 -0.002330
0.000928 -0.011725 0.008386 -0.013987 -0.030414 0.016266 0.104986 0.049039 0.005759 -0.003669
0.011506 -0.024727 -0.069484 -0.002678 -0.015172 -0.018994 -0.006366 -0.023714 -0.027490 -0.033614
-0.005828 0.011609 -0.022666 0.071464 0.146428 0.015368 0.040544 0.146151 0.064649 0.100658
0.218076 0.130404 0.055072 0.034995 0.032117 -0.061196 -0.078832 -0.065985 0.029078 0.027444
-0.038725 -0.004628 -0.022333 -0.023967 -0.000687 -0.008191 0.000053 0.009123 -0.049132 -0.008139
-0.022056 -0.015990 -0.024704 -0.007632 -0.005514 -0.017475 0.020491 0.005537 0.002779 -0.002662
-0.042225 -0.013561 -0.012168 -0.020191 -0.053644 -0.003816 -0.073582 -0.016370 -0.017567 -0.012363
-0.021757 0.006631 -0.019996 -0.018787 -0.035133 -0.001842 -0.046530 -0.017901 -0.034028 -0.004608
-0.016508 -0.002665 0.001722 0.011512 -0.022033 -0.016496 0.023668 0.022010 0.041741 0.008225
-0.013123 -0.016508 -0.000181 0.006798 0.001227 -0.012893 0.050927 -0.064649 -0.012870 -0.015840
-0.060827 0.038886 -0.017693 -0.025072 -0.018775 0.020502 -0.007891 -0.046737 0.036239 0.009773
0.037044 0.043882 -0.000194 -0.016116 -0.002406 -0.010280 -0.019420 -0.031058 -0.016554 -0.013503
0.008513 -0.002707 -0.027766 -0.018292 -0.011408 0.004950 0.041833 -0.000454 -0.046277 -0.007540
0.039232 -0.003879 0.045056 0.011972 0.013227 0.032233 -0.005713 0.029147 0.001489 0.006746
0.032555 0.069300 0.029746 0.057328 0.099276 0.033038 0.025878 0.062163 0.002999 -0.012997
-0.013181 0.003891 0.043146 0.039600 0.029677 0.005572 0.046254 0.060459 0.004996 -0.006170
-0.012214 0.021170 0.026546 0.020134 0.008939 0.014758 0.062531 0.012928 0.018200 0.009445
-0.046369 -0.025326 0.003851 0.003543 0.077312 0.053782 
