-0.007968 -0.019200 -0.011210 0.000450 -0.002661 -0.000106 -0.011157 -0.014697 0.003117 0.003203
0.000461 0.006313 0.014759 0.012246 0.018156 -0.004822 -0.006441 0.007879 -0.000706 -0.038684
-0.007910 -0.000210 -0.034154 -0.012228 -0.007490 -0.019094 -0.014228 -0.018439 -0.026208 0.016112
0.004663 -0.021288 0.038719 -0.007923 -0.022545 0.007304 0.002924 0.003269 0.002140 0.004311
-0.012095 -0.015006 0.004305 -0.012715 -0.013697 -0.013210 -0.000838 0.051673 0.000072 0.007937
0.165494 -0.007977 -0.005924 0.034543 0.006605 -0.007658 0.020510 0.015254 -0.009812 0.028792
-0.000606 0.002500 0.006720 -0.006158 -0.024031 -0.000486 0.010131 -0.008954 0.013635 0.000411
-0.015431 -0.010184 -0.005911 -0.006663 0.002953 -0.002067 -0.009149 0.003586 0.001557 0.000196
-0.002289 -0.005703 0.000001 -0.005818 0.007618 -0.009954 -0.004044 -0.004378 -0.023023 0.000292
-0.004236 -0.005464 0.006313 0.001085 -0.007861 0.007463 -0.000924 0.003999 0.003632 -0.008724
-0.003254 0.005030 -0.006915 -0.036348 -0.002727 -0.002557 -0.008954 -0.011803 -0.002884 -0.013573
0.008016 -0.010750 -0.018882 -0.006247 -0.001997 -0.002389 -0.024881 -0.004267 -0.009388 0.004906
0.015245 0.004641 0.037480 -0.002449 -0.001463 0.012724 -0.005822 -0.010998 -0.002577 0.000698
-0.007123 -0.021855 0.000265 -0.000123 -0.003796 -0.008760 -0.004008 0.018882 -0.000460 0.021678
0.012272 0.015219 0.004778 -0.012750 -0.003777 -0.003394 -0.003835 -0.003891 -0.005715 -0.004478
-0.001611 -0.005200 -0.000847 -0.000305 0.001895 0.001564 0.003734 0.003148 -0.000532 0.002462
0.001343 0.000772 0.001717 -0.000222 -0.002709 -0.002891 0.001793 0.001509 0.000421 0.001356
-0.001893 0.010169 0.021542 0.008346 -0.003907 -0.013352 -0.005002 -0.001175 -0.001081 0.000291
0.008128 0.005472 0.007187 0.002983 0.008618 0.001854 0.001570 0.004915 -0.000138 0.000076
-0.002505 -0.006074 0.001769 0.004379 0.005031 0.002388 0.000604 0.002353 -0.001026 0.005592
0.000521 -0.000088 0.003643 0.002862 0.001590 0.002534 -0.001387 -0.009897 -0.011777 -0.012000
-0.001135 -0.000935 0.002740 0.001287 0.003722 0.002418 0.002050 0.001329 0.001181 0.000177
-0.002559 -0.003870 0.000556 -0.002006 0.001490 0.018127 0.020272 0.010969 0.014045 0.029277
0.014070 -0.000721 0.003132 0.002026 0.000457 0.000219 0.001002 -0.001088 0.000876 0.001101
0.000534 0.000616 0.001011 -0.005431 -0.004470 -0.005996 -0.012989 -0.022614 -0.008478 0.001673
0.001614 -0.000139 -0.000412 -0.001992 0.000361 0.002959 -0.033088 0.001356 -0.000435 0.002913
-0.001797 -0.004627 -0.004429 -0.001170 0.000384 -0.004915 -0.003876 -0.001804 0.000535 -0.001514
0.001088 0.000242 -0.001421 -0.000003 -0.003484 0.000730 -0.001109 -0.002423 -0.000978 0.002239
-0.001313 0.000035 -0.001086 0.001007 0.000327 0.002379 0.003866 0.000847 -0.002415 -0.003688
-0.005703 0.000939 -0.001162 -0.006548 -0.003363 -0.006392 -0.001789 0.000220 -0.000823 -0.001429
0.001812 -0.001520 0.003667 0.000461 -0.000522 0.001498 -0.005447 0.000906 -0.000234 -0.005187
0.003875 0.004905 -0.002832 -0.000085 0.001436 -0.002765 0.007372 0.013443 -0.001078 0.012689
0.023279 -0.000757 0.009228 0.008821 0.007203 0.003558 0.005837 -0.000420 -0.000108 0.001797
0.003807 0.002788 0.005820 0.000071 0.012880 0.012350 0.003428 0.021787 0.028413 0.001368
0.010278 0.013374 -0.000732 -0.001777 -0.002999 -0.000590 0.002613 -0.004762 0.002678 0.000308
-0.008617 -0.000911 -0.006071 0.009428 0.001900 -0.010009 0.025603 -0.000508 -0.000666 0.008070
-0.000357 -0.002847 -0.007650 0.001684 -0.013348 -0.007732 -0.002174 -0.004315 -0.004649 -0.000541
-0.000528 -0.003387 -0.000339 0.000454 0.008075 -0.004714 -0.001625 0.004506 -0.002851 0.001975
0.000136 -0.000479 -0.009887 -0.001471 0.000959 -0.002489 0.001143 0.000890 0.001943 -0.001929
-0.000343 -0.004280 0.003079 0.003294 -0.002151 -0.003810 0.001861 -0.000007 0.002886 0.001316
-0.007997 0.002368 -0.000614 0.000336 -0.001887 -0.000260 -0.004085 -0.012654 0.003927 -0.010373
-0.013010 -0.003361 -0.005043 -0.013487 -0.000815 -0.001975 -0.003124 0.002110 0.001080 -0.003502
-0.003409 -0.005065 0.002114 0.000301 0.002179 -0.000692 0.003868 0.004683 -0.000388 0.003348
0.001495 0.000135 -0.034823 -0.035559 -0.016985 -0.032187 -0.038466 -0.028234 -0.014495 -0.049027
-0.008638 0.090768 0.028486 -0.021645 0.203239 0.026509 -0.021936 0.068173 0.011423 -0.016123
-0.027943 -0.016985 0.027478 -0.031160 0.012732 0.009292 -0.012228 -0.012247 0.018535 -0.023622
-0.064685 -0.011453 -0.002153 -0.069452 0.001806 -0.024707 -0.053639 -0.021801 0.010203 0.006070
-0.013332 0.015590 -0.008875 0.008425 0.015890 -0.030831 0.014388 0.004774 -0.019688 -0.027730
0.041121 0.012819 0.023293 0.024262 -0.010949 -0.007325 -0.027769 0.001767 0.007281 -0.004084
-0.005450 0.008396 0.009282 0.000980 -0.012935 0.021355 -0.039415 -0.005407 0.045539 -0.039803
0.029009 -0.004864 -0.030346 -0.017673 -0.086737 -0.039318 0.009021 -0.120920 -0.195023 -0.002803
-0.070537 0.009321 -0.030870 -0.031877 -0.004174 -0.017431 -0.029959 -0.008178 0.012373 -0.009922
-0.028079 0.010222 0.011985 -0.025579 -0.010086 0.024417 -0.066080 -0.006991 0.028273 -0.026471
0.006831 0.007306 -0.008933 -0.015648 -0.013788 -0.044182 -0.003745 -0.009738 -0.020502 -0.027033
-0.042942 -0.055538 -0.007432 -0.019010 -0.025715 -0.012596 -0.004612 -0.007630 -0.020657 0.028525
-0.033117 -0.007281 0.087745 -0.054840 0.027265 0.036044 -0.055461 -0.005024 -0.004627 -0.011666
-0.008594 0.005954 -0.011830 -0.008328 -0.004716 -0.006177 0.001260 0.014262 -0.009999 0.000930
0.002648 0.022750 0.003275 -0.011801 0.012373 0.006584 -0.001599 -0.000935 0.000828 0.006326
0.007470 0.005457 -0.001903 -0.006191 -0.002793 0.001829 0.001590 0.001574 0.000816 -0.000796
0.002776 -0.006279 -0.003308 0.000025 -0.000204 0.001831 0.002547 -0.005766 0.002621 0.006102
0.002889 0.004201 -0.002327 -0.002136 -0.017534 0.000033 -0.011414 -0.024197 -0.010666 0.005480
0.014138 0.006615 -0.009876 -0.010624 -0.011527 -0.010801 -0.011131 -0.014480 -0.008213 -0.006863
-0.007712 -0.002103 0.005746 0.007665 -0.006197 0.000125 0.010613 0.000673 -0.003608 -0.011922
-0.006261 -0.012464 -0.003900 0.002995 0.007783 -0.003832 0.004519 0.006014 0.004460 0.000539
-0.006297 0.002024 0.007977 0.006580 0.002846 0.005407 0.011444 0.007718 -0.002963 0.000254
-0.000698 -0.007069 -0.007576 0.004384 0.003275 0.003199 0.001205 0.003924 0.004260 0.004734
-0.020872 -0.043818 -0.015129 -0.011585 -0.011910 -0.011916 -0.001652 -0.000092 -0.002357 0.001651
-0.004012 -0.006297 -0.005480 0.005215 0.004204 0.000628 0.003788 -0.000289 0.007629 0.002193
0.004048 0.007063 0.024621 0.002472 -0.002380 -0.010117 -0.000992 -0.003051 0.000460 0.001701
-0.001066 -0.016202 -0.002485 0.012322 0.007877 0.003726 0.005144 -0.005536 -0.006226 -0.001707
0.003673 0.004967 -0.001157 0.001722 -0.001312 0.004590 0.012405 -0.001420 -0.005141 -0.034361
0.002699 -0.000133 0.005952 0.001965 0.000825 0.007812 0.001441 0.001523 0.001285 -0.000021
-0.032235 -0.020483 -0.035935 -0.018226 -0.001762 0.014009 -0.029843 -0.282544 -0.020273 0.014810
0.008416 0.005583 0.018424 -0.010636 -0.009742 0.010457 -0.011216 -0.005614 0.020236 0.019792
-0.005321 -0.022394 0.019632 0.013725 0.008614 0.037784 -0.012282 -0.012067 0.023295 -0.011129
-0.042643 -0.063878 -0.032186 0.000393 -0.009650 -0.018843 0.032827 0.008268 0.017104 0.032580
-0.005031 -0.015279 0.033838 0.021346 0.015933 -0.015069 0.017721 0.021161 -0.015390 0.030311
0.038179 -0.011493 0.005586 0.025847 -0.044320 -0.024084 -0.052780 -0.072510 -0.161200 -0.081981
0.073793 0.152617 0.045775 -0.031816 -0.009286 -0.029473 -0.037686 -0.036157 -0.052681 -0.003592
-0.015785 -0.027524 -0.029522 -0.023924 -0.030065 -0.025379 -0.024552 -0.015550 -0.019509 -0.033394
-0.008404 -0.006505 0.027130 0.000929 -0.039955 0.004365 -0.038648 -0.010137 -0.009514 0.004387
0.001135 0.000032 0.004418 0.003330 -0.023603 -0.034109 0.014736 -0.002027 -0.001689 -0.006801
-0.002434 -0.030188 -0.012196 -0.067380 -0.025601 -0.028486 -0.008429 -0.028511 -0.020002 0.015637
-0.016734 -0.012430 -0.104474 -0.000481 -0.064865 -0.031101 -0.057268 0.007048 0.023073 0.012036
0.013392 0.010975 -0.006998 0.005790 0.005605 -0.004584 -0.014724 -0.001987 0.002540 -0.023813
-0.046121 -0.015464 0.002517 0.085582 0.029325 -0.015920 -0.012714 -0.023936 0.039831 0.066295
0.009724 0.057071 0.155774 0.028215 0.001189 -0.003231 -0.000381 0.005658 0.000109 -0.004060
-0.000533 -0.008901 0.001867 0.001661 -0.002568 -0.008546 0.001726 -0.009235 -0.014349 0.003142
-0.005766 -0.009616 -0.001444 0.000836 0.003093 -0.007260 0.015412 -0.004303 -0.002440 0.002765
-0.000763 -0.008966 -0.025573 0.001756 -0.026466 -0.033581 0.004726 -0.006465 -0.013147 -0.000396
-0.004608 -0.004388 -0.006879 -0.007529 -0.015189 -0.007778 -0.006351 -0.012051 -0.003505 0.004598
0.002649 0.002135 0.010660 0.009557 0.012320 0.008461 0.003272 0.005835 -0.003728 0.001050
0.003146 0.001177 0.001882 0.000819 0.006938 0.009931 -0.007168 0.002967 -0.007673 0.000088
0.008507 -0.013403 0.005743 0.004043 0.000253 -0.000944 0.000008 0.009734 0.003581 -0.007732
0.018773 0.007345 0.000130 0.009852 0.002360 0.008914 0.009360 -0.006488 -0.004204 -0.000494
-0.002509 -0.001326 -0.009354 -0.000829 0.000784 -0.009078 -0.005087 0.001542 -0.049492 -0.008559
-0.002475 -0.018340 -0.002950 0.004066 -0.000402 -0.001042 0.001634 -0.007476 0.001504 0.009249
0.002486 -0.003052 -0.004549 -0.002660 0.001019 0.003177 -0.004224 0.003951 -0.002184 0.002611
-0.002448 0.009984 -0.005822 -0.004477 0.021779 -0.031795 0.002018 0.009846 -0.013824 -0.003348
0.000178 -0.001698 0.000125 0.005254 0.003108 -0.001070 -0.004703 -0.004982 0.000854 -0.002402
-0.000261 -0.000341 -0.002460 0.010968 -0.001572 0.001197 0.004641 -0.001771 -0.001328 -0.004859
-0.001233 -0.002612 -0.002640 0.000887 0.004559 -0.004615 -0.002657 0.012510 0.014543 0.001112
0.022546 0.030436 0.002333 0.008916 0.014956 0.005978 -0.001655 0.001913 -0.002942 -0.004428
-0.006250 0.002011 -0.000348 -0.002949 -0.000043 0.018432 -0.000770 -0.003767 0.032085 0.001450
-0.003690 0.016445 0.002125 -0.001297 0.008452 0.004079 0.002450 0.004845 0.003870 -0.001928
0.006574 0.006208 -0.002247 -0.003069 0.003027 0.000584 -0.001041 0.009043 0.004585 -0.003486
0.001245 0.000032 0.000418 -0.006686 -0.003516 -0.000930 -0.003734 -0.001215 -0.004962 -0.000767
0.002289 0.003006 -0.003097 0.000614 0.005590 0.000545 0.001723 0.002166 -0.000573 0.000693
-0.012650 -0.011957 0.001712 -0.014431 -0.040669 0.003954 -0.009596 -0.021346 0.000119 0.003477
-0.001277 0.000265 0.011001 -0.005660 -0.000665 0.002914 -0.008377 -0.002544 0.006677 -0.000496
-0.002113 0.008677 0.006583 -0.005468 0.007468 0.002928 -0.003118 0.001541 0.001300 -0.000528
0.002278 -0.002415 -0.004275 -0.001490 0.002523 0.000560 0.001057 -0.000060 -0.000957 0.002256
-0.004995 -0.000618 0.000881 -0.000972 -0.002381 0.005332 0.000645 0.000156 0.008504 0.003441
-0.003479 0.003990 0.003085 -0.003765 0.000716 -0.002462 0.000357 -0.004624 0.003650 -0.000154
0.001116 -0.006128 0.002241 0.003085 -0.003523 -0.001770 0.001585 -0.002317 0.000299 0.002043
-0.000881 0.000094 0.000873 0.001316 -0.001264 0.006509 0.012651 0.008896 0.005864 -0.001304
0.002748 -0.004053 -0.002356 -0.000031 0.004709 0.001929 -0.001042 0.002159 0.002115 0.001946
0.005841 -0.000187 -0.005597 -0.003853 0.001246 0.009502 -0.001770 0.001165 -0.001547 0.004364
0.014642 0.004829 -0.005338 -0.017635 -0.006937 0.000108 -0.012695 -0.001373 -0.007488 -0.009419
-0.002732 -0.006999 -0.007683 -0.005012 -0.008495 -0.015989 -0.011961 0.001313 -0.001918 -0.007115
0.006409 0.010670 0.015777 -0.000095 0.002079 0.011449 -0.008890 -0.011154 -0.005296 -0.017591
-0.042792 -0.015054 0.002143 0.008846 0.000701 -0.008901 -0.011449 -0.006726 -0.010782 -0.025502
-0.009741 -0.000089 -0.009480 -0.001552 0.003199 0.001757 -0.001313 -0.002138 -0.002224 -0.001373
-0.004028 0.001337 0.008684 0.006859 0.008762 0.000864 0.001647 0.002054 0.003054 -0.009691
-0.015800 -0.004178 -0.003202 -0.001932 -0.000330 0.003680 -0.003853 -0.008584 -0.001466 -0.003182
-0.011916 -0.002254 -0.000999 -0.000833 0.000166 -0.012996 -0.003010 0.010036 0.013708 0.004740
-0.003875 -0.003875 0.000512 0.003839 -0.036851 0.004590 -0.005953 0.007861 -0.002719 -0.004751
-0.001940 0.003305 0.010770 0.000890 -0.002670 0.006142 -0.002260 -0.005118 -0.002437 -0.001040
-0.002038 0.004974 -0.004008 0.001707 0.000383 0.003516 0.004957 -0.009635 -0.012940 -0.008356
-0.010114 -0.011928 -0.006153 -0.000233 0.000805 -0.005369 -0.026507 -0.030389 -0.051799 0.004416
-0.005539 -0.027390 -0.044035 -0.101167 -0.033036 0.074111 0.021645 0.004081 0.054191 -0.021429
-0.027135 0.036702 0.001810 0.017685 -0.004252 -0.024076 -0.012411 -0.006377 0.026801 0.001696
0.020880 0.048741 -0.057210 -0.010068 -0.169553 0.001089 -0.022978 -0.095364 -0.034742 -0.006122
-0.024958 0.032820 0.079600 -0.002105 -0.027037 0.047133 -0.043682 -0.067170 0.092776 0.029605
0.006298 0.000076 0.039937 0.116852 -0.026566 0.002737 0.114499 -0.001292 0.010705 0.026586
-0.032781 -0.109794 -0.013538 -0.062975 0.000738 -0.032703 0.075679 0.105167 0.057053 0.040937
-0.035644 -0.006132 -0.009352 -0.088776 -0.069954 0.031330 0.022233 0.013411 0.022233 -0.032232
-0.004963 -0.027135 -0.061210 0.010872 -0.024253 -0.003291 -0.033017 -0.008176 0.251898 0.057289
-0.076934 -0.118656 -0.026899 -0.044466 -0.029429 -0.020116 -0.033252 -0.010440 -0.027429 -0.019224
-0.039683 -0.068386 0.011391 0.070621 0.068739 0.042976 0.006941 -0.014842 -0.000528 -0.349771
-0.029311 0.016979 0.091678 -0.014116 0.007931 -0.107284 0.006357 -0.023684 0.127125 0.006161
-0.013675 -0.180375 0.017538 0.068150 0.133242 0.025743 0.042780 -0.023978 -0.053760 0.012891
0.026488 0.018567 0.003593 0.050897 0.009842 0.010450 0.087364 -0.045211 -0.046545 -0.186963
-0.028095 -0.028448 -0.043290 -0.007906 0.045878 0.104382 0.064151 0.050074 0.093638 0.082894
-0.003533 -0.003604 -0.003075 -0.006464 -0.000135 -0.007405 -0.015032 -0.029477 -0.016640 0.004087
-0.000599 -0.000489 0.001844 0.003207 0.000030 -0.001668 -0.000103 -0.000142 -0.003422 0.003204
-0.003662 -0.001080 0.003806 0.002799 -0.003894 -0.001631 -0.001949 0.000657 -0.002439 0.003508
-0.003065 -0.003882 -0.005665 0.002061 0.005108 0.005867 0.003642 0.002911 -0.005113 0.002559
0.005958 0.000616 0.009842 0.012351 0.009630 0.000711 0.000356 -0.003270 -0.003062 -0.003234
0.002066 -0.006671 -0.008163 -0.007627 -0.003538 -0.004694 -0.002110 0.012816 0.026725 0.013049
0.009741 0.021748 0.009610 -0.001936 -0.000595 -0.002539 0.000696 -0.001294 -0.003851 0.010905
0.026725 0.010965 -0.001526 0.002234 -0.000486 -0.002415 -0.009069 0.000455 -0.001798 0.002615
-0.000867 0.000074 0.004977 0.001397 -0.000609 0.001030 0.002107 -0.000828 0.011026 -0.002260
-0.001697 -0.002622 -0.002227 0.003229 0.003500 0.002241 0.003882 0.002693 0.001797 -0.000605
-0.000305 -0.000832 -0.002036 -0.006990 -0.003738 -0.003389 0.003123 -0.007217 -0.001242 -0.000118
0.003591 -0.000490 -0.006858 -0.001591 -0.000695 -0.009868 -0.002012 0.000710 0.001090 -0.000543
-0.000934 -0.003460 -0.004838 -0.003035 0.001116 -0.002845 0.001001 0.001406 -0.001966 0.005048
0.011582 0.001453 -0.014465 -0.041008 -0.004977 0.004790 0.007587 0.004398 0.012159 0.038844
0.013029 0.007384 0.022618 0.007698 -0.002588 -0.012207 -0.013280 0.033892 -0.001994 -0.026451
0.008782 -0.065382 -0.018792 0.019083 0.005976 0.002904 0.052102 -0.021576 0.048464 0.000230
0.004830 0.002788 -0.017037 0.013853 -0.050392 -0.036111 -0.192545 -0.042315 -0.008887 0.021266
-0.008082 -0.042970 -0.035984 0.009751 -0.042424 -0.044716 0.069203 -0.020357 -0.009405 0.003966
0.063890 0.019811 0.008118 0.012798 -0.025633 -0.321344 0.045298 0.007572 0.063381 0.016091
0.027343 0.061998 0.003932 0.034492 0.264003 -0.006727 0.004998 0.067529 0.016873 -0.062362
0.044898 -0.001494 -0.038967 0.076407 0.056541 0.041332 0.041514 -0.001737 -0.110608 0.046244
0.021066 -0.141461 0.134184 0.040714 0.020266 0.103476 0.016837 0.001575 -0.022613 0.019320
-0.043843 -0.021940 0.017000 0.007259 -0.015472 0.032327 0.028652 0.015572 0.032873 -0.034929
0.041260 -0.025560 -0.020175 0.029435 -0.007591 -0.005153 0.002581 -0.006090 -0.098674 0.003829
0.014290 -0.009969 0.019975 0.003629 0.001733 -0.017837 0.015136 -0.054321 0.042533 0.031691
-0.014972 -0.018956 -0.000885 -0.057305 -0.012753 -0.010633 -0.017146 0.010742 -0.010106 -0.031236
-0.019138 0.039368 0.022285 0.022012 0.067238 -0.028543 0.052211 0.033746 -0.014435 -0.013189
0.018938 0.021248 -0.020739 0.035947 0.065746 0.012825 0.022140 -0.041005 0.018556 -0.031800
0.028889 -0.046535 -0.005207 0.010806 0.031927 0.038494 0.038422 0.036639 -0.013071 -0.008884
-0.012316 -0.000403 0.000678 -0.005770 -0.007897 -0.013793 -0.000306 -0.001204 0.005981 0.004051
0.008387 0.005743 -0.008217 0.005072 0.002407 -0.000477 0.006406 -0.004163 -0.017633 -0.018640
-0.000900 0.007271 0.000380 0.003870 0.008054 0.025271 0.063777 0.026823 -0.005909 -0.039677
-0.012765 -0.005000 -0.020083 -0.002580 0.008415 0.002817 0.001626 0.005562 0.010362 0.007959
0.000039 0.007870 -0.004915 -0.004766 -0.014338 -0.004309 -0.002088 0.002168 0.018708 -0.010021
0.002672 0.020519 0.011104 0.031643 0.014242 -0.004868 -0.018518 0.004946 0.011267 0.019403
0.010103 0.000007 -0.005160 0.002070 -0.021704 -0.036518 -0.015495 0.009136 -0.003632 0.008714
0.016067 0.013704 0.008299 -0.006260 -0.008204 -0.006243 -0.007959 -0.009518 0.008108 0.006856
0.009007 -0.007148 0.042264 0.081314 0.041583 0.002083 -0.004680 0.008176 -0.007142 -0.019607
-0.011914 0.005463 0.007686 0.000213 0.005491 -0.005783 -0.014419 0.004524 0.002977 0.004759
-0.030146 -0.036491 -0.020860 0.017265 0.017782 0.014760 0.006430 0.002507 0.001149 0.003457
-0.023052 -0.001645 -0.003458 0.024563 -0.002036 -0.002519 0.001857 0.011083 0.010416 0.000508
-0.011900 0.012615 0.004102 -0.011505 -0.010300 -0.004915 -0.004435 0.005246 0.000814 -0.002453
-0.000448 0.005889 0.004854 -0.004919 -0.021418 -0.011301 -0.002728 0.002521 0.006032 0.005351
0.003094 0.002063 -0.000853 0.000538 -0.006465 -0.013630 -0.013605 -0.012000 -0.003764 -0.008539
-0.009326 0.008077 0.011512 0.005372 0.003292 -0.005381 -0.011694 0.006934 0.005053 -0.005762
-0.002002 0.007002 -0.000978 0.000752 0.004694 0.001332 -0.001022 0.005906 -0.007146 -0.008558
-0.016553 -0.000956 -0.017653 -0.030383 -0.011850 -0.001252 0.002431 0.004388 0.024936 0.026685
0.006996 -0.004669 -0.013068 -0.013230 0.002895 -0.013967 -0.007721 -0.002146 0.021001 0.014005
-0.020264 -0.001766 0.011050 -0.002130 0.001570 0.006240 0.010301 0.007427 -0.001528 -0.008239
0.006128 -0.002791 -0.003654 0.016953 -0.007415 0.004585 0.006553 -0.001835 0.006119 0.004688
-0.000297 -0.005347 0.010251 -0.006890 -0.004913 0.005578 0.002625 -0.006403 -0.016204 -0.009751
-0.006996 -0.001919 -0.006852 0.040428 0.098646 0.044126 -0.013480 -0.001735 -0.003579 -0.008708
0.007521 -0.008814 0.008664 0.007296 0.005691 -0.005497 -0.004875 0.000189 0.000771 -0.000754
-0.000398 -0.009439 -0.013568 -0.015516 -0.025861 -0.100145 -0.032007 -0.004101 -0.003632 -0.005566
-0.004760 -0.012100 0.006540 -0.005990 -0.062816 -0.007858 -0.010251 -0.003664 -0.008820 0.008364
0.009507 0.000277 0.008414 0.006571 -0.003498 -0.004276 0.008239 -0.001371 0.010600 -0.001248
0.003917 -0.004794 -0.010363 -0.007552 -0.002007 -0.011094 0.006528 0.002934 0.014505 0.004320
-0.004882 0.010213 0.002741 0.009076 0.019977 0.005975 0.016560 -0.002433 0.019984 0.044994
0.012293 -0.006641 0.037807 -0.054148 -0.006259 -0.000066 0.005424 -0.019814 0.040089 0.089017
0.001112 0.010071 0.006313 0.011637 0.013865 -0.002243 0.002065 -0.051720 0.064201 -0.007473
-0.011922 0.018211 0.011406 0.061190 -0.073185 0.023638 0.090959 -0.150061 0.031348 0.010034
-0.055120 0.025544 0.004219 0.000028 -0.007564 -0.006914 0.015710 -0.125488 0.001648 0.027366
-0.029357 -0.020045 0.020907 0.019668 -0.052788 0.011145 0.050409 -0.031421 0.005919 0.060170
0.031032 -0.042809 0.004437 -0.003351 -0.026588 0.035646 -0.009907 0.043513 0.040259 0.037734
-0.047374 0.014241 0.019680 -0.024124 0.000271 0.008001 0.018794 0.050312 -0.009433 -0.015443
0.032756 -0.009027 -0.091833 0.064832 -0.005940 -0.031566 0.037637 0.025617 0.040550 0.010253
0.020652 -0.022145 -0.016597 0.021951 -0.028531 -0.001924 -0.007764 0.021538 -0.012250 0.024695
-0.276035 -0.060413 -0.021708 -0.001069 -0.028118 0.001771 0.001031 0.009494 0.040211 -0.066483
0.027851 0.046378 0.056868 -0.016293 0.054780 -0.060024 0.034262 0.038729 -0.030838 0.047009
0.007697 0.025496 -0.015613 0.032659 0.034747 -0.013622 0.073622 -0.170361 -0.026321 -0.002841
0.011503 -0.052303 -0.022886 -0.027803 -0.025714 0.025666 0.043440 -0.021732 0.008128 -0.018770
0.011862 -0.024075 0.034820 0.007661 -0.012293 -0.002584 0.007600 0.019195 0.009688 -0.026564
0.000791 -0.003846 -0.002585 -0.001090 -0.000088 0.003903 0.006075 -0.004177 -0.008284 0.002227
0.004142 0.000543 0.000066 0.003986 0.005169 -0.000411 -0.000724 0.001913 0.000403 -0.011142
-0.002715 -0.005689 -0.058163 0.009643 -0.002923 -0.000633 -0.004085 0.001990 -0.020242 0.004263
0.006276 -0.035561 -0.001719 -0.002318 -0.015357 0.004464 -0.006671 -0.005973 -0.010083 -0.003801
-0.009018 -0.049592 -0.001724 -0.009700 -0.016505 -0.008304 -0.010989 0.009675 -0.012723 -0.025204
0.024171 -0.003737 -0.010051 0.007047 0.003323 -0.005121 -0.001894 -0.000879 -0.005080 0.005000
-0.007500 0.006850 0.007060 0.002900 -0.009267 -0.014732 0.001323 -0.002109 -0.019630 -0.000558
-0.002014 0.002950 -0.001937 0.003830 -0.000398 0.000519 -0.002557 0.002218 0.000885 -0.006677
0.008176 -0.005255 0.005383 0.010453 0.001143 -0.010612 -0.001520 0.000401 -0.009522 -0.007997
-0.000063 -0.004554 -0.002940 -0.007022 0.004088 -0.010733 -0.003967 0.002903 -0.002946 0.002876
-0.001020 -0.000670 0.007538 -0.004589 -0.006728 -0.004917 0.011977 0.005070 0.000138 -0.004962
-0.003332 0.000592 -0.001996 0.000179 -0.000249 0.005395 -0.001197 0.001739 0.008705 0.002272
-0.006014 0.024222 -0.006971 -0.000396 0.008725 0.002964 -0.001194 0.002081 -0.001217 -0.003386
0.007991 -0.002683 0.005925 -0.003479 -0.001204 -0.005791 -0.002205 0.000661 -0.004681 -0.009267
0.006429 -0.001644 0.005293 -0.001907 
