0.627474 1.490236 1.559257 2.198863 0.586799 0.445296 -1.108578 1.079363 3.000900 1.761068
2.214249 2.622192 2.778311 2.409139 2.936148 2.536838 2.208760 0.069880 -1.042681 1.973497
1.690764 -0.833732 3.132020 2.064190 1.229231 1.919770 -6.430718 3.638466 3.313401 3.138178
1.845075 3.150836 0.104843 1.160535 2.166422 0.106702 -0.332271 5.284870 0.397554 2.175618
2.868747 0.322334 -0.020184 2.398893 2.237165 3.080381 1.054051 2.612288 0.929604 4.268601
3.034821 4.220712 2.778699 1.552835 0.744967 0.666416 1.547962 2.240717 0.675693 2.873634
1.175136 0.927605 1.734554 3.093208 1.738045 0.068136 0.967168 -1.908310 1.357172 3.770710
1.623287 1.736008 0.350002 8.459894 3.308067 2.588026 2.668871 -0.034813 1.813266 -0.120993
1.191595 1.925285 2.748122 -0.867288 1.860302 2.858415 2.735848 -0.388489 1.070346 1.261268
1.358610 3.786743 2.164035 0.486694 3.364001 2.648784 1.938610 0.509080 1.552615 2.431819
0.373934 -0.486950 0.182558 0.162321 1.217741 2.920101 2.830183 2.000071 2.419926 -0.441079
-0.031234 3.212738 2.026011 1.734783 1.284934 1.461661 2.052418 3.913891 1.402500 0.854406
3.101524 0.542012 2.613131 2.965442 1.272176 -0.227837 2.271045 1.589656 
