0.114217 0.245954 -0.159589 -0.061152 -0.069799 0.289754 -0.092598 -0.219898 0.220685 0.048629
0.308397 0.076706 -0.031334 0.133534 -0.140160 -0.040627 -0.036219 0.094002 0.122191 -0.035293
-0.038100 -0.002720 -0.163969 0.072438 -0.138138 -0.257409 0.124437 0.180141 -0.033945 -0.022574
0.121742 -0.016579 0.095462 -0.051549 -0.059130 0.116912 0.057333 -0.045007 -0.102032 0.150043
0.156220 0.012052 -0.163183 0.017534 0.119271 -0.096528 0.097708 0.080019 -0.058232 -0.174189
0.068845 -0.107366 0.063566 0.192608 0.125448 -0.267292 0.184746 -0.032008 -0.187105 0.058793
0.150605 0.134320 -0.108770 0.144428 0.014004 0.064911 -0.250717 0.309786 -0.174320 -0.090901
-0.076987 0.162900 -0.091295 0.021610 -0.092345 0.152005 -0.354942 -0.056444 0.149511 -0.166838
-0.131725 -0.094642 0.017245 0.348903 0.113019 0.112494 -0.226170 -0.034063 0.119911 0.388545
-0.226170 0.054114 0.422149 -0.165919 0.114398 -0.161588 0.121814 0.252030 0.090311 -0.040364
0.067667 -0.141110 -0.069046 -0.015563 0.108031 -0.061563 0.131265 -0.086373 -0.086963 0.043679
-0.184822 0.019214 0.194667 0.050833 -0.026368 0.076593 -0.138747 0.162113 0.029732 0.164607
-0.096677 -0.053195 0.225514 -0.058905 -0.081450 0.220395 -0.349691 -0.323963 -0.110330 0.075819
-0.024447 -0.045079 -0.085730 0.024009 0.003560 0.061260 0.068277 -0.117083 -0.005980 -0.097175
-0.141903 -0.079590 0.129800 -0.149270 0.013956 -0.002301 0.196279 0.104103 0.151550 0.051438
0.077924 0.001621 0.227677 0.083405 0.044860 -0.023219 0.157427 -0.050254 -0.070250 -0.217152
0.042075 -0.060076 -0.034204 0.058454 -0.011144 0.014011 -0.059726 -0.036484 0.024425 -0.034226
-0.081827 0.126906 0.082791 0.120679 0.085949 0.027034 0.025039 -0.022233 0.253987 0.089062
0.085510 0.304153 -0.032625 0.185053 0.011971 0.098753 0.146464 0.083668 0.133659 0.118136
-0.002933 -0.148481 0.023828 -0.288931 -0.182175 0.213642 -0.073143 -0.031305 -0.003970 0.071322
-0.055036 0.337823 0.175803 0.250701 -0.045414 -0.376052 0.171122 0.231197 -0.084391 0.098239
0.026835 0.305055 0.161109 0.130422 0.259674 0.047494 -0.115468 0.041903 0.031468 -0.337823
0.035401 -0.113973 0.090697 -0.007237 -0.009736 0.189717 -0.178274 0.258503 -0.094468 0.038457
0.137704 -0.179574 -0.298033 0.299593 -0.096744 0.191667 -0.041155 -0.152917 -0.187766 -0.090892
0.144595 0.300634 0.089267 0.003925 0.207921 -0.028201 0.070997 -0.062188 0.027583 -0.112152
-0.024235 0.075418 0.014295 -0.147326 -0.067161 0.002574 0.053027 0.016983 -0.150203 0.018409
-0.086234 0.035379 -0.048059 0.051127 -0.055824 0.066739 -0.097203 -0.012680 -0.095900 -0.016929
0.008050 -0.159761 -0.165951 -0.036465 -0.133261 -0.057453 0.196687 -0.256095 0.090795 -0.025509
-0.019509 -0.002686 -0.010786 -0.093293 0.186804 0.051778 -0.034401 -0.107901 -0.260005 0.166494
-0.119902 -0.018517 -0.168123 -0.040293 0.088352 -0.062395 0.034673 0.108607 0.017187 -0.009517
-0.092479 -0.228943 0.011831 0.228726 -0.127504 0.222861 0.234374 0.021653 0.069508 0.226988
-0.003611 -0.031740 -0.025075 0.025590 0.123595 -0.132066 0.010908 0.053869 -0.124355 -0.061743
-0.131330 0.008570 0.121105 0.110017 0.252066 -0.057103 0.089443 0.129729 0.196626 0.059936
-0.309477 -0.296418 -0.053653 0.124678 -0.066096 0.087718 -0.259704 -0.078540 -0.029075 -0.072996
-0.032001 -0.143650 0.009964 -0.111680 0.103056 -0.113528 0.114391 -0.052237 -0.041949 0.195640
0.032278 -0.106814 -0.062554 -0.036744 0.068006 0.110202 -0.072749 0.347668 -0.056487 0.122275
0.120859 0.198104 -0.014214 0.034927 0.065542 0.070100 0.076692 0.010834 -0.132932 -0.030230
-0.307752 -0.049742 0.005213 -0.099607 -0.091106 -0.010318 -0.061230 0.038715 0.113097 -0.210671
-0.135642 -0.092707 -0.077369 0.069669 0.116993 -0.038637 -0.083836 0.128022 0.030121 0.054134
0.027939 0.049387 0.005148 0.139610 0.031482 -0.115527 -0.109803 0.091514 0.081323 -0.030418
0.047781 -0.029336 -0.080485 0.119995 0.132211 -0.016116 -0.014423 -0.130675 -0.245015 0.181214
0.080555 -0.165159 0.015104 0.021971 0.150639 0.109664 -0.132001 -0.018114 -0.019528 -0.061079
-0.086768 -0.038183 0.053959 -0.108686 -0.092771 0.015340 0.032250 0.065163 -0.209973 0.131862
-0.092282 -0.064325 -0.004116 0.080415 -0.111409 -0.068339 -0.080415 -0.039056 -0.027782 0.014389
0.004838 -0.046909 0.194337 -0.233986 0.056123 -0.192382 0.038637 0.132420 0.191052 -0.120903
0.262832 -0.204103 0.152080 0.193408 -0.077128 0.143379 0.054152 0.147639 -0.044296 -0.130056
-0.010966 0.081387 0.176822 -0.211353 -0.262832 -0.020120 -0.033896 -0.027280 0.199208 0.131325
0.039176 0.341319 -0.333162 0.004095 -0.237818 0.082067 0.403492 0.051026 0.264101 -0.207184
-0.244343 0.181082 0.206459 -0.063850 -0.321561 -0.083880 -0.049621 -0.092127 -0.011289 -0.239086
0.237999 -0.222048 -0.079711 -0.181535 0.141929 0.222591 -0.334793 0.135041 0.168937 -0.060995
0.007993 0.063623 -0.139754 0.035596 -0.029070 0.183892 0.017866 0.148364 -0.159784 0.198483
-0.208815 0.090405 0.191256 0.001696 0.000804 -0.029164 0.390191 0.057368 -0.025918 0.000971
0.248669 0.043837 -0.104953 -0.299135 -0.121775 -0.022787 -0.021781 0.081915 -0.012948 0.024136
0.250315 -0.032638 0.087674 -0.015953 0.031198 0.079309 -0.046671 -0.006480 -0.124700 -0.056088
-0.236419 0.049505 -0.064453 0.129637 0.034009 -0.205335 0.047768 0.076978 -0.051928 0.196558
0.004851 0.064819 0.178365 -0.303888 -0.057139 0.063127 0.019690 -0.020479 -0.001470 0.024661
-0.109798 -0.172880 -0.413961 0.020399 -0.030741 0.180377 0.154778 0.014445 0.027175 0.166389
0.158252 -0.102119 -0.032295 0.026238 0.146093 -0.031244 -0.100594 0.074396 0.005171 0.069180
-0.101388 0.067705 0.049560 0.219220 0.034987 0.096398 -0.020244 -0.080237 -0.257439 -0.014502
-0.181908 -0.003177 -0.038162 -0.103316 0.041961 0.037765 0.005125 -0.076324 -0.151061 0.100197
0.200621 -0.078649 0.057754 -0.097532 0.128833 -0.112842 0.012036 -0.372436 -0.089196 0.209240
-0.237479 0.066968 -0.102465 0.099743 0.125317 -0.222055 -0.025205 0.106038 0.090444 0.005047
-0.016969 -0.159680 0.056251 0.156165 -0.027445 0.057499 0.095774 0.124183 0.054125 0.490382
0.127472 0.013964 -0.078649 0.126678 0.177032 -0.210374 -0.018968 0.078252 -0.050949 -0.006110
-0.011078 0.081067 0.153499 -0.178722 0.047805 0.064422 -0.025280 -0.112994 0.079703 -0.013790
-0.014870 0.015267 0.091974 -0.028447 -0.014195 0.156225 -0.095894 0.024698 0.008294 0.037096
0.078113 0.021176 -0.112482 0.081578 -0.090213 0.000123 -0.169178 0.010623 0.055020 -0.257914
-0.205536 -0.043402 0.024059 -0.134638 -0.165542 0.093394 -0.020409 -0.071409 0.016702 0.121345
-0.025621 -0.101916 0.030478 -0.162929 0.055304 -0.182471 -0.173496 -0.041357 0.050560 -0.085271
-0.133729 -0.137592 0.022212 0.092542 0.004257 -0.295635 0.191674 -0.122481 -0.222920 0.092372
0.102313 -0.102143 -0.099473 -0.003703 -0.123471 0.170078 -0.022335 -0.123041 0.053095 0.119671
0.203060 -0.051697 0.252822 -0.060373 -0.249523 -0.143118 -0.110421 0.137023 0.043702 -0.202487
0.030868 0.105976 -0.004374 0.010083 -0.006408 0.019019 -0.056681 0.009276 0.167209 -0.101602
0.158462 -0.032965 0.092352 -0.158032 0.076793 0.165919 0.089771 -0.004345 -0.111855 -0.031639
-0.093285 -0.167926 -0.062847 0.189724 -0.279782 -0.252248 -0.211235 -0.131287 0.195030 -0.213672
-0.126841 -0.154446 -0.071057 -0.191732 0.181263 -0.080952 -0.256120 0.067866 0.110923 -0.021582
-0.106549 -0.145340 0.069910 -0.093715 0.123041 -0.205642 -0.089915 0.193883 -0.031427 -0.033876
0.079388 0.026328 -0.070987 -0.060878 0.018960 -0.051982 0.009205 -0.136582 0.022711 0.020240
-0.028777 -0.121037 0.115645 0.176568 -0.048927 -0.051398 0.059170 -0.084061 0.083207 -0.128764
0.049870 0.089093 -0.196786 -0.054363 -0.025901 0.062540 -0.000350 0.137121 0.332109 -0.003558
-0.046231 -0.016432 -0.161113 0.094259 -0.058676 0.036437 -0.007812 0.000108 0.082713 0.121216
0.030619 0.049825 0.121216 -0.044187 0.087835 -0.053240 -0.104054 -0.051308 0.081006 0.017544
-0.016522 -0.054408 0.053824 -0.061911 0.028462 0.043423 -0.116274 -0.002860 -0.141614 -0.140985
0.049151 0.217093 -0.131399 -0.119295 -0.278381 0.202885 0.025758 -0.027498 0.044972 0.144183
0.010401 -0.067137 -0.227092 0.114000 -0.232690 -0.137905 0.129508 0.083060 -0.107041 0.135938
-0.033058 0.151824 0.186697 0.077273 -0.043232 -0.226336 0.156135 0.017295 -0.122624 -0.259167
0.012633 0.009328 0.135635 -0.117480 0.013900 0.161733 -0.210904 0.170508 -0.175350 -0.070843
-0.000390 -0.099476 -0.045388 0.274750 0.077765 0.246912 -0.081547 -0.093046 -0.157195 0.024661
0.044254 0.110142 -0.244037 -0.146831 0.183217 0.379445 0.074058 0.131777 -0.029105 0.043800
0.028822 -0.062144 -0.251905 0.070163 -0.172173 -0.157800 0.110711 0.053685 0.076852 0.073696
-0.007806 0.101281 -0.060442 -0.034565 0.065120 0.162614 0.250232 0.236421 -0.075070 -0.165287
-0.095266 0.208502 -0.198998 -0.216521 -0.099647 -0.198849 -0.024095 0.145684 0.070392 0.152961
0.168108 0.048487 0.209690 -0.033729 -0.030536 -0.079154 -0.079376 0.187117 0.077297 0.071468
-0.008980 -0.284240 -0.187860 0.185335 -0.009866 0.067013 -0.317505 -0.145239 -0.064971 -0.099276
-0.057843 0.152218 -0.049972 -0.211472 -0.136031 0.077223 0.248450 -0.090069 -0.154000 -0.141971
0.255727 0.077000 -0.109374 0.173009 0.191572 0.028569 0.015937 0.064860 -0.041470 -0.012762
0.130020 0.071025 0.062088 0.026404 -0.019915 0.139731 -0.090490 0.008443 0.071799 -0.026575
0.017348 0.038757 0.070897 -0.226697 -0.065998 -0.026790 -0.174964 0.092037 -0.174706 0.125637
-0.318304 0.168519 -0.048510 -0.060112 -0.003021 -0.051088 0.076182 0.091865 0.007541 -0.031452
-0.010500 -0.045761 0.230135 -0.068233 0.246806 -0.124005 0.189229 0.072959 -0.143082 -0.115927
0.120223 0.127442 0.008099 0.079834 -0.003327 0.101404 -0.012600 0.005908 0.079490 -0.236838
-0.021881 0.061444 0.083357 -0.053280 -0.091951 0.104927 0.065697 -0.024857 0.045202 0.162418
-0.032698 -0.118161 -0.207620 -0.000678 -0.036283 0.084597 -0.090840 0.001450 -0.226149 -0.004645
0.223408 -0.007905 0.149472 -0.158076 0.464482 -0.092820 0.141020 0.176655 -0.005625 -0.202849
0.140944 0.074622 -0.008600 0.160056 0.187316 0.129217 -0.035502 -0.082693 -0.337473 -0.192950
-0.031828 -0.044468 -0.106069 0.087490 -0.062591 -0.301837 -0.118176 0.255389 -0.061258 0.155944
-0.142695 0.074127 0.245033 0.054481 0.016895 0.352702 -0.162188 0.418186 0.070167 -0.026784
-0.071424 -0.022958 -0.018627 -0.133177 0.139192 0.101272 -0.221276 -0.058365 0.141781 -0.086576
0.025832 -0.097693 -0.160208 0.015020 -0.024576 -0.192646 0.046334 -0.044316 0.047246 -0.079368
-0.114783 0.056074 -0.036522 -0.030514 -0.095758 0.041607 -0.007642 0.054124 -0.075046 -0.094388
0.000157 -0.086851 -0.122583 0.002367 -0.202583 0.024229 0.044664 0.078683 0.065665 0.057286
0.153044 -0.092965 0.187194 -0.115731 -0.093913 0.012793 0.020119 0.144717 -0.160316 0.518156
0.043320 -0.031463 -0.014466 0.075257 0.065560 0.096864 -0.036153 -0.082793 0.027589 0.038287
0.044084 0.060553 -0.240527 -0.030777 -0.020040 0.037497 0.036021 0.033202 -0.066667 0.065929
0.104295 -0.326746 0.135547 0.013373 0.146087 -0.077734 0.026430 0.060712 0.004321 -0.194151
0.160738 -0.064770 0.172058 -0.079986 0.160682 0.122645 -0.028276 -0.193032 0.108425 0.257613
-0.227989 -0.191492 -0.238891 -0.053353 0.190544 -0.247896 -0.135324 -0.215665 -0.113935 -0.070565
-0.176679 0.038304 0.108010 0.228818 -0.137694 -0.003720 0.297902 0.130702 0.110499 0.070210
0.056434 0.189359 0.259035 0.064522 0.020056 -0.008324 -0.134020 -0.083007 -0.125963 0.026543
0.038778 -0.070802 -0.057471 0.025092 0.122408 0.112276 0.110913 -0.317573 -0.155113 -0.007565
-0.137694 0.259746 0.195639 -0.125133 0.275388 0.208792 0.171703 0.026129 -0.054094 0.037593
-0.113520 -0.062922 0.146107 -0.201919 0.006999 0.162578 0.320470 0.048347 -0.161196 0.180535
-0.032852 0.296927 -0.056395 -0.282273 0.121618 0.147743 0.195429 -0.013235 0.045344 -0.001192
-0.144980 0.157713 -0.167442 -0.144140 -0.307257 0.043662 -0.073331 -0.011291 0.034263 -0.087625
0.060599 -0.119816 0.036395 0.036605 0.150386 -0.109006 -0.081979 -0.148584 0.027041 0.148464
-0.078676 -0.085643 0.067085 -0.153749 -0.056935 0.178733 -0.037837 0.007883 -0.091889 -0.264496
0.006513 0.099636 -0.091228 0.070268 -0.040629 -0.355064 0.285396 -0.018243 -0.250563 0.016741
0.153389 -0.119996 -0.040659 -0.036095 -0.047566 -0.034053 -0.084382 0.037777 0.042071 0.007428
0.082808 0.040531 -0.106438 0.168512 0.011612 0.100477 -0.096475 0.098944 -0.067652 -0.015433
-0.061649 0.055305 -0.248297 -0.148161 -0.142030 -0.064714 -0.135729 0.017349 -0.158209 0.031782
-0.053134 -0.168427 -0.061606 0.015146 0.046960 -0.069312 -0.076082 -0.084086 0.252555 0.063650
-0.193631 -0.099966 -0.000259 0.214578 0.082170 -0.220709 -0.024970 0.122361 0.166468 -0.195675
0.097667 0.117337 0.137602 0.030888 -0.045726 0.216111 0.067183 -0.009957 -0.274864 0.084043
0.086300 0.121424 0.101414 -0.089067 -0.055731 0.125085 -0.188352 -0.065991 0.181029 -0.177793
0.028099 0.092217 -0.248468 0.092728 0.091411 -0.118280 -0.069733 0.070785 -0.067909 -0.194327
0.196431 -0.186189 0.125997 -0.047635 -0.007770 0.114772 0.135888 0.203867 -0.031569 0.321025
-0.190538 0.164722 -0.132731 0.240348 -0.131749 -0.111264 0.107125 -0.070224 -0.160512 -0.099338
-0.241049 0.168931 0.062472 -0.011838 0.095760 0.044337 -0.178051 -0.257605 0.238664 0.024642
-0.181699 0.203166 0.139887 -0.145920 -0.045635 -0.162056 0.127750 0.005985 -0.290437 -0.094006
0.032218 0.000502 0.099759 0.016837 -0.178331 -0.079484 -0.004411 0.004683 0.137432 0.046021
0.175666 -0.107967 -0.068295 0.030026 0.083624 -0.138765 0.234455 -0.000192 0.053084 -0.017654
0.100802 0.041568 0.076160 -0.052234 0.196058 0.096151 0.080498 0.062252 0.202140 0.073522
0.002608 -0.048075 0.152410 -0.075981 -0.017385 -0.039847 0.002447 -0.046287 -0.061045 0.041837
0.054202 0.038840 0.151069 0.023121 -0.004483 -0.086044 -0.082913 -0.160728 -0.184252 -0.008486
0.121284 -0.057020 0.113234 -0.157061 -0.044341 -0.084121 -0.042508 0.083718 -0.076205 -0.190334
-0.103575 0.080275 -0.054784 0.102143 -0.121195 0.042888 0.046197 -0.062342 -0.027302 -0.061894
-0.055991 -0.113503 0.018112 -0.108583 -0.094451 0.166989 -0.030813 0.082153 -0.026676 0.052548
0.103127 -0.029181 0.202661 0.019111 -0.004942 0.012106 -0.007666 0.113234 -0.376260 -0.227086
0.033004 -0.171899 -0.324320 -0.021178 0.089428 -0.164324 -0.315354 0.176691 0.040385 0.007966
-0.028618 -0.092055 -0.244863 0.318446 0.142682 0.062568 0.298349 0.042202 0.001455 0.041313
-0.001903 0.113002 -0.054066 -0.094529 0.370077 -0.126373 0.261713 0.213018 0.248573 -0.057738
-0.175145 0.101253 0.149407 0.206217 0.050163 0.128306 0.061718 -0.009932 -0.016966 -0.295722
-0.066278 0.056733 0.107900 0.085563 -0.150334 0.198178 0.005551 0.271452 -0.143300 -0.255529
-0.011739 0.185502 -0.260940 -0.022705 0.325866 -0.031381 0.191871 0.174224 -0.118257 0.009202
0.283131 0.054585 0.020906 0.029153 -0.088363 -0.147360 -0.311312 -0.069466 -0.025860 -0.002414
0.113911 -0.298144 -0.222554 0.045334 0.123656 -0.041317 0.166718 0.060709 -0.170010 -0.027177
0.192002 0.124380 0.136561 -0.078091 -0.020379 -0.039671 -0.017350 -0.131096 0.003942 -0.151969
-0.032494 0.146043 0.204118 -0.036840 -0.124512 -0.016560 0.233221 -0.026683 0.144726 -0.059425
-0.007992 -0.158027 -0.182389 0.166586 -0.259032 0.147096 0.100215 0.026947 0.138273 0.093433
-0.100413 -0.049844 -0.094553 -0.002440 0.202932 -0.200430 0.343708 0.065976 -0.030173 -0.068939
0.017702 0.064723 -0.174069 -0.099881 -0.327731 0.014314 -0.135961 0.063616 -0.126618 0.173700
-0.103568 0.141984 -0.252252 -0.049817 -0.044654 -0.064846 -0.148991 0.037309 -0.192017 0.101909
0.133010 -0.327240 0.229510 -0.110268 -0.115554 -0.120103 -0.140140 0.069640 0.187345 0.017395
0.058023 -0.147024 -0.125880 0.202711 -0.106273 0.004921 -0.183166 -0.129937 0.012424 0.055318
0.087772 0.076524 -0.098221 -0.113218 -0.065583 0.005947 0.105044 0.313226 -0.175421 0.227052
0.179355 0.006039 -0.105167 0.197671 -0.087403 -0.088878 -0.138788 0.104859 0.013845 -0.078306
-0.093365 0.044224 -0.187222 -0.127724 0.090264 0.061659 0.069938 0.007013 -0.097082 -0.063087
-0.108836 0.021608 0.118512 -0.011835 -0.017306 0.107213 -0.084744 0.073445 -0.014603 -0.041723
-0.123577 -0.120070 0.011356 0.126629 0.037664 -0.045879 0.027615 0.026284 -0.014010 -0.046853
-0.023167 0.014846 0.157020 0.002624 -0.121499 0.279753 0.042567 0.202217 0.105199 -0.034320
-0.000661 -0.167670 0.064159 -0.080653 -0.051171 -0.077276 0.019173 -0.078315 -0.223776 -0.132733
0.071042 0.061301 0.044288 0.047405 0.270921 -0.078965 0.142863 -0.302611 -0.067990 0.108641
-0.052665 -0.079939 -0.086302 0.023410 -0.014359 0.133382 0.037599 0.053087 0.093344 0.115230
-0.180078 0.119408 0.091598 0.182572 0.092533 -0.026984 0.080561 -0.011052 -0.233578 0.131442
-0.227966 0.017272 -0.083554 -0.027015 -0.169478 0.031006 -0.106688 0.069899 -0.001191 -0.096025
-0.144661 0.234950 0.247047 -0.118223 -0.168106 0.114856 0.381856 -0.035074 -0.040499 -0.217366
-0.122900 0.060858 -0.127950 -0.089603 -0.049041 0.183445 0.070959 -0.215745 -0.006695 0.041341
0.012931 0.153890 0.048605 0.025768 -0.061980 0.049260 -0.033734 0.046797 0.361903 0.182822
0.106064 0.167982 0.112674 -0.029930 -0.192050 -0.006676 0.292565 -0.229089 0.057896 0.094155
-0.111676 0.082307 -0.083824 -0.022534 0.158673 0.153348 -0.098657 0.096147 0.071312 0.042559
0.070741 0.244779 0.053588 0.021945 -0.213592 -0.112425 0.113642 -0.415623 -0.013369 -0.265926
-0.181797 -0.073898 -0.054957 0.160346 -0.093409 -0.176168 -0.181493 -0.006428 -0.075990 0.070247
-0.184840 -0.133495 -0.096147 -0.017609 0.026357 0.036454 -0.001714 -0.013207 0.022496 -0.248887
0.052257 0.109535 -0.253603 0.009584 -0.186969 0.078728 -0.091127 0.070817 0.136310 -0.173125
0.127182 -0.124519 0.427489 0.088464 -0.005805 0.178906 -0.123150 0.020157 -0.044460 -0.133952
0.080934 -0.215570 0.066938 0.136766 -0.154641 -0.122009 -0.002426 -0.095533 -0.073097 0.111274
0.100147 -0.029108 0.064819 0.088296 0.359877 0.092276 -0.098518 0.065588 -0.042044 -0.013683
0.115345 0.041818 -0.017234 0.019315 0.010766 -0.016205 0.107203 -0.034083 0.114441 -0.107203
0.070021 -0.003910 -0.048535 -0.034671 0.038041 -0.021011 -0.047088 0.109555 -0.013129 -0.088612
0.041095 0.091779 -0.008125 0.115978 0.110370 -0.032161 -0.004888 -0.072871 0.022085 -0.046229
-0.083953 -0.104580 -0.075947 0.013299 0.021260 0.022244 -0.377066 0.040936 0.080877 -0.253669
-0.056542 0.098247 -0.049123 0.047676 0.136786 0.034423 -0.067579 0.081556 -0.034988 0.015945
0.230714 0.085580 0.014988 0.097230 -0.219236 -0.150362 -0.074897 -0.041455 -0.089729 -0.015087
-0.071999 0.305725 0.096832 -0.061656 -0.028172 -0.036397 0.028115 -0.080750 -0.031056 0.151726
0.156272 0.070010 0.117176 -0.084216 0.062111 0.046796 0.124336 0.126154 -0.188777 0.033243
0.077000 -0.007991 -0.131155 0.076431 0.063361 -0.161727 0.118653 0.032902 -0.130018 -0.045546
-0.161273 0.018866 -0.011280 0.119108 0.038642 -0.060577 -0.009497 0.028385 0.185481 0.021111
0.261628 -0.027902 -0.030715 -0.249581 0.032647 0.115812 0.054752 -0.015300 -0.066032 0.121040
-0.259582 -0.198323 -0.176275 -0.115528 -0.185049 -0.130931 -0.101059 -0.218929 -0.052825 0.119874
0.068278 0.050885 0.077459 -0.055088 -0.131707 -0.074873 0.007411 -0.034074 -0.039796 -0.072287
0.015009 -0.075972 -0.217765 0.145479 -0.020448 0.209231 0.062071 -0.197851 -0.183497 0.068149
-0.102223 -0.084054 0.064496 -0.086511 -0.102740 0.225524 -0.120586 0.216731 -0.050336 -0.134358
0.140306 -0.073063 0.012212 -0.039538 0.050368 0.152462 0.076619 0.018007 -0.199532 -0.019688
0.163583 0.076489 -0.016011 0.118646 -0.070024 -0.087934 0.148711 -0.124982 0.028562 -0.000691
-0.291216 -0.225524 -0.078882 0.136039 0.155694 0.160608 0.097503 -0.101124 0.069878 0.107852
-0.122533 0.085542 0.076467 0.087680 -0.092824 0.069878 0.007767 -0.035459 0.033697 0.002989
-0.331532 -0.099124 0.004721 -0.078490 -0.129469 0.009089 -0.105136 0.103691 -0.050371 -0.091379
-0.066237 0.167500 0.079820 0.001783 -0.029766 0.059475 0.288530 -0.048811 -0.066815 -0.133399
0.006181 0.133283 -0.042222 0.041181 -0.000163 -0.036962 -0.011531 -0.075832 0.000885 0.027729
0.034159 -0.007149 0.050256 -0.020099 0.007904 -0.054475 -0.072248 0.082883 0.219519 0.199867
0.093345 0.080167 0.003650 0.067509 -0.092362 -0.015476 0.127619 -0.071728 0.056065 0.144150
-0.065833 0.081554 -0.028544 -0.035390 -0.025155 -0.226714 0.078149 -0.208155 0.187958 0.075602
0.059271 -0.261831 -0.180589 -0.079832 0.112083 -0.001036 0.160301 -0.177041 -0.063502 -0.024154
0.056588 -0.070734 -0.252006 -0.076557 0.186138 -0.039120 0.084063 -0.180407 -0.054768 0.246911
-0.064230 -0.039256 0.092842 -0.291671 0.008148 -0.201423 0.257282 -0.192689 0.032638 -0.157663
-0.015386 -0.036891 -0.163849 -0.052084 -0.059271 0.239633 0.025815 0.234538 -0.144744 -0.214159
-0.202878 0.074373 0.091068 0.072281 0.287305 0.217798 -0.023768 0.025223 -0.073282 -0.096071
0.010258 -0.216889 -0.172310 0.170399 0.303135 0.044374 0.222668 0.055256 0.041695 -0.201551
-0.057026 0.016659 -0.112978 -0.113104 -0.101661 -0.114495 0.094770 -0.055540 -0.043307 -0.059239
-0.250865 0.054213 0.003643 -0.025889 0.152618 -0.105391 -0.120564 -0.053043 0.023598 0.203827
-0.071820 0.107540 0.086614 0.032022 -0.124674 0.094959 0.043054 -0.013126 -0.014715 -0.066257
-0.033508 -0.038344 -0.174872 0.055288 0.044192 -0.073085 -0.203448 -0.109058 0.062179 -0.166653
0.138962 -0.096540 -0.181826 -0.179550 -0.131881 -0.011783 0.067458 0.010629 0.100207 0.315604
0.167159 -0.068975 0.027944 -0.148698 -0.076688 0.175378 -0.110196 -0.048997 0.158181 -0.053960
0.256050 0.052896 0.096648 -0.005344 -0.131340 0.159688 -0.145629 -0.080416 0.019061 0.175006
0.457232 0.174091 0.164261 -0.050381 0.187923 -0.001865 -0.057154 -0.102706 0.136598 -0.183007
0.111793 0.164832 -0.182093 0.072643 0.008280 0.200039 -0.097733 0.065784 0.041237 -0.118080
0.120595 0.231360 0.133512 0.058754 0.066413 0.004715 -0.009480 0.020175 0.053668 0.055125
-0.234789 0.019361 -0.172377 -0.179121 -0.143685 0.119452 0.033349 -0.033492 -0.009652 0.077444
-0.020518 -0.060640 0.185179 -0.391162 0.124024 -0.180721 0.124824 0.122538 -0.226444 -0.033121
0.007680 0.115566 -0.109450 0.095162 0.352913 -0.007870 0.209080 -0.012222 -0.047290 -0.107738
0.097503 0.131406 0.150322 0.071688 0.096772 0.070181 -0.122450 -0.294429 0.077491 -0.203414
-0.031846 -0.021977 -0.135152 -0.002363 0.198297 0.055377 0.245084 0.041898 0.039248 -0.227721
-0.081329 0.224432 -0.080095 0.055011 -0.158455 0.228818 -0.191352 0.371920 0.057661 0.104723
-0.015169 -0.218218 0.094214 0.164303 0.146849 -0.050716 0.038814 -0.002209 -0.228635 -0.102895
-0.147032 0.002043 -0.007002 0.200490 0.166496 0.118430 0.004478 -0.305761 -0.257512 -0.020309
-0.104814 0.085533 0.061911 0.062779 -0.063144 0.030750 -0.384165 -0.254587 0.032646 0.051447
-0.076977 0.052832 -0.071771 0.137340 0.022276 -0.019410 -0.065070 -0.071439 0.163701 0.155061
0.022401 -0.175995 -0.049204 0.011277 -0.121945 -0.100901 -0.169017 0.063520 -0.048069 -0.126154
0.055711 0.030625 0.179539 0.042337 -0.194934 0.219744 -0.280661 -0.084176 -0.121612 -0.230598
0.099682 -0.036218 -0.119176 0.038322 -0.006379 -0.034114 -0.012239 -0.021736 -0.160267 0.062744
0.056985 -0.092262 0.025474 -0.117404 0.124935 -0.041617 0.065735 -0.159935 0.263826 -0.121391
0.063741 0.021833 0.004351 0.099738 0.125600 0.028603 0.037962 0.196817 -0.073820 0.083844
-0.123052 -0.134793 0.112195 -0.118509 -0.138899 0.008215 0.092737 -0.182783 0.035863 0.063032
-0.091806 0.105054 -0.076850 0.090874 -0.029032 0.009910 0.063239 -0.138071 -0.064843 0.047507
0.117267 0.058685 -0.013313 0.014671 0.021451 -0.141072 0.068000 -0.044531 -0.022408 -0.092271
0.022395 0.100448 0.026574 -0.282765 0.022473 -0.105830 0.177194 0.046110 0.048387 0.142418
0.021451 -0.004525 -0.032810 -0.148421 0.149973 0.121614 -0.005780 0.160634 -0.010234 0.093306
0.122856 -0.068673 -0.129997 -0.109401 -0.158357 0.421043 -0.118509 0.052475 -0.125650 0.234120
0.110643 0.008060 -0.032862 0.114576 -0.004832 -0.021735 0.103442 -0.254101 -0.159902 0.151542
0.121634 -0.157783 0.128935 0.086545 -0.296726 0.082777 -0.065174 0.022578 -0.020194 0.039240
-0.058698 -0.166967 -0.090372 -0.032999 -0.281890 0.261166 0.199230 0.020753 0.358191 0.076242
-0.236086 0.039151 0.016485 -0.188044 0.221485 0.072415 -0.300259 -0.056284 -0.115040 0.059286
-0.005060 0.124578 -0.048571 -0.008044 -0.066528 -0.096966 0.020871 0.060346 0.059316 0.093904
-0.135411 -0.213242 0.009398 0.379856 0.011009 0.283538 -0.124931 -0.046157 0.065527 0.135999
0.174856 -0.088841 0.158136 -0.006653 0.164495 -0.152013 0.073298 -0.205589 0.029525 -0.057196
0.113061 0.114650 -0.146273 0.076592 0.069879 0.124900 -0.123311 0.089067 -0.018880 0.045924
0.058795 -0.003459 -0.373428 0.012047 -0.016308 -0.054624 -0.136818 0.000132 -0.081995 0.116239
-0.062450 -0.124741 -0.037939 0.138168 -0.027213 -0.010145 -0.117431 0.054664 0.324167 -0.040302
-0.074884 -0.139916 -0.019347 0.134037 -0.093516 0.060305 -0.029358 -0.028524 0.020876 -0.089543
-0.000674 0.022346 0.004889 -0.016536 0.089782 -0.031463 0.075043 -0.055061 -0.066542 0.119656
0.278879 0.218654 0.062847 0.134116 -0.065628 0.106785 -0.127601 0.022048 0.160177 -0.092324
0.080088 0.161210 -0.045805 0.036707 0.219234 -0.228950 0.032064 -0.091421 -0.019896 0.034493
-0.102286 0.169681 0.167738 -0.089699 -0.049641 -0.222590 -0.030319 0.047610 -0.131081 -0.017898
-0.202804 0.249619 0.057237 -0.146804 -0.114122 0.084620 0.138589 0.063906 0.076140 -0.064701
-0.089919 -0.096986 0.319576 -0.100961 -0.219940 0.122248 -0.127901 0.147952 -0.006194 -0.184432
0.136911 0.185139 -0.208104 -0.099017 0.205808 -0.216230 0.130021 -0.016175 -0.273115 0.158905
-0.239903 -0.034669 0.186022 -0.094336 -0.018074 0.068720 0.133024 -0.192382 0.013912 -0.082765
0.094601 -0.108999 0.007756 0.146362 0.135144 -0.077730 0.034537 0.130728 -0.225745 0.047324
-0.122384 -0.161493 -0.097175 0.087265 -0.007732 -0.207653 0.078286 -0.087464 -0.095978 0.013510
0.171071 -0.048056 0.036216 -0.154177 -0.057367 0.059030 -0.100634 -0.151916 0.070038 -0.257405
-0.128569 0.013885 0.133691 -0.083474 0.122783 0.307556 -0.019355 0.020968 -0.073696 0.175727
0.066147 0.061791 -0.011947 -0.042036 -0.013286 -0.115666 -0.107418 0.040573 -0.135021 0.090524
-0.125443 0.059562 -0.115134 -0.051082 -0.123115 -0.043200 0.089659 -0.056203 0.137150 -0.040107
0.206988 -0.166947 0.213107 -0.003511 0.148856 -0.265653 0.098506 -0.033905 0.063453 0.069040
0.158567 0.120521 0.014802 -0.056240 -0.052489 0.078315 0.058992 0.012407 0.015598 0.123382
0.019687 -0.264035 0.001022 -0.106327 0.131370 -0.091052 -0.007664 0.132557 0.321894 0.062770
-0.284977 -0.167748 0.135040 -0.085277 0.035487 -0.070597 0.048036 0.020267 -0.060126 -0.081013
-0.020699 0.051706 0.250218 -0.329666 -0.024490 -0.093481 -0.033841 0.130183 -0.054675 -0.140437
-0.110159 0.164941 -0.077721 0.125109 0.243741 -0.026123 0.007495 -0.295771 0.077181 -0.061853
-0.026609 0.061475 0.031250 -0.044609 -0.078638 0.115070 0.096935 -0.257559 0.078315 0.065037
-0.187178 0.079556 -0.117337 -0.235538 -0.047253 0.236617 -0.112743 -0.033011 -0.012263 0.072384
0.077977 -0.048146 0.076935 -0.137858 0.259704 0.195217 -0.099747 -0.101995 -0.004339 0.167141
0.142245 0.047927 -0.033011 -0.024155 0.083515 -0.060429 0.018658 0.011104 0.038139 -0.111153
0.027308 0.068929 0.053904 -0.044390 -0.065145 0.042004 -0.027624 0.237331 -0.031311 0.012420
-0.001742 0.115924 -0.053849 -0.001154 -0.075126 -0.034876 0.065255 -0.039235 -0.026157 -0.064652
-0.131607 -0.041593 -0.060484 -0.042333 0.000327 0.031284 -0.218028 -0.017616 0.057030 -0.030242
-0.142026 0.039729 -0.026897 -0.175147 -0.055796 0.009884 0.061471 0.061965 0.068381 -0.029474
-0.030282 -0.004761 0.099932 0.039086 0.100365 0.150461 0.081244 -0.180484 0.174687 0.200210
-0.027795 -0.046419 -0.188097 0.180830 0.007717 -0.217688 0.071337 -0.111266 0.032316 -0.106940
0.049101 -0.138434 -0.075144 0.149595 -0.193116 0.139905 -0.177542 0.249355 0.134800 0.090501
-0.030802 0.263025 0.093097 0.203325 0.147346 -0.194327 -0.126408 0.099153 -0.162574 -0.194846
0.227032 -0.104431 -0.061387 -0.039086 0.189482 0.069779 0.261121 -0.055071 0.050702 0.185675
-0.084791 0.161103 -0.195538 -0.110834 0.157815 0.156777 0.188963 -0.328089 0.032099 -0.005129
-0.197615 0.191904 0.076442 -0.198826 -0.169551 0.175000 0.120891 -0.045492 -0.103657 -0.231137
-0.236079 -0.023776 -0.125896 -0.027181 -0.203638 -0.188939 -0.072167 -0.010937 -0.188179 0.221252
0.079897 -0.087563 -0.275488 -0.038554 0.141039 0.390296 0.108916 -0.110119 -0.023966 0.053634
0.134069 -0.040519 0.277263 0.042134 0.221506 0.113984 -0.026342 -0.040202 0.091682 -0.138124
0.175127 -0.157132 0.142686 0.021226 0.087183 0.048280 -0.231643 -0.259268 0.043908 -0.065071
0.075968 -0.013868 -0.279037 0.294750 -0.032694 0.039378 0.125199 0.133689 0.178168 0.068175
0.035830 -0.228475 -0.033549 0.169424 0.072610 -0.218845 -0.073561 -0.107395 0.085803 0.052021
-0.221962 0.073758 0.076683 0.101403 -0.122051 0.044335 0.012217 -0.016360 0.114939 0.065786
-0.425571 -0.064753 0.061025 -0.054946 -0.130998 -0.033552 -0.129507 0.107368 -0.057727 -0.101804
0.009220 0.232974 0.043561 -0.019802 -0.062918 0.120445 0.322333 -0.012389 -0.029853 -0.092284
0.009320 0.183191 -0.090506 0.073815 -0.087753 -0.086089 -0.119412 -0.044794 -0.059075 0.083566
-0.006958 -0.111325 0.038743 -0.088097 -0.086204 -0.019601 -0.069399 0.054774 0.193515 0.220815
0.089588 0.259472 -0.007399 0.136389 -0.102550 -0.122280 0.165755 -0.047031 0.040894 0.179979
-0.096528 0.086089 -0.023784 -0.176453 -0.054025 0.019879 -0.029209 -0.069718 0.003377 0.057254
0.057666 0.033019 -0.093708 -0.023765 -0.136282 -0.000979 -0.008555 0.109626 0.067578 0.032344
0.053537 0.124644 0.055301 0.065588 0.076476 -0.077264 0.182010 0.052974 0.078766 -0.137408
0.115784 -0.068517 -0.197628 -0.107374 -0.044977 0.012962 -0.015261 0.083271 0.037055 0.161737
0.064537 -0.012023 0.083722 0.017523 0.007438 0.045127 -0.129675 -0.047642 -0.023915 0.057516
0.072271 0.034465 -0.104746 0.078841 0.093032 0.007978 -0.018969 0.097012 -0.103244 -0.083722
0.062585 0.004428 0.132152 0.221055 0.085974 -0.038820 0.017005 0.122433 0.025564 -0.091511
0.257213 0.203256 0.047527 0.090082 0.198912 0.178335 0.027107 -0.107172 0.049756 0.108944
0.015290 -0.051757 0.012475 -0.108601 -0.181307 0.104257 0.065618 -0.072763 -0.001924 0.067504
-0.111859 0.137409 -0.058387 0.010703 0.295624 -0.083280 -0.070305 0.245553 -0.072648 0.177077
-0.002052 0.123005 -0.187708 -0.111631 0.015962 -0.099570 -0.017505 -0.056644 0.052929 -0.196854
0.094426 -0.220175 0.031980 0.133980 -0.062017 0.338607 0.109687 -0.030351 0.091511 -0.152042
-0.034867 -0.038811 0.193996 -0.024635 -0.083566 -0.324889 -0.034095 -0.086709 -0.054472 -0.203942
0.014075 -0.071366 0.046275 -0.068704 0.123361 -0.106426 -0.038005 0.162669 -0.120076 -0.017204
-0.175696 0.096854 -0.118603 0.028858 -0.120642 -0.018224 0.143185 0.016765 -0.056951 0.022528
-0.050692 0.076407 -0.151454 0.098383 0.155646 0.003448 0.103594 -0.025304 -0.032001 -0.221008
0.105973 -0.222027 -0.143298 -0.213758 -0.118943 0.114639 -0.074538 0.203450 0.035796 -0.007951
0.071479 -0.017629 0.042820 0.270284 -0.045482 0.130498 -0.111014 0.010684 0.027031 0.145677
0.348900 0.031039 0.007271 0.022217 0.104104 0.136955 -0.054884 0.121889 0.026833 0.141486
0.048738 -0.062077 -0.068647 0.086375 0.010992 0.120700 -0.070596 0.061854 0.014030 0.002594
-0.076189 0.037437 0.057953 0.045215 -0.032878 0.069280 -0.026203 -0.080043 0.058235 0.128408
-0.117034 -0.062230 -0.042795 0.085966 0.113085 -0.124272 0.047401 0.097199 -0.178042 -0.109325
-0.011034 0.123520 -0.120982 -0.033747 -0.089256 -0.075813 0.012855 -0.122768 0.009624 -0.014465
0.101805 0.098985 0.017532 0.006521 0.018577 0.164881 0.102651 0.133108 0.344991 -0.020128
-0.044933 0.062230 0.081078 0.090384 0.040727 0.052313 -0.201166 -0.123802 -0.130758 0.021538
-0.146363 0.003878 0.139876 0.009665 0.004298 -0.067447 0.056167 -0.163659 -0.043495 -0.077176
-0.152434 0.173093 -0.168519 0.035157 0.029089 -0.091859 0.122405 0.209542 -0.068249 0.129341
0.084555 -0.062383 -0.105435 0.210132 -0.137309 -0.113035 -0.079095 0.032317 0.012755 -0.128381
0.095843 0.079390 0.024422 0.079464 -0.248794 -0.130816 0.048733 0.079685 0.171913 0.190063
0.143876 -0.138563 0.129119 -0.294834 0.033147 -0.010108 -0.175602 -0.054857 -0.307525 -0.191687
-0.083153 -0.311952 0.066552 0.117535 -0.124692 -0.234185 0.002967 0.063527 0.050615 -0.157156
-0.116429 -0.044860 0.020253 0.215297 -0.079242 0.101893 -0.077176 -0.097098 0.221495 -0.098426
0.021729 -0.146237 0.084194 -0.055187 0.302214 0.064802 0.179561 0.189436 0.169297 -0.061943
0.097122 -0.034691 0.088676 -0.075164 -0.052004 0.041610 -0.124277 0.027025 0.160332 -0.006939
0.062820 -0.178652 -0.095368 -0.044468 0.107581 -0.103683 -0.087767 -0.081790 -0.070096 0.176183
0.025141 0.056974 -0.130188 -0.246085 -0.163580 -0.172155 0.346389 0.078412 -0.067823 0.251801
0.020464 0.111219 -0.038264 -0.224776 0.046255 -0.070031 0.175923 -0.060352 -0.199830 0.119729
-0.170466 -0.047586 0.079451 -0.026635 -0.459427 0.174884 0.180731 -0.272070 -0.209575 -0.064607
0.121873 -0.073994 0.095627 -0.230883 0.215032 -0.098876 -0.075237 -0.185432 0.029089 0.123733
0.111745 -0.054489 0.178558 -0.161121 0.216952 0.140499 -0.041642 -0.131613 -0.048286 -0.043005
0.088273 -0.105123 0.268256 0.110069 -0.141337 -0.105709 -0.106296 -0.393330 -0.194485 0.087770
-0.185096 -0.047490 -0.015425 0.090285 -0.021859 -0.094728 -0.206892 -0.131948 -0.092883 0.042166
0.136056 0.199515 -0.130775 -0.031122 0.085842 -0.041726 0.329116 -0.112751 -0.021712 0.065010
0.087686 0.275800 -0.060106 0.072219 -0.028754 -0.360804 -0.002811 0.009965 0.097746 0.060735
0.277980 -0.257022 -0.233885 0.164223 -0.156343 0.156007 0.201527 0.052058 0.137732 0.329954
-0.026353 0.074938 -0.082018 -0.073579 0.041349 0.017219 -0.193717 -0.049676 0.250587 0.078903
-0.013127 0.097029 0.080829 -0.074825 0.069557 0.024257 0.007519 0.045909 -0.131977 0.044521
0.011038 -0.074258 -0.028604 0.044663 -0.156447 -0.065819 -0.043388 0.003604 0.001776 0.118949
0.026636 0.277322 0.013538 0.121102 0.018494 0.153501 -0.086153 -0.044861 0.058908 -0.037101
0.009764 -0.034014 0.012964 -0.084001 -0.066385 -0.031153 -0.064856 0.071370 -0.088136 -0.021694
-0.371348 0.073692 -0.065422 -0.384490 -0.081169 -0.066895 0.112549 -0.039593 0.089439 -0.059984
-0.033561 0.043417 -0.106091 0.004386 -0.098708 0.235217 -0.075400 0.199286 0.083281 0.083014
0.020486 0.140382 -0.197817 0.250310 -0.068388 -0.096438 -0.152270 -0.113401 0.007672 -0.076669
-0.168298 0.052293 0.023625 0.104251 0.157880 -0.055832 0.140516 0.017965 0.273284 0.254852
-0.284771 0.060607 0.346213 0.347816 -0.258725 0.147194 -0.026731 -0.010001 0.066418 0.150533
-0.097706 -0.145324 -0.340871 -0.100378 0.133637 0.046883 0.179384 0.120948 -0.073130 0.083014
-0.099844 -0.106656 -0.059005 0.164959 0.230675 0.156010 -0.088891 0.272349 0.046215 0.105787
-0.078406 0.134171 0.252314 -0.204362 0.017564 -0.050790 0.117408 0.230275 0.194379 -0.038017
0.058517 -0.096995 0.242610 0.147312 0.072637 -0.011494 0.091173 0.105293 -0.101702 0.185063
0.032680 -0.076471 0.091124 0.136249 0.189138 -0.066621 -0.082002 -0.072540 -0.079430 -0.070939
-0.155367 -0.115579 0.130427 0.040176 -0.083652 -0.019263 -0.085399 -0.177202 -0.076373 -0.000739
0.044495 -0.129359 -0.035081 0.130039 0.164974 0.041462 0.034984 0.098597 0.018899 -0.199716
0.001034 -0.026493 0.158667 0.119267 0.010384 0.061865 0.045174 -0.101314 -0.318110 -0.063806
0.038623 0.204374 0.042432 0.013307 -0.028579 0.184674 0.153426 0.033432 0.070648 0.158181
-0.316751 -0.063321 0.021018 -0.149144 -0.159534 0.134380 0.157073 0.135747 0.080929 0.002629
-0.146410 0.143813 -0.100614 -0.055331 0.016003 -0.214352 -0.242513 0.027255 0.144770 0.140669
0.055194 0.045420 -0.020198 -0.021514 0.084825 -0.161858 -0.063499 0.001169 0.064114 -0.114421
-0.057450 -0.061278 -0.105946 -0.147367 -0.086670 0.063533 -0.167463 0.118044 0.108133 -0.189609
-0.145453 0.025102 -0.017618 -0.342034 -0.089268 -0.246751 0.103075 0.057860 -0.204099 0.042720
0.051537 -0.097197 -0.276142 -0.076554 -0.176759 0.106082 -0.195624 -0.070061 0.168830 0.021258
-0.192890 0.149418 0.091592 -0.085030 -0.310865 -0.016003 0.250226 0.288307 -0.150414 0.115462
-0.133894 0.069077 0.210231 0.016769 0.404117 -0.143458 0.285525 0.218752 0.010781 0.167455
-0.076076 -0.032235 -0.008602 -0.159369 0.027974 -0.270571 -0.255616 0.047385 0.031191 -0.253878
0.227620 -0.009716 0.105724 0.050428 -0.442025 -0.096856 0.074729 -0.009363 -0.161195 0.281700
0.025301 -0.083988 -0.160325 0.154326 -0.133199 -0.056470 -0.112419 0.055601 0.157717 0.371426
0.127547 0.109637 -0.049689 0.011270 -0.089379 -0.214753 -0.020606 -0.115114 -0.231794 -0.048558
-0.029974 0.102334 -0.108767 -0.029235 -0.334214 0.151892 0.029757 0.107550 -0.024888 0.182235
-0.177452 -0.233435 -0.365433 -0.004695 -0.114150 0.125834 -0.132896 -0.058230 0.018971 0.083461
0.047926 -0.241781 -0.106253 0.183358 0.069466 0.097265 0.222393 -0.009975 -0.004209 -0.119414
0.091872 0.119928 0.070942 -0.132768 -0.120826 0.081279 -0.114342 -0.124486 -0.083782 -0.094376
-0.135593 -0.024332 -0.109784 -0.066127 -0.208012 0.033288 -0.214945 -0.069594 0.031394 -0.019678
0.214303 -0.149075 -0.114278 0.164612 0.081343 0.084874 0.034508 0.041731 -0.033160 -0.141884
-0.112930 0.065646 -0.177323 0.125449 -0.033898 -0.003118 -0.081022 0.282485 0.140986 -0.082370
-0.141114 0.323830 0.028634 -0.011356 0.186136 0.139949 -0.040891 0.262187 0.161132 -0.140557
-0.001514 0.216869 0.225030 -0.146807 -0.160872 -0.145592 0.133698 0.037700 -0.061727 -0.216695
-0.088727 0.246907 0.075704 0.284412 0.003204 0.018275 -0.066502 0.252637 0.187872 -0.218779
0.112254 0.173634 -0.138647 0.071277 -0.223120 0.199332 0.097322 0.111473 0.021824 0.066502
-0.046013 0.103139 -0.229544 0.177975 0.017613 0.168338 0.036745 0.008345 -0.000102 0.017038
0.087685 -0.014021 -0.146547 -0.075574 -0.006207 0.290837 -0.046577 -0.401789 -0.188393 0.136997
0.082259 -0.090029 0.165386 0.006012 -0.136216 0.065851 -0.251422 0.103312 0.198193 0.018702
-0.065728 -0.005789 0.209884 0.041093 0.180239 -0.118651 0.098888 0.098540 -0.139320 -0.106891
0.000750 -0.258041 -0.074879 -0.094504 -0.043390 0.140364 -0.185249 -0.139041 -0.025818 0.016458
-0.117538 0.080933 -0.109674 -0.043181 0.137232 -0.222271 -0.156439 0.119974 0.044016 0.037092
0.033525 0.014318 0.013875 -0.149758 -0.217261 0.044955 0.191373 0.136119 -0.111344 -0.012274
0.076062 -0.199724 -0.334033 0.155882 -0.114406 -0.034360 -0.076967 0.067711 -0.009108 -0.075157
-0.127768 0.079194 0.136675 0.050175 -0.028671 0.117329 -0.021921 0.073626 -0.050557 -0.020251
-0.230900 0.134379 0.072381 -0.049836 -0.179746 0.032573 0.020459 -0.097298 0.144991 -0.071271
-0.079691 0.169335 0.032420 -0.082141 -0.253083 0.100207 -0.161526 0.126465 -0.060400 0.152876
-0.283245 -0.153947 -0.264413 -0.027597 -0.176377 0.035922 0.015598 -0.175306 0.160914 0.206080
0.163517 0.277886 -0.214041 -0.059060 -0.106944 0.017119 0.229046 -0.150885 0.174846 -0.006708
-0.101126 0.027789 -0.103423 0.044707 0.174081 -0.109394 -0.208683 0.328870 0.074907 0.469115
-0.158158 -0.097375 -0.084667 -0.059673 0.318153 0.001677 0.027463 -0.207305 -0.074715 -0.106561
-0.070888 0.008354 -0.056228 -0.163976 -0.037358 0.296871 
