0.068756 0.267094 -0.169620 1.352865 -3.436399 0.782349 -0.162328 1.053024 -0.498114 0.255133
-0.316469 -0.643653 0.495857 -0.979890 -0.273054 0.185577 0.188810 -0.693534 -0.734312 -0.378110
-0.415840 -0.392512 -0.746077 0.056645 0.293725 -0.630453 0.206398 -0.227435 -0.227612 0.130594
-0.417759 -0.002678 -0.428362 0.436138 0.398674 0.993150 0.687988 3.873798 1.225634 -1.056213
-4.154641 -1.625530 1.312634 4.496536 1.872794 -0.249255 0.207178 0.001790 -0.361293 -0.503580
-0.310935 -0.518451 -0.653640 0.069791 0.341409 0.072610 0.114640 -0.249955 0.890132 0.304081
-0.162952 -0.389361 0.021105 -0.187311 0.347421 -0.359128 -0.406300 -0.587758 -0.357406 -0.527157
-0.106395 -0.459670 -0.027010 0.117146 0.194030 0.321530 0.335142 0.214161 -0.043810 0.329582
0.164599 -1.196357 -0.032926 -1.093721 -0.813074 1.165085 -0.657916 1.309418 -0.586552 1.309418
-0.043668 -0.362704 -0.101510 0.507549 1.641965 -0.775273 0.078433 0.154788 0.615588 -1.278195
1.395121 -0.027436 -1.761890 -0.033073 0.076702 -0.445969 -0.223984 0.593626 -0.578594 0.568458
0.781312 -0.453161 -0.396147 0.431834 0.628429 0.524958 0.234394 -0.424767 -0.558622 -0.180169
-0.355876 -0.256288 -0.394784 0.634652 0.323573 -0.289127 -0.143721 0.560445 0.022272 0.062563
-0.587132 -0.518882 0.242816 -0.527194 -0.729759 -0.471979 -0.296878 0.300368 0.621679 0.591041
-0.508435 -0.690323 -0.504169 -0.726778 -0.150687 -0.339001 -0.231368 -0.472886 -0.671702 0.113321
-0.401481 -0.420732 0.084094 0.169763 -0.016430 0.052585 0.109974 0.270131 0.115659 0.124872
0.182995 0.048444 -1.303316 -0.327438 0.145778 -1.038791 -0.376514 1.660522 0.729214 0.219311
-0.223495 1.506860 0.422296 -1.329898 0.594343 0.173387 0.248239 -0.651096 0.660480 0.045330
0.062954 0.212104 0.133299 0.053649 0.555993 -0.018354 0.334629 0.240242 -0.014347 0.011308
-0.218689 0.442653 -0.035249 0.307172 0.125650 -0.799941 -0.489412 -0.682923 -0.065815 0.549222
0.062676 0.446377 -1.409385 -1.006017 0.284495 0.052124 -0.829176 -0.357636 -0.475025 -0.459790
0.303532 -0.282046 0.122370 -0.681286 -0.612532 0.090044 0.674592 0.793171 -0.531271 -0.620438
-0.248362 -0.851527 -0.538273 -0.344065 -0.211248 -0.178900 0.423252 0.769977 -0.368542 -0.495752
-0.886111 -1.401667 0.056095 0.610544 0.149456 0.245174 0.112810 -0.060165 0.278401 0.269376
-0.000815 0.151507 0.030766 -0.241468 -0.304867 1.348840 1.686234 -1.324583 -0.612307 -0.168421
-0.725507 1.574505 0.017126 -0.632668 -0.185069 -0.989557 0.561290 -0.897090 -0.776505 0.319037
-0.163304 0.016804 0.131087 -0.094350 0.046150 0.579586 0.084640 -0.089117 0.168417 -0.059825
-0.244399 0.188064 -0.386923 -0.538049 -0.358924 -0.153825 -0.027113 -0.614961 0.251146 0.169515
1.031390 -1.220128 0.634530 -0.480108 -0.858538 0.625316 -0.011935 -1.274780 3.248098 -2.448847
0.463493 6.631229 -6.992535 -0.066433 0.843502 -0.443420 -0.139595 0.689137 -0.834122 -0.164889
-1.161343 0.130468 -0.187349 -1.281860 -0.357533 0.633626 0.070341 -0.669766 -0.816012 -0.694847
-0.369502 0.182455 -0.471945 0.595936 -0.973563 -0.161754 -0.026098 -0.274259 0.245082 1.526514
-0.236563 -0.284996 0.790333 -0.443249 0.152134 -0.447130 -0.206222 0.183557 -0.540883 -0.288642
-0.633262 -0.186304 -0.188021 0.271255 0.793862 -0.577522 -1.480844 -0.145947 -0.916959 0.443737
0.645704 -0.191279 -0.237057 -0.503496 -0.210769 -0.110333 0.312520 -0.517722 -0.493908 -0.403910
-0.128580 0.433828 0.611627 0.516611 -0.109524 -0.588869 -0.128655 -0.543921 0.198565 0.204824
0.310458 -1.907741 1.452553 0.909627 -4.319414 4.634371 0.673784 0.088488 -0.348515 -0.406932
-0.468122 -0.152881 -0.098636 -0.654320 -0.249077 -0.531940 -0.098261 0.481261 -0.981434 0.348251
-0.134484 0.213565 0.717965 -0.597768 -0.334299 -0.725477 -0.651427 -0.125046 -0.529726 0.013553
0.686059 -0.358006 -1.056990 0.348364 -0.627793 -0.447251 -0.305428 0.203056 0.248243 -0.018292
0.533984 -0.112309 -0.086201 0.252742 0.380051 -0.459683 -0.252024 -0.226486 -0.394440 -0.537975
-0.147542 0.072233 -0.490254 0.206727 0.186606 -0.391911 -0.338595 -0.173593 -0.374729 -0.330509
-0.369675 -0.336574 -0.165255 -0.615363 -1.290278 0.982596 -0.372779 -2.356363 2.575886 -0.495093
-0.999528 0.796937 0.042489 0.141822 0.227670 0.285965 0.712883 0.124058 0.047455 -0.153568
0.082440 0.114896 1.370074 -0.837134 -0.027526 -1.524567 -0.438029 0.302847 0.729349 0.403298
0.902815 0.170692 0.052152 0.720813 0.406421 -0.658603 0.553720 -0.412591 -0.253338 0.540980
-0.757553 0.016552 0.710433 -0.057060 -0.246250 0.561369 0.588553 0.214761 0.584592 -0.244183
-0.174998 1.377553 -0.064799 0.868929 -0.024848 -0.968049 -0.343484 -0.234855 -0.313226 -0.758501
-0.780856 -0.020194 0.720030 -0.500382 1.024678 0.825565 0.473030 -0.216825 0.029401 -0.581205
-0.677993 -0.389763 -0.749161 -0.161551 -0.232838 -0.008408 0.116730 -0.029211 0.218361 0.165067
0.287993 0.029915 0.149630 0.054506 -0.358240 -0.359666 -0.260841 0.620032 -0.835736 0.787274
-0.558741 -0.745463 -0.073050 0.302679 0.270986 0.120228 0.241765 0.438172 0.422761 -0.050919
-0.022297 0.231152 0.028518 0.063793 0.519146 -0.355735 0.639820 0.565970 0.338136 0.451268
-0.211021 -0.461368 0.515104 -0.113663 -0.583113 0.787139 0.736342 -0.277493 0.306459 -0.029413
-0.141824 -1.105988 -0.529438 -0.281545 -0.080411 0.303978 1.039247 -0.474756 0.246912 -0.233355
0.357126 -0.534873 0.398872 0.543679 0.692726 -0.877975 -1.046916 -0.634999 0.118542 -0.345520
-0.151355 0.210246 0.308361 0.802737 0.272287 -0.246210 0.679741 0.636819 0.684736 0.107873
-0.721632 0.058998 -0.275044 -0.260190 -0.401785 -0.425983 
