-0.214980 -0.191923 -0.008179 -0.205820 -0.087013 0.037137 -0.341314 -0.196240 0.003672 0.031129
-0.139673 -0.144973 -0.151855 -0.174452 0.089132 -0.012868 -0.258702 0.114100 0.488599 -0.054084
-0.029111 0.710638 0.453818 -0.110602 0.644416 1.224279 0.547865 -0.203344 0.152892 -1.229292
0.299325 1.764570 1.021949 -0.127205 1.704274 0.202882 0.138692 0.160867 0.081290 0.018672
-0.192717 -0.112889 0.011654 0.071362 0.001347 -1.036775 -0.089310 -0.580462 -0.834517 0.242544
-0.487555 -0.670491 -0.709134 -1.002243 -1.409927 2.244988 1.410644 2.468626 1.455085 0.676650
0.812840 -0.743312 -3.457797 0.191584 -0.441717 0.045456 0.057044 0.618989 0.117585 -0.012259
-0.202806 -0.077658 0.071290 0.045891 -0.084005 0.159244 0.073512 -0.060920 0.032744 0.151714
-0.086720 0.253785 0.468282 0.353057 0.234537 0.623849 0.466173 0.731955 1.149612 0.615412
0.135922 1.014377 0.066196 0.032409 0.768530 0.866318 -0.309891 -0.349144 0.409745 0.300780
-0.978027 -0.191919 0.635963 0.911187 1.144144 -0.857616 0.191059 -0.741629 0.086715 0.022188
-0.045697 0.163468 0.072187 -0.037678 0.143544 0.038792 0.013151 0.170692 0.552949 1.042461
-0.211893 -0.475124 0.258490 0.873078 0.932591 0.281543 0.329669 1.857681 0.963312 0.633956
1.247229 1.678431 -0.553419 0.376049 0.186301 -0.066309 -0.242828 -0.206370 -0.590681 -0.675303
0.491342 0.068024 -0.265739 0.421771 0.397531 0.895981 0.364861 -0.312138 0.519798 -0.173050
0.114504 0.981374 0.225936 -0.699598 -0.506901 -0.582374 -0.752055 -0.524565 -0.698528 -1.106939
-0.495393 -0.570598 0.164268 -0.193198 -0.345384 3.472461 -0.963883 -0.098594 1.132363 0.001053
0.127468 0.558424 3.536810 0.025083 0.649687 3.883909 1.677142 -0.565531 -0.417789 0.888691
-0.070649 -0.062354 -0.098319 -0.128828 -0.193298 -0.070204 0.167799 -0.572766 0.196861 -0.269753
0.044210 1.044894 0.220859 0.424659 0.960205 -0.254674 0.031834 1.153952 -0.924914 -1.236832
-0.508038 -1.373820 2.958542 -0.624329 -1.167846 -0.628764 0.427964 -1.403166 -1.154528 -0.092155
-3.228439 5.269583 2.191483 -1.499537 1.278847 -0.772898 -0.803760 -1.166970 -1.835528 1.891671
1.557105 0.774542 0.570881 2.151761 0.722983 0.686513 0.767397 0.379688 -0.189510 0.111466
0.172798 0.442524 0.866999 1.300164 -0.854578 -0.666144 -0.814817 -0.640213 -0.313480 -0.355258
-0.647128 -0.410001 -0.134770 -0.277649 1.837557 -0.082707 0.048794 1.024763 0.325603 -0.588884
-0.393709 -0.259363 0.095796 0.257521 0.236869 -0.057390 0.040908 -0.010704 -0.118514 0.135830
0.093969 -0.026566 -0.114627 -0.267251 -0.682853 0.303066 1.066094 -2.065285 -1.302439 -0.906835
0.412529 0.315453 -0.502801 1.353413 -1.520018 -0.111180 0.454014 0.350135 -0.144451 -0.022825
-0.073112 0.086396 -0.103001 -0.075326 0.057457 -0.124929 -0.029862 -0.527970 1.367954 0.647298
1.018671 0.246332 -0.236537 0.836944 0.946981 0.155572 0.860286 1.149290 0.693207 0.806511
0.659742 0.542614 0.917902 0.152386 -0.160991 0.458473 1.175719 0.275340 1.192785 -0.042550
-0.076758 0.571403 0.506492 0.245932 -0.017904 0.053071 -0.066292 0.076426 0.053376 -0.095171
0.000357 0.113229 -0.120316 0.069378 0.701642 0.486085 0.902376 0.607452 0.155260 0.821465
0.425865 0.184830 0.440379 0.002589 -0.583728 -0.716976 -0.364621 -0.594878 -0.687985 -0.267333
-0.829039 -1.127872 0.725794 0.203244 -0.208560 0.693190 0.282982 0.265971 0.850540 0.864007
0.742096 0.605909 0.589640 0.831037 0.346265 0.528082 0.402767 0.676261 0.834114 0.947118
-0.044024 -0.163902 -0.086702 0.004803 -0.581811 -0.067263 -0.119482 0.075141 0.021596 0.010824
-0.052596 0.148554 -0.170169 0.535265 -0.039922 -0.016539 0.333263 0.118031 -0.350307 -0.193269
-0.034241 -0.422033 -0.423747 0.043176 -0.587028 -0.676135 -0.170503 -1.489317 -2.425495 -1.633721
0.203144 -1.072627 0.227161 2.787728 4.559734 4.478966 0.714327 -0.046609 -0.283292 2.363893
-0.310965 0.231934 1.072194 0.038020 -0.103772 0.802546 0.458765 1.376687 0.946472 1.946134
1.577714 0.426304 0.324812 -0.924570 -0.009699 0.162887 0.005170 0.131739 0.077759 0.159315
0.069498 0.030227 0.076364 -0.094063 -0.106837 0.022040 -0.066386 -0.146320 -0.014576 -0.037548
-0.019088 -0.057579 0.095032 0.282385 0.524805 0.246603 0.526974 0.773887 0.763353 0.982694
1.156803 0.056353 0.133526 -0.018116 0.551319 -0.572255 0.118347 0.131549 0.049142 0.034196
1.987477 2.220066 1.602768 0.768866 -0.335655 0.383882 0.184087 -0.460768 -0.376717 -0.156301
-0.115402 0.039075 -0.155740 -0.033551 0.085446 -0.109719 0.037848 0.096741 0.089898 0.076148
0.054617 0.050380 0.048647 0.040712 0.029581 0.048300 0.060779 0.019735 0.069072 -0.071144
-0.051654 -0.060840 0.070871 0.053971 0.601860 0.038625 0.557530 1.122670 0.776738 0.167991
-0.231938 0.153065 0.191111 0.489924 1.094574 0.400632 2.207599 1.881226 -0.957115 0.130297
0.424697 -0.439365 -1.479678 -1.679536 -0.501286 -0.427508 -0.550134 -0.754623 -0.276583 -0.385060
-1.076012 -0.909591 -0.727673 -0.034843 -0.283805 -0.157853 -0.158923 -0.325822 0.492915 -0.273301
0.074696 -0.200356 -0.093419 0.055659 0.011017 0.075306 0.248207 0.079184 -0.085108 0.079227
-0.182917 0.508500 0.828342 0.500603 0.099430 0.472962 0.204563 -0.256225 -0.317209 -0.131074
0.066164 0.089985 -0.046616 -0.171950 1.052514 -0.929542 0.088314 0.139775 -0.214436 -2.267772
0.232278 -0.797013 1.321796 3.255506 3.857783 -0.101986 3.077232 1.805224 -0.519873 0.059174
-0.986941 -0.815138 -0.168736 -0.650028 -0.519502 0.214383 -0.870174 -0.200051 0.025903 -0.748917
-0.284015 0.986056 0.593398 -0.307453 0.064386 0.604980 0.008015 -0.178838 -0.036632 0.169540
0.089109 -2.343180 0.070396 0.220371 -0.545812 0.614025 0.680961 0.692029 0.593469 -0.167737
0.553413 0.597159 0.718382 0.594523 -1.368892 2.164315 -0.941445 -2.042187 6.405861 0.981269
-1.174550 3.360104 -0.040422 -0.424142 -0.875631 -0.964233 0.705537 0.119914 -0.582478 -0.090585
-0.500712 -1.217461 0.149280 0.026631 -0.076946 0.222537 0.070556 0.316743 0.088211 0.107184
0.033384 0.980071 0.851239 0.678541 0.250155 -0.467510 0.408231 0.964263 0.166276 0.441032
0.014355 0.091043 -0.148151 -0.140635 -0.207252 -0.189943 0.217500 0.231393 0.269199 -0.109221
-0.306536 0.018112 -0.082813 0.741427 0.319491 0.293382 0.137921 0.142605 -0.020525 -0.074366
-0.066018 -0.028257 -0.625567 0.777623 0.146563 0.007764 0.047806 0.046052 0.068369 -0.124900
0.026756 0.047925 -0.109318 0.033701 0.149905 -0.207523 -0.105655 -0.268319 -0.064752 0.359723
0.400959 0.421102 0.525237 0.605809 0.638493 0.320587 0.092756 -0.103716 0.815465 0.087871
0.137451 0.517324 -0.010134 0.051066 0.839573 0.691704 0.954032 0.619935 0.476088 0.730682
0.294191 0.670669 0.460621 0.034374 0.047108 -0.005961 0.147400 -0.041641 -0.141741 0.014301
-0.039487 -0.233962 -1.182126 -3.033115 1.788327 2.521963 -5.117149 -3.272497 4.303249 3.311925
-3.545675 0.031210 0.366834 -0.103569 0.151010 1.029896 0.343893 0.120830 0.828995 -0.039534
0.464748 0.672791 0.692538 0.300958 0.160176 0.780692 0.665386 0.602621 1.006366 0.237232
-0.153440 0.364787 0.472329 -0.248840 0.015511 0.578536 1.885047 0.259648 -0.036451 -0.043238
0.109863 -0.129109 0.121207 0.149756 0.975771 1.180713 0.904398 -0.534357 -0.713124 -0.886061
-0.813000 -0.846421 -1.416920 -0.914819 -0.756649 -1.267689 0.124596 -0.006076 0.061526 0.072581
0.494171 -0.000091 0.180962 -0.086410 0.136388 0.910412 0.632152 1.171740 1.602958 1.768898
1.890813 1.040794 0.651907 1.402024 -0.669105 -0.404633 -1.028174 -0.556184 -0.327371 -0.985581
-0.714670 -0.373183 -1.111378 0.731784 2.475802 -3.524562 4.492447 5.859486 0.218981 -2.754950
0.436657 -4.956823 0.652805 0.559441 0.403835 0.587228 0.031214 0.749133 0.695412 -0.021106
0.486455 -0.061252 0.128076 0.159085 -0.017302 0.617283 0.132033 -0.154159 0.070094 0.203823
-0.642305 -1.586272 -0.096600 -1.252071 0.747717 -1.269018 -1.544243 -2.323821 -0.122953 -0.720339
-0.379487 -0.547109 -0.574838 -0.556144 -0.542435 -0.962737 -0.453951 -0.889208 0.877711 1.003284
1.018249 0.841275 0.378997 0.826961 0.509450 0.787272 0.811997 -0.074331 -0.041748 -0.047645
-0.036020 -0.125922 0.276452 -0.069367 -0.023674 -0.025498 0.605886 0.015914 0.658888 0.618877
-0.604327 0.426615 0.983136 -0.027979 0.341915 0.709489 0.687912 0.608269 0.620644 0.604779
0.477223 0.553376 0.361408 0.589548 -0.006553 0.214778 -0.092752 0.037575 0.348513 -0.066829
-0.198754 -0.389188 -0.235886 0.016926 -0.177913 0.109439 0.192505 -0.372962 0.364127 0.350740
-0.142973 0.145517 -0.115054 -0.229547 0.012170 0.108313 0.101909 -0.050112 0.314602 0.494374
-0.218424 0.003618 0.315620 0.139633 0.373663 0.508958 0.239813 0.228659 0.511437 0.287735
0.381531 0.501046 0.581202 -0.290601 0.403940 0.853273 -0.075200 0.394172 1.036568 0.784798
0.718133 0.793378 0.747835 0.521108 0.572592 0.530679 0.420121 0.308738 -0.671720 1.305136
-0.185914 3.708942 3.789286 -1.850734 -3.396905 -3.075525 -1.984330 -0.094208 -1.154723 0.137764
-0.288681 -0.371293 -0.497980 -0.990422 -1.426097 -0.640590 -0.651660 0.097187 -0.425344 1.117131
1.506201 1.028531 -0.811525 0.667068 0.005417 -0.176634 0.178848 -0.176160 0.330813 -0.005881
-0.317056 -1.554759 -0.516144 -1.151837 -0.729891 -0.842918 -0.673659 -0.423146 -0.747886 -0.519865
-0.729891 -0.925579 -0.401496 0.031285 -0.036827 0.046889 -0.091531 -0.286648 -0.120748 -0.183778
0.243947 -0.073143 -0.162455 -1.040911 -0.207509 -0.134974 0.361552 2.086308 0.806108 0.740303
-1.407324 -0.080515 -0.382757 -0.069818 0.308461 0.414930 0.208792 0.936660 0.788068 0.935997
-0.101936 0.095416 0.009643 -0.158235 -0.098812 -0.103158 -0.084007 -0.095144 -0.129576 0.280974
-0.113880 -0.289877 1.269662 0.236043 -0.154153 0.462975 -0.243290 -0.320521 1.131344 0.712962
1.105949 0.035870 -0.398700 0.881204 0.923740 -0.957388 -0.529167 0.293790 -0.150096 -0.114715
0.091109 0.248292 0.414735 -0.253779 -0.364436 -0.146780 0.518632 0.819896 0.640663 0.171765
0.598397 0.589181 0.766507 0.779219 0.948283 0.024378 0.363207 -0.191224 0.400265 0.640898
0.474141 0.984389 1.193430 0.932129 0.391040 -0.679676 -0.684207 -1.314039 -2.649828 -2.042652
-0.257824 -2.263773 -1.000482 0.528753 0.337038 0.150392 0.576989 0.225665 0.658714 0.438118
0.149931 0.597266 -0.101572 -0.453362 -0.276276 0.297291 0.273754 -0.090224 0.077265 0.205806
0.141500 0.316612 -0.295505 0.621404 0.557913 0.381286 1.140142 1.316432 0.023767 0.928729
0.089167 -0.288506 -0.223117 -0.494582 -0.447555 0.266446 -0.302509 -0.642534 0.144385 -0.837555
-0.920204 0.052117 2.011609 -0.619127 -1.298764 0.067014 -1.595414 -1.066315 -0.058127 -0.130663
-0.014031 -0.013593 -0.047136 -0.053755 -0.017472 -0.037992 -0.085898 -0.121897 -0.188207 -0.223855
-0.591428 -0.630555 -0.254141 0.136288 0.174475 0.131021 -0.038028 0.094486 -0.003121 0.026777
-0.046443 -0.044430 0.145434 0.640274 -0.044819 0.295514 0.771802 0.056774 0.599063 0.755231
0.373096 0.266892 0.528260 0.146000 0.583020 0.644530 0.507678 0.860550 0.385246 0.601267
0.670429 0.525042 0.529162 0.781022 0.440457 0.496440 0.550502 0.584531 -0.040821 0.548856
0.231343 0.193334 0.627528 0.322449 0.126626 0.536201 0.262077 0.309282 0.614081 0.210110
0.279026 0.034365 0.022020 -0.211533 0.115194 0.174452 -0.377815 0.104240 0.143656 -0.219793
0.115558 -0.020049 -0.107872 0.419412 0.437345 -0.113545 0.157005 0.126171 -0.088521 1.031283
0.354206 0.519964 0.938787 -0.730456 0.771517 1.338161 0.683344 0.378195 0.210548 0.533947
-0.331175 -0.147643 2.079962 -0.831825 -0.252419 1.509727 0.227695 -0.306849 0.897162 -0.123980
-0.781951 0.685562 3.241876 -0.756286 0.682140 0.428334 0.499612 0.619799 0.645662 0.967580
0.102235 0.577201 0.622537 0.380642 0.700431 0.411156 0.640843 0.073008 0.867393 0.812039
0.378914 0.578928 0.632854 0.463085 0.105823 -0.137950 -0.168361 -0.032280 -0.016416 0.303368
-0.234332 -0.448553 -0.160881 0.096845 0.151651 0.091857 0.102011 0.127187 -0.062287 0.220529
0.077251 -0.167445 0.709617 0.385678 -0.133704 0.495393 -0.780281 -0.873260 0.026941 -0.181030
-0.195628 -0.474211 -0.796069 0.524863 -0.817606 -1.935134 -0.337611 -1.524336 -1.805912 -0.473813
-0.405583 -0.027356 0.046328 -0.174370 0.617896 -0.453332 -0.622444 -0.112125 -0.007470 -0.172678
0.100634 -0.108695 0.191697 0.764772 0.122361 -0.071162 0.220162 0.096100 0.333141 0.309234
0.016623 0.759832 0.408241 0.674078 0.394209 0.458654 0.443062 0.061123 -0.004513 -0.191834
-0.244958 -0.145481 -0.285357 -0.187046 -0.213784 -0.133571 -0.032863 0.109600 0.106912 -0.061303
0.176019 0.297238 -0.016952 0.014740 0.068673 -0.053779 -0.031860 -0.097450 -0.073102 -0.058973
-0.055455 -0.089911 -0.023343 0.022296 0.295342 0.198744 0.216100 0.266604 0.325502 0.138779
0.837087 0.649866 0.937241 0.068259 0.106837 -0.057727 1.010442 -0.477454 -0.293941 -0.005466
-0.094549 0.028305 -0.022634 -0.049593 0.108097 -0.086698 0.708676 0.018000 0.092877 -0.082926
0.112844 -0.349409 -0.126780 -0.124231 -0.142330 0.014467 -0.145729 0.149043 0.068446 -0.138081
0.042674 -0.399960 -0.141416 0.149684 0.105502 -0.512610 -0.111789 0.115578 0.304190 -3.227207
-12.292461 -4.712886 1.213837 4.555886 -3.052764 -3.442354 3.852297 -5.204235 0.381306 0.281142
0.458990 0.624317 0.530129 0.695456 0.674968 0.524438 0.427404 0.045838 0.108928 0.042941
0.030551 0.119922 0.063048 -0.006089 0.083852 0.068629 -1.011027 -2.373975 -0.048836 -0.594239
-1.323431 -0.606914 -0.349871 -0.063236 -0.119016 -0.443329 -0.835947 -0.423311 0.064591 -0.538348
-0.485233 -0.616017 -1.029186 -0.835413 0.943855 0.545902 0.710974 0.382542 0.114129 0.234936
0.768509 0.234251 0.527408 0.132372 0.154173 0.001599 -0.883098 0.544269 0.071498 -0.034779
0.152417 -0.033555 0.026220 0.055590 0.014272 0.143498 -0.077926 0.338406 0.096955 -0.080484
0.163089 0.914352 0.298810 0.953121 0.666380 0.172721 0.620662 0.773908 0.448032 0.582625
-0.108128 1.976328 -0.120575 -0.161812 -1.002607 -0.218916 0.141479 -0.091928 -0.648388 -0.599559
-0.696497 -0.369821 0.132870 0.104923 -1.333598 -0.305663 -0.448829 -1.215928 0.379531 0.322018
0.788104 0.406864 2.061369 1.606957 0.993671 1.892815 -1.105850 -0.229967 0.030288 0.049070
-0.363139 -0.191850 -0.098060 -0.159743 -0.137838 -0.185524 0.424885 0.927152 0.652769 0.728375
1.212539 0.923602 0.231611 0.849771 0.079200 0.475348 1.072443 -0.067475 -0.051446 0.932793
0.514737 -0.667815 0.334579 -0.297652 -0.544598 -0.537223 -0.816330 -0.490989 -0.438515 -1.153300
-0.639335 -0.312009 -1.493106 0.538071 0.964478 0.892081 0.300019 -0.360452 0.159212 0.474263
0.414750 0.492976 -0.052464 -0.375351 0.005506 0.114891 -0.215146 -0.250159 0.106166 0.014664
-0.123053 -0.070598 0.281146 0.084468 0.152610 0.578341 -0.477893 -0.120303 -0.364715 -0.078588
0.219738 -0.444533 -0.027176 -0.408752 -0.272437 -0.042198 -0.171902 -0.108994 -0.175596 -0.424327
-0.180510 -0.236878 0.286497 0.272049 -0.130131 -0.166252 -0.687821 -0.202088 -3.684019 -2.685327
-2.595425 2.771320 4.553720 -1.885006 3.054706 5.804528 0.769540 -1.127265 -0.501954 -1.990762
2.555816 2.962836 -1.194912 0.889647 -0.403041 -2.605840 -0.249928 -0.316432 -0.279747 -0.213350
-0.382936 -0.123891 -0.299699 -0.165939 -0.246066 -3.294511 -1.875285 0.031109 2.271783 -10.850104
-0.280357 2.047158 -5.271898 -0.661114 -0.273815 -0.146694 -0.162537 -0.038141 -0.331785 -0.304384
-0.359930 0.050280 -0.075164 -0.172487 0.058691 0.131270 -0.307117 0.662620 0.166999 -0.078795
-0.020973 0.336910 0.610041 1.489617 1.144582 0.622876 1.317477 0.142790 -0.580973 -0.063137
0.105228 -0.037258 -0.074860 0.032185 0.032730 0.037315 0.033618 0.044795 0.467730 0.079159
4.058502 0.212326 -2.486793 5.467219 -3.697591 -2.579931 -4.007276 -2.388998 2.095612 -0.193008
-0.091177 -0.083459 -0.109890 -0.183037 -0.152713 -0.376182 -0.419345 0.047296 -0.108549 -0.048860
0.019456 -0.066636 -0.311035 0.028295 -0.044424 -0.296423 -0.143515 -0.210827 -0.106974 -0.045478
-0.109011 -0.199287 0.008765 -0.082064 -0.117292 -0.081181 -0.046152 -0.221059 -0.061163 0.383750
-0.137980 0.072456 0.005255 1.786360 0.145360 -0.948989 -0.197917 -1.294667 2.687480 4.927528
-0.646973 -2.397371 0.832801 -0.032858 -0.556829 -0.578612 -0.381884 -0.548207 -0.159969 -0.331284
-0.609018 -0.380976 -0.516894 -1.448601 0.372534 -1.349951 0.022492 -2.949123 -1.448601 1.361633
6.064394 -1.098133 0.012456 0.045439 -0.041574 0.013642 0.038878 0.133557 -0.005798 0.058691
-0.032188 -0.010257 0.417446 -0.170395 -0.127376 -0.363628 -0.089446 0.013266 0.165261 0.128173
0.602845 0.754278 0.606090 0.581933 0.290426 0.098251 0.907152 0.458263 0.647554 -0.736516
-0.603913 -0.211647 0.151071 -0.027910 -0.289952 -1.052693 -0.601697 -0.614255 0.384420 0.260154
0.275328 0.505816 0.728375 0.681348 0.678067 0.196858 0.504449 0.096557 -0.371283 -0.032020
-0.059137 0.749571 0.006640 -0.308468 0.018316 0.188794 0.124445 -0.079413 -0.014030 0.367272
0.251123 0.147100 -0.105619 -0.402691 -0.279682 0.702387 0.452419 0.640893 0.417679 0.130375
0.458808 0.404901 0.392123 0.412088 1.275213 0.867990 0.523824 0.616470 1.424575 0.265611
-0.058345 0.318627 0.052224 -0.052316 -0.182193 -0.023597 0.008950 0.161998 -0.117730 -0.194339
-0.253606 -0.285216 0.335228 -0.848193 -0.830944 2.675821 1.906372 1.526898 -0.856443 0.293980
-1.187171 1.355738 0.553623 1.127346 0.440950 0.112978 0.499114 0.528653 0.176167 0.793588
1.038674 0.655930 0.615549 0.733181 0.778830 0.286531 0.640480 0.837821 0.428391 0.363725
1.607929 -0.079565 -0.198912 -0.428873 0.147486 -0.144020 0.097723 0.071733 0.181874 0.979183
-0.482855 0.169321 1.911825 0.471526 0.388550 1.424377 -0.093769 0.105128 0.898669 -0.318952
1.081312 0.587799 -0.239349 0.657839 0.666998 -0.041620 -0.206018 -0.208524 0.026938 0.109453
-0.292292 -0.152679 -0.449624 -0.599260 -0.166640 0.113717 -0.082695 -0.182733 0.198646 0.305926
-0.223857 -0.043672 -0.026954 -0.176028 0.597459 0.864671 0.669058 0.286397 0.582043 0.399105
1.115440 0.833154 0.826988 0.526863 0.446850 -0.588164 0.221650 -0.816913 -0.315376 -0.402326
-0.218747 -0.149138 -0.713966 -1.545771 -0.457493 -1.655908 -0.797147 -2.911318 -0.924998 0.717047
0.983533 -0.810896 0.323842 -0.155470 -0.244333 0.183855 -0.176920 -1.935312 -1.348267 -1.430840
-0.086304 -0.126568 -0.101398 -0.222322 -0.261555 -0.066732 0.180402 0.219456 0.161860 -0.007953
-0.813978 0.048159 0.604036 3.804294 0.094847 -0.231095 0.313782 -0.290933 0.513132 0.178148
0.421599 0.358209 0.317497 0.515044 0.471874 0.284982 0.255473 -0.577298 0.802102 -0.289323
-0.952272 1.656359 -1.603306 2.017845 1.320052 1.548453 0.448617 0.079127 0.033170 0.585776
0.956529 1.608116 0.528437 0.331983 0.218933 -0.128404 -0.041421 -0.277199 0.097418 -0.005939
-0.346659 -0.030687 0.097418 -0.271305 2.809949 -1.759126 -1.952587 -3.321618 -3.084813 1.630151
-0.061184 -0.747417 5.970878 -0.061527 0.093057 -0.050704 -0.087818 0.143514 0.011243 -0.093600
0.132444 0.005294 -0.104715 -0.156995 -0.396328 -0.349629 -0.521474 -0.027011 -0.128320 -0.120127
-0.286544 -0.196357 0.140225 -0.200788 0.077393 0.105986 0.077604 -0.265678 -0.398200 -0.261035
-0.542379 -0.893711 -0.804340 -0.356189 -0.691007 -0.815349 -1.081520 -0.895654 -1.165710 -0.004502
-0.022545 0.078192 -0.167936 0.010980 0.331948 0.117043 -0.105709 0.067240 0.608741 0.553212
0.818401 0.266746 -0.106581 0.465767 0.471216 0.438262 0.717722 0.300503 0.346939 0.725851
0.186506 0.683982 1.123603 0.877720 0.973637 1.177652 2.551258 -1.789709 0.794363 6.934608
2.299687 0.309166 5.671284 -1.162832 -1.325533 0.280946 0.069904 0.112764 0.444676 -0.236027
0.011388 0.347661 -0.030716 -0.030384 0.464429 0.068990 0.395752 -0.180942 -0.182197 1.764893
0.215437 -0.255734 1.639456 0.183741 -0.196606 -0.039534 -0.744189 -0.396609 0.133255 0.336657
-0.118388 -0.066081 -1.579495 -0.097536 -0.214727 3.161355 -0.031866 -1.705997 3.676819 -0.419406
-3.445097 0.380586 0.627717 1.306217 -0.065104 -0.488946 2.784865 -0.533530 0.275180 0.545635
-0.551134 -0.990305 -1.123966 -0.948645 -0.597134 -0.287501 -0.608851 -0.233472 0.072580 -0.147522
0.514824 0.256840 0.333391 1.291209 0.675367 -0.079985 -0.142228 -0.796131 0.088384 0.032749
0.080876 0.127580 0.047661 0.092112 0.055971 0.011812 -0.005132 -0.003121 -0.047861 0.015067
-0.096270 -0.096818 -0.085704 0.121081 0.038097 0.132587 -0.063225 -0.260752 -0.104437 -0.135154
0.638569 0.121587 0.667579 1.544032 0.290103 0.260666 0.319193 -0.078138 -1.073157 3.405379
0.018951 1.427269 -0.660026 -0.937905 0.271470 0.390727 0.367082 0.347871 0.465799 0.737712
0.555353 0.797414 0.595253 -0.079050 -1.147564 -0.321837 0.061249 -1.474473 -0.834934 -0.173224
-1.355734 -0.662085 0.257463 0.309262 0.074758 -0.313355 1.467270 -0.321029 -0.082368 0.435628
-0.038722 -0.055102 -0.142981 -0.176978 -0.114596 0.106870 -0.478881 -0.254405 -0.209185 -0.095077
0.001220 -0.048769 0.073376 0.326823 0.239840 -0.113053 0.190117 0.134672 0.011310 0.523555
0.208188 0.759893 0.323346 0.535598 0.709915 0.715937 0.626821 0.719550 0.041487 0.210051
0.084852 -0.114543 -0.141821 -0.085053 -0.095910 0.549055 0.043062 0.328780 -0.082334 -0.294567
0.091583 -0.414174 -0.430585 0.200411 0.524880 0.625294 0.536696 0.417693 0.396940 0.411125
0.168916 0.550094 0.573737 0.586872 0.550094 0.097429 0.267734 0.514572 0.136087 0.206090
0.622710 0.408784 0.568902 0.830106 -0.065733 -0.146961 0.006142 -0.057228 0.027650 0.132223
-0.202880 -0.223265 -0.057744 -0.459614 -1.087914 -1.001953 -1.058336 -0.594794 -0.989013 -0.797680
-1.368905 -0.797680 -0.092887 -0.069749 0.050116 0.000785 -0.294935 0.125770 -0.068741 -0.001229
-0.004317 0.124932 -0.470582 0.038856 0.041564 -0.240852 -0.111221 -0.001596 -0.123494 0.046023
-0.219051 -1.019601 -1.188710 0.188888 0.115088 -0.990427 -0.267015 0.335252 0.261081 -0.106718
-0.282764 0.846475 0.962729 1.296960 1.254576 0.377220 0.113605 0.669067 0.270806 -0.496090
-0.242161 -0.517457 0.645970 0.355500 0.000121 0.724007 -0.040334 -0.059917 -0.426964 -0.086060
-0.113746 -0.301376 -0.082766 -0.057332 0.012759 0.014343 0.478794 0.153398 1.186718 0.275849
-0.106382 0.581456 0.441597 0.220947 1.204572 0.159490 -0.364244 0.032074 -0.037120 -0.216833
-0.099471 -0.113616 0.058108 -0.133801 
