-0.150481 -0.078682 -0.001429 -0.390451 -0.150481 0.081367 -0.169755 -0.075584 -0.004098 -0.041957
-0.040580 0.013140 -0.024988 -0.056482 -0.005275 0.032337 -0.004819 0.007077 -0.045468 -0.041096
0.003567 -0.019963 -0.016581 -0.015773 -0.018397 -0.034677 -0.033455 -0.001846 -0.060474 -0.032061
0.034109 -0.047567 -0.047567 -0.006028 -0.069596 -0.029755 -0.013544 -0.033197 -0.004055 0.048152
0.079508 -0.015575 0.007503 0.001511 -0.040477 0.003263 0.012778 0.006053 0.017063 0.034987
0.060819 -0.018896 -0.011401 -0.012296 0.048565 0.004259 0.018328 0.004862 0.015024 0.015730
-0.069251 -0.053659 -0.032733 -0.015205 -0.006385 0.019825 -0.006656 -0.009870 0.009026 -0.020462
-0.034213 -0.030977 -0.020875 -0.046500 -0.015033 -0.079784 0.041372 -0.036071 -0.006333 -0.082055
-0.029205 -0.110210 -0.025281 -0.018018 -0.381915 -0.424595 -0.013966 -0.106631 -0.029256 -0.032354
0.034505 -0.010068 0.013828 0.069561 0.012038 0.061576 0.021305 -0.027226 -0.016564 0.181733
-0.116956 -0.003293 0.485999 -0.108696 -0.051491 0.147727 -0.119021 -0.043609 0.011659 -0.014843
-0.020032 -0.011109 -0.012305 -0.007280 0.019998 -0.041062 0.003999 -0.003648 0.006032 0.017545
0.004797 -0.012881 -0.006010 0.010257 -0.000410 -0.006251 -0.001438 -0.022854 -0.020961 -0.042370
-0.070697 -0.049116 -0.049391 -0.053797 -0.016556 -0.033266 -0.020565 -0.053763 -0.027811 -0.048187
-0.005051 -0.025436 -0.015600 0.046294 -0.001724 0.011027 0.006277 -0.008506 -0.014159 -0.012562
0.004707 0.002299 0.015563 -0.031563 -0.006403 -0.017858 -0.070315 -0.164568 -0.050075 0.098196
0.170151 0.070943 -0.015668 -0.008301 -0.003274 -0.013548 -0.011376 -0.011908 0.002772 -0.000113
-0.003199 -0.007790 0.010434 -0.019960 -0.017047 -0.004781 -0.022403 0.022822 0.020885 -0.015284
-0.001200 -0.009814 -0.002458 -0.008349 -0.004973 -0.019821 0.016820 0.025317 0.002395 -0.016637
0.010477 0.007367 -0.006888 -0.007647 0.003324 -0.004554 0.001398 0.013609 0.005841 0.031563
0.003815 0.005958 0.031127 -0.006813 0.033639 0.048365 0.019158 0.003836 -0.003167 0.002990
-0.018442 -0.028963 -0.030289 -0.000362 -0.006626 -0.005339 -0.016113 -0.012056 -0.012781 -0.023904
-0.019454 -0.005666 -0.015136 -0.012466 -0.009492 0.012719 0.009151 0.004750 -0.007127 0.013793
-0.005343 -0.021356 -0.007241 0.013313 0.000169 -0.003887 -0.001180 -0.011167 -0.012597 -0.006360
0.019001 0.021880 0.032697 0.003261 0.003298 0.007001 -0.005008 -0.015188 -0.016802 0.018320
0.006050 -0.022246 -0.006150 -0.004968 -0.007913 -0.008078 -0.007612 -0.006451 0.019768 0.016139
0.019838 -0.022054 -0.049901 -0.006155 0.042398 -0.007956 0.035908 0.082842 0.257391 0.059881
0.005261 -0.010696 -0.009928 0.028370 0.028545 0.022194 -0.001953 -0.249714 -0.006792 -0.010835
-0.020955 -0.019943 0.005514 -0.001385 -0.012327 -0.067698 -0.174060 -0.051471 -0.005257 -0.018360
0.009270 -0.007196 -0.007609 0.005662 -0.008063 -0.018426 0.003078 -0.001644 -0.003203 0.017182
-0.004255 -0.012739 0.004435 -0.001945 0.004107 0.008935 -0.006676 0.005146 0.021617 -0.010735
0.002461 0.009393 -0.004422 -0.002485 0.005404 -0.006950 0.049942 0.004089 0.012101 0.114219
-0.011266 0.006582 0.061200 -0.005044 -0.000278 0.004210 0.031451 -0.002291 0.013737 0.033546
-0.004036 0.002405 0.038455 -0.006713 0.001066 -0.004044 -0.013549 -0.004316 -0.020422 -0.007740
0.000117 -0.010391 0.003710 -0.002397 0.014621 0.008292 -0.009990 0.021027 -0.009221 -0.021453
0.027622 -0.012134 0.002107 0.009401 -0.000946 -0.000949 0.008591 -0.007241 -0.003890 0.005470
-0.009278 -0.009565 0.007065 -0.001141 -0.006950 0.020029 0.002489 -0.007896 0.008452 0.002436
0.005400 -0.001824 -0.001028 0.003318 -0.005838 0.003958 -0.001140 0.001232 -0.005425 -0.018540
0.012821 -0.012698 -0.025004 -0.065651 -0.013181 -0.022909 0.023318 0.003796 0.001890 0.005122
0.009982 0.008763 0.010383 0.004430 0.002860 -0.000545 -0.001138 -0.021469 0.008779 0.002712
-0.021175 0.022206 0.001071 -0.036131 0.030682 0.002236 0.007785 0.000369 -0.002831 -0.005183
-0.004259 0.000587 0.005322 -0.001555 -0.004754 -0.002888 0.002700 -0.001942 0.006582 0.015766
-0.008599 -0.015865 0.008329 -0.002727 0.013615 0.006873 -0.006128 -0.009532 0.009025 0.008190
-0.005564 0.003827 0.008160 0.000609 -0.000562 -0.004428 -0.021373 -0.015245 0.008692 0.011724
0.011447 -0.024618 -0.044427 -0.016182 -0.004548 -0.018543 -0.003599 -0.004165 0.001536 -0.009346
-0.003255 0.001741 0.000432 0.001473 0.000162 0.001224 0.006000 0.004407 0.007532 -0.001565
0.000212 0.000902 -0.000094 -0.011788 -0.011841 0.033321 0.022448 0.009086 -0.005083 -0.003870
-0.002989 0.007373 0.005692 -0.003460 0.017618 0.029640 0.016341 -0.005208 -0.000411 -0.003051
0.002763 0.000485 -0.000715 0.000109 -0.003064 0.004019 0.002555 -0.001110 -0.001229 0.002407
0.009953 0.000942 0.001902 0.007665 0.008080 -0.000970 0.001468 0.005040 -0.001799 -0.006553
0.001899 0.011405 0.009846 0.010548 -0.002509 0.008718 0.005109 -0.011288 -0.004519 0.009676
0.000699 0.000123 -0.000903 0.001606 0.001680 0.000948 -0.002021 0.003979 0.005375 -0.004458
-0.006186 0.011426 -0.005080 -0.013884 -0.009373 -0.006803 -0.015245 -0.003311 0.009793 0.010192
0.020543 -0.003426 -0.000956 0.003125 -0.007256 -0.012735 -0.011256 0.008139 0.001341 -0.007059
0.004218 0.002282 0.002515 -0.002109 -0.004362 -0.003221 -0.002551 0.001062 0.004016 -0.000147
-0.004620 -0.000350 0.014096 0.013724 0.011171 0.002261 -0.005564 -0.002931 0.001289 -0.005974
-0.005330 0.021501 0.047023 0.025469 0.011213 -0.006596 0.008314 0.013309 0.032406 0.008149
0.018203 0.067577 0.020565 -0.004458 -0.022682 -0.002390 0.025042 0.001115 -0.005215 0.038329
0.013339 -0.009413 0.031111 0.003524 -0.005623 0.004169 -0.004279 -0.004924 0.001487 -0.003841
-0.005362 0.003559 0.005557 0.000040 -0.004018 -0.001039 -0.000877 -0.001164 -0.000433 0.001844
-0.000511 0.001643 0.000487 -0.002292 -0.002392 -0.000451 -0.000687 0.000328 0.001688 -0.001693
-0.000524 -0.001917 0.003767 0.000109 -0.000239 -0.000863 0.003014 0.002234 -0.002000 0.000030
-0.002705 -0.004493 -0.002559 0.003384 -0.003528 0.001985 0.006146 -0.003047 -0.003712 0.002594
0.003139 0.003633 0.000977 0.002116 -0.002083 -0.001282 0.003581 -0.007991 -0.008455 -0.001374
-0.002083 -0.001405 0.002989 -0.002712 -0.001685 -0.003937 -0.003018 -0.000769 -0.017706 -0.020579
0.000573 -0.026781 -0.093864 -0.003464 -0.017441 -0.023879 -0.000669 -0.004839 -0.027885 -0.001883
-0.010820 -0.053856 -0.003101 -0.014348 -0.028150 -0.002480 0.005082 -0.006736 0.000924 0.011291
-0.000316 0.000719 0.008006 -0.003171 0.001751 0.031200 0.019017 0.004335 0.055623 0.041423
0.006434 0.037328 0.025352 0.008824 0.003570 0.000342 -0.000420 0.004508 -0.011556 0.000427
0.008559 -0.011512 -0.000586 -0.001948 0.002709 -0.000793 0.000705 0.004360 0.001712 0.001264
-0.000928 0.002613 -0.002434 0.002756 -0.000705 -0.000480 0.003103 -0.000104 0.001565 -0.001678
-0.000981 -0.001881 0.000872 0.004047 0.000238 -0.004279 -0.001172 0.000757 -0.004648 -0.000439
0.012443 0.015267 0.003411 0.000378 -0.008023 -0.009334 -0.001950 -0.003973 -0.004596 0.008491
0.008844 0.006001 -0.000004 -0.001457 -0.003384 0.005758 0.007514 0.002613 -0.019788 -0.037283
-0.010013 -0.002051 0.005804 0.000967 0.006694 0.005135 0.005933 -0.005272 0.005263 0.000818
0.001660 -0.002863 -0.004041 0.004571 0.002412 -0.004234 -0.029782 -0.052852 -0.015010 0.001060
0.008537 0.004979 0.003487 0.004605 0.000775 0.002863 0.004527 -0.001852 -0.007446 0.002020
-0.000398 0.000817 0.001104 0.001863 0.041996 0.070971 0.025326 0.036091 0.063195 0.019146
0.006102 0.004929 -0.003310 -0.006639 -0.001551 -0.003860 -0.021291 -0.092061 -0.017844 -0.000438
-0.000987 -0.001664 -0.001093 0.000558 -0.005978 -0.007436 -0.003324 -0.005332 -0.008945 -0.002909
-0.006836 0.002177 0.006441 0.001676 -0.007826 -0.002280 -0.001897 -0.005437 0.000046 -0.000787
0.009573 0.013947 0.006263 -0.010416 -0.000594 0.002343 -0.006148 0.002361 0.006011 0.006052
0.010251 0.004637 0.000364 -0.003645 -0.009023 0.002524 0.000705 -0.004997 0.036274 0.047681
0.020283 0.001668 -0.006859 -0.000650 -0.016991 -0.017459 -0.013607 0.001700 0.005332 0.000699
-0.001009 0.000265 -0.002980 0.003494 0.002760 0.002224 -0.008615 -0.006024 -0.000134 -0.005066
-0.002969 -0.004030 -0.009220 -0.008761 -0.003844 0.000836 0.001986 -0.000971 -0.009238 -0.010224
-0.007436 -0.003888 -0.003856 -0.002337 0.003969 -0.002198 0.006616 0.006545 -0.001826 0.021510
0.003255 -0.002899 0.013311 -0.000024 -0.001453 0.011321 -0.000172 -0.000861 0.008340 0.004243
0.001956 -0.000487 -0.004617 0.002017 -0.003020 0.006337 0.003308 0.002408 0.001240 0.002065
0.001644 0.009419 -0.037111 -0.010826 0.015849 -0.073515 -0.019122 0.008831 -0.043585 -0.015460
0.001214 -0.002620 0.004413 0.003060 0.002549 0.005139 -0.002667 -0.004320 -0.003372 0.008668
0.011347 0.007443 0.012541 0.025189 0.058055 0.012170 0.010472 0.008721 0.003124 0.001116
-0.002565 0.000244 -0.003387 0.011303 -0.008044 -0.012364 0.013558 -0.002348 -0.004891 -0.001497
-0.001695 -0.002656 0.006487 0.003684 -0.001044 -0.001320 -0.003082 -0.007129 -0.003653 -0.004785
-0.004188 -0.009083 -0.004451 -0.005236 -0.005789 0.003644 -0.003345 -0.000434 -0.001646 -0.003456
0.000904 0.001007 -0.000040 -0.000286 -0.003540 0.010481 0.040437 -0.001590 0.019865 0.089647
-0.000915 0.015778 0.048680 -0.001289 -0.002472 -0.002181 0.004873 0.002030 0.008261 -0.000477
-0.003306 -0.000888 0.003434 0.001846 0.008499 -0.002125 -0.008393 0.017583 -0.004447 -0.014478
0.021386 0.000011 -0.001248 -0.002036 0.002866 0.001000 0.001155 0.000029 0.000823 -0.000802
-0.002912 0.000902 0.001247 0.000034 0.002406 0.002518 -0.002234 -0.004274 0.004199 -0.000636
-0.000539 -0.003622 -0.002138 -0.002627 0.007190 -0.004639 -0.003582 0.006770 0.001143 -0.041670
-0.006373 -0.009526 -0.065606 -0.011727 -0.003637 -0.045911 -0.008900 -0.002873 -0.007209 -0.004839
-0.004731 0.000994 0.001105 0.003084 -0.001122 -0.000895 0.005092 -0.005016 -0.003976 0.007434
0.005128 0.000102 0.003375 0.001993 -0.004799 0.008908 -0.003924 -0.005655 0.013389 -0.006715
-0.002721 0.011936 -0.007683 0.002237 -0.000139 -0.004329 -0.007394 0.008827 0.007896 0.000404
0.005289 0.004671 -0.001595 0.000134 0.003608 0.001432 0.001530 0.004867 0.004683 0.003665
0.006128 0.004177 0.005683 0.002699 0.001270 0.000755 0.003241 0.002239 -0.005924 -0.010040
-0.005751 0.002815 -0.001644 -0.000964 -0.000310 -0.006566 0.001251 0.005068 0.005365 -0.000528
0.003159 0.017574 -0.002416 0.007398 0.049510 0.004996 0.004952 0.019646 0.001142 -0.007137
-0.002841 0.003994 -0.006630 0.009896 0.013100 -0.006454 -0.003998 0.010908 0.001830 0.002536
0.000695 -0.005016 0.001281 0.008602 0.000974 0.002554 0.006209 -0.005775 -0.007759 -0.014185
-0.020353 -0.023406 -0.029895 -0.004325 -0.009582 -0.021173 -0.001266 -0.003665 -0.000568 -0.002835
-0.001382 0.001118 -0.004490 -0.009036 -0.000326 0.002936 0.003195 -0.000776 0.000688 0.002618
0.000548 0.003825 0.000829 -0.000549 0.003285 0.000681 -0.000438 0.006361 -0.001161 -0.000567
0.004410 -0.003799 -0.003504 0.005811 0.014819 0.002201 0.000449 -0.008369 -0.006020 -0.002357
-0.001385 0.000920 -0.009114 -0.009452 -0.001887 -0.004596 -0.001973 0.000072 -0.001885 -0.000140
-0.004197 -0.002918 -0.001186 -0.001518 -0.003846 -0.001284 -0.004182 0.000988 -0.000398 0.003861
0.002721 0.011757 0.003477 0.005715 0.010269 0.004862 -0.004191 -0.002585 -0.005772 0.010952
0.007735 0.000609 -0.001648 0.002879 -0.002303 -0.006671 0.005555 -0.000855 0.013861 0.014466
0.006544 0.009719 0.042309 0.008467 -0.005328 -0.010081 -0.008322 -0.001349 0.002250 0.005724
0.000332 0.001575 0.004076 -0.000207 0.001034 0.004533 0.001164 -0.002951 0.005772 -0.023211
-0.058299 -0.016232 -0.016885 -0.022703 -0.014393 -0.003828 -0.008648 -0.004699 0.004496 0.014829
-0.000336 -0.000811 -0.001358 -0.002330 -0.001739 -0.003550 0.000390 0.003801 0.002430 -0.002451
0.008043 0.004291 0.002845 -0.002092 0.000145 -0.000608 -0.002132 0.001489 -0.000036 0.004306
0.002209 -0.001823 0.002058 0.005310 0.009501 -0.003607 -0.000476 -0.001233 -0.003571 -0.002209
-0.006580 0.001881 -0.003907 -0.002313 0.001851 -0.002681 -0.005981 0.000720 -0.000868 -0.000291
-0.006761 -0.012325 -0.001354 -0.031907 -0.059557 -0.027166 0.007941 0.007402 0.004406 0.005026
0.006550 0.006919 0.000564 0.000850 0.002052 -0.000604 -0.002724 0.000370 0.005434 0.010100
0.004131 0.002898 -0.004932 0.002983 -0.000707 0.004022 -0.000953 0.003112 0.003072 0.005691
0.001146 -0.001755 0.001263 -0.003846 0.002688 -0.002245 -0.000633 -0.001056 0.000764 -0.006979
-0.012703 0.001772 0.005391 -0.004497 -0.002675 -0.012126 -0.031380 -0.008556 0.023185 0.032957
0.001656 0.063871 0.092386 0.032246 0.002516 -0.003984 -0.000142 0.002154 0.000077 -0.001459
0.003051 0.000218 0.001181 0.003501 0.008139 0.006307 -0.001003 -0.001831 -0.003662 -0.007862
0.003334 -0.004850 -0.000981 0.003431 -0.004669 -0.003631 -0.007934 -0.001639 -0.005011 -0.004772
0.000616 -0.002726 -0.000486 -0.001947 -0.006002 0.001047 0.002070 0.000984 0.000081 -0.002262
0.005200 0.012903 0.000181 -0.002040 0.005072 -0.005638 0.007884 0.016967 0.000931 0.001052
0.002100 -0.000838 -0.006685 -0.010932 -0.008522 -0.002594 -0.001285 -0.003567 0.001124 -0.000543
-0.001593 -0.001627 0.006202 -0.002340 -0.002641 0.005785 0.000990 0.001802 0.004819 0.004061
-0.005188 0.004258 -0.002515 -0.000128 0.010366 0.002565 -0.002398 0.007840 0.003534 -0.010810
-0.001746 -0.006268 0.009910 0.011271 0.007734 0.001657 0.001450 -0.003656 -0.002378 -0.002423
-0.011071 0.001115 0.000838 0.002200 0.001334 -0.000032 0.001119 -0.000521 0.000277 0.003337
0.012936 0.002194 -0.000285 0.006601 0.009083 -0.001922 0.028560 0.059829 0.021598 0.010077
0.040530 0.015679 -0.000121 -0.006918 -0.005757 0.001900 0.027827 0.007529 -0.030270 -0.070000
-0.015168 -0.008900 -0.019532 -0.005408 -0.024362 -0.108021 -0.017789 -0.051479 -0.053833 -0.027538
0.002063 -0.028483 -0.003286 0.005875 -0.100774 0.002143 -0.002304 -0.048541 -0.004049 -0.006886
-0.006063 -0.003554 -0.009273 -0.007578 -0.002581 -0.001870 0.001019 0.005296 -0.004981 -0.005409
-0.002935 -0.005191 -0.006466 -0.003315 -0.003023 0.001353 -0.002828 -0.007805 -0.008803 -0.004318
0.006391 -0.010910 0.000127 -0.003718 -0.015593 -0.004270 0.005132 -0.001035 -0.000124 0.002834
0.001028 0.003086 0.004116 -0.001245 -0.003378 -0.004909 -0.002419 -0.000415 0.007108 0.007872
0.016936 -0.000394 -0.006395 0.000343 0.002379 -0.002925 0.005959 0.002503 -0.005644 0.006235
-0.006680 -0.017792 -0.006026 -0.003560 0.000104 0.003323 0.008342 -0.002033 0.000999 -0.004888
-0.005589 -0.001717 -0.018144 -0.019923 0.001922 -0.054180 -0.108831 -0.007721 -0.021585 -0.020695
-0.001880 -0.047601 -0.030346 -0.001295 -0.099230 -0.149046 -0.001270 -0.062875 -0.033535 0.000594
0.007029 -0.012798 -0.007536 0.023633 -0.001056 0.018832 0.011162 -0.004901 0.003405 0.084191
-0.002157 -0.010180 0.160594 0.022508 -0.015643 0.093456 0.006785 -0.006210 0.000775 -0.001939
-0.001244 -0.008250 0.005254 0.003193 -0.007872 -0.000265 -0.004419 -0.001291 -0.006126 0.003011
-0.000756 -0.002444 0.002860 -0.003699 -0.008497 0.002436 -0.005325 -0.001455 0.004360 0.005195
0.002992 -0.002797 0.011019 -0.004557 0.004507 -0.003470 -0.003225 -0.000940 0.015190 0.002369
0.002285 -0.005631 -0.003441 0.001296 -0.003721 -0.006674 0.000143 -0.000260 -0.007172 -0.004646
0.011545 0.018417 0.010614 0.001610 0.009665 0.001703 0.030251 0.048656 0.017612 0.026743
0.034144 0.014260 -0.004025 -0.001787 -0.000830 0.004670 0.005586 0.002792 -0.000431 -0.001102
-0.001822 0.000147 -0.003676 -0.003238 -0.001695 -0.005043 -0.003610 0.000964 0.011623 0.002440
0.000966 -0.002485 -0.001460 -0.000814 0.001801 0.000690 -0.000443 0.002781 0.002628 -0.000303
0.002545 0.004217 -0.003088 0.005698 0.004652 -0.004112 -0.001963 0.002138 0.001952 0.005830
0.000379 -0.003817 0.001377 -0.000766 -0.002356 0.002026 -0.000298 -0.002511 -0.000163 0.000696
0.003175 0.002856 0.002233 -0.000867 -0.003349 -0.002551 -0.002615 -0.004773 0.004520 -0.004007
-0.005283 -0.000916 0.000280 0.005094 0.003148 -0.001219 -0.002613 0.002873 -0.003986 -0.004806
-0.001424 0.001817 0.004352 -0.001452 -0.004854 -0.001940 0.002606 -0.001709 0.000506 0.006770
0.009317 0.011503 0.006151 0.003346 -0.001542 -0.000794 0.003899 -0.002748 -0.000779 0.006349
0.008169 0.006064 -0.002670 0.000679 0.000727 -0.004550 -0.003992 -0.000251 0.007629 0.012008
0.003388 0.003505 0.009227 0.001125 0.001982 -0.001298 -0.005154 -0.002526 0.005157 0.003772
0.002232 0.005169 -0.001191 -0.004682 -0.019715 -0.000294 -0.024556 -0.026118 -0.010410 0.001168
0.003478 0.007377 -0.034576 -0.068960 -0.024244 -0.012999 -0.011233 -0.006253 -0.003018 -0.009920
0.001068 0.000971 -0.012844 0.018438 -0.004745 -0.010375 0.000670 -0.005638 -0.018158 -0.005765
-0.004645 -0.014971 0.002622 0.003314 0.004343 0.005599 -0.001019 -0.000145 -0.005201 0.001214
-0.000844 0.001224 -0.004990 -0.002902 0.003561 0.005870 0.016959 -0.037787 0.011259 0.036492
-0.074034 0.012073 0.032026 -0.048048 -0.002388 -0.003425 -0.010559 -0.000041 0.002767 -0.007937
-0.007389 -0.002199 -0.016153 0.002683 0.020522 0.045072 0.004135 0.025232 0.141484 0.006741
0.033392 0.050430 0.008851 0.001691 -0.001749 0.007096 -0.007687 -0.002572 -0.010769 -0.022939
-0.018123 -0.002210 -0.002500 0.000584 -0.001429 -0.008291 0.003664 -0.005997 -0.007009 -0.009175
-0.001073 -0.015733 -0.014674 0.000257 -0.021170 -0.014919 -0.003106 -0.014096 -0.010821 -0.001788
-0.005371 -0.011688 -0.004051 -0.005227 -0.007823 -0.002506 -0.002167 -0.009307 -0.014700 -0.000553
0.033707 -0.002646 0.018841 0.214327 -0.011767 0.006698 0.052741 0.001132 -0.007976 -0.001709
0.013921 0.001038 0.013921 0.006067 -0.007744 0.002990 0.002335 -0.006873 0.001789 0.000953
-0.002578 0.008935 -0.000067 -0.007613 -0.009263 -0.002362 -0.002436 -0.002743 0.001802 0.002094
-0.000282 0.001007 0.003447 0.000297 -0.009858 -0.005279 -0.001865 -0.001164 -0.001086 -0.000744
-0.000143 -0.004872 -0.002294 -0.006234 -0.008961 -0.011364 0.004303 0.007297 0.005975 -0.006558
-0.009613 -0.011644 -0.001475 -0.015017 -0.003990 -0.010109 -0.004765 -0.005077 0.024750 0.051036
0.015250 -0.003504 0.005646 -0.012398 0.086836 0.174876 0.068349 -0.021092 -0.032789 -0.013557
-0.005819 -0.018924 -0.006872 0.014061 0.004159 0.010659 0.008792 0.005134 0.000068 0.019797
0.012480 -0.006379 -0.005706 -0.009454 -0.022537 0.014897 0.017945 0.014264 -0.004708 -0.015747
-0.002604 -0.005762 -0.009161 -0.006308 0.008860 -0.000540 0.004035 -0.007746 0.013617 0.020505
-0.009989 0.015567 0.024690 -0.009033 0.009018 0.014385 0.040859 0.058081 0.030576 -0.002352
-0.020339 0.001781 0.012345 0.025156 0.017102 -0.014407 -0.022055 -0.002725 -0.009063 -0.013557
-0.008799 0.000259 -0.005935 -0.002367 -0.005096 -0.012488 0.009718 -0.004799 -0.002921 0.001974
0.005834 0.014099 0.008032 -0.003944 -0.007260 0.005066 -0.011539 -0.019375 -0.001768 0.012134
0.016771 0.005758 -0.013700 -0.002066 0.020068 -0.006775 -0.011411 0.009259 0.006857 0.021799
0.025066 0.001850 -0.008235 -0.003163 -0.002589 -0.004404 -0.003397 -0.003101 0.005694 0.002744
-0.007162 -0.018713 -0.002678 0.007550 -0.012729 0.007027 0.005676 0.027987 0.014039 0.011713
0.048055 0.012556 0.010267 -0.056726 -0.013090 0.014061 -0.015288 0.028709 -0.003177 0.012029
-0.000388 -0.010644 -0.046489 -0.007358 0.023531 0.031434 0.013338 0.007889 -0.016545 0.022251
-0.061514 -0.225219 -0.044622 0.027580 0.084668 0.013414 -0.010337 0.000942 -0.006578 -0.013991
-0.008967 -0.012060 -0.006679 -0.010937 -0.009410 -0.000967 -0.006800 0.007785 -0.022449 -0.018964
-0.013110 -0.001184 0.000441 -0.001233 -0.029810 -0.179070 -0.022501 0.008516 0.009554 0.004826
0.009241 0.010748 -0.010761 -0.005165 -0.002932 0.003211 -0.014840 -0.007916 0.004062 -0.003328
0.011120 -0.010624 -0.005283 -0.010141 0.000247 0.000699 0.048631 -0.004728 -0.003178 -0.008836
-0.005537 -0.010755 -0.003697 -0.004800 -0.009926 -0.003847 -0.010963 0.019630 0.016458 0.011401
0.115377 0.295909 0.046960 0.019173 0.000816 0.002201 -0.000434 -0.016419 -0.007707 -0.023637
-0.029001 -0.025399 -0.022645 -0.140854 -0.040486 -0.016158 -0.022736 -0.017098 -0.009763 0.004803
-0.011459 -0.008144 -0.004669 -0.014996 -0.009032 0.004428 -0.009456 0.008477 0.029706 -0.001236
-0.003873 0.006735 -0.005638 -0.013783 -0.008151 -0.011446 -0.013704 0.013104 -0.002322 -0.025412
0.004082 -0.013443 -0.005217 0.021118 0.012406 0.003632 -0.009358 -0.016941 -0.005743 -0.015871
-0.020556 0.016001 -0.003720 0.001853 -0.042523 -0.085828 -0.034378 -0.060142 -0.053277 -0.023245
-0.013665 -0.004467 -0.000732 0.012308 0.016106 0.022593 0.003984 0.015988 0.005403 0.021561
0.022397 0.008497 -0.021783 -0.005632 -0.018977 -0.010709 -0.014396 0.000954 -0.004242 -0.001265
-0.003837 0.001076 0.008464 0.001011 -0.021575 -0.026639 -0.017946 -0.009215 0.006630 -0.004624
0.004533 -0.019025 0.030635 -0.007902 -0.021960 -0.017829 -0.003142 -0.018770 0.006096 -0.023204
-0.039996 -0.017335 0.020891 -0.018930 -0.005179 0.027605 0.021035 0.038625 -0.003550 0.003588
0.026058 -0.009377 0.013484 0.023666 -0.018084 -0.017734 -0.025133 0.002342 0.045865 -0.016330
0.032947 0.238702 -0.033522 0.008675 0.094792 -0.027892 0.009210 -0.025851 0.008356 0.020333
0.037030 0.063120 -0.007033 -0.007982 0.043600 -0.010932 0.061493 0.098938 -0.019121 0.104615
0.730266 -0.023650 0.060792 0.108889 0.012040 0.000861 0.063407 0.025548 -0.011650 0.045578
-0.048448 -0.096004 -0.024192 0.008500 -0.029917 0.005215 -0.001009 -0.022582 -0.018467 -0.006666
0.014145 0.010533 0.008492 -0.033203 0.033075 0.005681 -0.015932 0.057794 -0.006546 -0.028418
0.043154 -0.019073 -0.050968 0.029391 -0.030603 -0.059197 0.002306 -0.026058 -0.059069 0.001914
-0.010597 -0.062227 0.013189 0.007890 -0.043345 -0.087392 -0.031815 -0.079355 0.003494 0.035371
0.023618 0.020365 0.064523 0.024766 0.012272 0.020205 0.015086 0.005406 -0.002416 -0.040028
0.001065 -0.007017 -0.037062 -0.000267 0.008875 -0.031161 -0.002346 0.001577 -0.005570 -0.017558
-0.004461 -0.010980 0.000575 -0.010996 -0.027876 0.008420 0.001081 0.023267 0.033139 0.017750
0.021768 0.028833 -0.025628 -0.041400 -0.050841 -0.001310 0.027031 0.062450 0.034128 -0.017797
0.018563 -0.000231 -0.028546 -0.029838 
