0.037087 0.041393 0.041175 -0.040452 -0.030086 -0.023736 -0.026413 -0.009905 -0.009615 -0.025056
-0.015359 -0.041465 0.036580 0.025798 0.034391 0.053514 0.017377 0.050330 0.076272 0.101455
0.056408 -0.022560 -0.385269 -0.050149 -0.089804 -0.156018 -0.093423 -0.006866 -0.008173 0.019014
-0.020660 0.002793 0.005183 -0.031099 -0.020063 0.001087 0.102106 0.103698 0.105869 -0.130835
-0.215936 -0.168899 0.067371 0.130763 0.102541 0.004527 -0.005586 0.040814 0.060931 0.017937
-0.046820 -0.019321 -0.036852 -0.010068 -0.042731 -0.033432 0.003924 -0.034500 0.039728 0.004204
-0.042514 0.012573 -0.004147 -0.009435 0.003139 -0.021112 0.003342 0.002648 0.000936 -0.012040
-0.003449 -0.016680 0.001793 -0.002161 -0.001654 0.008222 0.017775 0.011488 0.009208 0.027752
0.009507 0.055540 0.058471 0.069253 -0.036454 -0.056046 -0.022469 0.014771 0.019810 0.015965
0.041863 0.007648 0.051885 -0.016752 -0.020298 -0.031515 -0.003089 -0.029470 -0.021565 -0.007539
-0.001093 0.017087 -0.002117 0.013568 0.014618 -0.011135 -0.001033 0.006413 0.014003 0.014111
0.000109 0.026232 0.025092 0.027553 0.021203 -0.000402 -0.011823 0.022180 0.028711 0.024423
-0.054816 0.074391 -0.066973 0.024423 0.100153 0.051849 -0.013424 0.010384 0.020226 -0.017295
-0.000306 -0.017286 -0.044179 -0.024387 -0.006128 0.005762 -0.002494 -0.001522 -0.024640 0.013306
-0.008010 -0.000660 0.018634 0.024495 0.005642 0.021324 0.002141 0.000649 0.007153 -0.005117
-0.009858 -0.003757 -0.009363 0.040183 0.139623 0.045059 0.040558 0.157946 0.048139 0.011271
0.004618 0.022101 0.085885 0.211202 0.111227 -0.005020 0.034423 0.007588 -0.026976 -0.040853
-0.026226 0.008934 -0.003884 0.004132 0.000797 -0.003727 0.002600 -0.001478 0.003807 0.003837
-0.006480 0.015109 -0.004062 -0.014868 -0.007327 -0.009122 -0.005666 0.004993 -0.004129 0.004718
0.000434 -0.001740 0.000008 0.002748 0.004909 0.005649 0.003519 -0.002225 0.002578 0.008191
0.000097 0.000025 0.004514 0.001432 -0.002704 0.007353 0.000165 0.001656 0.006607 0.001335
0.002212 -0.002627 -0.000792 -0.001374 -0.011847 -0.004755 -0.005967 -0.007260 -0.003831 -0.002610
-0.009128 -0.006466 -0.010622 -0.013468 -0.006707 0.001252 0.007662 0.003074 -0.007782 0.003432
-0.002033 0.001458 0.008030 -0.004494 0.000406 0.017721 0.013080 -0.006325 -0.001422 0.002336
-0.008934 -0.005234 -0.009088 0.013381 0.005361 0.005431 -0.002419 0.001091 0.004454 -0.001138
0.001743 0.004517 0.005847 0.005964 0.007662 -0.000666 -0.003734 -0.002712 -0.000449 -0.000427
0.000409 -0.016743 -0.020895 -0.028075 -0.057274 -0.206702 -0.059739 -0.020413 -0.012276 -0.022114
-0.006111 0.003797 0.000590 -0.006630 0.006724 0.002992 0.001863 -0.002113 0.000672 0.001599
0.007802 0.000600 0.002208 0.003898 -0.005241 0.000636 0.001445 -0.002076 -0.004711 0.009536
0.011712 -0.006492 0.002106 -0.012859 -0.000777 -0.001166 -0.028581 0.002640 0.002939 0.004138
-0.001620 0.005839 0.003465 0.003382 0.004461 0.003891 -0.003300 0.005384 -0.010729 -0.000193
-0.000874 -0.024287 -0.005319 0.002643 -0.026104 0.002498 -0.008332 -0.002867 -0.006645 -0.011666
-0.004302 -0.004740 -0.006509 -0.007685 0.000136 -0.003465 0.006094 -0.002449 -0.007247 0.017017
-0.000464 -0.003073 0.003340 0.008440 0.017494 -0.001981 0.011354 0.017460 -0.019436 0.009917
0.018902 -0.015653 0.005660 0.007225 0.002513 0.004819 -0.002164 0.000288 0.011081 0.002394
0.008764 0.000586 0.003394 0.000858 -0.000483 -0.000801 0.003825 -0.001073 -0.001938 0.004646
-0.008531 0.000860 -0.005771 -0.001650 0.004831 0.001186 -0.002407 0.000612 -0.008753 -0.013018
-0.044825 -0.070884 -0.008048 -0.063432 -0.212651 -0.014188 -0.057389 -0.102963 0.004726 0.012041
-0.051345 0.010917 0.013109 -0.159943 0.010366 0.019629 -0.095875 -0.001376 0.005271 0.001954
0.006083 0.005810 0.003266 -0.002934 0.001370 0.000341 0.002786 0.003269 -0.000054 0.004532
0.007418 0.012484 0.004132 0.008003 0.013302 0.002537 -0.001907 -0.001078 0.006895 0.006884
-0.004581 0.005027 0.002779 -0.006833 -0.012336 -0.015154 0.008122 -0.025286 -0.019493 -0.020924
-0.021595 -0.023469 0.003590 0.000670 0.002248 -0.001810 -0.006912 0.002936 -0.001552 -0.007032
0.006441 -0.008344 0.001369 -0.014988 -0.000616 -0.001177 -0.012868 -0.003826 -0.003429 -0.007181
0.000545 0.004691 -0.027624 0.006326 -0.009056 -0.031881 -0.008447 -0.017735 -0.030439 -0.023692
-0.025066 -0.057411 -0.033598 -0.087764 -0.169210 -0.086116 -0.018267 -0.033461 -0.019537 -0.007824
-0.002160 0.001642 -0.004734 -0.000334 -0.001116 -0.001114 0.001399 -0.003339 -0.014550 -0.022937
-0.009563 0.009030 -0.002087 0.004294 0.006661 0.000831 0.001074 0.008627 -0.007726 -0.001877
-0.001246 0.000712 -0.000144 -0.004150 -0.005399 0.001943 -0.009983 -0.012945 0.001816 -0.000394
-0.003588 0.002989 0.004794 0.001465 0.004442 -0.000290 0.000463 -0.003444 -0.000694 0.002901
0.001532 -0.000944 0.000829 -0.001485 -0.003494 -0.004966 -0.010318 -0.000334 -0.003891 -0.004584
-0.000769 0.007159 0.003964 -0.005696 -0.004747 -0.005009 0.002225 0.004043 0.002414 0.002657
0.003728 0.000395 -0.014859 -0.030439 -0.016997 0.000254 -0.000272 0.004575 0.002534 0.000195
0.005485 -0.002190 0.001265 0.003367 -0.004037 -0.001194 0.000238 0.000274 -0.000937 0.000480
0.004425 0.002341 -0.000019 0.003279 -0.000502 -0.002562 -0.000139 0.000818 0.000204 -0.008395
-0.016550 -0.012456 0.014696 0.043504 0.020602 0.009279 0.011760 0.021615 0.004451 0.002128
0.004464 -0.000699 -0.001678 0.002532 0.001211 -0.000063 -0.000053 0.002760 -0.003854 0.004871
0.004674 0.000038 0.006648 0.003788 0.005455 0.004238 0.002996 -0.013183 -0.003530 0.008357
0.011164 0.034355 -0.040120 -0.019693 0.013247 0.016260 0.016756 0.003611 -0.017534 -0.011617
-0.008929 -0.008243 -0.022435 -0.013906 0.039515 0.012999 0.030511 0.007801 -0.013604 0.007180
-0.090346 -0.046080 -0.022219 -0.043121 -0.008643 0.019574 -0.626719 -0.004203 0.029820 -0.035629
-0.006116 0.035413 0.155730 0.076440 0.015450 0.405605 0.048455 0.008815 0.427716 0.083695
0.026128 0.085163 -0.055494 -0.097687 0.375893 -0.091037 -0.105288 0.228714 -0.066550 -0.069616
-0.049578 -0.005603 0.020513 -0.331670 0.172745 0.007822 -0.138628 0.006521 0.019024 0.011542
0.004883 0.022025 0.006656 -0.006796 0.008675 -0.014467 0.015094 0.045389 -0.010251 -0.023450
-0.009647 0.009614 -0.013269 0.013463 -0.029215 -0.030187 0.000505 -0.002826 0.006705 0.004767
0.022824 0.041049 0.054587 0.046771 0.051608 0.044784 -0.003925 -0.013485 0.003555 0.032973
-0.027358 0.032627 0.108225 0.000767 0.030986 -0.011660 -0.001784 -0.018840 0.011261 0.004651
-0.009344 0.023061 0.039235 0.028870 0.066032 0.040098 -0.013928 0.630865 0.012222 -0.023536
0.119108 0.053162 -0.015288 0.003077 -0.018106 -0.013193 -0.005520 -0.023839 0.014046 0.016357
0.007892 0.029410 -0.014176 -0.028892 -0.023472 0.021032 0.028676 0.044611 0.010397 0.008211
0.026279 -0.001393 -0.003868 -0.005163 0.002691 0.011066 0.021982 0.003163 0.009722 0.019207
-0.033327 0.027438 0.005249 -0.006660 0.026769 0.009509 -0.013217 -0.026376 -0.031175 0.001977
0.002428 0.017376 -0.011603 -0.009997 0.007078 -0.013530 0.006754 -0.017608 -0.000899 -0.000954
0.024501 0.002725 -0.037049 0.006554 -0.014875 -0.046151 -0.005820 -0.005089 -0.012730 0.005867
-0.006758 -0.018728 0.013283 -0.010789 -0.016140 0.006943 -0.006278 0.015980 -0.002225 -0.001482
-0.000100 0.070957 -0.003493 0.025184 0.011923 0.021883 -0.011683 0.004711 0.005496 -0.015020
0.008390 0.006692 -0.016940 0.015980 -0.004817 0.001445 -0.016518 -0.001668 -0.013704 -0.002804
-0.000401 -0.008637 -0.011109 -0.006580 0.003226 -0.005838 -0.002650 -0.008135 -0.003893 -0.004504
0.002067 -0.003077 -0.007143 0.001237 -0.004784 -0.012585 0.018248 0.006485 -0.000964 0.003313
-0.017463 -0.017303 -0.009982 0.067060 -0.024108 -0.041789 -0.288249 -0.025300 -0.015166 0.153430
-0.003110 -0.072120 -0.064850 0.013515 -0.013086 -0.219502 0.009938 -0.075552 -0.081717 -0.000391
0.009887 -0.004366 0.008310 0.046820 -0.043970 -0.008673 0.006201 0.009895 0.017448 0.008717
-0.006103 0.014097 0.012149 -0.003299 0.016503 0.011022 0.003484 -0.002888 -0.007237 0.004366
-0.025286 -0.023047 -0.013784 -0.000669 0.003721 0.003079 -0.003290 -0.014671 0.015151 -0.012912
-0.011116 -0.031029 -0.005245 -0.012461 0.010295 -0.014519 0.001219 -0.009277 -0.022654 0.021302
0.025388 0.000094 0.023047 -0.007692 0.023705 0.032165 0.031539 -0.010482 0.023041 0.039624
-0.011946 -0.044280 -0.026183 0.023379 0.022178 0.026633 -0.014981 -0.005031 0.014756 -0.019099
-0.009700 0.010382 0.010419 -0.007259 -0.001536 0.011558 -0.030163 0.003946 0.010951 -0.027559
-0.015870 -0.038673 -0.054067 -0.008248 -0.061527 -0.060575 -0.018636 -0.077897 -0.077096 -0.034568
-0.012609 -0.022453 -0.002624 0.010501 -0.005003 0.013141 0.013004 -0.000292 -0.005645 0.008917
0.024030 0.021652 0.052716 0.039800 0.046633 0.038498 0.032741 0.052365 -0.037847 -0.058923
-0.030163 -0.036145 -0.077096 -0.035419 -0.031865 -0.082653 -0.045181 0.028160 0.020150 -0.002972
0.035394 0.034168 0.029737 -0.041527 0.000249 0.028410 0.028410 -0.001965 -0.032265 0.008367
0.031564 0.052866 -0.025044 -0.025469 -0.019725 -0.010225 -0.065532 -0.019662 -0.001959 0.004280
-0.194542 -0.002653 -0.037997 -0.030438 0.000657 -0.041076 -0.067985 0.030813 -0.062077 -0.001234
0.033066 -0.068585 0.015144 -0.020425 0.046608 0.133466 -0.068886 -0.023679 0.842649 -0.037947
0.016120 0.120850 -0.012365 0.012390 0.000580 -0.000239 0.013066 0.010476 -0.008392 0.011571
0.017985 -0.002819 -0.010563 -0.021151 -0.017847 0.005676 0.016133 0.005066 -0.002439 -0.015444
-0.055519 -0.027710 0.208259 -0.075544 -0.082553 0.786980 -0.071539 -0.060575 0.268735 -0.003733
-0.019099 -0.027910 -0.031890 0.011721 0.018661 -0.034768 -0.023367 0.011032 0.005212 -0.001421
0.003400 -0.032498 -0.085452 -0.036216 -0.058770 -0.139527 -0.074495 0.002275 0.004616 0.000718
-0.000285 0.004087 0.001471 -0.006021 0.000393 -0.003397 -0.006991 -0.002236 0.000228 0.001618
0.000133 0.000824 0.006742 0.004981 0.005069 0.003371 0.001655 -0.000733 0.004289 -0.000224
0.000923 -0.002590 -0.007671 -0.004011 -0.003693 -0.010593 -0.006817 0.002283 0.000113 0.006390
-0.003633 -0.002604 0.006132 0.003553 -0.000529 -0.002697 0.007956 0.005176 0.002753 0.000695
0.000947 0.004289 0.003011 -0.007769 -0.004167 -0.002895 -0.000040 -0.001089 -0.001500 -0.005007
-0.003802 -0.002979 -0.006599 0.002684 -0.005599 0.007849 0.005541 -0.026575 -0.103311 -0.023515
0.005737 0.011695 0.014924 -0.003555 -0.021843 -0.006275 -0.026717 -0.078195 -0.036162 -0.000601
-0.005136 -0.001293 -0.001334 -0.003355 0.000075 0.003422 -0.001436 -0.000163 -0.000637 -0.009694
-0.006715 0.003406 0.002348 0.003226 0.002577 0.005247 0.005118 -0.000973 -0.003498 0.000515
0.003329 0.000619 0.002426 0.000207 -0.000238 0.002886 0.000808 0.000447 -0.000116 -0.000602
-0.002096 0.000641 -0.001120 -0.003197 0.002370 -0.001521 -0.001336 -0.002995 -0.004480 -0.003391
-0.003466 -0.002581 -0.002979 0.000943 -0.001419 -0.002388 0.004967 0.001352 0.001156 0.005247
0.001044 -0.001571 -0.002359 0.024529 0.032249 0.019549 0.028638 -0.007662 0.022857 -0.027838
-0.058486 -0.035148 0.010467 0.025381 0.001279 0.003047 -0.027014 -0.027883 -0.002077 -0.034675
-0.037038 0.109932 0.558972 0.117923 0.025589 -0.167747 0.045168 -0.044473 -0.079079 -0.035509
0.079565 0.287686 0.052291 -0.068829 -0.289910 -0.141272 -0.005442 -0.064486 -0.092838 0.021507
0.005524 0.023522 0.014132 0.001331 0.016747 0.021733 0.001281 0.010145 0.016399 0.034484
-0.001758 -0.005568 -0.064764 -0.039991 0.025520 0.029689 0.010041 -0.004119 -0.004890 0.020100
-0.012873 0.004326 -0.015435 0.010710 0.002486 0.003546 0.032295 -0.005537 0.014819 0.025763
-0.008638 0.018137 0.026701 -0.009972 0.009181 -0.006853 -0.006497 -0.005220 -0.005177 0.012873
0.007996 -0.026180 -0.039018 -0.014506 -0.055105 -0.054584 -0.056425 -0.012482 -0.032608 -0.031044
-0.043431 -0.059935 -0.058163 0.004582 0.016738 0.015340 -0.020100 -0.015270 -0.019909 0.013021
0.018276 -0.005550 0.049476 0.000253 0.013724 -0.008743 -0.066397 -0.042666 0.026910 -0.021681
-0.002921 -0.003127 -0.003144 0.003025 -0.013472 -0.004015 0.006519 -0.012482 -0.012291 -0.005989
0.019943 0.003661 -0.003857 0.005572 -0.004760 0.002982 0.009963 -0.005902 0.004573 -0.053993
-0.080191 -0.063548 -0.064973 -0.435559 -0.050241 -0.018449 -0.020847 -0.010267 -0.002571 -0.002567
-0.005199 -0.015930 0.004319 -0.003989 -0.006180 -0.002245 -0.003049 0.027188 0.040269 0.008947
0.009694 0.014098 0.002397 0.008712 0.019787 0.016773 0.024507 0.028119 0.026690 0.033043
-0.032020 0.018646 -0.128851 -0.374194 -0.157047 0.022885 0.033990 0.014262 0.002817 0.008483
0.002569 -0.004459 -0.012611 -0.011230 0.039030 0.023928 0.018414 0.004587 -0.003725 0.000499
-0.002646 -0.006310 -0.001564 0.016483 0.014117 0.011558 -0.013132 0.012283 0.006523 -0.006233
0.002624 0.008299 0.036095 0.006016 0.016097 0.016483 -0.020992 0.002752 0.008454 0.000792
-0.002435 0.020239 0.006585 0.002501 0.017284 -0.017304 -0.028350 0.015537 -0.019225 -0.030513
0.005055 -0.052800 0.003708 -0.012080 -0.047547 0.017227 -0.021263 -0.061567 0.010825 0.004336
0.008246 0.010264 -0.002868 0.010950 0.023966 -0.000390 -0.095480 -0.010004 -0.002989 -0.006305
0.003954 0.032078 0.055387 0.024971 -0.010979 -0.538271 -0.059559 0.009241 -0.016985 0.009318
0.006769 -0.020625 -0.003831 0.003715 -0.019129 -0.005523 0.015363 -0.008686 0.003312 0.001043
-0.014494 -0.009207 -0.007300 -0.016029 -0.010564 0.007792 0.009096 0.024237 -0.003479 -0.005992
0.025511 0.022808 0.017072 0.024411 0.008715 0.008961 0.000459 0.011906 0.006663 0.002071
0.006064 0.012756 0.019341 -0.024816 -0.004217 -0.008454 -0.028389 -0.023368 -0.017294 -0.002670
-0.005654 -0.011172 0.018347 -0.002861 -0.001966 0.004744 -0.007025 0.000594 -0.008391 -0.002868
0.010689 -0.025608 -0.076708 -0.025975 0.016406 0.001107 0.043646 0.225721 0.669903 0.226494
0.000230 0.000618 -0.005943 -0.008404 -0.000672 -0.004369 -0.025217 -0.012409 -0.008758 0.005846
0.007559 0.003934 0.000659 0.005227 0.000433 0.000509 0.002243 -0.004176 -0.008874 0.004137
-0.004108 -0.014434 -0.014666 -0.004982 -0.021876 -0.021567 -0.006914 0.007339 0.017207 0.002480
0.054330 0.021064 -0.002717 -0.003492 0.019232 -0.000618 -0.005869 0.049738 0.000577 0.010906
0.134458 0.002730 0.008152 0.120733 0.004860 0.002294 -0.026778 -0.052369 -0.032866 -0.061553
-0.059077 -0.028739 -0.051209 -0.062327 0.004092 0.013350 0.020509 0.030596 0.100456 0.009513
0.016949 0.021735 0.013312 0.005937 -0.001514 -0.001364 0.010867 0.003970 -0.006456 0.004440
0.002765 -0.002822 0.003928 0.001056 -0.006204 0.005076 -0.003644 -0.006275 -0.003696 -0.001888
-0.002915 -0.015040 -0.007198 0.002720 -0.025553 -0.000370 0.018794 -0.026468 -0.004340 0.002223
-0.015608 -0.008030 -0.013454 -0.008552 0.033847 0.004763 -0.017297 0.027784 -0.004050 0.004540
0.004515 0.004918 0.005708 0.004057 0.003376 0.002230 0.001896 0.001336 -0.013337 -0.003168
0.002491 -0.026391 0.013376 -0.002760 -0.012480 -0.001335 -0.003470 0.001996 -0.006146 0.004186
-0.004008 0.002215 0.008797 -0.004576 -0.005060 0.003999 -0.004495 0.008023 0.009094 -0.008868
0.008636 0.015234 -0.008275 0.008113 0.011525 -0.003708 0.004498 -0.002714 -0.002406 0.007643
-0.002144 -0.002930 0.003363 -0.000370 0.003085 -0.016031 -0.005869 0.009316 -0.009892 0.006013
0.009667 -0.027057 -0.006814 0.006296 0.001269 0.006800 0.002844 -0.001953 0.005621 0.009172
-0.007120 -0.002460 0.011080 0.000746 0.012097 0.022287 -0.021261 0.000651 0.010621 -0.037553
-0.007750 -0.017561 -0.015410 0.007300 -0.181606 0.018614 0.006877 -0.039137 -0.014690 0.003240
0.027579 0.031450 0.023115 0.014942 0.126447 0.022323 0.009235 0.108157 0.038705 0.103188
-0.031594 -0.006697 0.290627 0.011728 -0.033052 0.210842 -0.004141 -0.012385 -0.015140 -0.011467
0.000238 -0.095124 -0.264848 -0.001463 -0.054187 -0.030424 -0.004003 0.007133 0.003146 0.007349
0.006436 0.002184 -0.004762 -0.008168 0.003445 0.008655 0.002993 -0.003758 0.001550 -0.005990
-0.005221 0.003216 -0.007237 -0.014069 0.002247 -0.008664 -0.024123 -0.006989 0.005900 -0.008812
0.013637 0.007088 0.001550 0.016868 0.008281 -0.013304 0.002579 0.008222 0.005905 -0.000900
0.024195 0.017435 0.012494 -0.001997 -0.003045 -0.002136 0.001422 -0.006107 -0.004699 0.010234
0.010513 0.004928 0.023151 -0.002054 0.008277 0.081874 -0.008051 0.004408 0.025203 0.003879
0.009631 0.006620 -0.000614 -0.000724 0.004557 -0.005198 0.007079 -0.001258 0.006107 0.010666
-0.008060 -0.013754 -0.004174 0.010387 0.000093 0.014996 0.012665 -0.009919 0.007529 0.017786
-0.001539 0.010972 0.009271 0.000771 0.014663 0.010720 -0.003519 0.003060 0.017680 0.046977
0.024635 0.052243 0.108734 0.056066 -0.012753 0.038142 -0.006881 -0.000554 -0.001772 0.002380
0.001703 0.004070 0.004330 0.003621 0.001141 0.006196 0.000941 0.002033 0.001303 -0.001718
0.006472 0.001990 -0.008075 -0.011978 -0.003640 -0.005617 0.001561 0.003934 -0.000729 0.003010
0.006870 0.000657 0.005357 0.012477 -0.009456 0.006180 0.001545 -0.001844 0.005984 -0.004168
0.004186 0.010640 0.001407 -0.001335 -0.001396 -0.008962 0.007109 -0.004192 -0.004826 0.003369
0.000344 -0.009063 0.000970 0.001974 -0.000363 0.002149 0.008553 0.003456 -0.002304 -0.001653
0.001986 0.000762 0.001435 -0.002777 0.019379 0.014590 0.015524 0.021959 0.062267 0.014749
0.006430 0.005686 0.003053 0.022575 0.062012 0.023573 0.004969 0.033024 0.006509 -0.006143
-0.002460 0.000362 -0.006015 -0.007746 -0.006042 -0.008203 -0.013677 -0.005580 -0.011001 -0.007794
-0.010656 0.004701 0.002144 -0.004723 -0.008097 -0.017414 -0.017170 -0.000602 0.003918 0.003932
0.000836 0.003050 0.002332 0.008957 0.005373 0.003215 -0.000519 -0.000311 -0.000267 0.000348
0.001598 0.000508 0.002304 0.001455 -0.000607 0.001623 0.000932 0.007502 0.004985 0.002162
0.000448 -0.002506 -0.001452 -0.007173 -0.008038 -0.001556 -0.006180 -0.005522 -0.000205 0.003156
-0.004205 0.007709 0.010157 -0.010688 0.007661 -0.014186 0.068596 0.139995 0.061036 0.008728
0.022618 0.016937 -0.004601 -0.012231 -0.003393 0.002942 -0.002789 0.009591 -0.004772 -0.012245
0.011545 0.001220 0.000291 0.000037 -0.006324 -0.006677 -0.003183 -0.004805 -0.001026 0.004333
0.006786 -0.005858 0.009367 0.008740 -0.010311 0.024582 0.003601 -0.008575 0.020568 -0.007558
-0.006677 -0.006396 -0.004908 -0.006535 -0.004330 -0.007149 -0.016344 -0.006650 0.004089 -0.001203
0.011466 -0.002307 -0.006971 0.018615 0.002031 -0.004574 0.023552 -0.004842 -0.020238 0.003244
0.013037 -0.009314 0.019446 0.013822 -0.006753 0.021096 0.004518 -0.022562 -0.012529 0.000657
-0.029651 -0.013129 0.000489 -0.026232 -0.016278 0.009578 -0.003094 0.000450 -0.002053 -0.001467
-0.002937 -0.002210 -0.006373 0.003170 0.005132 0.006225 0.008865 -0.000394 -0.001710 -0.000526
0.004066 -0.003165 0.000687 -0.003390 0.003627 0.074828 -0.011664 -0.016568 0.244603 -0.000670
0.015327 0.120612 -0.012931 -0.026866 -0.042906 -0.002601 -0.011057 -0.056504 -0.002394 -0.010291
-0.051117 0.020106 0.010271 0.010066 0.004753 0.000507 0.069230 0.016449 0.004066 0.007914
0.000310 0.002088 0.001432 -0.003535 -0.002129 -0.003277 -0.002320 -0.001261 0.001175 -0.000773
-0.002122 0.008185 -0.004776 -0.010192 0.001097 0.001602 0.001366 0.004786 0.006301 0.036807
0.100281 -0.002729 0.040741 0.264458 0.009842 0.056028 0.120823 0.000325 -0.004330 0.011571
-0.001170 -0.005228 0.002749 0.004079 -0.005574 0.008416 -0.005901 -0.000463 -0.002225 0.010853
0.003950 0.004192 0.010961 -0.006354 -0.001374 0.001102 -0.001047 0.000645 -0.000820 -0.002736
0.000524 0.001390 -0.001477 -0.000374 0.007310 -0.000414 0.002507 0.016932 -0.004582 0.001708
0.015677 -0.007373 -0.002160 -0.009589 -0.005967 0.000548 -0.020259 -0.027228 0.002239 -0.017548
-0.003325 0.003909 -0.023103 0.000774 0.007963 -0.030039 -0.022854 0.022787 -0.035329 -0.017881
0.023985 0.038289 0.064170 0.010429 0.076113 0.105653 0.032817 0.067464 0.094010 0.028808
-0.023602 -0.035329 -0.000515 -0.046074 -0.090151 0.006574 -0.044543 -0.039454 0.001530 0.003275
0.002418 0.003485 0.001841 0.001907 -0.000477 -0.002395 -0.000838 -0.001182 0.004458 -0.000903
0.002553 0.000365 0.000007 -0.001317 0.007173 -0.004013 0.002302 0.005697 -0.009439 -0.006013
0.009631 -0.002177 0.001996 0.011427 -0.001368 0.002905 -0.000415 -0.001654 -0.002832 0.005451
0.001076 0.012408 0.002042 -0.003094 0.008292 0.001232 0.001114 0.001450 0.000473 0.000783
-0.000595 0.000034 0.002981 0.002083 -0.011061 0.004204 0.007007 0.006861 0.004337 -0.001343
-0.003641 0.008691 0.005817 0.006882 0.002655 -0.001297 0.002907 -0.003092 -0.005086 -0.000267
-0.000238 0.000810 0.001520 -0.003027 -0.001836 0.007996 -0.001557 -0.000878 0.009456 -0.002975
-0.000218 0.003568 0.000276 -0.002256 0.002632 0.001724 -0.000775 0.005323 0.003314 0.002961
0.016065 0.054012 0.017727 0.046635 0.009706 0.036570 -0.138538 -0.292377 -0.158758 -0.000274
0.002923 -0.008152 -0.003868 0.011249 -0.002142 0.002172 0.017568 0.001916 -0.001753 0.027575
0.015370 0.000648 0.027507 0.005488 0.005983 0.022976 -0.000144 0.009564 0.005593 -0.001647
0.001788 0.003048 -0.001886 -0.007076 -0.004853 0.001222 0.005545 0.001635 -0.006478 -0.005089
-0.007651 -0.013571 0.003091 0.009524 0.005499 0.010560 0.009524 -0.003461 0.004400 0.001504
-0.011357 -0.000703 -0.002196 -0.010964 0.006103 0.000062 -0.005807 -0.000754 -0.004233 -0.001077
0.002613 0.008072 -0.001230 -0.003851 -0.010782 0.002338 -0.030467 0.011044 0.009962 0.004005
-0.276893 -0.002374 -0.000659 -0.008755 0.007486 0.003757 0.030900 0.004002 -0.030786 -0.246836
-0.066491 0.001871 0.000120 0.012194 0.004867 -0.008977 0.002343 -0.010076 -0.025276 -0.017374
-0.003606 -0.003877 -0.007253 -0.013788 -0.009353 -0.009387 -0.003296 0.010105 0.001424 -0.000702
-0.012365 -0.006774 0.003837 -0.001371 0.006962 0.010201 0.000191 0.010429 0.005932 0.000781
-0.007611 0.006182 0.003051 0.006575 0.005670 0.002715 0.007810 0.007065 0.018126 0.004292
-0.012877 -0.022076 -0.011807 -0.006456 0.000754 -0.007253 0.004668 -0.001657 0.004255 0.001556
-0.002572 0.004492 0.003359 -0.000550 0.004312 -0.006905 0.012012 -0.004116 0.081520 0.173878
0.086985 0.089216 0.097277 0.089307 
