-0.652370 0.395633 0.574173 -0.663307 1.146159 0.107589 -0.353800 0.119414 0.473009 1.111039
-1.188748 -0.759745 0.087904 -0.943420 0.710294 -0.245167 -0.775159 0.539785 0.116227 0.314783
0.164381 0.295773 0.144252 0.555204 0.545699 -0.271871 -0.006172 0.797905 -0.271096 -0.823268
1.693936 0.052416 -0.285025 -0.131702 -0.694788 1.101849 -0.302463 0.048534 -0.528200 -0.699420
-0.355767 0.068751 0.255620 -0.343047 -0.580697 0.918235 0.768941 -0.598675 0.276869 -0.130196
0.220946 -0.618648 -0.070153 0.874295 0.454968 0.551075 -0.746485 -0.414790 0.620930 0.130121
-0.732332 0.788489 0.865192 0.001216 0.565460 0.144702 0.475222 -0.301419 0.319840 0.308894
0.324913 -0.146705 0.065637 0.231818 -0.096512 0.149961 0.511062 0.327618 0.121885 0.233715
-0.096749 -0.174284 -0.059827 -0.066536 0.424946 -0.434972 0.161308 0.468590 0.672364 0.268945
-0.327342 0.941277 -0.945055 -0.693544 -0.833332 0.614745 -0.107068 -0.664939 -0.450129 -1.337872
-0.234065 0.197075 0.413733 -1.189911 -0.516312 0.073670 0.373634 0.723023 0.436596 0.644518
0.984397 -1.180963 -0.718132 0.905301 0.172974 0.568162 -0.616325 -0.270483 -0.720374 0.638202
-0.665593 -0.051586 -0.704852 0.105511 -0.619028 -0.265004 -0.006457 0.425987 -0.608000 -0.505653
-0.934406 0.439265 0.588637 -0.429307 -0.877977 0.239640 0.149195 0.484139 0.424947 -0.003858
-0.391596 0.147649 0.403523 0.765081 -0.220124 0.503185 -0.133387 -1.208150 -0.061238 -0.936158
-0.636018 1.160709 0.753354 -0.410907 -0.849725 0.363872 2.009569 -2.029209 -0.681744 -1.528885
1.096786 1.647764 -0.390709 -0.304979 0.386364 2.196543 -0.870044 -1.341559 -1.391376 0.408956
0.250094 0.711541 -0.561469 -0.160922 1.737285 -0.694425 -0.612818 -0.892483 1.008016 0.076258
0.552571 -0.976766 -0.572804 0.009103 -0.513849 -0.186109 0.842810 0.797460 -0.337159 0.547128
0.654932 -0.275995 1.005094 0.138741 -0.967268 0.976994 0.106386 -0.832715 0.073700 0.376820
-0.282057 0.472060 0.464733 0.559974 -0.311203 0.339552 0.398798 -0.788443 -0.965745 0.059994
0.900799 -1.402830 -0.155789 0.259296 -0.746228 1.041082 1.631096 1.935963 0.479246 -0.852915
-2.249134 -0.789451 0.131007 -0.152137 0.245999 0.016873 0.159109 -0.009170 0.373846 0.474822
0.026463 -0.021751 0.164645 0.078961 0.689077 -0.363535 0.026194 -0.652510 -0.456615 0.148643
-0.727069 -0.577001 -0.804003 -1.109224 0.302564 0.800478 0.248339 -0.933303 -0.562384 -0.897977
-0.615372 -0.010101 -0.687618 0.499626 -0.605343 -0.334846 -0.760241 0.355760 -0.592013 -0.763918
0.377133 -0.575798 -0.521253 -0.301315 0.168363 -0.577558 -0.570080 0.516855 0.630783 -0.254908
0.165884 -0.166688 -0.564740 -0.464107 -0.745787 0.269733 -0.658020 -0.804145 0.189319 -0.064562
-0.417219 0.802427 -0.434738 -0.616419 -0.044717 -0.566241 -0.532932 -0.289176 1.350464 -0.588664
-0.297939 1.076331 0.911851 -0.018366 -1.110958 -0.322707 -0.140914 0.608453 0.037300 -0.020033
-0.201032 0.752879 0.641997 0.375275 0.350349 -0.397171 0.410940 0.286993 -0.235381 -0.550918
-0.522766 0.125413 -0.532150 -0.529022 -0.456687 -0.880955 -0.645700 -0.046133 0.235922 -0.872279
-0.034225 0.556937 0.347377 -1.155252 -0.340904 -0.590620 -0.448459 0.278007 0.188339 -0.466697
-0.310742 0.795443 0.642527 0.861162 0.390744 -0.120549 -0.339650 0.695927 0.122108 0.617293
-1.170847 0.571221 -0.262686 -0.445681 -0.624618 -0.440516 0.573335 0.157722 0.533489 0.569645
0.539392 -0.008520 0.193315 -0.698221 -0.429867 -0.441659 -0.293188 0.367692 0.650696 0.458811
-0.423100 -0.759422 0.910073 1.058081 -2.112637 1.613110 0.784971 0.472216 -1.456292 -0.724855
-0.086274 0.026085 -0.365579 -0.539364 -0.610049 -0.431311 0.255275 -0.225786 -0.464620 -0.291179
-0.070815 -0.440861 -0.425550 0.049300 -0.127242 -0.137934 -0.331042 0.397316 0.137184 -0.092664
0.006350 0.403010 0.265826 0.318629 0.405081 0.150643 1.415798 -0.186862 0.072386 0.398864
-0.722023 0.866654 -0.416378 0.464117 0.835016 0.413113 -0.614609 0.206556 0.677174 -0.851067
-0.860728 0.142036 -0.623809 0.381830 -1.111050 -0.478862 -0.354848 0.658964 0.465615 0.348084
1.218716 -0.693349 0.193630 0.521788 -0.357346 1.020385 1.021966 -0.994559 0.329939 -0.070362
-0.368941 -0.356555 -0.111749 -0.214787 -0.046836 0.481176 0.251434 0.520617 0.005911 0.144698
0.393092 -0.504970 -0.837316 -0.063301 -0.817243 0.922768 -0.654368 -0.547410 0.200870 0.326611
0.057504 0.000558 -0.374648 0.678598 0.887704 0.587488 -0.548654 -0.028581 -0.560105 -0.159404
0.141049 0.521520 -1.170346 -1.652083 -1.331648 0.431466 -0.305968 2.875955 -0.197042 0.320963
-1.044477 -0.703887 0.698114 -0.898235 -0.608445 1.356974 0.311919 -0.391699 0.816926 -0.462481
-0.090474 -0.989891 0.626399 -0.872275 -0.750933 0.139170 -0.448400 0.783520 -0.263927 0.239540
1.049413 0.314404 0.447351 0.281627 -0.442631 -0.068623 0.518316 -0.905775 0.129323 -0.834213
-0.827056 -0.731470 -0.158332 0.735559 -0.760288 -0.614997 0.152665 0.170989 -0.661837 0.159496
-0.796286 0.317907 0.183783 0.834397 -1.260899 0.809834 -1.016758 1.073327 -1.285462 0.181896
-0.671760 -0.861193 1.243392 0.154917 -0.180667 -1.065764 -1.434527 -1.080623 0.138539 1.923509
1.448035 -0.786976 -0.076065 0.184188 -0.758695 0.623144 -0.430057 -0.114036 -0.891808 0.007440
-0.245386 -0.587686 -0.521118 -0.503171 -0.241307 -0.464014 -0.341321 0.526013 -0.401036 -0.748390
-0.100759 -0.126550 -0.779450 -0.267150 0.321874 -0.434835 -0.704759 0.536149 -0.130318 -0.248925
0.171578 0.071423 0.657444 0.241707 -0.785991 0.395719 1.293100 -0.461867 0.420835 -0.909705
1.175533 -0.390675 0.199020 1.280040 -0.567426 0.536915 
