-0.014988 0.119508 -0.129326 -0.000886 -0.128037 -0.237627 0.066151 0.076862 0.174650 -0.011095
-0.129227 -0.044828 0.129128 -0.310026 -0.152633 -0.070515 -0.070415 -0.185857 0.129723 -0.104036
0.192700 0.037762 0.131905 0.083308 0.169195 0.018459 0.075920 0.159476 -0.107408 -0.021683
0.065209 -0.136070 -0.106912 0.261826 -0.159278 -0.011808 0.157294 0.017046 0.104830 0.113954
-0.201527 -0.024732 0.012273 -0.049415 0.051820 -0.055043 0.198948 -0.169989 0.093474 -0.056382
0.274521 0.068333 -0.060250 0.101656 0.005383 -0.113458 0.222354 -0.170782 0.135971 0.082465
-0.103342 0.112070 0.041778 0.124963 0.011381 0.093028 -0.172072 -0.130715 0.089804 -0.114847
0.159079 0.374888 0.058167 -0.270356 0.084746 -0.120202 -0.089209 -0.091044 0.090300 -0.038307
0.121591 0.146087 0.144203 -0.108797 0.118913 0.050580 -0.029505 -0.089408 0.163344 -0.079193
-0.046563 0.141624 0.034018 0.039819 0.042299 0.182981 -0.164038 0.093226 -0.148071 0.073639
-0.136070 -0.047778 -0.000242 -0.173162 0.065060 -0.035704 -0.115342 -0.158286 0.028736 0.157493
0.294158 -0.144302 -0.138451 0.095705 -0.106516 -0.056184 -0.108598 0.037092 0.111970 -0.029604
0.067589 0.038332 0.110086 0.152534 -0.189031 0.001768 -0.154914 0.038257 -0.088604 0.050979
0.065692 0.051447 -0.084340 -0.065832 -0.191171 0.171585 0.013612 -0.192295 0.164276 -0.055618
0.036594 -0.086542 -0.047488 0.089822 0.069206 0.177395 -0.070846 -0.206914 -0.056086 -0.188922
0.367910 -0.147595 0.082934 -0.058007 0.179551 -0.166244 -0.024295 0.200542 -0.148813 -0.080404
0.162495 0.283195 0.051635 0.233716 -0.137756 -0.226594 0.209726 0.163714 0.190140 -0.181238
0.295565 0.037812 0.101114 0.059788 -0.047137 -0.100740 0.008059 0.050651 -0.015064 -0.221159
-0.018086 -0.113109 -0.080217 -0.035891 -0.130727 -0.080217 -0.164744 0.001371 0.111516 -0.054962
0.141785 0.084762 0.141410 0.080967 0.080732 -0.040788 0.080967 -0.175334 -0.148720 0.126042
0.165775 -0.076937 -0.064848 0.017864 0.081904 0.149844 -0.012546 0.148532 -0.111048 0.009400
0.025935 -0.187797 0.133351 0.016165 0.090291 -0.070986 0.082794 -0.174303 0.093758 0.092024
0.149751 -0.069815 0.066348 -0.043224 -0.010162 -0.102333 0.044232 0.168212 -0.128384 0.119388
0.046598 -0.186485 -0.013096 0.012018 0.188828 -0.138693 0.008504 0.002369 -0.011907 0.059647
-0.034697 0.002043 0.104394 -0.045614 -0.107112 0.040343 -0.133070 0.202041 -0.067706 -0.127635
-0.142066 0.144596 -0.035610 -0.071689 0.096897 -0.006753 -0.137167 0.101188 0.001240 0.012400
-0.201581 -0.015428 0.068266 -0.049244 0.051031 0.061674 -0.038045 0.042929 -0.245265 0.011914
0.098090 -0.071602 0.006553 0.004455 -0.004078 0.003194 0.027521 0.034947 -0.078631 0.009903
0.002827 0.041976 0.007848 0.102856 0.160280 -0.025595 -0.042731 0.097216 0.021187 -0.062944
0.161869 0.084111 -0.093007 -0.018079 -0.102617 -0.066360 -0.031671 -0.022735 -0.007019 -0.040169
-0.041103 0.033915 0.144554 0.112466 0.043009 0.018079 0.166952 0.006855 -0.007257 0.036754
0.051269 -0.107065 -0.047099 0.100791 -0.063461 -0.021346 0.059132 0.037330 -0.080736 -0.100473
0.041023 0.008245 -0.084747 -0.018447 -0.155276 -0.050038 0.053056 0.067988 -0.023669 -0.159327
-0.069616 -0.053771 -0.089751 -0.066677 -0.043485 0.004485 0.012251 -0.091180 -0.031750 0.023291
-0.051547 -0.022815 0.008255 -0.007327 -0.068504 -0.041500 0.024721 -0.035185 -0.312618 -0.058457
0.064890 -0.059013 -0.001142 0.059132 -0.035682 -0.025674 -0.138438 -0.058060 0.063858 0.042532
-0.031750 -0.008389 -0.086812 0.047615 -0.053255 -0.031333 0.056789 -0.164410 -0.053255 0.060006
0.005609 0.036873 -0.034471 0.032445 0.007620 -0.016878 0.030479 0.102300 -0.114293 -0.016699
-0.094039 -0.090942 0.035225 0.077360 -0.011615 -0.016580 0.086037 0.055775 0.047077 0.088791
-0.129599 0.081180 0.070380 -0.012259 0.135397 0.013473 -0.039104 0.113363 -0.028939 -0.030805
-0.048926 -0.131483 0.112855 0.007878 0.076686 0.068423 -0.077266 -0.116189 -0.133078 -0.052622
0.036912 0.007466 0.005536 0.035335 -0.106839 0.110898 -0.087341 -0.091980 -0.084370 0.000101
-0.123365 -0.081108 0.067952 -0.108579 0.072700 -0.019625 0.031131 -0.111043 0.102635 0.100316
-0.198167 0.130106 0.119669 0.065705 0.080093 0.135325 -0.075527 0.036694 0.031403 0.179467
0.070743 0.060305 0.069656 0.040808 -0.095242 0.112565 0.094880 -0.110101 0.064872 -0.133005
0.041822 -0.095025 -0.032617 -0.187440 0.010048 0.041750 0.105462 -0.049288 0.055667 0.048346
0.020911 0.096474 -0.081325 -0.107419 -0.061393 -0.103288 0.114522 -0.143515 -0.122568 0.022687
-0.045954 -0.036604 -0.023176 -0.006795 -0.009957 0.005599 0.020947 0.121988 -0.059726 -0.120683
0.077411 0.082847 0.003599 0.015049 0.011878 0.114015 -0.108144 0.094445 0.094807 -0.020277
0.065923 0.156707 -0.083790 0.070380 -0.000307 0.068858 0.058058 0.060414 -0.119451 -0.148589
0.117784 -0.032237 0.026547 0.034828 0.023285 -0.010193 0.024282 -0.122930 0.038597 0.121481
-0.114595 0.054471 -0.178025 0.045959 -0.190587 -0.089997 0.088731 0.013617 -0.158713 -0.129464
-0.049780 0.030093 0.116527 -0.097778 0.171744 0.098528 0.017859 0.048655 0.007265 0.035483
-0.046944 -0.074810 0.105184 -0.103965 0.082731 -0.246741 -0.062623 -0.112027 -0.111559 -0.187868
-0.221992 -0.141651 -0.094075 -0.175588 0.183087 -0.136120 -0.093840 0.025640 -0.116058 0.160588
0.057935 0.135277 -0.143807 0.140058 0.076732 -0.194243 -0.051139 0.160869 -0.107246 -0.110152
0.121402 -0.132277 0.085216 0.016980 -0.109777 -0.071013 0.207368 0.225742 0.127589 -0.227430
0.044577 -0.027280 0.079403 -0.092294 0.321926 0.231554 -0.135277 0.057982 -0.048655 0.103121
-0.108840 -0.002525 0.014414 -0.007289 0.028312 -0.078138 -0.145495 0.177931 0.107527 0.138933
-0.004514 -0.010611 -0.067685 0.057139 -0.084794 0.086997 -0.101246 0.022253 0.250866 0.101715
0.169025 0.023437 -0.126746 -0.140433 0.196493 0.044834 -0.128714 0.057701 -0.048139 0.144464
-0.045116 -0.160682 -0.024163 0.025616 0.017976 -0.037756 -0.013722 -0.137339 -0.111840 0.181025
-0.159557 -0.089950 -0.093794 0.048373 0.191431 0.045959 0.082403 0.199306 -0.053201 0.035343
0.068669 0.072185 0.070404 -0.071529 -0.032296 -0.049217 -0.215055 -0.041319 -0.124496 -0.215617
0.015808 -0.076157 0.071408 0.027995 -0.098517 0.018498 0.095452 0.135724 -0.063895 -0.061280
0.002975 0.025396 -0.016650 0.096173 0.114386 -0.008047 -0.049559 0.075376 -0.165658 -0.055720
-0.087337 -0.041715 0.014952 0.197635 -0.022676 0.022000 -0.026147 0.170106 0.110118 0.005350
0.106512 -0.023788 -0.048808 0.022586 -0.070687 0.016064 0.166139 -0.034021 -0.110659 -0.068764
0.037838 -0.035253 -0.088960 0.054698 -0.009550 0.059838 0.094851 -0.048537 0.064195 0.006939
-0.034833 0.065999 0.114386 0.016996 -0.079463 0.065157 0.000609 -0.083791 0.019400 0.051302
0.078681 0.049259 0.012255 0.099238 -0.123823 0.106872 -0.092206 -0.080425 -0.036395 0.113965
-0.089020 -0.027409 0.062152 -0.072971 -0.002759 0.085414 0.089080 -0.021459 0.021098 -0.097435
0.134161 -0.036275 -0.058605 -0.042737 0.074534 -0.068523 -0.095271 -0.099539 -0.056982 -0.008580
-0.135724 -0.102364 0.087157 0.027830 0.029047 0.063835 0.040723 -0.003381 -0.085293 -0.113664
0.174193 -0.051062 0.063294 -0.089801 0.079042 0.029753 -0.001406 -0.050641 0.149308 0.010294
0.033270 -0.087457 -0.001866 -0.031467 0.075135 0.055961 0.021819 -0.079162 0.059657 -0.108134
-0.044781 0.045081 -0.110419 -0.199799 0.051092 0.063895 -0.024855 -0.080124 -0.004218 -0.031129
0.077341 0.016751 0.098854 -0.042727 -0.098253 0.067305 -0.008210 -0.056458 0.041044 0.062077
0.049397 -0.266576 -0.052011 0.045251 -0.017893 0.020973 -0.029581 -0.108409 -0.043718 -0.126437
-0.050930 0.068747 -0.061506 -0.163816 0.036627 0.081006 -0.056338 0.148672 -0.064601 0.010817
-0.101318 0.168263 -0.045221 -0.113818 -0.000474 0.070911 -0.039211 0.084432 0.008128 0.079144
-0.102400 0.042697 -0.047444 0.069228 0.231962 -0.099816 0.010877 0.154802 0.084492 -0.077521
-0.053574 -0.060064 -0.046362 -0.098013 -0.020222 -0.022415 -0.054836 0.072894 -0.086235 -0.102520
-0.118024 -0.044800 -0.007380 -0.068868 -0.019065 0.034344 -0.095249 -0.062918 -0.077942 0.155643
0.055196 -0.198430 0.069048 0.004154 0.150235 0.122231 0.142783 -0.160931 0.067005 0.005315
-0.123433 -0.063579 0.031129 -0.054655 -0.054084 0.020101 0.008646 0.023031 -0.146509 0.063519
0.139778 -0.077942 -0.071812 0.081127 -0.127639 -0.072173 0.078903 -0.001272 -0.203117 -0.126317
-0.115380 0.008113 0.081728 -0.085153 0.106366 0.027989 -0.033923 0.093506 0.257202 -0.108169
-0.063820 0.003596 -0.017848 0.263932 -0.050719 -0.139177 -0.142182 0.046603 -0.096090 0.059763
-0.023947 0.098614 -0.091944 -0.102220 0.036898 -0.019395 -0.004684 -0.018907 -0.051005 -0.040313
0.077947 -0.009578 -0.052964 0.014970 -0.011772 0.019517 0.081545 -0.053803 0.050925 -0.048807
0.058120 -0.032198 0.033497 -0.037295 -0.036015 0.051805 0.065396 0.029940 0.003030 0.018477
0.033018 0.045649 -0.017798 -0.112404 -0.000597 0.046848 0.046049 -0.024144 -0.011752 0.037055
-0.006161 -0.115042 0.189791 0.001219 -0.045329 0.060439 -0.038234 0.210257 0.065396 -0.088260
-0.080625 0.068433 0.110805 0.037435 0.038574 0.127513 -0.020806 -0.003787 0.000883 -0.118799
-0.100572 -0.007880 -0.009918 0.052804 0.026922 -0.035276 0.143502 0.057641 -0.115681 -0.092497
-0.003270 -0.054923 0.044889 -0.063677 0.078067 0.003483 -0.026882 0.121357 -0.004509 -0.111204
-0.046289 0.065955 0.057641 0.198105 -0.044730 0.054443 0.001347 0.060519 0.050965 0.045889
0.038014 -0.044010 0.018318 0.082344 -0.089379 -0.047887 -0.023164 0.008075 0.115202 -0.013980
0.047927 0.017348 0.073470 0.137187 -0.021485 -0.083143 -0.001558 -0.098413 -0.094895 -0.105448
0.102250 0.053963 -0.004767 0.013671 -0.061158 0.082504 -0.009329 0.013661 0.007930 0.123596
-0.093856 0.100891 0.081025 0.064556 0.089939 0.009394 0.015699 0.006236 0.091778 -0.104329
-0.060559 0.075709 0.059679 0.064116 -0.060317 -0.010115 -0.025269 -0.014767 0.043862 0.015292
0.012291 0.026357 -0.012010 -0.004361 0.004123 0.035635 0.062617 0.000305 0.053565 -0.037935
0.030683 -0.014129 0.107029 0.005795 0.032259 -0.001421 -0.005289 0.156943 -0.070419 -0.050314
-0.067769 0.005808 0.010053 0.002229 -0.068119 -0.015154 0.021531 -0.065018 0.022881 -0.051039
0.032509 0.067418 -0.007146 -0.000615 0.030333 0.050239 0.033609 0.069619 -0.014454 -0.040811
-0.077671 -0.077921 -0.030708 0.201555 -0.066368 0.001201 -0.011691 0.062417 -0.072820 -0.014479
-0.035235 0.044162 0.002368 -0.041962 0.069769 0.041386 -0.308885 -0.144340 0.070619 0.008590
0.070869 -0.048513 0.026632 0.232464 -0.012216 0.046088 0.011284 -0.012335 0.016567 0.033034
-0.006602 -0.115332 -0.028108 -0.007271 -0.039561 -0.075971 0.060617 -0.000322 -0.045137 -0.009102
0.027358 -0.027583 0.034860 0.034109 -0.053215 0.080122 0.138138 0.084273 0.083623 0.045963
-0.010947 -0.036310 -0.071420 0.075221 -0.225062 -0.002201 0.007821 -0.060317 0.006292 -0.008115
-0.051189 0.037710 -0.000044 0.038761 -0.020256 0.039711 -0.011072 -0.059866 -0.079122 0.002948
-0.035885 0.015592 -0.042787 -0.023631 -0.032459 0.054565 -0.011653 -0.010122 -0.001499 -0.037685
0.038686 0.018505 -0.058973 -0.154185 -0.077881 0.054814 0.128932 -0.069687 -0.011852 0.030093
0.057546 -0.022703 0.034297 -0.027771 0.074604 -0.084680 -0.042492 0.001293 -0.033295 0.037332
-0.129418 0.068290 0.053904 0.053813 0.034115 -0.106776 -0.100220 0.034115 -0.094089 -0.058548
-0.035693 -0.020593 -0.000345 0.038182 0.085773 -0.020882 0.035723 0.113453 0.083952 0.022050
0.031140 0.045739 0.045315 -0.165475 0.015494 0.056211 -0.021094 0.083527 0.208574 0.060703
-0.018651 0.058032 -0.004192 -0.032688 0.054632 -0.086623 0.027255 -0.060794 -0.020548 0.036148
0.037454 0.049412 -0.005801 -0.012748 0.075453 0.017179 -0.065984 0.012907 -0.009637 0.053267
0.026026 0.071143 0.029684 0.058305 -0.092875 -0.120252 0.040640 -0.012694 0.125412 0.130025
0.120130 -0.023067 -0.044161 0.015570 -0.079824 -0.047530 -0.029365 0.066773 0.032081 -0.026345
-0.010615 -0.042674 -0.011640 -0.032992 -0.051537 -0.003581 0.063252 -0.053874 -0.020548 -0.113817
-0.040640 0.028834 -0.104226 -0.140830 -0.085105 -0.094817 -0.029031 0.013286 -0.020381 -0.258350
0.087715 0.023477 0.075575 -0.010160 0.040914 -0.014182 -0.037878 0.132453 0.053418 -0.035359
0.086865 0.078792 0.004632 -0.047348 0.199712 0.022885 -0.068169 -0.006529 0.025677 0.016526
-0.108162 0.046972 -0.100792 0.097070 -0.099229 0.031042 0.086127 0.085309 0.213793 0.055272
-0.122082 -0.035955 0.117839 -0.320689 0.027990 0.103249 -0.047344 -0.237762 0.150891 0.010729
-0.126474 0.030204 0.049205 0.211262 0.151784 -0.072207 0.052927 0.011026 -0.035434 0.144786
0.129452 0.103323 -0.044962 0.165853 0.031600 0.049019 -0.010710 -0.164066 0.126474 -0.025831
0.141362 -0.059106 0.068187 0.001930 0.059887 -0.183719 0.434434 0.140097 0.134216 0.149030
-0.026519 0.128261 -0.062642 0.038337 -0.210368 -0.048684 0.108385 0.118956 -0.001015 0.034261
0.090817 0.064316 0.109799 0.046935 0.045892 -0.116797 -0.156176 0.103398 0.178508 0.042505
0.084043 0.116499 -0.048349 -0.061190 0.193843 0.057654 -0.089031 -0.011501 0.024789 -0.072728
-0.051699 0.148881 -0.124315 0.111214 0.079726 0.153645 0.040644 0.163322 0.078609 -0.120817
-0.049019 -0.135928 -0.102207 0.166895 0.010654 -0.109278 0.018219 -0.195629 -0.004269 0.113149
-0.142107 -0.154091 -0.120296 -0.102579 0.093497 0.090073 -0.175679 0.021867 0.114787 0.104291
0.091413 0.214388 -0.266794 0.139948 -0.274387 0.047232 -0.099824 0.055719 0.272303 0.161684
-0.121933 -0.194140 0.149699 -0.129303 0.105407 0.022518 0.105035 0.289871 0.080327 0.129353
0.107857 0.077989 -0.052118 -0.100993 0.012520 -0.108460 -0.022288 0.171666 0.004987 -0.096392
0.201383 0.005963 0.039635 0.079950 0.000307 -0.142250 0.152055 -0.119472 0.113740 0.062527
0.041069 0.104010 -0.130107 0.056568 -0.019648 -0.108460 -0.132219 -0.037712 0.044010 -0.017668
0.130710 -0.013171 0.131540 0.154469 -0.119170 0.131842 -0.019591 0.127316 -0.167291 -0.139988
-0.040918 0.061245 0.004648 -0.028642 -0.035827 0.026512 0.065732 -0.035431 0.001643 -0.009815
0.105896 0.038429 -0.001288 0.043218 -0.033149 -0.020761 -0.003649 -0.151527 -0.122791 0.011530
-0.150472 0.007646 0.087417 -0.145041 0.034827 0.064450 0.039598 -0.062602 -0.065544 -0.014274
-0.062564 0.253878 0.057737 -0.028774 -0.183583 -0.099108 0.097071 -0.125582 0.107781 -0.153941
-0.127392 -0.038014 0.043746 0.000520 -0.006105 0.022344 -0.029962 0.158693 0.115701 -0.022288
-0.029472 0.093677 -0.137121 0.096920 -0.011936 -0.094130 -0.057096 0.060528 -0.120151 -0.079573
0.145795 0.142627 0.116531 0.009673 -0.166688 0.200780 0.051251 0.094884 -0.084098 -0.061622
-0.001296 0.053212 0.065167 0.047517 -0.048724 -0.067844 -0.023853 0.145871 0.089076 -0.041446
0.010757 -0.060490 0.003651 0.083419 -0.032564 -0.068749 0.178300 0.096318 -0.023370 0.050250
0.000698 -0.098707 0.073396 0.019805 -0.153213 0.017033 -0.055775 -0.091838 0.164114 0.036119
0.179495 -0.133426 0.014812 -0.066489 -0.035839 -0.143208 -0.159335 0.018256 -0.086163 -0.157991
0.128424 -0.125587 0.120584 0.164114 -0.084297 -0.027103 -0.002053 0.036157 0.004734 0.134248
-0.084222 0.075636 -0.007453 -0.152242 -0.065705 0.085939 -0.022960 0.000563 -0.085566 -0.059695
0.019189 0.057268 0.112595 -0.149554 0.157095 -0.104606 -0.066303 0.068095 0.079817 0.092510
0.081236 -0.008003 0.038677 -0.031882 -0.002735 0.159186 -0.031005 -0.077054 -0.094302 0.046890
-0.058313 -0.054692 0.035130 0.152018 -0.022997 0.034887 -0.004433 0.061188 -0.042372 -0.045919
-0.112595 0.001464 -0.057716 0.116627 0.069177 0.091315 -0.119987 0.029941 0.062719 0.078473
0.034159 -0.043082 -0.164711 0.068244 0.098483 -0.010322 -0.080041 0.043940 0.041700 -0.199206
-0.148807 0.008656 0.171879 0.174119 0.076233 -0.113491 -0.163666 -0.151271 -0.003670 0.021373
-0.099379 0.084222 0.069999 0.114163 0.059583 -0.115507 0.114686 0.019954 0.127976 0.095571
-0.090345 0.192935 -0.061972 0.168444 -0.011414 -0.036997 -0.005581 0.052826 -0.115507 -0.061001
-0.096915 0.082804 -0.130067 -0.018218 -0.199426 -0.091362 0.168409 -0.178847 0.298046 -0.119000
0.173280 0.151409 0.091760 0.000909 -0.024767 0.181929 -0.118403 0.112935 0.045979 0.096383
0.150017 0.216526 -0.173678 0.129438 0.144350 -0.114824 -0.153795 -0.109356 0.020455 0.098023
-0.034895 0.146438 -0.049906 0.140473 -0.113234 0.008332 0.150216 -0.054181 -0.120093 0.201216
0.202011 -0.152503 -0.007108 -0.028482 0.120391 0.204596 -0.095836 -0.049012 -0.093997 0.197339
-0.167315 0.023350 -0.029551 0.174473 0.036286 0.006872 0.068646 0.172783 0.188590 -0.037107
-0.140274 0.096333 0.014303 -0.244163 -0.195847 -0.154391 0.031539 -0.063874 0.218116 0.076848
0.081123 0.137690 -0.201614 0.194157 0.149421 -0.115620 0.129935 -0.043668 0.012508 0.063725
0.028110 -0.168309 -0.046153 -0.200918 -0.139380 -0.130731 -0.159462 0.013172 0.031216 0.193859
0.203304 0.093848 0.048514 0.009923 0.127549 -0.010569 -0.019759 0.358689 -0.069292 0.135204
-0.124070 -0.045507 -0.098918 -0.106076 -0.154789 0.133912 -0.126058 0.096383 0.026171 -0.020380
0.086441 0.021337 0.017075 -0.042500 -0.040263 0.097278 0.142959 0.061538 -0.146935 -0.085099
0.223286 -0.058456 -0.164035 -0.187099 0.167315 0.131327 0.084055 -0.025500 0.147432 -0.162742
0.165426 0.036808 0.135786 -0.090524 -0.056662 0.073129 -0.027670 0.042954 -0.003562 0.013645
-0.097955 -0.029218 -0.061138 0.077576 0.087991 -0.098518 0.035748 0.000367 -0.062320 0.010126
-0.224734 -0.077689 -0.083487 0.002229 0.052187 0.014848 -0.099138 0.023096 0.154815 0.017832
-0.092213 -0.025868 -0.069132 -0.117096 0.060969 0.043235 -0.044418 -0.011273 0.055142 -0.075662
0.096098 0.068006 0.092101 0.049541 0.166749 -0.171028 0.027107 0.079209 -0.023982 0.097674
0.054523 0.046388 -0.009120 -0.002876 0.072510 -0.085345 -0.049175 0.041772 -0.053284 -0.002630
-0.024855 -0.000473 0.038113 -0.096210 0.174743 0.023391 0.053313 0.056606 0.085908 0.067218
0.068006 0.025291 -0.097730 0.070427 -0.072622 -0.035607 -0.023968 -0.009233 0.014377 0.148059
-0.009021 0.068738 -0.053650 0.000228 -0.040139 -0.042841 -0.041997 0.022054 -0.088835 0.019056
0.074142 0.103360 0.069638 -0.098687 0.067218 -0.062320 -0.041969 0.074761 0.084107 0.054607
0.044446 -0.060462 0.146708 0.110622 0.050751 0.067781 0.032624 -0.089792 0.062489 -0.155715
0.109552 0.049513 0.005855 0.006435 -0.078984 0.086527 0.127342 -0.021899 0.159769 0.083825
-0.026896 0.176095 0.034791 -0.050582 0.005341 0.007699 -0.009760 0.050554 0.031695 0.119348
0.035959 -0.103205 0.088182 0.037134 0.012656 0.049251 -0.096020 -0.059670 0.038408 0.033640
-0.153763 0.152326 -0.011455 -0.110064 -0.054150 0.046312 0.013660 -0.004703 -0.034783 -0.028006
-0.003793 0.146447 0.023776 -0.081650 0.015105 0.104642 -0.056436 -0.027418 0.040858 -0.045659
0.115747 0.014117 -0.086353 0.072374 0.095824 0.074857 -0.099809 -0.151542 0.073158 -0.096151
0.001524 -0.066953 -0.096281 0.133122 0.006181 0.180021 -0.070676 -0.077404 0.120319 -0.094779
0.056730 -0.053856 -0.041707 0.041086 0.159903 -0.004060 0.098110 -0.012280 0.085308 -0.062968
0.025736 0.121168 0.020837 0.035077 -0.062413 -0.075183 0.005585 0.000644 -0.022176 -0.123454
0.012011 -0.071786 -0.063099 0.057971 -0.007622 0.022927 -0.001285 -0.079755 -0.088966 0.029933
0.071133 -0.126329 0.079364 0.100788 0.179368 -0.095824 -0.015636 0.024430 0.007540 -0.001839
-0.070023 -0.064471 -0.089358 0.080866 -0.094387 -0.088378 0.111044 -0.021866 0.049970 -0.057481
-0.181197 -0.097457 0.013178 -0.122213 -0.012860 -0.072962 -0.013023 -0.104969 0.004764 -0.071525
0.007700 -0.001158 0.123324 0.041054 0.050949 0.010721 -0.054411 0.097327 0.114179 -0.055750
-0.126198 0.008385 -0.036546 0.046736 -0.035926 -0.086614 0.083479 -0.120842 0.096588 0.053374
0.073042 0.066795 0.127343 0.089586 0.119860 0.032745 -0.021006 -0.095421 0.022637 -0.055674
-0.043386 0.052276 0.005410 0.048329 -0.063260 0.096657 0.159264 0.003982 -0.116702 -0.042940
0.088351 0.013747 0.057905 -0.105993 0.133727 -0.086360 -0.112927 -0.162010 -0.135512 -0.121988
-0.032986 -0.018123 -0.014631 -0.005213 -0.081829 -0.063019 0.130020 0.016029 -0.083682 -0.087733
-0.103522 0.058386 -0.107847 0.081623 -0.160775 -0.049084 0.032797 -0.011962 0.133109 -0.094666
0.042768 0.079564 -0.059518 0.128785 -0.057287 -0.179035 -0.166404 -0.107366 -0.137297 -0.012666
-0.009190 -0.034341 0.047093 -0.086909 0.021264 0.087458 -0.025709 0.066692 -0.079975 0.014880
-0.047985 -0.005209 -0.093705 0.058523 0.140867 0.064530 0.136679 0.092195 0.005174 0.103934
0.112034 -0.049804 0.016390 0.072424 -0.058111 -0.135855 -0.042665 -0.146496 -0.048946 0.093293
0.134208 0.230933 -0.154734 -0.032917 -0.107572 0.100707 0.015515 0.020492 0.010555 0.122537
-0.014777 -0.030343 0.082035 0.000095 -0.071875 -0.089380 -0.055777 -0.039610 0.088213 -0.174092
-0.182605 -0.175191 -0.008594 0.004415 0.070639 0.008203 0.021247 0.202376 -0.068168 -0.236288
0.076131 0.071875 -0.041601 -0.001923 -0.003066 -0.193863 0.073281 0.057961 -0.005384 -0.033347
0.156470 0.067153 -0.174547 0.040394 -0.059697 -0.108773 -0.093146 -0.066438 -0.019240 0.034547
-0.082473 -0.048361 -0.067766 -0.081350 -0.402204 -0.070779 0.020542 -0.132264 0.104994 -0.288427
-0.137370 -0.041671 -0.013226 -0.180267 0.079614 0.096976 -0.081401 0.097947 -0.043126 0.048565
0.024333 -0.092176 -0.060055 0.064293 -0.071188 -0.003607 0.057706 0.055459 0.015065 0.132059
0.000709 -0.039041 0.107752 -0.053723 0.065877 0.048846 -0.152486 -0.035696 -0.053161 0.072056
-0.017669 0.048258 -0.055050 0.102849 0.050429 -0.096976 0.019661 -0.106832 0.150035 0.019712
0.052854 0.059800 0.181186 0.089316 -0.014465 -0.036539 0.038862 0.008075 -0.058268 0.278214
-0.076294 0.005911 0.012888 0.140945 0.103615 -0.073486 0.000047 -0.088499 -0.040445 0.099121
-0.069553 0.009422 0.003741 0.094781 0.098713 0.006083 0.067460 0.126238 0.048744 0.034036
0.032989 -0.146256 -0.015256 0.081043 -0.017797 0.069707 -0.060310 0.005662 0.021882 -0.020606
-0.076805 -0.058012 0.049739 0.056582 -0.030410 -0.124502 -0.165764 0.069196 -0.094066 0.065672
0.006476 -0.233479 -0.097538 -0.042692 -0.210601 -0.189970 0.086916 -0.091921 -0.122765 0.025546
0.062710 -0.020389 -0.035875 -0.050454 0.091692 -0.034508 0.109739 -0.047198 -0.053101 0.051931
-0.130959 -0.044832 -0.053881 -0.160812 0.079054 -0.100117 -0.121285 0.185672 -0.037082 -0.090132
-0.055806 0.002828 -0.170070 -0.193162 -0.102874 -0.019009 0.284177 -0.029801 0.089508 0.075881
-0.026785 -0.023872 0.126278 0.266494 0.070212 0.140112 -0.107555 0.002391 0.054870 -0.039085
0.064023 -0.033468 -0.039709 -0.046002 0.094500 -0.104902 -0.106463 0.021246 -0.086855 -0.013100
0.069484 -0.039917 0.016539 0.000672 -0.068704 0.069692 0.116084 0.006703 -0.172150 -0.046912
-0.069848 -0.023729 0.030113 -0.127006 -0.036562 -0.073281 0.160188 0.086023 0.106827 0.054766
0.076349 0.031257 0.018606 -0.038071 -0.022416 0.008627 0.017306 0.419609 -0.022312 -0.035860
-0.068860 0.092212 0.048030 0.008094 -0.065583 0.027383 -0.058406 0.092004 0.036432 0.043610
-0.050345 -0.059914 0.084307 -0.030815 -0.039657 0.064335 -0.151762 0.042803 0.114732 -0.094084
0.085035 0.015369 -0.124198 0.252140 0.135119 -0.130647 -0.014367 -0.113380 0.042881 0.046080
-0.009888 0.253596 0.086907 -0.077441 -0.179847 0.079990 0.015278 0.011117 -0.028501 -0.285634
-0.001050 -0.015915 -0.077285 -0.081290 0.120765 -0.064959 -0.102718 0.000347 -0.062931 0.055754
-0.066208 -0.014185 0.001868 0.039299 0.139357 0.002463 -0.034839 0.134436 -0.131634 0.047944
0.042648 0.022520 0.033729 -0.036975 0.045279 0.402145 0.036121 0.063698 -0.027031 -0.037009
-0.154734 -0.027748 -0.065065 -0.020264 0.320951 -0.047979 -0.054130 0.015813 0.044185 -0.231145
0.121723 0.091788 -0.040700 0.088029 -0.149130 0.018573 0.043604 -0.046031 0.011849 -0.003776
-0.007732 0.030482 0.107986 0.055189 0.130062 -0.041725 -0.014523 -0.069234 0.061955 -0.057171
0.011730 0.103885 -0.023699 0.007364 0.008210 -0.007791 -0.205720 -0.054506 -0.108601 -0.007548
0.027424 -0.144756 -0.070806 -0.008509 -0.058333 -0.058025 0.087414 0.017496 0.129515 -0.145439
0.015566 0.028927 0.091378 -0.029064 0.067560 0.404059 -0.006480 0.043775 -0.058060 -0.076410
-0.005985 0.000084 -0.057479 0.071216 0.144209 0.034002 -0.025220 0.005656 0.107849 0.102860
0.042238 0.098008 -0.033421 0.001789 0.016480 0.048081 0.063732 -0.000461 0.057649 0.032003
-0.076342 0.132727 -0.055394 -0.052182 0.053412 -0.143116 -0.011815 0.083587 -0.096641 -0.025835
0.017351 0.060828 -0.199159 0.238799 -0.104090 0.104705 -0.075795 -0.328059 0.051430 -0.005040
-0.092266 0.091241 0.047603 -0.041178 -0.023904 0.003334 0.036291 -0.018641 0.053856 -0.069166
0.061655 0.037629 -0.086316 0.206949 0.256974 0.184130 0.081840 -0.108565 0.000578 0.211337
-0.171404 0.199225 0.123046 0.105230 0.059504 0.062049 0.125679 -0.072713 0.174651 -0.265400
-0.055818 -0.056433 0.142617 0.140160 -0.080041 0.043553 -0.079515 -0.266628 -0.102860 0.199050
0.111900 0.085307 -0.060865 0.096278 -0.000193 -0.130330 0.165173 0.077101 0.125415 0.215023
0.062225 -0.166226 0.241703 -0.160082 0.095839 -0.035567 -0.212390 -0.021897 -0.002582 -0.054458
-0.048929 0.170263 -0.039999 0.131910 0.120413 -0.043005 0.270315 0.106722 0.182726 -0.225730
-0.089125 -0.027470 0.131822 0.015644 -0.083332 0.113216 0.207124 -0.198874 -0.121554 0.025101
0.003365 -0.206422 -0.078066 0.014426 -0.304016 0.183252 0.090573 0.126732 -0.141125 -0.057661
0.053141 -0.054107 -0.054107 -0.015161 -0.078330 -0.129804 0.226257 0.038792 -0.023740 0.019078
-0.113041 0.003343 0.078286 -0.030630 -0.018452 0.221342 -0.006122 0.151043 0.047656 0.046076
0.019188 0.090573 -0.008255 -0.055950 0.069290 0.076706 0.040152 0.186236 -0.178864 0.046822
-0.188167 0.104176 -0.102421 0.012090 0.080743 -0.122519 0.062839 0.210459 -0.190098 -0.155957
0.120062 0.066613 -0.186236 0.060206 -0.191678 -0.132700 -0.148585 0.012561 -0.041620 0.002092
0.071879 -0.050933 0.374263 0.071829 -0.127060 -0.103446 -0.200668 0.035248 0.072817 -0.025713
0.155811 0.333161 -0.057849 0.046388 0.022478 0.101964 -0.368138 -0.198494 -0.006249 -0.057256
0.052909 -0.011196 0.043399 0.092677 -0.272299 -0.253922 0.055675 -0.036186 -0.076819 0.043893
-0.061109 0.053551 -0.107299 -0.017945 -0.003403 0.149488 -0.062838 0.010992 -0.013511 -0.057009
0.074793 -0.228036 0.122515 0.090404 -0.394419 -0.100927 -0.078251 0.101075 -0.186835 -0.023478
0.030555 0.048833 -0.032432 -0.064172 0.008818 0.031543 -0.024009 -0.104829 -0.114611 -0.061801
-0.115204 0.086501 0.053353 0.065605 0.232778 -0.094653 -0.073954 0.125479 0.065210 -0.042633
-0.063925 0.104138 0.007466 0.100186 0.048314 0.086403 -0.001572 0.113129 0.032135 0.027195
-0.005443 0.056169 0.068421 0.015648 0.030752 -0.035198 0.013141 0.023416 -0.102952 -0.012517
0.310042 0.191973 -0.104533 -0.163715 0.092479 -0.015290 0.158874 -0.040929 0.015290 -0.061356
0.036878 -0.087094 0.043918 -0.082846 -0.027319 0.100284 -0.101470 -0.004628 -0.112832 0.036162
-0.018884 -0.036680 0.026109 0.195135 0.024367 -0.004153 -0.198296 0.045054 0.143955 0.134470
-0.145832 0.102063 0.033173 -0.057602 0.061504 -0.169347 -0.022838 0.071788 0.001986 -0.027325
0.012026 0.049114 -0.046308 -0.079119 0.045323 0.133769 0.083163 0.053083 0.224465 -0.074367
-0.060363 -0.009037 0.032406 0.204243 -0.059352 0.118198 0.028766 -0.072799 0.097015 -0.017833
0.122141 0.080180 -0.102121 -0.210916 -0.100554 0.019729 0.076642 0.165517 0.057582 0.002719
0.041152 -0.106065 -0.007615 -0.092314 0.027704 0.106368 0.031091 0.013561 0.002073 0.115569
0.090190 0.163596 -0.048836 0.103486 0.014067 -0.112131 -0.125276 0.056571 -0.037588 -0.014661
0.050682 0.006711 0.109907 0.098785 -0.093729 0.013347 -0.080231 0.071738 0.078462 0.091808
0.050227 0.066834 -0.051693 -0.031167 0.026794 0.072445 0.079018 -0.065469 0.001379 -0.030586
-0.051035 0.058846 -0.083062 0.170876 -0.016987 0.041253 -0.069159 -0.020841 -0.072445 0.025391
0.022573 0.013283 -0.018099 0.044918 -0.090797 0.091859 -0.028286 0.056318 0.030384 -0.105458
0.025935 0.103284 0.026693 -0.014294 0.129320 0.081495 -0.025733 -0.078462 -0.011198 0.029651
0.074265 0.093881 -0.033366 -0.026390 -0.089129 0.067390 0.080635 0.038902 0.007451 -0.004304
0.050505 0.023382 0.036804 0.001119 -0.033543 0.112738 -0.098532 -0.028008 0.102374 0.150452
-0.027881 -0.081647 -0.017808 -0.047395 -0.017053 -0.000912 0.012936 -0.011454 0.128060 -0.023424
-0.111508 -0.001625 -0.132871 0.054007 0.084762 0.082586 -0.019873 0.010832 0.106640 -0.042639
-0.061854 -0.035709 -0.382347 -0.157956 0.046591 -0.105495 0.081097 -0.099768 -0.169181 -0.032530
0.018399 -0.001537 -0.008727 -0.085106 0.017182 -0.060365 0.040806 -0.000225 0.066722 -0.157498
-0.051373 0.102746 0.094384 -0.036024 0.128060 -0.073365 -0.065634 0.006171 0.017310 0.043698
0.081040 -0.058331 -0.125540 -0.004059 -0.162538 0.084934 -0.078291 -0.074912 -0.072449 0.056470
0.099481 0.091750 -0.137682 -0.079150 0.089573 -0.128976 0.083502 -0.002495 0.149594 -0.013853
0.055296 -0.119698 -0.009572 0.047135 0.068325 -0.161850 -0.098851 0.292316 -0.119927 -0.116377
0.025601 0.033790 0.056184 0.043928 -0.046562 -0.032473 -0.016308 -0.010087 0.088657 0.121531
0.058876 -0.116548 0.113857 0.053435 -0.062713 -0.055525 0.083560 -0.060880 0.015249 0.150052
0.051087 0.000772 -0.022823 -0.076172 -0.043154 -0.151656 -0.110649 -0.078921 -0.040978 -0.073136
-0.065748 0.048939 -0.026588 -0.128633 -0.076630 -0.036396 -0.018427 0.058646 -0.089115 -0.260931
-0.039203 0.005230 0.098450 -0.161736 0.090776 -0.060422 0.049998 0.058589 -0.078921 -0.021735
0.070788 0.060193 0.067674 0.121738 0.063816 -0.016262 -0.100734 -0.072068 0.009096 -0.017588
0.033140 -0.069656 -0.038284 -0.006504 0.056261 -0.020683 0.030113 -0.023174 0.013215 0.013362
-0.497669 -0.031613 0.038124 -0.027099 0.010160 0.104538 0.012953 0.008734 -0.031720 -0.102877
-0.032899 0.042678 0.081498 -0.004062 -0.011614 0.070299 -0.010428 0.038284 -0.038659 0.038257
0.032337 0.001847 0.063977 0.069281 -0.066870 0.001299 0.001587 0.002785 0.179606 -0.059047
0.006745 -0.006885 -0.042598 -0.006674 -0.032444 -0.070299 -0.078176 0.047072 -0.065477 0.040454
-0.008962 0.035337 0.097841 0.066174 0.090928 0.017816 0.049001 -0.008834 0.031158 0.030997
-0.035846 -0.023496 0.125382 -0.090446 0.039704 0.383861 0.084713 0.020321 -0.002781 -0.044018
-0.042973 0.006765 -0.021473 -0.007676 0.010254 0.005556 0.023388 0.071639 -0.011379 -0.058244
0.021808 -0.022799 0.043482 0.033676 0.000829 -0.061941 -0.034185 -0.027541 0.038204 -0.047313
0.034266 0.009625 -0.058994 -0.017200 -0.002587 -0.034560 -0.049536 0.036998 0.008968 -0.006504
-0.076944 -0.041419 -0.030515 0.025813 0.021500 0.051760 -0.068585 -0.021540 -0.112522 -0.027112
-0.041472 -0.152816 -0.052617 -0.077265 -0.137705 -0.068531 0.114665 0.009109 0.002473 0.010181
-0.117396 0.032284 0.035879 -0.025026 -0.073032 -0.051873 0.022080 0.076763 0.102927 0.038586
-0.012047 -0.053693 0.003063 -0.026824 0.098467 -0.040156 0.042613 0.010386 -0.046572 -0.044206
-0.013253 0.026778 0.076763 0.091779 -0.031920 -0.016483 -0.207309 0.094554 0.010409 0.036721
-0.071712 0.092689 0.028189 -0.058380 0.131593 -0.018633 0.052191 -0.033513 -0.019759 -0.044661
0.072030 -0.119672 0.007997 0.110571 0.058926 0.015755 0.142332 -0.031943 -0.050963 0.068572
0.041658 -0.011256 0.072030 0.062111 0.069801 -0.091642 0.011006 0.106840 0.000881 0.055195
0.096829 -0.012331 -0.357468 -0.095191 0.006143 0.021671 -0.023286 -0.072713 -0.038745 0.196025
0.052282 0.063248 0.009021 0.081313 -0.066388 -0.084453 0.027301 -0.106658 -0.030145 -0.011683
0.006342 -0.068072 -0.018451 0.034059 -0.034696 0.016051 0.081540 -0.022035 0.051509 0.005841
-0.018770 0.004766 -0.009499 -0.068982 0.062793 0.117487 -0.023889 -0.063658 0.013469 0.012399
-0.164537 -0.205853 0.021659 -0.114848 -0.010215 0.001354 -0.008964 -0.043500 0.004510 -0.019145
0.046117 -0.016392 0.001965 0.060655 -0.043751 -0.019020 -0.034696 0.024071 0.107932 -0.053238
0.044570 0.110207 -0.042841 0.051554 0.021113 0.019441 0.013389 0.092325 0.112097 -0.076240
-0.107126 -0.019249 -0.081166 0.155941 0.061152 0.136682 0.056270 0.145912 0.127717 0.027580
0.059598 -0.055294 0.078148 -0.073755 0.047084 -0.173426 -0.253837 -0.204667 0.106416 0.059377
-0.080101 -0.023165 -0.012803 0.012681 -0.116801 -0.014955 -0.077394 0.119108 -0.097985 0.034903
-0.038187 -0.159314 0.015510 -0.028579 -0.101801 0.057557 -0.005200 0.082009 -0.050634 -0.017995
-0.061019 0.180171 0.171207 -0.122836 0.146533 0.034947 -0.102600 0.031929 0.065634 0.052498
-0.162509 0.051877 -0.003966 -0.136504 -0.113694 -0.082852 0.064791 0.153012 0.153279 -0.042469
-0.002298 0.053874 0.092571 -0.008637 0.036633 0.127007 0.028113 -0.156207 0.172449 0.001212
-0.086136 0.286144 0.020336 0.064081 -0.123102 -0.199342 0.038431 0.072379 -0.043090 -0.117866
0.077882 -0.005392 -0.094523 -0.107304 -0.153634 -0.112185 -0.168988 -0.091683 -0.080411 0.149906
-0.108014 -0.027869 0.150971 -0.045575 0.002650 -0.151770 0.081121 -0.058356 -0.010467 -0.153989
0.152302 -0.066299 -0.140853 0.085382 -0.080589 -0.211413 -0.156119 -0.014667 0.075485 -0.158071
0.001764 -0.100381 -0.208572 0.027492 0.063237 0.064081 0.208572 -0.014567 0.080367 0.106328
0.040317 0.173603 -0.011294 0.128072 0.092216 0.227743 -0.048891 0.066207 0.067791 -0.123719
-0.007737 -0.117529 -0.116276 -0.016441 0.057549 0.069338 0.035461 -0.039090 0.095055 0.056996
0.070333 -0.062265 -0.032569 0.085476 -0.407630 0.109497 0.046496 0.031316 0.058543 -0.086433
-0.007820 0.116497 -0.096897 0.175078 -0.026877 0.137792 0.126813 0.071954 0.027982 0.124603
-0.035885 -0.128361 0.103897 0.031114 -0.084665 -0.139708 0.110602 -0.039127 -0.016220 0.079728
0.147372 0.169035 0.089897 0.123497 -0.013521 -0.079286 0.114655 -0.007171 -0.053533 0.090118
0.101760 -0.060864 -0.099107 0.050033 0.074791 -0.032606 0.063775 0.010629 -0.065433 -0.056922
0.019398 -0.135435 -0.136466 -0.065065 0.115466 -0.041117 -0.117160 0.084886 0.101613 0.120550
-0.026122 -0.184215 0.046090 0.088791 0.045943 0.060754 0.046164 -0.059170 0.102276 -0.099771
0.038132 0.129245 0.008110 0.112297 -0.120108 0.034522 -0.026214 0.035406 -0.115097 0.027430
0.009271 -0.128877 -0.126740 -0.060312 -0.065580 0.088497 -0.117603 0.054859 0.000475 0.091813
-0.077002 0.099181 -0.055780 -0.183920 -0.113402 -0.132708 0.084444 0.109129 -0.051433 -0.082897
-0.034374 0.023266 0.045943 0.058433 0.134403 -0.108908 0.010749 0.090707 0.009151 0.054822
0.023064 0.046090 0.085402 0.088276 -0.008372 0.032623 -0.115577 -0.008584 -0.058833 0.020572
-0.058941 0.047521 0.121774 -0.098716 0.158522 0.061319 -0.026588 -0.150740 0.093312 0.129700
-0.055663 -0.202476 -0.112190 -0.174807 -0.049322 -0.055699 0.154055 -0.044819 -0.147570 -0.086323
-0.011808 0.115721 0.138923 0.128619 -0.097203 0.043738 -0.057753 -0.024679 0.112767 0.027597
-0.119756 -0.084665 0.101022 0.121125 0.050007 -0.224525 0.097059 -0.009782 0.073605 -0.127178
0.130204 0.179562 0.101959 -0.004918 0.179562 0.081495 -0.059482 -0.234901 -0.269344 -0.115865
-0.088917 0.115289 0.009111 0.137986 0.098284 -0.079261 0.022445 0.107651 -0.042909 -0.010187
-0.179130 0.126890 0.138563 -0.090502 0.120549 0.059446 0.120477 0.040819 0.121630 0.060491
0.021707 -0.094897 -0.049502 0.042116 -0.002072 -0.012979 -0.049178 -0.046620 0.001111 -0.104841
0.077460 -0.096482 -0.115217 -0.179995 0.037649 0.099653 -0.104481 -0.071839 0.042261 0.084953
0.058653 0.021112 -0.037073 0.017528 -0.023868 -0.115217 0.058761 0.021400 0.121774 0.023094
-0.101814 -0.312433 -0.025255 -0.029723 0.190803 -0.050475 0.049971 0.250753 -0.032569 0.077532
-0.056564 0.096482 0.213284 0.002163 -0.140652 -0.090502 0.188353 -0.039162 -0.104264 -0.086250
0.010151 0.149155 0.095059 -0.069742 -0.036091 -0.074288 0.063274 0.126178 0.054478 0.067487
0.124922 -0.066489 0.047160 -0.071922 -0.103116 -0.125661 -0.129283 -0.087519 0.146801 -0.020217
-0.033781 -0.167646 -0.137636 0.008685 -0.040248 -0.166611 -0.117899 -0.016142 0.084710 -0.130687
-0.060095 -0.083158 0.126991 0.006075 0.032265 -0.050338 0.066526 -0.041616 -0.029734 0.016641
-0.043870 0.066896 0.056843 -0.095946 -0.028939 -0.062239 0.111099 0.133718 -0.002707 -0.059356
-0.012427 -0.091067 0.090845 0.091437 -0.087223 -0.068596 0.055734 -0.157298 -0.007503 -0.112134
-0.025132 -0.094837 0.046125 0.042577 0.123813 -0.058247 0.170307 -0.066489 0.071220 -0.090032
0.110581 -0.217319 -0.139557 0.079979 -0.003525 0.012418 0.092472 0.168385 -0.125143 0.126104
-0.008681 0.102968 0.121817 -0.062830 0.089515 -0.136822 -0.134753 -0.098976 -0.047788 0.046347
-0.133496 0.085523 0.099863 0.058876 0.116717 -0.064235 0.114499 -0.075840 -0.019163 -0.016290
-0.071442 0.011078 0.207858 0.169568 -0.156854 0.041172 0.070998 0.135566 -0.043612 0.168533
-0.097572 -0.091141 -0.167942 -0.066342 0.157741 0.171934 -0.014784 0.090180 -0.047566 0.135344
0.031471 -0.023783 0.122556 0.056658 0.068670 0.068337 -0.127878 -0.089811 -0.032136 0.093063
0.010546 0.081310 0.098598 -0.062981 0.173928 -0.000279 -0.119657 0.033278 0.107958 -0.040720
-0.032254 0.057196 0.009627 0.108543 -0.088459 0.125637 0.079295 0.082479 -0.165349 0.037730
-0.072600 0.001910 0.016915 0.026973 0.160799 0.025982 -0.219555 -0.226835 -0.138571 0.079945
-0.059536 -0.128496 0.118162 0.093854 0.008709 -0.123362 0.054531 0.145980 -0.074485 -0.090929
-0.143640 0.040427 0.025348 -0.040687 0.026421 -0.006634 -0.417272 -0.007239 -0.048454 -0.088979
-0.028923 0.016379 -0.080205 0.015566 0.301580 0.094504 0.152090 0.059374 0.004891 0.019677
-0.178088 0.067336 0.105748 -0.030142 0.181598 0.026957 0.002271 0.022895 -0.013966 -0.134021
0.079945 -0.014023 -0.097298 -0.005829 -0.038152 0.002332 -0.135711 -0.060056 0.023090 -0.035228
0.145460 -0.056189 0.053134 -0.049267 -0.027428 0.100678 0.141821 0.146110 0.110948 0.040102
0.001206 -0.024747 -0.065776 0.101653 -0.078710 -0.093334 -0.027639 -0.098013 -0.075200 0.099053
-0.105813 0.309639 -0.091059 0.039257 0.128431 -0.039420 -0.018995 0.065451 0.009944 0.004891
-0.048292 -0.064573 -0.025088 -0.011699 0.020360 0.161059 0.074745 -0.049559 -0.039550 -0.186018
0.115952 -0.037957 -0.114782 0.045854 -0.058919 -0.020360 -0.053979 -0.348117 -0.051696 -0.222462
-0.042407 -0.045582 -0.104019 -0.122675 -0.098454 -0.033628 0.117423 -0.039291 0.106214 0.058006
0.074507 0.065453 0.020204 -0.103157 0.018489 -0.125184 -0.200827 -0.158341 0.110682 -0.158812
-0.042407 -0.035960 -0.148308 -0.067373 -0.135687 -0.090380 0.083874 -0.057418 -0.005712 -0.052833
-0.140861 0.030904 0.083012 -0.026279 0.192988 -0.033589 -0.008025 -0.000833 0.053617 0.133728
0.016226 0.117423 0.063219 -0.055811 -0.062239 0.077250 0.005399 0.006731 0.030982 -0.106684
-0.082933 0.011160 0.151208 -0.030982 -0.011846 0.153246 0.100100 0.107703 0.105744 0.035058
-0.170256 0.054714 -0.131533 -0.066550 -0.042133 0.054714 0.097278 0.146662 0.147837 -0.102922
0.111623 -0.089753 -0.169159 0.078583 0.068863 0.056634 0.092261 -0.112015 -0.105587 -0.007408
-0.096808 0.028317 0.083560 -0.044367 0.158184 0.037253 0.098924 0.120637 -0.051500 0.008539
-0.017529 -0.176057 -0.066668 -0.103235 0.057457 -0.097513 -0.112563 -0.151835 -0.102687 0.036038
0.035274 -0.088655 -0.029513 -0.081679 0.003611 -0.184522 0.116169 -0.133414 0.114288 -0.028102
-0.084971 -0.118756 -0.006055 0.075604 0.118050 -0.039566 -0.099081 -0.196751 -0.038527 0.058712
-0.026122 0.196124 -0.135452 -0.046640 -0.014952 0.085912 -0.046170 -0.104026 -0.093562 -0.049531
0.150234 0.035859 -0.048080 0.063813 0.031678 0.074659 0.009060 0.000135 0.103110 -0.102804
0.048538 0.071566 -0.012373 -0.095166 -0.173988 0.058391 0.061637 -0.090202 -0.073055 -0.092264
-0.095701 -0.053770 0.069122 0.080044 -0.013538 -0.049951 -0.039220 0.001095 0.033778 0.010005
0.002680 -0.140000 0.044184 0.034675 0.059269 -0.007657 -0.034771 0.022646 -0.097763 0.043993
0.010101 0.008024 0.199956 -0.045788 0.123579 0.025243 0.069885 -0.053273 0.017424 -0.030035
0.101276 -0.004721 0.033625 -0.037234 0.131446 0.085390 -0.023047 0.094632 -0.021347 0.019915
-0.065035 0.009977 -0.063852 -0.113802 0.005389 -0.067250 -0.019915 0.015543 -0.081953 -0.107310
0.049034 -0.028985 0.029730 0.016526 0.052395 -0.043764 -0.012316 -0.047087 0.023524 -0.057245
-0.031487 0.028603 0.103797 0.033969 0.018588 -0.044872 -0.001226 -0.020068 0.087376 0.064730
0.006335 -0.000982 -0.091347 -0.012039 -0.013595 -0.070038 0.016488 -0.056863 -0.206525 0.012020
-0.073513 -0.065112 -0.024632 -0.210343 -0.002630 0.037425 0.070802 -0.109602 -0.053617 -0.019457
-0.075423 0.125412 0.071718 0.071642 0.039907 -0.003389 -0.063317 -0.098145 0.353169 -0.125488
-0.044299 -0.015772 -0.009075 0.077638 0.034356 -0.107270 0.067286 -0.037361 0.081089 0.101616
0.078492 0.023456 -0.031402 0.003118 -0.047115 0.029670 0.180821 -0.042658 0.073245 -0.011314
0.053075 0.168393 -0.151890 0.208326 0.061938 0.078797 0.013345 -0.035808 0.019470 0.061734
-0.096166 -0.099426 -0.050299 0.019623 -0.019164 0.169106 0.014135 0.069221 0.022704 0.121838
0.043346 -0.005511 -0.032522 -0.081548 -0.112364 0.026868 -0.019737 -0.088780 0.105946 -0.010034
0.008996 -0.034560 0.053890 -0.101718 0.005160 -0.055316 0.035247 0.239193 0.023825 0.013778
-0.075232 0.092906 0.020336 0.022488 -0.051139 -0.049458 -0.002706 -0.028065 0.011785 -0.072889
0.068814 0.015701 -0.054705 -0.091582 0.032089 -0.108493 -0.002085 0.025137 0.049356 0.086692
-0.076403 0.231043 0.004244 -0.004231 0.030408 -0.004657 0.038303 0.079918 0.120106 0.024182
0.002232 -0.019177 -0.090410 0.118781 -0.032981 0.046198 0.089901 -0.098662 -0.083127 -0.001444
0.106251 -0.047854 0.135794 0.001963 -0.066012 0.116948 -0.037106 -0.041461 0.055316 0.050630
0.097541 0.053533 -0.087252 0.009009 -0.122551 0.083789 0.019814 -0.053839 -0.067846 0.068304
0.013753 0.045664 -0.030485 0.165133 -0.075283 0.048389 0.009531 0.102839 0.052820 -0.086488
-0.059034 -0.083585 0.172653 0.101765 0.003986 -0.153741 0.209834 0.133156 -0.063716 0.180887
0.220641 -0.289985 -0.010823 -0.269401 -0.087356 -0.186419 0.006610 -0.178443 0.227974 0.096683
0.007707 -0.144092 -0.174197 -0.007546 0.290757 -0.261939 -0.062976 -0.243027 0.075777 0.183975
-0.137273 -0.240711 -0.112894 0.200314 0.146536 0.239682 0.104531 -0.201343 -0.081309 0.029092
-0.075069 0.242383 -0.051526 -0.086391 -0.047730 -0.184747 -0.056382 -0.147308 0.177928 0.074812
-0.011201 0.074748 -0.085748 -0.211635 -0.168536 0.194910 -0.057894 0.027355 -0.194910 -0.183460
0.047827 0.074297 0.289728 0.010903 0.158373 -0.114373 -0.083175 0.222571 -0.222699 0.006135
-0.092566 0.292044 -0.255763 0.042745 0.141262 -0.300277 -0.247015 -0.139332 0.052973 -0.119584
-0.185261 -0.185390 0.193109 0.124665 -0.047087 -0.076742 0.023608 -0.124215 0.185261 0.068894
0.093788 -0.116174 -0.126981 -0.204945 0.018478 -0.016146 0.132770 0.114373 -0.216395 -0.064970
-0.085619 0.176255 -0.170852 -0.021228 -0.192594 0.034222 0.121964 -0.007848 -0.228360 0.058730
0.196197 0.024541 -0.060950 -0.224115 0.028867 -0.082210 0.034286 -0.178443 -0.033257 -0.117718
-0.038114 0.033707 -0.186805 -0.038886 -0.172267 0.163647 0.197998 -0.035927 0.238910 -0.024798
-0.170888 0.019286 0.115402 0.007287 0.138820 0.048067 0.031593 -0.033879 0.017941 0.077497
-0.004208 -0.133616 -0.022680 -0.218005 -0.092195 0.103658 0.073489 -0.141633 -0.205487 -0.000369
0.130522 0.125458 0.057806 -0.146978 0.044339 0.037201 -0.105416 0.017898 -0.118145 -0.077146
-0.075880 0.048102 0.159073 0.032877 0.058404 0.070008 -0.008834 0.112800 -0.089171 -0.098805
-0.127287 -0.035918 -0.070254 -0.043601 -0.123419 0.083545 0.000748 0.031242 0.149791 -0.080310
-0.131788 0.129397 0.038502 -0.131436 0.109495 -0.033931 0.010259 0.019093 0.083756 0.033211
0.023611 0.095078 0.030995 -0.146415 -0.047363 0.025739 -0.078482 0.097962 -0.136710 0.117793
-0.100564 -0.151056 -0.019093 0.063854 0.109706 -0.061920 -0.000343 -0.068425 0.064382 0.032753
0.035145 0.124474 0.042441 0.104924 -0.023523 -0.002547 -0.119410 -0.130803 -0.017493 0.021185
-0.047680 0.161464 0.045078 -0.081646 0.020851 -0.136499 -0.004668 -0.131295 0.131436 -0.045535
0.164418 -0.039557 0.015700 0.007006 -0.008061 -0.105838 -0.025194 -0.029114 0.116598 -0.073840
-0.074333 -0.142196 0.028059 0.116879 0.068742 -0.107737 -0.027180 0.198455 0.087483 0.075247
-0.002817 -0.043777 0.128623 -0.032683 0.011603 -0.079115 -0.096063 -0.196064 -0.045804 0.097722
0.056549 -0.146537 -0.055345 -0.154503 0.095407 0.028460 -0.116989 -0.054048 -0.155615 -0.156078
-0.072574 -0.139683 0.021015 -0.010467 0.183774 -0.141072 0.151447 0.095592 -0.067989 -0.069378
-0.107819 0.090173 -0.171084 0.203040 0.091100 -0.155615 -0.118286 -0.090220 0.073685 -0.030382
-0.064191 0.072435 -0.028900 -0.116526 0.030637 -0.026538 0.078132 -0.048074 -0.093925 -0.129031
0.046545 0.113099 -0.032142 0.191554 0.047889 -0.134959 0.035500 0.140702 -0.030660 -0.101983
0.134310 0.189702 0.007283 -0.094295 -0.050158 -0.013616 -0.097352 0.044855 -0.095036 0.041520
-0.087163 -0.003028 -0.001391 -0.083319 0.015735 -0.165433 -0.225641 0.167656 -0.130791 -0.098186
-0.054419 -0.029062 -0.213600 -0.087904 -0.174789 -0.074195 -0.040988 0.063080 0.138571 0.165526
-0.179142 0.032397 -0.082068 -0.072296 -0.076279 0.004776 -0.062477 -0.098834 0.076835 -0.098556
0.086005 -0.083041 -0.239536 0.116618 0.133940 -0.185626 0.003974 0.027765 0.010629 -0.032026
-0.116155 0.067757 0.093091 -0.066136 0.077530 0.267880 -0.011434 -0.035013 -0.105318 0.291222
0.014566 0.052242 0.094064 0.022034 0.009338 0.237498 0.205634 0.132458 0.130698 0.385702
-0.171639 0.003876 -0.217675 -0.053863 -0.033971 0.039714 0.090559 -0.008743 -0.053973 0.183726
0.140185 -0.131491 -0.127434 -0.126927 -0.051184 0.017070 0.084836 0.154602 -0.012081 -0.099832
-0.046583 0.006063 0.112583 -0.093819 -0.008055 0.048177 0.089110 0.014942 0.027331 -0.108091
-0.122943 0.069259 0.038687 0.087661 -0.040896 0.136201 0.087081 0.057414 -0.074983 0.012497
0.119900 -0.030373 -0.004913 0.014453 0.040534 -0.018891 0.122218 -0.034195 -0.045098 -0.128666
0.137649 0.144315 0.059044 0.063753 -0.017659 0.065637 -0.056002 0.016717 0.042454 -0.095413
-0.095847 -0.030482 -0.044555 -0.083242 0.145546 0.026479 0.082662 -0.159239 0.017623 0.010315
-0.017867 -0.042852 -0.008753 -0.132506 -0.043975 -0.066144 -0.115988 0.109033 -0.124029 -0.068933
0.057813 -0.056799 -0.025701 0.224006 0.094326 0.121928 -0.007974 0.077591 -0.092660 -0.042418
0.044917 0.062160 0.010994 -0.109975 -0.076432 -0.035608 -0.115408 0.001165 0.032130 0.092732
0.110989 -0.051365 0.001055 0.168367 0.056762 0.072049 0.170830 -0.002350 0.017297 -0.004403
0.083676 -0.037419 -0.040172 0.094688 -0.001198 0.057921 -0.052234 0.064587 0.007892 0.006729
-0.140620 0.033706 0.026805 -0.128738 0.080561 0.095558 -0.009418 -0.000259 0.102223 0.143445
0.118523 0.109323 0.098311 -0.063681 0.156707 0.172136 0.087569 -0.144781 0.179641 0.086485
0.013907 -0.173303 0.117509 0.106250 0.019943 0.020818 0.078812 -0.094408 -0.109586 -0.131270
-0.042450 0.162294 0.018619 0.042825 -0.085401 -0.003388 -0.231015 -0.147116 -0.086235 0.048705
0.011248 -0.142696 0.047371 -0.086735 0.054543 0.045369 0.092073 -0.134189 0.038468 -0.055836
0.126016 0.011040 0.140694 -0.095075 -0.020016 0.165797 -0.166131 -0.064301 -0.151536 -0.032984
-0.200658 -0.128017 -0.157040 0.047704 -0.156123 -0.077895 0.018713 0.149785 0.278386 0.052333
0.057545 -0.079062 -0.152453 0.075393 0.199991 0.040115 0.096576 -0.089154 -0.046120 0.037446
-0.085401 0.076727 -0.171468 -0.148867 -0.071807 -0.182644 -0.000166 -0.076268 0.127684 0.047120
-0.009784 -0.032171 -0.025520 0.002875 -0.041241 -0.061882 -0.163796 -0.053626 0.058129 0.020547
0.162878 0.026709 -0.099578 0.072515 -0.115424 0.032275 0.136524 -0.174304 0.069805 0.145114
-0.115174 -0.042909 -0.024415 -0.093073 0.214002 0.106250 -0.136774 -0.040261 0.093657 -0.011394
-0.030086 0.323922 0.006896 -0.152870 0.054293 0.070264 0.056253 -0.050832 -0.036925 0.090405
-0.056128 0.089821 0.031963 0.017681 0.128101 0.055711 -0.234351 -0.062925 0.150368 0.099328
-0.077519 -0.180142 -0.101425 -0.016523 -0.022608 0.045109 0.010126 -0.164878 -0.004684 -0.178582
-0.083010 -0.050141 0.021145 0.061562 -0.162166 0.066915 0.147891 -0.013240 -0.064167 0.129975
0.425970 0.114986 0.012660 0.104423 -0.073446 -0.007080 -0.086793 0.004929 -0.039328 0.074159
0.066736 0.100354 0.046680 0.037330 -0.072018 0.062275 0.041112 -0.005317 0.059956 -0.058207
0.107135 0.123480 -0.071376 0.106849 0.090504 -0.026373 0.008721 0.083153 -0.032494 -0.076087
0.002346 0.159739 0.095429 -0.075159 -0.032547 0.014891 0.040220 -0.026659 -0.044538 -0.004791
-0.112988 -0.014409 0.080869 -0.121624 -0.062525 -0.114058 0.046858 0.154457 -0.001919 -0.170873
-0.012642 -0.085722 0.024214 -0.001243 -0.066415 0.258380 -0.187147 -0.121838 -0.084223 0.170445
0.076515 -0.128762 -0.017255 0.035385 -0.059849 0.075159 -0.111203 0.127834 0.045359 -0.080369
0.086222 0.126906 0.061669 -0.132545 -0.069841 -0.022412 0.003720 -0.052033 -0.081297 -0.057279
0.084366 -0.126478 -0.149033 -0.119554 -0.140467 -0.145821 -0.102710 0.076087 0.078442 -0.095001
-0.020235 0.038507 -0.163165 -0.001525 0.101639 0.017835 -0.015114 -0.001150 -0.017416 -0.005340
0.003085 0.149033 -0.053782 0.064845 -0.093788 -0.010903 0.004876 0.070555 -0.002131 -0.120197
0.037951 0.000361 0.113404 -0.026952 0.036121 0.096207 -0.105323 -0.038227 -0.174457 -0.005275
-0.024432 -0.030665 0.042682 0.329023 -0.035603 -0.043787 -0.104909 -0.122590 -0.186612 -0.039988
0.000542 -0.063470 0.280540 -0.033341 0.021531 0.043890 -0.015937 -0.217968 -0.021237 0.059016
0.007696 0.020011 -0.070688 0.175700 -0.008534 0.015980 -0.014478 0.002072 -0.005810 0.096207
0.000265 0.044063 0.167274 -0.048760 0.042475 -0.060431 0.015729 0.002471 -0.020046 0.187165
-0.057220 0.012328 -0.043614 -0.027350 -0.031476 -0.080598 -0.047482 0.005236 0.113197 -0.028075
0.024725 -0.039678 -0.093513 -0.078872 0.001763 0.039712 0.042267 -0.111263 0.084604 0.003831
0.080115 -0.034256 0.048587 0.315487 0.004235 0.018009 -0.064334 0.099039 -0.098624 0.052040
0.022187 0.048518 0.061744 0.078250 -0.008309 0.006099 0.009341 0.140408 0.013079 0.120172
0.016247 0.038883 0.160368 -0.006781 0.062365 0.045479 0.063954 -0.057600 0.037398 -0.037398
-0.078803 -0.032564 -0.052696 -0.164512 -0.009980 0.033876 -0.116305 0.087988 -0.036121 0.101870
-0.189237 0.163545 -0.115821 -0.025157 0.021652 -0.251671 0.019338 -0.016714 -0.123349 0.084190
-0.004168 0.061675 -0.087021 -0.024604 0.041646 0.044996 -0.023223 -0.055010 -0.143382 0.206500
0.028826 0.067994 -0.002026 0.150991 -0.135131 -0.068048 0.182818 -0.084711 -0.095749 0.168780
0.106358 -0.003918 0.173173 0.042248 -0.014735 -0.097249 0.025210 -0.117235 -0.158599 0.131273
0.006513 -0.051786 -0.141239 -0.190533 -0.026697 0.283978 0.064886 -0.014400 -0.000901 0.221396
0.161600 -0.078067 0.110698 0.056260 0.142739 -0.051143 0.056046 0.070084 -0.038176 -0.044445
-0.156242 -0.104804 0.125486 0.073513 0.090016 0.050580 -0.118092 0.112413 0.053956 -0.032738
-0.144025 -0.017575 0.132023 -0.013529 0.057439 0.102125 -0.102929 0.049134 0.076942 -0.004045
-0.128594 -0.251401 0.094517 -0.147026 0.195784 -0.059368 -0.205857 -0.041954 0.053634 -0.105233
0.071745 0.123772 -0.020562 -0.184854 0.222682 -0.178424 -0.005860 -0.193748 -0.103840 -0.165029
0.148097 -0.082568 -0.057010 0.102554 0.181103 0.026214 0.126987 -0.124415 0.103786 -0.030541
-0.237684 -0.097839 -0.124843 0.155599 -0.144883 -0.210787 -0.017655 -0.103679 -0.177031 0.022062
-0.082997 -0.112413 -0.134059 -0.100250 -0.136310 0.206715 -0.040963 -0.156563 0.208858 0.085836
-0.056421 0.081871 0.088301 0.163957 0.016999 0.078496 -0.108608 -0.110055 -0.150241 -0.078603
0.078925 0.224825 -0.043240 -0.150884 -0.073674 0.239399 -0.005086 -0.023187 -0.055420 -0.081079
-0.001801 -0.007762 -0.088519 0.086659 -0.133835 -0.034241 -0.002845 -0.072836 -0.027012 -0.135780
0.154887 -0.025385 0.037876 0.121576 0.062860 0.099425 0.046120 0.046711 -0.170105 0.182111
-0.105090 -0.076640 0.006457 0.167654 0.004938 0.085053 -0.047726 -0.079895 -0.029232 0.004137
-0.149645 -0.059900 0.106105 0.045105 0.066622 -0.008761 -0.029845 -0.066453 0.057406 -0.066875
-0.049121 -0.050093 0.013200 -0.251607 0.020122 -0.051615 0.000781 0.096128 -0.040476 -0.027266
-0.075330 0.079177 -0.121069 0.008465 -0.065945 -0.013601 -0.075203 -0.102723 -0.278324 -0.135188
-0.020682 -0.038912 0.142375 -0.111346 -0.125550 0.200204 -0.147447 -0.028978 0.016476 0.049205
0.066453 0.109402 -0.016687 -0.145418 0.005601 -0.050389 0.014193 -0.077021 -0.108556 -0.095283
0.026357 0.097650 0.104667 -0.187184 0.142797 0.087674 -0.130200 -0.106274 0.043879 -0.188198
-0.045993 -0.069961 -0.094606 0.161651 -0.017638 0.124535 0.059140 -0.059435 0.082432 0.045485
0.068735 -0.208827 0.181773 0.098580 0.086067 0.048191 -0.065354 0.061972 0.050643 -0.139584
-0.061465 -0.121154 0.011012 -0.008772 -0.134005 0.041808 -0.136964 0.084292 -0.083658 -0.060408
-0.017342 0.060196 -0.090464 -0.091140 -0.179008 -0.048601 0.104409 0.145557 -0.136320 -0.128762
0.034377 -0.072079 0.138000 0.036774 0.121694 0.000463 -0.094262 0.083696 -0.044787 -0.068090
-0.031491 0.159693 -0.008096 0.074108 0.088104 -0.102450 0.056543 0.095662 0.047166 0.002296
0.045277 -0.021554 -0.128342 -0.031351 -0.108608 0.002979 0.032418 0.012063 0.004004 0.106369
0.361094 -0.089224 0.043562 0.139049 0.047061 0.574952 -0.090204 -0.173269 -0.127363 -0.114347
-0.396924 0.029339 -0.138490 0.089294 -0.078657 -0.058538 0.089014 0.091813 -0.064766 -0.148077
0.020504 0.064486 -0.067110 0.057278 0.005681 -0.010926 -0.064521 -0.091813 -0.079007 0.020766
-0.024755 0.062072 0.086985 0.085795 0.026225 0.011914 0.082436 -0.161513 0.038594 -0.118125
-0.072639 0.095452 0.146537 0.122114 -0.127783 -0.110708 0.021991 0.179987 0.057943 0.102730
-0.023286 -0.056963 0.014180 -0.023461 -0.030861 -0.005327 -0.022323 -0.048006 -0.003635 -0.063856
0.003667 -0.095732 0.077467 -0.124913 -0.074108 0.127013 0.104689 0.199302 -0.112527 -0.111617
0.094542 -0.085795 -0.000850 -0.035672 -0.011862 0.002506 0.057628 -0.075298 -0.119805 0.157314
-0.128902 -0.002904 -0.088034 0.092303 0.007011 0.008866 0.051715 -0.038314 -0.041148 0.081246
0.065571 -0.083835 -0.017202 -0.053566 0.093178 -0.035981 -0.138190 -0.064460 0.074686 0.068570
-0.150614 -0.001036 0.048978 -0.137521 0.016844 -0.231082 0.089499 0.032158 0.102448 0.089786
-0.373477 0.015398 0.151283 -0.077314 0.141822 0.030080 0.013344 -0.018241 0.021491 0.077840
0.060112 0.078939 -0.075880 -0.000215 -0.049599 0.102639 0.062836 -0.100632 0.018731 -0.038418
0.002661 0.072822 -0.017632 0.000486 -0.164376 0.009730 0.011134 -0.099199 0.012997 -0.158355
0.056624 -0.050268 -0.138190 0.009443 -0.064221 0.060972 -0.058248 0.119268 0.007795 -0.041548
0.057149 -0.126913 -0.164185 -0.064030 -0.059108 -0.061880 -0.133699 -0.023522 0.116879 0.006176
0.015147 0.018803 0.015649 0.000772 -0.002876 -0.263001 0.114872 0.110858 0.031059 0.156922
0.027308 -0.001042 0.061115 -0.025278 -0.081806 -0.015446 0.027619 0.024453 -0.091123 -0.120606
-0.075259 0.073396 -0.061737 0.007466 0.261472 -0.137713 -0.018253 -0.141918 0.095472 -0.059252
-0.043626 -0.042790 -0.077362 -0.003213 0.027738 -0.013284 0.013188 0.030892 0.020714 -0.023748
0.040138 -0.118408 0.020141 0.065894 0.003542 -0.133603 -0.000696 -0.036746 0.040306 0.079178
-0.052801 0.103595 -0.074925 -0.068904 0.007329 0.146218 -0.042647 0.104837 0.060064 -0.021467
0.061111 0.143242 -0.040849 0.158811 -0.118763 -0.068031 0.010758 0.172132 -0.091602 -0.048223
-0.195833 0.095494 -0.039681 0.131218 -0.099127 0.114784 0.071534 -0.132083 0.180436 -0.135284
-0.105961 0.194795 0.170402 -0.001529 -0.011764 -0.055489 -0.116773 -0.111410 0.132083 -0.033518
-0.020987 0.026577 -0.025366 0.155870 -0.193930 0.129229 0.110891 -0.113227 -0.090305 0.089872
0.158898 0.146269 -0.084898 -0.025798 0.228356 -0.010904 0.137187 0.165558 0.126547 0.130786
-0.117811 -0.204483 0.089959 -0.055532 -0.064312 -0.085201 0.121790 0.097224 0.097830 -0.060592
-0.195660 -0.087666 0.080833 -0.066561 0.236314 0.131564 -0.087364 0.106999 -0.046147 -0.030707
0.132862 -0.121185 0.024825 0.147999 -0.180436 0.084769 -0.147740 -0.115908 -0.180436 -0.104663
0.004176 -0.061198 -0.039205 -0.151546 0.020457 -0.065004 -0.109507 -0.013451 -0.147480 0.047877
0.075513 0.015148 -0.073048 -0.198255 -0.066344 0.005860 -0.101203 0.000295 0.097311 -0.116773
0.179571 0.003125 -0.020749 0.026058 -0.063620 -0.103712 -0.018316 0.006077 -0.079406 0.100771
-0.248078 0.161752 -0.277314 0.072356 0.043379 -0.175073 0.066215 -0.088358 -0.056700 -0.207424
0.021960 0.037908 -0.023290 0.103279 -0.122482 0.059381 -0.010607 0.260534 -0.036275 -0.037779
-0.090596 0.012861 0.100864 0.080743 0.014170 -0.108073 0.001023 0.003948 -0.051521 -0.000017
0.033993 0.200277 0.055281 0.043846 0.075350 -0.129438 -0.258877 0.047943 -0.061089 0.001919
0.056992 -0.031271 -0.049265 -0.064978 -0.167917 -0.061348 0.091374 -0.013250 0.045195 -0.051158
0.046724 -0.031634 -0.040164 -0.062386 -0.074728 -0.093189 -0.104235 0.000582 -0.046958 0.029118
0.015856 -0.010462 -0.118341 0.022999 -0.034512 -0.003831 0.077061 0.043016 0.020328 -0.014274
0.052403 0.099049 0.051858 -0.065186 -0.079706 -0.055281 0.149352 -0.034589 0.035523 0.109421
0.114399 0.123215 -0.035679 0.040631 0.022649 -0.122178 -0.069957 -0.130061 0.102420 -0.075143
-0.017113 0.201833 0.031296 0.063423 -0.078617 -0.050225 -0.074365 0.093812 0.027459 0.050017
-0.087744 0.052195 0.062282 0.031608 0.040216 -0.074520 -0.112947 0.013302 -0.051651 -0.106517
-0.115229 0.125912 -0.042835 0.038712 0.149144 -0.037364 -0.024283 -0.017684 0.099153 -0.079914
0.019719 -0.127468 -0.024153 0.044780 -0.020484 0.030337 -0.108073 0.026124 -0.036405 -0.007390
0.144062 0.022079 0.010352 -0.143647 -0.031945 -0.011590 0.045583 0.003256 0.051781 0.082299
-0.059170 0.066949 0.020212 0.007079 -0.053881 0.056059 -0.092858 0.041908 -0.089728 0.011988
-0.084381 -0.025780 0.012401 0.010586 0.075556 0.068122 0.079599 0.000825 -0.021965 -0.120855
-0.021802 -0.016639 -0.042560 -0.022454 -0.264664 0.054602 0.084468 -0.013151 -0.249535 0.131723
-0.070079 -0.120333 0.096336 0.103988 0.123290 0.061993 -0.016292 0.052950 0.071904 0.037517
-0.015618 -0.103901 0.024193 -0.017128 0.020171 0.029062 0.053950 -0.012868 -0.109726 0.017204
-0.019248 0.100336 0.023606 0.133636 0.136679 0.019824 0.020313 0.055645 0.008162 -0.042560
-0.075774 -0.010031 -0.039126 -0.090250 0.025649 0.010961 0.148243 -0.027453 -0.084512 0.051037
-0.033148 0.030366 -0.109987 -0.024693 -0.003551 -0.046473 0.004641 0.124159 -0.034800 -0.222582
0.051385 -0.070122 0.086251 0.063731 0.058428 -0.067774 -0.003032 -0.030648 -0.013194 -0.082773
-0.030453 0.078338 0.043256 -0.009733 -0.008336 -0.010868 -0.019096 0.029518 -0.076165 0.092163
-0.022476 0.007858 -0.021400 0.079643 0.007461 0.002905 0.165458 -0.083860 -0.075382 -0.101988
-0.012172 -0.001355 -0.054993 0.054602 0.067340 -0.041212 0.140331 -0.039734 0.005258 0.062514
0.010781 0.316484 -0.060384 0.089033 0.083425 -0.160502 -0.059688 -0.162589 -0.080903 0.021465
0.081860 0.030279 -0.006331 -0.040756 0.021231 0.118678 0.022745 -0.096005 -0.015763 -0.033639
-0.077900 -0.023145 0.115252 -0.059967 -0.030155 -0.055513 0.007078 -0.136269 0.102915 -0.062080
-0.076644 -0.071275 0.369171 -0.031954 0.029670 -0.017947 0.050658 0.162769 0.035324 0.016919
-0.004169 -0.014285 0.008588 -0.092978 -0.107027 -0.074931 -0.028642 0.031954 -0.083098 -0.020346
-0.016420 0.069619 0.074131 0.004512 0.050772 0.050572 0.010937 -0.105600 -0.033839 -0.102459
-0.001399 0.059339 -0.030955 -0.004665 0.061338 -0.061738 -0.067849 -0.100517 -0.108627 -0.051658
-0.043462 -0.014057 -0.097947 -0.093092 -0.038950 -0.052514 0.068763 -0.053771 -0.019275 0.024472
-0.076644 -0.069162 0.002329 0.101773 0.012108 -0.028499 -0.097661 -0.089094 0.113024 -0.091436
-0.084183 0.051058 -0.021089 0.042491 -0.019518 -0.000525 -0.079271 0.045518 0.018404 0.046775
-0.014613 0.004594 -0.086753 0.017419 -0.102915 -0.014585 -0.008445 0.011380 -0.082013 -0.019232
-0.022288 -0.057854 -0.038950 0.024187 0.020132 -0.074588 -0.075216 0.024401 -0.093778 -0.060024
0.077444 -0.136383 0.000415 0.079100 0.097033 -0.034039 -0.020917 -0.017062 -0.124389 0.014792
-0.089323 -0.061110 -0.070247 -0.080128 -0.081727 0.046917 0.045490 -0.111368 -0.054342 -0.035695
0.035838 -0.072646 -0.104869 0.223511 0.188237 -0.011597 0.002327 0.028611 0.177487 -0.104533
0.016111 0.091823 0.001359 0.177151 -0.269646 -0.046471 0.055234 -0.229557 -0.050923 0.097198
0.145685 0.022746 -0.013109 -0.100165 0.282636 -0.165393 0.042608 -0.147813 0.171328 -0.072227
-0.011079 -0.212425 -0.155091 -0.040117 0.204698 -0.134823 -0.062148 0.176703 0.096862 -0.002981
-0.053162 0.027211 0.146805 -0.164945 -0.014907 0.149044 0.020436 -0.059685 -0.116122 -0.016517
0.139302 0.166849 0.165617 0.011366 0.185214 -0.139414 0.027169 0.084936 0.034854 0.070155
0.145237 0.076650 -0.178831 -0.004542 -0.091039 0.004549 0.141206 -0.234261 -0.190477 -0.217464
-0.263151 0.196524 -0.120826 -0.142662 -0.043476 0.061757 -0.267630 -0.107388 0.222391 -0.222503
0.131352 -0.206154 -0.136391 0.057445 0.176479 -0.179391 0.151396 0.077770 0.140198 0.111363
0.050335 0.225078 -0.103861 0.065564 -0.105708 -0.143781 0.012192 0.190141 0.014879 0.091263
-0.136055 0.001369 -0.221831 0.035749 0.104981 -0.122841 -0.154531 -0.024509 0.001151 0.098710
0.188797 0.086000 0.219031 0.236276 -0.167073 -0.076538 -0.045492 -0.082585 -0.186221 -0.166961
0.270990 0.312422 -0.163490 0.055682 0.127880 0.112259 -0.116794 0.037681 -0.124185 0.015509
0.111746 -0.268837 -0.098099 0.160686 0.181230 -0.085479 -0.089294 0.024855 -0.055983 0.045821
0.137133 -0.125907 0.062367 0.065448 0.064971 0.030413 0.052094 -0.125614 -0.046298 0.043693
-0.107124 -0.188127 0.078509 -0.295104 -0.084745 -0.099126 0.032467 0.006035 -0.018912 0.051728
0.084819 -0.004178 -0.078215 0.021443 -0.023663 0.088634 0.030101 -0.018682 0.121798 -0.137940
0.047435 -0.112773 -0.093917 0.045711 -0.117910 -0.124953 0.005728 -0.057377 0.018627 0.053415
0.019003 -0.090101 -0.042886 0.001506 -0.014207 -0.033861 0.172132 0.141756 -0.053489 0.042923
0.020764 -0.030853 0.077848 0.126934 -0.038410 -0.062917 -0.006338 -0.170077 -0.012822 0.020929
-0.149900 -0.008374 -0.015527 -0.128108 0.028175 0.076601 0.140508 -0.068640 0.147992 -0.039548
-0.052535 -0.000061 -0.037255 -0.117689 0.132657 -0.069007 0.044097 0.143003 0.107564 -0.015115
0.056827 0.022544 0.117763 0.039401 0.024103 -0.086726 -0.049233 -0.067393 -0.009841 -0.032192
0.051691 -0.039071 -0.176534 0.104189 0.039254 0.040098 -0.042739 -0.288354 0.116662 0.025167
0.037145 -0.057891 -0.087313 -0.151588 0.067099 -0.007204 0.067172 0.016866 0.064348 0.093403
0.057377 -0.021865 0.354242 0.091716 -0.069080 0.045271 -0.090542 -0.038521 0.055471 0.061187
0.073479 -0.040424 -0.057296 -0.119550 -0.009323 0.025893 0.126437 0.013041 0.011354 -0.052648
-0.018284 -0.086013 0.033796 -0.042869 0.061359 -0.032556 -0.464429 -0.091247 -0.053818 -0.020092
-0.050754 0.101370 -0.027546 0.019420 -0.027236 0.122030 0.039529 0.010476 -0.019937 -0.066180
0.011354 -0.047620 0.041388 -0.013386 0.048447 0.092280 -0.004976 -0.008488 0.053199 0.024516
0.000673 0.002005 0.030439 0.018663 0.190757 -0.035294 0.083052 -0.017888 -0.016855 -0.018904
0.026324 -0.063873 -0.025876 0.006387 0.007722 0.031007 0.009701 0.033383 0.076234 -0.060705
0.083740 0.058639 0.007536 -0.016132 0.009426 -0.077680 -0.061359 -0.005514 0.047552 -0.039460
-0.034760 0.350938 -0.008802 -0.006895 -0.000809 0.027770 -0.089663 -0.043695 -0.020901 -0.021056
0.034880 0.034691 -0.050410 -0.007085 0.026152 -0.116245 0.039770 -0.023655 0.053233 -0.021142
-0.031540 -0.077611 0.023431 -0.069279 0.018680 0.004384 -0.002283 0.011018 -0.067282 -0.090214
-0.007394 -0.024568 -0.017785 0.049893 0.046691 0.005531 0.038427 -0.064079 -0.013541 0.064596
0.003219 0.051408 -0.029939 -0.003504 -0.042111 0.002384 -0.028114 0.034949 0.018714 -0.046966
-0.058536 -0.009478 -0.068693 0.022467 0.064286 0.123338 -0.004107 0.112535 0.124384 -0.071787
0.102998 -0.050806 -0.048783 -0.079301 -0.006466 0.053378 -0.090918 0.030113 0.072712 0.002050
-0.068030 0.089069 0.088317 0.143111 0.053146 -0.043378 0.018684 -0.084734 -0.066122 -0.025172
0.037425 0.077856 -0.219175 0.076237 0.060111 -0.027079 -0.031038 0.132823 -0.075255 0.068377
0.031212 0.145076 0.031212 -0.038176 0.104906 -0.036096 -0.079763 -0.108894 0.017268 -0.025576
-0.054360 0.032339 -0.130858 0.012615 0.067278 -0.130511 -0.011538 -0.095369 -0.033784 0.186345
0.001704 -0.004404 0.113980 -0.128314 0.005682 -0.084965 -0.151550 -0.103345 0.033813 0.071729
0.060574 0.013077 0.049592 0.074388 -0.211777 0.001354 -0.105715 -0.124384 0.047684 -0.004115
-0.123575 -0.038408 0.092074 0.038754 0.121379 -0.006636 -0.052944 0.084040 0.035547 -0.014811
-0.040691 -0.019262 -0.035864 -0.089473 -0.092074 0.105946 -0.083347 -0.081844 -0.120338 -0.184727
-0.061787 0.106871 0.044650 0.121725 0.153053 -0.122303 0.133401 -0.072538 -0.158370 -0.064273
0.019276 0.073983 0.006094 0.006965 -0.069590 0.032108 -0.023033 0.052597 -0.034882 -0.036211
-0.035460 0.034246 -0.052655 -0.007261 0.043032 0.062654 0.064331 -0.060805 0.074619 0.006654
0.050950 -0.026169 -0.052279 0.125078 -0.026171 0.058093 -0.000990 0.009210 0.196757 0.157056
0.085592 -0.079987 -0.025470 0.095109 -0.109063 0.070529 -0.062705 0.161610 0.073740 -0.035294
-0.030681 0.168966 0.204698 0.010677 -0.021252 0.026040 0.073682 -0.008108 0.099079 0.124944
-0.153436 -0.189985 -0.003368 -0.141876 -0.087286 0.073974 0.069595 -0.064457 -0.016538 0.130899
0.100305 -0.017851 -0.162544 -0.017457 -0.020566 0.072047 0.199910 -0.050065 0.151918 0.085592
-0.247552 -0.053831 -0.077594 0.124827 0.024259 -0.037512 0.073799 0.054356 0.062997 -0.191036
-0.071288 0.037220 -0.123776 -0.025003 0.031557 0.051642 0.080338 0.079929 0.063640 -0.020843
0.008502 -0.107662 0.016742 0.113267 -0.034681 -0.234708 -0.126462 -0.058268 0.058385 0.042475
-0.071288 0.070004 -0.084658 0.002366 0.114843 0.018231 0.138723 0.025821 0.052809 -0.000537
0.100831 -0.070296 -0.062238 0.122375 0.084308 0.068486 0.078236 0.193488 -0.107370 0.006612
0.003160 -0.073740 0.099430 0.140941 0.110172 -0.152735 -0.075317 -0.002275 0.117996 0.025733
-0.084541 0.101882 -0.164762 0.052576 -0.204815 0.015633 0.117062 0.060370 -0.006473 -0.172469
-0.156822 0.113968 -0.120507 -0.002177 0.132067 0.090205 -0.136037 -0.047642 -0.032812 -0.000884
-0.033542 -0.145145 -0.092996 0.132475 0.040662 -0.002789 -0.073891 0.014921 -0.079837 0.023937
-0.108909 0.082535 0.105715 -0.156260 0.094593 0.061667 -0.031962 -0.049912 -0.061007 0.146129
-0.032623 0.225746 0.055115 0.002331 -0.102577 0.110671 0.014054 -0.003992 0.001296 -0.138311
0.000088 -0.006404 -0.087270 -0.132144 -0.021996 -0.085343 -0.020895 -0.063980 0.144147 0.042038
-0.038900 -0.023855 0.099989 -0.046361 -0.109955 -0.135228 -0.143046 -0.025534 -0.130823 -0.073891
-0.042011 -0.056712 0.072294 0.012148 0.005568 0.001786 -0.043167 0.009250 0.087050 -0.046361
-0.031026 -0.127519 -0.030173 -0.095144 -0.041515 -0.144588 -0.015720 0.071193 -0.008927 0.032458
0.037221 0.219690 -0.062879 -0.081379 -0.079397 -0.115626 0.166171 -0.112873 -0.085123 0.094703
-0.046223 -0.042479 0.025644 -0.115076 0.016078 -0.026030 0.102302 -0.035734 0.031494 0.103513
0.071193 -0.103788 0.072129 0.018569 0.103568 0.052913 -0.103238 0.044901 -0.094813 0.126418
-0.058914 0.166502 -0.039148 -0.013614 -0.152296 0.027929 0.142165 0.037496 -0.044901 0.092115
-0.079727 0.065577 -0.015004 0.056326 0.046939 -0.197335 0.044819 -0.050187 0.075377 -0.098558
0.007461 0.004955 -0.140954 -0.068880 0.115957 -0.116507 0.033807 0.087601 0.004033 -0.153507
-0.014329 0.015181 -0.194962 -0.037501 0.173122 0.195814 0.130294 -0.076014 0.044905 -0.076706
-0.112822 -0.145529 0.144357 -0.129122 0.025316 0.062643 0.128590 -0.026568 -0.070527 0.061472
-0.081287 -0.150430 -0.053322 -0.126459 -0.274651 0.188996 -0.129655 0.025555 0.233102 -0.122091
-0.182710 -0.136260 0.187930 0.019936 -0.101796 0.123369 0.084910 -0.121025 -0.056624 0.007597
-0.027859 0.013350 0.184095 -0.122197 0.120173 -0.054440 0.269111 -0.152134 -0.191233 0.039791
0.029963 -0.077985 -0.153519 0.092793 -0.103287 0.118895 0.193151 -0.079050 0.169286 0.160977
-0.085496 0.081607 -0.064188 0.167262 -0.139989 0.121771 -0.191766 0.162788 -0.117190 0.119321
0.148192 0.005606 -0.084963 -0.246312 -0.009335 -0.025675 0.021454 -0.005024 0.198691 0.177170
0.208492 -0.108934 0.110372 -0.165132 0.062750 -0.097108 0.220957 -0.090130 0.015421 -0.177490
0.172483 0.128270 0.010354 -0.205935 0.153519 -0.116551 -0.081873 0.104406 -0.169180 0.033426
-0.033985 -0.141480 -0.021733 -0.161083 0.245886 0.191126 0.237150 0.015395 0.011799 -0.136260
-0.032973 0.085868 0.229693 0.011945 -0.082619 0.038992 0.052496 -0.078837 0.035450 -0.154584
-0.156289 0.018697 -0.015368 0.006752 -0.066319 0.097268 -0.125926 0.025542 -0.149921 -0.133443
-0.079372 0.155413 -0.099407 0.140736 0.167749 0.011672 0.090042 -0.104719 0.024176 0.051909
-0.080318 -0.095445 -0.149290 0.082254 -0.133173 -0.100848 0.142987 -0.139116 -0.047182 -0.017626
-0.154243 -0.009353 0.039664 0.044616 -0.158565 0.003785 -0.046034 0.069648 0.075366 0.038831
0.145689 0.128040 0.036917 -0.125069 0.013529 -0.168830 -0.117325 -0.065236 -0.062580 -0.019483
0.120207 -0.130832 -0.024154 -0.152442 0.009499 -0.018200 0.215742 -0.015892 0.163697 -0.041577
-0.039078 -0.016253 0.090448 0.221324 0.052225 -0.099407 0.100848 0.161446 0.015870 0.115885
0.047903 0.140286 0.066496 -0.134253 0.060734 -0.062625 -0.065056 -0.092294 -0.084955 -0.091618
-0.139566 -0.069648 -0.064470 -0.014069 0.071764 0.017412 -0.057852 0.159645 0.115344 0.098146
0.075906 -0.149470 0.095445 0.043400 0.095895 -0.026157 0.089007 -0.001701 -0.154963 0.105710
0.043828 -0.013101 0.151541 -0.111473 -0.070188 0.144068 0.086396 -0.138755 0.191250 -0.059113
0.022094 0.058302 -0.136684 -0.127860 0.031875 0.023051 0.083920 -0.022815 -0.065911 0.170090
0.035724 -0.045719 0.051504 -0.102558 0.180085 0.063615 -0.032100 0.005709 0.098687 -0.059518
0.159825 0.063075 -0.103549 -0.099767 0.047182 0.183957 0.002266 -0.010910 0.093982 0.091330
-0.076917 0.140623 0.007169 -0.005036 0.079069 0.017203 0.079470 0.069061 -0.048142 0.089979
-0.053347 -0.068160 0.028100 -0.034005 -0.419968 -0.258427 -0.080421 0.056149 0.124709 0.052846
-0.031528 -0.064907 0.021932 0.008939 -0.057801 0.038459 0.086776 0.018879 -0.057400 0.030477
0.059152 0.033079 -0.026874 0.000097 -0.011197 0.010034 0.137821 -0.018128 0.023345 0.016527
-0.036607 -0.023633 0.102240 0.040085 -0.001788 0.105392 0.009746 0.015226 0.018804 0.142125
-0.111498 0.066158 0.037833 -0.100138 0.151433 -0.075566 0.015263 0.029326 0.119405 0.024959
0.116302 0.004923 0.083073 0.161241 0.070912 -0.109596 0.016802 0.015088 -0.050144 0.146629
-0.028675 0.024947 -0.054998 0.006793 -0.075716 -0.041536 -0.011604 0.027749 0.041386 0.094233
0.035406 0.134818 0.112599 -0.022945 -0.048668 -0.177155 0.005965 -0.081622 -0.038359 -0.183261
-0.009221 0.047842 0.107995 0.022908 -0.072363 -0.046366 0.079720 -0.024034 0.074015 -0.048267
-0.089028 0.029576 0.002974 -0.017090 0.023708 -0.030402 -0.036682 0.064406 -0.140824 0.107795
-0.050244 -0.183761 -0.006637 -0.147830 -0.043613 0.170149 0.088127 -0.087126 -0.147229 -0.022895
0.016652 -0.011935 -0.031428 0.149731 0.057985 0.062550 0.038212 0.045801 -0.067708 -0.027436
0.015830 0.051611 -0.010339 -0.043785 0.010613 -0.084665 0.115495 -0.043696 0.047550 -0.053449
0.049714 -0.073696 -0.493284 0.033587 0.032935 -0.032520 -0.034506 0.068182 0.026161 0.028503
0.018335 -0.058222 0.008182 0.113894 0.037204 -0.025894 0.045801 -0.028385 0.076661 -0.053360
0.036611 -0.006648 -0.040109 -0.016438 0.034892 0.038390 -0.063024 -0.067412 -0.028992 -0.029200
0.222808 -0.032135 0.021937 -0.001713 -0.043755 0.005025 -0.008649 -0.054575 -0.063795 0.033291
0.000221 0.008086 0.075831 -0.042629 0.035158 -0.029200 -0.000139 0.037797 0.070969 -0.008990
-0.042332 -0.026843 -0.051700 0.019684 -0.004565 -0.075653 0.064328 0.307117 0.059408 -0.038864
-0.008545 0.006351 -0.062491 -0.038419 0.026636 0.052945 0.034921 0.037560 0.000833 0.067471
0.083064 -0.044141 0.059319 -0.014170 0.013844 -0.027273 -0.021981 -0.017757 -0.038241 -0.043340
0.049981 -0.006270 0.043340 0.070020 -0.079981 -0.066048 -0.050158 -0.076779 0.066285 0.043607
0.022426 0.013384 -0.053597 -0.067589 0.002818 0.112471 0.015741 0.079862 0.015875 0.012903
-0.133400 0.024457 0.038063 -0.095455 0.009271 -0.156167 -0.108024 0.030860 0.066522 -0.032431
-0.031631 0.082708 0.014337 -0.132521 0.152872 -0.120452 -0.223077 0.087953 -0.095526 0.065077
0.041768 0.074464 -0.061961 0.053639 0.091897 -0.098681 -0.021969 0.073281 -0.008440 -0.084955
-0.183479 0.152005 -0.082352 0.047605 0.105701 -0.057465 -0.009564 0.102467 -0.036838 -0.053363
-0.111065 0.010481 -0.107673 -0.107752 -0.116587 -0.082589 -0.111933 0.165178 0.001851 -0.024394
0.066497 -0.076160 0.134730 -0.026445 -0.075056 0.148771 0.126526 0.052141 0.363802 0.066576
0.027017 0.008297 -0.171962 -0.097024 -0.136623 0.005007 -0.041137 0.076752 0.010442 -0.014603
-0.065314 0.030567 0.026366 0.137096 0.138674 0.010708 -0.007730 0.138279 0.100022 0.045515
-0.111065 -0.088584 -0.016250 -0.121478 -0.099549 0.115877 -0.142066 0.107437 -0.124396 0.001172
-0.000295 -0.023152 -0.035161 -0.069455 0.086770 0.017453 0.208563 -0.058215 0.017038 0.283343
-0.072256 0.058806 -0.100890 -0.059989 0.179377 -0.088111 0.022383 -0.091582 -0.080696 -0.164389
0.058688 -0.102940 -0.185214 -0.122819 -0.036601 0.005606 0.084798 0.148928 0.083930 0.318524
0.147351 0.048552 -0.170857 -0.025932 0.106096 -0.157921 -0.102783 0.085113 -0.015066 -0.093554
0.102940 0.023743 0.045633 0.157290 0.077856 -0.083220 0.118953 -0.063657 -0.070126 -0.080223
-0.069938 -0.102948 -0.160017 -0.013245 -0.118872 0.139617 0.052206 -0.129460 -0.055649 -0.164321
-0.061975 -0.021821 0.075231 0.185238 -0.078631 0.070454 -0.032365 0.234474 0.166559 -0.058403
-0.004180 -0.002024 0.008237 -0.142888 -0.136518 0.149516 -0.002340 0.186615 0.113364 -0.152442
-0.056036 -0.031267 0.110609 -0.108457 -0.112589 -0.074112 -0.026985 0.049279 0.024467 -0.148397
-0.002161 -0.155886 -0.114310 -0.018636 0.112503 0.068603 0.063353 -0.022359 -0.069335 0.014117
0.025716 0.067312 0.134366 0.007516 -0.010528 -0.004705 0.158210 -0.100108 -0.005600 0.155627
0.033592 -0.038907 -0.036238 0.160620 0.121455 0.080740 -0.160103 0.171379 -0.024640 -0.081257
-0.106305 -0.142716 -0.155886 0.142371 -0.173962 -0.027416 -0.088659 -0.049193 -0.145556 -0.117065
0.040090 -0.046353 0.034904 0.014375 -0.094340 -0.171552 -0.156746 -0.032516 0.006085 0.032021
0.097267 -0.039187 -0.231547 -0.015548 -0.126275 -0.076996 -0.023628 0.071917 0.124037 -0.057456
-0.200904 -0.015601 -0.011384 0.051904 -0.054659 -0.098300 -0.162514 -0.179040 0.091844 -0.076738
-0.083968 -0.175855 -0.120250 0.133850 -0.003179 -0.069120 0.104842 -0.093910 -0.169658 -0.046654
0.135571 -0.100538 0.046525 0.040671 -0.148139 0.034990 0.089864 -0.086852 -0.063830 -0.115474
-0.038034 -0.092419 0.114052 0.033997 -0.034124 0.027447 -0.000939 -0.041005 0.091505 -0.123903
0.003113 0.249634 -0.005364 0.042782 -0.085869 0.035901 -0.269337 -0.032372 0.036028 -0.091048
-0.153355 -0.125934 0.073783 0.052608 -0.052659 -0.172550 0.141067 -0.139645 -0.048393 -0.026202
-0.065252 -0.006481 -0.031534 -0.018636 0.153254 0.083685 0.041411 -0.021746 -0.028741 0.219979
-0.122786 0.080283 -0.128168 -0.064440 -0.236431 0.031255 0.052710 0.046362 0.030595 0.003104
0.022457 0.018547 0.171027 0.013000 0.075510 0.010657 -0.091201 -0.105825 -0.020706 -0.035216
-0.048571 0.000989 0.084092 -0.023587 0.228306 0.001168 -0.134364 0.127254 0.112731 -0.060073
-0.018700 -0.043772 -0.075967 0.005056 -0.015005 0.023295 0.091048 0.072615 0.044737 -0.010238
0.037526 0.099427 0.045346 0.046134 0.108669 0.116083 -0.042757 0.149496 0.077744 -0.046362
-0.001239 0.174886 -0.150512 -0.080131 -0.060479 -0.027929 0.075053 0.099427 -0.102017 0.017671
-0.022242 0.018471 0.125731 -0.025365 0.017138 0.022864 -0.003291 -0.067283 0.050551 -0.064033
0.074545 -0.109481 0.037526 -0.059616 0.134770 0.006773 -0.079471 0.009445 0.048799 0.015158
-0.142488 0.064186 0.036333 0.046083 -0.104911 -0.297977 -0.013708 -0.118923 -0.046158 -0.013212
0.163905 -0.077984 -0.043145 0.049025 0.126200 0.008393 0.042851 0.047628 -0.025615 -0.292089
0.040278 -0.043733 0.021866 -0.011806 -0.077690 -0.169491 0.136710 -0.039874 0.132521 0.041528
-0.092904 0.009463 0.022730 0.111059 0.081732 0.097829 -0.035023 -0.013625 0.065011 -0.002963
0.013745 -0.089964 -0.010731 0.166404 0.108927 0.080336 -0.042373 -0.022620 0.107604 0.083937
0.014571 -0.090552 0.284592 -0.029455 -0.064276 0.123186 0.036768 0.070817 -0.019606 -0.004486
-0.008227 -0.121128 0.007038 0.069494 -0.119952 -0.007093 0.060711 -0.027746 -0.030503 -0.012422
-0.003670 0.000979 -0.024145 -0.055235 -0.002917 0.051413 -0.011760 0.248577 -0.088862 -0.212268
-0.036144 0.011549 0.083790 -0.101430 -0.016547 -0.046673 0.056852 -0.027526 -0.059462 -0.066481
-0.026534 0.001558 0.053876 -0.181251 -0.007695 -0.080997 0.067400 -0.042299 0.045092 -0.156408
0.053986 -0.089670 -0.010869 0.039065 0.023447 -0.079821 -0.046526 -0.089817 -0.084452 -0.056889
0.052516 0.085628 -0.079895 -0.163758 0.149132 -0.025817 0.156261 -0.119291 -0.037356 0.044137
-0.084893 0.200067 0.090479 0.022877 0.028886 0.083423 -0.045680 -0.126200 0.013892 -0.019753
-0.100916 -0.082982 0.076220 0.125097 -0.146810 -0.114939 -0.060277 0.122451 -0.073952 0.013365
0.121503 0.032090 0.063669 0.042008 -0.022754 -0.041206 -0.099332 0.002302 -0.128358 0.035189
-0.106479 -0.034733 0.167012 -0.017257 -0.026766 -0.025034 -0.111292 -0.042555 -0.043357 -0.004237
-0.025690 -0.170658 0.124420 0.071655 -0.019017 0.123107 -0.105969 0.124201 0.031907 -0.005465
0.123180 0.128650 -0.075702 -0.070597 0.032965 -0.106698 0.009919 -0.099769 -0.116033 -0.099769
-0.021332 0.013000 -0.150238 0.071910 0.054115 0.042190 -0.096050 -0.105239 -0.018306 0.114137
-0.067716 -0.114210 -0.072967 0.036848 -0.085985 0.107062 -0.161906 -0.140611 0.149654 0.032400
0.139298 -0.128869 0.099405 -0.084891 0.142215 0.153738 0.054880 -0.004390 -0.044415 0.147831
-0.078838 0.155634 0.109469 0.126754 0.004282 0.073077 -0.010265 0.097800 -0.098967 0.041789
-0.025526 0.003774 -0.081974 -0.059840 0.053714 0.088684 0.012325 0.155197 -0.122232 -0.065164
0.106844 0.077234 0.060788 0.019254 -0.130182 0.137110 -0.120117 0.169783 0.032126 0.051781
-0.045144 0.181452 -0.101228 -0.059548 -0.053531 -0.058709 -0.050979 -0.144403 0.123107 -0.027440
-0.077380 -0.067060 0.014285 -0.041972 0.031998 0.110344 0.143382 -0.097654 0.044852 0.138933
0.000378 0.095758 
