-0.065226 -0.226695 0.106876 -0.019253 0.106968 -0.309349 0.029493 0.045487 -0.298994 0.084872
-0.082931 0.093054 -0.268484 0.256465 0.057922 -0.112053 -0.058153 -0.515519 -0.081867 -0.017451
0.084872 0.104657 0.134242 0.058754 0.108078 -0.266820 -0.132763 0.036542 0.108263 0.119450
-0.183335 -0.212642 -0.308609 0.015798 -0.056905 -0.014307 0.001476 0.098463 0.047429 -0.034832
-0.053577 -0.182780 0.231133 -0.081544 -0.021623 -0.235386 -0.240194 -0.258129 -0.065734 -0.202473
-0.035294 0.266635 0.167340 -0.218929 0.061990 -0.297884 0.042575 -0.170206 -0.273107 0.210793
-0.151531 -0.193227 0.184444 -0.297515 0.116353 -0.180322 0.104767 -0.036366 0.731190 -0.000504
-0.125265 -0.196859 0.081447 0.023865 -0.041293 -0.106153 0.151308 -0.208346 0.200622 0.091646
0.100608 -0.060899 0.238053 0.093181 0.227952 -0.180025 0.035079 0.286772 -0.085358 -0.206167
-0.059167 -0.012632 -0.262214 0.163488 -0.077139 -0.142792 -0.322223 -0.153883 -0.122987 0.048101
-0.013183 0.082289 -0.179134 0.151011 0.137346 0.225972 0.049215 -0.241617 -0.233299 0.174182
-0.113184 -0.003846 -0.463826 -0.327768 -0.019384 0.152793 -0.198938 0.143287 0.059365 0.093874
0.106054 -0.062533 0.074268 -0.008318 -0.159131 0.019186 -0.061048 -0.027776 -0.098967 -0.180661
-0.051856 -0.270913 -0.206336 -0.062710 -0.066989 0.120907 -0.055863 -0.016417 -0.247261 -0.102157
0.108536 -0.340159 -0.082861 -0.093209 0.228588 -0.112271 -0.196066 -0.188441 0.003353 0.031452
-0.182995 -0.049795 -0.192798 -0.048627 -0.236213 -0.178015 -0.036899 0.237458 -0.149695 -0.157475
-0.361010 -0.093365 0.309193 0.100523 -0.011019 0.040147 -0.104646 -0.027640 -0.094843 0.208514
0.117173 -0.108614 -0.206025 0.216606 0.082161 -0.062866 -0.480828 0.102468 0.203535 0.445350
-0.063488 -0.005179 0.048978 -0.094687 0.091420 -0.076170 -0.167434 0.203846 -0.185640 -0.112504
-0.320552 -0.204624 0.129692 -0.084785 -0.177380 -0.073839 0.433333 -0.162233 0.148862 -0.006845
0.023267 0.129337 -0.045647 -0.024924 0.110049 0.030382 0.199035 -0.034731 0.147797 -0.284707
-0.146850 -0.209566 0.474276 0.063604 -0.055705 0.087093 -0.054877 -0.085673 -0.172765 -0.012617
-0.005636 0.050676 -0.120107 -0.192527 0.227435 -0.218678 0.152175 -0.068100 0.048427 0.206608
-0.250154 -0.077448 -0.123657 0.094311 0.184598 0.031891 -0.125550 0.219625 0.033666 -0.184953
0.139395 0.079993 0.094666 0.052185 0.079223 0.007595 0.095553 -0.186847 -0.175605 -0.068633
-0.065142 0.062124 -0.082359 -0.135017 0.063189 -0.142117 -0.000958 -0.197755 0.006147 -0.077608
-0.054985 -0.016793 0.069398 -0.128838 -0.238459 0.138446 0.073940 -0.184827 -0.359173 -0.190592
0.063895 0.115386 0.004026 -0.519194 0.102371 0.072542 -0.298205 -0.136524 -0.107001 -0.241429
-0.113290 -0.115386 0.072586 0.096781 -0.287199 -0.313927 0.304319 -0.072673 -0.188671 0.037407
-0.014532 0.154168 -0.050006 -0.002705 0.083504 0.064637 -0.015854 0.166572 -0.101323 -0.229724
-0.071887 -0.045115 0.142377 -0.240730 0.085033 0.140280 -0.151897 -0.188147 -0.010220 0.041905
0.008713 0.275844 -0.007168 0.314102 0.280560 0.027362 0.005765 -0.116260 -0.292265 -0.151199
0.138727 -0.138374 0.184440 -0.001648 -0.331462 -0.043308 -0.110929 -0.059788 -0.037704 0.147022
0.216562 -0.001588 -0.284690 0.216209 -0.102192 -0.010430 -0.142345 -0.031725 -0.053037 -0.288750
-0.018179 0.141551 0.116665 -0.023871 -0.046066 -0.271982 0.135285 0.085557 0.120283 0.064377
0.011847 0.206149 -0.300398 0.266864 -0.272159 0.038874 0.200501 0.179674 -0.031439 -0.301987
-0.096809 -0.093632 -0.105369 0.168643 -0.013226 -0.032564 -0.143316 0.046639 -0.160083 0.011020
-0.109428 -0.168025 -0.235094 0.192206 0.111458 0.113576 -0.193088 -0.181616 0.248155 -0.076732
0.250273 0.179410 -0.016999 -0.224505 0.152251 -0.123731 -0.030672 0.090342 -0.447622 -0.182596
-0.237027 -0.058387 -0.147120 -0.109558 -0.169728 -0.219637 0.009956 -0.238245 0.163728 -0.007858
-0.013380 0.113384 0.008434 -0.095559 0.208334 -0.055822 -0.002831 0.230767 -0.095472 -0.203464
-0.218072 -0.019836 0.040410 -0.143469 0.010423 -0.229897 -0.112079 -0.122687 -0.164424 0.048301
0.196161 0.223637 0.285198 0.320152 -0.078690 -0.134252 -0.194595 0.149468 -0.433014 0.127035
-0.045475 0.044780 0.027281 -0.080125 -0.190944 0.181727 0.207638 -0.164598 0.083994 0.158163
0.139643 -0.169119 -0.089559 -0.168771 -0.052388 -0.119644 0.161206 -0.002422 0.055769 0.154393
-0.118777 0.134817 -0.073290 0.100516 -0.015413 -0.032450 -0.340867 -0.149129 -0.151021 -0.030023
-0.006143 0.113924 -0.053754 0.190668 -0.192149 0.144687 0.073948 0.244792 -0.240844 0.103231
0.237883 0.118859 -0.012863 0.069670 0.397129 0.130128 -0.165580 -0.334780 -0.150198 -0.062144
0.579736 0.054165 -0.049559 0.145099 0.177507 0.074606 0.023196 -0.012379 0.185239 0.203829
-0.062843 -0.075634 -0.070411 -0.162619 0.296778 0.271607 0.097802 -0.299081 0.185897 0.153406
-0.083859 -0.064653 -0.151350 -0.019207 0.323264 0.146744 0.016965 0.194945 0.157437 -0.146908
0.136626 -0.114582 -0.054171 0.146678 -0.048607 0.310808 -0.108734 0.052308 0.210212 0.109224
-0.135010 0.116676 0.232371 0.102459 0.051622 -0.086036 -0.149619 -0.052014 -0.177366 -0.567494
0.063975 0.012476 0.053926 0.136579 -0.154914 0.053779 0.021411 0.242764 -0.260804 -0.062701
-0.374146 0.231782 0.115107 0.039930 -0.290414 -0.010252 -0.110597 0.047920 -0.021632 -0.194917
-0.130598 0.058534 -0.249235 0.292964 0.167856 -0.346105 -0.035101 0.007825 0.289434 -0.110695
0.214722 -0.103145 -0.155796 -0.295317 0.039562 -0.269040 -0.227860 -0.282963 -0.172170 0.005953
0.245117 -0.318652 0.232371 -0.217271 -0.121872 -0.131677 0.099312 -0.209806 -0.321153 -0.142795
-0.231858 -0.031739 -0.376128 -0.063283 -0.040028 0.141786 0.066428 -0.128042 -0.120976 0.222074
-0.034553 -0.052568 0.075280 -0.497570 -0.043405 0.104515 0.139612 0.237759 -0.245058 0.000666
-0.052296 -0.108630 0.243815 -0.175951 -0.091314 0.012006 0.007881 0.000671 -0.031778 -0.133555
0.102729 -0.057770 -0.184182 0.187909 -0.064254 -0.029953 -0.084714 -0.207476 -0.045269 0.009827
-0.120976 0.243815 0.201575 -0.160577 -0.396317 0.031389 -0.189462 -0.152423 -0.163682 -0.060682
-0.204370 -0.233876 0.053810 0.062584 0.035427 0.214464 0.073028 -0.045657 -0.069029 0.125402
0.155975 -0.418339 -0.100405 -0.120353 -0.493571 -0.116649 -0.252105 -0.195491 -0.172598 0.222468
0.143056 0.026289 0.295801 -0.310619 -0.174593 -0.318409 0.103920 0.184377 -0.151130 -0.111899
0.013382 0.180957 -0.052245 0.239756 -0.115224 -0.063121 -0.145906 0.142581 -0.160629 0.184377
0.048421 0.066826 -0.307010 0.041511 -0.128142 0.009511 0.049680 0.110664 0.078320 0.250395
0.296561 -0.076752 0.287252 0.145336 -0.071148 0.150085 -0.108954 0.102495 -0.023760 0.076895
0.158064 0.332277 0.186277 -0.065021 -0.075708 0.041060 0.012432 -0.028402 0.010556 0.046047
0.072478 0.304350 0.218099 -0.032867 0.099994 -0.135169 0.160274 -0.090987 -0.260267 -0.122475
0.044040 -0.116447 0.048649 -0.083895 -0.058046 0.041522 -0.064570 0.071804 0.071343 -0.121411
0.067974 0.266366 -0.088150 -0.000834 0.055812 -0.023740 0.070102 -0.079215 0.028527 -0.140984
0.074676 -0.048969 -0.020903 0.366785 -0.102050 0.088363 -0.015797 0.086519 -0.022711 0.099710
0.053295 0.045316 0.177152 -0.138644 -0.035955 0.039253 -0.032480 0.095880 0.270338 0.008568
-0.162827 -0.186655 0.217008 0.114319 -0.019006 0.084463 -0.048614 -0.086803 0.083186 0.325937
0.038437 0.016533 0.100419 0.100845 -0.035955 -0.002854 -0.023066 -0.001745 -0.033283 -0.272497
0.246818 -0.250932 0.033096 -0.014289 -0.118984 0.195211 -0.025539 -0.266264 -0.223882 -0.044315
0.083956 0.036680 -0.334576 -0.327595 0.234727 -0.302664 -0.005076 0.134753 0.098353 -0.209048
-0.294686 0.181125 -0.234103 -0.248563 0.379950 0.168160 -0.278979 -0.271251 0.136997 -0.100098
-0.065943 -0.233231 0.230738 -0.242580 0.292193 -0.073796 -0.038581 -0.171277 -0.315130 0.096297
-0.212912 0.206928 -0.251056 0.237594 -0.204186 0.170529 0.147717 -0.050267 0.326349 -0.089503
0.337817 0.062297 0.076476 -0.278481 -0.110071 0.294686 -0.150833 -0.204560 0.155944 -0.198826
0.019836 0.005925 0.056453 0.028454 0.093676 -0.097308 -0.324029 -0.304386 -0.058723 -0.337894
-0.050346 0.171011 0.125699 0.094584 -0.174807 0.128753 -0.046838 -0.110513 0.329971 -0.227794
-0.003714 0.159951 0.210957 0.065862 0.065780 0.149222 -0.062396 0.004867 -0.355227 0.131394
0.038358 -0.031982 -0.010936 -0.068132 -0.127845 0.161602 -0.060621 0.018756 -0.174147 0.068421
-0.295637 0.084020 -0.133375 -0.205015 -0.097720 0.127515 -0.462191 -0.153348 0.158878 0.033695
-0.125039 0.128175 0.309008 -0.193460 0.198742 -0.014784 0.217725 -0.185206 -0.038605 0.252059
-0.028784 -0.199567 -0.020850 0.095822 0.282762 -0.257011 0.080209 -0.004862 0.092613 -0.134593
-0.007307 -0.174285 0.058296 0.006886 -0.111440 0.095411 -0.250359 0.052349 -0.174412 -0.023264
0.031772 -0.033362 0.002017 0.419555 -0.149859 -0.005601 0.007585 0.045734 0.017667 -0.063576
0.002697 -0.012881 0.091150 0.065261 -0.099291 0.367651 -0.169832 -0.025523 -0.103235 0.090768
0.023423 -0.013628 -0.031040 0.083835 0.165888 -0.057692 0.070986 -0.009804 -0.175684 0.117992
0.181409 -0.042617 -0.099800 0.028862 0.273003 0.014654 0.055243 -0.015202 0.011481 -0.058360
-0.008197 0.228097 -0.197565 -0.129060 -0.073721 -0.026254 0.024139 0.060459 -0.020863 -0.000320
0.045128 -0.031638 -0.246501 -0.036398 -0.204982 0.111702 0.127581 0.153702 -0.003461 -0.176936
0.015157 -0.011909 0.306305 -0.124900 0.177486 0.051280 -0.317853 0.154527 0.017855 0.011987
-0.288708 0.006436 0.153840 -0.033390 -0.072864 -0.134868 -0.210207 -0.308505 0.090530 -0.009435
-0.115208 -0.224092 -0.188622 -0.189310 0.159614 -0.161539 0.053755 -0.164701 -0.016498 -0.012176
0.903517 -0.046090 0.137205 -0.080494 -0.169788 -0.056745 -0.054476 0.463857 -0.459182 -0.013258
0.066471 0.270423 -0.175837 -0.008356 0.107578 0.277434 0.006462 0.057226 0.199896 0.090874
0.230966 0.222992 -0.052655 0.255437 0.315509 -0.231493 0.089944 0.040003 -0.391845 0.113545
-0.245270 0.030122 -0.091073 0.022641 0.233526 -0.234204 -0.001322 -0.132234 0.228896 -0.090282
0.021568 0.176613 0.073513 0.067980 0.329285 -0.093614 -0.093783 -0.124329 0.310088 -0.201569
-0.306249 0.213426 -0.166788 -0.115521 -0.241205 0.232397 -0.027652 -0.021808 -0.211732 0.269436
-0.289536 -0.204279 -0.144316 0.318896 0.007255 0.014355 -0.105358 0.211506 -0.269210 0.085540
-0.100107 0.146914 0.154705 -0.054288 -0.110383 0.242108 -0.216136 -0.030800 0.301732 -0.051041
0.125119 -0.409009 -0.312573 0.150640 0.021611 -0.236010 0.159222 0.072045 0.059705 0.053758
0.248240 -0.255070 -0.192892 -0.001458 0.038272 0.066653 -0.036211 0.100744 0.139193 -0.133776
-0.200547 -0.064474 0.115995 -0.026320 -0.063650 -0.021536 -0.045632 -0.096328 0.004611 0.136720
-0.147083 -0.118114 0.057791 -0.163688 -0.042070 -0.011842 -0.163570 0.101628 0.057585 0.166632
-0.125180 -0.045927 -0.080313 0.013064 -0.080313 0.080843 0.247769 -0.066653 -0.115170 0.167456
-0.244943 0.197603 0.107162 0.004674 -0.179468 -0.321723 0.142137 0.126475 -0.246827 -0.012181
-0.144964 -0.001382 0.029514 0.245649 -0.193010 -0.197721 -0.148497 -0.199723 0.101510 0.131775
-0.226925 -0.080077 -0.024856 -0.172569 0.099674 -0.140408 0.131523 -0.149668 0.128519 -0.065073
0.137780 0.060130 0.021806 0.086847 -0.026686 -0.097359 0.011615 -0.037918 0.020617 0.299086
0.021415 -0.049430 0.096358 0.106495 0.122513 -0.065136 0.057158 -0.036353 0.085721 0.002077
-0.014986 0.314603 -0.053904 0.147541 -0.119759 0.102803 -0.060568 -0.098986 -0.064385 0.012725
0.085659 -0.009260 0.030863 0.079214 -0.078213 -0.019444 0.163684 0.002816 -0.093292 0.008736
0.296583 -0.000530 -0.028954 0.137279 0.005717 -0.088161 0.035102 0.243899 -0.087661 0.081842
0.126955 0.052496 0.086722 0.047835 -0.075084 -0.121449 -0.248627 -0.164491 0.003594 0.036287
1.132362 0.076092 -0.376634 -0.304191 -0.201680 -0.401250 -0.082597 -0.217505 0.028419 -0.027408
0.126775 0.131083 -0.038925 -0.115610 0.026397 -0.144271 0.384019 0.103038 0.139084 0.493738
0.260057 0.302081 0.161678 0.029166 -0.113236 -0.236319 -0.106906 -0.045980 0.336368 -0.121676
-0.262342 -0.048838 0.286256 0.026573 0.054113 0.136358 -0.165722 0.145326 0.023166 -0.083740
-0.248276 -0.089147 0.271486 -0.113060 -0.167393 -0.803907 -0.167920 -0.089279 0.045321 -0.010402
-0.109720 -0.013001 0.113676 0.171613 -0.015946 -0.023803 0.088136 -0.205197 0.149370 -0.009248
-0.152214 -0.254224 -0.119185 0.239125 -0.076862 -0.149383 0.225159 -0.244787 0.063462 -0.063179
0.046476 -0.022943 0.259131 0.066906 0.101067 0.134189 -0.006258 -0.252525 -0.058602 -0.117581
-0.099085 -0.136360 -0.078136 0.095310 0.184864 0.204965 0.101633 0.005538 -0.168728 -0.079221
0.061857 -0.061386 -0.108239 0.000208 -0.052704 -0.271210 0.089743 -0.048929 0.219686 0.079362
-0.177693 0.044494 -0.157970 -0.163726 -0.323300 0.036897 0.003306 -0.270078 0.186752 0.104086
0.247807 -0.255923 -0.137304 -0.232142 0.203266 -0.287818 -0.164481 0.214590 0.243466 -0.275173
0.155233 -0.134850 -0.207229 0.209872 -0.221429 0.066693 0.043566 0.123044 -0.230696 0.150102
0.120313 0.236323 0.039304 -0.283985 -0.038953 -0.133552 -0.067769 0.006185 0.146212 -0.116341
-0.012939 0.038167 -0.118741 0.056929 -0.109556 0.095158 -0.058212 0.034878 0.035850 -0.052668
0.136945 0.244432 0.022279 -0.354485 0.086718 0.127677 0.751335 -0.128670 -0.063839 0.237316
-0.097227 -0.015898 -0.057136 -0.141744 -0.150102 -0.108397 -0.034898 -0.117748 -0.267270 0.267105
0.211003 -0.016953 0.015753 -0.097309 0.119982 -0.130822 -0.071865 0.009050 0.022631 -0.013467
0.077285 0.052668 -0.015949 -0.046338 -0.125029 -0.169216 -0.203721 -0.108149 -0.070946 0.101368
-0.000039 -0.111529 -0.325382 -0.281392 -0.079672 -0.013851 0.083497 -0.013889 -0.091028 -0.111170
-0.128383 -0.226165 -0.022294 -0.051102 0.005390 -0.326577 -0.057916 -0.117446 -0.365546 -0.019783
0.038192 0.163886 -0.159105 -0.051013 -0.255811 0.119000 0.227002 0.281631 0.118103 -0.053583
-0.296214 0.153965 0.188033 -0.103579 -0.042496 0.092403 -0.203214 -0.099575 0.052447 -0.161854
0.003300 -0.000411 0.086127 -0.112067 -0.058215 0.047068 -0.065925 -0.099515 -0.050863 -0.174525
-0.015256 0.172493 -0.006362 0.020247 0.029421 0.283304 0.158746 -0.135914 -0.107046 -0.074173
0.131731 -0.120972 -0.076593 -0.130581 0.175034 -0.287430 -0.205090 0.116121 0.050767 0.109617
-0.205217 -0.033750 -0.156722 -0.211026 -0.088022 -0.107849 0.169730 -0.098757 -0.304100 -0.231737
-0.285662 -0.154323 -0.044011 -0.093705 -0.027846 0.036055 -0.104376 0.008232 -0.085307 -0.035929
0.027767 -0.262677 0.022132 -0.107660 -0.340723 0.087391 0.245881 -0.168720 -0.101851 0.005643
0.070658 -0.116184 -0.219108 -0.116121 0.065227 -0.135127 -0.166825 -0.128371 0.162911 -0.067564
0.088906 0.050104 0.077730 -0.095789 -0.100714 -0.096168 -0.119278 -0.221382 -0.085244 -0.238809
-0.082087 -0.040759 -0.145735 0.079498 0.165563 -0.061344 -0.269681 -0.160935 -0.022847 -0.093291
-0.242579 -0.168551 -0.508452 0.205173 -0.170455 -0.052721 0.187478 0.173478 -0.270801 0.128345
-0.246162 -0.243923 0.101410 -0.059637 -0.007812 -0.130361 -0.250866 -0.131369 -0.171127 0.156007
-0.125321 -0.301039 -0.212564 0.094635 0.266545 0.068260 -0.027145 -0.199349 0.058013 0.308431
0.121961 0.194421 -0.331726 -0.289840 0.078228 0.266097 -0.064564 -0.303727 0.065516 0.025353
-0.040962 -0.221300 -0.147496 -0.339117 -0.504868 0.066972 -0.331726 0.191173 0.055773 -0.057677
-0.100570 0.262962 0.108018 0.086123 -0.001141 0.301935 -0.290064 0.158471 -0.041858 -0.207973
0.142141 -0.269894 0.273615 -0.147847 -0.452470 -0.097862 0.118141 -0.035938 -0.196219 -0.122482
-0.140281 -0.044062 -0.184560 -0.184932 0.111257 -0.170296 -0.081117 -0.037024 -0.017318 -0.197584
0.154420 -0.126265 -0.130110 -0.100280 -0.135939 -0.160746 0.059536 0.085334 0.127133 0.055256
-0.123226 -0.040683 -0.306112 -0.115598 -0.061582 -0.013845 0.174141 -0.023334 0.133831 0.033303
0.108342 0.142017 -0.168312 0.241739 -0.069954 -0.117769 -0.176622 -0.067598 0.040714 -0.174762
0.126017 -0.173645 0.057923 -0.089179 -0.114296 0.040590 0.038915 0.090047 -0.162730 -0.045148
0.131598 0.063008 0.182079 0.126885 -0.104092 -0.096850 0.234836 -0.219772 -0.184914 0.236381
-0.132385 0.106024 -0.254534 0.054605 -0.171975 -0.241402 -0.290841 -0.088112 0.068558 -0.039155
-0.040362 -0.035245 -0.252024 -0.143103 0.072614 -0.108245 -0.044080 0.218807 -0.102065 0.214944
-0.153532 0.078987 0.144069 0.056826 0.066627 0.123791 0.070248 0.020700 -0.063296 -0.162898
0.020567 -0.240629 -0.165505 0.227497 0.158456 -0.152180 -0.089174 0.118190 0.098733 0.193411
0.273074 0.047315 -0.075028 -0.204323 -0.106313 -0.235222 0.003763 0.161739 -0.232518 -0.238891
-0.113266 0.192542 -0.069041 0.294897 -0.051129 0.078456 -0.135958 0.072421 -0.009820 0.179534
-0.267043 0.043294 -0.143979 0.025286 0.347021 0.034656 -0.188737 -0.218352 0.027106 -0.073370
0.212664 -0.228559 -0.026897 0.072199 -0.206975 0.147409 0.189741 0.012988 -0.080355 0.163639
0.187064 -0.058646 0.166985 -0.179534 0.015864 -0.347356 -0.282771 -0.243283 0.007038 0.121056
-0.037668 -0.242447 0.131513 -0.007545 0.106917 -0.153098 0.003652 -0.158536 0.959078 0.002837
0.039425 -0.148162 -0.206640 -0.107085 -0.072826 0.556171 -0.750932 0.068601 -0.034698 0.059775
-0.175017 -0.058980 -0.005663 0.275409 -0.023467 0.020057 0.295989 0.024491 0.137035 0.248637
0.051493 0.199947 -0.281480 -0.048105 -0.194526 0.271382 0.746687 0.299011 -0.171805 -0.024649
-0.422150 -0.243473 -0.044108 -0.105467 -0.030767 -0.025297 0.062972 0.083238 -0.217106 0.043372
0.183446 0.219490 0.130502 0.068652 0.133938 0.155677 0.250345 -0.035746 0.175031 -0.274328
-0.238003 -0.068021 -0.241509 -0.122297 -0.011185 0.030925 -0.163811 -0.197050 -0.080363 0.080082
-0.263949 0.194666 0.606999 0.088988 -0.059115 -0.178257 -0.149926 0.076576 0.175171 0.428882
-0.507702 -0.495641 -0.169141 0.107852 -0.037832 0.070966 0.257498 0.197471 0.156238 0.105818
-0.001038 0.162268 0.048982 -0.024070 0.205886 0.122508 0.043833 -0.143091 -0.158712 -0.106725
-0.129094 0.042427 0.007174 0.054612 -0.295680 0.023463 -0.050238 0.107037 0.150214 0.083980
-0.030946 -0.238069 -0.281683 -0.091416 -0.038085 -0.143216 -0.032649 0.087354 -0.081731 -0.121846
-0.086729 0.011091 0.160712 -0.096227 -0.108662 -0.463140 0.049894 -0.096602 -0.101164 0.034054
0.108349 -0.121596 -0.147465 -0.007940 0.074732 -0.107662 -0.139717 0.145715 0.057049 0.018839
-0.278184 -0.002855 -0.053800 -0.069359 0.108474 0.081856 0.120097 0.081043 -0.213449 0.007584
0.082355 -0.322923 -0.156838 -0.047301 -0.299179 -0.247441 0.029118 -0.048676 -0.000507 0.068671
-0.079923 0.173465 -0.113351 0.133228 -0.141276 0.037279 -0.023248 -0.188322 -0.262605 -0.087696
0.084256 -0.239770 0.016602 0.006998 -0.144990 0.041888 -0.158058 -0.027272 0.179105 0.071876
-0.164386 -0.008628 0.058429 0.199327 -0.059874 -0.050313 -0.080198 0.264118 0.151180 -0.083706
-0.152556 0.009423 0.981089 0.039893 -0.028510 0.160947 -0.142239 0.051586 -0.004750 -0.050348
-0.251600 -0.175941 -0.148567 -0.167963 -0.139281 0.255865 0.169613 -0.041372 -0.204692 -0.081987
0.064551 0.149942 -0.005550 -0.046427 0.046737 0.263155 0.133297 -0.177317 -0.048284 0.152831
-0.105716 -0.070122 0.146090 0.080611 -0.044213 0.014180 0.209577 -0.147693 -0.302803 -0.025852
0.066429 -0.042904 0.016153 -0.003172 0.127186 -0.000364 -0.292186 -0.178308 0.104425 0.147984
-0.018743 -0.039268 -0.258153 -0.234011 -0.019652 -0.130167 0.005540 0.036687 0.040396 0.052249
0.106679 -0.124568 -0.201869 -0.057339 -0.125223 -0.038432 -0.110897 -0.180053 -0.025543 0.121877
-0.030542 -0.111624 -0.097298 -0.094535 -0.169290 0.072356 0.054430 0.144784 -0.050940 -0.049849
-0.218012 -0.119841 0.056321 -0.163909 -0.304257 -0.174090 -0.093299 0.032433 -0.195615 0.154019
-0.046904 -0.054212 0.161873 0.023379 0.042613 -0.101371 -0.038650 -0.055121 -0.147079 -0.000413
-0.014143 -0.094644 -0.386392 0.188376 -0.153332 0.213649 -0.288426 0.272272 0.161930 -0.031673
-0.038333 -0.153332 -0.072041 0.316826 0.116009 -0.532039 -0.028139 -0.211044 0.281913 -0.244654
0.311876 0.285039 0.223289 -0.004808 0.181732 0.187985 -0.326466 -0.037617 -0.337931 -0.135745
-0.031184 0.129101 0.170398 0.128190 0.155938 0.125714 0.307446 -0.211956 -0.084808 0.108518
-0.008118 0.195932 -0.242831 0.246739 -0.114446 0.118875 -0.391343 0.206354 -0.129492 0.206745
0.068264 0.280349 -0.193717 -0.328811 -0.231627 -0.199710 -0.030044 -0.215473 -0.287905 0.202055
-0.228631 -0.150987 0.004762 -0.202863 0.166362 -0.002436 -0.663520 0.008289 -0.206115 -0.121007
-0.222017 -0.391029 -0.046439 -0.141426 -0.144558 -0.099444 0.080952 -0.211536 0.129500 -0.178288
0.086554 -0.035959 0.225630 -0.141185 0.202501 0.240086 0.133475 0.073664 0.253458 0.197201
0.017422 0.149858 0.038278 0.035055 -0.252735 -0.043006 -0.199610 0.026668 -0.031261 0.212741
0.079748 0.229967 -0.094565 0.032254 -0.146847 0.092577 -0.419217 -0.026502 0.028565 -0.054239
-0.233099 -0.224185 -0.061317 0.168289 -0.015555 -0.138896 -0.109984 0.200453 -0.106491 0.024063
0.010654 0.000790 0.099022 0.149497 0.100106 0.078965 -0.046039 -0.169641 0.093644 -0.094498
-0.467652 0.054151 0.136766 0.152279 0.077349 0.153133 0.000098 -0.056642 -0.226853 -0.183019
0.104389 0.020725 -0.000413 0.088877 -0.313950 -0.278940 -0.030153 0.077989 0.098910 -0.056002
0.186435 -0.041770 -0.124385 0.149290 -0.153417 0.157402 -0.008108 0.235676 -0.376000 -0.036753
0.104176 -0.135201 0.165087 -0.087098 0.281645 0.155837 -0.036362 -0.155552 -0.105884 0.001551
0.037251 -0.084323 0.136695 -0.247489 -0.026257 -0.066213 -0.048032 -0.010069 -0.070198 -0.255031
-0.051910 0.174053 0.094498 0.050451 0.070126 0.107947 -0.116130 0.169641 0.077064 0.042731
-0.052730 -0.097908 -0.332274 -0.153229 0.738308 0.193885 -0.169825 0.142604 -0.190021 -0.148926
0.033192 0.159112 0.009538 -0.301540 -0.029680 -0.091235 0.095450 0.101157 0.148136 0.086800
0.086713 -0.069326 0.080302 0.341582 0.266592 0.142516 0.157795 -0.027309 -0.086844 -0.255176
-0.027616 -0.107919 -0.064014 0.056242 -0.215486 0.099577 -0.119685 0.205827 0.026036 0.288544
-0.176498 -0.184928 -0.165171 -0.235507 -0.280993 0.009182 -0.060370 -0.230765 -0.428514 -0.230941
-0.002840 0.095450 0.187036 0.204247 0.254123 0.195290 0.059360 0.122144 0.102650 0.001782
0.043137 0.004023 -0.033412 0.118544 -0.057591 -0.211297 0.005259 -0.116071 0.141299 -0.348450
0.140588 -0.132297 -0.266964 -0.013051 -0.363374 0.292547 -0.002978 -0.228589 0.049360 -0.242447
0.055608 -0.344660 0.044770 -0.178134 -0.007647 -0.021615 0.257489 0.171620 0.185359 -0.082553
0.071242 0.094989 0.103220 0.302259 -0.203598 -0.230247 -0.293021 0.280466 -0.123770 0.169725
0.051285 -0.042875 -0.134193 -0.328789 -0.046280 -0.151248 0.222193 -0.185951 -0.167948 0.163566
0.238064 0.001872 -0.573723 -0.093094 -0.033785 0.353188 -0.157288 0.135140 -0.270991 0.062832
0.168185 0.303680 0.151840 -0.212600 0.178726 -0.169014 -0.066800 -0.054512 0.041907 0.141204
0.204625 0.114721 0.154646 -0.211863 0.059630 0.253225 0.228867 0.039064 0.256212 0.062157
0.114204 -0.079908 -0.132127 -0.306076 0.196697 -0.392475 -0.285395 -0.200604 -0.028077 -0.282407
-0.230476 0.340084 -0.254144 -0.185667 0.113744 0.016473 0.170272 -0.360305 0.104955 0.288612
0.043832 0.139480 -0.227603 0.247940 -0.331812 -0.173029 -0.095361 -0.223237 -0.117995 -0.112308
-0.107023 -0.039437 -0.053827 0.051932 0.050381 -0.113285 0.031079 0.204050 0.064800 -0.113227
0.312050 0.044406 0.345369 0.008667 -0.056757 0.443258 -0.106391 -0.226569 0.014936 -0.085825
0.284705 0.164182 0.049568 0.161209 -0.179206 0.007569 -0.146567 -0.124758 -0.025051 0.058147
-0.272088 -0.219622 0.199185 0.053266 -0.035498 -0.178901 0.056545 0.026061 0.157853 -0.058490
0.153431 -0.146339 -0.135968 -0.041751 0.084265 0.168530 -0.172190 0.073093 -0.099288 0.293897
0.038205 -0.200710 0.187289 0.219317 0.902281 -0.147330 0.169292 0.004721 0.158159 -0.003279
-0.153278 0.006777 -0.350786 -0.070043 -0.135739 -0.036032 -0.101804 0.262174 -0.167004 -0.024650
-0.128952 -0.050559 0.035746 0.148626 0.180273 -0.020056 -0.044039 0.247685 -0.046632 0.018778
0.133909 0.049186 -0.026576 0.021028 0.055516 0.150456 0.309494 -0.177132 0.015581 0.249014
-0.271677 -0.172266 0.033282 -0.143902 0.272650 0.050227 -0.076261 -0.133544 -0.357045 0.288639
-0.349537 0.078694 -0.022819 -0.572273 0.060550 -0.127009 0.189506 0.107683 -0.150854 -0.211335
0.016224 -0.065764 -0.018127 -0.251655 0.053981 -0.014938 -0.108379 -0.056588 -0.069066 0.229966
0.132501 -0.087315 0.084603 -0.268340 0.036566 0.110395 0.052451 -0.003185 -0.205634 -0.146266
-0.601748 0.207025 -0.421279 -0.069031 -0.222875 0.233442 -0.186169 -0.253741 -0.367333 0.244982
0.380403 0.246650 -0.273484 -0.018874 0.328681 0.330350 -0.087176 0.399312 0.400980 0.194929
-0.231677 -0.067798 -0.040673 0.276160 -0.265322 -0.050411 -0.260354 -0.070169 -0.022566 0.197015
0.085919 0.188209 0.246128 0.283838 0.255160 0.211467 -0.226370 0.069209 -0.004082 0.266676
0.298741 -0.037935 -0.247709 0.117645 -0.205370 0.296031 0.090492 0.113637 -0.112000 -0.294902
0.191709 -0.066161 -0.280676 0.106467 -0.072935 0.084338 0.112621 -0.249515 -0.061645 0.227838
0.242741 0.062097 0.258547 -0.174661 -0.318160 -0.141129 -0.277515 0.149483 -0.314096 0.235515
-0.051258 -0.044032 -0.004431 0.157274 -0.070451 -0.192386 0.264644 -0.093992 -0.223322 -0.083774
-0.042621 0.243193 -0.034661 -0.164048 -0.308894 -0.309689 0.093847 0.007558 0.215378 0.162660
-0.194317 0.225710 -0.282932 0.318431 -0.169150 0.062587 -0.251275 0.317372 0.226902 -0.282932
-0.287436 -0.115570 -0.122525 0.036459 -0.260149 -0.118220 -0.240148 0.086893 -0.154844 0.327174
-0.007120 -0.055533 -0.244652 -0.324524 -0.090668 -0.015738 -0.210875 -0.194185 0.337240 0.356050
-0.341744 0.273925 -0.039936 0.195509 0.123121 0.357904 -0.078085 0.249023 -0.108484 -0.091330
0.185045 -0.126432 -0.137227 0.183191 -0.169283 0.040566 -0.022485 -0.045268 0.367441 -0.379097
0.041791 0.106033 -0.250612 0.292204 0.291675 -0.312073 0.201205 -0.188886 -0.175240 -0.152434
-0.048941 -0.225686 -0.226781 0.274034 0.150609 0.147325 0.127621 0.018017 -0.123425 0.053366
0.186369 0.108191 -0.253965 -0.184088 0.046250 0.053229 0.063719 0.131361 -0.304138 -0.021175
0.029032 -0.154623 0.004421 -0.155353 0.202333 0.012908 0.266554 -0.185457 -0.069466 -0.127986
-0.189014 0.220395 -0.077950 -0.033753 0.128898 -0.051404 -0.108373 0.039340 0.578720 0.046797
0.120779 -0.259074 0.039979 -0.200873 0.013079 0.303773 -0.247032 -0.169858 0.004689 0.042350
-0.118590 -0.163746 0.123699 0.075442 0.054597 0.083196 0.082146 -0.259986 0.009316 0.015211
0.323477 0.018986 -0.168228 0.002002 0.122844 0.181159 -0.132323 -0.080662 0.101125 0.263892
-0.114495 -0.063619 -0.115625 -0.097547 -0.092149 0.113742 -0.087378 -0.223216 -0.299797 -0.181912
-0.040488 -0.202752 -0.057185 -0.025799 -0.024010 0.169860 0.218696 -0.101564 0.091395 0.041712
-0.178146 -0.287494 -0.025752 -0.063996 -0.320135 -0.066224 0.129058 0.261381 -0.032484 -0.107528
0.075326 0.009620 -0.294022 0.167098 -0.013763 0.096166 0.072250 -0.001654 -0.027196 -0.132574
-0.380647 -0.072501 -0.211289 -0.069425 0.165215 -0.124539 -0.079532 0.009282 -0.066977 -0.093718
-0.222714 0.054486 -0.134708 0.076456 0.144500 0.127866 -0.113506 0.011489 -0.213367 -0.121003
0.632754 0.234209 -0.367957 -0.071372 -0.179480 -0.158488 0.070060 0.049031 -0.042059 0.118754
0.062263 0.066237 0.000927 -0.144244 0.069948 -0.101585 0.210368 -0.068186 0.238557 0.008415
0.118604 0.138471 0.150841 0.135022 -0.050493 -0.209768 0.049331 -0.100236 0.618360 0.092739
0.077895 0.092439 0.232110 -0.180530 -0.018968 0.192975 -0.063238 0.101136 -0.072497 0.047044
-0.236008 0.214267 0.076320 -0.228661 -0.012679 -0.328372 0.096338 0.040484 0.003617 -0.081043
0.051880 0.176781 0.030232 -0.095963 -0.007563 0.037485 0.049068 0.066087 0.133898 -0.127675
-0.131353 -0.148214 -0.083437 -0.190332 -0.473165 -0.074040 0.061811 -0.200728 0.082904 0.122756
-0.126088 -0.116825 0.033105 -0.151146 -0.056646 -0.267771 0.186467 -0.110094 -0.060878 -0.141550
0.174071 -0.104563 0.150080 -0.035987 -0.118758 -0.173538 0.096832 0.006635 0.163142 0.030639
0.065443 -0.183135 0.080771 -0.100497 0.081971 -0.201795 0.176470 0.205793 0.055214 0.074373
-0.238848 0.084237 -0.175937 0.077106 -0.137151 0.041585 -0.092234 -0.334014 0.033271 0.048050
0.136285 -0.135218 0.235249 0.139684 -0.077306 0.145948 0.033621 0.070775 -0.010863 -0.042418
0.071441 0.057713 0.110561 0.176604 -0.157848 -0.244180 0.165059 0.331895 -0.016397 -0.240822
0.098136 -0.062132 0.016002 -0.181357 0.092753 -0.079517 -0.001155 -0.031214 -0.121497 -0.138290
-0.269468 -0.170590 0.107175 -0.175727 0.056748 -0.236476 0.122288 -0.160515 0.210793 0.012316
-0.204274 -0.196767 0.259392 -0.241217 -0.150440 -0.128313 -0.064404 0.081986 0.010396 -0.212769
-0.238056 0.090827 -0.183432 0.061094 0.345922 -0.253070 0.261763 0.115274 0.085098 0.207830
-0.222251 0.062724 -0.142636 0.024312 -0.149452 -0.046895 0.208620 -0.171677 0.317276 0.130684
-0.002010 0.002344 0.020781 -0.255836 0.232524 0.062774 0.251292 0.177307 -0.048448 -0.068078
-0.106754 -0.011543 0.195074 -0.089895 -0.267410 -0.018944 -0.117721 0.091878 0.282344 0.276277
-0.259710 -0.049964 -0.109437 0.199391 0.256443 -0.340913 0.161123 0.197757 -0.199507 0.265310
-0.115563 0.020651 0.103312 -0.111771 -0.240109 -0.026295 0.196124 -0.150739 0.311278 -0.039901
-0.184924 0.234042 0.289111 0.086220 0.233692 -0.291211 -0.389681 -0.195307 -0.124255 -0.287011
0.171390 0.291444 -0.261110 0.345346 0.284444 0.011303 0.169523 0.187140 0.166840 0.207791
0.060377 -0.082136 -0.167656 -0.308245 0.158556 -0.174073 0.181307 -0.149572 0.061486 -0.275577
0.164506 -0.142339 -0.143363 0.227648 0.288327 -0.068614 -0.077550 0.288327 0.148031 0.388615
0.033157 -0.063547 0.237650 -0.226181 -0.191507 -0.211511 0.233382 0.075216 0.043642 -0.344072
0.132228 -0.063547 0.003417 -0.200842 0.305664 -0.201242 -0.292328 0.088885 0.160434 -0.134428
0.095753 -0.001367 0.223780 -0.067347 0.059913 0.134762 0.293662 -0.241117 0.101088 0.139496
-0.110290 -0.041775 0.245652 -0.207910 -0.220180 -0.243784 -0.244451 0.317400 0.090019 -0.325668
-0.029640 -0.330203 -0.020138 -0.381680 -0.115558 -0.236316 -0.129427 -0.300330 0.158967 0.130827
-0.115424 -0.202042 -0.226047 0.235649 -0.225114 0.105756 0.146623 -0.127277 0.100383 0.054615
-0.080507 -0.073783 0.062695 -0.044146 -0.183898 0.088056 0.165378 -0.063462 -0.015320 -0.066293
0.179297 0.048569 0.042848 0.163019 -0.111235 0.190031 0.004530 0.174697 -0.033854 -0.032645
-0.054880 -0.064700 0.116484 0.017900 -0.055853 0.182128 -0.230373 0.155469 -0.279326 0.212561
-0.118195 -0.070539 0.068947 -0.198406 0.288763 -0.038513 0.049041 0.124446 -0.023533 0.246298
-0.104393 -0.211854 -0.139781 -0.284280 0.141550 -0.049336 -0.252903 0.133411 0.088646 -0.078030
0.006565 -0.012445 -0.244882 -0.108227 0.122913 -0.115482 0.173163 0.050870 -0.242051 0.202535
0.014739 0.195198 -0.204115 0.135846 0.644846 0.168445 -0.272881 -0.099283 -0.221951 -0.126235
0.184497 -0.193018 0.140206 -0.027793 0.179939 -0.008082 0.036364 -0.129207 0.091753 -0.259207
0.177164 0.079020 0.195891 0.169238 -0.001268 0.310533 0.147736 -0.101166 -0.180038 -0.050137
0.082736 -0.016374 -0.234436 -0.102157 0.107805 -0.150411 0.238597 -0.095716 -0.271493 0.194207
0.261189 -0.153780 -0.162896 0.029082 -0.094577 -0.050385 -0.083232 0.242362 -0.137728 -0.436371
0.061086 -0.236615 0.219176 -0.008930 -0.129603 0.091158 -0.095369 0.225320 0.201341 0.220365
-0.062176 -0.092843 -0.004093 -0.047536 0.153252 -0.180569 0.104479 -0.161753 -0.238667 -0.129402
-0.123130 -0.181229 -0.381274 -0.049599 -0.209123 0.014102 -0.333408 0.157214 0.016392 -0.128494
0.077080 -0.622582 -0.147971 0.016021 -0.016505 0.011832 -0.093750 -0.119251 0.159524 0.073779
-0.482947 -0.060121 -0.162825 -0.085168 0.091770 -0.069364 -0.181559 -0.023768 0.191957 -0.085333
-0.199220 -0.029833 0.290164 -0.175122 -0.259299 0.148796 -0.076172 0.062390 0.159029 0.054055
-0.139058 -0.222987 0.084301 -0.199055 0.053807 0.061235 -0.257814 0.071014 0.084095 0.155811
0.048361 0.092760 0.295776 -0.036332 -0.106707 0.097464 0.136664 -0.099940 0.056718 0.206218
0.158219 0.253286 0.420901 0.049226 -0.011566 -0.095490 0.133838 -0.071533 -0.177097 0.138748
-0.028550 0.137055 -0.014021 -0.142219 0.206387 -0.249561 0.078813 -0.162452 0.258704 0.072930
-0.076400 -0.089564 0.016222 0.093882 -0.010032 0.178282 -0.106326 0.156356 0.140780 0.030603
0.473725 -0.208757 0.057904 0.068866 0.055068 0.131637 -0.208419 -0.209604 0.110897 -0.199615
0.109035 0.159573 -0.301369 0.169901 -0.011936 0.063745 -0.189964 -0.155087 0.029227 -0.188779
0.188440 -0.127828 0.240418 -0.016359 -0.048295 0.008275 0.080083 0.261582 -0.198768 -0.180991
0.056718 -0.088210 -0.072713 -0.094835 -0.067686 0.016419 -0.083083 0.064418 -0.289596 0.132103
0.233160 -0.144672 -0.079186 -0.070954 -0.256539 0.015562 0.114066 0.031832 0.083900 0.035068
-0.000392 0.012169 -0.012082 0.017911 -0.025830 0.021399 -0.103382 0.107782 -0.053671 -0.140776
0.143918 0.041604 0.180243 0.077804 -0.115386 0.065989 0.148066 0.116706 0.081386 -0.196458
-0.215312 0.131726 -0.060081 -0.079501 0.119345 -0.012750 -0.260938 0.186780 0.284066 -0.124499
-0.131852 0.001600 0.033874 -0.221345 -0.137759 -0.128458 -0.117460 0.004450 -0.037394 0.191556
0.108599 0.231275 -0.047072 0.276776 0.119974 0.071582 -0.280009 0.019325 0.209203 0.126737
-0.163676 0.119615 -0.126877 -0.071259 0.066650 0.204176 -0.173172 -0.010858 0.145241 0.191886
-0.317855 -0.047308 -0.230990 -0.276517 -0.034250 0.041617 -0.016767 0.228616 -0.167726 0.089030
0.029118 -0.052475 0.262272 0.049752 0.157112 -0.160883 0.099225 0.071189 -0.294393 0.139795
0.107116 0.153760 -0.087424 -0.135116 0.197891 -0.018033 -0.082187 -0.056176 -0.050765 0.182948
-0.010832 -0.174010 0.301935 -0.289645 -0.747993 -0.018609 -0.271769 0.053383 0.186160 -0.164514
0.082397 0.261993 0.069967 0.117799 -0.127715 0.037847 -0.175966 -0.066406 0.090008 0.177921
0.005715 -0.135400 0.006151 -0.020648 -0.117266 -0.104077 -0.220684 -0.164304 -0.126717 -0.074019
-0.057864 0.007673 -0.274316 -0.227937 -0.063249 0.068084 0.040884 -0.650182 -0.045280 -0.186724
-0.094571 -0.112540 -0.070447 0.145511 0.033245 -0.006137 -0.386196 -0.091713 0.055473 0.289263
0.131663 -0.249478 -0.263326 0.061930 0.164524 -0.050253 -0.180789 -0.150456 0.060721 -0.144082
-0.160677 -0.186724 -0.106660 -0.006419 0.008195 -0.068854 0.058908 0.021692 0.025923 -0.090395
0.021692 -0.146500 -0.148038 0.102264 -0.208594 0.098308 -0.083691 0.152325 0.053687 0.157380
-0.164634 -0.079185 -0.086438 -0.059018 -0.067777 -0.010269 0.036302 0.004090 0.157280 0.079006
0.137968 -0.165620 -0.373961 -0.080981 0.045319 0.102049 0.169131 -0.203074 -0.246966 -0.208927
0.028146 -0.096782 -0.059181 0.001165 -0.033998 -0.029883 -0.050805 -0.062619 0.123629 0.122386
-0.044368 0.213316 0.108340 -0.254721 -0.026774 -0.051171 0.860286 -0.006908 -0.034510 0.161377
-0.157280 0.133286 0.162547 0.081859 -0.155817 -0.145941 0.004334 -0.104902 -0.245211 0.240821
-0.157426 -0.281934 -0.236286 0.033285 -0.216681 -0.062949 0.004369 0.068179 0.007443 0.178641
-0.151867 -0.005112 0.109438 -0.049818 0.030542 -0.087418 0.069496 0.085809 -0.078224 0.194446
0.166349 -0.176004 0.076615 0.076862 -0.255465 -0.271060 -0.168330 0.156819 0.352502 0.041711
-0.249895 -0.293339 -0.007585 -0.263882 0.337402 -0.486176 -0.039019 0.224151 0.137015 -0.087445
-0.237889 -0.106134 -0.306707 0.170558 -0.145556 -0.184544 -0.055481 0.178850 -0.161398 0.030092
0.044651 0.245192 0.377504 -0.087383 0.174642 0.097408 0.184915 0.192837 0.171053 -0.129837
0.024522 -0.159418 -0.078471 0.126309 0.008525 -0.259426 0.014621 0.027369 0.339135 0.161398
-0.038648 0.030897 0.318094 -0.365127 0.102978 0.235785 0.156200 -0.259673 -0.007322 -0.228111
-0.263386 -0.083670 -0.303800 -0.101202 -0.146760 0.009630 -0.246227 0.057027 -0.150486 0.092207
0.000095 -0.087837 -0.035726 -0.203176 -0.255865 -0.114118 -0.149201 -0.018345 -0.116624 -0.068175
-0.081219 -0.205746 -0.319478 -0.093877 -0.208188 0.150486 -0.105636 -0.113668 0.154984 -0.125555
-0.112190 -0.241344 0.255865 0.091950 -0.190068 0.188012 -0.053428 0.228235 -0.180429 0.000396
-0.133523 0.181329 -0.175160 -0.090729 0.048738 0.079484 0.176831 -0.072673 0.027260 -0.030313
-0.153571 -0.122728 0.143932 -0.107628 -0.173490 0.026602 -0.067597 0.073573 0.049220 0.102102
-0.124463 0.064416 0.048770 0.144061 -0.042666 0.102230 0.052932 -0.154149 -0.051883 0.112642
-0.048434 -0.176101 0.151510 0.148151 -0.324612 0.262712 -0.143952 0.164585 -0.131596 0.132556
0.246398 0.121040 -0.155228 -0.171783 0.296781 0.240280 0.196135 0.070776 -0.078814 0.159667
-0.243879 0.189777 -0.259594 -0.239560 -0.164465 -0.213049 0.261033 0.048764 0.070297 -0.162306
0.138434 -0.114022 -0.063219 -0.133036 0.213529 0.141673 0.072336 -0.262233 -0.131116 -0.133635
-0.192416 -0.308297 -0.213769 -0.217607 -0.518707 0.165545 0.146111 0.138314 -0.284305 0.175741
-0.161106 0.087511 0.279747 -0.288384 -0.204652 -0.244119 0.172862 -0.000980 -0.051463 0.268710
0.079914 -0.091849 -0.041436 -0.001599 -0.217740 -0.195115 0.186605 0.026361 0.278143 0.011410
-0.249913 0.110219 -0.041566 -0.188369 0.141147 -0.147063 0.037518 -0.437141 -0.174981 -0.158687
0.063360 0.119767 -0.038530 -0.149657 -0.218363 -0.192209 -0.534698 0.041047 -0.076178 0.290389
0.109389 -0.161593 0.174566 0.034015 0.077683 -0.087179 -0.207258 -0.059313 -0.171348 -0.177056
-0.138968 -0.055058 -0.031888 0.070418 -0.186293 0.140939 -0.044160 -0.084169 0.030616 0.085518
0.140109 0.158790 -0.130457 0.149450 0.025933 -0.123192 -0.001646 0.208088 -0.001727 0.159517
0.015217 -0.033029 0.027010 -0.046988 0.056203 -0.310490 0.372360 -0.257601 -0.219111 -0.347555
0.124595 0.101572 -0.094587 -0.089526 -0.252897 0.070780 0.092377 -0.238213 0.134788 -0.161518
0.188603 0.057379 0.046509 -0.192025 0.197870 -0.047721 -0.010344 0.117040 -0.008656 -0.117752
-0.055562 0.102427 0.070210 0.084465 -0.222532 -0.040023 0.077979 -0.210557 -0.013552 -0.125949
0.167077 -0.031915 0.200151 0.044407 -0.124025 0.037920 0.027567 0.023718 0.025215 -0.044834
-0.330163 -0.140775 0.059874 0.162373 -0.161945 0.132151 0.254322 0.060908 -0.097010 -0.028244
-0.151681 -0.189174 0.097937 0.088671 0.069568 0.067394 -0.238641 -0.247480 -0.230607 0.027918
0.025431 0.182686 -0.085937 0.322469 0.095668 0.077763 -0.331118 -0.130873 0.162013 -0.292540
-0.200505 -0.101204 -0.117120 -0.108902 0.136842 0.022814 -0.029929 0.044677 -0.306726 0.002413
-0.020911 -0.031442 0.079449 -0.016121 0.038968 0.121704 -0.192893 -0.207598 -0.184935 0.072789
-0.244446 0.193585 0.171009 0.134160 -0.071578 -0.067988 0.244446 0.087364 -0.260016 -0.122050
-0.094370 -0.032480 -0.339422 0.123175 0.087494 -0.056916 0.074519 0.037822 0.026512 -0.129922
-0.023528 -0.066258 -0.001360 -0.233375 -0.133728 -0.260362 -0.061198 0.052332 -0.193239 -0.128192
-0.096533 -0.026707 -0.366885 0.122968 0.070342 -0.112054 -0.196300 0.013708 0.069221 0.285853
-0.363297 -0.159821 -0.123940 -0.145319 0.128499 0.008639 0.037414 -0.045935 -0.291385 -0.033545
-0.019978 -0.139114 -0.107345 0.220370 -0.004826 -0.041861 -0.012708 -0.160568 0.020576 -0.368380
-0.234723 -0.053112 -0.193908 -0.123641 -0.045225 -0.144272 0.214390 -0.055018 -0.229939 0.023117
0.102785 -0.107195 0.867128 0.048402 -0.025210 -0.019473 -0.050495 -0.127528 0.408148 0.598917
-0.575594 -0.218277 0.070940 0.240404 0.027397 0.000793 0.031564 0.106223 0.120800 0.166997
-0.033863 0.129247 0.078116 -0.019137 0.042310 0.164306 
