-0.090212 0.025126 -0.433160 -0.161987 -0.631125 -0.128784 -0.617163 -0.240207 -0.763936 -0.322768
0.276054 -0.066432 -0.007569 -1.119787 -0.100029 -0.134303 0.284347 -0.086743 -0.327513 -0.266522
-0.035981 0.137724 0.882127 0.141443 0.148881 -0.698661 0.019710 0.024947 -0.417022 0.055507
0.324681 -1.593849 0.040156 0.074468 0.273356 -0.499968 0.202406 0.552218 0.509466 -0.519709
1.254070 0.224784 -0.303052 0.847032 0.074037 -0.305889 0.261639 -0.078184 0.193683 -1.161045
0.335916 -0.048026 -0.208433 0.435128 0.292629 0.290872 0.067087 -0.189122 0.849134 -0.009045
0.229215 0.209888 -0.483348 0.391182 0.581158 0.141360 0.914853 1.244955 -0.073543 0.195591
-0.437890 0.229948 -0.504831 -0.118073 -0.465342 -0.231881 0.894669 -0.346874 -0.342135 -0.136633
-0.266632 0.143767 0.117281 0.036051 0.045615 0.590329 0.379964 -0.006002 0.031582 -0.032045
0.372602 -0.106404 0.047893 -0.524414 -0.816893 0.603332 0.236302 -0.136224 0.148122 -0.653917
0.108377 -0.432411 -0.306307 -1.349504 -0.666710 -0.514288 -0.193909 -0.095127 2.212468 0.672698
-0.094176 2.905449 -1.781468 0.342687 2.383178 -1.773017 0.348603 0.745947 0.422747 0.782897
0.617710 1.470159 0.545550 1.145872 0.282556 0.492951 1.596362 -0.334215 0.319272 1.142420
1.547942 1.016830 1.843004 0.789859 1.387549 -0.353971 0.063625 0.028800 -0.100207 -0.457325
-0.176852 -0.544077 -0.229599 -0.355578 -0.306757 0.622944 -0.688021 0.700754 2.484233 1.020478
-1.774048 1.538262 -0.414746 0.709144 1.507154 0.738766 -0.278296 -0.547114 -0.568737 0.202020
0.920051 1.259516 1.644708 1.866213 0.387634 -0.032434 -0.465558 1.376780 1.688478 1.961712
1.964365 -0.180469 0.365656 -0.159237 0.125817 0.687276 0.137318 -0.031307 -0.346980 -0.129847
-0.728721 -0.489896 -0.455297 0.394060 0.714024 0.458053 -0.310165 -0.206675 0.082670 1.660688
0.814050 0.956306 -2.004106 -0.302214 0.965706 0.334958 0.694982 -0.199283 0.181459 -0.157701
0.302851 0.005169 0.776043 -0.744485 -0.042384 0.217859 0.016082 0.042796 0.191834 0.061177
-0.105613 0.191694 -0.729944 0.085593 0.160582 -0.149281 -0.237477 0.191790 0.049702 -0.432122
-0.634857 0.067816 -0.132896 0.082748 0.140154 0.424951 -0.140592 0.137768 -0.477188 0.549190
0.273889 0.512483 0.371774 0.462364 0.101453 0.168967 -0.504145 0.140032 1.349413 0.394207
-0.492832 0.202905 0.342865 0.304753 0.881701 0.628864 0.381601 0.261049 -0.160883 -0.266035
0.092247 -0.259143 -2.409077 -2.838111 -3.175735 0.038448 5.717503 0.947266 -2.448884 7.259666
-2.860226 -0.191182 0.140819 -0.095450 -0.147572 -1.277361 -0.135825 -0.011342 -0.186399 -0.205109
0.409424 0.337120 0.069291 0.781358 0.353485 -0.063415 0.120358 0.183438 -0.021535 -0.496272
0.323552 -0.771599 -0.148266 0.192558 -0.613927 -1.008961 -0.738765 -1.023326 -0.135597 0.400924
1.079462 0.223265 -0.975855 -0.919181 -0.292225 0.646438 0.594191 -0.394896 0.703214 0.231238
1.975726 0.237467 2.547515 1.028972 1.535983 -0.086500 -0.187489 -0.437364 -0.171728 0.186668
0.313576 0.101461 -0.275979 -0.146855 -0.141848 0.184992 0.187108 -0.091931 0.112321 0.274313
-0.034677 -0.162273 -0.942033 -0.116131 0.032723 0.791511 0.034466 -0.149630 2.337601 0.775579
-0.242595 -0.493880 -0.213990 -0.325765 0.022771 -0.094861 0.112496 -1.201511 -0.047842 -0.008951
0.273634 -0.181196 0.376820 0.634694 0.014695 -0.023792 -1.149962 -0.209117 -0.031903 -0.310846
0.041655 -0.910439 0.023824 0.857418 -0.450296 -0.564290 0.291613 0.397275 0.061163 -0.339332
-0.224954 0.575204 -0.231315 0.691248 0.551302 0.436415 0.162114 1.014704 1.087954 -0.726362
0.536140 0.329319 2.414124 0.641044 2.657130 2.368976 0.608843 -0.012574 -0.078206 0.315187
0.181373 0.015794 0.404101 0.183884 0.133593 -0.014105 0.151981 -0.172659 0.828398 0.111894
-0.291760 1.121524 0.742221 0.877556 1.009857 1.803663 0.774126 0.853359 0.507389 0.354090
0.707196 0.410193 -0.223675 -0.777078 -0.398874 -0.960656 -0.013000 -0.581593 1.343823 0.801459
0.982551 0.569277 0.435169 -0.199566 0.052582 -0.160506 0.120718 -0.092877 -0.807941 -0.184965
0.115138 0.095131 -0.110066 0.148763 0.089623 0.158296 0.573396 -0.181246 0.474064 -0.446995
-0.835614 -0.564451 0.122966 -0.424414 0.013901 0.439633 1.119318 0.287439 0.242473 0.048469
0.151156 -1.221747 -2.112325 -2.786598 1.840825 3.991936 2.374874 -1.150889 -1.259041 -0.257887
-0.744972 -1.381803 -0.776104 -1.298786 -1.457175 -1.640687 -0.547260 -2.120222 -1.570777 0.054768
0.298839 0.046202 -1.478469 1.748098 -0.131894 -1.580029 2.315219 -1.306804 0.251278 -0.647518
-0.302938 0.149778 -0.747977 -1.491790 0.854161 0.068122 -0.094538 -1.043334 -1.271563 -1.354032
-1.260055 -1.685827 -1.414446 -1.185258 -1.973511 -0.792569 -1.274378 -0.689980 -1.009415 0.089946
-1.308002 -1.441829 -0.406859 -1.349025 -0.757902 -0.039922 -0.159557 -0.043959 0.022143 -0.563202
0.189514 -0.011413 -0.194854 0.113187 -0.735679 -0.941783 -0.036891 1.105522 -1.331664 0.064193
-0.437972 0.448850 0.504097 0.221268 0.782363 1.260702 0.797036 0.758886 0.810535 -0.463079
0.909137 0.746561 -0.180724 -0.021067 0.127995 0.437361 1.346588 -0.279928 -0.184282 0.366624
-0.090470 -0.195662 0.520169 -0.050008 -0.097972 -0.379202 -0.468857 0.589243 1.440121 0.579093
-0.149619 -0.734056 -0.257024 0.202333 -0.368484 0.196407 0.090717 0.537337 0.230614 -0.140816
0.212846 -0.738903 0.329219 0.194352 -0.946558 0.351715 -0.065919 -0.422879 0.575840 0.356554
0.510227 0.351590 0.470514 0.630229 0.723900 0.238494 0.382454 0.172935 0.379809 -0.060567
-0.628059 -0.209784 1.377011 -0.477429 -0.300130 0.266836 
