-1.124524 0.209348 0.950756 0.742649 0.937517 0.882077 -0.599084 0.410215 -1.203133 0.699392
-1.218422 -0.392091 -1.616394 0.489623 0.999831 -0.881224 1.291939 -0.887595 0.144382 0.545516
-0.492164 -0.460154 -0.625098 0.258975 -0.469046 -0.512171 -0.766478 0.243666 -0.178895 -0.383548
-0.756567 -0.369635 -0.503501 -1.169445 0.776872 1.207048 -0.975473 0.053566 -0.700168 0.589679
-0.796616 0.825917 -0.118348 0.973031 0.829579 -0.742987 1.134759 1.162354 -0.221391 -0.255676
-0.981729 0.241669 -0.633859 1.526112 -0.791338 0.011993 -1.200026 0.333970 -0.858132 0.834924
0.253166 -0.336800 0.854736 0.760683 -1.167606 -1.032403 0.737712 0.807282 -1.188608 -0.485354
-0.613009 -0.038662 0.036752 -1.051688 2.211123 -0.178242 1.013861 -0.824730 0.643048 -0.388007
-1.964679 -0.271378 0.160981 -0.011381 -0.331191 -0.581093 -0.552695 -0.577898 -0.481700 -0.305988
-0.962310 0.370329 1.217522 -0.455400 -0.577932 1.313518 0.924068 -0.729342 0.485448 0.552835
-0.342042 -0.119379 -0.372866 0.428547 0.785006 0.766115 0.639837 -0.029860 -0.378164 0.049391
-0.361493 0.283842 -0.434610 -1.775877 -0.330491 -0.017356 1.610924 -0.110552 -0.669597 -0.632151
0.582879 0.794746 0.012672 0.520798 0.952907 -0.079080 0.862855 -0.639303 1.374934 -0.256721
-0.814237 -0.267172 1.235895 0.393487 -1.479439 0.220875 -0.021820 -0.753469 0.319141 0.464906
1.164937 -0.656687 -0.472922 -0.705375 -0.709343 1.093355 -1.064014 0.819369 -2.331685 1.412645
0.302679 -2.153917 0.996705 0.471786 -0.608029 -0.666484 -0.075313 0.393309 -0.481452 0.097924
-0.846914 -0.639328 1.957907 0.144676 -1.742753 -2.049032 2.331264 0.752409 0.085587 -1.094758
0.175130 0.461213 -0.775343 0.058466 0.597703 1.457791 -0.178150 -0.590776 0.492993 0.326557
0.177510 -0.993167 0.606161 -0.281387 0.013183 1.157217 -0.118049 -1.028004 0.236416 -0.393601
-0.249763 -0.346268 -0.711376 -0.198179 -0.177729 -0.331562 -0.397737 0.590516 0.284749 0.511064
1.310897 1.723953 -1.957689 -0.026067 -1.105606 0.652357 0.132790 -0.342967 0.559928 0.000428
0.841252 0.074939 -0.365933 0.785048 0.303232 0.098131 -0.831103 -0.239346 -0.302094 -0.311170
0.520919 0.831892 -0.424233 -0.054016 0.643651 -0.907005 -0.755741 -0.307435 0.794423 0.331106
-0.007844 -0.232958 0.924902 -0.917974 0.076011 0.288703 -0.060030 0.319618 0.370060 0.426778
0.047972 0.402371 -0.147838 0.500845 -0.007150 0.437972 0.206125 0.329193 0.667317 -0.221665
0.190407 -0.172992 -0.027772 0.453162 -0.357313 -1.051074 0.618125 0.155754 -0.234731 1.131926
0.659203 -0.508161 0.113103 0.484219 0.665398 0.505303 -0.202800 0.386660 0.258726 0.556762
0.199764 0.410186 0.461217 -0.047196 0.314907 0.302149 0.634336 0.036073 -0.583627 -0.685591
0.428766 0.385454 0.305360 -0.768732 -0.018922 -0.591131 -0.559355 -0.710838 -0.309073 0.419395
-0.526836 0.747191 0.862985 0.970138 -0.780604 0.160730 -0.790974 -0.473857 0.107369 -0.196079
-0.357491 0.262763 -0.004223 -0.267842 -0.752960 -0.214848 0.550202 0.124579 -0.325866 -0.185796
-0.685699 -0.574838 -0.425902 -0.396787 0.019188 -0.286553 -0.692796 -0.514236 0.152049 -0.156435
-0.589091 -0.225539 0.492014 0.453417 -0.689076 0.752312 -0.085382 -0.019777 -0.222206 -0.906890
-0.372141 -0.805009 0.601247 0.327514 1.083167 0.978269 -0.082267 0.091203 -0.348300 -0.345386
-0.548188 -0.641819 -0.567072 1.040770 -0.869965 0.694606 0.795571 1.042289 -0.922346 -0.699540
0.585291 0.500943 -0.481383 0.161562 -0.083448 1.427636 -1.032877 -1.754823 1.339234 -0.337857
-0.964657 0.743038 -0.610474 0.222809 1.929315 -0.562207 0.455136 1.027880 -0.908233 0.808089
0.751119 -1.644939 -0.679215 0.734526 -0.584634 0.506922 0.492818 0.472076 -0.835179 0.139755
-0.572930 -0.359111 0.264568 -0.512648 -0.341851 -0.201839 0.302952 -0.245987 -0.204566 0.396236
-0.545899 -0.711975 -0.411085 0.055196 -0.522454 0.016632 -0.032674 -0.919968 0.654557 1.104952
-0.365636 0.395951 0.796852 0.478854 0.189778 -0.498933 -0.664873 -0.028799 0.615239 0.562272
-0.518935 -0.670059 -0.411518 -0.452262 0.086723 -1.114774 -0.631484 -0.415091 1.053579 -0.607522
-0.703738 0.816174 1.330798 -0.983020 0.242968 0.390854 0.335106 -0.244826 -1.014611 0.718528
0.089042 -1.258662 -0.794532 0.452623 0.689245 0.248291 -0.942150 -0.913928 -0.682190 0.121432
-0.575818 -0.027089 -0.554634 0.298089 0.694684 1.272018 0.131163 -0.911398 -0.901120 -0.620590
0.169900 0.566707 0.862023 -0.725954 1.193973 0.144294 0.255878 -0.770064 -1.042203 0.436485
0.352976 0.421544 0.384192 -0.237052 0.227047 -0.262131 0.437552 0.013740 0.096152 0.146657
0.253331 0.426373 0.206711 0.436409 0.248637 0.232125 0.551015 -0.767543 -0.893167 0.641919
0.984054 1.706392 -1.139181 -0.423743 1.194379 -1.000233 -0.600783 0.318614 -0.333247 -0.988973
-0.039413 -0.579800 0.495591 0.549430 -0.801229 0.467171 0.361396 -0.150884 -0.839974 -0.404432
-0.039082 0.177069 -0.454467 -0.711385 0.412209 -0.187670 -0.701026 0.405081 0.178821 -0.616471
-0.477593 -0.029266 -0.703485 -0.409398 -1.035602 0.626883 -0.583431 1.515383 1.048276 0.405777
-0.800691 -1.214841 0.498917 -0.445917 -1.131728 -1.181142 0.564270 -0.499315 0.052502 -0.390725
0.372793 0.242038 -0.023392 0.293103 -0.014855 -0.015841 0.184850 0.256361 0.397515 0.442145
-0.814195 -0.244775 -0.215240 -0.258928 -0.536069 0.866867 -0.535577 -0.747740 0.872282 0.166236
-0.828315 -0.028497 -0.541223 0.190001 -1.176073 -0.712714 0.085447 0.935318 -0.389883 0.397903
-0.724245 0.394510 -0.172116 -1.037632 1.049353 -0.742752 0.043993 -0.448947 0.421132 0.615350
0.510921 0.160181 -0.126266 0.668541 -0.217520 0.313043 
