0.214481 0.020852 -0.172804 0.288369 0.294898 -0.028837 0.139070 -0.244624 -0.227866 0.109798
0.092768 0.069317 0.066216 0.186515 -0.225690 -0.233089 -0.168233 0.090755 0.068229 0.131453
0.286410 0.487072 0.354966 0.233960 -0.265517 -0.165731 0.132976 -0.154740 0.041188 -0.001886
-0.263123 0.198159 0.140376 0.178571 -0.243753 0.046003 0.021396 0.261164 0.160290 0.239401
-0.187821 0.190215 -0.081070 0.099351 0.340602 -0.026878 0.065890 0.358448 -0.067903 -0.020390
0.088524 0.027422 -0.040562 0.063006 -0.200117 -0.172260 -0.221990 -0.205885 -0.017016 0.052995
-0.153108 -0.163010 -0.150822 -0.289022 -0.062220 0.071184 -0.286484 -0.103365 0.211102 0.066418
-0.109137 0.112197 -0.303798 -0.100042 0.121904 -0.001873 0.160382 -0.031810 -0.037450 0.119106
-0.021895 -0.145690 -0.212851 -0.073676 -0.199559 -0.267070 -0.104065 -0.117007 -0.125927 -0.545333
0.063051 -0.139831 -0.201833 0.124965 0.172362 -0.083077 -0.073982 -0.201308 0.119980 -0.014932
-0.262173 0.028618 -0.012549 -0.194137 -0.229467 -0.131261 0.126889 -0.284035 0.099255 -0.144379
0.011106 0.077393 -0.108787 0.055312 -0.235938 -0.204806 0.076737 0.070703 -0.271093 0.000275
-0.192738 0.071533 -0.231041 0.027918 0.068997 0.141668 -0.010860 -0.256401 0.096446 0.040085
-0.018275 0.049831 -0.048223 -0.037714 0.105609 -0.173764 0.125541 -0.214914 -0.095562 0.153349
-0.070446 0.127309 -0.086159 -0.096768 0.057506 0.280176 0.071330 0.596680 -0.050433 -0.033194
0.031566 0.187748 -0.218772 0.120156 0.184051 -0.013091 -0.026362 -0.229703 -0.026563 0.106332
0.011604 0.054532 0.187106 0.090659 -0.021540 0.035062 -0.018606 -0.213628 0.591215 0.178425
0.276479 0.075107 0.127470 0.147804 -0.142499 -0.341741 0.163235 0.012739 0.061042 0.293518
0.081818 -0.305252 0.108422 -0.109547 0.117504 -0.305574 0.531740 0.002898 0.060560 -0.343670
0.560674 0.108582 0.128903 0.067942 -0.349676 -0.146609 -0.270959 -0.216524 -0.045809 0.131129
0.160977 -0.200639 0.298682 -0.136592 0.118886 0.072546 0.317299 -0.010567 -0.076694 -0.123540
-0.195985 -0.230284 0.206305 0.262662 0.265293 -0.005653 0.477972 -0.398242 -0.012565 -0.126373
0.164821 -0.139729 0.088026 0.056762 0.214500 -0.116559 0.173219 -0.250318 0.171702 -0.267316
-0.277839 0.067740 -0.104518 0.151668 -0.086458 0.307383 0.121921 -0.251127 -0.169981 -0.092478
-0.233117 0.179998 -0.060455 -0.293825 0.259222 -0.157334 0.145901 0.161381 -0.162393 0.081652
-0.071028 -0.174130 0.051146 -0.325595 -0.296253 -0.203472 -0.266923 0.239500 -0.131938 0.278299
0.122391 -0.277283 0.099791 -0.078614 0.404651 0.143517 -0.002468 0.234015 -0.281346 -0.065817
0.247828 -0.080138 0.195216 0.231171 -0.073688 0.210248 0.046544 0.160682 -0.245797 -0.108882
-0.234624 0.343709 0.044716 -0.158854 0.056320 -0.176832 0.233405 0.056371 0.015096 0.161596
-0.019463 0.231171 -0.324208 -0.033035 0.046772 -0.007123 -0.050378 0.023640 -0.063938 0.042050
0.249250 -0.063938 -0.085419 0.049616 0.098370 -0.338631 -0.162612 0.166167 -0.273627 0.201208
0.099741 0.081001 0.061297 0.054898 0.136509 -0.196739 0.073180 -0.205677 0.229952 0.066629
-0.299105 0.311887 0.201960 -0.203614 -0.346174 -0.029305 -0.161207 -0.434597 0.131958 0.013384
0.193388 0.183613 -0.281811 0.317000 -0.131582 -0.371437 0.229780 0.120078 0.241810 -0.039775
0.259856 0.030583 0.367227 0.015527 0.268879 -0.189177 0.389483 0.232637 -0.248728 0.155041
-0.370535 -0.076242 -0.400912 -0.282864 -0.247224 0.006814 0.164214 -0.171282 0.097446 0.030508
-0.104739 -0.072408 0.133988 0.203764 0.277601 0.378956 0.123612 0.236547 0.103010 -0.271736
-0.084288 0.372640 -0.358505 0.094739 0.153387 0.063949 0.217449 0.126093 -0.388581 -0.220456
0.253841 -0.033591 0.342565 0.307827 -0.096152 0.006574 -0.259473 0.185749 -0.256943 0.275345
0.283857 -0.206797 0.075105 -0.161366 0.159180 0.076140 0.253493 -0.207947 -0.288227 -0.177928
0.247972 -0.234975 -0.191500 -0.282706 0.283857 0.165161 -0.118695 -0.269825 0.363217 -0.090517
0.145724 0.270285 -0.038415 -0.126171 -0.052619 -0.110702 0.186669 0.199666 -0.162286 -0.191960
0.024311 -0.211742 0.179883 -0.114497 0.009791 0.250272 0.072459 -0.287537 0.217953 -0.171372
0.059405 -0.052188 -0.026238 -0.029099 0.090459 -0.022701 0.289377 -0.114842 -0.141813 0.163436
-0.275345 0.185979 -0.122836 -0.224509 -0.061360 -0.108229 0.204151 -0.282706 0.066899 -0.239283
-0.166562 -0.047320 0.260517 -0.275586 -0.291797 -0.141561 0.208916 -0.078657 0.012608 -0.159826
-0.211428 -0.112107 -0.062789 0.192819 0.282436 0.179919 -0.024687 -0.035219 -0.199897 0.051030
-0.246589 -0.226954 -0.065015 -0.402534 -0.065700 0.310063 0.297734 0.103773 0.281066 0.155717
0.154575 -0.003803 0.126720 -0.209829 0.126263 0.198870 -0.206404 0.320110 0.213254 0.246818
-0.272390 0.070780 -0.191107 0.123865 -0.280153 -0.160740 0.124779 -0.176037 0.082824 -0.200126
-0.186997 -0.077345 0.156630 0.053570 -0.305725 0.226611 0.259375 0.137451 0.277413 0.034648
-0.308465 0.209601 -0.051515 0.096422 -0.255839 -0.243491 0.055567 -0.300601 -0.139592 0.238474
0.450322 0.189371 -0.211655 -0.250436 -0.168919 -0.047343 0.268766 -0.190914 -0.008930 -0.165350
0.237702 -0.159176 0.149239 -0.158983 -0.083591 0.036393 -0.179338 0.233458 -0.130428 0.045196
-0.120684 0.057786 -0.145477 0.090489 -0.047005 -0.130910 0.231528 0.035067 0.118948 -0.086727
0.152519 -0.094010 0.043098 0.164289 -0.155992 0.163324 -0.191107 0.216865 0.168051 -0.161491
0.188020 -0.007066 -0.405174 -0.204517 0.098303 -0.065889 -0.017268 0.207797 0.295391 -0.072594
0.186670 -0.203359 -0.081951 0.034753 0.307547 -0.237316 0.236756 0.095055 -0.288948 0.179269
-0.339879 -0.264238 0.034574 -0.145987 -0.054241 0.036182 0.195784 -0.158972 -0.292982 -0.113398
-0.125627 -0.280123 -0.138044 0.080620 -0.253523 0.009518 0.133506 0.456618 -0.137288 0.097388
0.054871 -0.291469 0.287939 0.074947 -0.061143 -0.030036 -0.081566 0.108986 0.127329 0.083268
0.168301 0.124429 -0.019084 0.164014 0.258439 -0.251758 -0.072048 0.084087 -0.127518 0.085537
0.366858 0.076523 0.073182 0.117747 -0.172335 0.336097 0.203978 0.172587 0.330550 0.055754
0.244698 0.171957 -0.353999 -0.230957 -0.147373 -0.310127 0.052507 -0.098774 -0.197801 -0.113461
0.304041 -0.165093 -0.100911 -0.031624 0.190617 0.083916 0.191987 0.195473 -0.019703 -0.271172
0.000256 -0.044230 0.080368 0.198959 -0.020621 -0.042674 0.325705 -0.296820 -0.134092 0.085597
0.130855 -0.143928 -0.238427 0.199208 0.184516 -0.204188 -0.135959 0.037943 0.276650 0.130979
-0.220000 -0.091262 0.305784 -0.309270 -0.131726 0.298812 0.137702 0.036075 0.223486 0.028418
-0.309021 -0.155133 -0.041367 0.325954 -0.038005 -0.231828 -0.039935 -0.209293 0.011330 -0.082360
-0.199706 0.058642 -0.140192 0.252994 -0.060914 -0.237431 -0.328195 -0.054315 0.080243 0.135586
-0.307029 -0.231579 -0.192858 0.102405 0.049627 0.042071 -0.195455 -0.120896 -0.166757 0.045098
-0.205943 -0.199460 -0.410742 0.143779 -0.107453 0.146353 -0.149690 -0.085524 0.145972 0.005309
-0.242555 0.177149 -0.009689 -0.315398 -0.124901 0.082330 0.154648 0.216240 -0.001370 -0.075989
-0.219863 -0.111457 -0.297855 -0.288892 0.192023 0.046456 -0.237216 0.240076 0.227300 -0.178961
0.161990 0.266201 0.060782 -0.124996 0.071842 -0.222724 -0.042905 -0.051676 -0.282790 0.042261
-0.054537 0.164468 0.160273 -0.140346 0.094820 -0.115652 0.001674 -0.190688 -0.094057 0.212999
0.188495 -0.013718 -0.331416 0.023681 0.160941 -0.004451 0.035253 -0.128428 -0.235113 0.130423
-0.237498 -0.031241 -0.038662 -0.127849 0.248293 -0.328128 0.216032 -0.203229 0.395913 0.239004
0.086614 0.089626 0.212267 -0.314571 0.085610 -0.174483 -0.037344 -0.196701 0.205363 0.452400
0.244150 0.095150 0.277917 -0.409972 0.116991 -0.033265 0.198333 -0.312814 -0.218041 -0.198835
-0.022783 0.316831 -0.057617 -0.391896 0.284194 0.289215 -0.035932 0.020445 -0.114606 -0.239380
-0.321601 -0.057899 0.225823 0.222434 -0.224819 0.047135 0.237498 -0.022830 -0.313065 -0.304278
0.289968 0.087681 -0.135193 -0.311559 -0.146616 0.136323 -0.005931 -0.277666 0.314320 -0.371812
-0.140591 -0.092639 -0.300660 0.185893 0.055280 0.009879 -0.188473 0.021820 -0.221793 -0.206984
0.301333 -0.134848 -0.227290 -0.023026 0.255785 -0.149320 -0.177479 -0.197673 -0.289665 -0.322648
-0.195092 0.022185 -0.197673 -0.143935 -0.081616 0.057103 -0.085542 0.234470 0.228075 -0.305596
0.165138 0.170748 -0.025046 0.099509 0.167831 0.246586 0.050764 -0.265658 -0.073875 -0.166260
-0.206872 -0.039910 -0.235592 0.224710 -0.244118 0.020558 -0.080886 -0.138214 -0.178264 -0.336559
0.005693 -0.236265 0.084308 0.119254 -0.192063 0.102482 -0.270369 0.043192 0.253541 -0.120376
-0.029281 -0.043556 -0.179947 -0.292134 -0.059571 0.155042 0.012836 -0.068401 -0.473519 0.038432
-0.024923 -0.078362 0.191453 -0.225301 0.016098 0.066903 0.509130 -0.077789 0.024637 0.298462
0.127106 -0.161130 -0.035787 -0.261969 -0.096696 -0.159368 0.097842 0.268668 -0.155930 0.229884
-0.237112 -0.195507 0.172237 0.019712 0.048965 0.066506 -0.405823 0.081579 -0.180523 0.292115
0.044910 -0.292644 -0.133012 0.145969 0.133100 0.138741 0.956205 -0.179200 0.169592 -0.006170
0.199386 -0.211374 -0.176909 -0.335483 0.038277 0.067211 -0.080257 0.304808 0.071530 -0.290528
-0.027678 0.191453 -0.089732 -0.398771 -0.209082 -0.228474 0.234644 -0.234115 0.721385 -0.047819
0.087362 0.037770 -0.010236 0.115320 -0.077962 -0.017758 0.156022 -0.159510 -0.512448 0.044432
-0.270566 0.027667 -0.235292 0.180442 0.244595 -0.076654 -0.118131 -0.115030 -0.110766 -0.107665
-0.231997 -0.101269 0.109118 0.149141 -0.194106 -0.315532 -0.255837 -0.096714 0.181121 -0.134799
0.245564 0.156797 -0.348093 -0.059937 0.181508 0.219981 0.242463 -0.345379 -0.236843 -0.233935
-0.033288 0.195463 -0.232191 0.177826 -0.280063 -0.073747 -0.235098 -0.152727 -0.091481 -0.230834
-0.235874 0.124526 0.224051 0.117840 -0.258356 -0.138869 0.077139 0.088864 -0.194300 -0.121425
-0.094097 0.045304 0.123461 0.028806 -0.128643 -0.174234 -0.126481 -0.142227 -0.157870 0.086036
-0.081199 0.177836 0.100701 -0.348673 -0.136670 -0.147682 -0.021316 -0.046183 -0.251110 -0.041500
0.000975 0.108060 -0.047366 -0.101679 0.235262 -0.148917 -0.252140 -0.262637 -0.284866 -0.375842
-0.055625 0.068644 0.040162 -0.001598 0.103171 0.188127 -0.194816 -0.246788 -0.161678 0.098180
-0.213238 0.035119 -0.146035 -0.058301 0.069827 -0.231351 0.069055 0.244730 -0.123291 -0.236497
-0.288159 -0.184628 0.192449 -0.266548 -0.187715 0.001469 -0.007403 0.110530 0.089072 0.161266
-0.000880 -0.042143 -0.149225 0.067975 -0.074819 -0.120615 -0.104715 0.206549 -0.233722 0.217596
0.000084 -0.088327 0.111207 -0.122411 -0.278121 -0.206183 0.064609 -0.165239 -0.085552 0.226602
-0.267022 0.091259 -0.014267 0.112568 -0.096704 -0.132883 0.080630 -0.240634 -0.009536 -0.220947
0.303043 -0.238958 -0.259692 -0.315400 0.186287 -0.223460 0.005393 -0.093510 -0.096861 0.137595
0.045446 -0.247754 -0.125343 0.072305 -0.233513 0.119374 0.234770 -0.167438 -0.249430 -0.301577
0.271629 0.223460 0.050341 0.174140 -0.208591 0.137071 0.136548 -0.293200 0.065394 0.005838
-0.257807 -0.054556 0.246916 -0.073771 -0.199795 0.158642 -0.123354 0.125971 -0.229953 -0.154035
-0.214455 0.147019 -0.125914 -0.238230 -0.360965 -0.076776 0.089446 -0.198319 -0.134567 -0.048829
-0.210151 -0.043046 0.207855 0.103839 -0.206442 -0.265249 0.121675 0.166708 0.035143 0.137834
0.016964 -0.109314 0.038631 0.197965 0.242115 -0.238583 0.214389 -0.362024 0.011865 -0.192844
0.029205 0.015353 0.116201 -0.309045 0.143927 0.265602 0.062295 -0.034326 0.207502 0.104810
0.063398 0.040065 -0.075363 -0.173860 0.032428 -0.061765 0.114258 -0.164765 0.061500 -0.035673
0.015728 0.166443 -0.163971 -0.094038 0.206266 -0.086135 -0.221453 -0.157701 0.037196 0.219157
0.145693 -0.202027 -0.067063 -0.033465 -0.325998 -0.188959 0.268921 0.242264 -0.200188 0.312826
-0.294009 -0.101139 0.230634 -0.146221 0.054653 0.036915 0.264347 -0.043383 -0.141255 -0.346800
0.175883 0.321712 -0.316485 -0.003271 -0.208420 -0.112377 0.302634 0.222010 -0.110613 0.185030
-0.238344 -0.301850 0.121981 -0.176667 0.378161 0.109829 0.042762 -0.266307 -0.300804 0.048936
-0.155498 -0.021544 0.004337 -0.038352 -0.114533 0.152624 -0.018049 -0.082323 -0.276500 0.248667
-0.072784 -0.053510 -0.254285 -0.281988 0.133480 -0.231026 0.122308 0.151970 -0.304724 0.150925
-0.176406 -0.312303 0.021757 0.128449 0.125444 0.238213 -0.113292 -0.036621 -0.078664 0.149879
-0.111428 0.051928 -0.124312 0.176535 -0.020481 0.177518 0.130311 -0.249608 -0.121952 -0.139064
-0.044896 -0.157357 0.185091 0.169454 0.193943 0.202991 0.028054 -0.025251 0.255705 0.408735
-0.045388 -0.069139 0.222660 -0.207711 -0.187747 -0.135229 -0.146637 -0.269474 0.112412 -0.242133
0.235642 -0.270261 -0.320418 -0.039388 0.249017 -0.140343 -0.015539 0.071302 -0.233478 0.154308
-0.046199 0.131688 0.076712 -0.238593 -0.067713 -0.049346 -0.068352 0.019116 -0.266523 0.047723
-0.074794 -0.125492 0.115461 0.004822 0.293471 -0.221283 -0.037421 -0.151456 -0.170044 -0.195811
0.026849 -0.190697 -0.190402 -0.249411 0.084347 0.204874 -0.013875 0.031095 0.076159 -0.178328
-0.054135 -0.185714 0.248975 -0.478254 -0.137011 -0.009072 -0.058497 0.042709 -0.278089 -0.069308
0.166661 0.303565 0.162808 0.461984 0.162058 0.046241 -0.194920 0.295216 -0.327970 -0.081993
-0.109181 -0.177579 0.202412 0.187641 -0.108699 -0.131980 0.008677 -0.059782 -0.177365 0.047499
-0.027750 0.033798 0.053413 -0.074714 -0.103133 0.193956 0.088361 -0.187641 0.090556 0.063046
-0.204981 -0.342099 0.104203 0.204660 0.083009 0.491955 0.045278 -0.184965 -0.084133 -0.161095
-0.171692 -0.003736 0.593429 -0.350448 -0.265459 -0.053440 -0.022973 -0.029356 -0.133829 -0.280240
-0.289161 0.242035 -0.216985 -0.184157 -0.050272 -0.167572 0.002438 0.022005 -0.046325 -0.284357
0.123420 -0.105748 0.053703 0.195939 -0.175464 -0.252787 0.109351 0.322104 -0.016085 -0.270403
0.137718 0.011882 0.093852 -0.126394 0.248898 -0.120789 -0.013097 0.241578 0.011145 -0.034744
-0.183357 0.117929 -0.272919 -0.139777 -0.105404 0.195710 -0.168944 -0.011188 0.123534 -0.244781
-0.097283 -0.291907 0.109007 -0.066400 -0.033886 -0.212181 0.021962 -0.188390 -0.286416 -0.276579
-0.239748 -0.011631 0.357334 0.073034 0.069202 -0.200400 0.246840 0.125707 -0.285730 -0.266971
-0.054532 -0.249127 -0.144371 0.121237 -0.287875 -0.186230 -0.299009 -0.056173 0.160348 -0.008842
-0.055811 0.356844 -0.132154 -0.372459 -0.206761 -0.066872 -0.123189 -0.118635 -0.315202 0.070704
-0.107935 -0.177554 0.155288 -0.412077 -0.353952 0.105911 -0.400220 -0.391545 0.296117 0.367254
-0.188399 -0.416993 -0.037738 -0.093693 -0.406004 0.198664 0.378821 0.057112 0.328215 0.065426
-0.100127 0.050461 0.084873 0.167867 0.361182 -0.086898 0.045581 0.034629 -0.121599 0.387786
-0.348169 -0.005765 0.401088 -0.121165 -0.228016 0.365519 0.350771 -0.115237 0.092464 0.172349
0.260693 0.216015 0.216449 -0.028592 -0.267922 0.373905 0.006997 -0.162534 -0.379092 0.130046
-0.162999 -0.108789 0.222406 -0.046806 -0.014248 -0.043349 0.351617 0.167825 0.008789 0.205326
0.020004 0.013309 -0.115844 -0.044579 -0.189453 -0.155851 0.181563 0.252666 -0.110275 -0.047201
0.079318 -0.016523 0.122435 -0.007762 0.221292 -0.105077 -0.106283 -0.084655 -0.061078 0.240414
0.252852 -0.128004 0.206811 0.099693 0.169125 0.080478 0.729966 -0.209967 0.183141 0.126148
0.218136 0.018379 -0.043534 -0.194373 -0.242456 0.126983 -0.021535 0.107954 0.060985 -0.443326
0.057133 0.093752 -0.010628 -0.304091 -0.144527 -0.293138 0.138307 -0.214423 0.692465 0.192888
0.115279 0.131748 -0.094526 -0.045540 0.068773 -0.130151 0.100491 0.032244 -0.375749 0.074192
-0.042473 0.044238 -0.216106 0.106121 -0.121665 0.101247 0.147880 -0.179977 0.160987 -0.214426
-0.096542 -0.201654 0.104440 0.030836 -0.096206 -0.308363 -0.265176 0.238120 -0.033147 -0.208040
0.005624 -0.287526 0.059404 0.142923 -0.046927 -0.133512 0.082216 -0.156534 0.132672 0.122673
0.027475 -0.235768 0.304162 -0.136705 -0.204343 -0.024598 -0.034407 0.097550 -0.149981 -0.244002
0.012488 -0.333906 -0.113179 -0.056043 -0.337099 0.083561 0.167457 0.005666 -0.019462 -0.195941
0.173087 0.069277 -0.203335 0.007489 -0.180031 0.014228 -0.081699 0.171552 -0.054792 0.222104
-0.075991 0.055811 -0.189163 0.288963 -0.119613 -0.174487 0.045171 -0.073219 -0.132333 0.169921
0.071548 -0.166333 -0.188348 -0.251294 -0.101186 -0.146194 0.188022 -0.123853 -0.332014 -0.197480
-0.248685 -0.126462 -0.067675 0.148722 0.031819 -0.041644 -0.279831 -0.089690 0.215255 0.136002
-0.152961 0.217049 -0.134371 0.107464 -0.253740 -0.041053 -0.023340 -0.017602 -0.267927 0.120592
0.274450 0.095234 -0.075054 -0.022320 0.173998 -0.189326 -0.119939 0.014462 -0.227322 -0.109340
-0.076929 0.104203 -0.194056 -0.021179 0.093277 0.231399 -0.405397 -0.068001 -0.302717 -0.087144
-0.330064 -0.204265 0.370244 -0.221726 -0.037892 0.232665 -0.271582 -0.302085 -0.010216 -0.101975
0.122749 -0.180389 -0.269689 -0.198375 0.056220 0.151358 0.018657 -0.268637 -0.247811 0.000432
-0.024626 -0.327119 0.020471 -0.410003 0.271582 -0.079045 0.217518 0.212890 -0.160930 0.173447
-0.102501 -0.145994 -0.131268 0.241079 0.113282 0.189329 -0.079834 -0.223198 -0.033606 -0.112967
-0.199217 0.523811 0.095138 0.122328 -0.297247 -0.064740 0.067580 -0.288201 -0.273896 -0.298089
-0.264640 0.170081 0.221936 0.094402 0.071051 0.066002 -0.276000 0.121486 -0.367299 -0.030109
-0.128428 -0.094980 -0.328011 0.158243 -0.263926 -0.379447 0.168081 0.323795 -0.061414 0.497216
-0.433132 -0.138147 0.099991 -0.248889 -0.183680 -0.337005 0.037874 -0.063101 -0.057163 -0.176513
0.104629 -0.213052 0.296250 0.093105 -0.353026 0.174124 0.020413 -0.609364 -0.110602 0.214879
-0.282899 0.139693 0.207853 -0.015942 -0.067809 -0.065384 -0.272921 0.189302 -0.238068 0.069109
0.028827 -0.285569 -0.281774 0.170892 -0.380009 0.239754 -0.339254 -0.320703 0.168924 -0.072727
-0.190286 -0.140395 -0.061836 -0.297374 0.141520 0.031164 0.139060 -0.247624 0.028002 0.047080
0.059939 0.173281 -0.092754 -0.074484 0.165270 0.112358 -0.121313 -0.134348 -0.154139 0.172121
0.034467 -0.192293 -0.148335 -0.253282 -0.082255 -0.172883 0.029163 -0.001482 -0.152236 -0.066603
0.007594 -0.069172 0.103044 -0.147764 -0.255565 -0.186298 0.003372 -0.206850 -0.308467 -0.087868
-0.057374 -0.262416 0.242055 0.154614 0.029757 0.239581 -0.092911 0.242055 0.037464 -0.110751
0.088344 -0.195432 0.021313 0.170789 -0.245860 0.132160 -0.219219 0.099143 0.129210 -0.031732
-0.254233 0.121693 0.073596 -0.164414 0.108563 -0.285442 0.008242 -0.127688 0.104281 -0.149762
0.173263 0.012500 -0.282968 0.162892 -0.287535 0.004386 -0.135775 0.142245 -0.265841 0.116175
-0.249015 -0.069504 -0.208721 -0.264770 -0.033968 0.384537 0.015999 -0.234654 -0.021210 0.405172
0.144724 0.293910 0.179720 -0.214437 0.014683 0.065739 0.257659 -0.377566 0.341873 -0.338247
-0.125902 -0.006841 0.187249 0.029576 0.155181 0.062672 -0.115514 -0.198264 0.041200 -0.062289
0.428038 -0.032260 0.255568 -0.002468 0.198543 0.146258 -0.006697 0.063892 -0.238697 0.359998
0.074384 0.241068 0.050507 -0.079891 -0.312314 0.202028 -0.324863 -0.224058 -0.133570 0.055213
-0.002143 0.121928 0.244693 -0.260169 0.207048 -0.382585 0.233399 -0.109937 0.147373 -0.342988
0.248039 -0.123531 -0.061940 0.319007 0.072308 -0.238976 -0.014612 -0.146017 -0.297210 -0.057372
0.319857 0.204143 0.138684 -0.409796 0.381111 0.042355 0.107248 0.314465 0.334523 -0.255368
0.201339 -0.134909 -0.094361 0.044619 0.071822 0.349621 0.123155 0.214604 0.008776 -0.379170
0.226898 -0.089508 0.162732 -0.039416 0.269819 0.032757 -0.289661 0.206408 0.017012 -0.037556
0.015731 0.201232 0.211045 0.183654 -0.034482 0.184732 -0.155183 0.354797 -0.006807 0.016230
0.074842 -0.177722 -0.103635 -0.197781 0.097650 0.362778 0.380464 0.097812 0.085518 -0.298504
0.278446 0.117978 -0.029872 -0.162085 0.244152 -0.412169 -0.035884 0.145370 -0.211736 -0.142292
0.075707 -0.117987 0.263206 -0.081426 -0.108932 0.044560 0.527229 0.194034 -0.101647 0.017463
-0.139705 0.005259 0.177558 0.031862 0.194034 -0.111859 -0.201387 -0.145832 -0.019727 0.302285
-0.168435 -0.189949 -0.143926 0.632348 0.074482 0.083537 -0.325161 0.228212 0.273691 -0.214731
-0.086464 -0.188996 -0.001653 -0.030654 -0.071963 0.033905 0.046875 -0.131126 0.002249 -0.050040
-0.159857 -0.085784 0.218135 -0.059027 -0.077886 0.031199 -0.149236 0.013863 -0.195941 -0.344768
0.134803 0.073937 -0.134258 -0.139977 0.261980 0.096336 -0.189677 0.048951 -0.077001 0.121663
-0.085988 -0.184231 -0.158524 0.083834 0.118954 -0.174142 0.167506 0.159576 -0.074771 -0.108029
-0.237746 -0.011956 -0.026461 0.005321 0.039692 0.062147 0.125023 0.006529 0.032449 -0.007237
-0.039631 0.126156 -0.128179 0.100585 0.289859 0.170581 -0.079060 -0.082377 0.007784 -0.180454
0.201169 0.109810 -0.142340 0.073881 -0.281281 0.268172 0.154802 0.183852 -0.223989 -0.146952
0.055148 0.177217 -0.200846 -0.091360 0.102041 -0.150918 -0.199713 0.072465 -0.145010 -0.111266
-0.164350 -0.208776 0.171229 0.077401 0.215088 -0.120572 0.166535 -0.169934 -0.096620 0.018905
-0.254254 -0.095163 -0.212660 -0.045275 -0.089741 0.021869 -0.126455 0.196335 -0.081045 0.035345
0.238101 0.227804 -0.155148 0.025236 0.011490 -0.290627 -0.190782 -0.246894 0.005980 -0.104762
0.239490 -0.129000 0.207326 -0.050906 -0.059236 -0.284148 -0.231969 0.064847 0.012900 0.044630
0.420900 -0.175626 0.326724 -0.125067 0.153875 0.297337 0.040349 0.077863 0.395678 0.157693
-0.013139 -0.094986 0.049691 0.033986 -0.036791 0.133165 -0.103837 -0.098399 -0.142421 0.184534
0.221788 -0.188931 0.132471 0.248745 0.282991 0.049344 0.245737 -0.052526 0.028345 -0.003053
0.198996 -0.085672 0.223408 -0.128885 -0.244812 0.076995 -0.216929 -0.275355 0.059091 0.114423
-0.061478 0.205496 -0.132374 0.198304 0.203099 0.059936 -0.075691 0.197619 0.478122 0.160715
-0.082156 -0.128350 0.126466 -0.023611 0.118332 0.066786 0.046023 0.048420 0.231355 0.018473
0.052059 0.070425 -0.164397 -0.040971 -0.204811 0.174329 0.081813 -0.102491 -0.195050 -0.115934
0.279304 0.070383 0.006363 -0.105831 0.091788 0.071025 -0.296771 0.192482 0.137939 0.230327
0.157376 -0.046494 -0.157119 -0.198647 -0.346433 -0.088963 0.124325 0.168250 -0.226560 0.184091
0.061349 0.012287 0.072566 -0.091703 0.042555 -0.016793 0.080101 0.012019 -0.043197 0.058524
0.011420 0.067814 0.045637 0.172617 -0.097700 0.217697 -0.041389 0.008844 -0.116924 -0.065748
-0.067811 -0.375000 0.392557 -0.495436 -0.207865 -0.092609 -0.006704 0.020113 -0.304425 -0.251756
0.301264 0.432234 0.240169 0.735956 -0.159323 -0.301440 0.017951 0.108322 -0.307585 -0.324087
-0.054863 -0.113676 -0.285113 0.054117 -0.113413 0.056092 -0.028178 -0.036517 0.079661 -0.062851
0.150808 0.163799 -0.038404 -0.297051 -0.331988 -0.194874 -0.019114 -0.027870 0.048411 0.315660
-0.281075 -0.425562 0.145453 0.029319 0.195049 -0.096296 -0.122191 -0.122103 0.161605 -0.166872
0.153178 -0.226826 0.790029 -0.111745 0.108234 -0.310043 0.021594 0.115169 0.118120 -0.144943
-0.209124 -0.354652 0.096807 -0.121631 0.134409 -0.205027 -0.158989 -0.101733 -0.177131 -0.006730
0.157721 -0.090858 0.099977 0.012668 0.118705 0.158696 0.167572 0.424880 -0.179179 -0.149235
-0.041088 0.109146 -0.079982 -0.216732 -0.154697 -0.268427 -0.356212 0.037016 -0.076080 -0.302956
-0.336900 -0.329682 -0.197126 0.065741 0.071399 0.174205 -0.180350 0.083688 -0.309589 -0.342557
0.253601 -0.190494 -0.007657 0.101831 -0.060913 -0.026189 0.237605 0.074374 0.229217 0.555972
-0.363821 0.155575 0.204832 -0.132946 0.171669 0.071399 0.003999 -0.356798 -0.337485 -0.216732
-0.389376 -0.143577 0.351452 -0.343907 -0.168761 -0.345358 0.161361 0.274545 -0.301535 -0.025630
-0.393244 0.080825 -0.062505 -0.292684 0.328525 0.134225 0.386859 -0.248571 0.399048 0.230432
0.362481 0.250747 -0.104260 0.139304 0.340134 -0.228110 -0.329686 -0.073280 -0.312273 0.160780
0.344487 0.204748 0.163537 0.357257 0.100197 0.075819 -0.328525 -0.401370 0.032069 -0.248571
0.097730 0.095046 -0.129872 0.093087 -0.259164 0.272223 -0.115216 0.189512 -0.100415 -0.169341
0.063521 -0.256842 -0.112967 -0.157588 -0.301825 -0.282671 -0.163682 -0.063195 -0.305308 0.198798
-0.282961 0.082857 0.363061 -0.374960 0.057354 0.343907 0.098488 -0.048827 -0.286562 0.180933
-0.133914 0.292311 0.242975 -0.169433 0.047273 -0.066911 -0.185477 0.180469 -0.000115 -0.095242
-0.119076 0.093666 0.229991 -0.027775 -0.088843 -0.123713 -0.180005 0.070388 0.265232 -0.066401
0.931835 -0.270982 -0.000119 0.178150 -0.063062 -0.088612 -0.285634 -0.110915 0.635444 -0.217008
0.088241 0.145970 -0.162385 -0.237967 -0.220346 -0.065427 0.058564 -0.041848 -0.100621 0.000909
0.206436 -0.151906 -0.236668 0.180191 -0.112863 0.150422 -0.147176 0.022930 0.088148 -0.154038
0.143188 0.135398 0.041129 -0.154317 0.047482 0.229249 -0.138458 -0.291199 -0.162849 -0.077066
-0.329364 -0.196515 -0.181805 -0.217891 0.269375 0.165486 -0.149627 0.172267 0.178473 -0.409579
-0.245242 0.238346 -0.256274 0.299255 -0.185598 0.044848 0.162039 0.386135 0.216741 0.456697
0.131355 -0.232945 0.285234 -0.153075 -0.225590 -0.296037 0.015026 -0.307299 -0.250528 0.060276
0.291900 -0.260641 0.054243 -0.142502 -0.346602 -0.159625 0.044532 -0.190654 -0.036804 0.178473
-0.081422 -0.263399 -0.215707 0.401764 -0.114232 0.171347 -0.399696 -0.144341 -0.026202 0.042463
-0.036832 -0.007772 -0.193412 0.108543 0.166406 -0.185368 -0.172267 -0.178358 0.524960 0.095442
0.045078 -0.290061 -0.051025 0.070619 0.161050 0.047992 -0.043925 -0.245313 0.083505 -0.229147
0.315633 -0.054357 -0.199645 0.125384 0.091588 -0.053599 -0.088810 0.079919 0.020308 0.035185
-0.148117 -0.244706 -0.141954 -0.144985 -0.040793 0.025170 0.178023 -0.059206 -0.124677 -0.267136
0.009137 0.096337 -0.162161 -0.078302 0.174689 0.003063 0.104571 0.097751 0.078504 0.223691
-0.220054 -0.154179 -0.205404 -0.220458 0.497900 -0.118514 -0.011360 -0.017441 -0.054155 0.046880
-0.046703 -0.089062 -0.021937 -0.271986 -0.183479 -0.273400 0.116089 -0.209546 0.003131 -0.103662
-0.214194 -0.122050 -0.120636 -0.244504 -0.023175 -0.243494 0.463952 -0.216821 -0.263511 0.050049
0.057767 0.083668 0.222069 0.146511 0.065982 0.008608 -0.528696 0.223325 -0.161058 -0.130395
0.196430 -0.129348 -0.012637 -0.012918 0.240906 0.237976 -0.237976 -0.278371 0.071634 -0.142430
0.163988 -0.088535 -0.274813 -0.188895 0.211185 -0.150697 0.044660 0.262046 -0.131232 -0.247604
-0.274185 0.129767 0.155093 0.079796 0.208255 0.220604 -0.167546 -0.129872 -0.240697 0.154046
-0.210139 0.073988 -0.215790 0.093820 0.111349 -0.022029 -0.298674 -0.265395 -0.108628 -0.083982
-0.019151 0.193395 0.124535 0.022291 0.176337 -0.088482 0.058291 -0.025404 -0.230232 -0.061011
-0.270209 0.091936 -0.207474 -0.074565 -0.171579 0.221659 0.306894 -0.015989 0.292092 0.258541
-0.211051 0.254100 -0.058930 0.309608 -0.252497 -0.058159 0.235721 -0.180707 0.056679 -0.003278
0.267175 0.211545 0.212161 -0.291105 -0.085851 0.250030 -0.058437 -0.258047 0.276550 0.317749
0.114715 0.249783 0.180707 -0.302700 0.239668 0.137041 0.150363 -0.136301 0.007578 -0.030945
-0.179350 0.071296 -0.373996 0.216725 -0.237201 -0.013915 -0.041168 0.090477 0.049957 0.152337
0.302207 0.222523 0.019551 -0.122054 -0.285678 -0.155421 -0.053010 -0.245342 0.019366 0.206117
0.285924 -0.150240 0.213148 0.206364 -0.096768 -0.042617 -0.335610 -0.199140 -0.314134 -0.143010
0.211831 0.199335 0.021281 0.033263 -0.375243 0.037266 -0.280163 -0.012416 0.054324 -0.054471
-0.190452 0.142717 0.128953 -0.112553 0.144865 -0.337367 -0.030603 -0.328191 -0.318429 0.134322
0.546659 -0.230378 0.256735 -0.252635 -0.105427 0.119289 0.131979 -0.030262 0.350838 -0.060474
0.211440 0.134713 -0.272354 0.150527 -0.402185 0.245411 -0.012580 0.025478 -0.278796 0.047393
0.031457 -0.098740 0.007852 0.018682 0.012580 -0.329558 0.099863 -0.167122 -0.161069 -0.097667
0.071017 -0.227840 -0.305934 -0.012800 -0.165267 -0.298906 0.025332 -0.051005 -0.301444 -0.167903
-0.310331 -0.305420 -0.146630 0.107283 0.070275 -0.014653 -0.292558 0.198312 -0.445969 0.345176
0.257011 -0.205913 -0.022348 -0.023664 -0.032009 0.245318 0.064311 0.144291 0.191647 -0.276187
0.095414 -0.022933 0.169431 0.180539 0.096408 -0.090153 -0.008295 0.014309 -0.295130 0.096525
0.116813 0.080272 0.002010 0.152359 -0.120203 0.300041 0.161830 0.307758 -0.208134 -0.280631
0.229416 -0.070742 0.270809 -0.304484 0.226609 0.011839 -0.003808 0.045661 0.158673 -0.292090
-0.290921 0.288114 -0.316645 0.148383 -0.144525 0.296767 -0.284372 0.291622 0.227194 -0.106932
-0.038938 0.270107 0.123361 0.072438 -0.101614 0.307446 -0.324438 -0.143868 0.100537 -0.068705
0.056018 -0.442025 0.219880 -0.040357 -0.238118 -0.056754 0.105692 -0.321946 -0.003883 0.165278
0.305634 0.142735 0.261001 0.794330 -0.279579 -0.315149 -0.181477 -0.006609 0.432736 -0.436134
0.061002 -0.076578 -0.026295 -0.154516 -0.212969 -0.210590 0.240383 -0.005799 0.051033 0.068762
0.078447 -0.090059 -0.010818 0.023548 -0.311977 0.012525 -0.009027 -0.095610 -0.136618 0.187821
0.156102 -0.187708 -0.086264 0.153043 -0.029566 -0.191899 -0.174227 -0.306766 0.424353 -0.130953
-0.092891 -0.091248 0.021226 0.090285 0.182383 -0.643439 -0.101670 0.073803 0.109617 -0.396469
-0.360113 -0.029990 0.223778 0.154591 0.056375 -0.187422 -0.115180 -0.166580 0.226285 -0.065817
-0.043760 0.155218 -0.072751 0.312317 -0.021077 0.247284 -0.207167 0.323443 -0.187108 0.019608
-0.315451 -0.027130 0.015524 -0.144327 -0.358859 -0.078158 -0.140174 -0.377664 0.336920 0.008550
-0.377664 0.352904 -0.118157 -0.143152 -0.382052 0.433452 -0.471688 0.167990 0.083368 -0.001066
-0.013771 0.272357 -0.234904 -0.368888 0.094964 0.223778 0.083760 0.019441 -0.070597 0.393335
-0.044661 -0.017306 0.217979 0.327204 -0.083603 -0.236157 -0.179273 0.265305 0.297900 -0.060136
-0.305892 0.202152 -0.239043 0.157051 0.206692 0.177848 -0.030856 0.156971 -0.143027 -0.074223
0.305019 0.334022 -0.155139 -0.272349 -0.295935 0.082470 0.201911 -0.226613 0.088366 0.187250
-0.008576 0.174501 -0.107330 -0.084780 0.054183 0.041275 -0.065020 0.495297 -0.151394 -0.264222
-0.408922 0.269800 0.197131 -0.247967 -0.168445 -0.048207 -0.044980 -0.000484 -0.047091 -0.146693
-0.196971 0.136573 0.080597 -0.152270 0.057569 -0.173704 -0.172908 -0.255138 -0.183107 0.151075
-0.001601 0.022908 -0.107091 0.053904 0.129800 0.008297 -0.170358 -0.206692 -0.103107 -0.075139
-0.187569 0.027131 0.141434 0.268365 -0.264859 -0.199362 0.202071 0.136299 -0.172120 -0.223017
0.227065 0.068049 -0.287979 -0.197113 0.012427 -0.083884 0.029774 -0.021831 0.073310 -0.292229
-0.130228 0.029673 -0.133871 -0.255397 -0.238397 -0.057677 -0.115050 -0.242040 -0.093750 0.055957
-0.330478 -0.327847 0.190435 0.047381 -0.312871 -0.112824 0.242040 -0.015469 -0.270575 0.191447
-0.253576 0.034733 0.184161 -0.308014 -0.173435 -0.169995 -0.161090 -0.303360 0.242040 0.310038
-0.206422 -0.291824 -0.099923 -0.044851 0.213708 -0.165138 0.077257 0.344442 0.067947 0.160180
0.076093 0.254790 0.246088 -0.063242 0.177179 0.188917 -0.278265 -0.002681 -0.114443 -0.260659
-0.049551 0.133673 0.275837 0.064350 0.058315 -0.262737 0.101650 0.115175 0.351528 0.075267
-0.271228 -0.015784 -0.003103 0.257885 -0.221131 -0.340854 -0.308831 0.305434 -0.196870 0.097222
0.045184 0.250607 -0.314653 -0.027596 0.193110 -0.142528 0.123969 -0.286026 -0.130640 -0.135371
0.277535 -0.189714 -0.059649 -0.087397 0.263464 -0.079027 -0.264192 0.178312 -0.072902 -0.188016
-0.290636 0.242358 0.020636 0.021652 -0.180616 0.081453 -0.183042 -0.042243 -0.337700 -0.289180
-0.131368 0.060468 -0.245633 -0.171033 0.258612 0.130640 0.318777 -0.269287 -0.321689 0.052099
0.203906 -0.174187 0.244905 -0.253033 -0.126531 0.010636 -0.103369 0.111197 0.149156 -0.016701
0.360934 -0.164597 -0.147011 0.051014 0.105299 -0.101653 0.045197 -0.079403 -0.108623 -0.290806
0.221750 -0.171352 0.099348 -0.099348 0.090448 0.065463 -0.064552 0.313109 0.685838 -0.051711
0.157520 -0.146368 0.128997 0.258422 0.021124 -0.069377 0.374873 0.261425 0.205451 -0.137575
0.146261 -0.024810 -0.118059 0.043026 0.485534 0.242338 -0.139720 -0.122670 -0.168672 -0.228184
-0.174569 -0.083907 0.251131 -0.290806 0.166527 0.405327 0.112591 -0.238692 0.093504 -0.219820
0.161809 -0.079457 0.031606 -0.301529 -0.102511 0.053990 0.333483 0.152266 0.145974 -0.355002
-0.064903 0.080609 0.085170 0.160294 -0.361931 0.094987 -0.142278 -0.275779 -0.189858 -0.130152
-0.282477 0.125879 -0.171496 -0.346918 0.058782 -0.078819 -0.371863 -0.157291 0.095737 -0.354309
-0.090541 0.098451 -0.247601 -0.387107 0.146089 0.025955 -0.202099 -0.208220 -0.115947 0.162950
0.083149 -0.427296 -0.298645 -0.124493 0.007164 0.071428 0.074661 0.013801 -0.022245 -0.146897
-0.268388 0.268388 -0.260535 0.092157 0.178425 -0.024093 -0.235821 -0.271622 -0.069522 0.059417
0.054076 -0.359853 0.044577 0.084997 0.197365 0.016413 -0.314120 0.110981 0.191013 -0.042758
0.050034 0.083438 0.195270 0.033185 -0.200955 0.064237 -0.037022 -0.091311 0.126912 0.135510
0.226536 0.112629 0.020945 0.087332 -0.167700 -0.234637 0.166989 -0.042209 0.225826 -0.177079
0.032954 0.066831 -0.100549 0.043168 -0.085982 -0.164857 0.017854 0.554830 -0.219288 -0.278268
-0.247144 0.230516 0.084063 -0.232363 -0.091808 -0.078520 -0.120872 0.251834 -0.187170 -0.175800
-0.045300 0.141337 -0.197544 -0.198255 -0.213177 0.236343 0.048676 -0.017116 0.106944 -0.014283
-0.272156 0.104244 -0.134089 -0.247996 0.134941 0.156899 0.040504 -0.137499 -0.099199 0.135368
-0.314366 0.097991 0.123145 0.117319 -0.041925 -0.044270 0.005228 0.171831 -0.184141 -0.014843
-0.202778 -0.081000 0.081470 -0.109254 0.211498 -0.172857 0.206539 0.204830 -0.011092 0.270484
0.120966 -0.059585 -0.036931 0.038085 -0.007512 0.314938 0.174738 0.215772 0.183799 0.179354
0.645606 -0.016157 0.001373 0.224834 0.220730 -0.120538 -0.410001 -0.073434 0.485231 0.126266
-0.050994 -0.012342 -0.038341 -0.177131 -0.171233 -0.025924 0.159093 0.057149 -0.118572 -0.128745
0.237999 -0.032742 -0.377174 0.085189 0.275443 -0.183970 0.306902 0.317332 0.055311 -0.094208
0.089335 -0.026672 -0.102928 -0.399742 0.354263 -0.095234 0.166787 -0.046335 0.005207 -0.148749
0.175520 0.012491 0.267281 -0.057146 -0.417330 0.357572 0.450312 -0.426800 -0.111925 -0.149233
-0.139518 0.282139 -0.114456 -0.122619 -0.290629 -0.335366 -0.404922 -0.183684 -0.076780 -0.127926
-0.189399 0.360184 -0.044492 -0.261730 -0.189235 -0.309242 -0.255852 0.098781 0.396431 0.245402
-0.404595 0.313977 -0.168173 -0.294874 -0.128824 -0.402962 0.150866 -0.227605 0.199848 -0.261403
-0.107598 -0.072902 -0.337652 0.285078 0.279037 0.089475 0.050248 0.337652 -0.042166 0.298466
0.218462 -0.210625 -0.046248 -0.156662 -0.186623 -0.098536 0.309569 -0.310385 0.308100 -0.127191
-0.287037 -0.376838 -0.161152 0.219931 -0.057396 0.077382 0.094597 0.139156 -0.104605 0.000795
0.211474 -0.133080 -0.270925 0.103116 -0.155359 0.292132 0.034908 -0.017499 0.101805 -0.177638
-0.138679 -0.243403 0.019673 -0.114553 0.012443 0.095610 -0.068089 -0.221362 -0.195509 0.009174
0.184667 -0.259964 0.144517 0.049354 0.009740 0.038036 -0.395545 0.405077 0.172277 -0.325491
0.396499 -0.115149 0.152976 0.098112 -0.183714 -0.028787 0.214452 0.012584 0.215167 -0.254245
0.246382 -0.094895 -0.160124 0.098469 0.075475 -0.271401 -0.013478 -0.162269 0.277358 0.182880
-0.190624 0.373624 0.153453 -0.032287 -0.097338 0.014126 -0.236136 0.117055 -0.087149 -0.024925
-0.065506 -0.215023 0.134341 -0.082539 -0.061920 0.117116 0.492030 0.272268 -0.169431 -0.199015
-0.110521 -0.173914 0.153935 -0.077480 -0.001841 -0.093104 0.106871 -0.069092 -0.134213 -0.051515
-0.056285 -0.025581 -0.367550 0.619327 -0.281233 -0.054620 -0.283538 0.027662 0.223219 -0.198887
-0.046776 -0.158802 0.111738 0.052123 -0.085676 -0.095409 -0.231671 -0.014696 -0.239740 0.131268
-0.213102 0.019962 -0.073446 -0.111674 0.158162 0.040789 -0.162004 -0.163540 -0.286612 0.044855
-0.196966 0.064994 -0.082282 -0.294808 -0.064193 0.031968 -0.051707 0.014015 0.111225 0.179805
-0.005815 -0.055869 -0.316038 -0.157176 -0.418104 -0.341344 0.252353 0.222267 0.333471 0.284547
-0.349217 0.039188 0.164064 0.189511 -0.327848 0.225923 0.031439 0.180935 0.198930 -0.057746
0.189229 0.247432 -0.089483 -0.141992 0.323630 0.221705 -0.157738 0.101293 0.288484 0.161674
0.268661 0.169407 -0.061296 0.056727 -0.275690 -0.197665 0.229156 -0.131378 0.228875 0.155348
0.229859 0.244339 -0.210599 0.200476 -0.337408 0.276252 -0.142695 -0.163783 -0.014709 0.174890
0.076409 -0.133206 0.374241 -0.082103 0.267536 0.036904 0.254883 -0.121256 -0.107057 0.238013
0.097145 0.077041 -0.043547 -0.065267 -0.141500 0.296638 -0.028912 -0.067656 0.088853 0.157794
0.121208 -0.070228 -0.066743 0.061683 0.408839 0.197948 0.041606 -0.186499 0.055834 -0.165261
0.214541 -0.011750 0.155886 0.057659 0.198280 -0.053594 -0.186002 0.124195 0.061392 0.091093
-0.219021 0.430741 0.079229 -0.227317 -0.217361 -0.003645 -0.046874 -0.161362 0.267803 0.121623
0.097149 0.176046 -0.031235 -0.013398 -0.217693 0.231465 0.090429 0.134399 -0.040569 -0.024681
-0.130334 0.186002 -0.140372 0.141700 0.153066 0.044717 -0.225492 -0.316419 -0.098559 0.002795
0.196787 0.102956 0.070103 0.192971 -0.185338 0.172230 0.030136 -0.142281 -0.230967 0.054174
-0.046627 0.313336 0.189534 0.215948 0.199918 0.014013 0.010813 0.223005 0.192660 0.206673
-0.024133 -0.276639 0.229054 0.075461 0.094112 -0.028455 -0.048089 -0.262928 -0.034555 -0.322007
0.251435 0.218569 0.162516 -0.121786 -0.082216 0.186913 0.003248 0.092297 -0.010107 0.333701
0.060590 -0.054743 -0.294988 -0.184191 -0.151325 0.042771 0.091793 -0.040100 -0.136102 0.243975
0.021940 -0.042620 -0.350840 0.006219 0.175924 0.016836 0.201027 -0.146889 -0.340758 0.151426
-0.388142 0.161507 0.227038 0.067396 -0.125314 0.077477 -0.189938 0.007813 0.087811 -0.152232
-0.178747 0.058020 -0.146587 0.036924 -0.315090 0.309929 -0.216532 0.150663 0.073918 0.225749
0.065009 -0.054072 -0.317794 -0.178559 0.202646 -0.259544 -0.337210 0.246026 0.148820 -0.274291
-0.136285 0.078527 -0.048787 -0.048941 -0.205226 0.222431 -0.142061 -0.006433 0.062213 -0.077974
-0.141446 -0.216287 0.130141 0.105132 0.030799 -0.186424 0.069064 -0.159266 -0.258806 0.168728
0.136900 0.228698 -0.145502 -0.212231 -0.254628 0.232262 -0.279944 -0.212969 0.027020 -0.057758
-0.068204 0.210879 0.147099 -0.099049 0.006148 -0.276748 -0.179174 -0.257086 -0.116561 0.208422
-0.096960 -0.021229 -0.060554 0.273553 -0.171677 -0.178682 0.290021 -0.189374 -0.185370 0.054455
-0.263538 0.320554 -0.170262 -0.021480 -0.356814 -0.233847 0.303213 0.294542 0.115019 -0.063750
-0.206653 0.015929 0.049594 -0.046507 0.225308 0.026965 0.049561 -0.209411 0.039708 -0.143724
-0.326072 -0.035373 -0.197194 -0.074227 -0.299272 0.237788 -0.063388 0.336319 -0.066935 -0.030791
0.153577 -0.180903 0.248692 0.130455 0.001169 0.172889 -0.026718 0.129667 -0.124740 0.341574
-0.281142 0.150818 -0.135710 0.310570 -0.196537 -0.197588 0.281142 0.170787 0.224914 0.253291
-0.086445 -0.246590 -0.325284 0.228329 0.331327 -0.263801 -0.118303 -0.098531 0.028098 0.372053
0.108253 -0.321606 -0.220576 -0.164633 -0.075100 0.277667 0.167571 0.202695 0.159908 -0.113225
-0.125231 0.154927 0.114056 0.298869 0.290950 0.345360 0.127275 0.268982 0.007775 -0.080912
-0.079379 -0.296059 0.255444 -0.350469 -0.223258 0.325946 -0.144070 0.225429 -0.036273 0.069736
0.000986 -0.275624 -0.123762 0.203716 0.296570 0.146241 0.063797 -0.272558 -0.061977 0.212785
0.314962 0.101411 -0.117185 -0.043234 0.095280 -0.125551 -0.171403 -0.324669 -0.273836 0.152117
-0.139728 -0.080209 0.291206 0.276901 -0.080656 0.281499 0.315217 -0.079315 0.049812 -0.202311
0.196436 -0.004546 -0.062711 0.059806 -0.203078 0.029679 
