0.585285 1.389876 0.218486 0.357075 0.123125 0.305295 0.079135 -0.307872 -0.081244 -0.171356
-0.061558 -0.162831 -0.032644 -0.682323 0.040877 0.364215 0.450620 0.250689 -0.197940 -0.646513
-0.091570 0.820969 -0.059649 0.466532 0.139131 -0.361148 -0.141203 -0.166348 0.498080 0.495975
0.112945 0.268682 0.478086 0.288676 0.314457 0.326383 -0.734501 0.673988 1.494042 -1.590028
3.132759 1.431442 -0.647557 0.496275 -2.371826 0.015683 1.505131 -0.522602 -0.164062 0.842892
-0.504168 -0.573757 -0.474674 0.670535 0.062042 0.098454 0.078055 0.386205 0.101889 0.391489
0.414108 0.045765 0.077579 0.402784 1.532109 -0.333142 -0.010519 0.631711 -0.153236 -0.189414
-0.725554 -0.276590 0.283786 0.184486 -2.078045 0.605206 0.734894 -2.888717 0.710990 -0.844746
-0.313283 -0.454298 -1.366712 -0.763951 0.201274 0.521743 0.060499 -0.371159 -0.581977 -1.186860
0.042989 -0.019045 -0.112957 0.426268 -0.019400 -0.792898 -0.018832 -0.120979 -0.272204 0.250402
-0.073109 -0.061202 0.197904 0.686622 0.303261 0.894810 1.327061 0.244810 0.778789 -0.533097
-0.728367 -0.879633 -0.223346 -0.833336 -0.748994 -1.470486 -1.540160 3.159947 -1.241916 -2.088839
2.666502 2.524162 -2.652268 -2.875267 2.901362 1.247847 0.015365 0.605209 -0.127241 0.575845
0.912217 0.696235 0.153178 1.214332 -0.355947 0.324919 0.222973 0.378807 0.703903 0.739946
0.530047 0.124473 0.163166 0.046202 0.329206 0.724832 0.216292 0.042109 -0.015828 -0.046281
-0.504113 0.657731 0.963264 -0.046620 0.735199 0.513233 0.565795 1.450310 0.206063 -0.032642
-0.820905 0.194848 -5.027288 -2.753478 -2.686601 -0.304116 1.082712 -2.221923 6.226458 4.865861
4.344684 0.397501 0.778891 -0.282103 0.563505 2.581828 0.254435 0.637752 2.095721 -0.040954
-0.801199 -0.831914 0.295075 -0.362646 -0.276208 -1.055688 -0.881934 0.007823 -1.057443 -0.252452
1.276995 -0.305752 0.009167 0.328614 -0.571287 -0.013471 0.856104 -0.014831 0.139544 0.032195
0.000192 -0.006457 -1.056084 0.502573 -0.069548 -0.283392 0.417196 -0.178548 0.285677 -0.136473
-0.610192 -1.872866 -0.063328 -0.395287 -2.742843 0.182648 0.260606 0.357626 0.330217 -0.016451
-0.627368 0.175767 -0.216120 -0.030591 0.006866 -0.045707 -0.154079 -0.464674 -0.566419 -0.528996
-0.838908 0.329794 -0.495860 -0.987822 0.588658 0.327848 0.735945 0.248577 -1.221356 0.051563
0.383386 0.672333 0.522110 1.158228 1.901828 0.324316 -0.336730 1.441268 1.081882 -1.166918
0.913672 2.035899 0.001074 0.152285 1.028189 1.561948 -0.149125 0.575898 1.208918 0.721511
0.437074 0.399793 -0.208452 0.207286 -0.912368 -0.101698 1.241381 -0.202036 0.089010 -0.055127
0.206194 0.644914 0.291918 -0.077428 0.221584 0.061017 -0.017223 0.656456 0.377041 0.503403
0.622002 1.173505 1.197739 -0.327707 0.372136 0.533512 0.033689 0.576104 -0.082623 0.523177
-0.004859 -0.483337 0.765723 -0.117953 -0.471310 0.328239 -0.017195 0.105503 0.131536 -0.040909
0.255438 0.244281 -0.804874 0.258570 0.217660 -0.493651 -0.127646 -0.043775 -0.303146 -0.615102
-0.788099 -0.752859 0.013365 -0.652344 -0.495765 -0.064059 1.880275 0.322574 0.433822 1.670545
0.299777 0.053829 -0.035477 -0.207108 0.660091 0.499828 0.264302 0.508682 0.293964 0.048644
0.298613 -0.061870 0.044189 -0.003807 -0.228311 -0.108474 -0.278416 -0.361923 -1.925665 -0.199901
-0.266880 0.014969 0.114660 -0.166252 -0.100063 0.129926 -0.566058 0.172938 0.223081 -0.191992
-0.348327 -0.010640 0.031371 0.002868 -0.001112 -0.119304 -0.288695 -0.028331 -0.009761 -0.047721
-0.216160 0.751685 -0.051267 0.240869 -0.220026 0.547292 1.558503 0.489133 0.381558 -0.090193
0.456814 -0.078429 0.764475 0.105053 1.191018 0.878954 1.119469 0.724297 -0.284109 0.674736
-1.254951 0.257752 0.953210 0.311193 0.094612 -0.295015 0.011895 -1.601740 0.019342 0.284403
-0.668442 2.560261 2.318108 -1.113020 0.823572 1.363370 -0.008169 0.380397 -0.080358 -0.540688
0.509609 0.263958 -0.045155 0.860843 -0.074717 0.865513 0.800466 0.220970 1.068308 0.252154
0.195334 1.034636 0.864748 0.037833 -0.789929 0.302762 0.501795 0.377455 3.402634 1.586950
1.649896 1.047032 -0.707035 0.331887 0.149774 0.384780 0.934545 -0.076737 0.343123 0.610606
0.216918 0.309414 -0.103286 0.523101 0.059349 0.103919 0.279953 0.174137 -0.055985 -0.090576
-0.016778 0.310920 -0.139194 0.161967 0.197056 -2.277294 -0.334623 0.004252 -0.471725 -0.007008
0.260076 0.205018 0.712275 0.078747 -0.552027 1.235614 0.889619 0.287025 0.576369 0.206123
0.260623 -0.018158 0.167846 0.504281 0.071465 0.050444 -1.336832 -0.024162 0.112641 0.129173
0.216097 0.514855 0.356095 0.451613 0.148657 0.397556 0.358194 0.223863 0.416483 0.697673
0.415623 -0.279041 0.179148 -0.642066 0.473237 -0.080688 0.150737 0.130899 0.045033 -0.268894
1.729492 0.180131 -0.097957 0.426291 0.111786 0.164865 3.014678 0.044782 -0.380940 -1.546232
0.010162 -0.187121 -0.072115 0.113331 0.089329 0.524459 0.206586 -0.027689 -0.563260 0.019427
0.166825 -0.070088 0.199870 0.598962 -0.097498 -0.465419 -0.603908 -0.416207 -0.946171 -1.070316
-0.483225 -0.202910 0.019805 -0.268984 -0.027285 0.046980 0.380558 0.150631 -0.004868 0.326319
0.035042 0.584728 0.078662 -0.464305 0.144997 1.415989 0.500969 -0.800919 1.003203 0.548696
-0.405912 0.310099 0.389582 0.330761 1.351705 -0.092646 -0.130888 0.202623 -0.082190 0.351713
-0.075031 0.672386 0.545166 0.004457 -0.447019 0.232362 0.126564 -0.242417 -0.417680 -0.645897
-0.732632 -1.305328 -1.604286 -1.265959 -0.614218 -1.504633 -0.962080 0.454606 0.245203 0.221055
0.531612 0.593419 0.772087 0.389758 0.801133 0.711968 -0.633908 0.500524 -0.546026 -0.168068
1.804028 0.237994 -0.517922 0.746325 -0.620079 -0.154395 0.193228 0.117980 -1.160304 -0.858375
1.291306 -0.015323 -0.329377 -0.321579 -0.051118 0.300915 -0.220231 -0.849673 -0.812497 0.586204
0.582433 -0.991914 0.071255 0.668334 0.105163 -0.465344 -0.036504 0.281628 0.333997 0.158043
3.730937 0.700745 -0.045447 0.433527 0.009290 -0.266876 0.788752 -0.429612 -0.627452 -0.855569
-0.775702 0.001941 0.078122 -0.032368 -0.614265 -0.802742 -0.705933 -0.521739 -0.428572 -0.102752
-0.155349 -0.279962 -0.329306 -0.166326 -0.350423 -0.670320 0.440329 0.705864 0.553234 -0.297847
-0.163485 -0.217817 -0.161772 -0.306168 -1.000491 -0.172051 -0.174254 -0.160916 0.262371 0.404221
-0.091196 -1.929957 2.369389 0.139737 0.235209 -0.946468 -0.305228 -1.696906 -1.667104 2.682176
0.021025 -5.895370 1.557830 7.809920 -2.024727 -2.516008 0.299164 0.183609 0.205761 0.183152
0.041221 -0.302590 -0.213640 -1.525509 -0.536212 0.237173 0.286693 0.595230 -0.313253 0.332614
0.631470 -0.022014 0.554522 0.655299 -0.026321 0.393860 -0.100085 1.034608 1.125315 0.662231
-0.688829 0.303835 0.345779 0.891058 0.247026 0.176447 0.143363 0.552280 1.847401 -0.143032
0.504198 0.327751 0.396646 0.301582 0.944084 -0.257959 -1.166993 0.230852 -0.355292 -0.849777
0.197945 -0.056471 -0.310618 -0.266784 -0.138111 0.901024 -0.390737 -0.114725 -0.098733 -0.374168
-0.091103 0.215775 0.152570 -0.187499 0.140700 0.059425 -0.120892 0.381349 0.246471 0.056545
0.716678 0.027329 0.232933 0.618154 0.641461 -0.102761 0.065153 0.071443 -0.062688 -0.109695
-0.176546 -0.010211 -0.379930 -0.383810 0.138957 -0.126347 -0.474023 0.690718 -0.794279 -0.734298
1.161194 0.975628 -1.099338 0.248359 0.253513 -0.673380 0.328480 -0.352652 0.061900 0.268517
0.736912 0.101333 0.419897 0.762942 0.399445 -0.148900 -0.828167 -0.097691 0.039923 0.723543
-0.055621 -0.111714 -0.316077 -0.311350 -0.184277 -0.002733 0.308213 0.484037 0.990442 0.456207
0.617466 0.346967 -0.475454 -0.056181 0.188372 0.074203 -0.542809 1.364873 -0.401324 -0.077352
-0.565117 0.423838 0.018870 -0.193638 -0.345268 -0.423891 0.274957 -0.254964 -0.533739 -0.172971
-0.092045 -0.089866 0.291234 -0.217270 -0.057322 0.731505 -0.019381 -0.070913 -0.518119 0.656801
0.201315 -0.615980 -0.281774 -0.088704 -0.572452 -0.516724 -0.233795 -0.305682 -0.243028 -0.035373
-0.068341 -0.027632 0.101760 -0.706657 0.052909 -0.002817 -0.113634 -0.039607 0.178656 -0.006676
-1.010093 -0.957621 0.331700 -1.333048 -0.628107 -1.021337 -0.813946 0.461364 0.403340 -0.666774
0.676074 2.371113 -1.103877 0.401116 -0.202378 -0.074299 -0.180876 0.488365 1.141606 0.422276
0.752027 0.912728 0.713069 0.033197 0.464712 0.054359 0.245695 0.335596 0.837740 0.581166
-0.040918 1.320378 -0.089713 0.048358 0.181948 0.081068 0.067395 -0.030689 -0.299965 0.121724
0.148281 0.668479 0.277601 0.269565 0.060461 0.259522 -0.194440 0.014726 0.896676 0.348908
0.002585 0.444321 -0.171103 -0.024690 -0.214440 -0.116630 -0.335990 -0.668873 -0.063495 0.113781
-0.362579 -0.023511 -0.119213 -0.171113 0.182431 -0.462556 -0.209088 0.295762 0.094343 -0.087865
0.017912 0.708885 0.097186 0.181734 -0.592141 0.028340 1.051894 1.024814 1.109663 0.450124
0.117961 -0.097427 1.612758 0.140305 -0.822357 1.223300 0.503800 -0.413675 -0.250025 0.943764
-0.248126 -0.188468 1.138086 0.823499 -0.507328 -0.111799 0.437385 -0.030114 -0.540270 -0.390865
-0.320911 0.757620 0.321093 -0.631959 1.699348 1.441450 -0.060760 -0.250797 -0.339223 0.068646
-0.848057 0.635009 0.049513 -0.036101 -0.342325 -0.125370 -0.132014 0.694151 0.670233 -0.037438
0.443278 0.005863 0.521410 1.777366 0.487956 0.511411 0.236857 0.503034 0.312669 0.624081
0.650468 0.678949 0.277904 -0.615932 0.541110 -0.438906 0.717323 3.335578 1.201502 -0.439177
0.171062 0.132770 0.672746 0.876456 1.088254 0.467495 0.656187 0.640013 -0.533344 -0.025536
0.285734 -0.024774 0.069941 -0.074747 0.082210 -0.004960 -0.011494 0.091316 0.676395 0.013659
-0.048338 0.711132 -0.607505 0.118185 1.460293 -0.829020 -0.686414 0.642681 -0.598948 0.712959
0.197815 -0.513083 1.784457 -0.108094 -0.037412 0.035116 2.832603 -0.562193 0.008757 -0.005886
-0.092728 0.026138 -0.228161 0.887464 0.007539 0.000748 -0.072396 -0.132965 0.384198 -0.130293
0.299821 0.572641 -0.233725 0.469700 0.342009 -0.213475 -0.031360 -0.866055 -0.390295 -0.270108
-0.231114 -0.300911 0.275450 -0.450121 0.024482 -0.041716 1.117611 -0.111242 -0.862231 0.480027
0.423757 -1.031907 0.226379 0.416615 -0.154442 0.647753 -0.055597 0.092646 0.258332 0.113116
-0.124937 -0.495905 -0.205666 -0.040935 -0.111173 -0.028304 -0.018484 -0.823185 -0.291658 0.180875
0.091070 0.012826 0.247307 0.194447 -0.256449 -0.210856 1.008918 -0.412569 -0.429447 0.172412
0.074133 -0.218398 -0.798193 -0.156730 0.008744 1.829085 0.562245 0.090105 0.219211 0.128861
0.557105 0.790595 0.496558 -0.212264 1.348049 0.363980 0.005168 0.508737 0.482639 -0.052562
-0.093680 -0.138697 -0.092662 0.979357 0.039591 -0.153957 -0.357085 -0.104108 0.211228 0.230659
0.264514 -0.570832 -1.742819 -0.148522 0.414508 0.147786 -0.087803 -0.064786 0.021908 -0.126297
-0.024065 -0.570372 -0.110080 0.071896 -0.269688 0.023466 -0.008838 -0.204742 -0.405580 -0.253000
0.546096 -0.194097 -0.276596 -1.368256 0.033155 -0.196658 -0.157613 0.441109 -0.369549 0.193654
0.581355 -0.236094 0.331419 0.212719 0.009696 -0.206034 -0.000319 -0.031002 -0.356820 -0.138964
0.078107 -0.139447 0.019029 0.576103 -0.338653 -0.560011 0.409817 -0.261231 -0.642260 -0.082965
-0.234053 -0.048366 
