1.167660 -0.226626 -0.592055 -0.967883 1.786329 2.155096 0.307091 2.423007 4.251445 -0.637005
2.402124 2.155411 0.083923 -1.307568 -0.112352 -0.241727 0.411906 -1.206469 0.056861 3.314835
2.049929 0.568611 1.203058 0.045155 -0.518665 0.047364 -1.774142 1.991858 1.231534 -0.681335
-1.729583 -0.463960 -1.037626 -3.752362 -2.045293 0.160108 2.922275 4.126837 -0.787575 0.292605
-0.409010 0.907026 -1.695149 0.202999 -0.624720 -0.095833 -0.469488 -1.604640 2.787997 -0.931011
0.060583 1.485006 -1.131988 0.995606 0.609994 -1.551526 -1.018593 -0.065642 3.344630 1.301877
2.441544 -0.020303 -0.915486 1.253279 -0.242453 0.605511 -0.369497 1.360245 0.242213 1.637656
3.029243 2.705698 0.005172 -0.504431 2.288359 1.435278 2.296436 0.577955 2.014100 -1.615499
-0.943440 -0.050129 0.994023 1.931568 0.071433 0.066716 -0.140671 1.075000 1.816740 0.432691
3.664494 1.780817 1.153694 -0.992042 -0.519376 -0.403133 0.848230 2.087005 -0.433034 2.042637
1.083963 0.321029 -0.254693 0.218077 1.254738 -0.142759 0.838667 -1.180579 2.607012 -2.324522
0.009404 3.158434 0.528117 -0.915821 0.805432 -0.869248 -1.289005 -0.681263 -0.083622 0.910512
3.644299 -0.266158 -1.125303 -1.672261 -0.058975 -2.952913 0.996972 0.121961 
