-0.015718 0.064828 0.012319 0.025922 0.011159 0.073260 -0.054502 0.014672 0.017490 0.016849
-0.070449 0.042832 -0.086702 -0.121224 0.058351 0.042862 0.082119 -0.005575 0.066722 -0.050928
0.019766 0.013480 0.135888 0.051844 -0.054410 0.109554 -0.038219 -0.054930 -0.055266 0.039074
-0.004808 0.001745 -0.059237 -0.029344 -0.026839 -0.043259 -0.041304 -0.081447 0.001993 0.016497
-0.022027 0.004250 -0.090918 0.017460 -0.009875 0.028427 0.047170 0.004544 -0.028870 -0.012793
0.071671 -0.055999 0.066661 0.032811 0.084380 -0.012121 -0.057557 -0.073321 -0.112425 0.046956
-0.030199 0.081631 -0.056060 -0.019522 -0.031345 -0.061467 0.109615 0.164361 0.085847 -0.105154
-0.134666 0.037424 0.018819 -0.005163 0.003515 0.017536 0.090429 -0.023600 -0.042648 -0.075582
0.056457 -0.058260 -0.077720 0.045551 -0.057221 -0.027037 0.039746 -0.032322 0.023509 0.000996
-0.035530 0.049308 -0.044940 0.036202 -0.188679 -0.218008 -0.026228 -0.111387 -0.129534 -0.109737
-0.103199 0.057618 -0.026854 0.007053 0.021171 -0.049706 -0.032628 -0.096173 0.001803 -0.048514
-0.020881 0.046620 0.137599 -0.011861 0.016192 0.026594 0.053616 -0.047414 0.006744 -0.050775
0.062292 -0.178537 0.016925 -0.006988 0.034797 -0.037821 0.055266 0.029298 0.045337 0.023722
0.251247 -0.010891 0.022577 0.004991 0.041824 -0.031467 0.022959 0.017337 0.047017 0.210187
0.061590 -0.009425 0.029130 -0.012411 -0.070694 0.023524 0.077720 -0.049308 0.214219 -0.063178
-0.039013 -0.117130 0.019369 0.015627 -0.022653 -0.026365 -0.109737 -0.131245 -0.120919 -0.024837
0.010173 0.000356 -0.016955 -0.033086 -0.009326 0.088413 -0.167905 -0.178414 -0.032628 -0.103688
-0.131367 -0.011563 0.055816 0.056335 0.096661 0.074299 -0.083769 -0.056671 -0.019659 0.030657
0.061101 -0.030123 -0.007046 0.003481 -0.085786 -0.081264 0.046253 -0.045551 -0.013541 0.004949
-0.013312 -0.093301 -0.055296 -0.260289 0.030795 0.040174 -0.001152 0.016024 0.002041 -0.011327
0.022898 0.071060 0.028672 0.117375 -0.025510 0.005385 0.011983 -0.039410 -0.056335 -0.082975
-0.001941 -0.262978 0.005064 0.040846 0.065867 0.030734 -0.020606 0.017047 0.053188 0.052027
0.139065 -0.017780 0.069166 0.019720 0.010693 -0.001743 -0.047261 0.000030 0.059359 0.050530
-0.060948 0.058076 -0.004468 -0.067883 -0.073321 -0.061101 0.033942 -0.064767 0.089818 0.103505
-0.044023 0.009341 0.008737 0.036905 0.023234 0.019827 -0.049369 0.120796 -0.066722 0.007366
-0.000971 0.032567 -0.016772 -0.005472 0.006099 0.023417 0.177681 -0.004472 -0.000277 -0.075276
-0.025739 -0.038952 -0.035713 0.062628 -0.055877 0.052180 0.102588 0.078453 0.084564 0.022195
-0.013671 -0.009532 -0.006981 0.007527 -0.130756 0.016421 -0.038463 -0.167416 0.010479 -0.057435
0.007790 -0.038982 0.005167 -0.033392 0.015367 0.065317 0.063973 -0.013679 -0.015636 0.051675
0.004892 -0.003444 -0.166865 0.070802 -0.023667 -0.043902 0.026718 -0.005256 0.003609 0.025443
0.079121 0.323286 -0.067827 -0.046665 -0.003858 -0.171115 0.010725 0.117437 0.004065 -0.019370
-0.037253 -0.188361 0.007970 -0.013769 0.019234 -0.082279 0.039530 -0.030331 -0.041929 -0.114462
0.110940 0.004171 0.027006 0.086651 0.036524 -0.002687 0.001132 0.026399 0.006482 -0.149863
0.024183 -0.059994 -0.033853 -0.028373 -0.011492 0.015773 -0.064730 -0.146948 0.021040 -0.016866
-0.097581 -0.000431 -0.027917 -0.081429 -0.059052 -0.031970 -0.100131 0.067037 0.051341 -0.048730
0.003689 0.070134 -0.100131 -0.010376 -0.072745 -0.075964 -0.095395 0.029541 -0.156906 0.090719
-0.039075 0.047849 0.065944 -0.000324 0.134439 0.062787 -0.002389 0.055956 -0.060237 -0.039136
-0.063880 -0.092419 -0.067584 -0.155449 0.068313 -0.019568 -0.031879 0.042202 0.014179 -0.000118
0.081186 0.080275 -0.166501 0.147798 0.039652 0.038710 0.004744 -0.039712 -0.080032 0.098309
-0.068009 -0.408297 0.211678 0.049823 0.052009 0.119319 0.028524 0.001172 0.027947 0.001357
0.007328 -0.024441 0.034612 -0.050248 -0.026536 0.045451 -0.017579 -0.000314 -0.019219 0.064426
0.008129 -0.004615 0.120959 -0.081307 -0.049549 0.018551 -0.023591 -0.032456 0.156178 -0.067098
0.016349 0.007518 0.031044 -0.036919 -0.010497 0.038255 -0.034217 -0.047971 -0.042050 0.046058
-0.019052 0.023226 0.058627 0.015924 0.063090 -0.138690 -0.123995 -0.038407 -0.015052 0.020752
0.064487 -0.057504 -0.008562 -0.014019 -0.106446 -0.250176 -0.046453 0.006881 -0.017609 0.019219
-0.053557 0.020980 -0.000817 -0.033306 -0.162614 0.040411 -0.049640 0.027902 0.067280 -0.041959
0.001315 0.038771 0.001158 -0.079911 0.049276 -0.021572 0.078818 0.050521 0.121870 0.086954
-0.074506 0.151927 -0.027644 -0.045542 0.018095 -0.031576 0.016182 0.013526 -0.040077 -0.153263
-0.021040 0.124481 -0.005203 0.017943 0.004622 0.054680 -0.025807 -0.089019 0.086408 -0.087865
0.015036 -0.005249 -0.054589 0.001905 -0.074446 0.080396 0.103289 -0.078939 0.061087 -0.003696
-0.040289 -0.048092 -0.005989 -0.108450 0.082218 0.102013 0.010816 -0.035826 -0.362391 0.090294
0.050369 0.086772 0.110454 0.016107 0.012114 0.056168 0.167229 0.104017 0.101467 -0.054498
-0.056958 -0.101224 -0.039136 0.013237 -0.079728 0.054012 -0.066552 -0.143062 0.073960 -0.009397
-0.006065 -0.015651 -0.058658 0.045876 0.018490 -0.276408 0.028054 -0.011097 0.001972 0.020600
0.031363 -0.019188 0.006194 -0.004702 -0.213864 0.059083 0.021405 0.051401 0.075721 0.026186
0.074446 -0.083068 0.078514 -0.229045 -0.036069 -0.019446 0.012585 -0.019082 0.001160 0.056138
-0.056593 -0.090233 0.225401 -0.090112 0.019446 -0.140269 0.061603 -0.050794 -0.080457 0.078393
0.031393 0.190547 -0.077421 0.034794 0.032911 0.011560 0.011753 -0.026899 0.026243 -0.038500
0.091837 -0.085319 -0.007181 0.018411 0.021695 0.056814 0.039108 -0.025027 0.064938 -0.203714
-0.070240 0.059976 -0.069656 -0.061533 0.056328 0.056912 -0.042392 -0.077195 -0.077147 -0.029745
0.031180 -0.022327 -0.022570 -0.015274 0.003460 0.038063 -0.088189 -0.002049 0.046478 0.003493
0.012671 -0.070726 0.035290 0.068975 -0.027045 0.016696 -0.012155 -0.010464 -0.000660 -0.031861
0.052339 -0.026875 0.062651 -0.025878 0.060900 -0.071456 -0.002038 -0.038184 -0.013559 -0.067516
0.015420 0.064694 0.032761 -0.026656 -0.169762 -0.092129 -0.088578 0.001313 0.010337 -0.016161
0.098355 0.028772 0.083957 -0.161590 -0.039862 -0.028675 -0.049664 -0.018460 0.109835 -0.053896
-0.031569 0.041370 0.144176 -0.100495 0.013012 -0.046308 0.024260 0.117423 0.131724 0.070677
-0.044046 -0.172972 -0.037065 -0.059879 -0.031666 0.027142 0.045091 -0.045335 0.073012 -0.015493
-0.053507 0.196321 0.033904 -0.039765 -0.050442 -0.058517 0.050150 -0.088821 0.006852 -0.077098
0.030815 -0.039960 0.066105 -0.000235 0.029137 0.000027 -0.038938 0.001407 -0.051269 -0.041711
0.008731 0.078557 0.003767 0.025002 -0.034974 -0.025221 -0.036628 0.114407 0.135712 0.069072
0.011054 0.019469 -0.073742 -0.052582 0.028748 0.020868 0.049785 -0.131334 -0.012294 0.072915
0.024650 -0.051512 0.035898 -0.034925 0.036920 0.084589 0.035728 -0.011170 -0.010926 -0.011437
0.039522 0.032153 -0.039036 0.065473 0.085854 -0.059149 -0.025975 0.003344 -0.040957 0.010865
-0.024017 -0.012313 -0.096215 0.054966 0.076077 -0.048132 -0.001892 0.010793 -0.008458 0.030304
-0.005487 -0.042951 -0.144954 0.061824 0.046745 -0.116353 -0.033077 -0.032809 -0.055063 0.062895
-0.043170 -0.035825 0.067905 0.027386 0.023482 -0.001979 -0.039935 0.069024 -0.003764 -0.112558
-0.185327 0.074423 0.031447 -0.077293 0.025367 -0.004259 -0.035485 0.042659 -0.007825 -0.070872
-0.087216 -0.014094 0.009522 0.039181 -0.044873 0.068537 0.000932 -0.062846 -0.047791 0.008987
0.014398 0.005685 -0.009163 -0.025343 -0.120730 0.117520 -0.084249 0.012167 0.149429 0.049323
0.051707 -0.044702 0.029283 0.046089 -0.029818 -0.071796 -0.047670 0.007023 0.008379 0.036871
0.006506 -0.067418 -0.036457 0.006439 -0.027750 0.038427 0.206049 -0.054334 -0.055598 0.031666
-0.012756 -0.039376 -0.035728 0.047183 0.116353 -0.147678 0.011516 -0.017973 0.024601 -0.001710
0.009358 0.058468 -0.020709 -0.158185 0.071942 -0.004302 0.006482 0.023786 -0.002671 0.022996
0.025343 -0.011765 -0.051658 0.076660 -0.005618 0.036482 -0.007479 -0.012477 0.065910 0.023142
-0.029283 0.004667 -0.107013 0.046721 0.084540 0.019749 0.029623 0.047694 0.022740 0.049032
-0.003511 -0.117325 -0.021622 0.038209 -0.014398 -0.119855 -0.168984 0.030742 0.010738 -0.020697
-0.033806 0.042562 0.074763 -0.026510 -0.004621 0.060496 -0.016468 0.009706 -0.027103 0.000864
-0.003443 -0.053292 0.043428 0.004885 -0.007662 -0.014395 0.075820 -0.043771 -0.124652 -0.014195
0.021643 -0.009277 0.022700 0.015753 0.073933 -0.154843 0.048603 -0.009313 -0.040112 -0.049060
-0.018483 -0.140891 0.023444 -0.006147 -0.159532 -0.033593 0.009192 -0.066500 0.003777 0.017869
-0.047431 0.000926 0.041055 0.018555 -0.120764 0.028733 -0.056894 -0.054092 -0.007012 0.036967
-0.138947 -0.088972 0.056579 0.096119 0.025645 -0.010249 0.090744 -0.002334 0.037281 0.149811
-0.003172 -0.052605 0.029076 -0.038425 0.013852 0.004003 -0.000596 -0.079251 -0.194754 0.046230
0.081024 0.114988 0.052605 -0.045887 0.071017 0.009406 -0.011650 0.020184 -0.005157 0.065356
-0.024945 -0.018126 0.013344 -0.053349 -0.032335 -0.039597 -0.041312 -0.057180 0.147181 0.062040
0.007984 0.013552 0.012401 0.004163 -0.020013 0.063470 0.026002 0.086685 -0.072618 -0.014138
-0.029233 -0.075935 0.015953 -0.127168 -0.010107 0.023687 -0.077479 -0.033793 0.065356 -0.006983
-0.066443 -0.035137 -0.081024 -0.063927 0.025316 0.039311 0.079880 -0.030334 -0.048431 -0.056665
-0.066614 0.051090 0.108985 0.076335 0.034937 -0.007533 0.081024 0.007919 0.015524 0.001521
-0.027103 -0.084054 0.002269 -0.167880 0.066557 -0.007076 0.020385 0.020356 0.001745 -0.063641
-0.091202 -0.038167 -0.039626 -0.056236 -0.003810 0.051147 -0.026188 -0.035366 0.009299 -0.086113
0.028547 0.007158 0.211679 0.108356 -0.092574 0.054635 -0.026388 0.039626 0.146495 0.058952
-0.066214 0.072675 0.033965 -0.035051 0.042570 0.076278 0.030305 0.019698 -0.010364 0.015110
-0.018655 0.021986 0.020713 -0.046630 0.035509 -0.043199 0.048746 -0.024902 -0.022543 -0.039140
-0.005139 0.040369 0.055178 0.012908 0.011372 -0.077307 -0.061297 0.041370 0.007058 -0.038082
0.052348 0.014574 0.025817 0.033336 0.030734 -0.072561 0.036709 -0.111443 0.011429 0.006822
-0.054978 -0.011050 -0.152441 -0.099150 -0.064041 0.154385 -0.074505 0.000101 -0.043857 -0.052863
-0.070674 0.070846 0.118591 -0.040283 -0.038396 -0.080623 0.018641 -0.024816 -0.086570 -0.002464
0.052548 -0.054721 0.018326 -0.081996 0.010564 -0.007090 -0.080852 -0.116075 -0.050433 -0.058323
0.194754 0.016668 0.050032 -0.059696 0.049117 -0.018926 -0.039511 -0.016539 -0.074162 -0.008105
-0.013587 -0.129912 0.027418 0.002922 0.064785 -0.026017 0.007469 -0.124652 -0.003702 -0.019541
-0.159646 -0.041741 0.025145 0.015410 0.008177 0.062383 -0.027189 -0.057809 -0.008749 -0.027604
-0.007190 0.092174 0.008556 -0.060439 -0.027475 0.059010 -0.065757 -0.070445 -0.094632 -0.149239
-0.051405 0.041798 -0.067701 -0.015539 0.023930 -0.059696 -0.077364 0.169595 0.034336 0.004621
0.061354 0.069359 0.069702 -0.026489 0.015782 0.078794 -0.116361 -0.036938 0.052748 0.038396
-0.034822 -0.088915 0.016028 0.015473 0.027014 0.213798 -0.388142 0.065001 0.046918 -0.258583
-0.001192 -0.033700 -0.126182 0.042942 -0.053272 -0.111786 0.052961 -0.140843 -0.033189 0.211132
0.043697 -0.053538 -0.015662 -0.041609 -0.159948 0.009580 -0.134179 -0.209355 0.115252 0.001616
0.014184 -0.029546 0.108854 -0.155772 -0.052605 0.106899 -0.154173 0.041764 0.067178 0.025259
-0.048118 0.042453 0.273867 -0.114452 0.002648 0.106810 -0.062113 -0.003479 0.077442 0.008358
0.026836 0.065534 -0.039521 0.014684 0.046474 0.005976 0.035900 -0.092592 -0.081218 0.053538
-0.038921 -0.067045 0.011124 0.028146 -0.030390 0.112941 -0.013740 -0.115252 -0.066867 0.172033
0.006104 0.046874 -0.080507 -0.066156 0.070599 -0.064690 0.175232 -0.050961 -0.098724 0.130536
-0.082151 -0.147241 0.044586 -0.037455 0.012052 -0.023926 -0.017517 0.109476 0.011141 0.083129
-0.048518 -0.036344 -0.030635 -0.094636 0.072199 0.023881 -0.221440 -0.001890 0.025281 -0.054027
-0.120406 0.072332 0.047363 0.034011 0.111875 -0.165369 -0.028902 0.077308 0.052117 -0.011174
0.020327 -0.011191 -0.026858 0.067223 0.014929 0.029746 0.109742 -0.049095 0.004915 -0.006814
-0.125826 -0.063402 0.084684 -0.438970 0.124493 -0.030412 -0.202424 -0.018772 -0.069755 -0.062602
0.002971 -0.095614 -0.114541 -0.011941 -0.039187 -0.173277 0.071621 0.025703 0.050784 -0.062913
0.031879 -0.069622 -0.009447 0.029724 -0.034233 0.013640 0.066201 0.039476 0.030612 0.072155
-0.254318 -0.170345 -0.026391 -0.103611 -0.020149 0.007009 -0.132935 0.027036 -0.002291 -0.411601
-0.037455 0.088683 -0.270135 -0.102989 0.039654 0.028435 -0.060825 -0.017417 0.037432 -0.102722
0.009030 -0.165991 -0.060469 0.059892 -0.013307 0.027591 0.036699 -0.078464 0.127870 -0.012751
-0.005212 0.026080 0.048829 -0.055404 -0.004921 -0.010780 -0.104055 -0.056693 -0.009258 -0.094992
-0.070022 0.034033 0.001083 -0.065534 0.028835 -0.090993 -0.026147 0.006015 -0.140044 -0.116940
0.087527 -0.017428 0.028613 -0.020260 0.128847 -0.003232 -0.045896 0.039987 -0.072199 -0.076464
0.004599 0.088905 -0.001005 -0.090904 -0.118273 0.089749 -0.067534 0.082818 0.068200 0.071888
-0.005112 0.163325 -0.171678 -0.058203 0.173544 -0.136134 0.045385 0.031812 0.002577 0.074687
0.032012 -0.233702 0.063046 -0.057359 0.061891 0.034122 -0.061402 -0.142887 -0.051272 -0.091881
-0.094103 0.096858 0.050784 -0.060425 0.060070 -0.004301 0.037788 0.011046 0.092237 -0.057270
-0.085217 0.102367 -0.026747 -0.022682 0.117384 0.039454 -0.034833 0.040387 0.042009 -0.005781
0.067134 -0.056826 -0.097213 -0.027680 0.094192 -0.017383 -0.073887 0.274934 -0.007159 -0.074109
0.005529 0.089571 0.009319 0.067001 -0.045941 -0.065579 0.033967 -0.012429 0.010274 0.103344
-0.085217 -0.036744 -0.165636 -0.018350 0.049673 -0.098901 -0.053849 0.039965 0.147419 -0.025414
0.026322 0.058387 -0.009840 0.022653 -0.014031 -0.006972 -0.016910 0.033733 0.041593 0.035879
0.084578 -0.038664 -0.016489 -0.082200 0.099603 -0.049250 -0.013966 -0.022261 -0.013480 -0.025858
-0.036981 -0.071526 0.063347 0.025002 -0.032660 0.054558 0.009144 0.029991 -0.043478 -0.030310
-0.098617 0.154074 -0.009825 0.022406 0.063347 0.041303 -0.007657 0.005551 0.031238 0.029309
-0.017911 0.052789 0.042492 0.000273 -0.081910 0.049772 0.080518 -0.007846 -0.013495 -0.271254
-0.209068 -0.021826 0.092816 -0.010877 -0.086957 0.046205 -0.049598 0.048931 -0.064507 -0.068974
-0.010594 0.004757 0.047017 0.000768 0.059170 0.102155 -0.057923 -0.195609 -0.022421 -0.048612
0.046263 -0.024248 0.010783 -0.152450 -0.021899 -0.028120 0.280072 0.105926 0.018491 0.006142
-0.068742 -0.021913 -0.000732 0.006736 0.034719 0.008477 0.029788 0.004166 0.054674 0.042492
-0.060794 -0.000981 -0.047307 -0.004572 0.115962 0.033501 -0.012748 0.000313 -0.034255 -0.092062
0.012269 -0.029962 -0.054558 -0.060852 -0.059141 -0.007411 0.011051 0.002650 -0.033298 0.021681
0.106332 -0.040027 0.030455 0.023480 -0.023030 0.016344 0.001556 -0.028686 -0.018186 -0.039534
-0.022986 -0.109987 -0.034110 0.016402 -0.019013 -0.046002 -0.031354 0.039882 -0.020463 -0.013139
0.255940 0.041651 0.015271 -0.022015 0.024074 0.022537 0.035183 -0.029701 -0.044175 -0.023567
0.068046 0.006860 0.048583 0.050730 -0.031586 -0.123561 -0.015909 0.046930 -0.053166 -0.048931
0.053601 0.129594 0.064565 0.045973 0.021754 0.013458 0.005373 0.145837 0.088929 0.048728
-0.017577 0.026511 -0.040810 0.059518 0.028671 -0.023639 -0.032979 0.006686 0.040723 -0.037735
0.002900 -0.001885 -0.002016 0.041390 -0.015518 0.112655 0.019245 -0.010420 -0.013263 -0.013567
-0.094034 0.008629 -0.040027 -0.083476 -0.026685 0.023233 -0.044030 0.041535 -0.119500 -0.074195
-0.034052 -0.003085 0.007679 0.035212 -0.091830 -0.035502 0.089509 -0.007229 0.014967 0.094556
0.025278 0.008216 -0.010783 0.116020 -0.049918 0.011399 -0.063405 0.036749 0.020536 0.009869
-0.016170 0.190040 -0.074601 -0.072222 -0.018056 -0.057952 0.051629 -0.006392 0.022377 0.034081
0.063057 0.048670 0.015793 0.018665 0.062361 -0.039360 0.128666 0.000620 -0.042985 -0.036198
-0.015315 -0.038983 0.004699 -0.039853 0.016547 0.057836 0.024263 -0.069786 0.088581 0.049134
0.041999 0.027729 -0.002728 -0.008455 0.027410 -0.048206 -0.037242 0.133307 0.013553 0.014923
0.043217 0.010645 0.016678 -0.014017 0.008788 -0.011094 -0.143516 -0.097747 0.023828 0.024611
0.022870 0.029440 0.060852 0.040056 -0.039447 0.176466 -0.041448 -0.026714 -0.007897 -0.033153
0.013516 0.054993 0.018462 -0.021377 -0.360125 -0.249443 0.044204 -0.073789 -0.013582 -0.035502
0.100647 0.045335 -0.013603 -0.023247 0.048873 -0.091250 0.028425 -0.023189 0.006520 0.069064
-0.042059 0.009464 -0.124225 -0.029006 0.041483 -0.021554 -0.050610 -0.071415 -0.052211 -0.017666
-0.153331 0.038908 -0.039358 0.056212 0.019254 -0.006614 -0.029306 0.038083 0.002952 0.042459
-0.072815 -0.137528 0.016716 -0.042309 0.010515 -0.009521 -0.020829 -0.093919 -0.002897 -0.210643
-0.070915 -0.018779 0.014090 -0.042709 -0.001180 -0.035707 -0.017804 -0.090369 0.069364 -0.069614
-0.056612 -0.052661 -0.011677 -0.108922 0.000541 -0.027306 0.005848 -0.120925 0.001122 0.010708
0.068814 -0.051661 -0.061113 -0.015553 -0.019592 0.042534 -0.160833 -0.042409 -0.028731 0.048860
-0.066464 0.068814 -0.059612 -0.020604 -0.072415 0.066164 0.065363 0.005495 0.010102 -0.006826
0.021342 -0.020704 -0.051035 -0.081217 0.242850 -0.018854 0.069614 -0.018991 0.021192 0.000717
-0.106722 -0.001015 -0.033932 0.072565 0.044359 -0.018966 -0.023930 0.044534 -0.032132 -0.051961
0.012546 -0.073115 0.102021 -0.047685 -0.041709 0.046384 0.010302 0.126426 0.004138 -0.114223
0.087718 -0.079366 -0.118524 -0.007677 -0.008552 -0.091369 0.083317 -0.024730 0.026355 0.015703
0.130027 -0.028506 0.020929 0.014703 0.013965 0.014928 -0.004329 0.085067 -0.079766 0.082617
0.030106 -0.000193 0.014528 0.042509 0.059962 0.069764 -0.032732 0.005351 -0.001964 -0.029206
0.039758 -0.033007 -0.056362 -0.029731 -0.008708 0.025780 -0.013678 0.028081 0.006111 0.003210
0.006064 -0.019604 0.050260 0.012428 -0.001718 0.006217 0.057162 -0.127026 0.049135 -0.034057
-0.096820 -0.044759 0.061613 -0.042534 0.081967 -0.025755 -0.160333 0.057762 0.029531 0.007333
-0.055561 -0.007427 -0.035432 0.001219 -0.103921 -0.044209 -0.026780 0.014978 -0.027806 0.012534
-0.066864 0.006414 -0.000937 0.004835 -0.048060 0.043559 -0.000330 0.002533 0.008027 -0.035082
0.044159 -0.043859 -0.082367 0.028356 -0.057162 0.039033 0.093319 -0.041008 -0.054911 -0.087018
-0.105022 0.058362 0.098470 -0.049835 0.000871 0.030981 -0.048235 -0.038008 0.007927 -0.074365
-0.193340 -0.069514 -0.020367 -0.105622 0.008514 0.010727 -0.009227 0.016453 0.061813 -0.231047
0.008627 0.014278 -0.029156 0.063863 0.007145 0.026405 -0.033482 0.076116 -0.124726 -0.091069
0.036282 -0.047010 -0.050810 0.033457 0.049260 0.020854 0.103721 -0.071815 -0.075415 -0.084117
-0.067364 -0.022967 0.010358 0.047110 0.026330 0.021879 0.035132 0.139329 -0.032432 -0.054811
0.036232 -0.017354 -0.031882 -0.049710 0.073915 -0.129527 0.070464 0.040858 -0.029356 0.035407
0.060012 0.022405 -0.006298 0.024480 -0.074565 0.012796 -0.008108 0.010465 -0.020979 -0.008883
0.059562 -0.017491 0.004682 -0.189439 0.065313 -0.016328 -0.015316 0.027556 -0.045334 -0.035932
-0.097370 -0.087318 0.134928 0.095320 0.011327 0.085668 0.009752 0.045834 0.042409 0.024880
-0.042059 -0.117324 -0.006495 0.018354 0.051561 -0.041308 -0.030084 -0.046933 0.002396 -0.045540
-0.068354 -0.019374 -0.024076 0.051548 0.028735 -0.083897 0.002688 0.027189 -0.264708 0.200272
0.161524 -0.131396 -0.107189 0.023336 -0.005263 0.033001 -0.004593 -0.167271 -0.030215 0.102922
0.016424 0.002521 -0.055118 0.045758 0.002412 -0.029344 0.154993 -0.121034 -0.102922 0.021355
-0.040882 -0.015684 0.015630 0.053899 0.025796 0.033306 -0.009344 0.111717 -0.089339 -0.018112
0.089687 -0.012931 0.000979 -0.000016 0.008180 0.026384 -0.030106 0.042449 -0.003050 -0.030629
-0.045584 0.005369 0.019069 -0.034678 0.071053 0.039445 0.001061 0.003954 -0.034830 -0.065306
0.029497 0.072185 -0.013867 -0.096392 -0.005420 0.037464 -0.127303 0.037094 0.059733 -0.027799
-0.024054 -0.013976 0.080109 0.015184 -0.070879 -0.020223 0.055293 0.027254 -0.036724 -0.026819
0.088468 -0.037486 -0.037899 -0.003080 -0.059342 -0.005611 -0.039184 -0.038465 -0.000347 0.010961
0.130612 0.012942 -0.026340 -0.102574 -0.002200 0.095608 0.036898 -0.030563 0.175804 -0.207761
-0.164049 0.042318 0.046411 -0.069573 0.030106 -0.005801 -0.011929 0.071401 -0.042906 -0.086944
0.018906 -0.051461 -0.050373 -0.066264 0.042210 -0.008430 -0.037769 -0.082155 -0.029018 -0.003722
-0.044408 -0.017763 0.034395 0.024860 -0.043429 0.059995 -0.061431 -0.066830 0.066351 0.022879
0.017556 -0.018199 -0.029997 0.017001 0.059385 -0.059559 -0.007238 -0.001135 0.025165 0.023946
0.108060 0.007978 -0.086683 0.192435 -0.099875 -0.132093 0.046803 -0.010536 -0.066917 -0.018427
0.051461 0.023750 -0.078759 -0.010351 0.078629 -0.075668 0.058732 -0.007037 0.022422 0.009252
0.013801 0.025469 0.050460 -0.060952 -0.089078 -0.117638 0.008256 0.084985 0.022269 -0.053899
0.065176 -0.097698 -0.026471 -0.059080 -0.040316 -0.038335 0.064958 -0.013932 -0.046411 0.216468
-0.020952 -0.168055 0.049284 0.037921 0.013965 0.057600 -0.017208 -0.007717 -0.067788 -0.002199
-0.044582 0.021029 0.004882 -0.011069 -0.042188 -0.002305 -0.016283 0.027864 -0.046890 -0.068049
-0.085769 -0.057687 0.048631 0.004133 -0.013823 0.032261 -0.196963 0.110933 0.160566 -0.035309
0.052680 0.012571 -0.005263 0.024838 0.058732 0.092561 -0.085072 -0.024272 0.035004 0.027712
-0.012942 0.070574 0.005282 -0.035788 0.181464 -0.223957 -0.036005 0.068615 -0.033807 -0.062650
0.007951 -0.005548 -0.004101 -0.083244 -0.069878 -0.037660 0.042841 0.109279 -0.005472 0.026710
-0.003156 -0.039358 0.146634 -0.139320 -0.072185 -0.041186 0.062171 -0.036397 0.043516 0.019439
-0.028212 0.103532 -0.097698 -0.070879 0.051331 0.010661 -0.041535 0.000313 0.004645 0.026688
0.005336 -0.004392 0.031521 -0.028365 0.095260 0.015804 0.020365 0.045410 0.020038 0.070748
0.034895 -0.091951 -0.045845 -0.041404 0.065872 0.053638 0.004239 0.001854 -0.048327 0.027646
-0.002977 -0.020626 0.066699 0.067962 -0.018654 0.031207 -0.001861 -0.058911 0.170172 -0.053160
-0.011428 0.019262 0.074764 0.106173 -0.031078 0.029400 0.099021 0.268087 0.014193 0.011585
-0.039336 -0.045787 0.054819 -0.042506 -0.024165 0.113178 -0.174301 0.163536 0.052460 -0.136034
0.021751 -0.027152 -0.073547 0.020129 -0.029050 -0.130209 0.151886 0.092901 -0.020682 0.038967
0.008359 0.020774 0.026967 -0.003500 -0.124458 0.010792 0.051059 0.031170 0.028350 -0.009511
0.027152 0.006345 -0.018147 -0.174006 -0.022322 0.065916 -0.037824 0.105215 0.022119 0.015484
-0.076754 -0.011548 -0.010037 -0.023041 -0.074026 -0.040884 -0.016055 0.024774 0.095556 0.036091
0.087224 0.280769 0.010792 -0.064404 0.156163 -0.043022 0.054598 -0.047151 -0.016921 0.061344
0.108459 -0.046082 0.102486 0.006272 -0.031096 -0.064109 0.096219 0.024350 0.083464 -0.021824
-0.121509 0.000284 -0.015742 0.010903 -0.022562 -0.102192 0.043133 -0.077713 0.209987 -0.020774
0.002788 -0.202761 0.057990 0.050911 0.104993 -0.079556 -0.097399 -0.332971 0.167665 0.044386
0.174743 0.006889 -0.004825 -0.033806 -0.018755 0.037234 0.001895 0.018571 0.031041 0.036608
-0.061050 -0.132421 -0.081768 0.000499 -0.095482 0.078303 0.095040 0.011769 -0.057142 -0.004329
0.024165 -0.066690 0.009677 0.031889 0.182264 -0.003818 0.035557 -0.047004 0.057031 -0.007599
0.012709 0.083759 -0.006539 0.002848 0.054672 -0.043022 -0.038967 0.041253 -0.000985 0.106468
0.157490 0.065879 -0.295220 0.042764 -0.059501 -0.008263 0.058211 -0.005281 -0.096441 -0.035483
0.067685 -0.501373 0.083832 0.000771 -0.138394 0.063925 -0.015161 -0.044829 -0.045160 0.042727
-0.054045 -0.036165 0.002067 -0.090321 -0.012562 -0.062819 -0.038008 0.025124 -0.053197 -0.176660
0.084349 0.064957 -0.077934 -0.023244 0.015410 -0.112661 -0.038414 0.032737 0.052017 0.062487
-0.116422 -0.043907 -0.151739 0.060976 -0.007493 -0.069787 0.012774 0.156163 -0.059391 -0.062487
0.021659 -0.071925 0.009447 -0.013631 0.095261 -0.050322 0.026175 0.080367 0.059169 0.103961
-0.022599 0.014857 0.051649 -0.030617 -0.108385 0.169287 0.005475 0.009972 0.067796 0.010359
-0.036442 0.007092 -0.020092 -0.013631 -0.168697 0.141638 -0.049953 0.000400 0.049805 0.018027
0.070118 0.039667 -0.051796 0.026654 0.007258 -0.080293 -0.054340 -0.057474 0.009115 -0.081104
0.096367 -0.043612 -0.060091 0.023963 -0.072736 0.057105 -0.000654 -0.062672 -0.082210 0.011991
-0.032921 -0.045087 0.136772 -0.033345 0.068165 0.032405 -0.036681 0.014239 0.005207 -0.008465
-0.009230 0.062819 -0.070819 0.081621 0.081694 -0.044534 -0.037216 0.047114 -0.021990 -0.080588
0.006926 -0.035520 -0.048110 0.045787 0.037787 0.059944 -0.090321 0.037898 0.053640 -0.106763
-0.006981 0.095629 -0.044829 0.012230 -0.144956 0.013244 -0.090395 -0.113251 0.020313 0.042543
-0.063003 -0.071925 -0.021760 -0.031771 0.017092 -0.064603 -0.044460 -0.011989 -0.033846 0.055629
-0.022206 -0.014776 0.039901 0.052783 0.049791 -0.196560 0.018575 -0.027067 -0.028876 -0.031168
0.020722 -0.005153 0.015644 0.042192 0.075170 0.041203 -0.071213 0.019806 -0.000425 0.061274
-0.050853 -0.034593 0.013039 0.110004 -0.035968 -0.042868 0.068029 0.014088 -0.005868 -0.032302
0.009631 -0.013328 0.029093 0.026560 -0.028297 -0.090802 -0.051770 -0.048754 -0.015475 -0.059972
-0.083323 -0.120426 -0.037537 0.017924 0.070152 -0.005747 -0.017369 0.062384 0.033194 -0.110583
0.044098 -0.010819 0.052686 -0.074832 -0.039225 0.052590 0.093697 -0.043447 0.006212 0.133935
-0.017586 0.038984 0.046052 0.024305 0.008329 -0.039008 0.049092 0.030492 0.050708 -0.001747
-0.038019 0.013497 -0.008636 0.012918 -0.023629 -0.064796 0.012991 -0.012339 -0.018322 -0.020083
-0.017381 -0.001701 -0.003359 -0.071406 -0.014233 -0.049381 -0.050515 0.015656 -0.023690 -0.003386
-0.050756 0.013847 -0.105372 -0.063831 -0.109232 0.142523 -0.015680 -0.051963 0.026560 -0.011248
-0.061998 -0.069042 -0.076376 -0.010741 0.026729 0.060309 -0.008618 0.046824 0.017827 -0.004406
-0.092201 0.023677 -0.073674 -0.100355 0.031650 -0.050129 0.097412 -0.007732 0.004816 0.007581
0.020023 0.015705 -0.118689 -0.050370 -0.000250 -0.005919 0.028104 0.080043 0.000793 0.013787
-0.031795 -0.150629 -0.025571 -0.033243 -0.065086 0.024546 -0.011205 -0.079560 -0.020602 0.012291
0.052493 -0.005699 0.010982 0.073770 0.013159 0.000040 -0.044870 0.000971 -0.024449 0.095482
-0.008244 -0.076424 -0.015355 -0.030975 0.039201 0.020927 -0.048030 0.079464 0.323258 0.023545
-0.040142 0.011368 0.043760 -0.033484 -0.051673 -0.020662 0.045714 -0.068029 -0.031361 -0.048682
0.042988 0.021796 0.019202 0.023738 0.040431 0.029021 0.020807 -0.098666 -0.069042 -0.020228
-0.006544 -0.002072 -0.061709 0.009354 0.089354 0.036161 -0.031385 -0.073240 -0.037561 0.006073
-0.016911 0.044581 0.027549 -0.024268 -0.195016 -0.007599 -0.039901 0.053844 -0.049454 -0.023581
-0.006290 0.001125 0.098377 0.023726 0.037995 -0.066340 0.020155 0.028852 0.000561 -0.071213
-0.047017 0.015668 0.134224 0.032495 0.021567 0.035558 0.034183 0.042458 -0.052204 0.055195
-0.007720 0.039877 -0.047041 -0.002141 0.083613 -0.036644 0.020023 -0.022712 -0.000058 -0.005407
-0.304731 -0.020035 0.033821 -0.104600 -0.011839 -0.060261 -0.076279 0.008371 -0.038550 0.096350
-0.026705 -0.037440 0.016320 0.051914 0.023291 -0.071262 -0.041131 0.049212 0.091139 -0.013413
0.006369 0.083372 0.067305 0.018274 -0.037102 -0.068560 -0.021350 -0.068222 0.009824 0.016247
-0.028997 -0.020457 0.003459 0.004436 -0.022134 -0.057559 0.082262 -0.063976 0.004360 -0.109811
0.055485 0.025523 -0.012225 -0.007388 -0.003317 -0.096543 0.083323 -0.043760 0.006351 -0.059248
0.008598 -0.007937 -0.065791 0.019937 0.024379 0.145017 0.039635 0.036167 -0.060676 0.046201
-0.047544 -0.030620 -0.014346 -0.061066 0.368566 -0.071728 -0.183069 -0.007639 0.027651 0.080093
0.048108 0.058076 0.113551 -0.106010 -0.010077 0.023599 -0.099249 -0.022028 -0.021529 -0.062193
0.032722 -0.009502 -0.053525 0.025289 0.040176 -0.010358 -0.001140 -0.004220 0.005688 0.078966
0.090321 -0.059376 -0.038009 -0.045031 0.046591 0.058033 -0.016946 0.003557 0.007005 -0.039071
-0.013620 -0.059983 0.043059 -0.031617 -0.018322 0.112425 0.052962 -0.089021 -0.060373 0.177262
-0.000037 -0.016686 -0.124733 -0.017889 0.042864 -0.031378 0.022385 -0.031422 -0.001958 0.036709
0.094655 -0.047024 0.081436 0.033242 0.034434 0.057556 0.182376 -0.124647 -0.113118 0.033610
0.010006 0.020532 -0.058943 -0.072552 -0.053872 -0.304075 0.319678 0.056646 -0.002618 -0.113985
-0.008381 0.020825 -0.028128 -0.080266 -0.070471 0.111038 -0.029645 0.026741 -0.075195 -0.014627
-0.067134 -0.048498 0.174141 0.145363 -0.333547 -0.042864 0.013533 0.132014 -0.032158 -0.008701
-0.073895 0.001433 0.014291 -0.110084 -0.000356 0.180122 0.011290 -0.076929 -0.064317 0.049408
-0.057252 0.007601 -0.022862 0.024141 -0.008397 -0.078316 -0.048411 -0.027348 -0.020023 0.034802
0.068434 0.068088 0.070775 -0.066874 0.091275 -0.036449 -0.027326 -0.052268 0.030858 0.000542
0.036991 0.023295 0.052182 0.005252 0.045984 0.041628 0.072638 0.035236 0.269403 -0.321585
0.011767 0.107744 -0.082693 -0.036059 0.026828 0.004711 -0.032440 0.091101 -0.136609 -0.018030
0.096735 -0.037208 0.020467 0.046244 0.012482 0.037814 0.049365 -0.146750 0.015234 0.193471
-0.117539 0.049495 0.012384 0.003405 0.087201 -0.027954 -0.145450 0.052485 -0.023274 -0.182029
0.030533 -0.068651 -0.087591 -0.072898 -0.159752 0.208727 -0.107657 -0.027044 -0.051142 -0.037684
-0.052745 0.014617 -0.035431 -0.135655 0.127680 -0.044944 -0.030360 0.103670 0.019590 -0.026113
-0.060720 0.063580 -0.051532 0.034954 0.046938 -0.057079 -0.007390 -0.004914 0.012482 -0.018246
-0.034932 -0.046547 0.345162 -0.091968 -0.075845 0.120833 0.002798 -0.045637 -0.036167 0.166860
0.196418 -0.348109 0.145363 0.079529 -0.129327 0.063320 0.037554 0.021421 0.008435 0.070168
-0.079183 0.059896 -0.009183 -0.038529 -0.122913 -0.113205 -0.221555 -0.051618 -0.160706 0.138082
-0.011149 -0.041217 -0.097082 -0.006176 -0.039656 -0.041758 0.081263 0.171888 -0.274084 0.002372
0.100463 -0.137649 -0.065574 -0.041823 0.013880 0.016068 0.026893 -0.143370 0.077622 0.097516
-0.116672 0.027976 -0.011485 -0.060113 0.001778 0.065270 -0.004591 -0.038183 -0.026221 -0.177262
-0.073462 0.002052 -0.016469 0.000898 -0.178042 0.087981 -0.045161 -0.283792 0.224676 -0.015462
-0.021865 -0.041412 0.121699 0.229530 -0.334760 -0.098729 -0.231090 0.183763 0.014877 0.060184
0.007860 -0.004836 0.031940 -0.062238 0.054143 0.055785 0.006962 0.029550 0.060360 0.003839
-0.004946 -0.082710 0.051298 0.019900 -0.141604 0.049802 -0.015354 0.051034 0.073090 0.102361
-0.100014 -0.061710 0.002319 -0.064408 0.049391 -0.037777 0.003391 -0.015574 0.003036 -0.100601
0.005331 -0.029022 -0.021895 -0.007582 -0.006988 -0.026881 -0.027013 0.045989 0.014342 0.019607
-0.013939 0.055198 -0.068983 0.028963 -0.012318 -0.033905 -0.020589 0.118492 -0.030884 -0.043672
-0.022276 0.049684 0.005202 0.057310 0.002541 -0.043643 0.048717 0.048981 0.049772 -0.095028
0.013800 -0.025810 0.124123 0.021909 -0.009063 -0.089514 -0.036193 -0.052647 -0.020692 -0.026250
-0.087930 -0.010544 0.032732 -0.041355 -0.016146 0.086464 -0.008506 0.077724 0.053791 -0.005584
0.034961 0.034345 -0.059099 0.106232 -0.017803 0.001331 -0.013983 0.055609 0.045226 -0.005448
-0.056460 -0.007318 -0.060830 -0.074204 0.033553 0.034932 -0.004502 -0.083648 -0.102947 -0.045021
-0.088517 0.023977 0.167414 -0.053996 0.132805 -0.041912 0.018712 0.082710 -0.010031 0.013470
-0.076785 0.025854 -0.036163 -0.085232 0.004337 0.045461 0.019944 -0.021352 -0.065053 -0.009407
0.048013 -0.060067 0.066578 0.007890 -0.015471 0.033348 0.083179 -0.078897 -0.124944 0.117553
-0.024212 -0.101774 0.069570 -0.014357 0.010544 0.004850 0.051122 -0.000344 0.014592 -0.018302
0.019138 0.089045 -0.126352 -0.023434 0.040886 -0.077020 -0.013206 0.126235 -0.088869 0.052441
0.068338 -0.029931 0.002863 -0.016542 0.028054 0.110690 -0.004960 0.010229 0.028420 0.012282
0.032380 -0.004832 -0.040504 0.016337 -0.240738 0.055814 0.047602 0.016791 0.057105 0.001228
0.026411 0.022379 0.029667 -0.019739 0.023097 -0.014504 0.019959 -0.002849 0.068045 0.071095
-0.090805 0.165654 -0.028039 -0.296112 0.060478 -0.081830 -0.096260 0.027878 -0.047573 -0.040798
-0.069335 0.119078 0.022980 0.031119 -0.138671 0.001866 0.054113 0.083355 0.052911 0.010735
-0.079307 0.036809 -0.000714 0.080833 -0.019944 0.013176 -0.120486 0.028215 0.188179 0.054231
-0.172458 0.063821 -0.082358 -0.030620 0.004066 0.058219 0.026675 0.075729 0.040915 -0.090746
-0.048922 0.019416 0.017378 0.044141 -0.020047 -0.173632 0.170581 0.102067 -0.149112 0.066930
0.109810 -0.116497 -0.043731 0.001950 -0.030855 0.106291 0.213637 0.013191 -0.042939 -0.146414
-0.031559 0.033436 -0.004502 -0.015926 0.075495 -0.084528 0.022613 -0.000773 -0.022965 0.068631
0.024813 0.040064 -0.000095 -0.041032 -0.076550 -0.037395 -0.036955 0.011988 0.046663 -0.011263
-0.027966 0.067458 -0.001113 0.136090 -0.071564 0.009503 -0.179849 0.001867 0.005312 0.034726
0.019886 -0.057955 -0.054348 0.030151 -0.017950 0.135034 0.007758 -0.031441 0.005631 -0.012678
0.008858 -0.207654 0.060830 0.016234 -0.039654 -0.017319 0.019469 0.105213 0.035861 -0.039875
-0.111712 0.415651 -0.056773 -0.059220 0.029285 0.032363 -0.067516 0.035689 -0.032286 -0.031464
-0.060444 0.020760 -0.046260 -0.001913 0.080209 -0.023837 0.034790 0.043163 0.096725 -0.239328
-0.021314 -0.056926 -0.010571 0.068663 0.029151 0.082962 -0.006772 -0.039130 -0.097566 0.025997
0.088008 0.060329 -0.026590 -0.014117 0.008268 -0.046948 0.200179 -0.535238 0.001692 0.008014
-0.161183 -0.027947 0.026896 -0.059717 0.042016 -0.140768 0.060291 0.061744 -0.108959 0.057156
0.089691 -0.030719 0.080439 -0.016631 0.329401 -0.031082 -0.014662 -0.161183 0.061973 -0.023226
0.026303 -0.106589 0.059182 -0.300345 0.145432 -0.019412 0.021792 0.019565 -0.007154 -0.017806
0.028024 0.021027 -0.054862 0.140462 0.015713 -0.012597 -0.068587 -0.025405 -0.012100 -0.050733
0.005577 -0.049204 0.020970 -0.020224 -0.085026 0.031082 -0.056544 0.023895 -0.072984 -0.040831
-0.021142 -0.044310 -0.076463 -0.028521 0.010542 -0.087856 0.062585 0.023321 0.019183 -0.101084
0.031885 -0.088697 -0.053371 0.087703 -0.026284 0.112018 0.073289 -0.065452 0.022901 0.048477
-0.047827 -0.024506 -0.043928 -0.028922 -0.032248 -0.075736 -0.003140 -0.071875 -0.168677 -0.027202
0.014748 0.062164 0.043087 0.018246 0.088161 -0.007426 -0.191768 0.028387 0.008239 -0.027584
-0.008984 0.054556 0.051842 0.022289 -0.021486 0.082580 -0.113700 -0.030432 -0.040869 -0.087320
-0.036358 0.031426 0.055397 0.088314 -0.224494 0.022193 -0.031560 -0.006820 -0.045648 0.103377
0.031904 0.018494 0.020932 0.142985 -0.377419 0.053906 0.047139 -0.290252 0.025042 0.031407
0.095884 -0.077571 -0.208590 0.040487 -0.004327 0.119205 0.087014 -0.034905 -0.012397 0.073175
-0.070422 -0.074475 0.176476 -0.020530 0.059679 -0.034848 -0.069275 -0.001557 -0.008750 -0.054977
-0.019221 0.017242 -0.029935 0.006117 0.004798 0.016420 0.003360 0.016831 -0.037123 -0.151855
0.074742 -0.024353 -0.081586 -0.094890 0.058494 -0.037925 -0.056162 0.036473 0.014566 -0.175864
0.027985 -0.092367 -0.048286 0.014442 -0.059335 -0.038843 -0.022136 0.206143 -0.079674 0.007943
-0.064955 -0.057309 0.037218 0.002726 0.069466 0.066981 -0.202626 0.055206 0.030853 -0.050121
0.007656 -0.020129 0.023455 -0.010189 0.072334 -0.082885 0.107277 -0.021429 0.130980 0.102919
-0.041596 0.010504 -0.012272 -0.010303 0.221283 0.069657 -0.063502 -0.231682 -0.174335 0.001259
0.026265 0.063923 -0.081356 -0.206908 0.103989 -0.045113 -0.080209 -0.003584 -0.006050 0.096037
0.041519 -0.095502 -0.176782 0.108959 -0.019335 -0.105595 0.077648 0.023665 0.001818 -0.020683
-0.082809 -0.042054 0.305086 0.024850 -0.002810 -0.021199 0.023684 0.002569 -0.007828 0.058303
-0.035842 0.024793 0.012913 -0.024697 -0.061132 -0.013152 -0.113165 0.013763 0.082121 -0.108577
0.006385 -0.005687 0.019555 -0.078145 -0.018831 -0.018229 -0.018161 0.014575 0.044576 -0.046364
0.009269 -0.012924 0.032039 0.039520 0.195776 0.071197 -0.046846 -0.028582 -0.043750 -0.084611
-0.143358 -0.079934 -0.014798 -0.005103 -0.044645 -0.014300 0.019416 -0.014033 0.030353 -0.050079
0.025882 -0.088601 -0.076838 -0.085231 0.051042 0.022357 -0.009777 0.047671 0.075669 0.056924
0.000285 0.032916 0.002405 0.010800 -0.000419 0.030182 0.028015 0.007760 -0.023956 0.010671
-0.044851 0.036218 0.010422 0.049666 -0.019743 -0.062014 -0.050182 0.001163 0.032727 0.059297
0.006195 0.038316 0.105730 -0.012090 -0.021497 -0.021376 -0.025091 -0.016819 -0.108825 0.016140
-0.027808 0.137648 -0.023354 0.001861 0.009338 -0.055032 -0.025125 0.037284 -0.030061 0.024850
-0.092041 -0.005250 -0.029287 -0.020534 -0.032538 -0.063355 -0.001007 -0.003326 -0.039967 0.063390
-0.040242 -0.014119 0.016441 -0.013612 0.053794 0.049185 0.013397 0.019433 -0.084749 -0.029270
-0.036975 -0.025435 0.006208 -0.061842 -0.193437 -0.093279 0.068893 0.165783 0.002769 0.087638
0.133177 0.095962 -0.041721 -0.045711 -0.072298 0.018504 0.054310 -0.034103 0.057027 0.041205
-0.018075 -0.046364 0.060260 0.034189 0.020396 0.024524 -0.057405 0.022563 -0.028617 0.027894
-0.054825 -0.087088 -0.040655 -0.047052 0.132283 -0.005963 0.006900 0.033913 0.000067 -0.039245
-0.029236 -0.043957 -0.004768 0.055273 0.004914 0.007593 0.012399 0.012915 -0.036631 -0.165096
-0.091422 -0.023612 0.157116 0.031024 0.019244 0.066382 0.042168 -0.014248 0.056717 -0.034773
0.012967 -0.027825 -0.015237 0.021084 -0.016252 -0.028599 -0.067964 -0.056924 -0.086194 -0.017266
-0.003457 0.019227 0.020654 0.000080 0.039726 -0.022752 0.002099 -0.041480 -0.004669 0.054791
-0.004914 -0.017034 0.021204 0.029855 -0.011901 -0.023904 -0.003521 0.014437 0.009545 0.006466
-0.030783 0.081172 -0.008951 -0.016217 -0.002646 0.037697 0.007283 -0.091766 -0.014558 0.006492
-0.040896 -0.026226 0.003487 0.026037 0.011135 0.052968 0.082479 0.029958 -0.014016 -0.001216
0.008272 0.071541 0.156703 0.054275 -0.000772 -0.202104 0.006440 -0.002616 -0.048118 -0.004233
-0.014205 -0.070338 -0.045264 -0.007502 0.068274 0.013156 0.006165 -0.002999 -0.013431 -0.042099
-0.084955 -0.003139 0.019261 0.061120 -0.025624 -0.003826 0.046055 0.034051 -0.015357 0.048118
0.024885 -0.035186 0.042271 0.022202 0.026604 0.024558 -0.054000 0.000180 -0.057955 -0.028049
0.024558 0.091422 -0.000023 0.026157 0.010189 0.014945 -0.054103 -0.172112 -0.091834 0.013388
0.079039 0.049047 0.064800 0.102841 0.084474 0.021187 -0.047499 -0.003667 0.008586 -0.005520
0.045126 -0.017258 -0.007219 -0.040964 0.060157 0.034068 0.040208 0.036080 0.070853 0.074637
-0.008156 0.032004 0.038350 0.033862 -0.004458 0.042684 0.011995 -0.087638 0.030216 -0.027825
0.048600 -0.015271 0.019269 0.016971 -0.059227 0.001985 0.038830 -0.087911 0.007988 0.020942
0.034394 0.003589 0.064380 -0.018538 -0.039812 0.255818 -0.034129 -0.035882 -0.244770 -0.070276
0.029268 0.031287 -0.001644 -0.008140 0.091364 -0.134815 0.002254 -0.129609 0.003061 0.013399
0.057580 0.080793 -0.013917 -0.035775 -0.080049 -0.041406 -0.024421 0.009342 0.018485 -0.052215
-0.062202 -0.068842 0.033544 -0.035536 -0.008140 -0.043584 -0.042070 0.018777 0.020185 0.016746
0.015577 -0.055827 -0.004070 -0.005767 -0.148625 -0.066823 0.022761 0.057368 0.017901 -0.096622
-0.016626 -0.061352 -0.004326 -0.158824 -0.030756 -0.003775 0.145226 -0.055934 0.003346 -0.068151
0.111442 0.031977 -0.105546 -0.042096 0.010405 0.014740 0.051206 0.028631 0.080368 0.059068
-0.029481 -0.011274 -0.028365 0.022164 0.026307 0.037847 -0.104165 -0.148094 -0.016121 0.022536
0.036599 0.002799 0.020358 0.010544 -0.004289 0.036758 -0.023226 0.033943 -0.012609 -0.063370
0.022111 0.054393 0.115586 -0.008658 0.055296 -0.104325 0.001122 -0.080315 -0.048949 -0.028126
-0.001648 0.060768 0.033597 0.016108 0.093860 -0.074844 0.021354 0.048630 -0.061830 0.029295
0.015537 0.017901 0.005388 0.116329 -0.031977 -0.020026 -0.044938 0.138533 -0.031659 0.081324
0.083715 -0.004299 0.002337 0.094020 -0.079146 -0.127059 -0.029693 -0.040875 0.003781 0.025152
-0.061086 -0.006056 -0.060396 0.023890 0.017927 0.002578 -0.001452 0.017728 0.017210 -0.027024
-0.105493 0.090992 -0.031579 -0.069479 -0.038272 0.039069 -0.015630 -0.015112 -0.077819 0.047010
-0.179115 -0.037449 0.018937 -0.000877 -0.012164 0.041618 -0.003265 -0.084671 0.080103 0.001098
0.047355 -0.139277 0.052056 0.035058 -0.032402 -0.013260 0.017888 -0.037873 -0.020942 -0.006932
0.034580 -0.050622 -0.054924 -0.107140 -0.003356 0.068204 -0.308512 -0.041565 0.068417 0.264530
0.113461 -0.008120 0.057634 -0.039414 -0.051259 -0.063211 0.099916 0.015165 0.006311 -0.087486
0.027489 0.044726 -0.005581 -0.036599 -0.022177 -0.116754 -0.033757 0.026440 0.004618 -0.066079
-0.118454 -0.010511 0.049799 0.065070 -0.039175 0.031366 0.167004 0.061989 0.009986 0.017330
0.002656 -0.017011 -0.027462 -0.052481 0.039998 0.051498 0.008778 -0.054765 -0.061777 -0.080049
0.005893 -0.240308 -0.010464 -0.028153 0.076119 0.124403 0.008599 -0.098800 0.002541 0.015989
-0.105706 -0.135346 -0.008360 0.049055 -0.019959 0.077394 0.027090 0.026825 0.089876 -0.084458
-0.072825 -0.001500 0.039122 -0.075853 0.008904 0.019123 0.018631 0.023239 -0.079200 0.009993
-0.003788 -0.008101 0.005179 0.047329 -0.071444 0.046001 -0.039733 0.043796 -0.018273 0.036652
0.132584 -0.100713 -0.001076 0.038352 -0.007091 -0.072719 -0.054606 0.017755 0.000128 0.036678
0.003858 0.004479 -0.042973 -0.027383 0.066770 -0.001846 -0.122597 -0.085468 0.051286 0.041565
-0.089210 0.005281 0.014804 0.082943 -0.045419 -0.018253 0.079239 0.091896 -0.013023 -0.014041
-0.012036 -0.030524 -0.084001 -0.096129 -0.084571 -0.074070 0.122176 0.122583 -0.029384 0.045175
0.042367 0.054454 0.101501 -0.097838 -0.044768 0.044402 -0.121199 0.012993 0.029425 0.077530
0.044809 -0.011090 0.001594 -0.028041 -0.116966 -0.087419 0.052053 -0.000836 0.029506 -0.050995
0.021631 0.100850 -0.103699 0.042652 0.074070 -0.047210 0.051483 0.008038 -0.037117 0.116722
-0.027878 0.041838 0.085385 -0.156036 -0.019199 0.030056 -0.033088 0.057099 -0.055064 0.140083
0.041573 -0.147571 0.067559 -0.018701 0.208700 -0.048675 0.100443 0.205607 -0.074966 0.011782
-0.290910 -0.189165 0.060925 0.001375 -0.020491 0.034044 0.079076 -0.027776 0.008659 -0.008928
0.053192 0.024887 0.072809 0.014173 -0.039782 -0.032477 -0.011446 -0.055797 -0.067315 0.054047
-0.092385 -0.010622 -0.059094 -0.079443 -0.030076 -0.096373 -0.008129 0.105571 0.042082 0.039904
-0.044686 -0.004764 0.074152 0.274793 -0.030625 -0.087338 -0.076960 0.002383 0.003869 0.115501
0.004553 -0.024175 0.141141 -0.054088 0.001367 -0.028835 0.091978 -0.026413 -0.082373 -0.084978
0.060762 -0.056001 -0.157501 0.038460 0.005179 0.011100 0.061942 -0.006435 0.025151 0.085466
0.100606 -0.016371 0.036832 -0.501725 -0.174025 0.121199 0.161408 0.085303 0.058035 0.121362
-0.074030 -0.014489 -0.093361 -0.127303 0.050628 0.108420 0.001901 0.082332 0.440190 -0.094664
0.044198 -0.201374 -0.231002 0.000257 -0.051646 0.038154 0.055471 0.060355 -0.046233 0.049855
0.127222 0.044483 0.045663 0.005789 0.078751 0.069716 0.034899 0.138780 -0.025090 0.074722
-0.043791 0.001899 -0.011507 -0.059501 0.059785 0.095966 -0.096943 -0.013644 0.086443 0.063652
0.014020 -0.025192 -0.059867 -0.059704 0.109396 0.085954 -0.032009 -0.077082 0.074193 0.017653
-0.024826 0.062146 -0.006176 -0.060640 0.123803 -0.027451 0.052867 -0.006003 -0.015119 -0.036445
-0.027593 -0.028448 -0.006975 -0.089536 -0.006410 0.113222 -0.053762 -0.032294 -0.057628 -0.016971
-0.024093 -0.179071 0.117292 0.034268 0.084978 0.018925 -0.012515 0.017877 0.048349 0.039681
0.223676 0.040149 0.007951 -0.103129 -0.049326 -0.035509 -0.121687 -0.041024 0.062919 0.032416
-0.018487 0.051361 0.036262 0.027553 0.103536 0.021550 0.006369 0.004146 0.061820 -0.070733
0.014285 -0.200723 -0.319073 0.032233 0.030361 0.044768 0.026108 0.121443 -0.097350 -0.061210
-0.105001 -0.124943 0.017856 0.027105 -0.009930 -0.037035 0.129338 -0.027044 -0.126652 -0.044931
-0.087664 -0.014356 -0.046152 0.035916 -0.045297 0.034003 0.051849 -0.094501 0.065035 -0.286677
-0.041756 -0.020837 0.015262 0.015608 0.030890 0.235723 -0.147653 -0.133571 0.088966 -0.031073
-0.036649 -0.016768 -0.053721 -0.010744 -0.070245 -0.039253 0.120385 -0.018385 
