0.115290 0.001497 0.014946 -0.042014 -0.175125 -0.009383 -0.085721 0.022177 -0.035941 -0.021418
-0.056052 0.112602 -0.089205 0.017983 0.075665 0.171939 0.027254 -0.088508 -0.176818 -0.007946
0.131219 0.211066 0.112801 0.081489 0.408991 -0.192250 -0.122060 0.193444 0.025052 0.020721
0.062523 0.076760 -0.006695 -0.157503 0.103044 0.110909 0.006751 -0.018045 -0.077159 -0.044752
0.014884 0.020845 -0.018344 -0.008655 0.158001 -0.077059 -0.094084 -0.022600 -0.538020 0.106827
0.369366 0.292108 -0.039849 -0.136397 -0.042935 0.103741 -0.052070 0.090400 -0.173134 -0.062872
0.025002 0.198323 -0.165767 0.066356 -0.119173 0.048560 0.069941 -0.049531 0.088857 -0.083530
-0.198920 0.081639 0.088160 0.044827 0.049780 0.049755 0.049705 -0.014685 0.036837 0.020571
-0.052617 0.107226 0.230779 0.052667 -0.220823 -0.142569 0.073575 -0.044727 0.053264 0.079847
0.017697 0.020721 0.002007 -0.079946 0.092192 0.015556 -0.114195 0.094134 0.005753 -0.016415
-0.118775 -0.134605 -0.097369 -0.044876 -0.328148 0.139981 0.082784 -0.016129 -0.060084 -0.074620
0.050900 -0.047614 -0.141375 0.096971 -0.090450 0.161386 0.096423 -0.056699 -0.071932 -0.146452
0.252881 -0.172537 -0.059337 -0.146054 -0.117679 0.080494 0.045001 0.096772 -0.063270 -0.228987
-0.041840 0.131319 0.062175 -0.100854 -0.124748 -0.089952 0.001819 -0.027653 0.160092 -0.125545
-0.185181 0.015357 -0.047266 -0.062523 0.056825 -0.048941 0.059006 -0.097547 0.160789 0.054100
0.000791 0.020906 0.136046 0.111386 0.209185 0.043909 -0.076620 -0.099895 -0.107528 0.001772
-0.123632 -0.178654 0.061648 0.143091 0.103334 -0.017194 0.123297 0.009588 -0.030614 0.073013
0.009719 0.028748 0.017792 -0.017561 -0.016230 -0.109373 -0.116503 -0.052422 -0.164396 -0.067897
0.092431 0.131433 -0.024051 -0.084630 -0.084420 -0.001145 -0.126400 -0.079262 0.035270 -0.070162
-0.006506 0.007937 -0.041141 -0.049864 -0.149550 -0.065087 -0.073307 0.064081 0.122961 0.170267
0.091005 -0.094444 -0.142252 -0.110128 0.043615 -0.088488 -0.032355 0.068484 0.226631 -0.030027
-0.222940 -0.179325 0.082533 -0.043070 0.058922 0.041539 -0.069323 0.248439 0.260013 0.008115
-0.100734 -0.041959 -0.058000 -0.184693 -0.087566 0.150304 0.141414 0.056448 -0.076998 0.281989
0.186035 0.022667 0.028308 -0.049277 0.195094 0.068820 0.052170 -0.061606 -0.032544 -0.007077
-0.084379 -0.010935 -0.037450 0.028748 0.031244 -0.045670 0.057622 -0.012267 -0.018631 -0.005347
0.139904 -0.045209 -0.016932 0.202475 -0.036297 -0.030153 -0.191068 -0.012267 0.040910 -0.020717
0.030006 0.171525 0.323423 0.071420 0.158189 0.373077 0.031852 -0.093269 -0.042357 0.059006
0.120864 0.131516 0.056742 -0.115664 0.052087 -0.040721 0.076075 0.039002 0.018044 -0.207507
-0.237870 0.008676 -0.092766 0.155421 0.022332 -0.042483 0.064458 -0.001750 -0.010225 0.081187
-0.081492 0.122366 -0.047745 -0.698361 0.077013 -0.066120 0.179986 0.057009 -0.138349 0.043851
-0.225186 0.079864 0.256337 -0.034714 -0.025832 -0.007304 0.063881 -0.026545 -0.076301 -0.033493
0.127558 -0.047542 0.038863 0.208389 -0.109335 -0.047592 0.021938 -0.172554 -0.049374 0.021226
-0.045302 -0.068513 0.102769 0.185890 0.090451 -0.108419 -0.026621 0.032526 -0.151990 -0.283824
-0.035885 -0.104092 0.044996 -0.036267 0.107401 -0.040314 -0.006643 0.057925 0.052632 -0.019737
0.041052 -0.040466 -0.028505 0.059605 0.043800 0.025463 -0.075486 0.591673 0.022104 -0.039881
-0.147409 0.088771 0.191591 -0.092385 -0.008520 0.036700 0.234552 0.067087 0.077624 -0.016021
0.042859 0.083936 -0.193627 -0.005380 -0.174896 0.251858 -0.039194 -0.059961 -0.121857 0.071618
0.002052 0.002287 0.021175 0.365469 0.354067 -0.026239 0.167770 -0.176932 -0.018617 -0.019508
-0.005154 -0.141607 -0.007381 0.044233 0.032322 0.032984 -0.004432 0.088873 -0.053090 0.113000
-0.003903 0.136313 -0.179375 -0.102922 -0.119312 0.007069 0.093607 -0.184160 0.049119 -0.004915
-0.358343 0.110150 0.056551 0.007056 0.005243 0.086837 0.100937 -0.295022 0.097984 0.127456
-0.361601 -0.173471 0.157793 0.108724 -0.023707 0.000576 -0.019062 -0.092691 0.012528 0.109132
-0.043622 0.038456 -0.035045 -0.208389 0.012013 0.057722 0.104042 0.231701 -0.233126 0.025578
-0.046931 0.021098 -0.012987 -0.023792 -0.000902 -0.123597 0.106963 -0.051811 -0.055220 0.033405
0.078535 -0.038074 0.114530 -0.005330 0.256192 -0.161296 0.083579 0.103963 -0.148071 0.022139
0.063844 -0.023434 0.013370 -0.014316 -0.228242 -0.086306 0.106554 0.054095 0.051266 -0.051334
0.027814 0.002382 0.063844 -0.063809 -0.044823 0.049664 0.119711 0.075944 -0.004516 0.025309
-0.139140 -0.036472 0.059685 -0.082966 0.120120 -0.009152 -0.042199 -0.062889 -0.035211 -0.024576
0.212835 0.003660 0.071445 0.113780 0.029519 0.057947 0.107304 0.080239 -0.054061 -0.022804
0.085079 0.048777 0.024576 0.027491 0.015509 0.003268 0.249648 0.052459 -0.151070 -0.436031
0.392128 -0.130209 -0.041892 0.034666 -0.011197 0.084193 -0.067048 0.013029 -0.037699 0.081739
-0.009374 0.049493 -0.027576 -0.036404 -0.155979 -0.032604 -0.037154 -0.041108 -0.142890 0.098986
0.048573 -0.014078 0.052970 0.077103 0.032535 -0.134163 0.138936 0.120870 0.013029 0.016387
0.013456 -0.007226 -0.014700 -0.118279 0.015986 0.090260 0.012228 0.052800 -0.005918 0.085079
0.042881 -0.167704 -0.022531 0.053413 -0.064832 0.122642 -0.052050 0.009493 -0.003566 0.138867
0.074035 -0.007316 -0.063571 0.120120 -0.101373 0.061594 -0.037665 0.055527 0.073626 0.131164
-0.016395 0.208199 -0.324774 0.162932 0.043494 -0.180112 -0.104577 0.045267 -0.014998 -0.086715
0.116439 0.159524 0.002633 -0.009953 0.004288 0.096328 -0.015023 -0.028274 0.276325 0.059303
0.154388 -0.038082 0.054006 0.010679 0.067689 -0.102078 -0.101230 -0.142521 -0.308050 -0.144822
-0.035842 -0.360845 -0.174489 -0.114489 -0.004685 0.130776 -0.094449 0.033511 0.176790 -0.472488
-0.116790 0.136830 -0.065267 -0.047013 0.134287 0.035782 0.079555 -0.000051 -0.308292 -0.062482
-0.222077 -0.097840 0.057820 -0.133561 0.095236 -0.086215 -0.166739 0.085125 0.092270 -0.008945
-0.066478 0.123147 -0.004196 -0.008809 0.191078 -0.088576 -0.261067 -0.117274 -0.134287 0.235760
0.008915 0.024823 0.040141 0.193863 0.269301 -0.170130 0.260099 -0.069081 0.141795 0.005063
0.025565 0.007080 -0.079374 0.076225 0.401530 0.239514 0.185024 0.308292 -0.033481 -0.096447
0.033330 -0.231764 -0.337111 0.299331 0.008143 0.054490 -0.061664 0.063935 -0.030454 -0.032149
0.186235 0.215054 0.004367 -0.047134 -0.100140 0.069808 -0.125448 0.195437 0.099717 -0.284801
0.299816 0.263489 0.050888 0.011980 0.106134 0.091604 -0.106861 -0.215417 -0.017361 -0.089000
-0.127991 -0.172430 -0.216991 -0.053521 0.032512 0.051463 -0.006403 -0.139494 -0.080100 0.158021
-0.005544 0.099777 -0.023597 -0.010913 0.060423 0.021902 -0.040625 -0.017512 -0.015575 -0.164439
0.023824 0.156931 -0.081493 -0.076044 0.027048 0.197980 -0.101170 -0.047981 -0.001356 -0.083188
0.058849 -0.138404 -0.057578 0.157052 -0.019859 0.368110 0.102562 -0.017255 0.042563 0.035782
0.072133 -0.100325 -0.129516 0.097176 -0.051200 -0.007255 -0.008522 0.079891 0.063683 -0.002547
-0.022969 -0.065642 -0.145495 0.252734 0.043902 -0.053005 0.025773 0.008488 0.012128 -0.055425
0.033090 0.000578 -0.038889 -0.091645 0.002648 -0.010178 0.045285 0.067485 0.042173 0.050547
-0.035721 0.000292 -0.076166 -0.011071 0.099634 -0.012521 -0.079891 -0.248278 -0.029959 -0.209254
-0.049010 0.002852 0.028769 -0.181446 0.021183 0.107469 0.020914 -0.067063 0.277930 -0.125445
-0.251812 -0.003627 -0.011744 -0.054119 0.027443 -0.046859 0.106855 -0.022604 -0.138504 0.081428
0.095639 -0.117149 0.092259 -0.042865 -0.011590 -0.013904 0.020223 0.121834 -0.043940 0.017591
0.025715 0.088726 -0.028500 -0.140655 -0.094026 -0.162395 0.095870 -0.212634 -0.018926 -0.076857
-0.069559 -0.011542 -0.254731 -0.068791 0.108007 -0.271324 0.446163 -0.035855 0.075782 0.006155
0.014970 0.004700 -0.003538 0.107700 -0.063107 -0.016612 0.009977 -0.020972 -0.008296 -0.054234
-0.127980 0.278852 -0.060917 -0.085653 0.077049 0.037372 -0.018369 -0.000534 -0.098635 0.019281
0.032802 -0.070366 0.146493 -0.108468 0.064566 -0.023660 0.036028 0.017822 -0.003018 0.026003
0.103014 -0.119376 0.156787 0.023065 0.060725 -0.096792 -0.082964 0.098942 -0.047935 -0.032994
0.017342 -0.104397 0.065411 -0.088495 -0.029786 0.024294 0.076051 0.107930 0.001956 0.000410
0.067140 -0.000096 0.025715 0.015604 -0.081853 -0.005352 -0.071582 0.077253 0.062035 0.132955
-0.059578 0.056585 -0.095904 -0.057530 -0.147952 -0.055923 0.025520 -0.029442 -0.000263 0.049086
0.020180 0.030529 0.001126 -0.060050 -0.022606 0.119597 0.214367 -0.044140 -0.062760 -0.055482
0.010358 0.028781 0.026481 -0.000603 0.039887 0.109074 0.005963 -0.073094 -0.093825 -0.159420
0.028466 0.058318 0.015595 -0.123693 -0.040769 -0.115690 -0.079080 0.042313 -0.073724 -0.058034
-0.026591 -0.008538 -0.066352 -0.011783 0.028403 -0.017864 -0.054631 0.104600 0.062949 -0.071204
0.068368 0.001217 -0.029836 0.024212 -0.027867 0.035350 0.188280 0.074291 0.063485 -0.154631
-0.018526 0.052804 0.086074 0.059074 0.104348 0.121928 0.033144 -0.026292 -0.036704 -0.045180
-0.167486 -0.118841 0.009554 0.018604 0.062256 -0.011925 0.069754 -0.096471 0.034468 -0.008381
-0.269943 0.003062 -0.021629 -0.139131 0.050945 -0.030151 0.045495 -0.045463 0.033396 -0.042565
-0.050693 0.033680 0.053056 -0.044486 0.022921 -0.002239 -0.000684 -0.061563 -0.008987 0.004234
-0.063894 0.023897 -0.027977 -0.011137 0.065469 -0.068809 -0.167612 0.016241 0.001770 -0.064839
0.030041 0.006341 -0.122369 0.005797 0.037902 -0.024811 0.118904 -0.112539 -0.100504 -0.107120
0.024212 0.007794 -0.059357 -0.014430 0.082735 0.130309 -0.001185 -0.014658 0.027867 -0.036263
-0.111972 -0.008062 0.046692 -0.014146 0.050126 0.058727 0.033144 0.015532 0.043896 -0.015565
0.061209 -0.020776 0.050856 -0.111086 -0.006305 -0.025778 -0.188174 0.023941 0.012111 0.039139
0.028244 0.041237 0.005303 -0.010248 0.050471 0.029608 0.032913 -0.020951 0.065126 0.081705
-0.015836 -0.176002 0.190272 0.228607 -0.019867 0.112275 0.029223 0.052290 0.103950 0.082615
-0.056872 0.085063 -0.097585 0.045365 -0.032598 0.036061 -0.000818 0.078208 0.042671 0.053339
-0.061734 -0.166209 -0.009496 0.044980 0.064916 0.044420 0.017208 0.160053 0.022140 -0.078347
-0.253230 -0.164949 0.092828 0.010537 0.076529 0.094647 -0.133121 -0.010528 -0.141165 -0.085273
0.048373 -0.001001 -0.056592 -0.042322 0.133051 0.221332 0.142215 -0.014332 -0.159213 0.093737
-0.020356 -0.116262 0.013807 0.080516 0.066665 -0.071912 -0.035764 -0.262604 -0.045784 0.014069
0.031636 -0.027789 0.062538 -0.158374 0.074360 -0.096116 -0.093527 0.003727 -0.011402 -0.051066
-0.086182 -0.068834 0.196009 0.124167 -0.011936 0.037740 0.050646 0.000732 -0.091709 0.043126
0.010817 0.014463 0.038999 0.056137 0.189293 -0.038579 -0.082545 -0.001045 -0.039384 -0.000121
0.122278 0.081146 -0.060439 0.038509 -0.008635 0.008749 0.008853 -0.017243 0.039768 -0.069603
0.064916 0.130253 -0.049142 0.049177 0.072541 0.188034 0.065651 -0.044245 -0.040888 0.000786
0.005929 0.032336 0.032721 -0.008202 0.053654 -0.034102 -0.111225 0.157954 -0.027142 -0.030482
0.123537 0.086322 0.002909 -0.281110 -0.086253 0.010954 0.057912 0.172813 0.093012 0.060869
0.081184 0.025192 0.044816 0.126883 -0.056798 -0.178958 -0.068242 0.060677 -0.103842 -0.124272
-0.053150 -0.118204 -0.126346 -0.101614 0.186792 -0.049693 -0.084102 -0.007148 -0.083488 -0.015448
-0.014468 0.060369 0.011982 0.097083 -0.041514 -0.019816 0.029570 0.026325 -0.100155 0.010004
-0.082797 -0.105455 0.038845 0.084026 0.014756 0.087482 0.025365 0.065554 0.043242 0.113903
-0.055915 -0.057028 -0.055185 0.072390 0.064171 0.131415 -0.015246 -0.186331 0.088711 -0.052382
0.030511 -0.017003 -0.004968 -0.065477 -0.063365 0.213674 0.047927 -0.088173 -0.088557 -0.157759
-0.026056 -0.070700 -0.039133 0.101845 -0.022600 -0.067090 0.017464 -0.043280 0.135562 0.014862
-0.067628 0.056030 0.032393 0.073273 0.204918 -0.060254 -0.036348 0.207222 0.070892 0.025154
0.060792 0.032585 -0.010196 -0.060139 -0.047351 -0.118819 -0.015448 0.029878 0.047581 0.008765
-0.039440 -0.045162 0.148850 0.052842 -0.025346 -0.152997 -0.075731 -0.048465 0.035657 -0.057451
-0.115363 0.129648 0.039785 -0.059025 -0.169741 -0.046468 0.043587 0.007863 -0.012663 0.111369
0.167437 0.041782 0.021525 0.430728 0.080569 -0.004068 0.032873 0.000731 0.029935 -0.044970
-0.071314 0.049079 -0.083334 0.027458 0.019835 0.040822 0.030396 -0.159756 -0.185102 -0.209834
0.025442 -0.024924 0.079725 -0.064479 -0.127267 -0.030876 0.080133 -0.009660 0.093213 0.013954
-0.052846 0.155004 -0.113734 0.006413 0.101933 0.053522 0.051417 0.137038 -0.045441 0.191236
-0.084418 0.052395 0.172443 -0.038112 0.056529 -0.123507 0.103586 -0.118170 0.099151 0.193491
-0.027870 0.091935 0.172143 -0.007799 -0.004118 -0.082613 -0.035312 0.090506 0.028584 -0.027062
-0.017214 0.042058 -0.049237 -0.043111 0.012967 -0.027231 0.220102 -0.070473 0.027268 0.096219
-0.057356 0.032324 -0.024506 -0.034053 0.120425 -0.010618 0.223410 -0.001041 -0.038431 0.176803
-0.033996 -0.068293 0.016735 -0.077126 0.012056 -0.442610 -0.001797 0.022082 -0.031666 0.042622
-0.181614 -0.035800 -0.137188 0.040217 -0.114486 0.127716 -0.016697 -0.004867 0.043148 -0.057243
0.117117 0.015250 -0.029129 -0.097347 0.015795 -0.006554 -0.035706 0.071902 -0.138842 0.129370
0.097497 -0.007602 0.081336 0.038337 0.037473 -0.167933 -0.064798 0.100279 -0.031347 0.018981
0.085470 -0.110577 -0.151696 0.170940 0.093213 0.067391 -0.085094 0.173496 0.036270 0.022852
-0.154553 0.026028 -0.048486 0.151095 -0.011952 0.124409 -0.034222 -0.079607 0.069007 -0.025821
0.009941 0.124183 0.164175 -0.019845 -0.026968 0.167031 0.061603 -0.141623 0.032061 0.000497
-0.109450 0.058333 -0.024637 0.008227 0.106744 0.144705 0.011435 0.106894 0.090281 0.034842
-0.044314 -0.012338 -0.024055 0.038337 0.192138 -0.037398 0.055552 0.001029 -0.012027 -0.090356
-0.032231 0.196774 -0.013129 0.126642 -0.036006 -0.007659 0.036878 -0.083958 0.092280 -0.026358
0.051106 0.082549 -0.088320 -0.069126 -0.003020 0.076173 -0.238653 -0.117984 -0.001358 0.178788
0.020721 0.012768 -0.095233 -0.122816 0.058455 0.025050 -0.075502 -0.017600 0.082213 0.023557
-0.012231 0.091206 -0.099260 -0.011493 -0.078589 -0.011359 0.024932 -0.118924 0.037382 0.054630
0.091407 0.147245 0.016040 -0.015000 0.069596 -0.038791 0.001041 0.043355 -0.061677 -0.058254
-0.036308 0.029496 0.011761 0.135970 -0.046543 -0.010444 0.097313 -0.028473 0.142950 0.195566
-0.033556 -0.045838 -0.258921 0.001385 0.051006 0.011585 -0.031660 -0.132950 -0.316772 -0.100937
-0.086374 0.115702 -0.016719 0.034630 -0.071072 0.044831 -0.023053 0.046643 0.083153 0.031727
0.072616 0.017248 0.153554 -0.117581 0.092079 0.048657 -0.014605 -0.041677 0.173956 -0.123152
0.074294 -0.112279 0.000842 -0.173822 0.090401 -0.075099 0.021543 0.026744 -0.005130 0.015318
-0.098052 -0.004169 -0.096105 0.055234 0.112078 0.035066 0.083220 -0.095703 0.031811 -0.105702
0.024597 -0.085367 0.296369 0.008901 -0.018859 -0.069864 0.031795 -0.012684 -0.094293 0.094495
0.152211 -0.111743 0.176238 -0.157983 0.343885 -0.089260 -0.057583 -0.034496 0.116910 -0.205096
0.300933 -0.100333 -0.033405 -0.048187 0.070871 -0.002485 -0.063254 -0.061341 0.119729 -0.050502
0.080267 0.049831 0.025905 0.082951 0.148945 0.007531 -0.043961 -0.087812 0.036409 0.111185
-0.001691 0.056888 -0.079379 -0.019707 -0.111791 0.001425 -0.070063 0.212338 0.068243 -0.050025
0.119288 0.078993 -0.008145 -0.133841 0.017185 -0.223252 -0.359849 -0.123037 -0.074803 -0.150378
-0.003931 0.039579 0.005912 -0.098617 -0.123037 -0.076402 0.143874 0.009089 0.024572 -0.101263
-0.049832 0.136707 -0.055730 0.182130 -0.117524 0.052009 -0.048674 -0.007821 0.052092 -0.043272
-0.029078 -0.070393 -0.054104 -0.054876 0.025412 0.191390 -0.022642 -0.168459 0.120611 -0.035114
0.039331 -0.320822 0.011163 0.384324 0.231741 0.027562 -0.115319 0.014126 0.353896 0.083788
0.020327 0.198005 0.293921 0.106279 0.046277 0.105948 0.096743 0.037291 0.055096 -0.067527
0.113004 -0.133400 -0.010053 0.018591 -0.048371 -0.022573 0.144535 -0.127006 -0.033984 -0.011280
-0.080536 -0.059203 -0.087537 0.033157 -0.001211 0.126344 0.087592 0.149606 0.234387 0.124470
0.119950 -0.005857 -0.012568 0.025729 0.202195 0.085828 0.102255 0.489060 0.311561 0.049915
0.174412 0.041508 -0.018659 -0.069677 0.003096 -0.026170 0.028664 0.034673 0.049556 0.023855
0.005754 0.115871 -0.001902 -0.064991 -0.030373 0.055813 0.124139 -0.119068 -0.000315 0.048730
0.212999 -0.005375 -0.181358 -0.082300 0.133951 0.254893 -0.074858 0.021664 0.095475 0.254673
-0.035803 0.021705 0.039744 0.032192 0.163939 -0.068188 -0.047489 -0.016041 -0.044592 0.104353
0.151769 0.093143 -0.034095 0.144030 -0.066855 0.045237 0.020873 0.059916 -0.004665 0.184685
0.074417 -0.067967 -0.170718 -0.084870 0.037208 0.000212 0.028312 -0.048351 -0.019527 0.114583
0.069746 -0.062941 0.046928 -0.011081 -0.012243 0.070858 0.022619 -0.037698 0.047328 0.317595
0.194649 -0.071748 0.050130 0.065654 -0.100260 -0.026311 -0.052488 0.128461 0.018382 -0.116451
-0.065521 -0.038787 0.017381 -0.066277 0.133799 0.063030 -0.185219 0.171608 0.286814 -0.155951
0.136646 0.163068 0.045237 -0.025910 0.002252 0.044459 -0.306919 -0.259769 -0.106932 -0.090208
0.106755 -0.061206 0.045771 -0.073127 -0.069168 0.392857 -0.103374 -0.045482 -0.001423 0.169918
0.157552 0.046127 0.048484 0.144474 0.016391 -0.323288 0.065209 -0.118675 0.013133 -0.019516
-0.110847 0.109601 -0.021629 -0.006856 0.177924 0.006088 0.045259 0.114583 0.118586 -0.153727
-0.031026 0.120899 -0.447657 -0.097502 0.040656 0.049997 0.056357 0.114049 -0.052132 0.021184
-0.059071 -0.005827 -0.059160 -0.027578 -0.034717 0.010175 0.005821 -0.277562 0.048974 0.097147
-0.367591 -0.045682 0.070680 -0.027178 -0.014879 0.103552 -0.073616 0.111736 0.174811 -0.214932
0.070191 0.130863 -0.172942 -0.003208 0.038387 -0.011876 0.051420 -0.057870 -0.202834 0.069390
0.026911 -0.090741 -0.001906 0.110847 0.135934 -0.079310 0.021963 -0.015668 0.081534 0.004226
0.028512 0.012777 -0.053515 0.104553 -0.033142 0.108303 -0.152798 -0.060129 0.028597 0.008064
-0.009638 -0.000950 0.064196 0.056663 -0.166380 0.115730 -0.181518 0.011964 -0.149261 0.012123
0.042515 0.032063 -0.045380 0.001975 0.048457 -0.062711 -0.039614 0.063277 -0.112759 -0.115023
-0.007145 0.081422 -0.122875 -0.149685 0.217596 0.089840 -0.176001 0.006110 -0.000116 0.237544
-0.026527 -0.195808 -0.007114 0.003424 0.052807 0.059669 0.084746 -0.010133 -0.061685 0.094367
0.098965 -0.106322 0.289184 -0.074348 -0.068299 -0.119126 -0.042762 -0.114881 -0.032823 0.072225
-0.118701 0.005473 -0.028190 0.038765 0.217171 0.069749 0.178264 0.086303 0.067946 -0.100663
-0.229197 0.024494 0.065611 -0.014767 0.068865 0.189583 0.007644 0.011248 -0.025307 -0.021576
0.058042 0.035918 0.175576 -0.177698 0.122380 0.167229 0.097055 -0.086586 0.038978 -0.065257
0.146573 0.023309 0.121107 -0.060093 0.038482 -0.119409 -0.009320 -0.006181 -0.073286 -0.022778
0.023822 -0.012777 0.137094 0.038482 0.054859 -0.011159 -0.050827 0.025979 -0.020196 -0.016765
0.175718 -0.128676 0.022425 -0.079512 0.202599 -0.008604 0.040746 -0.007512 -0.027111 0.162136
-0.070669 0.048952 0.000932 0.122026 0.134901 0.004063 -0.134335 -0.056061 -0.070068 -0.089769
-0.011522 -0.192129 0.046830 -0.129312 -0.030931 0.091042 -0.030277 -0.014263 0.099602 -0.053833
0.019294 0.191422 -0.001624 -0.028773 0.091184 -0.015183 0.018326 0.068824 0.080263 0.086411
-0.391971 -0.071731 -0.039011 -0.395784 0.132405 -0.088746 -0.116772 -0.070969 -0.087555 0.119917
-0.085076 -0.001373 0.121538 -0.100948 0.021674 0.099137 0.006393 -0.054382 -0.329629 0.163480
0.103331 0.028788 -0.036509 0.043134 0.002892 -0.042109 -0.100281 -0.131928 0.043897 0.013607
0.105809 0.014013 -0.076021 0.010122 0.073685 -0.168628 0.111624 0.091368 0.009032 0.159572
0.011016 0.084600 -0.014203 0.132023 0.090986 -0.086459 0.046899 0.020888 -0.093560 -0.023116
0.069729 0.137933 0.119727 -0.027310 -0.025880 0.095085 0.031004 -0.174919 0.020268 0.108192
-0.168151 -0.028478 -0.054049 -0.126685 -0.149468 -0.032100 0.181115 -0.070921 0.025142 0.069253
0.052762 -0.026786 0.073924 -0.072017 -0.087078 0.234878 -0.001151 -0.027215 -0.085982 -0.192840
0.016610 0.364137 -0.058386 -0.079881 0.093846 0.220007 0.043110 -0.008001 -0.069491 -0.112959
-0.243457 0.035508 0.104093 -0.080549 -0.027739 -0.026619 0.052523 0.023962 0.007108 0.382820
0.104856 0.105333 -0.203611 -0.073066 0.009943 0.140221 -0.047042 0.036676 -0.106572 0.108002
0.191887 -0.266525 -0.033006 -0.036247 0.009657 -0.014894 0.084838 -0.266716 0.001019 -0.108764
-0.186549 -0.049568 0.036557 0.052428 -0.009062 0.143558 -0.089557 -0.119441 0.065821 0.055431
-0.036056 -0.120775 -0.057051 -0.065869 0.138601 0.226108 -0.020006 0.116962 0.035842 0.045541
0.034668 0.053201 -0.108341 -0.101068 0.295663 0.089054 -0.025765 0.039032 0.018075 0.149340
0.225410 -0.093203 0.213558 -0.299973 -0.122187 0.175415 -0.298249 -0.254072 0.032944 0.011139
-0.003603 0.244805 -0.112813 -0.035773 0.003054 -0.023705 -0.242004 0.034911 -0.020567 -0.101230
0.149771 0.047409 -0.237047 0.133824 0.097189 0.018843 -0.018425 -0.226703 -0.027031 -0.030628
-0.511160 0.072515 -0.022264 -0.097674 -0.017401 -0.002429 0.083505 0.041968 -0.011637 0.418281
-0.061848 -0.121325 0.098321 -0.019018 -0.119601 -0.062656 -0.062063 -0.137164 -0.013583 0.089270
-0.042722 -0.073431 0.076555 0.008553 0.010068 0.237047 -0.087438 -0.289413 0.019247 -0.039894
0.103223 0.176385 0.007967 0.023651 -0.082428 -0.041591 -0.382939 0.006243 0.054225 0.010681
0.242435 -0.003933 -0.090617 -0.216467 -0.108880 0.187375 0.128544 0.016755 -0.015381 0.025994
-0.240495 0.201598 0.015651 -0.360527 -0.091425 -0.041052 0.110335 0.153219 -0.022816 0.096758
-0.023597 -0.094657 0.053093 -0.020647 -0.038924 -0.032109 0.213666 -0.039571 -0.050588 -0.278423
-0.032486 -0.023826 -0.415048 0.004041 -0.013610 0.102523 0.021900 0.021833 0.053497 0.145353
-0.132208 0.049295 -0.052662 -0.311178 -0.116261 -0.062764 -0.023880 -0.060016 0.138673 -0.017577
0.255580 0.191470 0.019664 0.028607 0.030924 0.099775 0.090455 -0.032702 -0.208925 0.341133
0.103277 0.000144 0.029442 0.117446 0.021813 -0.153556 -0.154707 -0.127430 0.120693 -0.201784
-0.097031 -0.048762 -0.022943 0.041470 -0.115927 -0.051062 -0.216573 0.171385 0.143697 0.022163
-0.002675 0.032371 0.036561 -0.002773 -0.072876 -0.272606 -0.013741 0.179437 -0.037547 0.319437
0.082735 0.014265 0.130798 -0.031857 -0.232019 0.042518 -0.008786 0.043586 -0.067001 -0.027749
0.007420 0.075299 0.102124 -0.167277 0.289859 -0.010537 0.035986 0.065974 0.108944 -0.053157
-0.012735 0.032597 0.144601 -0.172864 0.016668 -0.123486 0.145258 0.065440 0.009479 -0.159143
0.131538 -0.139507 0.285423 -0.034548 -0.021916 -0.006511 0.066262 0.035657 -0.010373 -0.022265
0.003633 -0.004193 0.037485 0.027791 0.051473 -0.033850 0.060100 0.095141 -0.058580 -0.046174
0.259132 0.255352 0.033521 0.076285 0.035863 -0.130141 0.109848 -0.030913 0.041901 -0.045065
0.010260 -0.023436 -0.024032 0.041244 0.173193 -0.099249 -0.011533 0.136796 0.022306 0.006973
-0.103768 -0.041737 -0.032556 -0.115024 -0.019924 0.028407 0.068727 -0.021711 -0.062482 -0.116420
0.077353 -0.045886 0.110833 -0.034261 0.098920 -0.028571 -0.001479 -0.058703 0.064495 0.011225
-0.009418 0.004336 -0.162841 -0.067166 0.075751 0.295118 0.023436 0.069712 0.077559 0.035863
-0.018137 -0.097606 -0.034178 -0.030584 0.148298 -0.109190 -0.031077 0.055129 0.002164 0.032679
-0.054020 -0.160869 0.042764 -0.089061 -0.050117 0.012016 -0.029598 -0.016124 -0.065742 -0.093675
0.142488 0.078016 0.296262 -0.015965 0.026475 0.028991 0.006266 0.081072 -0.040042 0.017035
-0.148319 -0.199953 -0.107501 0.009905 -0.175688 -0.047896 -0.038514 -0.140136 -0.106748 -0.198072
-0.163367 0.465742 -0.085069 -0.082906 0.018587 0.048766 0.068752 -0.086715 -0.008277 0.076887
-0.140983 -0.037221 0.013473 0.097719 0.032213 -0.099318 -0.058829 0.093017 -0.110322 -0.322032
-0.035105 -0.144463 0.089302 -0.033012 0.156690 -0.049377 0.037903 0.091465 0.045544 -0.104303
-0.109194 0.031296 -0.061980 0.050459 0.002786 -0.057324 -0.039901 0.177475 0.060193 0.004864
0.215189 -0.011515 0.024924 -0.048766 0.088690 0.171173 0.171173 -0.034117 0.032236 0.020245
0.022337 0.099318 -0.105620 -0.004215 -0.125276 -0.013120 -0.042017 -0.069410 -0.106936 0.154903
0.058171 0.063626 0.092123 0.143334 -0.589890 0.101105 0.200894 -0.016541 0.006460 -0.011080
-0.056525 -0.054315 0.056243 0.246979 0.097531 -0.130731 -0.047143 0.066635 -0.024759 -0.083047
-0.071479 -0.151705 0.217447 0.047755 -0.097907 -0.001981 0.022067 -0.189796 -0.078533 -0.021961
-0.180861 0.133271 0.052622 -0.117376 0.079097 -0.010111 0.035928 -0.090807 0.080273 -0.154809
-0.060146 -0.262591 0.105149 0.149259 0.069551 0.168728 0.079944 -0.006707 -0.112203 -0.158665
0.015683 0.094522 -0.102986 0.023666 -0.117094 0.012709 0.050364 -0.034917 -0.098472 0.130261
0.119539 -0.055866 -0.024816 0.096940 0.030044 0.006658 -0.124765 0.088241 0.040724 0.036881
-0.034200 -0.036464 0.068400 -0.026067 0.129055 0.002253 0.045163 -0.057943 -0.078350 -0.016638
0.068996 0.081508 0.012773 0.123931 -0.127982 0.012050 0.016877 0.055679 0.115291 -0.027378
-0.027721 -0.020943 0.052611 -0.142282 0.097595 0.056365 0.133344 0.025635 -0.017845 0.047934
-0.145857 -0.026514 0.169332 -0.064944 -0.042750 0.031400 -0.032621 -0.060774 -0.000991 -0.001164
0.038490 0.021315 0.224982 0.035570 -0.042393 -0.051032 0.025635 0.054160 0.010367 0.018485
-0.128697 0.023639 0.126790 0.173264 0.032979 0.100455 0.052939 -0.004532 0.061369 0.028391
-0.051449 0.028212 -0.026365 -0.027646 -0.020571 -0.004919 -0.046712 -0.068221 0.079423 -0.163016
-0.029985 0.052730 -0.122381 0.021107 0.006818 -0.047576 0.014702 -0.017115 -0.036494 0.038073
0.088658 0.132987 -0.066851 -0.088837 0.040516 0.031340 0.025635 0.036941 0.046563 -0.071618
-0.087526 0.032740 -0.076146 -0.005269 -0.078410 -0.006710 0.056305 0.010486 0.006956 0.121786
0.011052 0.020347 0.016683 0.050615 0.189709 0.080436 -0.041261 -0.051747 -0.042035 0.049900
-0.073286 0.098846 0.093246 -0.014426 0.148240 0.122024 0.214614 0.211754 -0.091518 -0.108141
0.029731 -0.025173 0.029672 0.025144 -0.016891 -0.047963 0.033843 -0.024548 0.034468 -0.074120
0.030029 -0.067447 -0.116602 -0.080972 -0.066315 -0.068400 0.004148 0.068281 0.050234 0.009148
0.090838 -0.210655 0.076219 -0.135000 0.050972 -0.044422 -0.119730 0.249871 0.032752 -0.010514
-0.031820 -0.018567 0.261497 0.026332 0.001593 0.005846 -0.057566 -0.051102 0.147754 0.102725
-0.224537 0.310951 -0.158685 0.022731 -0.114784 -0.003568 -0.046721 0.182892 0.050451 -0.090144
-0.117908 -0.171613 0.030171 -0.004086 0.014164 -0.111054 -0.211349 -0.007738 -0.079646 -0.066155
-0.012851 -0.049410 -0.090491 0.046504 -0.029889 0.183759 0.160681 0.027221 0.017146 -0.100816
-0.020313 -0.069322 -0.038934 -0.047805 -0.140639 0.373418 -0.086544 -0.103072 0.016918 0.041255
0.014370 -0.007114 0.087498 0.126497 -0.312859 0.085416 -0.122940 -0.139251 0.047371 0.014890
-0.157471 -0.108885 -0.259762 0.053098 0.078085 0.019988 -0.132831 0.035507 -0.125803 0.246748
-0.044096 0.132917 -0.182198 0.042252 -0.143329 0.087542 -0.179421 0.038869 0.000684 0.034401
-0.127799 -0.168229 -0.089971 0.058477 0.027351 -0.005409 0.062381 -0.116520 -0.065504 0.027698
0.246574 0.043641 -0.072358 -0.281799 -0.015812 -0.070493 0.020671 -0.105154 0.273470 -0.008888
0.015129 -0.087715 0.067587 0.031039 -0.082553 0.005883 -0.051623 -0.019532 -0.061470 -0.107323
-0.142288 0.000805 -0.058911 -0.047588 0.109405 0.022688 0.339408 -0.361272 -0.006561 -0.009403
-0.002695 -0.112529 0.021549 0.048109 -0.187577 -0.137082 -0.007613 0.048065 0.037155 0.052794
-0.076011 -0.060412 0.063603 -0.015528 0.267316 0.023310 -0.079060 -0.112315 -0.072466 0.021201
0.000096 -0.042118 -0.025331 -0.040487 0.019038 -0.087569 0.038821 0.127844 -0.054562 0.097567
0.146492 0.119973 -0.101041 -0.065021 0.120895 0.223921 -0.073317 -0.029816 -0.059987 0.047968
0.087214 -0.071225 -0.039140 -0.121888 -0.317092 -0.088845 -0.097070 -0.031784 -0.059419 0.137061
0.087356 -0.081400 0.084945 -0.013082 -0.015511 0.049351 -0.111819 -0.030153 -0.030968 -0.118413
-0.161382 0.071757 0.419480 0.019694 0.041764 0.109337 0.049457 0.088207 -0.027565 -0.025278
-0.002912 -0.172585 0.066829 -0.040097 0.005056 -0.029266 0.006599 0.022140 -0.027210 0.089838
0.065978 0.013428 -0.069240 0.112882 0.040665 0.058001 0.048677 -0.015936 -0.027990 -0.020456
0.055519 -0.035825 -0.003315 -0.089554 0.002398 0.167764 -0.037119 -0.087569 -0.058462 0.202508
-0.027192 0.051442 -0.037261 -0.124511 0.072076 0.103523 0.094872 0.014784 -0.053250 0.070481
0.023824 -0.031411 -0.031996 -0.189603 0.140961 -0.004401 -0.003893 0.057682 0.004350 0.065446
-0.092532 0.121108 0.171593 0.088278 0.064702 0.034868 -0.067184 0.053853 0.113024 -0.005167
0.061830 -0.040984 -0.027937 -0.084662 -0.336662 -0.171025 -0.022442 -0.019446 -0.019854 0.007587
-0.037509 0.045770 -0.031908 0.139827 -0.003430 0.007733 0.124440 0.040842 -0.124015 0.211584
-0.032422 -0.019286 0.008230 0.042721 0.014816 -0.004972 -0.074425 -0.046236 0.157801 -0.109292
-0.032701 -0.000640 -0.033495 -0.032575 -0.122430 -0.098391 0.289760 -0.153181 0.184222 0.126183
-0.133402 0.099979 0.037682 -0.044503 -0.012064 0.012470 0.039883 -0.008712 -0.021422 0.026258
0.131092 -0.056739 0.023605 -0.023262 0.080128 0.030932 -0.103589 0.008482 0.073884 -0.076158
-0.011036 -0.006664 0.000390 -0.015665 -0.148417 -0.099041 -0.010593 -0.051506 -0.006330 -0.014095
-0.045298 -0.137084 0.067351 -0.084964 -0.102362 -0.010711 0.034704 0.137517 0.050387 -0.035552
0.120625 0.008044 0.017009 0.029687 -0.013986 -0.062262 0.053599 0.029055 -0.008802 0.027485
0.048835 -0.251645 0.147623 0.094277 -0.022811 0.075003 -0.060204 -0.106982 0.020808 0.086769
-0.101134 0.223925 -0.049845 -0.192018 -0.010278 -0.135351 0.007133 0.064247 -0.108281 -0.034578
-0.070274 0.041255 -0.000548 0.029723 -0.150871 0.011920 -0.013589 -0.297700 0.172961 -0.002292
0.007336 -0.047463 0.042193 0.029922 -0.055187 -0.055332 0.181046 -0.001403 -0.137300 0.049918
-0.022504 -0.071899 -0.034740 0.115211 -0.018038 -0.080705 0.181046 -0.007056 -0.011397 0.070022
-0.043746 -0.086769 -0.079695 -0.090595 0.054032 -0.036996 0.036797 0.117377 0.046886 0.212086
-0.039992 -0.107343 -0.004133 0.066160 0.075436 0.014844 0.054068 0.045695 0.111674 -0.044467
-0.006574 0.117449 -0.093122 0.291204 0.024760 0.027215 0.069228 0.017298 -0.009744 0.034428
0.099622 0.087357 0.019369 0.093217 -0.099554 -0.063985 0.010417 0.093558 0.068891 0.046881
-0.004353 -0.129059 -0.076454 -0.117544 0.171307 0.093217 -0.039147 -0.029522 -0.015187 -0.096011
-0.009267 -0.008139 -0.036319 0.230999 0.034667 -0.099486 -0.106368 -0.062520 0.106641 0.115022
-0.041259 0.065177 -0.028636 -0.038772 0.030357 -0.117680 0.020016 -0.006239 0.040271 0.120269
0.087016 0.007270 0.029164 0.007632 -0.091718 0.013765 0.085313 -0.117612 0.028909 -0.172125
-0.276517 -0.152227 -0.028602 0.046949 -0.043951 0.129264 0.056455 0.115772 0.016056 0.310724
0.081361 -0.142006 -0.065790 0.115908 -0.107663 -0.014753 0.064870 0.147185 0.158496 -0.012666
0.057477 0.085176 0.009361 0.035638 -0.050833 0.038738 -0.015315 0.046506 0.109162 -0.004203
-0.025195 0.162040 0.029147 0.223231 -0.012836 -0.060612 -0.331711 -0.018211 -0.115704 0.015195
0.002483 -0.006955 0.017086 0.019574 0.042282 -0.038670 0.037818 0.028858 -0.031975 -0.084291
0.037682 0.075977 -0.090491 -0.016890 -0.030868 -0.060169 -0.016456 -0.086335 -0.051140 -0.038261
-0.012989 0.025400 0.106845 0.087698 0.027768 0.045041 0.081633 -0.025604 -0.066812 0.022708
-0.164629 -0.131581 -0.451095 -0.122586 0.063337 -0.063201 0.023849 0.085449 -0.016984 -0.076318
0.067017 0.207422 0.014165 -0.017189 -0.119724 -0.006120 0.008015 0.068141 0.013688 0.020970
-0.016797 0.017359 -0.025274 0.036574 0.014068 0.197749 0.095911 -0.112047 0.097887 -0.015066
-0.067385 0.119703 0.103979 0.104061 0.102662 -0.365532 -0.056517 -0.006890 -0.190999 -0.157245
-0.139133 0.177168 0.077717 -0.182437 0.206147 -0.013224 -0.030358 -0.123244 0.115669 -0.053430
-0.058246 -0.061045 0.057670 -0.038632 -0.083191 0.026118 0.113364 -0.027003 -0.089242 0.017031
0.065121 -0.029905 0.054336 -0.002065 -0.144402 0.184577 -0.028176 0.124231 -0.143002 0.000216
0.176344 -0.135016 -0.242371 -0.010286 -0.149259 -0.054912 -0.093112 0.124890 0.038035 -0.011227
0.037027 -0.168441 -0.025768 -0.022784 -0.005081 -0.114682 -0.178650 0.032190 0.244017 0.122997
0.025254 0.087102 -0.094017 0.077552 -0.041390 -0.067467 0.076441 -0.045115 0.182272 -0.208123
-0.053266 0.212568 0.004358 0.002907 0.009324 0.251756 0.144319 -0.036244 0.046556 -0.057670
0.006005 0.040443 -0.115258 0.090066 -0.137898 -0.057464 0.038900 -0.054583 0.017649 0.052154
0.002663 0.042934 0.055077 -0.074424 0.102991 0.065162 -0.210592 0.081833 0.176180 -0.248134
0.031161 0.061951 -0.049108 0.139462 -0.213721 0.104967 0.030502 0.052648 0.005063 0.058452
0.048902 -0.019954 -0.016373 0.206147 -0.003064 -0.043139 0.221954 -0.099533 -0.067920 -0.143331
-0.000050 -0.128430 0.257354 -0.029432 0.010245 0.143167 0.114928 -0.073353 0.052195 0.179308
0.017597 -0.070884 0.073765 0.042316 -0.102909 -0.016640 -0.034067 -0.056139 -0.008369 0.051454
-0.071139 0.062357 0.084931 -0.101669 -0.037456 0.043792 0.008642 -0.011272 0.097838 -0.165618
0.061002 -0.009850 0.019745 0.011243 -0.050245 0.015958 0.011663 0.176227 0.164439 -0.124361
-0.067367 -0.111512 -0.033919 0.017534 -0.028571 -0.026920 0.085402 0.068605 -0.047269 0.107976
0.242592 -0.011044 0.040314 0.072730 0.037927 0.101375 0.067780 0.005813 0.047063 0.114754
0.038369 -0.024283 -0.121532 -0.026346 0.008266 0.116876 -0.229036 -0.103909 -0.000816 0.073968
0.032004 0.071905 -0.085520 -0.014167 -0.213241 0.013880 0.121768 0.114636 0.100373 -0.061120
0.063123 -0.012583 -0.065245 -0.161374 0.052308 -0.080393 0.002113 0.102200 0.061532 0.120825
0.073674 0.128958 0.183535 0.024695 0.021940 0.082927 0.102671 -0.060884 -0.108035 0.002089
-0.016046 0.060088 -0.033684 -0.044646 -0.108919 0.044735 0.042259 0.126365 0.015530 0.051955
0.033418 -0.052573 0.022249 0.013143 -0.039076 -0.092416 0.065481 0.132612 -0.206875 0.095599
0.118231 -0.038870 0.041581 0.058467 -0.004796 0.168094 0.018890 -0.106444 0.173516 -0.068899
-0.038310 0.019155 -0.031208 -0.055579 0.141453 0.022161 0.012804 -0.119469 0.045943 -0.057613
0.090884 -0.026758 0.052662 0.313083 0.038016 -0.041198 -0.137445 0.039872 -0.019111 -0.226207
-0.090766 0.064597 0.052868 -0.039577 0.036483 -0.152416 -0.072495 -0.015825 -0.080864 -0.026036
-0.113079 -0.153933 0.041541 0.034872 0.172721 -0.059198 -0.026054 -0.012440 0.099166 0.020516
-0.004027 0.061015 0.109269 0.290319 -0.043180 -0.099255 -0.018522 0.030640 -0.017170 0.005517
-0.102977 -0.079359 0.132133 0.227399 -0.023063 -0.075017 -0.018001 0.063895 0.049760 0.019674
0.059553 0.285711 0.046171 -0.120080 -0.128411 0.065800 -0.007211 -0.129385 0.126195 0.154288
0.135855 -0.049184 0.019075 -0.040942 0.087601 -0.059951 -0.101027 0.122118 -0.044088 0.004569
0.122916 0.019242 0.023506 -0.026276 -0.042582 0.122118 -0.016096 0.115915 0.000344 -0.153313
-0.008369 -0.018178 -0.013326 -0.042117 -0.161643 0.063142 -0.051577 -0.011753 0.000290 -0.085297
-0.005140 0.023374 -0.031128 -0.006104 -0.046481 0.060926 0.058844 -0.087025 -0.099786 -0.009909
0.100407 -0.057204 -0.603680 0.071339 -0.011238 -0.053482 -0.166340 0.036644 0.205599 0.001318
-0.060439 0.081265 0.054944 0.037442 0.161289 -0.027073 0.048608 -0.066952 0.005727 0.085208
0.058932 -0.013105 -0.118662 0.020737 0.028358 0.053305 -0.037841 -0.085563 -0.057293 0.075682
0.020660 -0.083790 0.130360 0.018511 0.023174 -0.048342 0.027118 -0.050513 0.036556 0.016051
0.149413 0.396309 -0.088797 0.055698 0.090260 0.081309 -0.016572 -0.083968 0.111573 0.127347
-0.093494 0.069833 0.099963 -0.043092 -0.072314 0.042449 -0.354658 0.094115 -0.105281 -0.082461
-0.081796 0.038306 -0.018887 -0.085031 -0.002276 0.060198 -0.034953 -0.041699 0.210538 0.113752
0.058000 -0.012558 0.077163 -0.107415 -0.030099 -0.047294 0.028285 -0.251420 -0.085186 0.092954
0.165467 -0.058613 -0.020326 -0.001167 -0.072053 0.068885 -0.255712 -0.017962 0.004484 0.067096
0.084624 0.144004 -0.040881 -0.068527 0.083244 -0.017196 0.143493 0.071287 -0.054014 -0.031249
0.021616 0.110379 -0.080434 -0.006404 0.085851 -0.091523 0.077112 0.177118 -0.138383 -0.143493
-0.069140 -0.057591 -0.167409 -0.114059 0.091523 -0.108029 0.186725 -0.074966 -0.052072 -0.147683
0.021041 -0.125812 -0.210130 0.111504 -0.086055 0.018805 -0.116409 0.054065 -0.027748 -0.089274
0.004513 -0.172417 -0.087997 -0.104349 0.067965 -0.183250 -0.041188 -0.050539 0.018320 -0.039655
0.057847 -0.161072 0.118453 0.179469 -0.112934 0.008585 0.306814 0.129083 -0.036384 -0.147377
0.401249 -0.016199 -0.181308 0.116818 -0.084624 0.059176 -0.012820 -0.019572 -0.294345 -0.222803
0.051868 0.072309 -0.040498 -0.035567 0.001779 0.034187 -0.059227 0.023724 -0.177936 0.032245
0.049236 0.204406 -0.045608 -0.087639 0.058358 0.053401 -0.482807 -0.096889 0.137565 0.114161
0.081251 0.050028 -0.174972 0.043692 -0.269612 -0.067761 0.034877 0.009990 -0.515921 -0.222394
0.160152 0.033293 0.087639 0.142778 0.017400 -0.068629 0.034212 0.063621 0.094385 0.056058
0.133171 0.034800 -0.432523 0.065308 0.157086 -0.027697 0.027033 0.122746 0.038270 -0.041419
-0.060215 -0.089002 0.214175 -0.025688 0.029210 0.184372 -0.078030 0.043113 0.045179 -0.076743
-0.005359 0.028939 -0.059674 -0.037389 0.107697 0.117586 0.072475 0.023842 0.036339 -0.002752
-0.159717 0.054695 -0.031462 -0.279606 0.062315 -0.046567 0.094218 -0.018627 -0.031124 0.033579
-0.010016 0.000522 0.211601 -0.024300 -0.051139 -0.089341 0.058285 0.002709 0.063433 0.024164
0.047786 0.158904 0.011676 0.002107 0.025587 0.053611 -0.084397 0.122192 -0.067124 0.057675
-0.363054 -0.084058 0.068513 0.006858 -0.015934 -0.103294 0.195345 0.043485 0.010423 0.109932
0.151724 0.024164 0.044840 0.121312 -0.093473 -0.027788 0.129507 0.020879 0.003425 -0.060114
0.051850 -0.038574 -0.065194 0.022522 0.072001 0.104784 -0.048667 -0.045890 0.030667 0.151995
0.033850 -0.108781 -0.092457 -0.007154 0.164323 -0.055271 -0.121379 0.054018 -0.076133 0.073085
-0.023436 0.009009 0.224199 -0.003675 0.058624 -0.108510 0.010245 0.032699 -0.048125 -0.046906
0.097131 -0.268904 -0.007493 0.096927 -0.159446 -0.007273 -0.009534 -0.061502 0.023741 0.074846
0.314286 -0.021319 0.071866 0.080874 -0.048836 0.024181 0.034138 0.045145 0.069969 -0.172993
-0.042063 -0.184236 0.076946 -0.063670 0.034849 -0.046398 0.066515 -0.008420 -0.198731 0.024892
0.055542 -0.039218 -0.080874 0.029176 -0.091373 0.006261 -0.042672 -0.271613 0.040742 -0.047075
-0.028533 0.059369 -0.034538 0.034418 0.012333 -0.230456 -0.031538 0.155197 0.148236 0.034868
0.052543 -0.000704 0.005142 0.111027 0.385293 0.025221 -0.132032 0.154957 -0.214372 -0.002374
-0.091882 -0.077059 -0.006587 0.050052 -0.072077 -0.161199 0.104725 -0.007997 -0.023181 -0.003226
0.027367 0.067036 0.049932 0.119669 -0.036909 0.147996 0.003614 -0.018409 -0.049122 -0.017359
0.022926 -0.050922 -0.100344 0.062955 0.043811 -0.061755 -0.043841 -0.049092 -0.041260 0.203329
0.228895 -0.084260 0.122850 0.029017 0.039039 -0.140914 -0.012085 0.158318 -0.013563 -0.008432
-0.019865 -0.101424 0.107246 -0.123150 0.076098 -0.264064 -0.139234 -0.167801 -0.234177 -0.774427
-0.759063 -0.098304 -0.076278 -0.167320 -0.190846 -0.018514 0.001348 0.139954 -0.154117 -0.135993
-0.049722 -0.091882 -0.068477 -0.049512 0.083840 0.122310 -0.158798 -0.074418 0.243899 0.054133
-0.084560 -0.023271 -0.162639 -0.112047 0.014681 -0.048132 0.043150 -0.256382 0.007307 -0.005529
-0.007055 0.090682 0.081980 -0.060405 0.213652 0.045671 0.056084 -0.131072 0.015311 0.036609
-0.011500 0.017119 0.006782 0.257582 0.093383 0.012708 0.051582 0.101304 0.006643 -0.129391
-0.074718 0.178723 -0.219533 -0.044891 0.086301 0.421302 -0.188566 -0.398496 0.120209 -0.140194
0.090622 0.444587 -0.062895 -0.276547 0.052153 -0.029662 0.028627 0.023691 0.011808 0.049182
-0.204169 0.014021 0.145235 -0.091642 0.107126 0.013871 -0.027142 -0.134852 -0.227953 0.050627
0.034399 0.024551 -0.043922 -0.050322 0.086930 0.037903 0.128224 0.072569 -0.004602 -0.075616
-0.014618 -0.058588 -0.020971 0.012457 0.089825 0.076226 -0.032456 0.093177 -0.242429 0.008233
0.050627 0.050360 0.016771 0.072873 0.083959 -0.034589 0.194278 0.345282 -0.042779 -0.014638
-0.180565 -0.039618 0.095387 -0.215154 -0.010647 0.006662 -0.074588 0.103310 -0.025637 0.016237
0.020723 -0.003138 0.094549 -0.077254 -0.054055 -0.248067 -0.063579 -0.007300 0.102168 -0.079768
0.023637 0.073445 0.176298 0.051274 0.112377 0.177517 0.052227 -0.079997 -0.065636 0.212716
0.072683 0.028361 -0.060912 -0.050969 -0.097139 0.038075 0.069826 -0.025637 -0.014466 -0.059807
0.118319 0.041941 -0.117710 0.104453 -0.007152 0.067236 -0.024323 0.095768 0.088606 -0.098815
0.106967 0.029446 -0.001111 -0.091273 -0.049370 0.037960 -0.093939 0.092949 0.072873 0.034932
-0.130662 0.017342 0.018895 -0.092111 0.007419 -0.054817 -0.072569 0.106663 -0.095234 -0.012504
0.027351 0.094244 0.069674 0.056684 -0.070359 0.186812 0.033046 -0.026037 -0.139271 -0.066931
-0.002159 0.019637 -0.011514 -0.005838 0.085940 0.170051 -0.023656 0.292713 0.112224 0.005195
-0.168984 -0.070816 -0.049408 -0.124871 -0.009009 -0.050665 0.047579 -0.101406 -0.053407 0.008500
0.047846 -0.016837 -0.329740 -0.104453 -0.064607 0.248981 -0.050284 0.001264 0.050246 0.066474
-0.011708 0.039090 -0.014147 0.082346 -0.211766 0.125671 -0.044505 0.171357 0.079499 0.188298
-0.108382 0.052108 -0.065647 -0.014919 -0.201490 0.064467 -0.315218 -0.025742 -0.048741 0.015509
-0.039402 -0.065404 0.006635 -0.122616 -0.023034 0.294111 0.006631 0.015249 0.064328 0.074708
-0.067071 -0.085678 -0.066238 0.015665 -0.032754 -0.065474 0.007052 -0.049956 0.101509 -0.076444
-0.080818 0.050997 0.054226 -0.299666 0.028484 0.023555 0.044992 0.020395 0.193852 -0.112409
0.190381 0.018243 0.151221 -0.133655 -0.030637 0.159553 -0.055545 -0.002419 0.005064 -0.055198
0.001561 -0.084915 0.075194 0.016178 -0.217876 -0.058253 -0.033796 0.122477 -0.068494 0.018434
-0.042284 -0.015041 0.027287 -0.059329 0.072833 -0.016490 0.046068 -0.049713 0.057003 -0.177744
0.021645 -0.034629 -0.041520 0.102203 0.143862 0.068182 0.002871 0.005034 0.083318 -0.171218
-0.012203 0.096926 -0.112270 0.147472 0.096996 -0.022982 0.052282 0.018781 0.106994 -0.078805
-0.036799 -0.080540 0.080679 0.034785 -0.026905 -0.046345 0.156637 0.061794 0.028849 0.005689
-0.045130 -0.083179 -0.065404 0.042492 0.036382 -0.019354 -0.033240 -0.095607 -0.095815 -0.058912
0.054573 -0.155110 -0.005338 -0.108174 0.036764 -0.092760 0.049331 -0.035931 0.069605 -0.057489
0.059364 -0.085539 -0.130253 0.032494 -0.102828 -0.179133 0.078388 0.005902 0.090677 -0.102481
-0.023555 -0.101300 -0.077763 0.008024 0.151586 -0.000038 0.064693 -0.614780 -0.005352 0.141038
-0.057410 0.158316 0.143951 -0.036867 0.012488 0.014641 0.007484 -0.079409 -0.104774 0.215977
0.096888 0.058716 -0.051307 -0.010868 0.019614 -0.142444 -0.199804 0.025151 0.146261 0.133002
-0.010309 -0.025528 0.011075 0.048344 0.010937 0.134408 -0.023933 0.259574 -0.120043 -0.099148
-0.188754 -0.089354 0.004765 0.126874 -0.279062 -0.039604 0.124563 -0.113714 -0.016788 0.083226
-0.052638 0.035285 -0.264798 0.021158 0.058816 -0.072176 -0.180115 -0.047239 -0.016236 -0.007641
0.057058 -0.203219 0.229438 0.029383 -0.013448 -0.253949 -0.110600 -0.121851 -0.119842 -0.082774
0.254551 -0.196991 -0.007170 -0.160426 -0.120746 0.049474 -0.031317 -0.061579 -0.053140 -0.118235
-0.176800 -0.088249 0.062633 0.010893 -0.063387 0.114417 0.026620 0.001291 0.234661 0.048821
-0.041990 -0.049624 0.009549 0.046410 -0.147065 -0.083377 -0.028830 -0.177402 -0.088751 0.036189
-0.067254 -0.009185 0.069514 -0.076396 0.058213 0.018998 0.222406 -0.177402 -0.051734 -0.021359
-0.037043 -0.017040 -0.130189 0.017517 -0.011822 -0.039604 0.065145 0.131093 0.079058 -0.126271
0.069966 -0.058213 -0.075994 0.034908 -0.139230 -0.020894 -0.006843 0.039529 -0.150380 -0.032999
-0.056958 0.073985 0.133403 0.170571 -0.116627 0.024950 0.052739 -0.029483 0.043070 0.124162
-0.086391 0.008514 0.083327 -0.104573 0.082523 -0.144855 0.021799 -0.002138 
