0.045870 0.083261 0.011897 0.017241 -0.020920 0.085153 -0.112416 0.167222 -0.094614 -0.114939
-0.199882 0.085223 0.040754 0.043067 -0.067982 -0.021358 0.001255 0.013465 -0.024284 0.071101
-0.011205 0.206330 0.013859 0.217123 0.032151 0.028244 -0.364441 -0.111225 0.042226 0.087326
-0.016785 -0.118023 -0.114098 -0.044749 -0.076743 -0.073098 -0.091110 0.024337 -0.066195 0.057329
0.058696 -0.154747 -0.352667 -0.017758 0.031959 0.155028 0.036514 -0.187266 0.172969 -0.273331
-0.108631 -0.006851 0.019589 -0.060378 -0.381541 -0.017364 -0.162737 0.170726 -0.037951 -0.038441
0.227355 -0.000217 -0.071276 -0.136876 -0.084747 -0.019091 0.021957 0.065332 0.068783 0.075378
0.034823 -0.113036 -0.190202 -0.156303 0.074454 0.029923 -0.024438 0.004426 -0.076056 -0.041880
-0.077720 0.220403 0.279571 -0.120186 0.131896 0.491591 -0.017304 0.035409 0.230017 0.136334
-0.208692 -0.023482 -0.954092 -0.093190 -0.252329 0.078460 0.038490 -0.013290 -0.017227 -0.088013
0.029969 0.008652 0.448694 -0.090294 0.076179 0.015308 0.136457 -0.049184 0.334302 -0.224347
0.028983 -0.427985 0.083329 -0.050293 0.042127 0.068722 0.276120 0.020139 -0.431437 0.037258
0.135348 -0.099292 0.084870 -0.092821 -0.319017 0.047181 0.000447 -0.083945 0.012627 0.053584
-0.127808 0.031084 0.087223 -0.091788 -0.012974 -0.020007 -0.098138 -0.195383 -0.101314 -0.040808
0.150928 0.016410 -0.003256 0.187147 -0.095558 -0.075415 -0.285583 0.028429 0.166805 0.418750
-0.116099 -0.090597 -0.255417 -0.111832 0.277248 0.130388 0.360006 0.050185 0.028851 0.045447
-0.073480 0.167301 -0.065789 0.074323 -0.150928 -0.061622 -0.098833 0.032126 0.088265 -0.012230
-0.061324 0.221084 0.094616 -0.056859 0.019003 0.216718 -0.060629 -0.093028 0.006301 0.030588
-0.028429 0.089654 -0.129296 0.014165 0.094764 0.007058 -0.010760 0.080971 0.047754 -0.677541
-0.174148 -0.028280 0.036398 0.079582 0.149359 0.066874 0.047341 0.088721 0.059657 0.087701
0.034320 -0.003476 0.059108 0.099311 0.008114 0.206152 0.128178 0.053225 0.057421 -0.369317
-0.415129 0.057225 -0.155320 -0.342960 -0.183090 0.125590 0.034320 -0.249454 -0.251964 0.091780
-0.014875 0.070443 0.052479 0.006383 -0.186228 -0.012257 -0.013581 -0.055460 0.052636 -0.024494
-0.066090 -0.050793 0.043223 -0.067855 0.175245 0.141043 -0.013198 -0.516479 -0.143946 0.026338
-0.115470 0.026965 0.037575 -0.324761 -0.019484 -0.026573 -0.020494 0.032398 0.005202 0.065305
0.037261 0.029417 0.219488 -0.025024 -0.003035 -0.116255 -0.198029 0.132343 0.128525 -0.073258
-0.064554 -0.097720 -0.182756 -0.012967 -0.090343 0.347651 0.097397 0.039056 -0.228186 0.224692
-0.258344 0.158553 0.076752 -0.012878 0.067628 0.018929 0.205407 0.068210 0.001854 0.172272
-0.032827 0.077141 -0.065362 0.015386 0.071510 -0.194793 -0.115258 0.342991 0.063971 -0.268439
-0.337296 -0.156223 0.035820 0.415473 -0.032503 -0.308563 0.294584 -0.049669 0.110340 -0.005776
-0.148457 0.118688 -0.001718 -0.053293 0.088919 -0.600558 0.154411 -0.181980 -0.061836 0.119400
0.077594 -0.053099 0.165024 -0.331343 0.101085 -0.124642 0.023152 -0.148198 -0.054458 0.066527
-0.130811 0.069911 0.169994 0.007840 0.026527 -0.041208 -0.056344 0.228211 -0.991412 0.025945
0.021945 0.012491 0.064393 0.099880 0.233274 -0.051434 0.095122 -0.241576 0.200773 -0.308601
-0.119269 -0.417138 0.347480 0.279037 -0.040727 -0.083428 -0.159768 0.071835 -0.031513 -0.009808
-0.006885 -0.084997 -0.187409 -0.010992 0.128381 0.090717 -0.056749 0.053357 0.150048 -0.012972
-0.083124 -0.020477 -0.068443 0.142961 0.133444 0.075581 0.104588 0.103424 -0.092084 0.089958
0.078315 -0.160983 0.099526 -0.025831 -0.047384 0.055838 0.080694 0.136582 0.023122 0.233679
-0.334926 -0.200773 0.145391 -0.013972 -0.015185 0.077835 -0.100739 -0.109185 -0.038850 0.026367
-0.235261 0.187290 0.106550 -0.018259 -0.092429 -0.056687 -0.049728 -0.100064 0.072497 -0.108374
-0.063781 0.249180 -0.052160 -0.063646 -0.123509 0.146616 0.163913 -0.010050 0.283232 -0.357554
0.087159 -0.099388 -0.039728 -0.060808 0.031536 0.022584 -0.158102 -0.171750 -0.121549 -0.191884
0.100469 0.111144 -0.094861 -0.115536 -0.151616 0.051552 0.203235 0.126684 0.088848 0.471603
-0.095402 0.192425 0.034239 0.045640 -0.143643 -0.058309 0.025708 -0.062126 0.265125 -0.032634
-0.206884 -0.047701 0.080132 -0.077024 0.033377 -0.016942 -0.107969 -0.079321 0.038754 0.003519
0.041890 -0.121489 0.003882 -0.038249 0.072821 -0.038934 -0.125887 -0.017457 0.055337 -0.026587
-0.022117 -0.091784 -0.151699 0.016691 0.009535 0.082988 0.112765 -0.035870 -0.026839 -0.488553
0.053823 -0.019035 0.010256 0.001871 0.004461 -0.100580 0.512490 -0.004378 0.032409 -0.022567
-0.055337 -0.066657 -0.140380 0.081618 0.010148 -0.017782 -0.458559 0.157035 0.055049 0.158333
-0.157323 -0.097624 0.099427 0.080753 0.052309 0.137207 -0.047262 -0.004157 0.015736 0.021252
-0.070370 0.043296 0.108151 -0.047694 -0.146941 -0.092217 -0.033725 0.016484 0.363963 -0.201449
-0.031021 -0.010671 -0.071181 -0.072786 0.122693 -0.077469 -0.071181 -0.172065 -0.041611 0.038434
0.000745 -0.016014 0.079610 -0.028984 -0.238028 0.100617 0.060209 -0.004863 0.029252 0.068639
0.042113 0.027479 -0.225317 -0.027278 0.087371 0.099212 -0.098342 0.123095 0.054122 -0.042782
-0.073857 -0.187051 -0.150390 -0.030841 0.097472 0.036627 0.112658 0.062785 0.028850 -0.058370
0.093191 0.266928 -0.070779 -0.097071 0.175276 0.083022 0.016817 0.147045 -0.057333 -0.025305
-0.159220 -0.067234 -0.041110 -0.146643 0.406213 -0.072385 -0.210465 0.000397 -0.010328 0.076399
-0.009458 0.102423 0.273351 -0.073790 -0.117275 0.041444 -0.325595 0.069492 0.060579 0.080842
0.108624 -0.029054 -0.134806 -0.111758 -0.157645 -0.197752 0.011898 0.151239 -0.324202 0.098040
0.028166 -0.006437 -0.071233 -0.015771 0.021725 -0.040560 0.057063 0.033997 0.148453 -0.008382
-0.002679 -0.127773 -0.017860 -0.166140 -0.021011 0.039307 0.084323 -0.000756 0.162380 -0.048533
-0.299413 -0.081538 -0.020123 -0.380185 0.087387 -0.262788 0.085437 -0.002465 0.082443 -0.083488
0.078544 0.085785 0.116980 0.070641 -0.291615 -0.164747 -0.130280 0.100686 0.021342 -0.072695
-0.274903 -0.033266 -0.035512 -0.071790 0.015858 -0.060614 0.142326 -0.003114 -0.033214 0.177977
-0.352059 -0.101824 -0.200450 -0.095137 -0.020350 0.022621 -0.134820 -0.095573 -0.022004 0.065157
0.548584 -0.187949 -0.039138 -0.415145 -0.312522 -0.626788 -0.550910 -0.318045 0.264989 0.105821
0.323278 -0.282142 0.464567 -0.000389 0.117813 0.013200 0.047242 0.013745 -0.057962 0.212660
0.172541 0.097027 -0.045098 0.070971 -0.302928 -0.167308 -0.162947 -0.078785 0.080892 0.241441
0.074787 0.093756 -0.314847 -0.257721 0.100370 -0.045279 -1.076819 0.152627 0.207718 -0.190420
0.095210 -0.113089 -0.524455 -0.101824 -0.004186 0.215858 0.324150 -0.334035 0.132567 -0.278798
0.222981 0.042845 0.136492 -0.024329 -0.084698 0.033327 0.015884 0.104614 -0.023569 0.067812
-0.150951 -0.070753 -0.095347 -0.006104 0.004968 0.045669 0.057698 -0.030698 -0.043664 0.241130
-0.024661 0.117981 0.915331 0.030609 0.115486 -0.036802 -0.575646 -0.048609 0.072268 -0.023681
-0.016474 -0.101852 -0.042015 -0.055471 0.065629 -0.006861 -0.338794 0.012264 0.016953 -0.183743
-0.130545 -0.060238 0.050881 0.011918 -0.001321 -0.074585 0.231506 0.020194 0.002871 -0.226516
-0.060238 0.479765 -0.193189 -0.018813 -0.041213 0.028649 -0.111565 -0.069951 0.123773 0.054134
0.102387 -0.097307 0.037961 -0.160219 0.127872 0.009178 -0.052129 0.010108 -0.171016 -0.110285
-0.077451 -0.022110 0.015672 0.093285 0.306263 -0.109260 0.006875 -0.315019 -0.074936 -0.039471
-0.251121 0.093425 0.058309 0.199332 -0.107583 0.137111 -0.095195 -0.054537 -0.504477 0.021854
0.016009 -0.028829 0.153225 -0.065481 0.104323 0.016347 0.097617 0.148009 -0.137669 -0.176511
-0.581975 0.209205 0.180703 -0.092261 0.006415 -0.236963 -0.085135 -0.039587 -0.129379 -0.157696
-0.182472 -0.224854 0.019398 -0.022844 -0.132919 -0.028898 0.615134 0.361033 0.065947 0.015497
-0.004363 -0.089653 0.034441 0.049973 -0.020376 0.022960 -0.067903 -0.117457 -0.344080 0.024451
0.063619 0.028409 0.348091 0.250310 0.029664 0.155185 0.042092 0.286932 -0.136325 -0.061570
-0.201054 0.369331 0.086061 0.011879 0.065004 0.000379 -0.082491 0.036050 -0.025544 0.012795
-0.195011 0.102266 0.257085 -0.195011 0.110323 -0.161868 -0.034585 -0.085787 0.013596 -0.020440
-0.026803 0.017933 0.077272 -0.044908 0.210576 0.021492 0.044862 -0.264959 0.052140 -0.007965
0.086748 0.009470 -0.182194 -0.005722 0.137149 0.452280 -0.146762 0.257451 -0.057267 -0.038247
-0.198490 -0.300482 -0.064729 -0.069078 -0.126254 0.023919 -0.051545 0.057588 0.061113 0.034447
0.182285 -0.005024 -0.003210 -0.010712 0.058366 0.226689 -0.108989 0.044084 -0.042130 0.034136
0.015641 0.051255 -0.006288 0.061332 0.232578 0.015616 -0.019420 0.042259 0.053980 -0.048788
0.083644 0.043750 0.006683 0.344239 0.098141 0.005649 0.059481 0.286661 0.121121 -0.049739
-0.001698 -0.016657 -0.166465 -0.039534 0.315039 0.109400 -0.023263 -0.108475 0.068735 0.047991
0.007577 -0.025448 -0.090327 -0.089247 -0.154229 0.064725 0.111970 0.089864 0.211191 0.095365
0.086985 -0.062566 0.005253 -0.303523 -0.130889 -0.063388 -0.029663 0.195357 0.005154 -0.024921
0.112690 0.029561 -0.080713 0.035576 0.014330 -0.012878 -0.153818 0.030486 0.062360 -0.061435
0.222042 0.040336 -0.073344 0.129503 0.023929 -0.015434 -0.108557 0.041244 0.063908 -0.139425
0.044648 0.037774 0.114523 0.029279 0.008130 0.099478 0.111021 -0.064395 -0.005873 0.010060
-0.100516 -0.139295 0.003099 -0.048183 -0.029263 -0.175351 0.004329 0.040368 0.807756 -0.042800
0.132940 0.041665 -0.304530 -0.059693 -0.086119 -0.054797 0.037742 -0.018498 1.261698 0.041114
-0.128141 0.064427 -0.112383 0.038034 0.224896 0.020622 -0.005087 -0.193509 0.140073 -0.050387
0.015158 -0.055413 0.082942 -0.065011 0.028258 0.101683 -0.099932 -0.153951 0.046983 0.043643
0.015734 0.131254 -0.020330 0.156545 -0.296938 0.094757 -0.004838 0.015700 -0.009778 -0.006883
-0.059370 0.134279 -0.420545 -0.010196 0.048229 -0.027603 -0.042277 0.082033 -0.030139 0.018485
0.110413 -0.329305 0.059868 0.077108 0.020670 -0.061510 -0.153160 0.081623 0.021109 -0.128063
-0.129353 -0.112993 0.148586 0.020362 -0.048786 0.189984 -0.086900 0.060572 -0.023279 0.056467
-0.019218 0.186231 0.142253 0.199249 0.082502 0.103142 0.024759 0.213556 -0.042541 0.062683
0.245103 0.011581 0.039404 0.065204 0.070658 0.280988 0.028351 -0.013017 -0.173096 -0.001128
-0.196082 0.040430 0.081330 0.130995 -0.146241 -0.017738 -0.118799 -0.001838 0.334524 -0.076335
0.034156 -0.014795 -0.030423 -0.000659 -0.067929 0.082564 0.275129 0.148317 -0.084740 -0.018625
-0.036333 -0.031532 0.083844 -0.074329 0.154973 -0.241676 -0.136455 -0.333670 -0.106160 0.313872
-0.027671 -0.107013 -0.082607 0.091567 0.033922 0.041026 0.111878 -0.060163 -0.043778 -0.028417
-0.071854 -0.036951 0.050392 -0.057262 0.148146 -0.007147 -0.078724 -0.032108 -0.046850 -0.065625
0.102064 -0.017569 -0.079407 -0.064814 -0.099674 0.206859 0.369000 0.003227 0.030572 0.319334
0.190303 -0.013985 -0.246967 0.000049 0.045357 -0.012545 0.049965 -0.046424 0.462872 0.051245
0.119814 0.110000 0.216632 0.064694 -0.068699 -0.195067 -0.110411 -0.027695 0.230064 0.184100
0.112567 -0.058040 0.085950 0.008218 0.024537 -0.314474 0.053018 0.330739 0.230556 -0.364996
0.100368 -0.156744 0.056468 -0.011645 0.009858 0.151445 -0.081329 0.312748 -0.292786 -0.788649
0.121378 -0.201352 0.026170 -0.153170 -0.006824 0.411083 0.057516 -0.198025 -0.104126 -0.024568
-0.041034 -0.144298 -0.360807 -0.308312 -0.229694 -0.005118 0.037122 -0.045501 -0.042482 0.052371
-0.242509 0.003982 0.163768 0.207636 0.097657 0.396049 0.172640 0.057208 0.448297 -0.029328
0.041096 0.134686 0.281202 0.145284 -0.001428 -0.121131 0.066979 -0.103209 0.006249 -0.020642
-0.053303 0.018709 0.062902 -0.037779 -0.124105 -0.000321 -0.036675 -0.068891 0.048376 0.029327
0.185860 0.094969 0.116035 -0.143133 -0.003491 -0.083714 -0.069910 -0.015927 -0.140160 -0.015694
-0.190787 -0.331627 0.102614 0.285756 0.023063 -0.080656 -0.298328 -0.030368 -0.326020 0.203699
-0.114761 -0.280489 -0.076451 -0.239036 -0.165219 -0.074582 -0.051944 0.127843 -0.139650 -0.104823
-0.296289 -0.086220 0.087833 -0.550785 0.103973 -0.192146 0.014207 -0.238187 -0.199961 -0.068763
0.069825 -0.168447 0.228673 0.039776 0.074412 -0.205228 0.283208 -0.013453 -0.016129 0.044979
-0.070234 0.044194 0.194316 -0.118236 0.005731 -0.083157 -0.108235 -0.126928 -0.114159 -0.077195
-0.129005 0.138467 -0.074734 0.221240 -0.038694 0.220625 -0.256318 0.052810 -0.024443 -0.287243
-0.176469 0.068157 -0.278627 -0.249549 -0.416017 0.210163 0.172007 1.029581 0.075772 -0.139698
0.055348 0.042386 0.327706 -0.120159 -0.215086 -0.344937 -0.044271 -0.025232 -0.130698 0.020693
0.035925 0.442480 -0.284166 0.193700 0.151160 0.010837 0.000599 0.079003 0.081696 -0.179392
0.083773 -0.122544 0.238933 -0.363400 -0.388631 -0.174469 -0.832650 -0.098081 0.126236 -0.220009
-0.085465 0.179084 0.051271 0.597563 0.380119 0.122862 -0.016405 -0.017703 -0.039711 0.020163
0.054165 -0.271250 -0.198824 0.057049 -0.021009 0.004229 -0.031830 0.127244 0.148003 -0.124861
-0.043786 0.046708 0.303234 0.147081 0.098489 0.097029 -0.120709 -0.154385 -0.023142 -0.221582
0.002271 0.001450 0.236036 0.098489 0.043094 0.171453 0.190367 -0.159152 -0.027256 0.039788
0.146773 0.143467 0.017857 -0.095260 -0.063930 -0.015108 0.403799 -0.557876 0.040711 0.043171
-0.079115 0.058548 -0.165456 0.014589 -0.192520 -0.237420 0.019856 -0.067159 -0.007794 -0.008443
-0.017559 0.273095 0.129320 0.006727 0.094261 -0.110330 0.201285 -0.097644 -0.144041 0.040903
0.158624 -0.174742 -0.053120 -0.135342 -0.116857 0.046788 -0.177556 -0.050625 0.016270 -0.047427
-0.094727 -0.101507 -0.166811 0.043558 0.111804 -0.378907 0.260834 0.129202 -0.079504 -0.143913
-0.252007 0.184848 -0.139563 -0.107007 -0.092552 -0.320062 0.120951 -0.177556 0.466150 0.039976
-0.233459 -0.052512 -0.021923 0.213247 -0.206723 -0.151204 0.049218 0.186255 -0.020468 -0.108670
0.220922 0.137133 0.278871 -0.974770 -0.122294 -0.996261 0.006776 -0.020308 0.027024 -0.230388
0.219771 0.040424 0.380442 -0.133551 -0.451567 -0.063546 -0.163869 -0.209537 0.171928 -0.119927
-0.269917 0.031501 -0.051421 -0.058598 0.171758 -0.149738 -0.027016 0.048934 0.044000 -0.537947
-0.040493 -0.454433 0.174694 0.071036 -0.335034 0.054521 0.295724 -0.641687 0.148433 0.225912
-0.218408 -0.041553 0.173552 0.080129 -0.208132 -0.220529 -0.022000 0.101783 -0.221997 0.383642
0.276966 0.024018 0.076949 -0.163031 -0.069975 0.239287 -0.521636 -0.155121 -0.011183 -0.338949
0.023407 0.027118 0.476290 -0.114995 -0.211884 -0.164255 0.056682 0.055907 0.091425 -0.056111
-0.123558 0.495864 -0.030624 -0.054521 -0.047425 0.328347 -0.066999 0.037577 0.068018 0.384621
0.068222 -0.029462 -0.493906 -0.128044 -0.292462 0.200955 -0.034382 0.225450 0.118455 -0.280783
-0.242462 -0.324477 -0.000902 -0.233150 0.024600 0.093386 0.238881 0.236732 -0.057616 -0.132871
-0.005753 -0.071405 -0.093654 0.029905 0.133318 0.099832 0.104667 0.047319 0.127499 0.218108
-0.054482 0.050229 -0.060392 0.223122 0.011035 -0.018511 -0.022451 -0.127230 -0.022272 -0.000390
0.208439 0.204857 -0.204141 0.122305 0.014001 -0.208439 -0.239239 -0.154986 -0.140660 -0.025137
-0.081925 -0.038500 -0.103324 0.008993 0.109860 -0.203783 0.147554 -0.025786 -0.139317 -0.078075
-0.033956 0.053139 -0.157762 -0.209871 0.236374 -0.092042 0.020672 -0.083492 -0.050856 -0.415803
-0.000741 0.066630 0.082200 0.087784 -0.009967 -0.016409 0.002025 0.046211 -0.169889 0.129286
-0.031635 -0.038710 -0.041573 0.076947 -0.147174 -0.017770 -0.027802 -0.108558 -0.259518 0.079124
-0.093036 0.115467 0.363060 0.028252 0.070180 0.326716 0.025578 0.162506 0.019828 0.049594
-0.036226 0.101649 -0.495942 -0.121241 0.004090 -0.118780 0.114616 0.069044 -0.048979 0.000417
-0.194023 -0.155597 -0.052008 -0.343184 0.130421 0.046802 -0.162601 -0.191184 -0.258004 0.066157
0.004218 0.157301 0.051392 -0.008169 0.099851 -0.126730 -0.043655 0.005696 0.118118 0.030996
-0.032629 -0.103637 0.136006 -0.126446 -0.400744 -0.006568 -0.180925 0.038257 0.063538 -0.081544
0.237657 -0.148066 0.224111 -0.025114 -0.010654 -0.070613 -0.006643 -0.147261 -0.037922 0.079062
-0.057537 -0.170464 -0.872838 -0.112592 -0.084695 0.178108 0.487384 0.029741 0.050831 0.007498
0.206675 -0.079599 0.025684 -0.003171 0.157588 -0.016111 -0.091871 -0.128418 -0.181461 0.022129
0.180120 -0.094553 -0.023806 -0.110848 0.130228 -0.169525 -0.413887 0.342268 0.232560 0.155442
0.004979 -0.627135 -0.242351 -0.007858 0.046975 -1.088500 0.044125 -0.137202 0.422471 -0.108971
-0.069339 -0.052943 -0.049791 0.171402 0.094888 0.072692 0.064108 -0.238193 -0.137550 0.015811
0.065430 0.084564 0.043241 0.137193 0.065207 0.042906 -0.133536 0.059587 0.012600 0.007097
-0.058115 -0.014395 0.068329 -0.011496 -0.003518 -0.108916 0.195710 0.030730 0.137907 0.260828
0.011095 0.038513 -0.103921 0.006607 -0.030128 0.016179 -0.730033 0.069221 0.173677 -0.004552
-0.011368 0.082022 -0.049552 -0.080148 0.031555 0.014228 -0.898447 0.152715 0.045047 0.119442
0.054592 -0.005255 -0.051648 0.032336 -0.109987 -0.067749 0.080193 -0.052094 0.094555 0.144597
-0.022390 -0.006796 0.058338 0.046474 0.079435 0.091433 0.002367 -0.029035 0.100620 0.127381
0.015666 -0.048972 0.303152 -0.225707 -0.136529 -0.127970 0.168280 0.043865 0.177115 0.137978
-0.016609 0.253593 0.233990 0.033546 0.275266 -0.012674 0.082552 -0.224327 -0.007118 -0.266155
0.031699 0.089041 -0.221842 0.001631 -0.110921 -0.013175 -0.004271 -0.069645 0.079584 0.060637
0.188435 -0.210660 -0.032131 0.164276 -0.130662 -0.469913 0.108781 0.053183 -0.243377 0.300667
-0.118790 0.270573 0.137219 -0.125899 -0.224189 0.016117 -0.081448 0.112232 0.019534 0.250556
0.196303 -0.735516 0.077859 0.096426 -0.025280 -0.087453 0.027109 0.071301 -0.205414 -0.012433
0.030716 -0.057600 -0.144398 -0.044037 -0.319165 -0.038308 -0.046729 0.019941 0.152207 -0.033090
-0.162609 -0.257500 0.172268 0.310146 0.070160 0.106142 -0.121426 -0.026084 -0.281700 0.244975
0.032957 -0.053442 0.118773 -0.199122 0.351117 0.237333 0.069576 0.046941 0.195938 0.120471
-0.036327 -0.182670 0.042165 -0.043863 0.158894 -0.068143 -0.107309 0.128538 0.010946 -0.020645
-0.170039 -0.221836 0.094785 -0.615622 -0.005675 0.077271 0.306962 -0.505659 -0.314392 -0.135861
-0.174179 0.182458 0.023988 0.110918 0.063526 0.140001 -0.019955 -0.104497 0.162928 -0.455136
0.068408 -0.066869 -0.094148 -0.039670 -0.164307 -0.000464 0.072654 -0.001824 0.215362 0.099296
0.272187 0.079381 0.085737 0.129536 0.165482 0.105977 0.184265 0.114720 -0.055174 -0.050438
-0.084360 0.047604 0.039326 -0.170987 -0.100228 -0.306676 -0.001134 -0.102010 0.243204 0.332260
-0.283846 -0.173416 0.184103 0.072176 0.005510 0.165725 0.017973 0.130184 0.015362 0.098528
0.016415 0.029409 0.064687 -0.015959 -0.210010 -0.025583 -0.267168 -0.301657 0.077074 -0.097638
0.087518 0.100309 0.069302 0.123302 0.087599 0.025786 -0.178598 0.177140 0.096666 -0.041269
0.050924 0.148885 -0.018965 -0.047200 -0.013632 0.107353 0.006639 -0.057765 0.069909 -0.254538
0.010064 -0.089704 -0.159005 -0.210172 0.072616 -0.134114 0.142569 0.002045 0.096474 -0.017951
-0.317565 -0.097806 -0.010365 0.292549 0.116568 0.175344 0.222018 0.113904 -0.077944 0.141410
-0.073079 -0.075280 -0.005914 0.066015 -0.277030 -0.082576 0.163879 0.156930 -0.045168 0.131219
0.304594 0.156466 -0.068099 -0.050032 0.086688 0.049858 -0.032920 0.064451 -0.105450 0.116568
0.178703 -0.956170 -0.015070 0.055881 -0.230820 0.059268 -0.041751 -0.137009 0.002932 -0.085008
0.059703 -0.045544 -0.292318 0.778278 0.130292 0.112167 0.053362 -0.163879 -0.134809 0.323588
0.099196 -0.081592 0.103249 -0.013521 -0.001110 -0.117089 0.135851 0.084198 -0.025618 -0.224719
0.025727 -0.210864 0.064082 -0.319254 -0.081040 -0.095834 -0.096916 0.122679 -0.085009 -0.364573
0.113081 -0.034206 0.027928 -0.047087 0.129463 -0.272059 -0.046149 0.082267 0.107164 -0.016760
0.059824 0.017816 0.033069 0.033304 -0.048891 -0.113947 0.007086 -0.370058 -0.062855 0.020513
0.026773 -0.137617 0.030255 -0.053257 -0.064443 -0.052066 0.040665 -0.008579 -0.023056 0.058633
0.126215 -0.033647 -0.008173 -0.033430 0.145772 -0.074257 0.057623 -0.128380 -0.022587 -0.126504
-0.016715 -0.137473 0.301935 0.376986 -0.115390 0.034729 0.042866 -0.033232 -0.049396 0.002148
-0.022082 0.028288 0.000980 0.049857 0.115439 0.014976 0.009867 0.027393 -0.024336 0.012792
-0.147637 -0.025927 -0.036192 0.055411 -0.033477 0.002660 0.103209 -0.105143 0.127170 0.196932
0.027861 -0.117997 -0.012542 0.003795 0.109448 0.024804 0.041464 0.050668 -0.025911 -0.084676
-0.023790 0.006505 -0.019890 0.010070 0.054350 -0.063179 -0.005503 -0.034944 0.098716 -0.057002
-0.030763 -0.056191 -0.049701 -0.067953 0.035193 0.061370 -0.010062 -0.097031 0.038282 0.057439
0.006895 0.112756 0.080807 0.024445 -0.015241 0.005203 0.062025 0.061744 -0.065831 0.083553
0.065769 0.016551 0.062119 0.014781 0.095471 0.027487 0.415290 -0.192194 -0.150255 0.052778
0.039436 -0.099802 0.098698 0.018555 -0.019511 0.028991 -0.130074 0.023433 -0.262197 -0.006518
0.154985 -0.011579 0.037268 -0.124634 -0.048285 -0.474887 -0.102876 -0.077414 -0.053448 -0.100590
0.001805 -0.032834 0.080488 -0.212533 -0.072132 -0.088371 -0.034272 -0.207172 -0.184311 0.094126
0.191090 0.025896 0.171224 0.115963 0.024379 0.169963 0.097043 -0.045289 0.100039 -0.053803
0.032026 0.097989 -0.002207 -0.220416 0.078281 -0.076507 -0.178004 -0.129758 0.146471 -0.003705
0.146944 -0.001796 -0.194086 0.178477 -0.122506 0.053567 0.057942 -0.087189 0.170121 0.208433
-0.017348 0.097092 0.046647 0.059154 0.049750 0.016850 0.119142 -0.044215 0.040555 0.108209
0.028859 0.076756 -0.037104 0.038100 -0.140265 0.176026 0.074950 -0.305173 -0.105615 0.019259
0.050353 0.016317 0.115806 0.030990 0.144341 -0.007736 0.002965 0.126553 -0.060960 -0.061516
0.123125 -0.196408 0.039745 0.105708 0.052344 -0.107468 0.150270 -0.105523 -0.048500 0.043474
0.056560 0.072078 0.084168 -0.140913 0.103207 0.144248 0.113953 0.073051 -0.001062 -0.060080
0.045118 0.067585 0.022443 -0.028905 -0.016722 -0.008049 0.020197 0.046346 0.074348 0.183345
-0.115250 0.137856 0.056884 0.026774 0.056530 0.021978 -0.003584 -0.118706 -0.218202 0.129044
0.049345 -0.126698 -0.122006 -0.264394 0.110641 0.128605 -0.095097 -0.014646 -0.105069 -0.002236
-0.213510 -0.010943 0.028393 -0.005165 -0.137990 -0.017093 -0.053377 -0.168784 -0.035084 -0.048318
-0.010595 0.010503 -0.160866 0.181542 -0.054844 0.176116 0.061919 0.082266 0.076767 -0.131097
-0.025516 -0.174063 0.058143 0.113207 -0.100889 -0.153240 -0.147595 0.092971 -0.017918 -0.030410
0.112474 -0.116800 -0.016919 0.176996 0.033398 -0.019027 0.006054 0.125085 0.024544 -0.519111
-0.084832 -0.055797 -0.112914 -0.064376 0.157640 0.094144 0.026432 0.126038 -0.169483 -0.051879
-0.036285 -0.101857 -0.093718 -0.084589 -0.119353 -0.061274 0.006856 0.014368 -0.207518 -0.027651
-0.052032 0.047391 -0.095848 -0.181198 0.046669 0.069033 0.105280 0.015803 -0.084209 -0.237794
-0.108095 -0.121559 0.039328 0.013322 -0.229122 0.128177 0.015014 0.004645 -0.008168 0.041952
-0.072266 -0.180894 0.117984 -0.056634 -0.544659 0.065724 0.081623 -0.174352 -0.011011 -0.346269
0.109160 -0.083448 0.251182 0.105661 0.176786 -0.083296 -0.040773 0.025864 -0.043246 -0.056177
-0.029040 0.086795 -0.102009 -0.068387 0.125058 0.015157 -0.055645 -0.114485 -0.019797 -0.144380
-0.547701 -0.173743 0.002182 -0.033464 -0.134508 0.015659 -0.019763 0.005713 0.118931 -0.096171
0.033884 0.026724 -0.007416 -0.127886 0.077468 0.095891 -0.038687 -0.153631 0.077701 -0.047549
0.093745 -0.129471 -0.105499 0.006681 0.016499 -0.037498 -0.052469 0.014202 0.174432 -0.015951
0.007287 0.028637 0.039154 -0.065529 -0.120796 0.248122 -0.005066 -0.053216 0.019146 0.053962
-0.103913 -0.033884 -0.266965 0.155123 0.053635 0.106058 0.104846 -0.087029 0.201669 -0.112494
-0.016161 -0.070472 -0.138146 0.036635 0.069306 -0.118091 -0.135534 0.032997 0.114080 0.072711
0.062450 0.048505 0.067674 0.015752 0.050604 0.017233 0.011087 0.100549 -0.115747 0.145067
0.102760 0.065785 0.038365 -0.082061 0.058696 0.057590 -0.112174 0.047240 -0.002449 -0.217657
0.026626 -0.146314 -0.066465 0.089093 0.062269 -0.163101 0.177732 -0.192250 0.066465 -0.072760
0.016673 0.019721 0.048460 0.132250 -0.039357 0.068280 0.109169 -0.087675 0.072080 -0.128961
0.116484 0.120227 -0.094254 0.089433 -0.018034 -0.097713 0.021167 0.131683 0.060000 -0.053592
0.007337 0.132137 -0.198942 -0.098620 0.036522 0.118866 0.029802 -0.056711 -0.219018 0.070208
-0.235237 0.089377 0.182610 0.002548 0.026271 -0.016900 -0.004842 -0.109736 -0.046928 -0.044745
-0.044397 -0.000514 0.063394 -0.064942 -0.013003 -0.074692 0.069043 -0.041761 -0.139592 -0.042053
0.018171 -0.047744 -0.022387 -0.090969 -0.173235 0.012470 -0.162607 -0.037262 0.052682 -0.012543
-0.023077 -0.012313 0.068122 -0.020347 -0.078835 -0.086199 -0.237006 0.024353 -0.113314 -0.060758
-0.096074 -0.118503 0.091388 -0.000434 -0.047535 -0.094735 0.065737 -0.020148 0.181269 0.116745
0.031425 0.031048 -0.045568 -0.008667 -0.111975 -0.010461 -0.236001 -0.024479 -0.032806 -0.007155
0.182943 0.044355 -0.022617 -0.134320 0.049585 0.031320 0.076659 0.000272 -0.059754 -0.131977
0.176583 -0.050422 0.132311 0.082935 -0.401866 0.116341 0.021536 0.041624 0.015615 0.036815
0.017942 0.003542 0.095503 -0.043460 -0.062152 0.113755 0.072079 -0.038832 -0.240747 0.190488
0.132059 -0.179837 -0.040383 0.017878 0.085161 0.014181 0.083248 -0.055947 0.024974 -0.035807
0.169805 0.048915 0.072131 -0.052689 -0.048475 0.056929 0.081025 0.071614 -0.080611 -0.094417
-0.063496 0.069856 0.000611 -0.064323 -0.068460 0.000055 0.190695 -0.004776 0.012410 -0.021820
-0.111377 0.064737 0.127302 0.064789 -0.096278 -0.066960 0.031360 -0.088832 0.046097 0.004644
0.005303 -0.234956 0.120063 -0.066237 0.161429 0.020696 0.014672 -0.047674 0.132244 -0.083722
0.310779 -0.243632 -0.136825 -0.162622 -0.260871 0.161537 -0.094632 -0.005052 -0.005157 -0.121274
0.028887 0.133208 -0.128386 0.044483 0.136463 -0.039540 0.082396 0.076007 -0.044965 -0.135860
-0.084385 0.162140 -0.057171 0.039510 0.034538 0.155148 0.017555 -0.031644 -0.103914 0.057111
0.077755 0.028435 -0.136583 -0.044242 0.094089 -0.063409 0.021759 -0.051294 -0.074621 0.055453
-0.062746 -0.019861 0.046774 -0.055483 -0.141888 -0.053374 0.032307 -0.021232 0.219281 -0.120128
0.105240 0.303787 -0.083541 -0.086314 0.062083 -0.150206 -0.033453 0.000107 -0.070221 -0.066423
0.117175 -0.039269 0.050688 0.036068 0.020874 0.020952 0.021185 0.036410 0.029472 0.007803
0.130243 -0.037403 0.074433 0.045535 -0.066859 0.014410 0.026756 -0.023668 -0.048360 -0.348389
0.074806 0.055716 0.023031 0.147501 -0.006235 0.040755 0.066239 0.027377 0.026601 0.070398
0.109322 -0.040321 -0.020222 -0.010585 -0.000409 0.016389 -0.063073 -0.001524 0.022861 0.005091
-0.013099 -0.027160 -0.040414 -0.059131 -0.069281 0.080889 0.086352 0.003835 -0.029131 -0.051836
-0.083000 0.107521 0.026322 -0.089705 -0.080269 -0.045908 -0.010833 0.005692 0.079648 0.011368
0.048981 -0.023264 -0.113233 -0.070957 -0.024242 -0.073502 -0.128431 -0.084350 0.046327 0.162216
0.120695 0.129682 -0.103632 -0.052641 0.058471 0.029776 -0.086625 -0.111481 0.015343 0.102210
-0.068652 -0.113529 -0.070244 -0.009243 0.015485 0.021855 -0.108011 0.048801 0.004714 -0.100560
-0.012343 0.068879 -0.025311 -0.150158 0.013857 0.019737 0.044649 -0.066149 -0.069221 -0.129113
-0.291671 0.235020 0.016324 0.104428 -0.068652 0.058471 -0.058129 0.033757 -0.005578 -0.097034
0.101527 0.054973 -0.100617 0.079174 0.077809 0.114154 -0.006093 -0.035293 0.072178 -0.071609
0.011411 -0.033274 0.173592 0.043825 -0.127066 -0.013978 -0.082758 -0.009989 -0.044592 0.280978
0.163036 -0.044757 0.083541 -0.105273 -0.108942 -0.094830 -0.002924 0.014570 -0.230490 -0.011207
-0.223904 -0.004139 -0.109506 -0.020803 -0.037749 -0.043182 0.236511 -0.000733 -0.087257 0.101321
0.219765 0.066231 -0.051319 -0.096994 -0.008567 -0.138952 -0.077473 0.010472 -0.041135 -0.168587
-0.093842 0.104708 -0.000393 -0.007891 0.005077 -0.029399 -0.113269 -0.092196 -0.010454 0.080389
-0.224657 0.101321 0.022731 0.049344 -0.070511 0.162848 -0.007667 -0.136036 -0.297661 0.068582
0.103391 -0.047392 0.044287 -0.108565 0.047674 -0.124465 0.034573 -0.038572 -0.058046 0.021850
0.048685 -0.063973 -0.068535 0.000403 0.022472 -0.077310 -0.115208 0.021509 -0.028495 -0.011748
-0.205506 0.008711 -0.064487 0.048345 0.073869 -0.089397 0.021530 -0.143231 0.016214 0.117174
-0.031178 -0.143067 0.058423 -0.215011 0.026303 0.078458 0.167240 0.037754 0.051499 -0.017791
-0.054900 -0.133644 0.045559 -0.139626 0.054203 -0.018959 -0.049410 -0.074443 0.144788 0.132005
0.001718 -0.128236 0.014647 0.027450 -0.025627 0.139872 -0.016009 0.007165 0.013059 0.035316
0.008040 0.055023 0.041667 -0.018283 -0.040048 0.053753 0.023947 -0.091199 -0.040601 -0.060963
-0.079810 0.043305 0.010109 0.073828 0.097263 0.017699 0.054900 -0.038348 -0.189132 -0.353825
-0.220078 -0.271345 -0.039546 0.077366 -0.121926 0.303620 0.136802 -0.115750 0.109043 -0.194577
-0.030282 -0.303089 -0.028456 -0.067803 0.583333 -0.557832 0.076901 0.060299 -0.261517 0.102601
0.002557 0.296713 -0.093835 -0.005396 -0.380123 -0.539769 -0.172928 0.064748 -0.016112 -0.278385
0.036658 0.180764 0.091976 -0.192718 -0.311855 0.018246 0.123254 -0.208523 0.017914 -0.090116
0.071190 0.026530 -0.117543 0.288213 -0.079225 -0.108644 -0.154333 -0.055152 -0.127305 -0.283963
0.116348 -0.006002 0.258462 -0.116215 0.568988 -0.092574 -0.189663 0.185280 -0.102668 0.013539
-0.192186 -0.256735 -0.036357 -0.072623 -0.015218 -0.111054 -0.056863 -0.112712 -0.019918 -0.069213
0.141743 -0.055435 -0.062301 -0.073728 -0.145798 -0.037602 -0.016220 -0.119901 -0.056218 -0.283670
0.052992 -0.012972 -0.051518 -0.051149 -0.089304 -0.053868 0.132158 0.119071 -0.023893 0.130499
-0.017476 -0.066909 0.153079 -0.024745 0.021727 -0.077415 0.073867 -0.034007 -0.042716 -0.050412
0.051011 -0.076447 -0.067093 -0.016140 0.051241 -0.080272 0.172156 0.158885 -0.264870 -0.144139
0.025252 -0.111238 -0.030090 0.100271 -0.040021 -0.066586 0.015518 -0.135476 0.021324 0.054421
-0.040251 -0.043177 0.071655 -0.014354 -0.047048 0.102390 0.079072 -0.195776 0.099104 -0.244403
-0.174845 -0.189011 -0.014416 -0.006772 -0.025318 -0.192393 0.044768 -0.081344 -0.022252 0.098364
-0.052961 0.002489 0.008761 -0.152963 0.066228 0.259837 -0.151378 0.193556 -0.151801 -0.013848
0.086471 -0.027908 -0.014918 0.041306 0.062792 -0.113110 -0.036893 -0.016993 0.066122 0.034277
-0.090805 -0.102486 -0.060625 -0.170406 -0.070086 0.059515 -0.009494 -0.099368 0.054811 0.027590
0.031607 -0.055551 0.080710 0.163217 0.027670 -0.108089 -0.010518 0.093554 0.031766 -0.002265
0.383941 -0.144612 -0.204022 -0.045323 -0.173577 -0.013756 -0.045693 0.035862 0.027458 -0.030101
-0.014273 0.145602 0.081668 -0.083529 -0.022566 -0.161475 0.116810 -0.292517 0.014204 0.035087
-0.159395 0.113854 0.045459 0.022648 0.049866 0.082051 -0.197164 -0.012090 0.044912 -0.013424
0.096885 0.069626 0.067491 -0.212491 0.023551 -0.087854 -0.022483 0.160928 -0.036181 -0.027560
0.007520 -0.071925 -0.126443 0.131808 -0.166183 0.186545 0.072199 0.013349 -0.034786 0.028573
-0.143522 -0.249165 0.127867 0.044638 0.017667 0.088401 0.115168 0.036264 0.105205 -0.055860
0.048607 -0.082927 -0.095517 0.253106 -0.092178 0.044638 -0.135530 0.044693 0.122064 -0.056215
-0.043024 0.007150 0.091849 0.287481 0.137206 -0.272643 -0.132784 -0.099836 -0.188175 -0.018740
-0.407748 0.179661 0.048896 -0.411507 -0.090328 -0.096409 -0.031786 0.040714 -0.068658 -0.065397
0.040244 -0.221896 -0.136764 -0.126813 0.326376 -0.049531 -0.112717 0.055253 0.065563 -0.101661
-0.023701 -0.248099 -0.021615 -0.129909 0.006388 0.086293 -0.045275 0.161419 0.138090 0.023245
0.143508 -0.081317 0.046021 0.097294 0.184415 0.100002 -0.068382 -0.083031 0.000975 0.116531
0.009619 -0.151026 -0.151137 0.204316 0.014138 0.058929 -0.126260 -0.005766 0.280161 -0.048260
-0.019016 -0.075624 -0.188948 0.024945 -0.100445 -0.018187 0.274854 0.069764 -0.134952 0.000724
0.070999 -0.010087 -0.004585 0.009662 0.081071 0.029655 0.172752 0.062544 -0.000644 -0.032577
0.000431 0.063290 0.103949 -0.024412 0.038587 0.032204 0.013522 0.149458 -0.066564 0.081982
-0.100385 0.067144 0.174244 -0.008434 0.129232 -0.104530 -0.017822 0.003883 0.056368 0.011232
-0.016942 -0.012476 -0.039561 -0.060264 0.058316 0.053715 0.062295 0.016527 0.066025 0.164213
-0.128320 -0.069838 -0.010756 0.074688 -0.001452 -0.073237 -0.138931 0.094417 0.056534 -0.041675
-0.162473 0.074812 -0.123098 0.018247 -0.224146 0.015118 -0.007098 0.073154 0.186346 0.082273
0.046338 -0.050856 -0.028326 -0.009276 0.197789 0.045832 -0.031914 0.016351 0.300761 0.075027
0.012253 -0.055591 0.004682 0.035339 0.184959 0.127111 0.043521 0.022032 -0.047871 -0.144074
0.021380 -0.044445 0.326858 0.019858 -0.023609 -0.002331 0.012967 -0.056651 -0.154295 -0.060511
0.111019 -0.081606 0.013837 0.150707 0.020007 -0.253788 0.050018 -0.043086 0.013374 0.064154
-0.095850 0.071874 -0.138529 -0.215078 0.040939 0.080029 0.058065 0.015753 0.045370 -0.044745
0.016215 0.074484 0.124393 0.064643 0.101559 -0.173106 -0.107865 -0.053498 -0.109007 0.036453
-0.006195 -0.016582 0.083835 0.068340 -0.039525 0.192896 -0.095218 0.198960 -0.074037 0.138152
0.144767 0.015544 -0.278340 0.112328 -0.121424 -0.052888 -0.026842 0.187765 -0.147312 -0.068440
0.207864 -0.202522 0.107049 -0.066850 0.155962 -0.038036 0.060617 0.045701 -0.244629 -0.014343
0.030594 0.057881 -0.174026 0.110674 0.093946 0.096872 0.008316 -0.031914 -0.059949 0.281647
-0.070793 -0.024154 0.087013 0.119007 -0.022198 0.175553 0.138916 0.095854 -0.101388 0.075818
0.012220 -0.017205 -0.074419 -0.020179 0.134463 0.105332 -0.066723 -0.043316 0.032169 -0.081416
-0.004321 0.038100 0.056514 0.161686 0.182040 0.071748 0.036160 -0.012061 -0.088603 -0.012149
0.079446 0.056505 0.047653 0.081954 0.058607 0.011950 0.089773 0.087855 0.015223 0.055804
0.042969 -0.024380 0.033139 0.084609 -0.116476 0.080257 0.013167 0.234428 -0.088667 0.212888
0.038137 -0.022738 -0.137204 0.082839 -0.064988 0.045255 0.020507 -0.034596 -0.017861 -0.159482
-0.044481 0.008709 0.061963 0.023199 -0.136983 -0.030004 0.028049 -0.101207 -0.010502 0.088371
-0.069451 -0.041420 -0.018091 -0.024693 0.024306 -0.017612 0.002231 -0.009691 0.099363 -0.067828
0.004799 -0.042969 0.054550 -0.135582 -0.014394 0.037768 -0.082101 -0.068528 0.081290 -0.016090
-0.004859 -0.064103 -0.013333 -0.188250 0.018854 -0.374497 -0.060919 -0.330565 -0.460018 -0.312211
-0.069608 -0.035317 0.082592 -0.194863 -0.021295 -0.235086 -0.006962 -0.053451 -0.159913 -0.143512
-0.062774 -0.508051 0.017378 0.247191 -0.072000 -0.174069 -0.012655 0.015401 0.380745 0.165966
0.206579 0.139802 -0.118324 -0.323731 0.248168 -0.202869 -0.041638 -0.085375 0.269060 -0.038660
-0.085375 -0.266522 0.196230 -0.305182 -0.039124 -0.162842 -0.007481 0.114907 -0.160987 -0.092648
0.092892 0.029532 -0.085668 -0.251292 -0.087913 -0.188615 -0.173776 -0.075270 0.441274 0.040979
-0.036439 -0.161573 -0.265936 0.020734 -0.081519 0.011276 0.004588 0.145464 0.084576 0.037051
-0.032042 -0.008445 -0.034464 -0.043344 -0.025439 -0.034215 0.191590 -0.017698 -0.085280 0.002166
0.008771 -0.009708 0.131314 -0.129244 0.060027 -0.116080 0.028295 0.102418 0.126264 -0.057419
-0.074806 -0.083500 -0.217422 0.003276 0.015027 -0.055101 -0.101839 0.025087 -0.069631 -0.075758
0.083831 -0.005604 0.015638 -0.015907 0.065036 -0.080809 0.021734 -0.106144 -0.096126 0.050464
-0.074061 -0.115003 -0.123449 -0.019871 0.040611 0.001294 -0.060234 0.007648 0.076793 -0.019705
-0.011964 -0.006593 -0.028999 0.038438 -0.112023 0.103743 0.059654 -0.020244 -0.013579 0.062304
0.055929 0.012461 0.147807 -0.137844 -0.085821 -0.017309 0.026279 0.094650 -0.105117 0.288047
0.039821 -0.032033 0.147429 -0.001285 0.078948 -0.195100 -0.063026 0.089920 0.087272 -0.039537
-0.073021 0.142510 -0.083488 0.005427 -0.047766 0.240124 -0.066021 0.032144 -0.029385 0.000700
0.015938 0.009167 -0.030441 0.009104 0.034209 -0.180849 0.288804 -0.066778 -0.048933 0.120629
-0.010909 -0.051203 0.155122 0.174291 0.048460 0.053504 0.043037 -0.016490 -0.041681 -0.039663
-0.150203 0.132547 -0.109216 -0.006385 0.048491 -0.376580 0.048460 -0.096226 0.297128 -0.082416
-0.155122 0.031450 0.135322 0.061797 0.030520 -0.149194 0.195343 0.091003 -0.014648 0.070234
0.054793 0.040063 -0.047551 -0.098437 0.117949 0.053919 0.092315 0.081602 0.044928 0.123961
0.206821 0.095321 -0.009216 -0.066189 0.005121 0.191189 0.058209 0.105050 0.027000 0.000470
0.140577 -0.008021 -0.093190 -0.163314 -0.033095 0.011061 -0.102919 -0.119152 -0.056952 0.081930
0.091441 0.311543 0.131176 -0.034516 -0.036401 0.039599 0.070234 -0.050557 -0.024636 -0.104941
-0.127350 -0.062418 0.090457 0.005107 -0.065697 0.006193 -0.029378 0.002191 -0.024732 -0.043069
-0.274158 0.049519 -0.139156 0.074880 0.053810 0.108275 -0.174792 0.113358 0.069797 0.183646
0.141229 -0.028031 -0.334532 0.162269 0.064347 0.046770 -0.043767 -0.156921 0.454108 -0.027593
-0.108179 0.062418 0.095731 -0.617867 -0.512668 -0.124134 -0.277725 -0.235996 -0.133602 0.239502
-0.195494 -0.113965 0.442887 -0.322259 0.651881 -0.237574 -0.143859 0.056150 0.100289 0.047339
0.286491 -0.261594 -0.049268 0.617867 0.236171 0.101166 -0.351013 -0.217937 -0.145437 -0.146577
0.043657 0.013698 0.661700 -0.005512 -0.325765 0.052906 -0.492330 -0.117998 -0.038419 -0.135531
0.162707 -0.131060 -0.613659 -0.329097 -0.264750 0.147804 0.076444 -0.146402 0.047515 -0.528098
-0.615412 -0.141405 -0.240028 0.267731 -0.121678 -0.036686 -0.222392 -0.015873 0.114416 -0.021169
0.126477 -0.024894 -0.194356 -0.032898 -0.000272 0.131086 0.093642 -0.086191 -0.012021 0.137022
0.036118 0.012952 -0.044327 0.086002 -0.011832 -0.085749 -0.172887 -0.024958 0.021532 -0.001745
0.064122 -0.106271 0.036939 0.009377 -0.017207 0.160259 -0.026126 0.069458 0.235399 0.181475
0.137274 0.016354 -0.053356 -0.052756 0.089664 0.001827 -0.221634 0.147251 0.013734 0.225170
-0.014973 -0.086128 -0.051778 -0.174908 -0.339208 0.037160 -0.087454 -0.202565 -0.080445 0.156596
0.103556 -0.076530 0.026836 0.068511 -0.117005 -0.025068 0.148766 0.144220 -0.338403 0.081484
0.107656 -0.060754 0.042993 0.010711 0.084749 0.012950 -0.058281 -0.005427 0.080742 -0.069016
0.079060 0.026667 -0.025454 -0.103005 -0.092764 -0.047990 -0.148818 0.043067 -0.070600 0.097019
-0.038293 0.109635 -0.023043 -0.046011 -0.115473 0.037477 0.019109 0.029165 -0.052146 0.029709
0.061942 -0.138033 0.057291 -0.201855 -0.409646 0.008336 0.029783 0.001832 -0.054916 0.075695
0.036265 -0.031119 -0.022672 0.060161 0.017947 0.058627 -0.015003 0.022474 0.157328 -0.038887
0.027557 0.143178 0.094545 0.038615 0.001450 -0.043315 0.080396 -0.265577 0.093951 0.069016
-0.237476 -0.045739 0.304003 -0.056963 0.033391 -0.062775 0.020353 -0.052003 0.022294 0.024499
-0.119838 -0.023083 0.060570 -0.182562 -0.042685 0.013452 0.152202 -0.085019 -0.093135 -0.139276
-0.118235 0.118836 -0.087123 0.012193 0.015681 0.175649 0.046868 -0.020804 -0.092033 0.013301
-0.005401 0.087925 0.011191 0.088576 -0.093786 -0.067334 -0.076853 -0.021981 -0.063376 -0.161821
0.028056 0.088426 0.101652 0.003908 -0.193885 0.136170 -0.039178 0.067384 0.058165 0.007784
0.026027 -0.096792 0.028532 0.122643 0.064127 0.045440 0.054959 0.020215 -0.091081 0.288773
0.007603 -0.082664 -0.064979 -0.032114 -0.034594 0.011673 
