-8 -2 7 -31 4 30 -8 -1 16 -18 -3 17 -52 -2 43 -19 -3 23 -16 1
19 -35 4 37 -11 -5 16 -8 -11 -8 -12 -18 -15 -10 -13 -12 6 7 8 8
9 11 7 10 11 2 5 1 5 8 4 0 4 -1 5 -2 -8 31 4 -31
17 -4 -8 17 -2 -15 41 2 -51 22 -5 -19 21 -1 -18 39 6 -38 19 -5
-15 -5 30 -24 -20 86 -58 -15 39 -31 -19 33 -25 -46 98 -61 -19 53 -18 -10
17 1 -29 57 -33 -17 30 -15 -9 -1 14 -1 2 -6 9 0 -26 3 -1 2
0 -3 -9 5 7 -26 8 5 5 2 -1 -8 -8 -9 -33 10 14 8 20 28
19 11 15 10 -15 -18 -12 -21 -27 -19 -10 -12 -7 4 5 6 -1 -3 -1 -3
-3 -4 1 6 13 -13 -28 -5 10 3 17 -6 -10 -1 -15 -36 -13 6 -4 5
13 7 16 -9 -27 -4 -5 -20 1 1 26 10 1 6 4 -7 -29 -12 11 41
22 -4 -4 -5 -9 -39 -17 13 34 21 -4 -1 -2 -9 -27 -15 15 -26 10 56
-90 49 6 -13 -2 26 -48 14 69 -127 48 19 -22 12 15 -18 7 44 -78 29
5 1 -1 -5 -7 -2 2 5 10 12 16 21 -4 -11 -15 -18 -23 -28 -17 -23
-29 14 17 14 12 21 18 3 7 5 -2 -19 -7 -7 -6 -8 7 28 12 -10
-36 -18 -3 -4 -6 13 35 19 -14 -31 -19 -1 2 -2 16 36 22 7 37 17
-9 -50 -18 -12 23 2 15 32 17 -20 -84 -45 12 52 27 3 20 5 -14 -55
-31 8 41 18 -3 -1 2 -2 6 7 3 5 8 -2 -3 -7 -3 13 8 -1
-8 -3 4 11 -2 5 33 13 4 8 -2 10 2 -17 2 0 -4 -14 -2 22
27 7 -20 2 -6 -5 -21 -13 22 19 5 -14 1 -3 -4 -15 -10 11 -9 -33
-19 7 51 21 -3 -9 -4 -10 -38 -21 29 73 43 -15 -43 -23 -20 -39 -26 30
58 40 -8 -22 -10 -2 3 2 3 7 7 0 5 5 12 10 9 16 15 14
13 13 9 -10 -12 -12 -20 -25 -21 -14 -16 -14
